death_date,new_deaths,total_deaths,report_date,newly_reported_deaths
2020-03-19,1,1,2021-07-01,1
2020-03-20,0,1,2021-07-01,0
2020-03-21,0,1,2021-07-01,0
2020-03-22,0,1,2021-07-01,0
2020-03-23,0,1,2021-07-01,0
2020-03-24,1,2,2021-07-01,1
2020-03-25,1,3,2021-07-01,1
2020-03-26,1,4,2021-07-01,1
2020-03-27,5,9,2021-07-01,5
2020-03-28,3,12,2021-07-01,3
2020-03-29,0,12,2021-07-01,0
2020-03-30,5,17,2021-07-01,5
2020-03-31,2,19,2021-07-01,2
2020-04-01,5,24,2021-07-01,5
2020-04-02,3,27,2021-07-01,3
2020-04-03,1,28,2021-07-01,1
2020-04-04,5,33,2021-07-01,5
2020-04-05,5,38,2021-07-01,5
2020-04-06,10,48,2021-07-01,10
2020-04-07,6,54,2021-07-01,6
2020-04-08,7,61,2021-07-01,7
2020-04-09,8,69,2021-07-01,8
2020-04-10,6,75,2021-07-01,6
2020-04-11,4,79,2021-07-01,4
2020-04-12,4,83,2021-07-01,4
2020-04-13,10,93,2021-07-01,10
2020-04-14,6,99,2021-07-01,6
2020-04-15,17,116,2021-07-01,17
2020-04-16,10,126,2021-07-01,10
2020-04-17,17,143,2021-07-01,17
2020-04-18,17,160,2021-07-01,17
2020-04-19,16,176,2021-07-01,16
2020-04-20,21,197,2021-07-01,21
2020-04-21,26,223,2021-07-01,26
2020-04-22,21,244,2021-07-01,21
2020-04-23,19,263,2021-07-01,19
2020-04-24,23,286,2021-07-01,23
2020-04-25,18,304,2021-07-01,18
2020-04-26,17,321,2021-07-01,17
2020-04-27,21,342,2021-07-01,21
2020-04-28,16,358,2021-07-01,16
2020-04-29,29,387,2021-07-01,29
2020-04-30,18,405,2021-07-01,18
2020-05-01,30,435,2021-07-01,30
2020-05-02,19,454,2021-07-01,19
2020-05-03,29,483,2021-07-01,29
2020-05-04,23,506,2021-07-01,23
2020-05-05,19,525,2021-07-01,19
2020-05-06,25,550,2021-07-01,25
2020-05-07,30,580,2021-07-01,30
2020-05-08,20,600,2021-07-01,20
2020-05-09,26,626,2021-07-01,26
2020-05-10,19,645,2021-07-01,19
2020-05-11,25,670,2021-07-01,25
2020-05-12,20,690,2021-07-01,20
2020-05-13,22,712,2021-07-01,22
2020-05-14,20,732,2021-07-01,20
2020-05-15,20,752,2021-07-01,20
2020-05-16,20,772,2021-07-01,20
2020-05-17,23,795,2021-07-01,23
2020-05-18,18,813,2021-07-01,18
2020-05-19,35,848,2021-07-01,35
2020-05-20,24,872,2021-07-01,24
2020-05-21,17,889,2021-07-01,17
2020-05-22,20,909,2021-07-01,20
2020-05-23,26,935,2021-07-01,26
2020-05-24,25,960,2021-07-01,25
2020-05-25,30,990,2021-07-01,30
2020-05-26,29,1019,2021-07-01,29
2020-05-27,25,1044,2021-07-01,25
2020-05-28,21,1065,2021-07-01,21
2020-05-29,17,1082,2021-07-01,17
2020-05-30,11,1093,2021-07-01,11
2020-05-31,20,1113,2021-07-01,20
2020-06-01,23,1136,2021-07-01,23
2020-06-02,21,1157,2021-07-01,21
2020-06-03,25,1182,2021-07-01,25
2020-06-04,26,1208,2021-07-01,26
2020-06-05,18,1226,2021-07-01,18
2020-06-06,12,1238,2021-07-01,12
2020-06-07,22,1260,2021-07-01,22
2020-06-08,12,1272,2021-07-01,12
2020-06-09,13,1285,2021-07-01,13
2020-06-10,10,1295,2021-07-01,10
2020-06-11,12,1307,2021-07-01,12
2020-06-12,11,1318,2021-07-01,11
2020-06-13,13,1331,2021-07-01,13
2020-06-14,11,1342,2021-07-01,11
2020-06-15,8,1350,2021-07-01,8
2020-06-16,8,1358,2021-07-01,8
2020-06-17,17,1375,2021-07-01,17
2020-06-18,9,1384,2021-07-01,9
2020-06-19,8,1392,2021-07-01,8
2020-06-20,12,1404,2021-07-01,12
2020-06-21,11,1415,2021-07-01,11
2020-06-22,6,1421,2021-07-01,6
2020-06-23,10,1431,2021-07-01,10
2020-06-24,1,1432,2021-07-01,1
2020-06-25,9,1441,2021-07-01,9
2020-06-26,6,1447,2021-07-01,6
2020-06-27,5,1452,2021-07-01,5
2020-06-28,11,1463,2021-07-01,11
2020-06-29,7,1470,2021-07-01,7
2020-06-30,9,1479,2021-07-01,9
2020-07-01,2,1481,2021-07-01,2
2020-07-02,3,1484,2021-07-01,3
2020-07-03,5,1489,2021-07-01,5
2020-07-04,4,1493,2021-07-01,4
2020-07-05,6,1499,2021-07-01,6
2020-07-06,4,1503,2021-07-01,4
2020-07-07,2,1505,2021-07-01,2
2020-07-08,9,1514,2021-07-01,9
2020-07-09,4,1518,2021-07-01,4
2020-07-10,3,1521,2021-07-01,3
2020-07-11,4,1525,2021-07-01,4
2020-07-12,6,1531,2021-07-01,6
2020-07-13,2,1533,2021-07-01,2
2020-07-14,6,1539,2021-07-01,6
2020-07-15,7,1546,2021-07-01,7
2020-07-16,3,1549,2021-07-01,3
2020-07-17,7,1556,2021-07-01,7
2020-07-18,6,1562,2021-07-01,6
2020-07-19,5,1567,2021-07-01,5
2020-07-20,3,1570,2021-07-01,3
2020-07-21,6,1576,2021-07-01,6
2020-07-22,5,1581,2021-07-01,5
2020-07-23,8,1589,2021-07-01,8
2020-07-24,6,1595,2021-07-01,6
2020-07-25,2,1597,2021-07-01,2
2020-07-26,5,1602,2021-07-01,5
2020-07-27,5,1607,2021-07-01,5
2020-07-28,7,1614,2021-07-01,7
2020-07-29,3,1617,2021-07-01,3
2020-07-30,6,1623,2021-07-01,6
2020-07-31,9,1632,2021-07-01,9
2020-08-01,4,1636,2021-07-01,4
2020-08-02,7,1643,2021-07-01,7
2020-08-03,4,1647,2021-07-01,4
2020-08-04,7,1654,2021-07-01,7
2020-08-05,8,1662,2021-07-01,8
2020-08-06,9,1671,2021-07-01,9
2020-08-07,7,1678,2021-07-01,7
2020-08-08,6,1684,2021-07-01,6
2020-08-09,10,1694,2021-07-01,10
2020-08-10,3,1697,2021-07-01,3
2020-08-11,9,1706,2021-07-01,9
2020-08-12,7,1713,2021-07-01,7
2020-08-13,5,1718,2021-07-01,5
2020-08-14,9,1727,2021-07-01,9
2020-08-15,13,1740,2021-07-01,13
2020-08-16,13,1753,2021-07-01,13
2020-08-17,6,1759,2021-07-01,6
2020-08-18,11,1770,2021-07-01,11
2020-08-19,3,1773,2021-07-01,3
2020-08-20,10,1783,2021-07-01,10
2020-08-21,12,1795,2021-07-01,12
2020-08-22,9,1804,2021-07-01,9
2020-08-23,7,1811,2021-07-01,7
2020-08-24,9,1820,2021-07-01,9
2020-08-25,4,1824,2021-07-01,4
2020-08-26,3,1827,2021-07-01,3
2020-08-27,7,1834,2021-07-01,7
2020-08-28,6,1840,2021-07-01,6
2020-08-29,3,1843,2021-07-01,3
2020-08-30,5,1848,2021-07-01,5
2020-08-31,9,1857,2021-07-01,9
2020-09-01,2,1859,2021-07-01,2
2020-09-02,7,1866,2021-07-01,7
2020-09-03,12,1878,2021-07-01,12
2020-09-04,4,1882,2021-07-01,4
2020-09-05,6,1888,2021-07-01,6
2020-09-06,12,1900,2021-07-01,12
2020-09-07,3,1903,2021-07-01,3
2020-09-08,6,1909,2021-07-01,6
2020-09-09,10,1919,2021-07-01,10
2020-09-10,9,1928,2021-07-01,9
2020-09-11,11,1939,2021-07-01,11
2020-09-12,8,1947,2021-07-01,8
2020-09-13,8,1955,2021-07-01,8
2020-09-14,2,1957,2021-07-01,2
2020-09-15,6,1963,2021-07-01,6
2020-09-16,9,1972,2021-07-01,9
2020-09-17,5,1977,2021-07-01,5
2020-09-18,6,1983,2021-07-01,6
2020-09-19,4,1987,2021-07-01,4
2020-09-20,9,1996,2021-07-01,9
2020-09-21,7,2003,2021-07-01,7
2020-09-22,8,2011,2021-07-01,8
2020-09-23,9,2020,2021-07-01,9
2020-09-24,7,2027,2021-07-01,7
2020-09-25,11,2038,2021-07-01,11
2020-09-26,9,2047,2021-07-01,9
2020-09-27,14,2061,2021-07-01,14
2020-09-28,11,2072,2021-07-01,11
2020-09-29,5,2077,2021-07-01,5
2020-09-30,16,2093,2021-07-01,16
2020-10-01,7,2100,2021-07-01,7
2020-10-02,13,2113,2021-07-01,13
2020-10-03,9,2122,2021-07-01,9
2020-10-04,7,2129,2021-07-01,7
2020-10-05,10,2139,2021-07-01,10
2020-10-06,12,2151,2021-07-01,12
2020-10-07,19,2170,2021-07-01,19
2020-10-08,9,2179,2021-07-01,9
2020-10-09,17,2196,2021-07-01,17
2020-10-10,16,2212,2021-07-01,16
2020-10-11,16,2228,2021-07-01,16
2020-10-12,20,2248,2021-07-01,20
2020-10-13,14,2262,2021-07-01,14
2020-10-14,10,2272,2021-07-01,10
2020-10-15,9,2281,2021-07-01,9
2020-10-16,12,2293,2021-07-01,12
2020-10-17,18,2311,2021-07-01,18
2020-10-18,25,2336,2021-07-01,25
2020-10-19,18,2354,2021-07-01,18
2020-10-20,15,2369,2021-07-01,15
2020-10-21,24,2393,2021-07-01,24
2020-10-22,18,2411,2021-07-01,18
2020-10-23,19,2430,2021-07-01,19
2020-10-24,8,2438,2021-07-01,8
2020-10-25,17,2455,2021-07-01,17
2020-10-26,25,2480,2021-07-01,25
2020-10-27,23,2503,2021-07-01,23
2020-10-28,29,2532,2021-07-01,29
2020-10-29,18,2550,2021-07-01,18
2020-10-30,27,2577,2021-07-01,27
2020-10-31,25,2602,2021-07-01,25
2020-11-01,21,2623,2021-07-01,21
2020-11-02,25,2648,2021-07-01,25
2020-11-03,25,2673,2021-07-01,25
2020-11-04,33,2706,2021-07-01,33
2020-11-05,37,2743,2021-07-01,37
2020-11-06,39,2782,2021-07-01,39
2020-11-07,42,2824,2021-07-01,42
2020-11-08,47,2871,2021-07-01,47
2020-11-09,36,2907,2021-07-01,36
2020-11-10,35,2942,2021-07-01,35
2020-11-11,43,2985,2021-07-01,43
2020-11-12,45,3030,2021-07-01,45
2020-11-13,40,3070,2021-07-01,40
2020-11-14,47,3117,2021-07-01,47
2020-11-15,46,3163,2021-07-01,46
2020-11-16,62,3225,2021-07-01,62
2020-11-17,56,3281,2021-07-01,56
2020-11-18,61,3342,2021-07-01,61
2020-11-19,60,3402,2021-07-01,60
2020-11-20,63,3465,2021-07-01,63
2020-11-21,58,3523,2021-07-01,58
2020-11-22,67,3590,2021-07-01,67
2020-11-23,59,3649,2021-07-01,59
2020-11-24,68,3717,2021-07-01,68
2020-11-25,72,3789,2021-07-01,72
2020-11-26,54,3843,2021-07-01,54
2020-11-27,69,3912,2021-07-01,69
2020-11-28,60,3972,2021-07-01,60
2020-11-29,68,4040,2021-07-01,68
2020-11-30,60,4100,2021-07-01,60
2020-12-01,63,4163,2021-07-01,63
2020-12-02,73,4236,2021-07-01,73
2020-12-03,86,4322,2021-07-01,86
2020-12-04,67,4389,2021-07-01,67
2020-12-05,74,4463,2021-07-01,74
2020-12-06,80,4543,2021-07-01,80
2020-12-07,75,4618,2021-07-01,75
2020-12-08,61,4679,2021-07-01,61
2020-12-09,71,4750,2021-07-01,71
2020-12-10,71,4821,2021-07-01,71
2020-12-11,70,4891,2021-07-01,70
2020-12-12,71,4962,2021-07-01,71
2020-12-13,55,5017,2021-07-01,55
2020-12-14,43,5060,2021-07-01,43
2020-12-15,65,5125,2021-07-01,65
2020-12-16,70,5195,2021-07-01,70
2020-12-17,60,5255,2021-07-01,60
2020-12-18,59,5314,2021-07-01,59
2020-12-19,56,5370,2021-07-01,56
2020-12-20,59,5429,2021-07-01,59
2020-12-21,58,5487,2021-07-01,58
2020-12-22,33,5520,2021-07-01,33
2020-12-23,44,5564,2021-07-01,44
2020-12-24,50,5614,2021-07-01,50
2020-12-25,36,5650,2021-07-01,36
2020-12-26,43,5693,2021-07-01,43
2020-12-27,41,5734,2021-07-01,41
2020-12-28,33,5767,2021-07-01,33
2020-12-29,36,5803,2021-07-01,36
2020-12-30,47,5850,2021-07-01,47
2020-12-31,36,5886,2021-07-01,36
2021-01-01,28,5914,2021-07-01,28
2021-01-02,46,5960,2021-07-01,46
2021-01-03,35,5995,2021-07-01,35
2021-01-04,31,6026,2021-07-01,31
2021-01-05,40,6066,2021-07-01,40
2021-01-06,32,6098,2021-07-01,32
2021-01-07,37,6135,2021-07-01,37
2021-01-08,32,6167,2021-07-01,32
2021-01-09,25,6192,2021-07-01,25
2021-01-10,29,6221,2021-07-01,29
2021-01-11,26,6247,2021-07-01,26
2021-01-12,32,6279,2021-07-01,32
2021-01-13,23,6302,2021-07-01,23
2021-01-14,41,6343,2021-07-01,41
2021-01-15,26,6369,2021-07-01,26
2021-01-16,28,6397,2021-07-01,28
2021-01-17,21,6418,2021-07-01,21
2021-01-18,19,6437,2021-07-01,19
2021-01-19,14,6451,2021-07-01,14
2021-01-20,26,6477,2021-07-01,26
2021-01-21,15,6492,2021-07-01,15
2021-01-22,13,6505,2021-07-01,13
2021-01-23,17,6522,2021-07-01,17
2021-01-24,24,6546,2021-07-01,24
2021-01-25,17,6563,2021-07-01,17
2021-01-26,21,6584,2021-07-01,21
2021-01-27,11,6595,2021-07-01,11
2021-01-28,12,6607,2021-07-01,12
2021-01-29,14,6621,2021-07-01,14
2021-01-30,12,6633,2021-07-01,12
2021-01-31,15,6648,2021-07-01,15
2021-02-01,16,6664,2021-07-01,16
2021-02-02,10,6674,2021-07-01,10
2021-02-03,10,6684,2021-07-01,10
2021-02-04,11,6695,2021-07-01,11
2021-02-05,9,6704,2021-07-01,9
2021-02-06,10,6714,2021-07-01,10
2021-02-07,18,6732,2021-07-01,18
2021-02-08,10,6742,2021-07-01,10
2021-02-09,14,6756,2021-07-01,14
2021-02-10,11,6767,2021-07-01,11
2021-02-11,7,6774,2021-07-01,7
2021-02-12,11,6785,2021-07-01,11
2021-02-13,7,6792,2021-07-01,7
2021-02-14,9,6801,2021-07-01,9
2021-02-15,6,6807,2021-07-01,6
2021-02-16,10,6817,2021-07-01,10
2021-02-17,8,6825,2021-07-01,8
2021-02-18,6,6831,2021-07-01,6
2021-02-19,6,6837,2021-07-01,6
2021-02-20,6,6843,2021-07-01,6
2021-02-21,3,6846,2021-07-01,3
2021-02-22,5,6851,2021-07-01,5
2021-02-23,8,6859,2021-07-01,8
2021-02-24,4,6863,2021-07-01,4
2021-02-25,5,6868,2021-07-01,5
2021-02-26,5,6873,2021-07-01,5
2021-02-27,5,6878,2021-07-01,5
2021-02-28,8,6886,2021-07-01,8
2021-03-01,7,6893,2021-07-01,7
2021-03-02,1,6894,2021-07-01,1
2021-03-03,9,6903,2021-07-01,9
2021-03-04,6,6909,2021-07-01,6
2021-03-05,10,6919,2021-07-01,10
2021-03-06,5,6924,2021-07-01,5
2021-03-07,9,6933,2021-07-01,9
2021-03-08,5,6938,2021-07-01,5
2021-03-09,7,6945,2021-07-01,7
2021-03-10,2,6947,2021-07-01,2
2021-03-11,3,6950,2021-07-01,3
2021-03-12,10,6960,2021-07-01,10
2021-03-13,5,6965,2021-07-01,5
2021-03-14,4,6969,2021-07-01,4
2021-03-15,2,6971,2021-07-01,2
2021-03-16,4,6975,2021-07-01,4
2021-03-17,4,6979,2021-07-01,4
2021-03-18,5,6984,2021-07-01,5
2021-03-19,5,6989,2021-07-01,5
2021-03-20,9,6998,2021-07-01,9
2021-03-21,5,7003,2021-07-01,5
2021-03-22,4,7007,2021-07-01,4
2021-03-23,5,7012,2021-07-01,5
2021-03-24,0,7012,2021-07-01,0
2021-03-25,5,7017,2021-07-01,5
2021-03-26,3,7020,2021-07-01,3
2021-03-27,7,7027,2021-07-01,7
2021-03-28,6,7033,2021-07-01,6
2021-03-29,5,7038,2021-07-01,5
2021-03-30,6,7044,2021-07-01,6
2021-03-31,8,7052,2021-07-01,8
2021-04-01,5,7057,2021-07-01,5
2021-04-02,9,7066,2021-07-01,9
2021-04-03,8,7074,2021-07-01,8
2021-04-04,6,7080,2021-07-01,6
2021-04-05,8,7088,2021-07-01,8
2021-04-06,6,7094,2021-07-01,6
2021-04-07,6,7100,2021-07-01,6
2021-04-08,10,7110,2021-07-01,10
2021-04-09,6,7116,2021-07-01,6
2021-04-10,7,7123,2021-07-01,7
2021-04-11,8,7131,2021-07-01,8
2021-04-12,9,7140,2021-07-01,9
2021-04-13,6,7146,2021-07-01,6
2021-04-14,8,7154,2021-07-01,8
2021-04-15,14,7168,2021-07-01,14
2021-04-16,8,7176,2021-07-01,8
2021-04-17,7,7183,2021-07-01,7
2021-04-18,8,7191,2021-07-01,8
2021-04-19,9,7200,2021-07-01,9
2021-04-20,5,7205,2021-07-01,5
2021-04-21,8,7213,2021-07-01,8
2021-04-22,1,7214,2021-07-01,1
2021-04-23,15,7229,2021-07-01,15
2021-04-24,11,7240,2021-07-01,11
2021-04-25,15,7255,2021-07-01,15
2021-04-26,14,7269,2021-07-01,14
2021-04-27,7,7276,2021-07-01,7
2021-04-28,14,7290,2021-07-01,14
2021-04-29,8,7298,2021-07-01,8
2021-04-30,11,7309,2021-07-01,11
2021-05-01,7,7316,2021-07-01,7
2021-05-02,8,7324,2021-07-01,8
2021-05-03,5,7329,2021-07-01,5
2021-05-04,12,7341,2021-07-01,12
2021-05-05,8,7349,2021-07-01,8
2021-05-06,5,7354,2021-07-01,5
2021-05-07,8,7362,2021-07-01,8
2021-05-08,7,7369,2021-07-01,7
2021-05-09,9,7378,2021-07-01,9
2021-05-10,8,7386,2021-07-01,8
2021-05-11,6,7392,2021-07-01,6
2021-05-12,9,7401,2021-07-01,9
2021-05-13,9,7410,2021-07-01,9
2021-05-14,11,7421,2021-07-01,11
2021-05-15,9,7430,2021-07-01,9
2021-05-16,5,7435,2021-07-01,5
2021-05-17,5,7440,2021-07-01,5
2021-05-18,7,7447,2021-07-01,7
2021-05-19,2,7449,2021-07-01,2
2021-05-20,5,7454,2021-07-01,5
2021-05-21,7,7461,2021-07-01,7
2021-05-22,9,7470,2021-07-01,9
2021-05-23,5,7475,2021-07-01,5
2021-05-24,4,7479,2021-07-01,4
2021-05-25,5,7484,2021-07-01,5
2021-05-26,3,7487,2021-07-01,3
2021-05-27,7,7494,2021-07-01,7
2021-05-28,2,7496,2021-07-01,2
2021-05-29,6,7502,2021-07-01,6
2021-05-30,3,7505,2021-07-01,3
2021-05-31,3,7508,2021-07-01,3
2021-06-01,5,7513,2021-07-01,5
2021-06-02,7,7520,2021-07-01,7
2021-06-03,4,7524,2021-07-01,4
2021-06-04,4,7528,2021-07-01,4
2021-06-05,0,7528,2021-07-01,0
2021-06-06,5,7533,2021-07-01,5
2021-06-07,3,7536,2021-07-01,3
2021-06-08,5,7541,2021-07-01,5
2021-06-09,4,7545,2021-07-01,4
2021-06-10,6,7551,2021-07-01,6
2021-06-11,6,7557,2021-07-01,6
2021-06-12,4,7561,2021-07-01,4
2021-06-13,3,7564,2021-07-01,3
2021-06-14,3,7567,2021-07-01,3
2021-06-15,2,7569,2021-07-01,2
2021-06-16,2,7571,2021-07-01,2
2021-06-17,4,7575,2021-07-01,4
2021-06-18,1,7576,2021-07-01,1
2021-06-19,6,7582,2021-07-01,6
2021-06-20,0,7582,2021-07-01,0
2021-06-21,5,7587,2021-07-01,5
2021-06-22,3,7590,2021-07-01,3
2021-06-23,4,7594,2021-07-01,4
2021-06-24,1,7595,2021-07-01,1
2021-06-25,2,7597,2021-07-01,2
2021-06-26,1,7598,2021-07-01,1
2021-06-27,1,7599,2021-07-01,1
2020-03-19,1,1,2021-07-02,0
2020-03-20,0,1,2021-07-02,0
2020-03-21,0,1,2021-07-02,0
2020-03-22,0,1,2021-07-02,0
2020-03-23,0,1,2021-07-02,0
2020-03-24,1,2,2021-07-02,0
2020-03-25,1,3,2021-07-02,0
2020-03-26,1,4,2021-07-02,0
2020-03-27,5,9,2021-07-02,0
2020-03-28,3,12,2021-07-02,0
2020-03-29,0,12,2021-07-02,0
2020-03-30,5,17,2021-07-02,0
2020-03-31,2,19,2021-07-02,0
2020-04-01,5,24,2021-07-02,0
2020-04-02,3,27,2021-07-02,0
2020-04-03,1,28,2021-07-02,0
2020-04-04,5,33,2021-07-02,0
2020-04-05,5,38,2021-07-02,0
2020-04-06,10,48,2021-07-02,0
2020-04-07,6,54,2021-07-02,0
2020-04-08,7,61,2021-07-02,0
2020-04-09,8,69,2021-07-02,0
2020-04-10,6,75,2021-07-02,0
2020-04-11,4,79,2021-07-02,0
2020-04-12,4,83,2021-07-02,0
2020-04-13,10,93,2021-07-02,0
2020-04-14,6,99,2021-07-02,0
2020-04-15,17,116,2021-07-02,0
2020-04-16,10,126,2021-07-02,0
2020-04-17,17,143,2021-07-02,0
2020-04-18,17,160,2021-07-02,0
2020-04-19,16,176,2021-07-02,0
2020-04-20,21,197,2021-07-02,0
2020-04-21,26,223,2021-07-02,0
2020-04-22,21,244,2021-07-02,0
2020-04-23,19,263,2021-07-02,0
2020-04-24,23,286,2021-07-02,0
2020-04-25,18,304,2021-07-02,0
2020-04-26,17,321,2021-07-02,0
2020-04-27,21,342,2021-07-02,0
2020-04-28,16,358,2021-07-02,0
2020-04-29,29,387,2021-07-02,0
2020-04-30,18,405,2021-07-02,0
2020-05-01,30,435,2021-07-02,0
2020-05-02,19,454,2021-07-02,0
2020-05-03,29,483,2021-07-02,0
2020-05-04,23,506,2021-07-02,0
2020-05-05,19,525,2021-07-02,0
2020-05-06,25,550,2021-07-02,0
2020-05-07,30,580,2021-07-02,0
2020-05-08,20,600,2021-07-02,0
2020-05-09,26,626,2021-07-02,0
2020-05-10,19,645,2021-07-02,0
2020-05-11,25,670,2021-07-02,0
2020-05-12,20,690,2021-07-02,0
2020-05-13,22,712,2021-07-02,0
2020-05-14,20,732,2021-07-02,0
2020-05-15,20,752,2021-07-02,0
2020-05-16,20,772,2021-07-02,0
2020-05-17,23,795,2021-07-02,0
2020-05-18,18,813,2021-07-02,0
2020-05-19,35,848,2021-07-02,0
2020-05-20,24,872,2021-07-02,0
2020-05-21,17,889,2021-07-02,0
2020-05-22,20,909,2021-07-02,0
2020-05-23,26,935,2021-07-02,0
2020-05-24,25,960,2021-07-02,0
2020-05-25,30,990,2021-07-02,0
2020-05-26,29,1019,2021-07-02,0
2020-05-27,25,1044,2021-07-02,0
2020-05-28,21,1065,2021-07-02,0
2020-05-29,17,1082,2021-07-02,0
2020-05-30,11,1093,2021-07-02,0
2020-05-31,20,1113,2021-07-02,0
2020-06-01,23,1136,2021-07-02,0
2020-06-02,21,1157,2021-07-02,0
2020-06-03,25,1182,2021-07-02,0
2020-06-04,26,1208,2021-07-02,0
2020-06-05,18,1226,2021-07-02,0
2020-06-06,12,1238,2021-07-02,0
2020-06-07,22,1260,2021-07-02,0
2020-06-08,12,1272,2021-07-02,0
2020-06-09,13,1285,2021-07-02,0
2020-06-10,10,1295,2021-07-02,0
2020-06-11,12,1307,2021-07-02,0
2020-06-12,11,1318,2021-07-02,0
2020-06-13,13,1331,2021-07-02,0
2020-06-14,11,1342,2021-07-02,0
2020-06-15,8,1350,2021-07-02,0
2020-06-16,8,1358,2021-07-02,0
2020-06-17,17,1375,2021-07-02,0
2020-06-18,9,1384,2021-07-02,0
2020-06-19,8,1392,2021-07-02,0
2020-06-20,12,1404,2021-07-02,0
2020-06-21,11,1415,2021-07-02,0
2020-06-22,6,1421,2021-07-02,0
2020-06-23,10,1431,2021-07-02,0
2020-06-24,1,1432,2021-07-02,0
2020-06-25,9,1441,2021-07-02,0
2020-06-26,6,1447,2021-07-02,0
2020-06-27,5,1452,2021-07-02,0
2020-06-28,11,1463,2021-07-02,0
2020-06-29,7,1470,2021-07-02,0
2020-06-30,9,1479,2021-07-02,0
2020-07-01,2,1481,2021-07-02,0
2020-07-02,3,1484,2021-07-02,0
2020-07-03,5,1489,2021-07-02,0
2020-07-04,4,1493,2021-07-02,0
2020-07-05,6,1499,2021-07-02,0
2020-07-06,4,1503,2021-07-02,0
2020-07-07,2,1505,2021-07-02,0
2020-07-08,9,1514,2021-07-02,0
2020-07-09,4,1518,2021-07-02,0
2020-07-10,3,1521,2021-07-02,0
2020-07-11,4,1525,2021-07-02,0
2020-07-12,6,1531,2021-07-02,0
2020-07-13,2,1533,2021-07-02,0
2020-07-14,6,1539,2021-07-02,0
2020-07-15,7,1546,2021-07-02,0
2020-07-16,3,1549,2021-07-02,0
2020-07-17,7,1556,2021-07-02,0
2020-07-18,6,1562,2021-07-02,0
2020-07-19,5,1567,2021-07-02,0
2020-07-20,3,1570,2021-07-02,0
2020-07-21,6,1576,2021-07-02,0
2020-07-22,5,1581,2021-07-02,0
2020-07-23,8,1589,2021-07-02,0
2020-07-24,6,1595,2021-07-02,0
2020-07-25,2,1597,2021-07-02,0
2020-07-26,5,1602,2021-07-02,0
2020-07-27,5,1607,2021-07-02,0
2020-07-28,7,1614,2021-07-02,0
2020-07-29,3,1617,2021-07-02,0
2020-07-30,6,1623,2021-07-02,0
2020-07-31,9,1632,2021-07-02,0
2020-08-01,4,1636,2021-07-02,0
2020-08-02,7,1643,2021-07-02,0
2020-08-03,4,1647,2021-07-02,0
2020-08-04,7,1654,2021-07-02,0
2020-08-05,8,1662,2021-07-02,0
2020-08-06,9,1671,2021-07-02,0
2020-08-07,7,1678,2021-07-02,0
2020-08-08,6,1684,2021-07-02,0
2020-08-09,10,1694,2021-07-02,0
2020-08-10,3,1697,2021-07-02,0
2020-08-11,9,1706,2021-07-02,0
2020-08-12,7,1713,2021-07-02,0
2020-08-13,5,1718,2021-07-02,0
2020-08-14,9,1727,2021-07-02,0
2020-08-15,13,1740,2021-07-02,0
2020-08-16,13,1753,2021-07-02,0
2020-08-17,6,1759,2021-07-02,0
2020-08-18,11,1770,2021-07-02,0
2020-08-19,3,1773,2021-07-02,0
2020-08-20,10,1783,2021-07-02,0
2020-08-21,12,1795,2021-07-02,0
2020-08-22,9,1804,2021-07-02,0
2020-08-23,7,1811,2021-07-02,0
2020-08-24,9,1820,2021-07-02,0
2020-08-25,4,1824,2021-07-02,0
2020-08-26,3,1827,2021-07-02,0
2020-08-27,7,1834,2021-07-02,0
2020-08-28,6,1840,2021-07-02,0
2020-08-29,3,1843,2021-07-02,0
2020-08-30,5,1848,2021-07-02,0
2020-08-31,9,1857,2021-07-02,0
2020-09-01,2,1859,2021-07-02,0
2020-09-02,7,1866,2021-07-02,0
2020-09-03,12,1878,2021-07-02,0
2020-09-04,4,1882,2021-07-02,0
2020-09-05,6,1888,2021-07-02,0
2020-09-06,12,1900,2021-07-02,0
2020-09-07,3,1903,2021-07-02,0
2020-09-08,6,1909,2021-07-02,0
2020-09-09,10,1919,2021-07-02,0
2020-09-10,9,1928,2021-07-02,0
2020-09-11,11,1939,2021-07-02,0
2020-09-12,8,1947,2021-07-02,0
2020-09-13,8,1955,2021-07-02,0
2020-09-14,2,1957,2021-07-02,0
2020-09-15,6,1963,2021-07-02,0
2020-09-16,9,1972,2021-07-02,0
2020-09-17,5,1977,2021-07-02,0
2020-09-18,6,1983,2021-07-02,0
2020-09-19,4,1987,2021-07-02,0
2020-09-20,9,1996,2021-07-02,0
2020-09-21,7,2003,2021-07-02,0
2020-09-22,8,2011,2021-07-02,0
2020-09-23,9,2020,2021-07-02,0
2020-09-24,7,2027,2021-07-02,0
2020-09-25,11,2038,2021-07-02,0
2020-09-26,9,2047,2021-07-02,0
2020-09-27,14,2061,2021-07-02,0
2020-09-28,11,2072,2021-07-02,0
2020-09-29,5,2077,2021-07-02,0
2020-09-30,16,2093,2021-07-02,0
2020-10-01,7,2100,2021-07-02,0
2020-10-02,13,2113,2021-07-02,0
2020-10-03,9,2122,2021-07-02,0
2020-10-04,7,2129,2021-07-02,0
2020-10-05,10,2139,2021-07-02,0
2020-10-06,12,2151,2021-07-02,0
2020-10-07,19,2170,2021-07-02,0
2020-10-08,9,2179,2021-07-02,0
2020-10-09,17,2196,2021-07-02,0
2020-10-10,16,2212,2021-07-02,0
2020-10-11,16,2228,2021-07-02,0
2020-10-12,20,2248,2021-07-02,0
2020-10-13,14,2262,2021-07-02,0
2020-10-14,10,2272,2021-07-02,0
2020-10-15,9,2281,2021-07-02,0
2020-10-16,12,2293,2021-07-02,0
2020-10-17,18,2311,2021-07-02,0
2020-10-18,25,2336,2021-07-02,0
2020-10-19,18,2354,2021-07-02,0
2020-10-20,15,2369,2021-07-02,0
2020-10-21,24,2393,2021-07-02,0
2020-10-22,18,2411,2021-07-02,0
2020-10-23,19,2430,2021-07-02,0
2020-10-24,8,2438,2021-07-02,0
2020-10-25,17,2455,2021-07-02,0
2020-10-26,25,2480,2021-07-02,0
2020-10-27,23,2503,2021-07-02,0
2020-10-28,29,2532,2021-07-02,0
2020-10-29,18,2550,2021-07-02,0
2020-10-30,27,2577,2021-07-02,0
2020-10-31,25,2602,2021-07-02,0
2020-11-01,21,2623,2021-07-02,0
2020-11-02,25,2648,2021-07-02,0
2020-11-03,25,2673,2021-07-02,0
2020-11-04,33,2706,2021-07-02,0
2020-11-05,37,2743,2021-07-02,0
2020-11-06,39,2782,2021-07-02,0
2020-11-07,42,2824,2021-07-02,0
2020-11-08,47,2871,2021-07-02,0
2020-11-09,36,2907,2021-07-02,0
2020-11-10,35,2942,2021-07-02,0
2020-11-11,43,2985,2021-07-02,0
2020-11-12,45,3030,2021-07-02,0
2020-11-13,40,3070,2021-07-02,0
2020-11-14,47,3117,2021-07-02,0
2020-11-15,46,3163,2021-07-02,0
2020-11-16,62,3225,2021-07-02,0
2020-11-17,56,3281,2021-07-02,0
2020-11-18,61,3342,2021-07-02,0
2020-11-19,60,3402,2021-07-02,0
2020-11-20,63,3465,2021-07-02,0
2020-11-21,58,3523,2021-07-02,0
2020-11-22,67,3590,2021-07-02,0
2020-11-23,59,3649,2021-07-02,0
2020-11-24,68,3717,2021-07-02,0
2020-11-25,72,3789,2021-07-02,0
2020-11-26,54,3843,2021-07-02,0
2020-11-27,69,3912,2021-07-02,0
2020-11-28,60,3972,2021-07-02,0
2020-11-29,68,4040,2021-07-02,0
2020-11-30,60,4100,2021-07-02,0
2020-12-01,63,4163,2021-07-02,0
2020-12-02,73,4236,2021-07-02,0
2020-12-03,86,4322,2021-07-02,0
2020-12-04,67,4389,2021-07-02,0
2020-12-05,74,4463,2021-07-02,0
2020-12-06,80,4543,2021-07-02,0
2020-12-07,75,4618,2021-07-02,0
2020-12-08,61,4679,2021-07-02,0
2020-12-09,71,4750,2021-07-02,0
2020-12-10,71,4821,2021-07-02,0
2020-12-11,70,4891,2021-07-02,0
2020-12-12,71,4962,2021-07-02,0
2020-12-13,55,5017,2021-07-02,0
2020-12-14,43,5060,2021-07-02,0
2020-12-15,65,5125,2021-07-02,0
2020-12-16,70,5195,2021-07-02,0
2020-12-17,60,5255,2021-07-02,0
2020-12-18,59,5314,2021-07-02,0
2020-12-19,56,5370,2021-07-02,0
2020-12-20,59,5429,2021-07-02,0
2020-12-21,58,5487,2021-07-02,0
2020-12-22,33,5520,2021-07-02,0
2020-12-23,44,5564,2021-07-02,0
2020-12-24,50,5614,2021-07-02,0
2020-12-25,36,5650,2021-07-02,0
2020-12-26,43,5693,2021-07-02,0
2020-12-27,41,5734,2021-07-02,0
2020-12-28,33,5767,2021-07-02,0
2020-12-29,36,5803,2021-07-02,0
2020-12-30,47,5850,2021-07-02,0
2020-12-31,36,5886,2021-07-02,0
2021-01-01,28,5914,2021-07-02,0
2021-01-02,46,5960,2021-07-02,0
2021-01-03,35,5995,2021-07-02,0
2021-01-04,31,6026,2021-07-02,0
2021-01-05,40,6066,2021-07-02,0
2021-01-06,32,6098,2021-07-02,0
2021-01-07,37,6135,2021-07-02,0
2021-01-08,32,6167,2021-07-02,0
2021-01-09,25,6192,2021-07-02,0
2021-01-10,29,6221,2021-07-02,0
2021-01-11,26,6247,2021-07-02,0
2021-01-12,32,6279,2021-07-02,0
2021-01-13,23,6302,2021-07-02,0
2021-01-14,41,6343,2021-07-02,0
2021-01-15,26,6369,2021-07-02,0
2021-01-16,28,6397,2021-07-02,0
2021-01-17,21,6418,2021-07-02,0
2021-01-18,19,6437,2021-07-02,0
2021-01-19,14,6451,2021-07-02,0
2021-01-20,26,6477,2021-07-02,0
2021-01-21,15,6492,2021-07-02,0
2021-01-22,13,6505,2021-07-02,0
2021-01-23,17,6522,2021-07-02,0
2021-01-24,24,6546,2021-07-02,0
2021-01-25,17,6563,2021-07-02,0
2021-01-26,21,6584,2021-07-02,0
2021-01-27,11,6595,2021-07-02,0
2021-01-28,12,6607,2021-07-02,0
2021-01-29,14,6621,2021-07-02,0
2021-01-30,12,6633,2021-07-02,0
2021-01-31,15,6648,2021-07-02,0
2021-02-01,16,6664,2021-07-02,0
2021-02-02,10,6674,2021-07-02,0
2021-02-03,10,6684,2021-07-02,0
2021-02-04,11,6695,2021-07-02,0
2021-02-05,9,6704,2021-07-02,0
2021-02-06,10,6714,2021-07-02,0
2021-02-07,18,6732,2021-07-02,0
2021-02-08,10,6742,2021-07-02,0
2021-02-09,14,6756,2021-07-02,0
2021-02-10,11,6767,2021-07-02,0
2021-02-11,7,6774,2021-07-02,0
2021-02-12,11,6785,2021-07-02,0
2021-02-13,7,6792,2021-07-02,0
2021-02-14,9,6801,2021-07-02,0
2021-02-15,6,6807,2021-07-02,0
2021-02-16,10,6817,2021-07-02,0
2021-02-17,8,6825,2021-07-02,0
2021-02-18,6,6831,2021-07-02,0
2021-02-19,6,6837,2021-07-02,0
2021-02-20,6,6843,2021-07-02,0
2021-02-21,3,6846,2021-07-02,0
2021-02-22,5,6851,2021-07-02,0
2021-02-23,8,6859,2021-07-02,0
2021-02-24,4,6863,2021-07-02,0
2021-02-25,5,6868,2021-07-02,0
2021-02-26,5,6873,2021-07-02,0
2021-02-27,5,6878,2021-07-02,0
2021-02-28,8,6886,2021-07-02,0
2021-03-01,7,6893,2021-07-02,0
2021-03-02,1,6894,2021-07-02,0
2021-03-03,9,6903,2021-07-02,0
2021-03-04,6,6909,2021-07-02,0
2021-03-05,10,6919,2021-07-02,0
2021-03-06,5,6924,2021-07-02,0
2021-03-07,9,6933,2021-07-02,0
2021-03-08,5,6938,2021-07-02,0
2021-03-09,7,6945,2021-07-02,0
2021-03-10,2,6947,2021-07-02,0
2021-03-11,3,6950,2021-07-02,0
2021-03-12,10,6960,2021-07-02,0
2021-03-13,5,6965,2021-07-02,0
2021-03-14,4,6969,2021-07-02,0
2021-03-15,2,6971,2021-07-02,0
2021-03-16,4,6975,2021-07-02,0
2021-03-17,4,6979,2021-07-02,0
2021-03-18,5,6984,2021-07-02,0
2021-03-19,5,6989,2021-07-02,0
2021-03-20,9,6998,2021-07-02,0
2021-03-21,5,7003,2021-07-02,0
2021-03-22,4,7007,2021-07-02,0
2021-03-23,5,7012,2021-07-02,0
2021-03-24,0,7012,2021-07-02,0
2021-03-25,5,7017,2021-07-02,0
2021-03-26,3,7020,2021-07-02,0
2021-03-27,7,7027,2021-07-02,0
2021-03-28,6,7033,2021-07-02,0
2021-03-29,5,7038,2021-07-02,0
2021-03-30,6,7044,2021-07-02,0
2021-03-31,8,7052,2021-07-02,0
2021-04-01,6,7058,2021-07-02,1
2021-04-02,9,7067,2021-07-02,0
2021-04-03,8,7075,2021-07-02,0
2021-04-04,6,7081,2021-07-02,0
2021-04-05,8,7089,2021-07-02,0
2021-04-06,6,7095,2021-07-02,0
2021-04-07,6,7101,2021-07-02,0
2021-04-08,10,7111,2021-07-02,0
2021-04-09,6,7117,2021-07-02,0
2021-04-10,7,7124,2021-07-02,0
2021-04-11,8,7132,2021-07-02,0
2021-04-12,9,7141,2021-07-02,0
2021-04-13,6,7147,2021-07-02,0
2021-04-14,8,7155,2021-07-02,0
2021-04-15,14,7169,2021-07-02,0
2021-04-16,8,7177,2021-07-02,0
2021-04-17,7,7184,2021-07-02,0
2021-04-18,8,7192,2021-07-02,0
2021-04-19,9,7201,2021-07-02,0
2021-04-20,5,7206,2021-07-02,0
2021-04-21,8,7214,2021-07-02,0
2021-04-22,1,7215,2021-07-02,0
2021-04-23,15,7230,2021-07-02,0
2021-04-24,11,7241,2021-07-02,0
2021-04-25,15,7256,2021-07-02,0
2021-04-26,14,7270,2021-07-02,0
2021-04-27,7,7277,2021-07-02,0
2021-04-28,14,7291,2021-07-02,0
2021-04-29,8,7299,2021-07-02,0
2021-04-30,11,7310,2021-07-02,0
2021-05-01,7,7317,2021-07-02,0
2021-05-02,8,7325,2021-07-02,0
2021-05-03,5,7330,2021-07-02,0
2021-05-04,12,7342,2021-07-02,0
2021-05-05,8,7350,2021-07-02,0
2021-05-06,5,7355,2021-07-02,0
2021-05-07,8,7363,2021-07-02,0
2021-05-08,7,7370,2021-07-02,0
2021-05-09,9,7379,2021-07-02,0
2021-05-10,8,7387,2021-07-02,0
2021-05-11,6,7393,2021-07-02,0
2021-05-12,9,7402,2021-07-02,0
2021-05-13,9,7411,2021-07-02,0
2021-05-14,11,7422,2021-07-02,0
2021-05-15,9,7431,2021-07-02,0
2021-05-16,5,7436,2021-07-02,0
2021-05-17,5,7441,2021-07-02,0
2021-05-18,7,7448,2021-07-02,0
2021-05-19,2,7450,2021-07-02,0
2021-05-20,5,7455,2021-07-02,0
2021-05-21,7,7462,2021-07-02,0
2021-05-22,9,7471,2021-07-02,0
2021-05-23,5,7476,2021-07-02,0
2021-05-24,5,7481,2021-07-02,1
2021-05-25,5,7486,2021-07-02,0
2021-05-26,3,7489,2021-07-02,0
2021-05-27,7,7496,2021-07-02,0
2021-05-28,2,7498,2021-07-02,0
2021-05-29,6,7504,2021-07-02,0
2021-05-30,3,7507,2021-07-02,0
2021-05-31,3,7510,2021-07-02,0
2021-06-01,5,7515,2021-07-02,0
2021-06-02,7,7522,2021-07-02,0
2021-06-03,4,7526,2021-07-02,0
2021-06-04,4,7530,2021-07-02,0
2021-06-05,0,7530,2021-07-02,0
2021-06-06,5,7535,2021-07-02,0
2021-06-07,3,7538,2021-07-02,0
2021-06-08,5,7543,2021-07-02,0
2021-06-09,4,7547,2021-07-02,0
2021-06-10,6,7553,2021-07-02,0
2021-06-11,6,7559,2021-07-02,0
2021-06-12,4,7563,2021-07-02,0
2021-06-13,3,7566,2021-07-02,0
2021-06-14,3,7569,2021-07-02,0
2021-06-15,2,7571,2021-07-02,0
2021-06-16,2,7573,2021-07-02,0
2021-06-17,4,7577,2021-07-02,0
2021-06-18,1,7578,2021-07-02,0
2021-06-19,6,7584,2021-07-02,0
2021-06-20,1,7585,2021-07-02,1
2021-06-21,5,7590,2021-07-02,0
2021-06-22,3,7593,2021-07-02,0
2021-06-23,4,7597,2021-07-02,0
2021-06-24,3,7600,2021-07-02,2
2021-06-25,2,7602,2021-07-02,0
2021-06-26,1,7603,2021-07-02,0
2021-06-27,1,7604,2021-07-02,0
2021-06-28,0,7604,2021-07-02,0
2021-06-29,1,7605,2021-07-02,1
2020-03-19,1,1,2021-07-03,0
2020-03-20,0,1,2021-07-03,0
2020-03-21,0,1,2021-07-03,0
2020-03-22,0,1,2021-07-03,0
2020-03-23,0,1,2021-07-03,0
2020-03-24,1,2,2021-07-03,0
2020-03-25,1,3,2021-07-03,0
2020-03-26,1,4,2021-07-03,0
2020-03-27,5,9,2021-07-03,0
2020-03-28,3,12,2021-07-03,0
2020-03-29,0,12,2021-07-03,0
2020-03-30,5,17,2021-07-03,0
2020-03-31,2,19,2021-07-03,0
2020-04-01,5,24,2021-07-03,0
2020-04-02,3,27,2021-07-03,0
2020-04-03,1,28,2021-07-03,0
2020-04-04,5,33,2021-07-03,0
2020-04-05,5,38,2021-07-03,0
2020-04-06,10,48,2021-07-03,0
2020-04-07,6,54,2021-07-03,0
2020-04-08,7,61,2021-07-03,0
2020-04-09,8,69,2021-07-03,0
2020-04-10,6,75,2021-07-03,0
2020-04-11,4,79,2021-07-03,0
2020-04-12,4,83,2021-07-03,0
2020-04-13,10,93,2021-07-03,0
2020-04-14,6,99,2021-07-03,0
2020-04-15,17,116,2021-07-03,0
2020-04-16,10,126,2021-07-03,0
2020-04-17,17,143,2021-07-03,0
2020-04-18,17,160,2021-07-03,0
2020-04-19,16,176,2021-07-03,0
2020-04-20,21,197,2021-07-03,0
2020-04-21,26,223,2021-07-03,0
2020-04-22,21,244,2021-07-03,0
2020-04-23,19,263,2021-07-03,0
2020-04-24,23,286,2021-07-03,0
2020-04-25,18,304,2021-07-03,0
2020-04-26,17,321,2021-07-03,0
2020-04-27,21,342,2021-07-03,0
2020-04-28,16,358,2021-07-03,0
2020-04-29,29,387,2021-07-03,0
2020-04-30,18,405,2021-07-03,0
2020-05-01,30,435,2021-07-03,0
2020-05-02,19,454,2021-07-03,0
2020-05-03,29,483,2021-07-03,0
2020-05-04,23,506,2021-07-03,0
2020-05-05,19,525,2021-07-03,0
2020-05-06,25,550,2021-07-03,0
2020-05-07,30,580,2021-07-03,0
2020-05-08,20,600,2021-07-03,0
2020-05-09,26,626,2021-07-03,0
2020-05-10,19,645,2021-07-03,0
2020-05-11,25,670,2021-07-03,0
2020-05-12,20,690,2021-07-03,0
2020-05-13,22,712,2021-07-03,0
2020-05-14,20,732,2021-07-03,0
2020-05-15,20,752,2021-07-03,0
2020-05-16,20,772,2021-07-03,0
2020-05-17,23,795,2021-07-03,0
2020-05-18,18,813,2021-07-03,0
2020-05-19,35,848,2021-07-03,0
2020-05-20,24,872,2021-07-03,0
2020-05-21,17,889,2021-07-03,0
2020-05-22,20,909,2021-07-03,0
2020-05-23,26,935,2021-07-03,0
2020-05-24,25,960,2021-07-03,0
2020-05-25,30,990,2021-07-03,0
2020-05-26,29,1019,2021-07-03,0
2020-05-27,25,1044,2021-07-03,0
2020-05-28,21,1065,2021-07-03,0
2020-05-29,17,1082,2021-07-03,0
2020-05-30,11,1093,2021-07-03,0
2020-05-31,20,1113,2021-07-03,0
2020-06-01,23,1136,2021-07-03,0
2020-06-02,21,1157,2021-07-03,0
2020-06-03,25,1182,2021-07-03,0
2020-06-04,26,1208,2021-07-03,0
2020-06-05,18,1226,2021-07-03,0
2020-06-06,12,1238,2021-07-03,0
2020-06-07,22,1260,2021-07-03,0
2020-06-08,12,1272,2021-07-03,0
2020-06-09,13,1285,2021-07-03,0
2020-06-10,10,1295,2021-07-03,0
2020-06-11,12,1307,2021-07-03,0
2020-06-12,11,1318,2021-07-03,0
2020-06-13,13,1331,2021-07-03,0
2020-06-14,11,1342,2021-07-03,0
2020-06-15,8,1350,2021-07-03,0
2020-06-16,8,1358,2021-07-03,0
2020-06-17,17,1375,2021-07-03,0
2020-06-18,9,1384,2021-07-03,0
2020-06-19,8,1392,2021-07-03,0
2020-06-20,12,1404,2021-07-03,0
2020-06-21,11,1415,2021-07-03,0
2020-06-22,6,1421,2021-07-03,0
2020-06-23,10,1431,2021-07-03,0
2020-06-24,1,1432,2021-07-03,0
2020-06-25,9,1441,2021-07-03,0
2020-06-26,6,1447,2021-07-03,0
2020-06-27,5,1452,2021-07-03,0
2020-06-28,11,1463,2021-07-03,0
2020-06-29,7,1470,2021-07-03,0
2020-06-30,9,1479,2021-07-03,0
2020-07-01,2,1481,2021-07-03,0
2020-07-02,3,1484,2021-07-03,0
2020-07-03,5,1489,2021-07-03,0
2020-07-04,4,1493,2021-07-03,0
2020-07-05,6,1499,2021-07-03,0
2020-07-06,4,1503,2021-07-03,0
2020-07-07,2,1505,2021-07-03,0
2020-07-08,9,1514,2021-07-03,0
2020-07-09,4,1518,2021-07-03,0
2020-07-10,3,1521,2021-07-03,0
2020-07-11,4,1525,2021-07-03,0
2020-07-12,6,1531,2021-07-03,0
2020-07-13,2,1533,2021-07-03,0
2020-07-14,6,1539,2021-07-03,0
2020-07-15,7,1546,2021-07-03,0
2020-07-16,3,1549,2021-07-03,0
2020-07-17,7,1556,2021-07-03,0
2020-07-18,6,1562,2021-07-03,0
2020-07-19,5,1567,2021-07-03,0
2020-07-20,3,1570,2021-07-03,0
2020-07-21,6,1576,2021-07-03,0
2020-07-22,5,1581,2021-07-03,0
2020-07-23,8,1589,2021-07-03,0
2020-07-24,6,1595,2021-07-03,0
2020-07-25,2,1597,2021-07-03,0
2020-07-26,5,1602,2021-07-03,0
2020-07-27,5,1607,2021-07-03,0
2020-07-28,7,1614,2021-07-03,0
2020-07-29,3,1617,2021-07-03,0
2020-07-30,6,1623,2021-07-03,0
2020-07-31,9,1632,2021-07-03,0
2020-08-01,4,1636,2021-07-03,0
2020-08-02,7,1643,2021-07-03,0
2020-08-03,4,1647,2021-07-03,0
2020-08-04,7,1654,2021-07-03,0
2020-08-05,8,1662,2021-07-03,0
2020-08-06,9,1671,2021-07-03,0
2020-08-07,7,1678,2021-07-03,0
2020-08-08,6,1684,2021-07-03,0
2020-08-09,10,1694,2021-07-03,0
2020-08-10,3,1697,2021-07-03,0
2020-08-11,9,1706,2021-07-03,0
2020-08-12,7,1713,2021-07-03,0
2020-08-13,5,1718,2021-07-03,0
2020-08-14,9,1727,2021-07-03,0
2020-08-15,13,1740,2021-07-03,0
2020-08-16,13,1753,2021-07-03,0
2020-08-17,6,1759,2021-07-03,0
2020-08-18,11,1770,2021-07-03,0
2020-08-19,3,1773,2021-07-03,0
2020-08-20,10,1783,2021-07-03,0
2020-08-21,12,1795,2021-07-03,0
2020-08-22,9,1804,2021-07-03,0
2020-08-23,7,1811,2021-07-03,0
2020-08-24,9,1820,2021-07-03,0
2020-08-25,4,1824,2021-07-03,0
2020-08-26,3,1827,2021-07-03,0
2020-08-27,7,1834,2021-07-03,0
2020-08-28,6,1840,2021-07-03,0
2020-08-29,3,1843,2021-07-03,0
2020-08-30,5,1848,2021-07-03,0
2020-08-31,9,1857,2021-07-03,0
2020-09-01,2,1859,2021-07-03,0
2020-09-02,7,1866,2021-07-03,0
2020-09-03,12,1878,2021-07-03,0
2020-09-04,4,1882,2021-07-03,0
2020-09-05,6,1888,2021-07-03,0
2020-09-06,12,1900,2021-07-03,0
2020-09-07,3,1903,2021-07-03,0
2020-09-08,6,1909,2021-07-03,0
2020-09-09,10,1919,2021-07-03,0
2020-09-10,9,1928,2021-07-03,0
2020-09-11,11,1939,2021-07-03,0
2020-09-12,8,1947,2021-07-03,0
2020-09-13,8,1955,2021-07-03,0
2020-09-14,2,1957,2021-07-03,0
2020-09-15,6,1963,2021-07-03,0
2020-09-16,9,1972,2021-07-03,0
2020-09-17,5,1977,2021-07-03,0
2020-09-18,6,1983,2021-07-03,0
2020-09-19,4,1987,2021-07-03,0
2020-09-20,9,1996,2021-07-03,0
2020-09-21,7,2003,2021-07-03,0
2020-09-22,8,2011,2021-07-03,0
2020-09-23,9,2020,2021-07-03,0
2020-09-24,7,2027,2021-07-03,0
2020-09-25,11,2038,2021-07-03,0
2020-09-26,9,2047,2021-07-03,0
2020-09-27,14,2061,2021-07-03,0
2020-09-28,11,2072,2021-07-03,0
2020-09-29,5,2077,2021-07-03,0
2020-09-30,16,2093,2021-07-03,0
2020-10-01,7,2100,2021-07-03,0
2020-10-02,13,2113,2021-07-03,0
2020-10-03,9,2122,2021-07-03,0
2020-10-04,7,2129,2021-07-03,0
2020-10-05,10,2139,2021-07-03,0
2020-10-06,12,2151,2021-07-03,0
2020-10-07,19,2170,2021-07-03,0
2020-10-08,9,2179,2021-07-03,0
2020-10-09,17,2196,2021-07-03,0
2020-10-10,16,2212,2021-07-03,0
2020-10-11,16,2228,2021-07-03,0
2020-10-12,20,2248,2021-07-03,0
2020-10-13,14,2262,2021-07-03,0
2020-10-14,10,2272,2021-07-03,0
2020-10-15,9,2281,2021-07-03,0
2020-10-16,12,2293,2021-07-03,0
2020-10-17,18,2311,2021-07-03,0
2020-10-18,25,2336,2021-07-03,0
2020-10-19,18,2354,2021-07-03,0
2020-10-20,15,2369,2021-07-03,0
2020-10-21,24,2393,2021-07-03,0
2020-10-22,18,2411,2021-07-03,0
2020-10-23,19,2430,2021-07-03,0
2020-10-24,8,2438,2021-07-03,0
2020-10-25,17,2455,2021-07-03,0
2020-10-26,25,2480,2021-07-03,0
2020-10-27,23,2503,2021-07-03,0
2020-10-28,29,2532,2021-07-03,0
2020-10-29,18,2550,2021-07-03,0
2020-10-30,27,2577,2021-07-03,0
2020-10-31,25,2602,2021-07-03,0
2020-11-01,21,2623,2021-07-03,0
2020-11-02,25,2648,2021-07-03,0
2020-11-03,25,2673,2021-07-03,0
2020-11-04,33,2706,2021-07-03,0
2020-11-05,37,2743,2021-07-03,0
2020-11-06,39,2782,2021-07-03,0
2020-11-07,42,2824,2021-07-03,0
2020-11-08,47,2871,2021-07-03,0
2020-11-09,36,2907,2021-07-03,0
2020-11-10,35,2942,2021-07-03,0
2020-11-11,43,2985,2021-07-03,0
2020-11-12,45,3030,2021-07-03,0
2020-11-13,40,3070,2021-07-03,0
2020-11-14,47,3117,2021-07-03,0
2020-11-15,46,3163,2021-07-03,0
2020-11-16,62,3225,2021-07-03,0
2020-11-17,56,3281,2021-07-03,0
2020-11-18,61,3342,2021-07-03,0
2020-11-19,60,3402,2021-07-03,0
2020-11-20,63,3465,2021-07-03,0
2020-11-21,58,3523,2021-07-03,0
2020-11-22,67,3590,2021-07-03,0
2020-11-23,59,3649,2021-07-03,0
2020-11-24,68,3717,2021-07-03,0
2020-11-25,72,3789,2021-07-03,0
2020-11-26,54,3843,2021-07-03,0
2020-11-27,69,3912,2021-07-03,0
2020-11-28,60,3972,2021-07-03,0
2020-11-29,68,4040,2021-07-03,0
2020-11-30,60,4100,2021-07-03,0
2020-12-01,63,4163,2021-07-03,0
2020-12-02,73,4236,2021-07-03,0
2020-12-03,86,4322,2021-07-03,0
2020-12-04,67,4389,2021-07-03,0
2020-12-05,74,4463,2021-07-03,0
2020-12-06,80,4543,2021-07-03,0
2020-12-07,75,4618,2021-07-03,0
2020-12-08,61,4679,2021-07-03,0
2020-12-09,71,4750,2021-07-03,0
2020-12-10,71,4821,2021-07-03,0
2020-12-11,70,4891,2021-07-03,0
2020-12-12,71,4962,2021-07-03,0
2020-12-13,55,5017,2021-07-03,0
2020-12-14,43,5060,2021-07-03,0
2020-12-15,65,5125,2021-07-03,0
2020-12-16,70,5195,2021-07-03,0
2020-12-17,60,5255,2021-07-03,0
2020-12-18,59,5314,2021-07-03,0
2020-12-19,56,5370,2021-07-03,0
2020-12-20,59,5429,2021-07-03,0
2020-12-21,58,5487,2021-07-03,0
2020-12-22,33,5520,2021-07-03,0
2020-12-23,44,5564,2021-07-03,0
2020-12-24,50,5614,2021-07-03,0
2020-12-25,36,5650,2021-07-03,0
2020-12-26,43,5693,2021-07-03,0
2020-12-27,41,5734,2021-07-03,0
2020-12-28,33,5767,2021-07-03,0
2020-12-29,36,5803,2021-07-03,0
2020-12-30,47,5850,2021-07-03,0
2020-12-31,36,5886,2021-07-03,0
2021-01-01,28,5914,2021-07-03,0
2021-01-02,46,5960,2021-07-03,0
2021-01-03,35,5995,2021-07-03,0
2021-01-04,31,6026,2021-07-03,0
2021-01-05,40,6066,2021-07-03,0
2021-01-06,32,6098,2021-07-03,0
2021-01-07,37,6135,2021-07-03,0
2021-01-08,32,6167,2021-07-03,0
2021-01-09,25,6192,2021-07-03,0
2021-01-10,29,6221,2021-07-03,0
2021-01-11,26,6247,2021-07-03,0
2021-01-12,32,6279,2021-07-03,0
2021-01-13,23,6302,2021-07-03,0
2021-01-14,41,6343,2021-07-03,0
2021-01-15,26,6369,2021-07-03,0
2021-01-16,28,6397,2021-07-03,0
2021-01-17,21,6418,2021-07-03,0
2021-01-18,19,6437,2021-07-03,0
2021-01-19,14,6451,2021-07-03,0
2021-01-20,26,6477,2021-07-03,0
2021-01-21,15,6492,2021-07-03,0
2021-01-22,13,6505,2021-07-03,0
2021-01-23,17,6522,2021-07-03,0
2021-01-24,24,6546,2021-07-03,0
2021-01-25,17,6563,2021-07-03,0
2021-01-26,21,6584,2021-07-03,0
2021-01-27,11,6595,2021-07-03,0
2021-01-28,12,6607,2021-07-03,0
2021-01-29,14,6621,2021-07-03,0
2021-01-30,12,6633,2021-07-03,0
2021-01-31,15,6648,2021-07-03,0
2021-02-01,16,6664,2021-07-03,0
2021-02-02,10,6674,2021-07-03,0
2021-02-03,10,6684,2021-07-03,0
2021-02-04,11,6695,2021-07-03,0
2021-02-05,9,6704,2021-07-03,0
2021-02-06,10,6714,2021-07-03,0
2021-02-07,18,6732,2021-07-03,0
2021-02-08,10,6742,2021-07-03,0
2021-02-09,14,6756,2021-07-03,0
2021-02-10,11,6767,2021-07-03,0
2021-02-11,7,6774,2021-07-03,0
2021-02-12,11,6785,2021-07-03,0
2021-02-13,7,6792,2021-07-03,0
2021-02-14,9,6801,2021-07-03,0
2021-02-15,6,6807,2021-07-03,0
2021-02-16,10,6817,2021-07-03,0
2021-02-17,8,6825,2021-07-03,0
2021-02-18,6,6831,2021-07-03,0
2021-02-19,6,6837,2021-07-03,0
2021-02-20,6,6843,2021-07-03,0
2021-02-21,3,6846,2021-07-03,0
2021-02-22,5,6851,2021-07-03,0
2021-02-23,8,6859,2021-07-03,0
2021-02-24,4,6863,2021-07-03,0
2021-02-25,5,6868,2021-07-03,0
2021-02-26,5,6873,2021-07-03,0
2021-02-27,5,6878,2021-07-03,0
2021-02-28,8,6886,2021-07-03,0
2021-03-01,7,6893,2021-07-03,0
2021-03-02,1,6894,2021-07-03,0
2021-03-03,9,6903,2021-07-03,0
2021-03-04,6,6909,2021-07-03,0
2021-03-05,10,6919,2021-07-03,0
2021-03-06,5,6924,2021-07-03,0
2021-03-07,9,6933,2021-07-03,0
2021-03-08,5,6938,2021-07-03,0
2021-03-09,7,6945,2021-07-03,0
2021-03-10,2,6947,2021-07-03,0
2021-03-11,3,6950,2021-07-03,0
2021-03-12,10,6960,2021-07-03,0
2021-03-13,5,6965,2021-07-03,0
2021-03-14,4,6969,2021-07-03,0
2021-03-15,2,6971,2021-07-03,0
2021-03-16,4,6975,2021-07-03,0
2021-03-17,4,6979,2021-07-03,0
2021-03-18,5,6984,2021-07-03,0
2021-03-19,5,6989,2021-07-03,0
2021-03-20,9,6998,2021-07-03,0
2021-03-21,5,7003,2021-07-03,0
2021-03-22,4,7007,2021-07-03,0
2021-03-23,5,7012,2021-07-03,0
2021-03-24,0,7012,2021-07-03,0
2021-03-25,5,7017,2021-07-03,0
2021-03-26,3,7020,2021-07-03,0
2021-03-27,7,7027,2021-07-03,0
2021-03-28,6,7033,2021-07-03,0
2021-03-29,5,7038,2021-07-03,0
2021-03-30,6,7044,2021-07-03,0
2021-03-31,8,7052,2021-07-03,0
2021-04-01,6,7058,2021-07-03,0
2021-04-02,9,7067,2021-07-03,0
2021-04-03,8,7075,2021-07-03,0
2021-04-04,6,7081,2021-07-03,0
2021-04-05,8,7089,2021-07-03,0
2021-04-06,6,7095,2021-07-03,0
2021-04-07,6,7101,2021-07-03,0
2021-04-08,10,7111,2021-07-03,0
2021-04-09,6,7117,2021-07-03,0
2021-04-10,7,7124,2021-07-03,0
2021-04-11,8,7132,2021-07-03,0
2021-04-12,9,7141,2021-07-03,0
2021-04-13,6,7147,2021-07-03,0
2021-04-14,8,7155,2021-07-03,0
2021-04-15,14,7169,2021-07-03,0
2021-04-16,8,7177,2021-07-03,0
2021-04-17,7,7184,2021-07-03,0
2021-04-18,8,7192,2021-07-03,0
2021-04-19,9,7201,2021-07-03,0
2021-04-20,5,7206,2021-07-03,0
2021-04-21,8,7214,2021-07-03,0
2021-04-22,1,7215,2021-07-03,0
2021-04-23,15,7230,2021-07-03,0
2021-04-24,11,7241,2021-07-03,0
2021-04-25,15,7256,2021-07-03,0
2021-04-26,14,7270,2021-07-03,0
2021-04-27,7,7277,2021-07-03,0
2021-04-28,14,7291,2021-07-03,0
2021-04-29,8,7299,2021-07-03,0
2021-04-30,11,7310,2021-07-03,0
2021-05-01,7,7317,2021-07-03,0
2021-05-02,8,7325,2021-07-03,0
2021-05-03,5,7330,2021-07-03,0
2021-05-04,12,7342,2021-07-03,0
2021-05-05,8,7350,2021-07-03,0
2021-05-06,5,7355,2021-07-03,0
2021-05-07,8,7363,2021-07-03,0
2021-05-08,7,7370,2021-07-03,0
2021-05-09,9,7379,2021-07-03,0
2021-05-10,8,7387,2021-07-03,0
2021-05-11,6,7393,2021-07-03,0
2021-05-12,9,7402,2021-07-03,0
2021-05-13,9,7411,2021-07-03,0
2021-05-14,11,7422,2021-07-03,0
2021-05-15,9,7431,2021-07-03,0
2021-05-16,5,7436,2021-07-03,0
2021-05-17,5,7441,2021-07-03,0
2021-05-18,7,7448,2021-07-03,0
2021-05-19,2,7450,2021-07-03,0
2021-05-20,5,7455,2021-07-03,0
2021-05-21,7,7462,2021-07-03,0
2021-05-22,9,7471,2021-07-03,0
2021-05-23,5,7476,2021-07-03,0
2021-05-24,5,7481,2021-07-03,0
2021-05-25,6,7487,2021-07-03,1
2021-05-26,3,7490,2021-07-03,0
2021-05-27,7,7497,2021-07-03,0
2021-05-28,2,7499,2021-07-03,0
2021-05-29,6,7505,2021-07-03,0
2021-05-30,3,7508,2021-07-03,0
2021-05-31,3,7511,2021-07-03,0
2021-06-01,5,7516,2021-07-03,0
2021-06-02,7,7523,2021-07-03,0
2021-06-03,4,7527,2021-07-03,0
2021-06-04,4,7531,2021-07-03,0
2021-06-05,1,7532,2021-07-03,1
2021-06-06,5,7537,2021-07-03,0
2021-06-07,3,7540,2021-07-03,0
2021-06-08,5,7545,2021-07-03,0
2021-06-09,4,7549,2021-07-03,0
2021-06-10,6,7555,2021-07-03,0
2021-06-11,6,7561,2021-07-03,0
2021-06-12,4,7565,2021-07-03,0
2021-06-13,3,7568,2021-07-03,0
2021-06-14,3,7571,2021-07-03,0
2021-06-15,2,7573,2021-07-03,0
2021-06-16,2,7575,2021-07-03,0
2021-06-17,4,7579,2021-07-03,0
2021-06-18,1,7580,2021-07-03,0
2021-06-19,6,7586,2021-07-03,0
2021-06-20,1,7587,2021-07-03,0
2021-06-21,5,7592,2021-07-03,0
2021-06-22,3,7595,2021-07-03,0
2021-06-23,4,7599,2021-07-03,0
2021-06-24,3,7602,2021-07-03,0
2021-06-25,2,7604,2021-07-03,0
2021-06-26,4,7608,2021-07-03,3
2021-06-27,1,7609,2021-07-03,0
2021-06-28,0,7609,2021-07-03,0
2021-06-29,1,7610,2021-07-03,0
2020-03-19,1,1,2021-07-06,0
2020-03-20,0,1,2021-07-06,0
2020-03-21,0,1,2021-07-06,0
2020-03-22,0,1,2021-07-06,0
2020-03-23,0,1,2021-07-06,0
2020-03-24,1,2,2021-07-06,0
2020-03-25,1,3,2021-07-06,0
2020-03-26,1,4,2021-07-06,0
2020-03-27,5,9,2021-07-06,0
2020-03-28,3,12,2021-07-06,0
2020-03-29,0,12,2021-07-06,0
2020-03-30,5,17,2021-07-06,0
2020-03-31,2,19,2021-07-06,0
2020-04-01,5,24,2021-07-06,0
2020-04-02,3,27,2021-07-06,0
2020-04-03,1,28,2021-07-06,0
2020-04-04,5,33,2021-07-06,0
2020-04-05,5,38,2021-07-06,0
2020-04-06,10,48,2021-07-06,0
2020-04-07,6,54,2021-07-06,0
2020-04-08,7,61,2021-07-06,0
2020-04-09,8,69,2021-07-06,0
2020-04-10,6,75,2021-07-06,0
2020-04-11,4,79,2021-07-06,0
2020-04-12,4,83,2021-07-06,0
2020-04-13,10,93,2021-07-06,0
2020-04-14,6,99,2021-07-06,0
2020-04-15,17,116,2021-07-06,0
2020-04-16,10,126,2021-07-06,0
2020-04-17,17,143,2021-07-06,0
2020-04-18,17,160,2021-07-06,0
2020-04-19,16,176,2021-07-06,0
2020-04-20,21,197,2021-07-06,0
2020-04-21,26,223,2021-07-06,0
2020-04-22,21,244,2021-07-06,0
2020-04-23,19,263,2021-07-06,0
2020-04-24,23,286,2021-07-06,0
2020-04-25,18,304,2021-07-06,0
2020-04-26,17,321,2021-07-06,0
2020-04-27,21,342,2021-07-06,0
2020-04-28,16,358,2021-07-06,0
2020-04-29,29,387,2021-07-06,0
2020-04-30,18,405,2021-07-06,0
2020-05-01,30,435,2021-07-06,0
2020-05-02,19,454,2021-07-06,0
2020-05-03,29,483,2021-07-06,0
2020-05-04,23,506,2021-07-06,0
2020-05-05,19,525,2021-07-06,0
2020-05-06,25,550,2021-07-06,0
2020-05-07,30,580,2021-07-06,0
2020-05-08,20,600,2021-07-06,0
2020-05-09,26,626,2021-07-06,0
2020-05-10,19,645,2021-07-06,0
2020-05-11,25,670,2021-07-06,0
2020-05-12,20,690,2021-07-06,0
2020-05-13,22,712,2021-07-06,0
2020-05-14,20,732,2021-07-06,0
2020-05-15,20,752,2021-07-06,0
2020-05-16,20,772,2021-07-06,0
2020-05-17,23,795,2021-07-06,0
2020-05-18,18,813,2021-07-06,0
2020-05-19,35,848,2021-07-06,0
2020-05-20,24,872,2021-07-06,0
2020-05-21,17,889,2021-07-06,0
2020-05-22,20,909,2021-07-06,0
2020-05-23,26,935,2021-07-06,0
2020-05-24,25,960,2021-07-06,0
2020-05-25,30,990,2021-07-06,0
2020-05-26,29,1019,2021-07-06,0
2020-05-27,25,1044,2021-07-06,0
2020-05-28,21,1065,2021-07-06,0
2020-05-29,17,1082,2021-07-06,0
2020-05-30,11,1093,2021-07-06,0
2020-05-31,20,1113,2021-07-06,0
2020-06-01,23,1136,2021-07-06,0
2020-06-02,21,1157,2021-07-06,0
2020-06-03,25,1182,2021-07-06,0
2020-06-04,26,1208,2021-07-06,0
2020-06-05,18,1226,2021-07-06,0
2020-06-06,12,1238,2021-07-06,0
2020-06-07,22,1260,2021-07-06,0
2020-06-08,12,1272,2021-07-06,0
2020-06-09,13,1285,2021-07-06,0
2020-06-10,10,1295,2021-07-06,0
2020-06-11,12,1307,2021-07-06,0
2020-06-12,11,1318,2021-07-06,0
2020-06-13,13,1331,2021-07-06,0
2020-06-14,11,1342,2021-07-06,0
2020-06-15,8,1350,2021-07-06,0
2020-06-16,8,1358,2021-07-06,0
2020-06-17,17,1375,2021-07-06,0
2020-06-18,9,1384,2021-07-06,0
2020-06-19,8,1392,2021-07-06,0
2020-06-20,12,1404,2021-07-06,0
2020-06-21,11,1415,2021-07-06,0
2020-06-22,6,1421,2021-07-06,0
2020-06-23,10,1431,2021-07-06,0
2020-06-24,1,1432,2021-07-06,0
2020-06-25,9,1441,2021-07-06,0
2020-06-26,6,1447,2021-07-06,0
2020-06-27,5,1452,2021-07-06,0
2020-06-28,11,1463,2021-07-06,0
2020-06-29,7,1470,2021-07-06,0
2020-06-30,9,1479,2021-07-06,0
2020-07-01,2,1481,2021-07-06,0
2020-07-02,3,1484,2021-07-06,0
2020-07-03,5,1489,2021-07-06,0
2020-07-04,4,1493,2021-07-06,0
2020-07-05,6,1499,2021-07-06,0
2020-07-06,4,1503,2021-07-06,0
2020-07-07,2,1505,2021-07-06,0
2020-07-08,9,1514,2021-07-06,0
2020-07-09,4,1518,2021-07-06,0
2020-07-10,3,1521,2021-07-06,0
2020-07-11,4,1525,2021-07-06,0
2020-07-12,6,1531,2021-07-06,0
2020-07-13,2,1533,2021-07-06,0
2020-07-14,6,1539,2021-07-06,0
2020-07-15,7,1546,2021-07-06,0
2020-07-16,3,1549,2021-07-06,0
2020-07-17,7,1556,2021-07-06,0
2020-07-18,6,1562,2021-07-06,0
2020-07-19,5,1567,2021-07-06,0
2020-07-20,3,1570,2021-07-06,0
2020-07-21,6,1576,2021-07-06,0
2020-07-22,5,1581,2021-07-06,0
2020-07-23,8,1589,2021-07-06,0
2020-07-24,6,1595,2021-07-06,0
2020-07-25,2,1597,2021-07-06,0
2020-07-26,5,1602,2021-07-06,0
2020-07-27,5,1607,2021-07-06,0
2020-07-28,7,1614,2021-07-06,0
2020-07-29,3,1617,2021-07-06,0
2020-07-30,6,1623,2021-07-06,0
2020-07-31,9,1632,2021-07-06,0
2020-08-01,4,1636,2021-07-06,0
2020-08-02,7,1643,2021-07-06,0
2020-08-03,4,1647,2021-07-06,0
2020-08-04,7,1654,2021-07-06,0
2020-08-05,8,1662,2021-07-06,0
2020-08-06,9,1671,2021-07-06,0
2020-08-07,7,1678,2021-07-06,0
2020-08-08,6,1684,2021-07-06,0
2020-08-09,10,1694,2021-07-06,0
2020-08-10,3,1697,2021-07-06,0
2020-08-11,9,1706,2021-07-06,0
2020-08-12,7,1713,2021-07-06,0
2020-08-13,5,1718,2021-07-06,0
2020-08-14,9,1727,2021-07-06,0
2020-08-15,13,1740,2021-07-06,0
2020-08-16,13,1753,2021-07-06,0
2020-08-17,6,1759,2021-07-06,0
2020-08-18,11,1770,2021-07-06,0
2020-08-19,3,1773,2021-07-06,0
2020-08-20,10,1783,2021-07-06,0
2020-08-21,12,1795,2021-07-06,0
2020-08-22,9,1804,2021-07-06,0
2020-08-23,7,1811,2021-07-06,0
2020-08-24,9,1820,2021-07-06,0
2020-08-25,4,1824,2021-07-06,0
2020-08-26,3,1827,2021-07-06,0
2020-08-27,7,1834,2021-07-06,0
2020-08-28,6,1840,2021-07-06,0
2020-08-29,3,1843,2021-07-06,0
2020-08-30,5,1848,2021-07-06,0
2020-08-31,9,1857,2021-07-06,0
2020-09-01,2,1859,2021-07-06,0
2020-09-02,7,1866,2021-07-06,0
2020-09-03,12,1878,2021-07-06,0
2020-09-04,4,1882,2021-07-06,0
2020-09-05,6,1888,2021-07-06,0
2020-09-06,12,1900,2021-07-06,0
2020-09-07,3,1903,2021-07-06,0
2020-09-08,6,1909,2021-07-06,0
2020-09-09,10,1919,2021-07-06,0
2020-09-10,9,1928,2021-07-06,0
2020-09-11,11,1939,2021-07-06,0
2020-09-12,8,1947,2021-07-06,0
2020-09-13,8,1955,2021-07-06,0
2020-09-14,2,1957,2021-07-06,0
2020-09-15,6,1963,2021-07-06,0
2020-09-16,9,1972,2021-07-06,0
2020-09-17,5,1977,2021-07-06,0
2020-09-18,6,1983,2021-07-06,0
2020-09-19,4,1987,2021-07-06,0
2020-09-20,9,1996,2021-07-06,0
2020-09-21,7,2003,2021-07-06,0
2020-09-22,8,2011,2021-07-06,0
2020-09-23,9,2020,2021-07-06,0
2020-09-24,7,2027,2021-07-06,0
2020-09-25,11,2038,2021-07-06,0
2020-09-26,9,2047,2021-07-06,0
2020-09-27,14,2061,2021-07-06,0
2020-09-28,11,2072,2021-07-06,0
2020-09-29,5,2077,2021-07-06,0
2020-09-30,16,2093,2021-07-06,0
2020-10-01,7,2100,2021-07-06,0
2020-10-02,13,2113,2021-07-06,0
2020-10-03,9,2122,2021-07-06,0
2020-10-04,7,2129,2021-07-06,0
2020-10-05,10,2139,2021-07-06,0
2020-10-06,12,2151,2021-07-06,0
2020-10-07,19,2170,2021-07-06,0
2020-10-08,9,2179,2021-07-06,0
2020-10-09,17,2196,2021-07-06,0
2020-10-10,16,2212,2021-07-06,0
2020-10-11,16,2228,2021-07-06,0
2020-10-12,20,2248,2021-07-06,0
2020-10-13,14,2262,2021-07-06,0
2020-10-14,10,2272,2021-07-06,0
2020-10-15,9,2281,2021-07-06,0
2020-10-16,12,2293,2021-07-06,0
2020-10-17,18,2311,2021-07-06,0
2020-10-18,25,2336,2021-07-06,0
2020-10-19,18,2354,2021-07-06,0
2020-10-20,15,2369,2021-07-06,0
2020-10-21,24,2393,2021-07-06,0
2020-10-22,18,2411,2021-07-06,0
2020-10-23,19,2430,2021-07-06,0
2020-10-24,8,2438,2021-07-06,0
2020-10-25,17,2455,2021-07-06,0
2020-10-26,25,2480,2021-07-06,0
2020-10-27,23,2503,2021-07-06,0
2020-10-28,29,2532,2021-07-06,0
2020-10-29,18,2550,2021-07-06,0
2020-10-30,27,2577,2021-07-06,0
2020-10-31,25,2602,2021-07-06,0
2020-11-01,21,2623,2021-07-06,0
2020-11-02,25,2648,2021-07-06,0
2020-11-03,25,2673,2021-07-06,0
2020-11-04,33,2706,2021-07-06,0
2020-11-05,37,2743,2021-07-06,0
2020-11-06,39,2782,2021-07-06,0
2020-11-07,42,2824,2021-07-06,0
2020-11-08,47,2871,2021-07-06,0
2020-11-09,36,2907,2021-07-06,0
2020-11-10,35,2942,2021-07-06,0
2020-11-11,43,2985,2021-07-06,0
2020-11-12,45,3030,2021-07-06,0
2020-11-13,40,3070,2021-07-06,0
2020-11-14,47,3117,2021-07-06,0
2020-11-15,46,3163,2021-07-06,0
2020-11-16,62,3225,2021-07-06,0
2020-11-17,56,3281,2021-07-06,0
2020-11-18,61,3342,2021-07-06,0
2020-11-19,60,3402,2021-07-06,0
2020-11-20,63,3465,2021-07-06,0
2020-11-21,58,3523,2021-07-06,0
2020-11-22,67,3590,2021-07-06,0
2020-11-23,59,3649,2021-07-06,0
2020-11-24,68,3717,2021-07-06,0
2020-11-25,72,3789,2021-07-06,0
2020-11-26,54,3843,2021-07-06,0
2020-11-27,69,3912,2021-07-06,0
2020-11-28,60,3972,2021-07-06,0
2020-11-29,68,4040,2021-07-06,0
2020-11-30,60,4100,2021-07-06,0
2020-12-01,63,4163,2021-07-06,0
2020-12-02,73,4236,2021-07-06,0
2020-12-03,86,4322,2021-07-06,0
2020-12-04,67,4389,2021-07-06,0
2020-12-05,74,4463,2021-07-06,0
2020-12-06,80,4543,2021-07-06,0
2020-12-07,75,4618,2021-07-06,0
2020-12-08,61,4679,2021-07-06,0
2020-12-09,71,4750,2021-07-06,0
2020-12-10,71,4821,2021-07-06,0
2020-12-11,70,4891,2021-07-06,0
2020-12-12,71,4962,2021-07-06,0
2020-12-13,55,5017,2021-07-06,0
2020-12-14,43,5060,2021-07-06,0
2020-12-15,65,5125,2021-07-06,0
2020-12-16,70,5195,2021-07-06,0
2020-12-17,60,5255,2021-07-06,0
2020-12-18,59,5314,2021-07-06,0
2020-12-19,56,5370,2021-07-06,0
2020-12-20,59,5429,2021-07-06,0
2020-12-21,58,5487,2021-07-06,0
2020-12-22,33,5520,2021-07-06,0
2020-12-23,44,5564,2021-07-06,0
2020-12-24,50,5614,2021-07-06,0
2020-12-25,36,5650,2021-07-06,0
2020-12-26,43,5693,2021-07-06,0
2020-12-27,41,5734,2021-07-06,0
2020-12-28,33,5767,2021-07-06,0
2020-12-29,36,5803,2021-07-06,0
2020-12-30,47,5850,2021-07-06,0
2020-12-31,36,5886,2021-07-06,0
2021-01-01,28,5914,2021-07-06,0
2021-01-02,46,5960,2021-07-06,0
2021-01-03,35,5995,2021-07-06,0
2021-01-04,31,6026,2021-07-06,0
2021-01-05,40,6066,2021-07-06,0
2021-01-06,32,6098,2021-07-06,0
2021-01-07,37,6135,2021-07-06,0
2021-01-08,32,6167,2021-07-06,0
2021-01-09,25,6192,2021-07-06,0
2021-01-10,29,6221,2021-07-06,0
2021-01-11,26,6247,2021-07-06,0
2021-01-12,32,6279,2021-07-06,0
2021-01-13,23,6302,2021-07-06,0
2021-01-14,41,6343,2021-07-06,0
2021-01-15,26,6369,2021-07-06,0
2021-01-16,28,6397,2021-07-06,0
2021-01-17,21,6418,2021-07-06,0
2021-01-18,19,6437,2021-07-06,0
2021-01-19,14,6451,2021-07-06,0
2021-01-20,26,6477,2021-07-06,0
2021-01-21,15,6492,2021-07-06,0
2021-01-22,13,6505,2021-07-06,0
2021-01-23,17,6522,2021-07-06,0
2021-01-24,24,6546,2021-07-06,0
2021-01-25,17,6563,2021-07-06,0
2021-01-26,21,6584,2021-07-06,0
2021-01-27,11,6595,2021-07-06,0
2021-01-28,12,6607,2021-07-06,0
2021-01-29,14,6621,2021-07-06,0
2021-01-30,13,6634,2021-07-06,1
2021-01-31,16,6650,2021-07-06,1
2021-02-01,16,6666,2021-07-06,0
2021-02-02,10,6676,2021-07-06,0
2021-02-03,10,6686,2021-07-06,0
2021-02-04,11,6697,2021-07-06,0
2021-02-05,9,6706,2021-07-06,0
2021-02-06,10,6716,2021-07-06,0
2021-02-07,18,6734,2021-07-06,0
2021-02-08,10,6744,2021-07-06,0
2021-02-09,14,6758,2021-07-06,0
2021-02-10,11,6769,2021-07-06,0
2021-02-11,7,6776,2021-07-06,0
2021-02-12,11,6787,2021-07-06,0
2021-02-13,7,6794,2021-07-06,0
2021-02-14,9,6803,2021-07-06,0
2021-02-15,6,6809,2021-07-06,0
2021-02-16,10,6819,2021-07-06,0
2021-02-17,8,6827,2021-07-06,0
2021-02-18,6,6833,2021-07-06,0
2021-02-19,6,6839,2021-07-06,0
2021-02-20,6,6845,2021-07-06,0
2021-02-21,3,6848,2021-07-06,0
2021-02-22,5,6853,2021-07-06,0
2021-02-23,8,6861,2021-07-06,0
2021-02-24,4,6865,2021-07-06,0
2021-02-25,5,6870,2021-07-06,0
2021-02-26,5,6875,2021-07-06,0
2021-02-27,5,6880,2021-07-06,0
2021-02-28,8,6888,2021-07-06,0
2021-03-01,7,6895,2021-07-06,0
2021-03-02,1,6896,2021-07-06,0
2021-03-03,9,6905,2021-07-06,0
2021-03-04,6,6911,2021-07-06,0
2021-03-05,10,6921,2021-07-06,0
2021-03-06,5,6926,2021-07-06,0
2021-03-07,9,6935,2021-07-06,0
2021-03-08,5,6940,2021-07-06,0
2021-03-09,7,6947,2021-07-06,0
2021-03-10,2,6949,2021-07-06,0
2021-03-11,3,6952,2021-07-06,0
2021-03-12,10,6962,2021-07-06,0
2021-03-13,5,6967,2021-07-06,0
2021-03-14,4,6971,2021-07-06,0
2021-03-15,2,6973,2021-07-06,0
2021-03-16,4,6977,2021-07-06,0
2021-03-17,4,6981,2021-07-06,0
2021-03-18,5,6986,2021-07-06,0
2021-03-19,5,6991,2021-07-06,0
2021-03-20,9,7000,2021-07-06,0
2021-03-21,5,7005,2021-07-06,0
2021-03-22,4,7009,2021-07-06,0
2021-03-23,5,7014,2021-07-06,0
2021-03-24,0,7014,2021-07-06,0
2021-03-25,5,7019,2021-07-06,0
2021-03-26,3,7022,2021-07-06,0
2021-03-27,7,7029,2021-07-06,0
2021-03-28,6,7035,2021-07-06,0
2021-03-29,5,7040,2021-07-06,0
2021-03-30,6,7046,2021-07-06,0
2021-03-31,8,7054,2021-07-06,0
2021-04-01,6,7060,2021-07-06,0
2021-04-02,9,7069,2021-07-06,0
2021-04-03,8,7077,2021-07-06,0
2021-04-04,6,7083,2021-07-06,0
2021-04-05,8,7091,2021-07-06,0
2021-04-06,6,7097,2021-07-06,0
2021-04-07,6,7103,2021-07-06,0
2021-04-08,10,7113,2021-07-06,0
2021-04-09,6,7119,2021-07-06,0
2021-04-10,7,7126,2021-07-06,0
2021-04-11,8,7134,2021-07-06,0
2021-04-12,9,7143,2021-07-06,0
2021-04-13,6,7149,2021-07-06,0
2021-04-14,8,7157,2021-07-06,0
2021-04-15,14,7171,2021-07-06,0
2021-04-16,8,7179,2021-07-06,0
2021-04-17,7,7186,2021-07-06,0
2021-04-18,8,7194,2021-07-06,0
2021-04-19,9,7203,2021-07-06,0
2021-04-20,5,7208,2021-07-06,0
2021-04-21,8,7216,2021-07-06,0
2021-04-22,1,7217,2021-07-06,0
2021-04-23,15,7232,2021-07-06,0
2021-04-24,11,7243,2021-07-06,0
2021-04-25,15,7258,2021-07-06,0
2021-04-26,14,7272,2021-07-06,0
2021-04-27,7,7279,2021-07-06,0
2021-04-28,14,7293,2021-07-06,0
2021-04-29,8,7301,2021-07-06,0
2021-04-30,11,7312,2021-07-06,0
2021-05-01,7,7319,2021-07-06,0
2021-05-02,8,7327,2021-07-06,0
2021-05-03,5,7332,2021-07-06,0
2021-05-04,12,7344,2021-07-06,0
2021-05-05,8,7352,2021-07-06,0
2021-05-06,5,7357,2021-07-06,0
2021-05-07,8,7365,2021-07-06,0
2021-05-08,7,7372,2021-07-06,0
2021-05-09,9,7381,2021-07-06,0
2021-05-10,8,7389,2021-07-06,0
2021-05-11,6,7395,2021-07-06,0
2021-05-12,9,7404,2021-07-06,0
2021-05-13,9,7413,2021-07-06,0
2021-05-14,11,7424,2021-07-06,0
2021-05-15,9,7433,2021-07-06,0
2021-05-16,5,7438,2021-07-06,0
2021-05-17,5,7443,2021-07-06,0
2021-05-18,7,7450,2021-07-06,0
2021-05-19,2,7452,2021-07-06,0
2021-05-20,5,7457,2021-07-06,0
2021-05-21,7,7464,2021-07-06,0
2021-05-22,9,7473,2021-07-06,0
2021-05-23,5,7478,2021-07-06,0
2021-05-24,5,7483,2021-07-06,0
2021-05-25,6,7489,2021-07-06,0
2021-05-26,3,7492,2021-07-06,0
2021-05-27,7,7499,2021-07-06,0
2021-05-28,2,7501,2021-07-06,0
2021-05-29,6,7507,2021-07-06,0
2021-05-30,3,7510,2021-07-06,0
2021-05-31,3,7513,2021-07-06,0
2021-06-01,5,7518,2021-07-06,0
2021-06-02,7,7525,2021-07-06,0
2021-06-03,4,7529,2021-07-06,0
2021-06-04,4,7533,2021-07-06,0
2021-06-05,1,7534,2021-07-06,0
2021-06-06,5,7539,2021-07-06,0
2021-06-07,3,7542,2021-07-06,0
2021-06-08,5,7547,2021-07-06,0
2021-06-09,4,7551,2021-07-06,0
2021-06-10,6,7557,2021-07-06,0
2021-06-11,6,7563,2021-07-06,0
2021-06-12,4,7567,2021-07-06,0
2021-06-13,3,7570,2021-07-06,0
2021-06-14,3,7573,2021-07-06,0
2021-06-15,2,7575,2021-07-06,0
2021-06-16,2,7577,2021-07-06,0
2021-06-17,4,7581,2021-07-06,0
2021-06-18,1,7582,2021-07-06,0
2021-06-19,6,7588,2021-07-06,0
2021-06-20,1,7589,2021-07-06,0
2021-06-21,5,7594,2021-07-06,0
2021-06-22,3,7597,2021-07-06,0
2021-06-23,4,7601,2021-07-06,0
2021-06-24,3,7604,2021-07-06,0
2021-06-25,3,7607,2021-07-06,1
2021-06-26,4,7611,2021-07-06,0
2021-06-27,1,7612,2021-07-06,0
2021-06-28,0,7612,2021-07-06,0
2021-06-29,2,7614,2021-07-06,1
2021-06-30,1,7615,2021-07-06,1
2020-03-19,1,1,2021-07-07,0
2020-03-20,0,1,2021-07-07,0
2020-03-21,0,1,2021-07-07,0
2020-03-22,0,1,2021-07-07,0
2020-03-23,0,1,2021-07-07,0
2020-03-24,1,2,2021-07-07,0
2020-03-25,1,3,2021-07-07,0
2020-03-26,1,4,2021-07-07,0
2020-03-27,5,9,2021-07-07,0
2020-03-28,3,12,2021-07-07,0
2020-03-29,0,12,2021-07-07,0
2020-03-30,5,17,2021-07-07,0
2020-03-31,2,19,2021-07-07,0
2020-04-01,5,24,2021-07-07,0
2020-04-02,3,27,2021-07-07,0
2020-04-03,1,28,2021-07-07,0
2020-04-04,5,33,2021-07-07,0
2020-04-05,5,38,2021-07-07,0
2020-04-06,10,48,2021-07-07,0
2020-04-07,6,54,2021-07-07,0
2020-04-08,7,61,2021-07-07,0
2020-04-09,8,69,2021-07-07,0
2020-04-10,6,75,2021-07-07,0
2020-04-11,4,79,2021-07-07,0
2020-04-12,4,83,2021-07-07,0
2020-04-13,10,93,2021-07-07,0
2020-04-14,6,99,2021-07-07,0
2020-04-15,17,116,2021-07-07,0
2020-04-16,10,126,2021-07-07,0
2020-04-17,17,143,2021-07-07,0
2020-04-18,17,160,2021-07-07,0
2020-04-19,16,176,2021-07-07,0
2020-04-20,21,197,2021-07-07,0
2020-04-21,26,223,2021-07-07,0
2020-04-22,21,244,2021-07-07,0
2020-04-23,19,263,2021-07-07,0
2020-04-24,23,286,2021-07-07,0
2020-04-25,18,304,2021-07-07,0
2020-04-26,17,321,2021-07-07,0
2020-04-27,21,342,2021-07-07,0
2020-04-28,16,358,2021-07-07,0
2020-04-29,29,387,2021-07-07,0
2020-04-30,18,405,2021-07-07,0
2020-05-01,30,435,2021-07-07,0
2020-05-02,19,454,2021-07-07,0
2020-05-03,29,483,2021-07-07,0
2020-05-04,23,506,2021-07-07,0
2020-05-05,19,525,2021-07-07,0
2020-05-06,25,550,2021-07-07,0
2020-05-07,30,580,2021-07-07,0
2020-05-08,20,600,2021-07-07,0
2020-05-09,26,626,2021-07-07,0
2020-05-10,19,645,2021-07-07,0
2020-05-11,25,670,2021-07-07,0
2020-05-12,20,690,2021-07-07,0
2020-05-13,22,712,2021-07-07,0
2020-05-14,20,732,2021-07-07,0
2020-05-15,20,752,2021-07-07,0
2020-05-16,20,772,2021-07-07,0
2020-05-17,23,795,2021-07-07,0
2020-05-18,18,813,2021-07-07,0
2020-05-19,35,848,2021-07-07,0
2020-05-20,24,872,2021-07-07,0
2020-05-21,17,889,2021-07-07,0
2020-05-22,20,909,2021-07-07,0
2020-05-23,26,935,2021-07-07,0
2020-05-24,25,960,2021-07-07,0
2020-05-25,30,990,2021-07-07,0
2020-05-26,29,1019,2021-07-07,0
2020-05-27,25,1044,2021-07-07,0
2020-05-28,21,1065,2021-07-07,0
2020-05-29,17,1082,2021-07-07,0
2020-05-30,11,1093,2021-07-07,0
2020-05-31,20,1113,2021-07-07,0
2020-06-01,23,1136,2021-07-07,0
2020-06-02,21,1157,2021-07-07,0
2020-06-03,25,1182,2021-07-07,0
2020-06-04,26,1208,2021-07-07,0
2020-06-05,18,1226,2021-07-07,0
2020-06-06,12,1238,2021-07-07,0
2020-06-07,22,1260,2021-07-07,0
2020-06-08,12,1272,2021-07-07,0
2020-06-09,13,1285,2021-07-07,0
2020-06-10,10,1295,2021-07-07,0
2020-06-11,12,1307,2021-07-07,0
2020-06-12,11,1318,2021-07-07,0
2020-06-13,13,1331,2021-07-07,0
2020-06-14,11,1342,2021-07-07,0
2020-06-15,8,1350,2021-07-07,0
2020-06-16,8,1358,2021-07-07,0
2020-06-17,17,1375,2021-07-07,0
2020-06-18,9,1384,2021-07-07,0
2020-06-19,8,1392,2021-07-07,0
2020-06-20,12,1404,2021-07-07,0
2020-06-21,11,1415,2021-07-07,0
2020-06-22,6,1421,2021-07-07,0
2020-06-23,10,1431,2021-07-07,0
2020-06-24,1,1432,2021-07-07,0
2020-06-25,9,1441,2021-07-07,0
2020-06-26,6,1447,2021-07-07,0
2020-06-27,5,1452,2021-07-07,0
2020-06-28,11,1463,2021-07-07,0
2020-06-29,7,1470,2021-07-07,0
2020-06-30,9,1479,2021-07-07,0
2020-07-01,2,1481,2021-07-07,0
2020-07-02,3,1484,2021-07-07,0
2020-07-03,5,1489,2021-07-07,0
2020-07-04,4,1493,2021-07-07,0
2020-07-05,6,1499,2021-07-07,0
2020-07-06,4,1503,2021-07-07,0
2020-07-07,2,1505,2021-07-07,0
2020-07-08,9,1514,2021-07-07,0
2020-07-09,4,1518,2021-07-07,0
2020-07-10,3,1521,2021-07-07,0
2020-07-11,4,1525,2021-07-07,0
2020-07-12,6,1531,2021-07-07,0
2020-07-13,2,1533,2021-07-07,0
2020-07-14,6,1539,2021-07-07,0
2020-07-15,7,1546,2021-07-07,0
2020-07-16,3,1549,2021-07-07,0
2020-07-17,7,1556,2021-07-07,0
2020-07-18,6,1562,2021-07-07,0
2020-07-19,5,1567,2021-07-07,0
2020-07-20,3,1570,2021-07-07,0
2020-07-21,6,1576,2021-07-07,0
2020-07-22,5,1581,2021-07-07,0
2020-07-23,8,1589,2021-07-07,0
2020-07-24,6,1595,2021-07-07,0
2020-07-25,2,1597,2021-07-07,0
2020-07-26,5,1602,2021-07-07,0
2020-07-27,5,1607,2021-07-07,0
2020-07-28,7,1614,2021-07-07,0
2020-07-29,3,1617,2021-07-07,0
2020-07-30,6,1623,2021-07-07,0
2020-07-31,9,1632,2021-07-07,0
2020-08-01,4,1636,2021-07-07,0
2020-08-02,7,1643,2021-07-07,0
2020-08-03,4,1647,2021-07-07,0
2020-08-04,7,1654,2021-07-07,0
2020-08-05,8,1662,2021-07-07,0
2020-08-06,9,1671,2021-07-07,0
2020-08-07,7,1678,2021-07-07,0
2020-08-08,6,1684,2021-07-07,0
2020-08-09,10,1694,2021-07-07,0
2020-08-10,3,1697,2021-07-07,0
2020-08-11,9,1706,2021-07-07,0
2020-08-12,7,1713,2021-07-07,0
2020-08-13,5,1718,2021-07-07,0
2020-08-14,9,1727,2021-07-07,0
2020-08-15,13,1740,2021-07-07,0
2020-08-16,13,1753,2021-07-07,0
2020-08-17,6,1759,2021-07-07,0
2020-08-18,11,1770,2021-07-07,0
2020-08-19,3,1773,2021-07-07,0
2020-08-20,10,1783,2021-07-07,0
2020-08-21,12,1795,2021-07-07,0
2020-08-22,9,1804,2021-07-07,0
2020-08-23,7,1811,2021-07-07,0
2020-08-24,9,1820,2021-07-07,0
2020-08-25,4,1824,2021-07-07,0
2020-08-26,3,1827,2021-07-07,0
2020-08-27,7,1834,2021-07-07,0
2020-08-28,6,1840,2021-07-07,0
2020-08-29,3,1843,2021-07-07,0
2020-08-30,5,1848,2021-07-07,0
2020-08-31,9,1857,2021-07-07,0
2020-09-01,2,1859,2021-07-07,0
2020-09-02,7,1866,2021-07-07,0
2020-09-03,12,1878,2021-07-07,0
2020-09-04,4,1882,2021-07-07,0
2020-09-05,6,1888,2021-07-07,0
2020-09-06,12,1900,2021-07-07,0
2020-09-07,3,1903,2021-07-07,0
2020-09-08,6,1909,2021-07-07,0
2020-09-09,10,1919,2021-07-07,0
2020-09-10,9,1928,2021-07-07,0
2020-09-11,11,1939,2021-07-07,0
2020-09-12,8,1947,2021-07-07,0
2020-09-13,8,1955,2021-07-07,0
2020-09-14,2,1957,2021-07-07,0
2020-09-15,6,1963,2021-07-07,0
2020-09-16,9,1972,2021-07-07,0
2020-09-17,5,1977,2021-07-07,0
2020-09-18,6,1983,2021-07-07,0
2020-09-19,4,1987,2021-07-07,0
2020-09-20,9,1996,2021-07-07,0
2020-09-21,7,2003,2021-07-07,0
2020-09-22,8,2011,2021-07-07,0
2020-09-23,9,2020,2021-07-07,0
2020-09-24,7,2027,2021-07-07,0
2020-09-25,11,2038,2021-07-07,0
2020-09-26,9,2047,2021-07-07,0
2020-09-27,14,2061,2021-07-07,0
2020-09-28,11,2072,2021-07-07,0
2020-09-29,5,2077,2021-07-07,0
2020-09-30,16,2093,2021-07-07,0
2020-10-01,7,2100,2021-07-07,0
2020-10-02,13,2113,2021-07-07,0
2020-10-03,9,2122,2021-07-07,0
2020-10-04,7,2129,2021-07-07,0
2020-10-05,10,2139,2021-07-07,0
2020-10-06,12,2151,2021-07-07,0
2020-10-07,19,2170,2021-07-07,0
2020-10-08,9,2179,2021-07-07,0
2020-10-09,17,2196,2021-07-07,0
2020-10-10,16,2212,2021-07-07,0
2020-10-11,16,2228,2021-07-07,0
2020-10-12,20,2248,2021-07-07,0
2020-10-13,14,2262,2021-07-07,0
2020-10-14,10,2272,2021-07-07,0
2020-10-15,9,2281,2021-07-07,0
2020-10-16,12,2293,2021-07-07,0
2020-10-17,18,2311,2021-07-07,0
2020-10-18,25,2336,2021-07-07,0
2020-10-19,18,2354,2021-07-07,0
2020-10-20,15,2369,2021-07-07,0
2020-10-21,24,2393,2021-07-07,0
2020-10-22,18,2411,2021-07-07,0
2020-10-23,19,2430,2021-07-07,0
2020-10-24,8,2438,2021-07-07,0
2020-10-25,17,2455,2021-07-07,0
2020-10-26,25,2480,2021-07-07,0
2020-10-27,23,2503,2021-07-07,0
2020-10-28,29,2532,2021-07-07,0
2020-10-29,18,2550,2021-07-07,0
2020-10-30,27,2577,2021-07-07,0
2020-10-31,25,2602,2021-07-07,0
2020-11-01,21,2623,2021-07-07,0
2020-11-02,25,2648,2021-07-07,0
2020-11-03,25,2673,2021-07-07,0
2020-11-04,33,2706,2021-07-07,0
2020-11-05,37,2743,2021-07-07,0
2020-11-06,39,2782,2021-07-07,0
2020-11-07,42,2824,2021-07-07,0
2020-11-08,47,2871,2021-07-07,0
2020-11-09,36,2907,2021-07-07,0
2020-11-10,35,2942,2021-07-07,0
2020-11-11,43,2985,2021-07-07,0
2020-11-12,45,3030,2021-07-07,0
2020-11-13,40,3070,2021-07-07,0
2020-11-14,47,3117,2021-07-07,0
2020-11-15,46,3163,2021-07-07,0
2020-11-16,62,3225,2021-07-07,0
2020-11-17,56,3281,2021-07-07,0
2020-11-18,61,3342,2021-07-07,0
2020-11-19,60,3402,2021-07-07,0
2020-11-20,63,3465,2021-07-07,0
2020-11-21,58,3523,2021-07-07,0
2020-11-22,67,3590,2021-07-07,0
2020-11-23,59,3649,2021-07-07,0
2020-11-24,68,3717,2021-07-07,0
2020-11-25,72,3789,2021-07-07,0
2020-11-26,54,3843,2021-07-07,0
2020-11-27,69,3912,2021-07-07,0
2020-11-28,60,3972,2021-07-07,0
2020-11-29,68,4040,2021-07-07,0
2020-11-30,60,4100,2021-07-07,0
2020-12-01,63,4163,2021-07-07,0
2020-12-02,73,4236,2021-07-07,0
2020-12-03,86,4322,2021-07-07,0
2020-12-04,67,4389,2021-07-07,0
2020-12-05,74,4463,2021-07-07,0
2020-12-06,80,4543,2021-07-07,0
2020-12-07,75,4618,2021-07-07,0
2020-12-08,61,4679,2021-07-07,0
2020-12-09,71,4750,2021-07-07,0
2020-12-10,71,4821,2021-07-07,0
2020-12-11,70,4891,2021-07-07,0
2020-12-12,71,4962,2021-07-07,0
2020-12-13,55,5017,2021-07-07,0
2020-12-14,43,5060,2021-07-07,0
2020-12-15,65,5125,2021-07-07,0
2020-12-16,70,5195,2021-07-07,0
2020-12-17,60,5255,2021-07-07,0
2020-12-18,59,5314,2021-07-07,0
2020-12-19,56,5370,2021-07-07,0
2020-12-20,59,5429,2021-07-07,0
2020-12-21,58,5487,2021-07-07,0
2020-12-22,33,5520,2021-07-07,0
2020-12-23,44,5564,2021-07-07,0
2020-12-24,50,5614,2021-07-07,0
2020-12-25,36,5650,2021-07-07,0
2020-12-26,43,5693,2021-07-07,0
2020-12-27,41,5734,2021-07-07,0
2020-12-28,33,5767,2021-07-07,0
2020-12-29,36,5803,2021-07-07,0
2020-12-30,47,5850,2021-07-07,0
2020-12-31,36,5886,2021-07-07,0
2021-01-01,28,5914,2021-07-07,0
2021-01-02,46,5960,2021-07-07,0
2021-01-03,35,5995,2021-07-07,0
2021-01-04,31,6026,2021-07-07,0
2021-01-05,40,6066,2021-07-07,0
2021-01-06,32,6098,2021-07-07,0
2021-01-07,37,6135,2021-07-07,0
2021-01-08,32,6167,2021-07-07,0
2021-01-09,25,6192,2021-07-07,0
2021-01-10,29,6221,2021-07-07,0
2021-01-11,26,6247,2021-07-07,0
2021-01-12,32,6279,2021-07-07,0
2021-01-13,23,6302,2021-07-07,0
2021-01-14,41,6343,2021-07-07,0
2021-01-15,26,6369,2021-07-07,0
2021-01-16,28,6397,2021-07-07,0
2021-01-17,21,6418,2021-07-07,0
2021-01-18,19,6437,2021-07-07,0
2021-01-19,14,6451,2021-07-07,0
2021-01-20,26,6477,2021-07-07,0
2021-01-21,15,6492,2021-07-07,0
2021-01-22,13,6505,2021-07-07,0
2021-01-23,17,6522,2021-07-07,0
2021-01-24,24,6546,2021-07-07,0
2021-01-25,17,6563,2021-07-07,0
2021-01-26,21,6584,2021-07-07,0
2021-01-27,11,6595,2021-07-07,0
2021-01-28,12,6607,2021-07-07,0
2021-01-29,14,6621,2021-07-07,0
2021-01-30,13,6634,2021-07-07,0
2021-01-31,16,6650,2021-07-07,0
2021-02-01,16,6666,2021-07-07,0
2021-02-02,10,6676,2021-07-07,0
2021-02-03,10,6686,2021-07-07,0
2021-02-04,11,6697,2021-07-07,0
2021-02-05,9,6706,2021-07-07,0
2021-02-06,10,6716,2021-07-07,0
2021-02-07,18,6734,2021-07-07,0
2021-02-08,10,6744,2021-07-07,0
2021-02-09,14,6758,2021-07-07,0
2021-02-10,11,6769,2021-07-07,0
2021-02-11,7,6776,2021-07-07,0
2021-02-12,11,6787,2021-07-07,0
2021-02-13,7,6794,2021-07-07,0
2021-02-14,9,6803,2021-07-07,0
2021-02-15,6,6809,2021-07-07,0
2021-02-16,10,6819,2021-07-07,0
2021-02-17,8,6827,2021-07-07,0
2021-02-18,6,6833,2021-07-07,0
2021-02-19,6,6839,2021-07-07,0
2021-02-20,6,6845,2021-07-07,0
2021-02-21,3,6848,2021-07-07,0
2021-02-22,5,6853,2021-07-07,0
2021-02-23,8,6861,2021-07-07,0
2021-02-24,4,6865,2021-07-07,0
2021-02-25,5,6870,2021-07-07,0
2021-02-26,5,6875,2021-07-07,0
2021-02-27,5,6880,2021-07-07,0
2021-02-28,8,6888,2021-07-07,0
2021-03-01,7,6895,2021-07-07,0
2021-03-02,1,6896,2021-07-07,0
2021-03-03,9,6905,2021-07-07,0
2021-03-04,6,6911,2021-07-07,0
2021-03-05,10,6921,2021-07-07,0
2021-03-06,5,6926,2021-07-07,0
2021-03-07,9,6935,2021-07-07,0
2021-03-08,5,6940,2021-07-07,0
2021-03-09,7,6947,2021-07-07,0
2021-03-10,2,6949,2021-07-07,0
2021-03-11,3,6952,2021-07-07,0
2021-03-12,10,6962,2021-07-07,0
2021-03-13,5,6967,2021-07-07,0
2021-03-14,4,6971,2021-07-07,0
2021-03-15,2,6973,2021-07-07,0
2021-03-16,4,6977,2021-07-07,0
2021-03-17,4,6981,2021-07-07,0
2021-03-18,5,6986,2021-07-07,0
2021-03-19,5,6991,2021-07-07,0
2021-03-20,9,7000,2021-07-07,0
2021-03-21,5,7005,2021-07-07,0
2021-03-22,4,7009,2021-07-07,0
2021-03-23,5,7014,2021-07-07,0
2021-03-24,0,7014,2021-07-07,0
2021-03-25,5,7019,2021-07-07,0
2021-03-26,3,7022,2021-07-07,0
2021-03-27,7,7029,2021-07-07,0
2021-03-28,6,7035,2021-07-07,0
2021-03-29,5,7040,2021-07-07,0
2021-03-30,6,7046,2021-07-07,0
2021-03-31,8,7054,2021-07-07,0
2021-04-01,6,7060,2021-07-07,0
2021-04-02,9,7069,2021-07-07,0
2021-04-03,8,7077,2021-07-07,0
2021-04-04,6,7083,2021-07-07,0
2021-04-05,8,7091,2021-07-07,0
2021-04-06,6,7097,2021-07-07,0
2021-04-07,6,7103,2021-07-07,0
2021-04-08,10,7113,2021-07-07,0
2021-04-09,6,7119,2021-07-07,0
2021-04-10,7,7126,2021-07-07,0
2021-04-11,8,7134,2021-07-07,0
2021-04-12,9,7143,2021-07-07,0
2021-04-13,6,7149,2021-07-07,0
2021-04-14,8,7157,2021-07-07,0
2021-04-15,14,7171,2021-07-07,0
2021-04-16,8,7179,2021-07-07,0
2021-04-17,7,7186,2021-07-07,0
2021-04-18,8,7194,2021-07-07,0
2021-04-19,9,7203,2021-07-07,0
2021-04-20,5,7208,2021-07-07,0
2021-04-21,8,7216,2021-07-07,0
2021-04-22,1,7217,2021-07-07,0
2021-04-23,15,7232,2021-07-07,0
2021-04-24,11,7243,2021-07-07,0
2021-04-25,15,7258,2021-07-07,0
2021-04-26,14,7272,2021-07-07,0
2021-04-27,7,7279,2021-07-07,0
2021-04-28,14,7293,2021-07-07,0
2021-04-29,8,7301,2021-07-07,0
2021-04-30,11,7312,2021-07-07,0
2021-05-01,7,7319,2021-07-07,0
2021-05-02,8,7327,2021-07-07,0
2021-05-03,5,7332,2021-07-07,0
2021-05-04,12,7344,2021-07-07,0
2021-05-05,8,7352,2021-07-07,0
2021-05-06,5,7357,2021-07-07,0
2021-05-07,8,7365,2021-07-07,0
2021-05-08,7,7372,2021-07-07,0
2021-05-09,9,7381,2021-07-07,0
2021-05-10,8,7389,2021-07-07,0
2021-05-11,6,7395,2021-07-07,0
2021-05-12,9,7404,2021-07-07,0
2021-05-13,9,7413,2021-07-07,0
2021-05-14,11,7424,2021-07-07,0
2021-05-15,9,7433,2021-07-07,0
2021-05-16,5,7438,2021-07-07,0
2021-05-17,5,7443,2021-07-07,0
2021-05-18,7,7450,2021-07-07,0
2021-05-19,2,7452,2021-07-07,0
2021-05-20,5,7457,2021-07-07,0
2021-05-21,7,7464,2021-07-07,0
2021-05-22,9,7473,2021-07-07,0
2021-05-23,5,7478,2021-07-07,0
2021-05-24,5,7483,2021-07-07,0
2021-05-25,6,7489,2021-07-07,0
2021-05-26,3,7492,2021-07-07,0
2021-05-27,7,7499,2021-07-07,0
2021-05-28,2,7501,2021-07-07,0
2021-05-29,6,7507,2021-07-07,0
2021-05-30,3,7510,2021-07-07,0
2021-05-31,3,7513,2021-07-07,0
2021-06-01,5,7518,2021-07-07,0
2021-06-02,7,7525,2021-07-07,0
2021-06-03,4,7529,2021-07-07,0
2021-06-04,4,7533,2021-07-07,0
2021-06-05,1,7534,2021-07-07,0
2021-06-06,5,7539,2021-07-07,0
2021-06-07,3,7542,2021-07-07,0
2021-06-08,5,7547,2021-07-07,0
2021-06-09,4,7551,2021-07-07,0
2021-06-10,6,7557,2021-07-07,0
2021-06-11,6,7563,2021-07-07,0
2021-06-12,4,7567,2021-07-07,0
2021-06-13,3,7570,2021-07-07,0
2021-06-14,3,7573,2021-07-07,0
2021-06-15,2,7575,2021-07-07,0
2021-06-16,2,7577,2021-07-07,0
2021-06-17,4,7581,2021-07-07,0
2021-06-18,1,7582,2021-07-07,0
2021-06-19,6,7588,2021-07-07,0
2021-06-20,1,7589,2021-07-07,0
2021-06-21,5,7594,2021-07-07,0
2021-06-22,3,7597,2021-07-07,0
2021-06-23,4,7601,2021-07-07,0
2021-06-24,3,7604,2021-07-07,0
2021-06-25,3,7607,2021-07-07,0
2021-06-26,4,7611,2021-07-07,0
2021-06-27,1,7612,2021-07-07,0
2021-06-28,0,7612,2021-07-07,0
2021-06-29,2,7614,2021-07-07,0
2021-06-30,1,7615,2021-07-07,0
2020-03-19,1,1,2021-07-08,0
2020-03-20,0,1,2021-07-08,0
2020-03-21,0,1,2021-07-08,0
2020-03-22,0,1,2021-07-08,0
2020-03-23,0,1,2021-07-08,0
2020-03-24,1,2,2021-07-08,0
2020-03-25,1,3,2021-07-08,0
2020-03-26,1,4,2021-07-08,0
2020-03-27,5,9,2021-07-08,0
2020-03-28,3,12,2021-07-08,0
2020-03-29,0,12,2021-07-08,0
2020-03-30,5,17,2021-07-08,0
2020-03-31,2,19,2021-07-08,0
2020-04-01,5,24,2021-07-08,0
2020-04-02,3,27,2021-07-08,0
2020-04-03,1,28,2021-07-08,0
2020-04-04,5,33,2021-07-08,0
2020-04-05,5,38,2021-07-08,0
2020-04-06,10,48,2021-07-08,0
2020-04-07,6,54,2021-07-08,0
2020-04-08,7,61,2021-07-08,0
2020-04-09,8,69,2021-07-08,0
2020-04-10,6,75,2021-07-08,0
2020-04-11,4,79,2021-07-08,0
2020-04-12,4,83,2021-07-08,0
2020-04-13,10,93,2021-07-08,0
2020-04-14,6,99,2021-07-08,0
2020-04-15,17,116,2021-07-08,0
2020-04-16,10,126,2021-07-08,0
2020-04-17,17,143,2021-07-08,0
2020-04-18,17,160,2021-07-08,0
2020-04-19,16,176,2021-07-08,0
2020-04-20,21,197,2021-07-08,0
2020-04-21,26,223,2021-07-08,0
2020-04-22,21,244,2021-07-08,0
2020-04-23,19,263,2021-07-08,0
2020-04-24,23,286,2021-07-08,0
2020-04-25,18,304,2021-07-08,0
2020-04-26,17,321,2021-07-08,0
2020-04-27,21,342,2021-07-08,0
2020-04-28,16,358,2021-07-08,0
2020-04-29,29,387,2021-07-08,0
2020-04-30,18,405,2021-07-08,0
2020-05-01,30,435,2021-07-08,0
2020-05-02,19,454,2021-07-08,0
2020-05-03,29,483,2021-07-08,0
2020-05-04,23,506,2021-07-08,0
2020-05-05,19,525,2021-07-08,0
2020-05-06,25,550,2021-07-08,0
2020-05-07,30,580,2021-07-08,0
2020-05-08,20,600,2021-07-08,0
2020-05-09,26,626,2021-07-08,0
2020-05-10,19,645,2021-07-08,0
2020-05-11,25,670,2021-07-08,0
2020-05-12,20,690,2021-07-08,0
2020-05-13,22,712,2021-07-08,0
2020-05-14,20,732,2021-07-08,0
2020-05-15,20,752,2021-07-08,0
2020-05-16,20,772,2021-07-08,0
2020-05-17,23,795,2021-07-08,0
2020-05-18,18,813,2021-07-08,0
2020-05-19,35,848,2021-07-08,0
2020-05-20,24,872,2021-07-08,0
2020-05-21,17,889,2021-07-08,0
2020-05-22,20,909,2021-07-08,0
2020-05-23,26,935,2021-07-08,0
2020-05-24,25,960,2021-07-08,0
2020-05-25,30,990,2021-07-08,0
2020-05-26,29,1019,2021-07-08,0
2020-05-27,25,1044,2021-07-08,0
2020-05-28,21,1065,2021-07-08,0
2020-05-29,17,1082,2021-07-08,0
2020-05-30,11,1093,2021-07-08,0
2020-05-31,20,1113,2021-07-08,0
2020-06-01,23,1136,2021-07-08,0
2020-06-02,21,1157,2021-07-08,0
2020-06-03,25,1182,2021-07-08,0
2020-06-04,26,1208,2021-07-08,0
2020-06-05,18,1226,2021-07-08,0
2020-06-06,12,1238,2021-07-08,0
2020-06-07,22,1260,2021-07-08,0
2020-06-08,12,1272,2021-07-08,0
2020-06-09,13,1285,2021-07-08,0
2020-06-10,10,1295,2021-07-08,0
2020-06-11,12,1307,2021-07-08,0
2020-06-12,11,1318,2021-07-08,0
2020-06-13,13,1331,2021-07-08,0
2020-06-14,11,1342,2021-07-08,0
2020-06-15,8,1350,2021-07-08,0
2020-06-16,8,1358,2021-07-08,0
2020-06-17,17,1375,2021-07-08,0
2020-06-18,9,1384,2021-07-08,0
2020-06-19,8,1392,2021-07-08,0
2020-06-20,12,1404,2021-07-08,0
2020-06-21,11,1415,2021-07-08,0
2020-06-22,6,1421,2021-07-08,0
2020-06-23,10,1431,2021-07-08,0
2020-06-24,1,1432,2021-07-08,0
2020-06-25,9,1441,2021-07-08,0
2020-06-26,6,1447,2021-07-08,0
2020-06-27,5,1452,2021-07-08,0
2020-06-28,11,1463,2021-07-08,0
2020-06-29,7,1470,2021-07-08,0
2020-06-30,9,1479,2021-07-08,0
2020-07-01,2,1481,2021-07-08,0
2020-07-02,3,1484,2021-07-08,0
2020-07-03,5,1489,2021-07-08,0
2020-07-04,4,1493,2021-07-08,0
2020-07-05,6,1499,2021-07-08,0
2020-07-06,4,1503,2021-07-08,0
2020-07-07,2,1505,2021-07-08,0
2020-07-08,9,1514,2021-07-08,0
2020-07-09,4,1518,2021-07-08,0
2020-07-10,3,1521,2021-07-08,0
2020-07-11,4,1525,2021-07-08,0
2020-07-12,6,1531,2021-07-08,0
2020-07-13,2,1533,2021-07-08,0
2020-07-14,6,1539,2021-07-08,0
2020-07-15,7,1546,2021-07-08,0
2020-07-16,3,1549,2021-07-08,0
2020-07-17,7,1556,2021-07-08,0
2020-07-18,6,1562,2021-07-08,0
2020-07-19,5,1567,2021-07-08,0
2020-07-20,3,1570,2021-07-08,0
2020-07-21,6,1576,2021-07-08,0
2020-07-22,5,1581,2021-07-08,0
2020-07-23,8,1589,2021-07-08,0
2020-07-24,6,1595,2021-07-08,0
2020-07-25,2,1597,2021-07-08,0
2020-07-26,5,1602,2021-07-08,0
2020-07-27,5,1607,2021-07-08,0
2020-07-28,7,1614,2021-07-08,0
2020-07-29,3,1617,2021-07-08,0
2020-07-30,6,1623,2021-07-08,0
2020-07-31,9,1632,2021-07-08,0
2020-08-01,4,1636,2021-07-08,0
2020-08-02,7,1643,2021-07-08,0
2020-08-03,4,1647,2021-07-08,0
2020-08-04,7,1654,2021-07-08,0
2020-08-05,8,1662,2021-07-08,0
2020-08-06,9,1671,2021-07-08,0
2020-08-07,7,1678,2021-07-08,0
2020-08-08,6,1684,2021-07-08,0
2020-08-09,10,1694,2021-07-08,0
2020-08-10,3,1697,2021-07-08,0
2020-08-11,9,1706,2021-07-08,0
2020-08-12,7,1713,2021-07-08,0
2020-08-13,5,1718,2021-07-08,0
2020-08-14,9,1727,2021-07-08,0
2020-08-15,13,1740,2021-07-08,0
2020-08-16,13,1753,2021-07-08,0
2020-08-17,6,1759,2021-07-08,0
2020-08-18,11,1770,2021-07-08,0
2020-08-19,3,1773,2021-07-08,0
2020-08-20,10,1783,2021-07-08,0
2020-08-21,12,1795,2021-07-08,0
2020-08-22,9,1804,2021-07-08,0
2020-08-23,7,1811,2021-07-08,0
2020-08-24,9,1820,2021-07-08,0
2020-08-25,4,1824,2021-07-08,0
2020-08-26,3,1827,2021-07-08,0
2020-08-27,7,1834,2021-07-08,0
2020-08-28,6,1840,2021-07-08,0
2020-08-29,3,1843,2021-07-08,0
2020-08-30,5,1848,2021-07-08,0
2020-08-31,9,1857,2021-07-08,0
2020-09-01,2,1859,2021-07-08,0
2020-09-02,7,1866,2021-07-08,0
2020-09-03,12,1878,2021-07-08,0
2020-09-04,4,1882,2021-07-08,0
2020-09-05,6,1888,2021-07-08,0
2020-09-06,12,1900,2021-07-08,0
2020-09-07,3,1903,2021-07-08,0
2020-09-08,6,1909,2021-07-08,0
2020-09-09,10,1919,2021-07-08,0
2020-09-10,9,1928,2021-07-08,0
2020-09-11,11,1939,2021-07-08,0
2020-09-12,8,1947,2021-07-08,0
2020-09-13,8,1955,2021-07-08,0
2020-09-14,2,1957,2021-07-08,0
2020-09-15,6,1963,2021-07-08,0
2020-09-16,9,1972,2021-07-08,0
2020-09-17,5,1977,2021-07-08,0
2020-09-18,6,1983,2021-07-08,0
2020-09-19,4,1987,2021-07-08,0
2020-09-20,9,1996,2021-07-08,0
2020-09-21,7,2003,2021-07-08,0
2020-09-22,8,2011,2021-07-08,0
2020-09-23,9,2020,2021-07-08,0
2020-09-24,7,2027,2021-07-08,0
2020-09-25,11,2038,2021-07-08,0
2020-09-26,9,2047,2021-07-08,0
2020-09-27,14,2061,2021-07-08,0
2020-09-28,11,2072,2021-07-08,0
2020-09-29,5,2077,2021-07-08,0
2020-09-30,16,2093,2021-07-08,0
2020-10-01,7,2100,2021-07-08,0
2020-10-02,13,2113,2021-07-08,0
2020-10-03,9,2122,2021-07-08,0
2020-10-04,7,2129,2021-07-08,0
2020-10-05,10,2139,2021-07-08,0
2020-10-06,12,2151,2021-07-08,0
2020-10-07,19,2170,2021-07-08,0
2020-10-08,9,2179,2021-07-08,0
2020-10-09,17,2196,2021-07-08,0
2020-10-10,16,2212,2021-07-08,0
2020-10-11,16,2228,2021-07-08,0
2020-10-12,20,2248,2021-07-08,0
2020-10-13,14,2262,2021-07-08,0
2020-10-14,10,2272,2021-07-08,0
2020-10-15,9,2281,2021-07-08,0
2020-10-16,12,2293,2021-07-08,0
2020-10-17,18,2311,2021-07-08,0
2020-10-18,25,2336,2021-07-08,0
2020-10-19,18,2354,2021-07-08,0
2020-10-20,15,2369,2021-07-08,0
2020-10-21,24,2393,2021-07-08,0
2020-10-22,18,2411,2021-07-08,0
2020-10-23,19,2430,2021-07-08,0
2020-10-24,8,2438,2021-07-08,0
2020-10-25,17,2455,2021-07-08,0
2020-10-26,25,2480,2021-07-08,0
2020-10-27,23,2503,2021-07-08,0
2020-10-28,29,2532,2021-07-08,0
2020-10-29,18,2550,2021-07-08,0
2020-10-30,27,2577,2021-07-08,0
2020-10-31,25,2602,2021-07-08,0
2020-11-01,21,2623,2021-07-08,0
2020-11-02,25,2648,2021-07-08,0
2020-11-03,25,2673,2021-07-08,0
2020-11-04,33,2706,2021-07-08,0
2020-11-05,37,2743,2021-07-08,0
2020-11-06,39,2782,2021-07-08,0
2020-11-07,42,2824,2021-07-08,0
2020-11-08,47,2871,2021-07-08,0
2020-11-09,36,2907,2021-07-08,0
2020-11-10,35,2942,2021-07-08,0
2020-11-11,43,2985,2021-07-08,0
2020-11-12,45,3030,2021-07-08,0
2020-11-13,40,3070,2021-07-08,0
2020-11-14,47,3117,2021-07-08,0
2020-11-15,46,3163,2021-07-08,0
2020-11-16,62,3225,2021-07-08,0
2020-11-17,56,3281,2021-07-08,0
2020-11-18,61,3342,2021-07-08,0
2020-11-19,60,3402,2021-07-08,0
2020-11-20,63,3465,2021-07-08,0
2020-11-21,58,3523,2021-07-08,0
2020-11-22,67,3590,2021-07-08,0
2020-11-23,59,3649,2021-07-08,0
2020-11-24,68,3717,2021-07-08,0
2020-11-25,72,3789,2021-07-08,0
2020-11-26,54,3843,2021-07-08,0
2020-11-27,69,3912,2021-07-08,0
2020-11-28,60,3972,2021-07-08,0
2020-11-29,68,4040,2021-07-08,0
2020-11-30,60,4100,2021-07-08,0
2020-12-01,63,4163,2021-07-08,0
2020-12-02,73,4236,2021-07-08,0
2020-12-03,86,4322,2021-07-08,0
2020-12-04,67,4389,2021-07-08,0
2020-12-05,74,4463,2021-07-08,0
2020-12-06,80,4543,2021-07-08,0
2020-12-07,75,4618,2021-07-08,0
2020-12-08,61,4679,2021-07-08,0
2020-12-09,71,4750,2021-07-08,0
2020-12-10,71,4821,2021-07-08,0
2020-12-11,70,4891,2021-07-08,0
2020-12-12,71,4962,2021-07-08,0
2020-12-13,55,5017,2021-07-08,0
2020-12-14,43,5060,2021-07-08,0
2020-12-15,65,5125,2021-07-08,0
2020-12-16,70,5195,2021-07-08,0
2020-12-17,60,5255,2021-07-08,0
2020-12-18,59,5314,2021-07-08,0
2020-12-19,56,5370,2021-07-08,0
2020-12-20,59,5429,2021-07-08,0
2020-12-21,58,5487,2021-07-08,0
2020-12-22,33,5520,2021-07-08,0
2020-12-23,44,5564,2021-07-08,0
2020-12-24,50,5614,2021-07-08,0
2020-12-25,36,5650,2021-07-08,0
2020-12-26,43,5693,2021-07-08,0
2020-12-27,41,5734,2021-07-08,0
2020-12-28,33,5767,2021-07-08,0
2020-12-29,36,5803,2021-07-08,0
2020-12-30,47,5850,2021-07-08,0
2020-12-31,36,5886,2021-07-08,0
2021-01-01,28,5914,2021-07-08,0
2021-01-02,46,5960,2021-07-08,0
2021-01-03,35,5995,2021-07-08,0
2021-01-04,31,6026,2021-07-08,0
2021-01-05,40,6066,2021-07-08,0
2021-01-06,32,6098,2021-07-08,0
2021-01-07,37,6135,2021-07-08,0
2021-01-08,32,6167,2021-07-08,0
2021-01-09,25,6192,2021-07-08,0
2021-01-10,29,6221,2021-07-08,0
2021-01-11,26,6247,2021-07-08,0
2021-01-12,32,6279,2021-07-08,0
2021-01-13,23,6302,2021-07-08,0
2021-01-14,41,6343,2021-07-08,0
2021-01-15,26,6369,2021-07-08,0
2021-01-16,28,6397,2021-07-08,0
2021-01-17,21,6418,2021-07-08,0
2021-01-18,19,6437,2021-07-08,0
2021-01-19,14,6451,2021-07-08,0
2021-01-20,26,6477,2021-07-08,0
2021-01-21,15,6492,2021-07-08,0
2021-01-22,13,6505,2021-07-08,0
2021-01-23,17,6522,2021-07-08,0
2021-01-24,24,6546,2021-07-08,0
2021-01-25,17,6563,2021-07-08,0
2021-01-26,21,6584,2021-07-08,0
2021-01-27,11,6595,2021-07-08,0
2021-01-28,12,6607,2021-07-08,0
2021-01-29,14,6621,2021-07-08,0
2021-01-30,13,6634,2021-07-08,0
2021-01-31,16,6650,2021-07-08,0
2021-02-01,16,6666,2021-07-08,0
2021-02-02,10,6676,2021-07-08,0
2021-02-03,10,6686,2021-07-08,0
2021-02-04,11,6697,2021-07-08,0
2021-02-05,9,6706,2021-07-08,0
2021-02-06,10,6716,2021-07-08,0
2021-02-07,18,6734,2021-07-08,0
2021-02-08,10,6744,2021-07-08,0
2021-02-09,14,6758,2021-07-08,0
2021-02-10,11,6769,2021-07-08,0
2021-02-11,7,6776,2021-07-08,0
2021-02-12,11,6787,2021-07-08,0
2021-02-13,7,6794,2021-07-08,0
2021-02-14,9,6803,2021-07-08,0
2021-02-15,6,6809,2021-07-08,0
2021-02-16,10,6819,2021-07-08,0
2021-02-17,8,6827,2021-07-08,0
2021-02-18,6,6833,2021-07-08,0
2021-02-19,6,6839,2021-07-08,0
2021-02-20,6,6845,2021-07-08,0
2021-02-21,3,6848,2021-07-08,0
2021-02-22,5,6853,2021-07-08,0
2021-02-23,8,6861,2021-07-08,0
2021-02-24,4,6865,2021-07-08,0
2021-02-25,5,6870,2021-07-08,0
2021-02-26,5,6875,2021-07-08,0
2021-02-27,5,6880,2021-07-08,0
2021-02-28,8,6888,2021-07-08,0
2021-03-01,7,6895,2021-07-08,0
2021-03-02,1,6896,2021-07-08,0
2021-03-03,9,6905,2021-07-08,0
2021-03-04,6,6911,2021-07-08,0
2021-03-05,10,6921,2021-07-08,0
2021-03-06,5,6926,2021-07-08,0
2021-03-07,9,6935,2021-07-08,0
2021-03-08,5,6940,2021-07-08,0
2021-03-09,7,6947,2021-07-08,0
2021-03-10,2,6949,2021-07-08,0
2021-03-11,3,6952,2021-07-08,0
2021-03-12,10,6962,2021-07-08,0
2021-03-13,5,6967,2021-07-08,0
2021-03-14,4,6971,2021-07-08,0
2021-03-15,2,6973,2021-07-08,0
2021-03-16,4,6977,2021-07-08,0
2021-03-17,4,6981,2021-07-08,0
2021-03-18,5,6986,2021-07-08,0
2021-03-19,5,6991,2021-07-08,0
2021-03-20,9,7000,2021-07-08,0
2021-03-21,5,7005,2021-07-08,0
2021-03-22,4,7009,2021-07-08,0
2021-03-23,5,7014,2021-07-08,0
2021-03-24,0,7014,2021-07-08,0
2021-03-25,5,7019,2021-07-08,0
2021-03-26,3,7022,2021-07-08,0
2021-03-27,7,7029,2021-07-08,0
2021-03-28,6,7035,2021-07-08,0
2021-03-29,5,7040,2021-07-08,0
2021-03-30,6,7046,2021-07-08,0
2021-03-31,8,7054,2021-07-08,0
2021-04-01,6,7060,2021-07-08,0
2021-04-02,9,7069,2021-07-08,0
2021-04-03,8,7077,2021-07-08,0
2021-04-04,6,7083,2021-07-08,0
2021-04-05,8,7091,2021-07-08,0
2021-04-06,6,7097,2021-07-08,0
2021-04-07,6,7103,2021-07-08,0
2021-04-08,10,7113,2021-07-08,0
2021-04-09,6,7119,2021-07-08,0
2021-04-10,7,7126,2021-07-08,0
2021-04-11,8,7134,2021-07-08,0
2021-04-12,9,7143,2021-07-08,0
2021-04-13,6,7149,2021-07-08,0
2021-04-14,8,7157,2021-07-08,0
2021-04-15,14,7171,2021-07-08,0
2021-04-16,8,7179,2021-07-08,0
2021-04-17,7,7186,2021-07-08,0
2021-04-18,8,7194,2021-07-08,0
2021-04-19,9,7203,2021-07-08,0
2021-04-20,5,7208,2021-07-08,0
2021-04-21,8,7216,2021-07-08,0
2021-04-22,1,7217,2021-07-08,0
2021-04-23,15,7232,2021-07-08,0
2021-04-24,11,7243,2021-07-08,0
2021-04-25,15,7258,2021-07-08,0
2021-04-26,14,7272,2021-07-08,0
2021-04-27,7,7279,2021-07-08,0
2021-04-28,14,7293,2021-07-08,0
2021-04-29,8,7301,2021-07-08,0
2021-04-30,11,7312,2021-07-08,0
2021-05-01,7,7319,2021-07-08,0
2021-05-02,8,7327,2021-07-08,0
2021-05-03,5,7332,2021-07-08,0
2021-05-04,12,7344,2021-07-08,0
2021-05-05,8,7352,2021-07-08,0
2021-05-06,5,7357,2021-07-08,0
2021-05-07,8,7365,2021-07-08,0
2021-05-08,7,7372,2021-07-08,0
2021-05-09,9,7381,2021-07-08,0
2021-05-10,8,7389,2021-07-08,0
2021-05-11,6,7395,2021-07-08,0
2021-05-12,9,7404,2021-07-08,0
2021-05-13,9,7413,2021-07-08,0
2021-05-14,11,7424,2021-07-08,0
2021-05-15,9,7433,2021-07-08,0
2021-05-16,5,7438,2021-07-08,0
2021-05-17,5,7443,2021-07-08,0
2021-05-18,7,7450,2021-07-08,0
2021-05-19,2,7452,2021-07-08,0
2021-05-20,5,7457,2021-07-08,0
2021-05-21,7,7464,2021-07-08,0
2021-05-22,9,7473,2021-07-08,0
2021-05-23,5,7478,2021-07-08,0
2021-05-24,5,7483,2021-07-08,0
2021-05-25,6,7489,2021-07-08,0
2021-05-26,3,7492,2021-07-08,0
2021-05-27,7,7499,2021-07-08,0
2021-05-28,2,7501,2021-07-08,0
2021-05-29,6,7507,2021-07-08,0
2021-05-30,3,7510,2021-07-08,0
2021-05-31,3,7513,2021-07-08,0
2021-06-01,5,7518,2021-07-08,0
2021-06-02,7,7525,2021-07-08,0
2021-06-03,4,7529,2021-07-08,0
2021-06-04,4,7533,2021-07-08,0
2021-06-05,1,7534,2021-07-08,0
2021-06-06,5,7539,2021-07-08,0
2021-06-07,3,7542,2021-07-08,0
2021-06-08,5,7547,2021-07-08,0
2021-06-09,4,7551,2021-07-08,0
2021-06-10,6,7557,2021-07-08,0
2021-06-11,6,7563,2021-07-08,0
2021-06-12,4,7567,2021-07-08,0
2021-06-13,3,7570,2021-07-08,0
2021-06-14,3,7573,2021-07-08,0
2021-06-15,2,7575,2021-07-08,0
2021-06-16,2,7577,2021-07-08,0
2021-06-17,4,7581,2021-07-08,0
2021-06-18,1,7582,2021-07-08,0
2021-06-19,6,7588,2021-07-08,0
2021-06-20,1,7589,2021-07-08,0
2021-06-21,5,7594,2021-07-08,0
2021-06-22,3,7597,2021-07-08,0
2021-06-23,4,7601,2021-07-08,0
2021-06-24,3,7604,2021-07-08,0
2021-06-25,3,7607,2021-07-08,0
2021-06-26,4,7611,2021-07-08,0
2021-06-27,1,7612,2021-07-08,0
2021-06-28,1,7613,2021-07-08,1
2021-06-29,2,7615,2021-07-08,0
2021-06-30,2,7617,2021-07-08,1
2020-03-19,1,1,2021-07-09,0
2020-03-20,0,1,2021-07-09,0
2020-03-21,0,1,2021-07-09,0
2020-03-22,0,1,2021-07-09,0
2020-03-23,0,1,2021-07-09,0
2020-03-24,1,2,2021-07-09,0
2020-03-25,1,3,2021-07-09,0
2020-03-26,1,4,2021-07-09,0
2020-03-27,5,9,2021-07-09,0
2020-03-28,3,12,2021-07-09,0
2020-03-29,0,12,2021-07-09,0
2020-03-30,5,17,2021-07-09,0
2020-03-31,2,19,2021-07-09,0
2020-04-01,5,24,2021-07-09,0
2020-04-02,3,27,2021-07-09,0
2020-04-03,1,28,2021-07-09,0
2020-04-04,5,33,2021-07-09,0
2020-04-05,5,38,2021-07-09,0
2020-04-06,10,48,2021-07-09,0
2020-04-07,6,54,2021-07-09,0
2020-04-08,7,61,2021-07-09,0
2020-04-09,8,69,2021-07-09,0
2020-04-10,6,75,2021-07-09,0
2020-04-11,4,79,2021-07-09,0
2020-04-12,4,83,2021-07-09,0
2020-04-13,10,93,2021-07-09,0
2020-04-14,6,99,2021-07-09,0
2020-04-15,17,116,2021-07-09,0
2020-04-16,10,126,2021-07-09,0
2020-04-17,17,143,2021-07-09,0
2020-04-18,17,160,2021-07-09,0
2020-04-19,16,176,2021-07-09,0
2020-04-20,21,197,2021-07-09,0
2020-04-21,26,223,2021-07-09,0
2020-04-22,21,244,2021-07-09,0
2020-04-23,19,263,2021-07-09,0
2020-04-24,23,286,2021-07-09,0
2020-04-25,18,304,2021-07-09,0
2020-04-26,17,321,2021-07-09,0
2020-04-27,21,342,2021-07-09,0
2020-04-28,16,358,2021-07-09,0
2020-04-29,29,387,2021-07-09,0
2020-04-30,18,405,2021-07-09,0
2020-05-01,30,435,2021-07-09,0
2020-05-02,19,454,2021-07-09,0
2020-05-03,29,483,2021-07-09,0
2020-05-04,23,506,2021-07-09,0
2020-05-05,19,525,2021-07-09,0
2020-05-06,25,550,2021-07-09,0
2020-05-07,30,580,2021-07-09,0
2020-05-08,20,600,2021-07-09,0
2020-05-09,26,626,2021-07-09,0
2020-05-10,19,645,2021-07-09,0
2020-05-11,25,670,2021-07-09,0
2020-05-12,20,690,2021-07-09,0
2020-05-13,22,712,2021-07-09,0
2020-05-14,20,732,2021-07-09,0
2020-05-15,20,752,2021-07-09,0
2020-05-16,20,772,2021-07-09,0
2020-05-17,23,795,2021-07-09,0
2020-05-18,18,813,2021-07-09,0
2020-05-19,35,848,2021-07-09,0
2020-05-20,24,872,2021-07-09,0
2020-05-21,17,889,2021-07-09,0
2020-05-22,20,909,2021-07-09,0
2020-05-23,26,935,2021-07-09,0
2020-05-24,25,960,2021-07-09,0
2020-05-25,30,990,2021-07-09,0
2020-05-26,29,1019,2021-07-09,0
2020-05-27,25,1044,2021-07-09,0
2020-05-28,21,1065,2021-07-09,0
2020-05-29,17,1082,2021-07-09,0
2020-05-30,11,1093,2021-07-09,0
2020-05-31,20,1113,2021-07-09,0
2020-06-01,23,1136,2021-07-09,0
2020-06-02,21,1157,2021-07-09,0
2020-06-03,25,1182,2021-07-09,0
2020-06-04,26,1208,2021-07-09,0
2020-06-05,18,1226,2021-07-09,0
2020-06-06,12,1238,2021-07-09,0
2020-06-07,22,1260,2021-07-09,0
2020-06-08,12,1272,2021-07-09,0
2020-06-09,13,1285,2021-07-09,0
2020-06-10,10,1295,2021-07-09,0
2020-06-11,12,1307,2021-07-09,0
2020-06-12,11,1318,2021-07-09,0
2020-06-13,13,1331,2021-07-09,0
2020-06-14,11,1342,2021-07-09,0
2020-06-15,8,1350,2021-07-09,0
2020-06-16,8,1358,2021-07-09,0
2020-06-17,17,1375,2021-07-09,0
2020-06-18,9,1384,2021-07-09,0
2020-06-19,8,1392,2021-07-09,0
2020-06-20,12,1404,2021-07-09,0
2020-06-21,11,1415,2021-07-09,0
2020-06-22,6,1421,2021-07-09,0
2020-06-23,10,1431,2021-07-09,0
2020-06-24,1,1432,2021-07-09,0
2020-06-25,9,1441,2021-07-09,0
2020-06-26,6,1447,2021-07-09,0
2020-06-27,5,1452,2021-07-09,0
2020-06-28,11,1463,2021-07-09,0
2020-06-29,7,1470,2021-07-09,0
2020-06-30,9,1479,2021-07-09,0
2020-07-01,2,1481,2021-07-09,0
2020-07-02,3,1484,2021-07-09,0
2020-07-03,5,1489,2021-07-09,0
2020-07-04,4,1493,2021-07-09,0
2020-07-05,6,1499,2021-07-09,0
2020-07-06,4,1503,2021-07-09,0
2020-07-07,2,1505,2021-07-09,0
2020-07-08,9,1514,2021-07-09,0
2020-07-09,4,1518,2021-07-09,0
2020-07-10,3,1521,2021-07-09,0
2020-07-11,4,1525,2021-07-09,0
2020-07-12,6,1531,2021-07-09,0
2020-07-13,2,1533,2021-07-09,0
2020-07-14,6,1539,2021-07-09,0
2020-07-15,7,1546,2021-07-09,0
2020-07-16,3,1549,2021-07-09,0
2020-07-17,7,1556,2021-07-09,0
2020-07-18,6,1562,2021-07-09,0
2020-07-19,5,1567,2021-07-09,0
2020-07-20,3,1570,2021-07-09,0
2020-07-21,6,1576,2021-07-09,0
2020-07-22,5,1581,2021-07-09,0
2020-07-23,8,1589,2021-07-09,0
2020-07-24,6,1595,2021-07-09,0
2020-07-25,2,1597,2021-07-09,0
2020-07-26,5,1602,2021-07-09,0
2020-07-27,5,1607,2021-07-09,0
2020-07-28,7,1614,2021-07-09,0
2020-07-29,3,1617,2021-07-09,0
2020-07-30,6,1623,2021-07-09,0
2020-07-31,9,1632,2021-07-09,0
2020-08-01,4,1636,2021-07-09,0
2020-08-02,7,1643,2021-07-09,0
2020-08-03,4,1647,2021-07-09,0
2020-08-04,7,1654,2021-07-09,0
2020-08-05,8,1662,2021-07-09,0
2020-08-06,9,1671,2021-07-09,0
2020-08-07,7,1678,2021-07-09,0
2020-08-08,6,1684,2021-07-09,0
2020-08-09,10,1694,2021-07-09,0
2020-08-10,3,1697,2021-07-09,0
2020-08-11,9,1706,2021-07-09,0
2020-08-12,7,1713,2021-07-09,0
2020-08-13,5,1718,2021-07-09,0
2020-08-14,9,1727,2021-07-09,0
2020-08-15,13,1740,2021-07-09,0
2020-08-16,13,1753,2021-07-09,0
2020-08-17,6,1759,2021-07-09,0
2020-08-18,11,1770,2021-07-09,0
2020-08-19,3,1773,2021-07-09,0
2020-08-20,10,1783,2021-07-09,0
2020-08-21,12,1795,2021-07-09,0
2020-08-22,9,1804,2021-07-09,0
2020-08-23,7,1811,2021-07-09,0
2020-08-24,9,1820,2021-07-09,0
2020-08-25,4,1824,2021-07-09,0
2020-08-26,3,1827,2021-07-09,0
2020-08-27,7,1834,2021-07-09,0
2020-08-28,6,1840,2021-07-09,0
2020-08-29,3,1843,2021-07-09,0
2020-08-30,5,1848,2021-07-09,0
2020-08-31,9,1857,2021-07-09,0
2020-09-01,2,1859,2021-07-09,0
2020-09-02,7,1866,2021-07-09,0
2020-09-03,12,1878,2021-07-09,0
2020-09-04,4,1882,2021-07-09,0
2020-09-05,6,1888,2021-07-09,0
2020-09-06,12,1900,2021-07-09,0
2020-09-07,3,1903,2021-07-09,0
2020-09-08,6,1909,2021-07-09,0
2020-09-09,10,1919,2021-07-09,0
2020-09-10,9,1928,2021-07-09,0
2020-09-11,11,1939,2021-07-09,0
2020-09-12,8,1947,2021-07-09,0
2020-09-13,8,1955,2021-07-09,0
2020-09-14,2,1957,2021-07-09,0
2020-09-15,6,1963,2021-07-09,0
2020-09-16,9,1972,2021-07-09,0
2020-09-17,5,1977,2021-07-09,0
2020-09-18,6,1983,2021-07-09,0
2020-09-19,4,1987,2021-07-09,0
2020-09-20,9,1996,2021-07-09,0
2020-09-21,7,2003,2021-07-09,0
2020-09-22,8,2011,2021-07-09,0
2020-09-23,9,2020,2021-07-09,0
2020-09-24,7,2027,2021-07-09,0
2020-09-25,11,2038,2021-07-09,0
2020-09-26,9,2047,2021-07-09,0
2020-09-27,14,2061,2021-07-09,0
2020-09-28,11,2072,2021-07-09,0
2020-09-29,5,2077,2021-07-09,0
2020-09-30,16,2093,2021-07-09,0
2020-10-01,7,2100,2021-07-09,0
2020-10-02,13,2113,2021-07-09,0
2020-10-03,9,2122,2021-07-09,0
2020-10-04,7,2129,2021-07-09,0
2020-10-05,10,2139,2021-07-09,0
2020-10-06,12,2151,2021-07-09,0
2020-10-07,19,2170,2021-07-09,0
2020-10-08,9,2179,2021-07-09,0
2020-10-09,17,2196,2021-07-09,0
2020-10-10,16,2212,2021-07-09,0
2020-10-11,16,2228,2021-07-09,0
2020-10-12,20,2248,2021-07-09,0
2020-10-13,14,2262,2021-07-09,0
2020-10-14,10,2272,2021-07-09,0
2020-10-15,9,2281,2021-07-09,0
2020-10-16,12,2293,2021-07-09,0
2020-10-17,18,2311,2021-07-09,0
2020-10-18,25,2336,2021-07-09,0
2020-10-19,18,2354,2021-07-09,0
2020-10-20,15,2369,2021-07-09,0
2020-10-21,24,2393,2021-07-09,0
2020-10-22,18,2411,2021-07-09,0
2020-10-23,19,2430,2021-07-09,0
2020-10-24,8,2438,2021-07-09,0
2020-10-25,17,2455,2021-07-09,0
2020-10-26,25,2480,2021-07-09,0
2020-10-27,23,2503,2021-07-09,0
2020-10-28,29,2532,2021-07-09,0
2020-10-29,18,2550,2021-07-09,0
2020-10-30,27,2577,2021-07-09,0
2020-10-31,25,2602,2021-07-09,0
2020-11-01,21,2623,2021-07-09,0
2020-11-02,25,2648,2021-07-09,0
2020-11-03,25,2673,2021-07-09,0
2020-11-04,33,2706,2021-07-09,0
2020-11-05,37,2743,2021-07-09,0
2020-11-06,39,2782,2021-07-09,0
2020-11-07,42,2824,2021-07-09,0
2020-11-08,47,2871,2021-07-09,0
2020-11-09,36,2907,2021-07-09,0
2020-11-10,35,2942,2021-07-09,0
2020-11-11,43,2985,2021-07-09,0
2020-11-12,45,3030,2021-07-09,0
2020-11-13,40,3070,2021-07-09,0
2020-11-14,47,3117,2021-07-09,0
2020-11-15,46,3163,2021-07-09,0
2020-11-16,62,3225,2021-07-09,0
2020-11-17,56,3281,2021-07-09,0
2020-11-18,61,3342,2021-07-09,0
2020-11-19,60,3402,2021-07-09,0
2020-11-20,63,3465,2021-07-09,0
2020-11-21,58,3523,2021-07-09,0
2020-11-22,67,3590,2021-07-09,0
2020-11-23,59,3649,2021-07-09,0
2020-11-24,68,3717,2021-07-09,0
2020-11-25,72,3789,2021-07-09,0
2020-11-26,54,3843,2021-07-09,0
2020-11-27,69,3912,2021-07-09,0
2020-11-28,60,3972,2021-07-09,0
2020-11-29,68,4040,2021-07-09,0
2020-11-30,60,4100,2021-07-09,0
2020-12-01,63,4163,2021-07-09,0
2020-12-02,73,4236,2021-07-09,0
2020-12-03,86,4322,2021-07-09,0
2020-12-04,67,4389,2021-07-09,0
2020-12-05,74,4463,2021-07-09,0
2020-12-06,80,4543,2021-07-09,0
2020-12-07,75,4618,2021-07-09,0
2020-12-08,61,4679,2021-07-09,0
2020-12-09,71,4750,2021-07-09,0
2020-12-10,71,4821,2021-07-09,0
2020-12-11,70,4891,2021-07-09,0
2020-12-12,71,4962,2021-07-09,0
2020-12-13,55,5017,2021-07-09,0
2020-12-14,43,5060,2021-07-09,0
2020-12-15,65,5125,2021-07-09,0
2020-12-16,70,5195,2021-07-09,0
2020-12-17,60,5255,2021-07-09,0
2020-12-18,59,5314,2021-07-09,0
2020-12-19,56,5370,2021-07-09,0
2020-12-20,59,5429,2021-07-09,0
2020-12-21,58,5487,2021-07-09,0
2020-12-22,33,5520,2021-07-09,0
2020-12-23,44,5564,2021-07-09,0
2020-12-24,50,5614,2021-07-09,0
2020-12-25,36,5650,2021-07-09,0
2020-12-26,43,5693,2021-07-09,0
2020-12-27,41,5734,2021-07-09,0
2020-12-28,33,5767,2021-07-09,0
2020-12-29,36,5803,2021-07-09,0
2020-12-30,47,5850,2021-07-09,0
2020-12-31,36,5886,2021-07-09,0
2021-01-01,28,5914,2021-07-09,0
2021-01-02,46,5960,2021-07-09,0
2021-01-03,35,5995,2021-07-09,0
2021-01-04,31,6026,2021-07-09,0
2021-01-05,40,6066,2021-07-09,0
2021-01-06,32,6098,2021-07-09,0
2021-01-07,37,6135,2021-07-09,0
2021-01-08,32,6167,2021-07-09,0
2021-01-09,25,6192,2021-07-09,0
2021-01-10,29,6221,2021-07-09,0
2021-01-11,26,6247,2021-07-09,0
2021-01-12,32,6279,2021-07-09,0
2021-01-13,23,6302,2021-07-09,0
2021-01-14,41,6343,2021-07-09,0
2021-01-15,26,6369,2021-07-09,0
2021-01-16,28,6397,2021-07-09,0
2021-01-17,21,6418,2021-07-09,0
2021-01-18,19,6437,2021-07-09,0
2021-01-19,14,6451,2021-07-09,0
2021-01-20,26,6477,2021-07-09,0
2021-01-21,15,6492,2021-07-09,0
2021-01-22,13,6505,2021-07-09,0
2021-01-23,17,6522,2021-07-09,0
2021-01-24,24,6546,2021-07-09,0
2021-01-25,17,6563,2021-07-09,0
2021-01-26,21,6584,2021-07-09,0
2021-01-27,11,6595,2021-07-09,0
2021-01-28,12,6607,2021-07-09,0
2021-01-29,14,6621,2021-07-09,0
2021-01-30,13,6634,2021-07-09,0
2021-01-31,16,6650,2021-07-09,0
2021-02-01,16,6666,2021-07-09,0
2021-02-02,10,6676,2021-07-09,0
2021-02-03,10,6686,2021-07-09,0
2021-02-04,11,6697,2021-07-09,0
2021-02-05,9,6706,2021-07-09,0
2021-02-06,10,6716,2021-07-09,0
2021-02-07,18,6734,2021-07-09,0
2021-02-08,10,6744,2021-07-09,0
2021-02-09,14,6758,2021-07-09,0
2021-02-10,11,6769,2021-07-09,0
2021-02-11,7,6776,2021-07-09,0
2021-02-12,11,6787,2021-07-09,0
2021-02-13,7,6794,2021-07-09,0
2021-02-14,9,6803,2021-07-09,0
2021-02-15,6,6809,2021-07-09,0
2021-02-16,10,6819,2021-07-09,0
2021-02-17,8,6827,2021-07-09,0
2021-02-18,6,6833,2021-07-09,0
2021-02-19,6,6839,2021-07-09,0
2021-02-20,6,6845,2021-07-09,0
2021-02-21,3,6848,2021-07-09,0
2021-02-22,5,6853,2021-07-09,0
2021-02-23,8,6861,2021-07-09,0
2021-02-24,4,6865,2021-07-09,0
2021-02-25,5,6870,2021-07-09,0
2021-02-26,5,6875,2021-07-09,0
2021-02-27,5,6880,2021-07-09,0
2021-02-28,8,6888,2021-07-09,0
2021-03-01,7,6895,2021-07-09,0
2021-03-02,1,6896,2021-07-09,0
2021-03-03,9,6905,2021-07-09,0
2021-03-04,6,6911,2021-07-09,0
2021-03-05,10,6921,2021-07-09,0
2021-03-06,5,6926,2021-07-09,0
2021-03-07,9,6935,2021-07-09,0
2021-03-08,5,6940,2021-07-09,0
2021-03-09,7,6947,2021-07-09,0
2021-03-10,2,6949,2021-07-09,0
2021-03-11,3,6952,2021-07-09,0
2021-03-12,10,6962,2021-07-09,0
2021-03-13,5,6967,2021-07-09,0
2021-03-14,4,6971,2021-07-09,0
2021-03-15,2,6973,2021-07-09,0
2021-03-16,4,6977,2021-07-09,0
2021-03-17,4,6981,2021-07-09,0
2021-03-18,5,6986,2021-07-09,0
2021-03-19,5,6991,2021-07-09,0
2021-03-20,9,7000,2021-07-09,0
2021-03-21,5,7005,2021-07-09,0
2021-03-22,4,7009,2021-07-09,0
2021-03-23,5,7014,2021-07-09,0
2021-03-24,0,7014,2021-07-09,0
2021-03-25,5,7019,2021-07-09,0
2021-03-26,3,7022,2021-07-09,0
2021-03-27,7,7029,2021-07-09,0
2021-03-28,6,7035,2021-07-09,0
2021-03-29,5,7040,2021-07-09,0
2021-03-30,6,7046,2021-07-09,0
2021-03-31,8,7054,2021-07-09,0
2021-04-01,6,7060,2021-07-09,0
2021-04-02,9,7069,2021-07-09,0
2021-04-03,8,7077,2021-07-09,0
2021-04-04,6,7083,2021-07-09,0
2021-04-05,8,7091,2021-07-09,0
2021-04-06,6,7097,2021-07-09,0
2021-04-07,6,7103,2021-07-09,0
2021-04-08,10,7113,2021-07-09,0
2021-04-09,6,7119,2021-07-09,0
2021-04-10,7,7126,2021-07-09,0
2021-04-11,8,7134,2021-07-09,0
2021-04-12,9,7143,2021-07-09,0
2021-04-13,6,7149,2021-07-09,0
2021-04-14,8,7157,2021-07-09,0
2021-04-15,14,7171,2021-07-09,0
2021-04-16,8,7179,2021-07-09,0
2021-04-17,7,7186,2021-07-09,0
2021-04-18,8,7194,2021-07-09,0
2021-04-19,9,7203,2021-07-09,0
2021-04-20,5,7208,2021-07-09,0
2021-04-21,8,7216,2021-07-09,0
2021-04-22,1,7217,2021-07-09,0
2021-04-23,15,7232,2021-07-09,0
2021-04-24,11,7243,2021-07-09,0
2021-04-25,15,7258,2021-07-09,0
2021-04-26,14,7272,2021-07-09,0
2021-04-27,7,7279,2021-07-09,0
2021-04-28,14,7293,2021-07-09,0
2021-04-29,8,7301,2021-07-09,0
2021-04-30,11,7312,2021-07-09,0
2021-05-01,7,7319,2021-07-09,0
2021-05-02,8,7327,2021-07-09,0
2021-05-03,5,7332,2021-07-09,0
2021-05-04,12,7344,2021-07-09,0
2021-05-05,8,7352,2021-07-09,0
2021-05-06,5,7357,2021-07-09,0
2021-05-07,8,7365,2021-07-09,0
2021-05-08,7,7372,2021-07-09,0
2021-05-09,9,7381,2021-07-09,0
2021-05-10,8,7389,2021-07-09,0
2021-05-11,6,7395,2021-07-09,0
2021-05-12,9,7404,2021-07-09,0
2021-05-13,9,7413,2021-07-09,0
2021-05-14,11,7424,2021-07-09,0
2021-05-15,9,7433,2021-07-09,0
2021-05-16,5,7438,2021-07-09,0
2021-05-17,5,7443,2021-07-09,0
2021-05-18,7,7450,2021-07-09,0
2021-05-19,2,7452,2021-07-09,0
2021-05-20,5,7457,2021-07-09,0
2021-05-21,7,7464,2021-07-09,0
2021-05-22,9,7473,2021-07-09,0
2021-05-23,5,7478,2021-07-09,0
2021-05-24,5,7483,2021-07-09,0
2021-05-25,6,7489,2021-07-09,0
2021-05-26,3,7492,2021-07-09,0
2021-05-27,7,7499,2021-07-09,0
2021-05-28,2,7501,2021-07-09,0
2021-05-29,6,7507,2021-07-09,0
2021-05-30,3,7510,2021-07-09,0
2021-05-31,3,7513,2021-07-09,0
2021-06-01,5,7518,2021-07-09,0
2021-06-02,7,7525,2021-07-09,0
2021-06-03,4,7529,2021-07-09,0
2021-06-04,4,7533,2021-07-09,0
2021-06-05,1,7534,2021-07-09,0
2021-06-06,5,7539,2021-07-09,0
2021-06-07,3,7542,2021-07-09,0
2021-06-08,5,7547,2021-07-09,0
2021-06-09,4,7551,2021-07-09,0
2021-06-10,6,7557,2021-07-09,0
2021-06-11,6,7563,2021-07-09,0
2021-06-12,4,7567,2021-07-09,0
2021-06-13,3,7570,2021-07-09,0
2021-06-14,3,7573,2021-07-09,0
2021-06-15,2,7575,2021-07-09,0
2021-06-16,2,7577,2021-07-09,0
2021-06-17,4,7581,2021-07-09,0
2021-06-18,1,7582,2021-07-09,0
2021-06-19,6,7588,2021-07-09,0
2021-06-20,1,7589,2021-07-09,0
2021-06-21,5,7594,2021-07-09,0
2021-06-22,3,7597,2021-07-09,0
2021-06-23,4,7601,2021-07-09,0
2021-06-24,3,7604,2021-07-09,0
2021-06-25,3,7607,2021-07-09,0
2021-06-26,4,7611,2021-07-09,0
2021-06-27,1,7612,2021-07-09,0
2021-06-28,1,7613,2021-07-09,0
2021-06-29,2,7615,2021-07-09,0
2021-06-30,2,7617,2021-07-09,0
2021-07-01,0,7617,2021-07-09,0
2021-07-02,0,7617,2021-07-09,0
2021-07-03,1,7618,2021-07-09,1
2021-07-04,2,7620,2021-07-09,2
2021-07-05,0,7620,2021-07-09,0
2021-07-06,2,7622,2021-07-09,2
2020-03-19,1,1,2021-07-12,0
2020-03-20,0,1,2021-07-12,0
2020-03-21,0,1,2021-07-12,0
2020-03-22,0,1,2021-07-12,0
2020-03-23,0,1,2021-07-12,0
2020-03-24,1,2,2021-07-12,0
2020-03-25,1,3,2021-07-12,0
2020-03-26,1,4,2021-07-12,0
2020-03-27,5,9,2021-07-12,0
2020-03-28,3,12,2021-07-12,0
2020-03-29,0,12,2021-07-12,0
2020-03-30,5,17,2021-07-12,0
2020-03-31,2,19,2021-07-12,0
2020-04-01,5,24,2021-07-12,0
2020-04-02,3,27,2021-07-12,0
2020-04-03,1,28,2021-07-12,0
2020-04-04,5,33,2021-07-12,0
2020-04-05,5,38,2021-07-12,0
2020-04-06,10,48,2021-07-12,0
2020-04-07,6,54,2021-07-12,0
2020-04-08,7,61,2021-07-12,0
2020-04-09,8,69,2021-07-12,0
2020-04-10,6,75,2021-07-12,0
2020-04-11,4,79,2021-07-12,0
2020-04-12,4,83,2021-07-12,0
2020-04-13,10,93,2021-07-12,0
2020-04-14,6,99,2021-07-12,0
2020-04-15,17,116,2021-07-12,0
2020-04-16,10,126,2021-07-12,0
2020-04-17,17,143,2021-07-12,0
2020-04-18,17,160,2021-07-12,0
2020-04-19,16,176,2021-07-12,0
2020-04-20,21,197,2021-07-12,0
2020-04-21,26,223,2021-07-12,0
2020-04-22,21,244,2021-07-12,0
2020-04-23,19,263,2021-07-12,0
2020-04-24,23,286,2021-07-12,0
2020-04-25,18,304,2021-07-12,0
2020-04-26,17,321,2021-07-12,0
2020-04-27,21,342,2021-07-12,0
2020-04-28,16,358,2021-07-12,0
2020-04-29,29,387,2021-07-12,0
2020-04-30,18,405,2021-07-12,0
2020-05-01,30,435,2021-07-12,0
2020-05-02,19,454,2021-07-12,0
2020-05-03,29,483,2021-07-12,0
2020-05-04,23,506,2021-07-12,0
2020-05-05,19,525,2021-07-12,0
2020-05-06,25,550,2021-07-12,0
2020-05-07,30,580,2021-07-12,0
2020-05-08,20,600,2021-07-12,0
2020-05-09,26,626,2021-07-12,0
2020-05-10,19,645,2021-07-12,0
2020-05-11,25,670,2021-07-12,0
2020-05-12,20,690,2021-07-12,0
2020-05-13,22,712,2021-07-12,0
2020-05-14,20,732,2021-07-12,0
2020-05-15,20,752,2021-07-12,0
2020-05-16,20,772,2021-07-12,0
2020-05-17,23,795,2021-07-12,0
2020-05-18,18,813,2021-07-12,0
2020-05-19,35,848,2021-07-12,0
2020-05-20,24,872,2021-07-12,0
2020-05-21,17,889,2021-07-12,0
2020-05-22,20,909,2021-07-12,0
2020-05-23,26,935,2021-07-12,0
2020-05-24,25,960,2021-07-12,0
2020-05-25,30,990,2021-07-12,0
2020-05-26,29,1019,2021-07-12,0
2020-05-27,25,1044,2021-07-12,0
2020-05-28,21,1065,2021-07-12,0
2020-05-29,17,1082,2021-07-12,0
2020-05-30,11,1093,2021-07-12,0
2020-05-31,20,1113,2021-07-12,0
2020-06-01,23,1136,2021-07-12,0
2020-06-02,21,1157,2021-07-12,0
2020-06-03,25,1182,2021-07-12,0
2020-06-04,26,1208,2021-07-12,0
2020-06-05,18,1226,2021-07-12,0
2020-06-06,12,1238,2021-07-12,0
2020-06-07,22,1260,2021-07-12,0
2020-06-08,12,1272,2021-07-12,0
2020-06-09,13,1285,2021-07-12,0
2020-06-10,10,1295,2021-07-12,0
2020-06-11,12,1307,2021-07-12,0
2020-06-12,11,1318,2021-07-12,0
2020-06-13,13,1331,2021-07-12,0
2020-06-14,11,1342,2021-07-12,0
2020-06-15,8,1350,2021-07-12,0
2020-06-16,8,1358,2021-07-12,0
2020-06-17,17,1375,2021-07-12,0
2020-06-18,9,1384,2021-07-12,0
2020-06-19,8,1392,2021-07-12,0
2020-06-20,12,1404,2021-07-12,0
2020-06-21,11,1415,2021-07-12,0
2020-06-22,6,1421,2021-07-12,0
2020-06-23,10,1431,2021-07-12,0
2020-06-24,1,1432,2021-07-12,0
2020-06-25,9,1441,2021-07-12,0
2020-06-26,6,1447,2021-07-12,0
2020-06-27,5,1452,2021-07-12,0
2020-06-28,11,1463,2021-07-12,0
2020-06-29,7,1470,2021-07-12,0
2020-06-30,9,1479,2021-07-12,0
2020-07-01,2,1481,2021-07-12,0
2020-07-02,3,1484,2021-07-12,0
2020-07-03,5,1489,2021-07-12,0
2020-07-04,4,1493,2021-07-12,0
2020-07-05,6,1499,2021-07-12,0
2020-07-06,4,1503,2021-07-12,0
2020-07-07,2,1505,2021-07-12,0
2020-07-08,9,1514,2021-07-12,0
2020-07-09,4,1518,2021-07-12,0
2020-07-10,3,1521,2021-07-12,0
2020-07-11,4,1525,2021-07-12,0
2020-07-12,6,1531,2021-07-12,0
2020-07-13,2,1533,2021-07-12,0
2020-07-14,6,1539,2021-07-12,0
2020-07-15,7,1546,2021-07-12,0
2020-07-16,3,1549,2021-07-12,0
2020-07-17,7,1556,2021-07-12,0
2020-07-18,6,1562,2021-07-12,0
2020-07-19,5,1567,2021-07-12,0
2020-07-20,3,1570,2021-07-12,0
2020-07-21,6,1576,2021-07-12,0
2020-07-22,5,1581,2021-07-12,0
2020-07-23,8,1589,2021-07-12,0
2020-07-24,6,1595,2021-07-12,0
2020-07-25,2,1597,2021-07-12,0
2020-07-26,5,1602,2021-07-12,0
2020-07-27,5,1607,2021-07-12,0
2020-07-28,7,1614,2021-07-12,0
2020-07-29,3,1617,2021-07-12,0
2020-07-30,6,1623,2021-07-12,0
2020-07-31,9,1632,2021-07-12,0
2020-08-01,4,1636,2021-07-12,0
2020-08-02,7,1643,2021-07-12,0
2020-08-03,4,1647,2021-07-12,0
2020-08-04,7,1654,2021-07-12,0
2020-08-05,8,1662,2021-07-12,0
2020-08-06,9,1671,2021-07-12,0
2020-08-07,7,1678,2021-07-12,0
2020-08-08,6,1684,2021-07-12,0
2020-08-09,10,1694,2021-07-12,0
2020-08-10,3,1697,2021-07-12,0
2020-08-11,9,1706,2021-07-12,0
2020-08-12,7,1713,2021-07-12,0
2020-08-13,5,1718,2021-07-12,0
2020-08-14,9,1727,2021-07-12,0
2020-08-15,13,1740,2021-07-12,0
2020-08-16,13,1753,2021-07-12,0
2020-08-17,6,1759,2021-07-12,0
2020-08-18,11,1770,2021-07-12,0
2020-08-19,3,1773,2021-07-12,0
2020-08-20,10,1783,2021-07-12,0
2020-08-21,12,1795,2021-07-12,0
2020-08-22,9,1804,2021-07-12,0
2020-08-23,7,1811,2021-07-12,0
2020-08-24,9,1820,2021-07-12,0
2020-08-25,4,1824,2021-07-12,0
2020-08-26,3,1827,2021-07-12,0
2020-08-27,7,1834,2021-07-12,0
2020-08-28,6,1840,2021-07-12,0
2020-08-29,3,1843,2021-07-12,0
2020-08-30,5,1848,2021-07-12,0
2020-08-31,9,1857,2021-07-12,0
2020-09-01,2,1859,2021-07-12,0
2020-09-02,7,1866,2021-07-12,0
2020-09-03,12,1878,2021-07-12,0
2020-09-04,4,1882,2021-07-12,0
2020-09-05,6,1888,2021-07-12,0
2020-09-06,12,1900,2021-07-12,0
2020-09-07,3,1903,2021-07-12,0
2020-09-08,6,1909,2021-07-12,0
2020-09-09,10,1919,2021-07-12,0
2020-09-10,9,1928,2021-07-12,0
2020-09-11,11,1939,2021-07-12,0
2020-09-12,8,1947,2021-07-12,0
2020-09-13,8,1955,2021-07-12,0
2020-09-14,2,1957,2021-07-12,0
2020-09-15,6,1963,2021-07-12,0
2020-09-16,9,1972,2021-07-12,0
2020-09-17,5,1977,2021-07-12,0
2020-09-18,6,1983,2021-07-12,0
2020-09-19,4,1987,2021-07-12,0
2020-09-20,9,1996,2021-07-12,0
2020-09-21,7,2003,2021-07-12,0
2020-09-22,8,2011,2021-07-12,0
2020-09-23,9,2020,2021-07-12,0
2020-09-24,7,2027,2021-07-12,0
2020-09-25,11,2038,2021-07-12,0
2020-09-26,9,2047,2021-07-12,0
2020-09-27,14,2061,2021-07-12,0
2020-09-28,11,2072,2021-07-12,0
2020-09-29,5,2077,2021-07-12,0
2020-09-30,16,2093,2021-07-12,0
2020-10-01,7,2100,2021-07-12,0
2020-10-02,13,2113,2021-07-12,0
2020-10-03,9,2122,2021-07-12,0
2020-10-04,7,2129,2021-07-12,0
2020-10-05,10,2139,2021-07-12,0
2020-10-06,12,2151,2021-07-12,0
2020-10-07,19,2170,2021-07-12,0
2020-10-08,9,2179,2021-07-12,0
2020-10-09,17,2196,2021-07-12,0
2020-10-10,16,2212,2021-07-12,0
2020-10-11,16,2228,2021-07-12,0
2020-10-12,20,2248,2021-07-12,0
2020-10-13,14,2262,2021-07-12,0
2020-10-14,10,2272,2021-07-12,0
2020-10-15,9,2281,2021-07-12,0
2020-10-16,12,2293,2021-07-12,0
2020-10-17,18,2311,2021-07-12,0
2020-10-18,25,2336,2021-07-12,0
2020-10-19,18,2354,2021-07-12,0
2020-10-20,15,2369,2021-07-12,0
2020-10-21,24,2393,2021-07-12,0
2020-10-22,18,2411,2021-07-12,0
2020-10-23,19,2430,2021-07-12,0
2020-10-24,8,2438,2021-07-12,0
2020-10-25,17,2455,2021-07-12,0
2020-10-26,25,2480,2021-07-12,0
2020-10-27,23,2503,2021-07-12,0
2020-10-28,29,2532,2021-07-12,0
2020-10-29,18,2550,2021-07-12,0
2020-10-30,27,2577,2021-07-12,0
2020-10-31,25,2602,2021-07-12,0
2020-11-01,21,2623,2021-07-12,0
2020-11-02,25,2648,2021-07-12,0
2020-11-03,25,2673,2021-07-12,0
2020-11-04,33,2706,2021-07-12,0
2020-11-05,37,2743,2021-07-12,0
2020-11-06,39,2782,2021-07-12,0
2020-11-07,42,2824,2021-07-12,0
2020-11-08,47,2871,2021-07-12,0
2020-11-09,36,2907,2021-07-12,0
2020-11-10,35,2942,2021-07-12,0
2020-11-11,43,2985,2021-07-12,0
2020-11-12,45,3030,2021-07-12,0
2020-11-13,40,3070,2021-07-12,0
2020-11-14,47,3117,2021-07-12,0
2020-11-15,46,3163,2021-07-12,0
2020-11-16,62,3225,2021-07-12,0
2020-11-17,56,3281,2021-07-12,0
2020-11-18,61,3342,2021-07-12,0
2020-11-19,60,3402,2021-07-12,0
2020-11-20,63,3465,2021-07-12,0
2020-11-21,58,3523,2021-07-12,0
2020-11-22,67,3590,2021-07-12,0
2020-11-23,59,3649,2021-07-12,0
2020-11-24,68,3717,2021-07-12,0
2020-11-25,72,3789,2021-07-12,0
2020-11-26,54,3843,2021-07-12,0
2020-11-27,69,3912,2021-07-12,0
2020-11-28,60,3972,2021-07-12,0
2020-11-29,68,4040,2021-07-12,0
2020-11-30,60,4100,2021-07-12,0
2020-12-01,63,4163,2021-07-12,0
2020-12-02,73,4236,2021-07-12,0
2020-12-03,86,4322,2021-07-12,0
2020-12-04,67,4389,2021-07-12,0
2020-12-05,74,4463,2021-07-12,0
2020-12-06,80,4543,2021-07-12,0
2020-12-07,75,4618,2021-07-12,0
2020-12-08,61,4679,2021-07-12,0
2020-12-09,71,4750,2021-07-12,0
2020-12-10,71,4821,2021-07-12,0
2020-12-11,70,4891,2021-07-12,0
2020-12-12,71,4962,2021-07-12,0
2020-12-13,55,5017,2021-07-12,0
2020-12-14,43,5060,2021-07-12,0
2020-12-15,65,5125,2021-07-12,0
2020-12-16,70,5195,2021-07-12,0
2020-12-17,60,5255,2021-07-12,0
2020-12-18,59,5314,2021-07-12,0
2020-12-19,56,5370,2021-07-12,0
2020-12-20,59,5429,2021-07-12,0
2020-12-21,58,5487,2021-07-12,0
2020-12-22,33,5520,2021-07-12,0
2020-12-23,44,5564,2021-07-12,0
2020-12-24,50,5614,2021-07-12,0
2020-12-25,36,5650,2021-07-12,0
2020-12-26,43,5693,2021-07-12,0
2020-12-27,41,5734,2021-07-12,0
2020-12-28,33,5767,2021-07-12,0
2020-12-29,36,5803,2021-07-12,0
2020-12-30,47,5850,2021-07-12,0
2020-12-31,36,5886,2021-07-12,0
2021-01-01,28,5914,2021-07-12,0
2021-01-02,46,5960,2021-07-12,0
2021-01-03,35,5995,2021-07-12,0
2021-01-04,31,6026,2021-07-12,0
2021-01-05,40,6066,2021-07-12,0
2021-01-06,32,6098,2021-07-12,0
2021-01-07,37,6135,2021-07-12,0
2021-01-08,32,6167,2021-07-12,0
2021-01-09,25,6192,2021-07-12,0
2021-01-10,29,6221,2021-07-12,0
2021-01-11,26,6247,2021-07-12,0
2021-01-12,32,6279,2021-07-12,0
2021-01-13,23,6302,2021-07-12,0
2021-01-14,41,6343,2021-07-12,0
2021-01-15,26,6369,2021-07-12,0
2021-01-16,28,6397,2021-07-12,0
2021-01-17,21,6418,2021-07-12,0
2021-01-18,19,6437,2021-07-12,0
2021-01-19,14,6451,2021-07-12,0
2021-01-20,26,6477,2021-07-12,0
2021-01-21,15,6492,2021-07-12,0
2021-01-22,13,6505,2021-07-12,0
2021-01-23,17,6522,2021-07-12,0
2021-01-24,24,6546,2021-07-12,0
2021-01-25,17,6563,2021-07-12,0
2021-01-26,21,6584,2021-07-12,0
2021-01-27,11,6595,2021-07-12,0
2021-01-28,12,6607,2021-07-12,0
2021-01-29,14,6621,2021-07-12,0
2021-01-30,13,6634,2021-07-12,0
2021-01-31,16,6650,2021-07-12,0
2021-02-01,16,6666,2021-07-12,0
2021-02-02,10,6676,2021-07-12,0
2021-02-03,10,6686,2021-07-12,0
2021-02-04,11,6697,2021-07-12,0
2021-02-05,9,6706,2021-07-12,0
2021-02-06,10,6716,2021-07-12,0
2021-02-07,18,6734,2021-07-12,0
2021-02-08,10,6744,2021-07-12,0
2021-02-09,14,6758,2021-07-12,0
2021-02-10,11,6769,2021-07-12,0
2021-02-11,7,6776,2021-07-12,0
2021-02-12,11,6787,2021-07-12,0
2021-02-13,7,6794,2021-07-12,0
2021-02-14,9,6803,2021-07-12,0
2021-02-15,6,6809,2021-07-12,0
2021-02-16,10,6819,2021-07-12,0
2021-02-17,8,6827,2021-07-12,0
2021-02-18,6,6833,2021-07-12,0
2021-02-19,6,6839,2021-07-12,0
2021-02-20,6,6845,2021-07-12,0
2021-02-21,3,6848,2021-07-12,0
2021-02-22,5,6853,2021-07-12,0
2021-02-23,8,6861,2021-07-12,0
2021-02-24,4,6865,2021-07-12,0
2021-02-25,5,6870,2021-07-12,0
2021-02-26,5,6875,2021-07-12,0
2021-02-27,5,6880,2021-07-12,0
2021-02-28,8,6888,2021-07-12,0
2021-03-01,7,6895,2021-07-12,0
2021-03-02,1,6896,2021-07-12,0
2021-03-03,9,6905,2021-07-12,0
2021-03-04,6,6911,2021-07-12,0
2021-03-05,10,6921,2021-07-12,0
2021-03-06,5,6926,2021-07-12,0
2021-03-07,9,6935,2021-07-12,0
2021-03-08,5,6940,2021-07-12,0
2021-03-09,7,6947,2021-07-12,0
2021-03-10,2,6949,2021-07-12,0
2021-03-11,3,6952,2021-07-12,0
2021-03-12,10,6962,2021-07-12,0
2021-03-13,5,6967,2021-07-12,0
2021-03-14,4,6971,2021-07-12,0
2021-03-15,2,6973,2021-07-12,0
2021-03-16,4,6977,2021-07-12,0
2021-03-17,4,6981,2021-07-12,0
2021-03-18,5,6986,2021-07-12,0
2021-03-19,5,6991,2021-07-12,0
2021-03-20,9,7000,2021-07-12,0
2021-03-21,5,7005,2021-07-12,0
2021-03-22,4,7009,2021-07-12,0
2021-03-23,5,7014,2021-07-12,0
2021-03-24,0,7014,2021-07-12,0
2021-03-25,5,7019,2021-07-12,0
2021-03-26,3,7022,2021-07-12,0
2021-03-27,7,7029,2021-07-12,0
2021-03-28,6,7035,2021-07-12,0
2021-03-29,5,7040,2021-07-12,0
2021-03-30,6,7046,2021-07-12,0
2021-03-31,8,7054,2021-07-12,0
2021-04-01,6,7060,2021-07-12,0
2021-04-02,9,7069,2021-07-12,0
2021-04-03,8,7077,2021-07-12,0
2021-04-04,6,7083,2021-07-12,0
2021-04-05,8,7091,2021-07-12,0
2021-04-06,6,7097,2021-07-12,0
2021-04-07,6,7103,2021-07-12,0
2021-04-08,10,7113,2021-07-12,0
2021-04-09,6,7119,2021-07-12,0
2021-04-10,7,7126,2021-07-12,0
2021-04-11,8,7134,2021-07-12,0
2021-04-12,9,7143,2021-07-12,0
2021-04-13,6,7149,2021-07-12,0
2021-04-14,8,7157,2021-07-12,0
2021-04-15,14,7171,2021-07-12,0
2021-04-16,8,7179,2021-07-12,0
2021-04-17,7,7186,2021-07-12,0
2021-04-18,8,7194,2021-07-12,0
2021-04-19,9,7203,2021-07-12,0
2021-04-20,5,7208,2021-07-12,0
2021-04-21,8,7216,2021-07-12,0
2021-04-22,1,7217,2021-07-12,0
2021-04-23,15,7232,2021-07-12,0
2021-04-24,11,7243,2021-07-12,0
2021-04-25,15,7258,2021-07-12,0
2021-04-26,14,7272,2021-07-12,0
2021-04-27,7,7279,2021-07-12,0
2021-04-28,14,7293,2021-07-12,0
2021-04-29,8,7301,2021-07-12,0
2021-04-30,11,7312,2021-07-12,0
2021-05-01,7,7319,2021-07-12,0
2021-05-02,8,7327,2021-07-12,0
2021-05-03,5,7332,2021-07-12,0
2021-05-04,12,7344,2021-07-12,0
2021-05-05,8,7352,2021-07-12,0
2021-05-06,5,7357,2021-07-12,0
2021-05-07,8,7365,2021-07-12,0
2021-05-08,7,7372,2021-07-12,0
2021-05-09,9,7381,2021-07-12,0
2021-05-10,8,7389,2021-07-12,0
2021-05-11,6,7395,2021-07-12,0
2021-05-12,9,7404,2021-07-12,0
2021-05-13,9,7413,2021-07-12,0
2021-05-14,11,7424,2021-07-12,0
2021-05-15,9,7433,2021-07-12,0
2021-05-16,5,7438,2021-07-12,0
2021-05-17,5,7443,2021-07-12,0
2021-05-18,7,7450,2021-07-12,0
2021-05-19,2,7452,2021-07-12,0
2021-05-20,5,7457,2021-07-12,0
2021-05-21,7,7464,2021-07-12,0
2021-05-22,9,7473,2021-07-12,0
2021-05-23,5,7478,2021-07-12,0
2021-05-24,5,7483,2021-07-12,0
2021-05-25,6,7489,2021-07-12,0
2021-05-26,3,7492,2021-07-12,0
2021-05-27,7,7499,2021-07-12,0
2021-05-28,2,7501,2021-07-12,0
2021-05-29,6,7507,2021-07-12,0
2021-05-30,3,7510,2021-07-12,0
2021-05-31,3,7513,2021-07-12,0
2021-06-01,5,7518,2021-07-12,0
2021-06-02,7,7525,2021-07-12,0
2021-06-03,4,7529,2021-07-12,0
2021-06-04,4,7533,2021-07-12,0
2021-06-05,1,7534,2021-07-12,0
2021-06-06,5,7539,2021-07-12,0
2021-06-07,3,7542,2021-07-12,0
2021-06-08,5,7547,2021-07-12,0
2021-06-09,4,7551,2021-07-12,0
2021-06-10,6,7557,2021-07-12,0
2021-06-11,6,7563,2021-07-12,0
2021-06-12,4,7567,2021-07-12,0
2021-06-13,3,7570,2021-07-12,0
2021-06-14,3,7573,2021-07-12,0
2021-06-15,2,7575,2021-07-12,0
2021-06-16,2,7577,2021-07-12,0
2021-06-17,4,7581,2021-07-12,0
2021-06-18,1,7582,2021-07-12,0
2021-06-19,6,7588,2021-07-12,0
2021-06-20,1,7589,2021-07-12,0
2021-06-21,5,7594,2021-07-12,0
2021-06-22,3,7597,2021-07-12,0
2021-06-23,4,7601,2021-07-12,0
2021-06-24,3,7604,2021-07-12,0
2021-06-25,3,7607,2021-07-12,0
2021-06-26,4,7611,2021-07-12,0
2021-06-27,1,7612,2021-07-12,0
2021-06-28,1,7613,2021-07-12,0
2021-06-29,2,7615,2021-07-12,0
2021-06-30,2,7617,2021-07-12,0
2021-07-01,0,7617,2021-07-12,0
2021-07-02,0,7617,2021-07-12,0
2021-07-03,2,7619,2021-07-12,1
2021-07-04,3,7622,2021-07-12,1
2021-07-05,0,7622,2021-07-12,0
2021-07-06,2,7624,2021-07-12,0
2020-03-19,1,1,2021-07-13,0
2020-03-20,0,1,2021-07-13,0
2020-03-21,0,1,2021-07-13,0
2020-03-22,0,1,2021-07-13,0
2020-03-23,0,1,2021-07-13,0
2020-03-24,1,2,2021-07-13,0
2020-03-25,1,3,2021-07-13,0
2020-03-26,1,4,2021-07-13,0
2020-03-27,5,9,2021-07-13,0
2020-03-28,3,12,2021-07-13,0
2020-03-29,0,12,2021-07-13,0
2020-03-30,5,17,2021-07-13,0
2020-03-31,2,19,2021-07-13,0
2020-04-01,5,24,2021-07-13,0
2020-04-02,3,27,2021-07-13,0
2020-04-03,1,28,2021-07-13,0
2020-04-04,5,33,2021-07-13,0
2020-04-05,5,38,2021-07-13,0
2020-04-06,10,48,2021-07-13,0
2020-04-07,6,54,2021-07-13,0
2020-04-08,7,61,2021-07-13,0
2020-04-09,8,69,2021-07-13,0
2020-04-10,6,75,2021-07-13,0
2020-04-11,4,79,2021-07-13,0
2020-04-12,4,83,2021-07-13,0
2020-04-13,10,93,2021-07-13,0
2020-04-14,6,99,2021-07-13,0
2020-04-15,17,116,2021-07-13,0
2020-04-16,10,126,2021-07-13,0
2020-04-17,17,143,2021-07-13,0
2020-04-18,17,160,2021-07-13,0
2020-04-19,16,176,2021-07-13,0
2020-04-20,21,197,2021-07-13,0
2020-04-21,26,223,2021-07-13,0
2020-04-22,21,244,2021-07-13,0
2020-04-23,19,263,2021-07-13,0
2020-04-24,23,286,2021-07-13,0
2020-04-25,18,304,2021-07-13,0
2020-04-26,17,321,2021-07-13,0
2020-04-27,21,342,2021-07-13,0
2020-04-28,16,358,2021-07-13,0
2020-04-29,29,387,2021-07-13,0
2020-04-30,18,405,2021-07-13,0
2020-05-01,30,435,2021-07-13,0
2020-05-02,19,454,2021-07-13,0
2020-05-03,29,483,2021-07-13,0
2020-05-04,23,506,2021-07-13,0
2020-05-05,19,525,2021-07-13,0
2020-05-06,25,550,2021-07-13,0
2020-05-07,30,580,2021-07-13,0
2020-05-08,20,600,2021-07-13,0
2020-05-09,26,626,2021-07-13,0
2020-05-10,19,645,2021-07-13,0
2020-05-11,25,670,2021-07-13,0
2020-05-12,20,690,2021-07-13,0
2020-05-13,22,712,2021-07-13,0
2020-05-14,20,732,2021-07-13,0
2020-05-15,20,752,2021-07-13,0
2020-05-16,20,772,2021-07-13,0
2020-05-17,23,795,2021-07-13,0
2020-05-18,18,813,2021-07-13,0
2020-05-19,35,848,2021-07-13,0
2020-05-20,24,872,2021-07-13,0
2020-05-21,17,889,2021-07-13,0
2020-05-22,20,909,2021-07-13,0
2020-05-23,26,935,2021-07-13,0
2020-05-24,25,960,2021-07-13,0
2020-05-25,30,990,2021-07-13,0
2020-05-26,29,1019,2021-07-13,0
2020-05-27,25,1044,2021-07-13,0
2020-05-28,21,1065,2021-07-13,0
2020-05-29,17,1082,2021-07-13,0
2020-05-30,11,1093,2021-07-13,0
2020-05-31,20,1113,2021-07-13,0
2020-06-01,23,1136,2021-07-13,0
2020-06-02,21,1157,2021-07-13,0
2020-06-03,25,1182,2021-07-13,0
2020-06-04,26,1208,2021-07-13,0
2020-06-05,18,1226,2021-07-13,0
2020-06-06,12,1238,2021-07-13,0
2020-06-07,22,1260,2021-07-13,0
2020-06-08,12,1272,2021-07-13,0
2020-06-09,13,1285,2021-07-13,0
2020-06-10,10,1295,2021-07-13,0
2020-06-11,12,1307,2021-07-13,0
2020-06-12,11,1318,2021-07-13,0
2020-06-13,13,1331,2021-07-13,0
2020-06-14,11,1342,2021-07-13,0
2020-06-15,8,1350,2021-07-13,0
2020-06-16,8,1358,2021-07-13,0
2020-06-17,17,1375,2021-07-13,0
2020-06-18,9,1384,2021-07-13,0
2020-06-19,8,1392,2021-07-13,0
2020-06-20,12,1404,2021-07-13,0
2020-06-21,11,1415,2021-07-13,0
2020-06-22,6,1421,2021-07-13,0
2020-06-23,10,1431,2021-07-13,0
2020-06-24,1,1432,2021-07-13,0
2020-06-25,9,1441,2021-07-13,0
2020-06-26,6,1447,2021-07-13,0
2020-06-27,5,1452,2021-07-13,0
2020-06-28,11,1463,2021-07-13,0
2020-06-29,7,1470,2021-07-13,0
2020-06-30,9,1479,2021-07-13,0
2020-07-01,2,1481,2021-07-13,0
2020-07-02,3,1484,2021-07-13,0
2020-07-03,5,1489,2021-07-13,0
2020-07-04,4,1493,2021-07-13,0
2020-07-05,6,1499,2021-07-13,0
2020-07-06,4,1503,2021-07-13,0
2020-07-07,2,1505,2021-07-13,0
2020-07-08,9,1514,2021-07-13,0
2020-07-09,4,1518,2021-07-13,0
2020-07-10,3,1521,2021-07-13,0
2020-07-11,4,1525,2021-07-13,0
2020-07-12,6,1531,2021-07-13,0
2020-07-13,2,1533,2021-07-13,0
2020-07-14,6,1539,2021-07-13,0
2020-07-15,7,1546,2021-07-13,0
2020-07-16,3,1549,2021-07-13,0
2020-07-17,7,1556,2021-07-13,0
2020-07-18,6,1562,2021-07-13,0
2020-07-19,5,1567,2021-07-13,0
2020-07-20,3,1570,2021-07-13,0
2020-07-21,6,1576,2021-07-13,0
2020-07-22,5,1581,2021-07-13,0
2020-07-23,8,1589,2021-07-13,0
2020-07-24,6,1595,2021-07-13,0
2020-07-25,2,1597,2021-07-13,0
2020-07-26,5,1602,2021-07-13,0
2020-07-27,5,1607,2021-07-13,0
2020-07-28,7,1614,2021-07-13,0
2020-07-29,3,1617,2021-07-13,0
2020-07-30,6,1623,2021-07-13,0
2020-07-31,9,1632,2021-07-13,0
2020-08-01,4,1636,2021-07-13,0
2020-08-02,7,1643,2021-07-13,0
2020-08-03,4,1647,2021-07-13,0
2020-08-04,7,1654,2021-07-13,0
2020-08-05,8,1662,2021-07-13,0
2020-08-06,9,1671,2021-07-13,0
2020-08-07,7,1678,2021-07-13,0
2020-08-08,6,1684,2021-07-13,0
2020-08-09,10,1694,2021-07-13,0
2020-08-10,3,1697,2021-07-13,0
2020-08-11,9,1706,2021-07-13,0
2020-08-12,7,1713,2021-07-13,0
2020-08-13,5,1718,2021-07-13,0
2020-08-14,9,1727,2021-07-13,0
2020-08-15,13,1740,2021-07-13,0
2020-08-16,13,1753,2021-07-13,0
2020-08-17,6,1759,2021-07-13,0
2020-08-18,11,1770,2021-07-13,0
2020-08-19,3,1773,2021-07-13,0
2020-08-20,10,1783,2021-07-13,0
2020-08-21,12,1795,2021-07-13,0
2020-08-22,9,1804,2021-07-13,0
2020-08-23,7,1811,2021-07-13,0
2020-08-24,9,1820,2021-07-13,0
2020-08-25,4,1824,2021-07-13,0
2020-08-26,3,1827,2021-07-13,0
2020-08-27,7,1834,2021-07-13,0
2020-08-28,6,1840,2021-07-13,0
2020-08-29,3,1843,2021-07-13,0
2020-08-30,5,1848,2021-07-13,0
2020-08-31,9,1857,2021-07-13,0
2020-09-01,2,1859,2021-07-13,0
2020-09-02,7,1866,2021-07-13,0
2020-09-03,12,1878,2021-07-13,0
2020-09-04,4,1882,2021-07-13,0
2020-09-05,6,1888,2021-07-13,0
2020-09-06,12,1900,2021-07-13,0
2020-09-07,3,1903,2021-07-13,0
2020-09-08,6,1909,2021-07-13,0
2020-09-09,10,1919,2021-07-13,0
2020-09-10,9,1928,2021-07-13,0
2020-09-11,11,1939,2021-07-13,0
2020-09-12,8,1947,2021-07-13,0
2020-09-13,8,1955,2021-07-13,0
2020-09-14,2,1957,2021-07-13,0
2020-09-15,6,1963,2021-07-13,0
2020-09-16,9,1972,2021-07-13,0
2020-09-17,5,1977,2021-07-13,0
2020-09-18,6,1983,2021-07-13,0
2020-09-19,4,1987,2021-07-13,0
2020-09-20,9,1996,2021-07-13,0
2020-09-21,7,2003,2021-07-13,0
2020-09-22,8,2011,2021-07-13,0
2020-09-23,9,2020,2021-07-13,0
2020-09-24,7,2027,2021-07-13,0
2020-09-25,11,2038,2021-07-13,0
2020-09-26,9,2047,2021-07-13,0
2020-09-27,14,2061,2021-07-13,0
2020-09-28,11,2072,2021-07-13,0
2020-09-29,5,2077,2021-07-13,0
2020-09-30,16,2093,2021-07-13,0
2020-10-01,7,2100,2021-07-13,0
2020-10-02,13,2113,2021-07-13,0
2020-10-03,9,2122,2021-07-13,0
2020-10-04,7,2129,2021-07-13,0
2020-10-05,10,2139,2021-07-13,0
2020-10-06,12,2151,2021-07-13,0
2020-10-07,19,2170,2021-07-13,0
2020-10-08,9,2179,2021-07-13,0
2020-10-09,17,2196,2021-07-13,0
2020-10-10,16,2212,2021-07-13,0
2020-10-11,16,2228,2021-07-13,0
2020-10-12,20,2248,2021-07-13,0
2020-10-13,14,2262,2021-07-13,0
2020-10-14,10,2272,2021-07-13,0
2020-10-15,9,2281,2021-07-13,0
2020-10-16,12,2293,2021-07-13,0
2020-10-17,18,2311,2021-07-13,0
2020-10-18,25,2336,2021-07-13,0
2020-10-19,18,2354,2021-07-13,0
2020-10-20,15,2369,2021-07-13,0
2020-10-21,24,2393,2021-07-13,0
2020-10-22,18,2411,2021-07-13,0
2020-10-23,19,2430,2021-07-13,0
2020-10-24,8,2438,2021-07-13,0
2020-10-25,17,2455,2021-07-13,0
2020-10-26,25,2480,2021-07-13,0
2020-10-27,23,2503,2021-07-13,0
2020-10-28,29,2532,2021-07-13,0
2020-10-29,18,2550,2021-07-13,0
2020-10-30,27,2577,2021-07-13,0
2020-10-31,25,2602,2021-07-13,0
2020-11-01,21,2623,2021-07-13,0
2020-11-02,25,2648,2021-07-13,0
2020-11-03,25,2673,2021-07-13,0
2020-11-04,33,2706,2021-07-13,0
2020-11-05,37,2743,2021-07-13,0
2020-11-06,39,2782,2021-07-13,0
2020-11-07,42,2824,2021-07-13,0
2020-11-08,47,2871,2021-07-13,0
2020-11-09,36,2907,2021-07-13,0
2020-11-10,35,2942,2021-07-13,0
2020-11-11,43,2985,2021-07-13,0
2020-11-12,45,3030,2021-07-13,0
2020-11-13,40,3070,2021-07-13,0
2020-11-14,47,3117,2021-07-13,0
2020-11-15,46,3163,2021-07-13,0
2020-11-16,62,3225,2021-07-13,0
2020-11-17,56,3281,2021-07-13,0
2020-11-18,61,3342,2021-07-13,0
2020-11-19,60,3402,2021-07-13,0
2020-11-20,63,3465,2021-07-13,0
2020-11-21,58,3523,2021-07-13,0
2020-11-22,67,3590,2021-07-13,0
2020-11-23,59,3649,2021-07-13,0
2020-11-24,68,3717,2021-07-13,0
2020-11-25,72,3789,2021-07-13,0
2020-11-26,54,3843,2021-07-13,0
2020-11-27,69,3912,2021-07-13,0
2020-11-28,60,3972,2021-07-13,0
2020-11-29,68,4040,2021-07-13,0
2020-11-30,60,4100,2021-07-13,0
2020-12-01,63,4163,2021-07-13,0
2020-12-02,73,4236,2021-07-13,0
2020-12-03,86,4322,2021-07-13,0
2020-12-04,67,4389,2021-07-13,0
2020-12-05,74,4463,2021-07-13,0
2020-12-06,80,4543,2021-07-13,0
2020-12-07,75,4618,2021-07-13,0
2020-12-08,61,4679,2021-07-13,0
2020-12-09,71,4750,2021-07-13,0
2020-12-10,71,4821,2021-07-13,0
2020-12-11,70,4891,2021-07-13,0
2020-12-12,71,4962,2021-07-13,0
2020-12-13,55,5017,2021-07-13,0
2020-12-14,43,5060,2021-07-13,0
2020-12-15,65,5125,2021-07-13,0
2020-12-16,70,5195,2021-07-13,0
2020-12-17,60,5255,2021-07-13,0
2020-12-18,59,5314,2021-07-13,0
2020-12-19,56,5370,2021-07-13,0
2020-12-20,59,5429,2021-07-13,0
2020-12-21,58,5487,2021-07-13,0
2020-12-22,33,5520,2021-07-13,0
2020-12-23,44,5564,2021-07-13,0
2020-12-24,50,5614,2021-07-13,0
2020-12-25,36,5650,2021-07-13,0
2020-12-26,43,5693,2021-07-13,0
2020-12-27,41,5734,2021-07-13,0
2020-12-28,33,5767,2021-07-13,0
2020-12-29,36,5803,2021-07-13,0
2020-12-30,47,5850,2021-07-13,0
2020-12-31,36,5886,2021-07-13,0
2021-01-01,28,5914,2021-07-13,0
2021-01-02,46,5960,2021-07-13,0
2021-01-03,35,5995,2021-07-13,0
2021-01-04,31,6026,2021-07-13,0
2021-01-05,40,6066,2021-07-13,0
2021-01-06,32,6098,2021-07-13,0
2021-01-07,37,6135,2021-07-13,0
2021-01-08,32,6167,2021-07-13,0
2021-01-09,25,6192,2021-07-13,0
2021-01-10,29,6221,2021-07-13,0
2021-01-11,26,6247,2021-07-13,0
2021-01-12,32,6279,2021-07-13,0
2021-01-13,23,6302,2021-07-13,0
2021-01-14,41,6343,2021-07-13,0
2021-01-15,26,6369,2021-07-13,0
2021-01-16,28,6397,2021-07-13,0
2021-01-17,21,6418,2021-07-13,0
2021-01-18,19,6437,2021-07-13,0
2021-01-19,14,6451,2021-07-13,0
2021-01-20,26,6477,2021-07-13,0
2021-01-21,15,6492,2021-07-13,0
2021-01-22,13,6505,2021-07-13,0
2021-01-23,17,6522,2021-07-13,0
2021-01-24,24,6546,2021-07-13,0
2021-01-25,17,6563,2021-07-13,0
2021-01-26,21,6584,2021-07-13,0
2021-01-27,11,6595,2021-07-13,0
2021-01-28,12,6607,2021-07-13,0
2021-01-29,14,6621,2021-07-13,0
2021-01-30,13,6634,2021-07-13,0
2021-01-31,16,6650,2021-07-13,0
2021-02-01,16,6666,2021-07-13,0
2021-02-02,10,6676,2021-07-13,0
2021-02-03,10,6686,2021-07-13,0
2021-02-04,11,6697,2021-07-13,0
2021-02-05,9,6706,2021-07-13,0
2021-02-06,10,6716,2021-07-13,0
2021-02-07,18,6734,2021-07-13,0
2021-02-08,10,6744,2021-07-13,0
2021-02-09,14,6758,2021-07-13,0
2021-02-10,11,6769,2021-07-13,0
2021-02-11,7,6776,2021-07-13,0
2021-02-12,11,6787,2021-07-13,0
2021-02-13,7,6794,2021-07-13,0
2021-02-14,9,6803,2021-07-13,0
2021-02-15,6,6809,2021-07-13,0
2021-02-16,10,6819,2021-07-13,0
2021-02-17,8,6827,2021-07-13,0
2021-02-18,6,6833,2021-07-13,0
2021-02-19,6,6839,2021-07-13,0
2021-02-20,6,6845,2021-07-13,0
2021-02-21,3,6848,2021-07-13,0
2021-02-22,5,6853,2021-07-13,0
2021-02-23,8,6861,2021-07-13,0
2021-02-24,4,6865,2021-07-13,0
2021-02-25,5,6870,2021-07-13,0
2021-02-26,5,6875,2021-07-13,0
2021-02-27,5,6880,2021-07-13,0
2021-02-28,8,6888,2021-07-13,0
2021-03-01,7,6895,2021-07-13,0
2021-03-02,1,6896,2021-07-13,0
2021-03-03,9,6905,2021-07-13,0
2021-03-04,6,6911,2021-07-13,0
2021-03-05,10,6921,2021-07-13,0
2021-03-06,5,6926,2021-07-13,0
2021-03-07,9,6935,2021-07-13,0
2021-03-08,5,6940,2021-07-13,0
2021-03-09,7,6947,2021-07-13,0
2021-03-10,2,6949,2021-07-13,0
2021-03-11,3,6952,2021-07-13,0
2021-03-12,10,6962,2021-07-13,0
2021-03-13,5,6967,2021-07-13,0
2021-03-14,4,6971,2021-07-13,0
2021-03-15,2,6973,2021-07-13,0
2021-03-16,4,6977,2021-07-13,0
2021-03-17,4,6981,2021-07-13,0
2021-03-18,5,6986,2021-07-13,0
2021-03-19,5,6991,2021-07-13,0
2021-03-20,9,7000,2021-07-13,0
2021-03-21,5,7005,2021-07-13,0
2021-03-22,4,7009,2021-07-13,0
2021-03-23,5,7014,2021-07-13,0
2021-03-24,0,7014,2021-07-13,0
2021-03-25,5,7019,2021-07-13,0
2021-03-26,3,7022,2021-07-13,0
2021-03-27,7,7029,2021-07-13,0
2021-03-28,6,7035,2021-07-13,0
2021-03-29,5,7040,2021-07-13,0
2021-03-30,6,7046,2021-07-13,0
2021-03-31,8,7054,2021-07-13,0
2021-04-01,6,7060,2021-07-13,0
2021-04-02,9,7069,2021-07-13,0
2021-04-03,8,7077,2021-07-13,0
2021-04-04,6,7083,2021-07-13,0
2021-04-05,8,7091,2021-07-13,0
2021-04-06,6,7097,2021-07-13,0
2021-04-07,6,7103,2021-07-13,0
2021-04-08,10,7113,2021-07-13,0
2021-04-09,6,7119,2021-07-13,0
2021-04-10,7,7126,2021-07-13,0
2021-04-11,8,7134,2021-07-13,0
2021-04-12,9,7143,2021-07-13,0
2021-04-13,6,7149,2021-07-13,0
2021-04-14,8,7157,2021-07-13,0
2021-04-15,14,7171,2021-07-13,0
2021-04-16,8,7179,2021-07-13,0
2021-04-17,7,7186,2021-07-13,0
2021-04-18,8,7194,2021-07-13,0
2021-04-19,9,7203,2021-07-13,0
2021-04-20,5,7208,2021-07-13,0
2021-04-21,8,7216,2021-07-13,0
2021-04-22,1,7217,2021-07-13,0
2021-04-23,15,7232,2021-07-13,0
2021-04-24,11,7243,2021-07-13,0
2021-04-25,15,7258,2021-07-13,0
2021-04-26,14,7272,2021-07-13,0
2021-04-27,7,7279,2021-07-13,0
2021-04-28,14,7293,2021-07-13,0
2021-04-29,8,7301,2021-07-13,0
2021-04-30,11,7312,2021-07-13,0
2021-05-01,7,7319,2021-07-13,0
2021-05-02,8,7327,2021-07-13,0
2021-05-03,5,7332,2021-07-13,0
2021-05-04,12,7344,2021-07-13,0
2021-05-05,8,7352,2021-07-13,0
2021-05-06,5,7357,2021-07-13,0
2021-05-07,8,7365,2021-07-13,0
2021-05-08,7,7372,2021-07-13,0
2021-05-09,9,7381,2021-07-13,0
2021-05-10,8,7389,2021-07-13,0
2021-05-11,6,7395,2021-07-13,0
2021-05-12,9,7404,2021-07-13,0
2021-05-13,9,7413,2021-07-13,0
2021-05-14,11,7424,2021-07-13,0
2021-05-15,9,7433,2021-07-13,0
2021-05-16,5,7438,2021-07-13,0
2021-05-17,5,7443,2021-07-13,0
2021-05-18,7,7450,2021-07-13,0
2021-05-19,2,7452,2021-07-13,0
2021-05-20,5,7457,2021-07-13,0
2021-05-21,7,7464,2021-07-13,0
2021-05-22,9,7473,2021-07-13,0
2021-05-23,5,7478,2021-07-13,0
2021-05-24,5,7483,2021-07-13,0
2021-05-25,6,7489,2021-07-13,0
2021-05-26,3,7492,2021-07-13,0
2021-05-27,7,7499,2021-07-13,0
2021-05-28,2,7501,2021-07-13,0
2021-05-29,6,7507,2021-07-13,0
2021-05-30,3,7510,2021-07-13,0
2021-05-31,3,7513,2021-07-13,0
2021-06-01,5,7518,2021-07-13,0
2021-06-02,7,7525,2021-07-13,0
2021-06-03,4,7529,2021-07-13,0
2021-06-04,4,7533,2021-07-13,0
2021-06-05,1,7534,2021-07-13,0
2021-06-06,5,7539,2021-07-13,0
2021-06-07,3,7542,2021-07-13,0
2021-06-08,5,7547,2021-07-13,0
2021-06-09,4,7551,2021-07-13,0
2021-06-10,6,7557,2021-07-13,0
2021-06-11,6,7563,2021-07-13,0
2021-06-12,4,7567,2021-07-13,0
2021-06-13,3,7570,2021-07-13,0
2021-06-14,3,7573,2021-07-13,0
2021-06-15,2,7575,2021-07-13,0
2021-06-16,2,7577,2021-07-13,0
2021-06-17,4,7581,2021-07-13,0
2021-06-18,1,7582,2021-07-13,0
2021-06-19,6,7588,2021-07-13,0
2021-06-20,1,7589,2021-07-13,0
2021-06-21,5,7594,2021-07-13,0
2021-06-22,3,7597,2021-07-13,0
2021-06-23,4,7601,2021-07-13,0
2021-06-24,3,7604,2021-07-13,0
2021-06-25,3,7607,2021-07-13,0
2021-06-26,4,7611,2021-07-13,0
2021-06-27,1,7612,2021-07-13,0
2021-06-28,1,7613,2021-07-13,0
2021-06-29,2,7615,2021-07-13,0
2021-06-30,2,7617,2021-07-13,0
2021-07-01,0,7617,2021-07-13,0
2021-07-02,0,7617,2021-07-13,0
2021-07-03,2,7619,2021-07-13,0
2021-07-04,3,7622,2021-07-13,0
2021-07-05,0,7622,2021-07-13,0
2021-07-06,4,7626,2021-07-13,2
2021-07-07,1,7627,2021-07-13,1
2020-03-19,1,1,2021-07-14,0
2020-03-20,0,1,2021-07-14,0
2020-03-21,0,1,2021-07-14,0
2020-03-22,0,1,2021-07-14,0
2020-03-23,0,1,2021-07-14,0
2020-03-24,1,2,2021-07-14,0
2020-03-25,1,3,2021-07-14,0
2020-03-26,1,4,2021-07-14,0
2020-03-27,5,9,2021-07-14,0
2020-03-28,3,12,2021-07-14,0
2020-03-29,0,12,2021-07-14,0
2020-03-30,5,17,2021-07-14,0
2020-03-31,2,19,2021-07-14,0
2020-04-01,5,24,2021-07-14,0
2020-04-02,3,27,2021-07-14,0
2020-04-03,1,28,2021-07-14,0
2020-04-04,5,33,2021-07-14,0
2020-04-05,5,38,2021-07-14,0
2020-04-06,10,48,2021-07-14,0
2020-04-07,6,54,2021-07-14,0
2020-04-08,7,61,2021-07-14,0
2020-04-09,8,69,2021-07-14,0
2020-04-10,6,75,2021-07-14,0
2020-04-11,4,79,2021-07-14,0
2020-04-12,4,83,2021-07-14,0
2020-04-13,10,93,2021-07-14,0
2020-04-14,6,99,2021-07-14,0
2020-04-15,17,116,2021-07-14,0
2020-04-16,10,126,2021-07-14,0
2020-04-17,17,143,2021-07-14,0
2020-04-18,17,160,2021-07-14,0
2020-04-19,16,176,2021-07-14,0
2020-04-20,21,197,2021-07-14,0
2020-04-21,26,223,2021-07-14,0
2020-04-22,21,244,2021-07-14,0
2020-04-23,19,263,2021-07-14,0
2020-04-24,23,286,2021-07-14,0
2020-04-25,18,304,2021-07-14,0
2020-04-26,17,321,2021-07-14,0
2020-04-27,21,342,2021-07-14,0
2020-04-28,16,358,2021-07-14,0
2020-04-29,29,387,2021-07-14,0
2020-04-30,18,405,2021-07-14,0
2020-05-01,30,435,2021-07-14,0
2020-05-02,19,454,2021-07-14,0
2020-05-03,29,483,2021-07-14,0
2020-05-04,23,506,2021-07-14,0
2020-05-05,19,525,2021-07-14,0
2020-05-06,25,550,2021-07-14,0
2020-05-07,30,580,2021-07-14,0
2020-05-08,20,600,2021-07-14,0
2020-05-09,26,626,2021-07-14,0
2020-05-10,19,645,2021-07-14,0
2020-05-11,25,670,2021-07-14,0
2020-05-12,20,690,2021-07-14,0
2020-05-13,22,712,2021-07-14,0
2020-05-14,20,732,2021-07-14,0
2020-05-15,20,752,2021-07-14,0
2020-05-16,20,772,2021-07-14,0
2020-05-17,23,795,2021-07-14,0
2020-05-18,18,813,2021-07-14,0
2020-05-19,35,848,2021-07-14,0
2020-05-20,24,872,2021-07-14,0
2020-05-21,17,889,2021-07-14,0
2020-05-22,20,909,2021-07-14,0
2020-05-23,26,935,2021-07-14,0
2020-05-24,25,960,2021-07-14,0
2020-05-25,30,990,2021-07-14,0
2020-05-26,29,1019,2021-07-14,0
2020-05-27,25,1044,2021-07-14,0
2020-05-28,21,1065,2021-07-14,0
2020-05-29,17,1082,2021-07-14,0
2020-05-30,11,1093,2021-07-14,0
2020-05-31,20,1113,2021-07-14,0
2020-06-01,23,1136,2021-07-14,0
2020-06-02,21,1157,2021-07-14,0
2020-06-03,25,1182,2021-07-14,0
2020-06-04,26,1208,2021-07-14,0
2020-06-05,18,1226,2021-07-14,0
2020-06-06,12,1238,2021-07-14,0
2020-06-07,22,1260,2021-07-14,0
2020-06-08,12,1272,2021-07-14,0
2020-06-09,13,1285,2021-07-14,0
2020-06-10,10,1295,2021-07-14,0
2020-06-11,12,1307,2021-07-14,0
2020-06-12,11,1318,2021-07-14,0
2020-06-13,13,1331,2021-07-14,0
2020-06-14,11,1342,2021-07-14,0
2020-06-15,8,1350,2021-07-14,0
2020-06-16,8,1358,2021-07-14,0
2020-06-17,17,1375,2021-07-14,0
2020-06-18,9,1384,2021-07-14,0
2020-06-19,8,1392,2021-07-14,0
2020-06-20,12,1404,2021-07-14,0
2020-06-21,11,1415,2021-07-14,0
2020-06-22,6,1421,2021-07-14,0
2020-06-23,10,1431,2021-07-14,0
2020-06-24,1,1432,2021-07-14,0
2020-06-25,9,1441,2021-07-14,0
2020-06-26,6,1447,2021-07-14,0
2020-06-27,5,1452,2021-07-14,0
2020-06-28,11,1463,2021-07-14,0
2020-06-29,7,1470,2021-07-14,0
2020-06-30,9,1479,2021-07-14,0
2020-07-01,2,1481,2021-07-14,0
2020-07-02,3,1484,2021-07-14,0
2020-07-03,5,1489,2021-07-14,0
2020-07-04,4,1493,2021-07-14,0
2020-07-05,6,1499,2021-07-14,0
2020-07-06,4,1503,2021-07-14,0
2020-07-07,2,1505,2021-07-14,0
2020-07-08,9,1514,2021-07-14,0
2020-07-09,4,1518,2021-07-14,0
2020-07-10,3,1521,2021-07-14,0
2020-07-11,4,1525,2021-07-14,0
2020-07-12,6,1531,2021-07-14,0
2020-07-13,2,1533,2021-07-14,0
2020-07-14,6,1539,2021-07-14,0
2020-07-15,7,1546,2021-07-14,0
2020-07-16,3,1549,2021-07-14,0
2020-07-17,7,1556,2021-07-14,0
2020-07-18,6,1562,2021-07-14,0
2020-07-19,5,1567,2021-07-14,0
2020-07-20,3,1570,2021-07-14,0
2020-07-21,6,1576,2021-07-14,0
2020-07-22,5,1581,2021-07-14,0
2020-07-23,8,1589,2021-07-14,0
2020-07-24,6,1595,2021-07-14,0
2020-07-25,2,1597,2021-07-14,0
2020-07-26,5,1602,2021-07-14,0
2020-07-27,5,1607,2021-07-14,0
2020-07-28,7,1614,2021-07-14,0
2020-07-29,3,1617,2021-07-14,0
2020-07-30,6,1623,2021-07-14,0
2020-07-31,9,1632,2021-07-14,0
2020-08-01,4,1636,2021-07-14,0
2020-08-02,7,1643,2021-07-14,0
2020-08-03,4,1647,2021-07-14,0
2020-08-04,7,1654,2021-07-14,0
2020-08-05,8,1662,2021-07-14,0
2020-08-06,9,1671,2021-07-14,0
2020-08-07,7,1678,2021-07-14,0
2020-08-08,6,1684,2021-07-14,0
2020-08-09,10,1694,2021-07-14,0
2020-08-10,3,1697,2021-07-14,0
2020-08-11,9,1706,2021-07-14,0
2020-08-12,7,1713,2021-07-14,0
2020-08-13,5,1718,2021-07-14,0
2020-08-14,9,1727,2021-07-14,0
2020-08-15,13,1740,2021-07-14,0
2020-08-16,13,1753,2021-07-14,0
2020-08-17,6,1759,2021-07-14,0
2020-08-18,11,1770,2021-07-14,0
2020-08-19,3,1773,2021-07-14,0
2020-08-20,10,1783,2021-07-14,0
2020-08-21,12,1795,2021-07-14,0
2020-08-22,9,1804,2021-07-14,0
2020-08-23,7,1811,2021-07-14,0
2020-08-24,9,1820,2021-07-14,0
2020-08-25,4,1824,2021-07-14,0
2020-08-26,3,1827,2021-07-14,0
2020-08-27,7,1834,2021-07-14,0
2020-08-28,6,1840,2021-07-14,0
2020-08-29,3,1843,2021-07-14,0
2020-08-30,5,1848,2021-07-14,0
2020-08-31,9,1857,2021-07-14,0
2020-09-01,2,1859,2021-07-14,0
2020-09-02,7,1866,2021-07-14,0
2020-09-03,12,1878,2021-07-14,0
2020-09-04,4,1882,2021-07-14,0
2020-09-05,6,1888,2021-07-14,0
2020-09-06,12,1900,2021-07-14,0
2020-09-07,3,1903,2021-07-14,0
2020-09-08,6,1909,2021-07-14,0
2020-09-09,10,1919,2021-07-14,0
2020-09-10,9,1928,2021-07-14,0
2020-09-11,11,1939,2021-07-14,0
2020-09-12,8,1947,2021-07-14,0
2020-09-13,8,1955,2021-07-14,0
2020-09-14,2,1957,2021-07-14,0
2020-09-15,6,1963,2021-07-14,0
2020-09-16,9,1972,2021-07-14,0
2020-09-17,5,1977,2021-07-14,0
2020-09-18,6,1983,2021-07-14,0
2020-09-19,4,1987,2021-07-14,0
2020-09-20,9,1996,2021-07-14,0
2020-09-21,7,2003,2021-07-14,0
2020-09-22,8,2011,2021-07-14,0
2020-09-23,9,2020,2021-07-14,0
2020-09-24,7,2027,2021-07-14,0
2020-09-25,11,2038,2021-07-14,0
2020-09-26,9,2047,2021-07-14,0
2020-09-27,14,2061,2021-07-14,0
2020-09-28,11,2072,2021-07-14,0
2020-09-29,5,2077,2021-07-14,0
2020-09-30,16,2093,2021-07-14,0
2020-10-01,7,2100,2021-07-14,0
2020-10-02,13,2113,2021-07-14,0
2020-10-03,9,2122,2021-07-14,0
2020-10-04,7,2129,2021-07-14,0
2020-10-05,10,2139,2021-07-14,0
2020-10-06,12,2151,2021-07-14,0
2020-10-07,19,2170,2021-07-14,0
2020-10-08,9,2179,2021-07-14,0
2020-10-09,17,2196,2021-07-14,0
2020-10-10,16,2212,2021-07-14,0
2020-10-11,16,2228,2021-07-14,0
2020-10-12,20,2248,2021-07-14,0
2020-10-13,14,2262,2021-07-14,0
2020-10-14,10,2272,2021-07-14,0
2020-10-15,9,2281,2021-07-14,0
2020-10-16,12,2293,2021-07-14,0
2020-10-17,18,2311,2021-07-14,0
2020-10-18,25,2336,2021-07-14,0
2020-10-19,18,2354,2021-07-14,0
2020-10-20,15,2369,2021-07-14,0
2020-10-21,24,2393,2021-07-14,0
2020-10-22,18,2411,2021-07-14,0
2020-10-23,19,2430,2021-07-14,0
2020-10-24,8,2438,2021-07-14,0
2020-10-25,17,2455,2021-07-14,0
2020-10-26,25,2480,2021-07-14,0
2020-10-27,23,2503,2021-07-14,0
2020-10-28,29,2532,2021-07-14,0
2020-10-29,18,2550,2021-07-14,0
2020-10-30,27,2577,2021-07-14,0
2020-10-31,25,2602,2021-07-14,0
2020-11-01,21,2623,2021-07-14,0
2020-11-02,25,2648,2021-07-14,0
2020-11-03,25,2673,2021-07-14,0
2020-11-04,33,2706,2021-07-14,0
2020-11-05,37,2743,2021-07-14,0
2020-11-06,39,2782,2021-07-14,0
2020-11-07,42,2824,2021-07-14,0
2020-11-08,47,2871,2021-07-14,0
2020-11-09,36,2907,2021-07-14,0
2020-11-10,35,2942,2021-07-14,0
2020-11-11,43,2985,2021-07-14,0
2020-11-12,45,3030,2021-07-14,0
2020-11-13,40,3070,2021-07-14,0
2020-11-14,47,3117,2021-07-14,0
2020-11-15,46,3163,2021-07-14,0
2020-11-16,62,3225,2021-07-14,0
2020-11-17,56,3281,2021-07-14,0
2020-11-18,61,3342,2021-07-14,0
2020-11-19,60,3402,2021-07-14,0
2020-11-20,63,3465,2021-07-14,0
2020-11-21,58,3523,2021-07-14,0
2020-11-22,67,3590,2021-07-14,0
2020-11-23,59,3649,2021-07-14,0
2020-11-24,68,3717,2021-07-14,0
2020-11-25,72,3789,2021-07-14,0
2020-11-26,54,3843,2021-07-14,0
2020-11-27,69,3912,2021-07-14,0
2020-11-28,60,3972,2021-07-14,0
2020-11-29,68,4040,2021-07-14,0
2020-11-30,60,4100,2021-07-14,0
2020-12-01,63,4163,2021-07-14,0
2020-12-02,73,4236,2021-07-14,0
2020-12-03,86,4322,2021-07-14,0
2020-12-04,67,4389,2021-07-14,0
2020-12-05,74,4463,2021-07-14,0
2020-12-06,80,4543,2021-07-14,0
2020-12-07,75,4618,2021-07-14,0
2020-12-08,61,4679,2021-07-14,0
2020-12-09,71,4750,2021-07-14,0
2020-12-10,71,4821,2021-07-14,0
2020-12-11,70,4891,2021-07-14,0
2020-12-12,71,4962,2021-07-14,0
2020-12-13,55,5017,2021-07-14,0
2020-12-14,43,5060,2021-07-14,0
2020-12-15,65,5125,2021-07-14,0
2020-12-16,70,5195,2021-07-14,0
2020-12-17,60,5255,2021-07-14,0
2020-12-18,59,5314,2021-07-14,0
2020-12-19,56,5370,2021-07-14,0
2020-12-20,59,5429,2021-07-14,0
2020-12-21,58,5487,2021-07-14,0
2020-12-22,33,5520,2021-07-14,0
2020-12-23,44,5564,2021-07-14,0
2020-12-24,50,5614,2021-07-14,0
2020-12-25,36,5650,2021-07-14,0
2020-12-26,43,5693,2021-07-14,0
2020-12-27,41,5734,2021-07-14,0
2020-12-28,33,5767,2021-07-14,0
2020-12-29,36,5803,2021-07-14,0
2020-12-30,47,5850,2021-07-14,0
2020-12-31,36,5886,2021-07-14,0
2021-01-01,28,5914,2021-07-14,0
2021-01-02,46,5960,2021-07-14,0
2021-01-03,35,5995,2021-07-14,0
2021-01-04,31,6026,2021-07-14,0
2021-01-05,40,6066,2021-07-14,0
2021-01-06,32,6098,2021-07-14,0
2021-01-07,37,6135,2021-07-14,0
2021-01-08,32,6167,2021-07-14,0
2021-01-09,25,6192,2021-07-14,0
2021-01-10,29,6221,2021-07-14,0
2021-01-11,26,6247,2021-07-14,0
2021-01-12,32,6279,2021-07-14,0
2021-01-13,23,6302,2021-07-14,0
2021-01-14,41,6343,2021-07-14,0
2021-01-15,26,6369,2021-07-14,0
2021-01-16,28,6397,2021-07-14,0
2021-01-17,21,6418,2021-07-14,0
2021-01-18,19,6437,2021-07-14,0
2021-01-19,14,6451,2021-07-14,0
2021-01-20,26,6477,2021-07-14,0
2021-01-21,15,6492,2021-07-14,0
2021-01-22,13,6505,2021-07-14,0
2021-01-23,17,6522,2021-07-14,0
2021-01-24,24,6546,2021-07-14,0
2021-01-25,17,6563,2021-07-14,0
2021-01-26,21,6584,2021-07-14,0
2021-01-27,11,6595,2021-07-14,0
2021-01-28,12,6607,2021-07-14,0
2021-01-29,14,6621,2021-07-14,0
2021-01-30,13,6634,2021-07-14,0
2021-01-31,16,6650,2021-07-14,0
2021-02-01,16,6666,2021-07-14,0
2021-02-02,10,6676,2021-07-14,0
2021-02-03,10,6686,2021-07-14,0
2021-02-04,11,6697,2021-07-14,0
2021-02-05,9,6706,2021-07-14,0
2021-02-06,10,6716,2021-07-14,0
2021-02-07,18,6734,2021-07-14,0
2021-02-08,10,6744,2021-07-14,0
2021-02-09,14,6758,2021-07-14,0
2021-02-10,11,6769,2021-07-14,0
2021-02-11,7,6776,2021-07-14,0
2021-02-12,11,6787,2021-07-14,0
2021-02-13,7,6794,2021-07-14,0
2021-02-14,9,6803,2021-07-14,0
2021-02-15,6,6809,2021-07-14,0
2021-02-16,10,6819,2021-07-14,0
2021-02-17,8,6827,2021-07-14,0
2021-02-18,6,6833,2021-07-14,0
2021-02-19,6,6839,2021-07-14,0
2021-02-20,6,6845,2021-07-14,0
2021-02-21,3,6848,2021-07-14,0
2021-02-22,5,6853,2021-07-14,0
2021-02-23,8,6861,2021-07-14,0
2021-02-24,4,6865,2021-07-14,0
2021-02-25,5,6870,2021-07-14,0
2021-02-26,5,6875,2021-07-14,0
2021-02-27,5,6880,2021-07-14,0
2021-02-28,8,6888,2021-07-14,0
2021-03-01,7,6895,2021-07-14,0
2021-03-02,1,6896,2021-07-14,0
2021-03-03,9,6905,2021-07-14,0
2021-03-04,6,6911,2021-07-14,0
2021-03-05,10,6921,2021-07-14,0
2021-03-06,5,6926,2021-07-14,0
2021-03-07,9,6935,2021-07-14,0
2021-03-08,5,6940,2021-07-14,0
2021-03-09,7,6947,2021-07-14,0
2021-03-10,2,6949,2021-07-14,0
2021-03-11,3,6952,2021-07-14,0
2021-03-12,10,6962,2021-07-14,0
2021-03-13,5,6967,2021-07-14,0
2021-03-14,4,6971,2021-07-14,0
2021-03-15,2,6973,2021-07-14,0
2021-03-16,4,6977,2021-07-14,0
2021-03-17,4,6981,2021-07-14,0
2021-03-18,5,6986,2021-07-14,0
2021-03-19,5,6991,2021-07-14,0
2021-03-20,9,7000,2021-07-14,0
2021-03-21,5,7005,2021-07-14,0
2021-03-22,4,7009,2021-07-14,0
2021-03-23,5,7014,2021-07-14,0
2021-03-24,0,7014,2021-07-14,0
2021-03-25,5,7019,2021-07-14,0
2021-03-26,3,7022,2021-07-14,0
2021-03-27,7,7029,2021-07-14,0
2021-03-28,6,7035,2021-07-14,0
2021-03-29,5,7040,2021-07-14,0
2021-03-30,6,7046,2021-07-14,0
2021-03-31,8,7054,2021-07-14,0
2021-04-01,6,7060,2021-07-14,0
2021-04-02,9,7069,2021-07-14,0
2021-04-03,8,7077,2021-07-14,0
2021-04-04,6,7083,2021-07-14,0
2021-04-05,8,7091,2021-07-14,0
2021-04-06,6,7097,2021-07-14,0
2021-04-07,6,7103,2021-07-14,0
2021-04-08,10,7113,2021-07-14,0
2021-04-09,6,7119,2021-07-14,0
2021-04-10,7,7126,2021-07-14,0
2021-04-11,8,7134,2021-07-14,0
2021-04-12,9,7143,2021-07-14,0
2021-04-13,6,7149,2021-07-14,0
2021-04-14,8,7157,2021-07-14,0
2021-04-15,14,7171,2021-07-14,0
2021-04-16,8,7179,2021-07-14,0
2021-04-17,7,7186,2021-07-14,0
2021-04-18,8,7194,2021-07-14,0
2021-04-19,9,7203,2021-07-14,0
2021-04-20,5,7208,2021-07-14,0
2021-04-21,8,7216,2021-07-14,0
2021-04-22,1,7217,2021-07-14,0
2021-04-23,15,7232,2021-07-14,0
2021-04-24,11,7243,2021-07-14,0
2021-04-25,15,7258,2021-07-14,0
2021-04-26,14,7272,2021-07-14,0
2021-04-27,7,7279,2021-07-14,0
2021-04-28,14,7293,2021-07-14,0
2021-04-29,8,7301,2021-07-14,0
2021-04-30,11,7312,2021-07-14,0
2021-05-01,7,7319,2021-07-14,0
2021-05-02,8,7327,2021-07-14,0
2021-05-03,5,7332,2021-07-14,0
2021-05-04,12,7344,2021-07-14,0
2021-05-05,8,7352,2021-07-14,0
2021-05-06,5,7357,2021-07-14,0
2021-05-07,8,7365,2021-07-14,0
2021-05-08,7,7372,2021-07-14,0
2021-05-09,9,7381,2021-07-14,0
2021-05-10,8,7389,2021-07-14,0
2021-05-11,6,7395,2021-07-14,0
2021-05-12,9,7404,2021-07-14,0
2021-05-13,9,7413,2021-07-14,0
2021-05-14,11,7424,2021-07-14,0
2021-05-15,9,7433,2021-07-14,0
2021-05-16,5,7438,2021-07-14,0
2021-05-17,5,7443,2021-07-14,0
2021-05-18,7,7450,2021-07-14,0
2021-05-19,2,7452,2021-07-14,0
2021-05-20,5,7457,2021-07-14,0
2021-05-21,7,7464,2021-07-14,0
2021-05-22,9,7473,2021-07-14,0
2021-05-23,5,7478,2021-07-14,0
2021-05-24,5,7483,2021-07-14,0
2021-05-25,6,7489,2021-07-14,0
2021-05-26,3,7492,2021-07-14,0
2021-05-27,7,7499,2021-07-14,0
2021-05-28,2,7501,2021-07-14,0
2021-05-29,6,7507,2021-07-14,0
2021-05-30,3,7510,2021-07-14,0
2021-05-31,3,7513,2021-07-14,0
2021-06-01,5,7518,2021-07-14,0
2021-06-02,7,7525,2021-07-14,0
2021-06-03,4,7529,2021-07-14,0
2021-06-04,4,7533,2021-07-14,0
2021-06-05,1,7534,2021-07-14,0
2021-06-06,5,7539,2021-07-14,0
2021-06-07,3,7542,2021-07-14,0
2021-06-08,5,7547,2021-07-14,0
2021-06-09,4,7551,2021-07-14,0
2021-06-10,6,7557,2021-07-14,0
2021-06-11,6,7563,2021-07-14,0
2021-06-12,4,7567,2021-07-14,0
2021-06-13,3,7570,2021-07-14,0
2021-06-14,3,7573,2021-07-14,0
2021-06-15,2,7575,2021-07-14,0
2021-06-16,2,7577,2021-07-14,0
2021-06-17,4,7581,2021-07-14,0
2021-06-18,1,7582,2021-07-14,0
2021-06-19,6,7588,2021-07-14,0
2021-06-20,1,7589,2021-07-14,0
2021-06-21,5,7594,2021-07-14,0
2021-06-22,3,7597,2021-07-14,0
2021-06-23,4,7601,2021-07-14,0
2021-06-24,3,7604,2021-07-14,0
2021-06-25,3,7607,2021-07-14,0
2021-06-26,4,7611,2021-07-14,0
2021-06-27,1,7612,2021-07-14,0
2021-06-28,1,7613,2021-07-14,0
2021-06-29,2,7615,2021-07-14,0
2021-06-30,2,7617,2021-07-14,0
2021-07-01,0,7617,2021-07-14,0
2021-07-02,1,7618,2021-07-14,1
2021-07-03,2,7620,2021-07-14,0
2021-07-04,3,7623,2021-07-14,0
2021-07-05,1,7624,2021-07-14,1
2021-07-06,4,7628,2021-07-14,0
2021-07-07,1,7629,2021-07-14,0
2021-07-08,1,7630,2021-07-14,1
2020-03-19,1,1,2021-07-15,0
2020-03-20,0,1,2021-07-15,0
2020-03-21,0,1,2021-07-15,0
2020-03-22,0,1,2021-07-15,0
2020-03-23,0,1,2021-07-15,0
2020-03-24,1,2,2021-07-15,0
2020-03-25,1,3,2021-07-15,0
2020-03-26,1,4,2021-07-15,0
2020-03-27,5,9,2021-07-15,0
2020-03-28,3,12,2021-07-15,0
2020-03-29,0,12,2021-07-15,0
2020-03-30,5,17,2021-07-15,0
2020-03-31,2,19,2021-07-15,0
2020-04-01,5,24,2021-07-15,0
2020-04-02,3,27,2021-07-15,0
2020-04-03,1,28,2021-07-15,0
2020-04-04,5,33,2021-07-15,0
2020-04-05,5,38,2021-07-15,0
2020-04-06,10,48,2021-07-15,0
2020-04-07,6,54,2021-07-15,0
2020-04-08,7,61,2021-07-15,0
2020-04-09,8,69,2021-07-15,0
2020-04-10,6,75,2021-07-15,0
2020-04-11,4,79,2021-07-15,0
2020-04-12,4,83,2021-07-15,0
2020-04-13,10,93,2021-07-15,0
2020-04-14,6,99,2021-07-15,0
2020-04-15,17,116,2021-07-15,0
2020-04-16,10,126,2021-07-15,0
2020-04-17,17,143,2021-07-15,0
2020-04-18,17,160,2021-07-15,0
2020-04-19,16,176,2021-07-15,0
2020-04-20,21,197,2021-07-15,0
2020-04-21,26,223,2021-07-15,0
2020-04-22,21,244,2021-07-15,0
2020-04-23,19,263,2021-07-15,0
2020-04-24,23,286,2021-07-15,0
2020-04-25,18,304,2021-07-15,0
2020-04-26,17,321,2021-07-15,0
2020-04-27,21,342,2021-07-15,0
2020-04-28,16,358,2021-07-15,0
2020-04-29,29,387,2021-07-15,0
2020-04-30,18,405,2021-07-15,0
2020-05-01,30,435,2021-07-15,0
2020-05-02,19,454,2021-07-15,0
2020-05-03,29,483,2021-07-15,0
2020-05-04,23,506,2021-07-15,0
2020-05-05,19,525,2021-07-15,0
2020-05-06,25,550,2021-07-15,0
2020-05-07,30,580,2021-07-15,0
2020-05-08,20,600,2021-07-15,0
2020-05-09,26,626,2021-07-15,0
2020-05-10,19,645,2021-07-15,0
2020-05-11,25,670,2021-07-15,0
2020-05-12,20,690,2021-07-15,0
2020-05-13,22,712,2021-07-15,0
2020-05-14,20,732,2021-07-15,0
2020-05-15,20,752,2021-07-15,0
2020-05-16,20,772,2021-07-15,0
2020-05-17,23,795,2021-07-15,0
2020-05-18,18,813,2021-07-15,0
2020-05-19,35,848,2021-07-15,0
2020-05-20,24,872,2021-07-15,0
2020-05-21,17,889,2021-07-15,0
2020-05-22,20,909,2021-07-15,0
2020-05-23,26,935,2021-07-15,0
2020-05-24,25,960,2021-07-15,0
2020-05-25,30,990,2021-07-15,0
2020-05-26,29,1019,2021-07-15,0
2020-05-27,25,1044,2021-07-15,0
2020-05-28,21,1065,2021-07-15,0
2020-05-29,17,1082,2021-07-15,0
2020-05-30,11,1093,2021-07-15,0
2020-05-31,20,1113,2021-07-15,0
2020-06-01,23,1136,2021-07-15,0
2020-06-02,21,1157,2021-07-15,0
2020-06-03,25,1182,2021-07-15,0
2020-06-04,26,1208,2021-07-15,0
2020-06-05,18,1226,2021-07-15,0
2020-06-06,12,1238,2021-07-15,0
2020-06-07,22,1260,2021-07-15,0
2020-06-08,12,1272,2021-07-15,0
2020-06-09,13,1285,2021-07-15,0
2020-06-10,10,1295,2021-07-15,0
2020-06-11,12,1307,2021-07-15,0
2020-06-12,11,1318,2021-07-15,0
2020-06-13,13,1331,2021-07-15,0
2020-06-14,11,1342,2021-07-15,0
2020-06-15,8,1350,2021-07-15,0
2020-06-16,8,1358,2021-07-15,0
2020-06-17,17,1375,2021-07-15,0
2020-06-18,9,1384,2021-07-15,0
2020-06-19,8,1392,2021-07-15,0
2020-06-20,12,1404,2021-07-15,0
2020-06-21,11,1415,2021-07-15,0
2020-06-22,6,1421,2021-07-15,0
2020-06-23,10,1431,2021-07-15,0
2020-06-24,1,1432,2021-07-15,0
2020-06-25,9,1441,2021-07-15,0
2020-06-26,6,1447,2021-07-15,0
2020-06-27,5,1452,2021-07-15,0
2020-06-28,11,1463,2021-07-15,0
2020-06-29,7,1470,2021-07-15,0
2020-06-30,9,1479,2021-07-15,0
2020-07-01,2,1481,2021-07-15,0
2020-07-02,3,1484,2021-07-15,0
2020-07-03,5,1489,2021-07-15,0
2020-07-04,4,1493,2021-07-15,0
2020-07-05,6,1499,2021-07-15,0
2020-07-06,4,1503,2021-07-15,0
2020-07-07,2,1505,2021-07-15,0
2020-07-08,9,1514,2021-07-15,0
2020-07-09,4,1518,2021-07-15,0
2020-07-10,3,1521,2021-07-15,0
2020-07-11,4,1525,2021-07-15,0
2020-07-12,6,1531,2021-07-15,0
2020-07-13,2,1533,2021-07-15,0
2020-07-14,6,1539,2021-07-15,0
2020-07-15,7,1546,2021-07-15,0
2020-07-16,3,1549,2021-07-15,0
2020-07-17,7,1556,2021-07-15,0
2020-07-18,6,1562,2021-07-15,0
2020-07-19,5,1567,2021-07-15,0
2020-07-20,3,1570,2021-07-15,0
2020-07-21,6,1576,2021-07-15,0
2020-07-22,5,1581,2021-07-15,0
2020-07-23,8,1589,2021-07-15,0
2020-07-24,6,1595,2021-07-15,0
2020-07-25,2,1597,2021-07-15,0
2020-07-26,5,1602,2021-07-15,0
2020-07-27,5,1607,2021-07-15,0
2020-07-28,7,1614,2021-07-15,0
2020-07-29,3,1617,2021-07-15,0
2020-07-30,6,1623,2021-07-15,0
2020-07-31,9,1632,2021-07-15,0
2020-08-01,4,1636,2021-07-15,0
2020-08-02,7,1643,2021-07-15,0
2020-08-03,4,1647,2021-07-15,0
2020-08-04,7,1654,2021-07-15,0
2020-08-05,8,1662,2021-07-15,0
2020-08-06,9,1671,2021-07-15,0
2020-08-07,7,1678,2021-07-15,0
2020-08-08,6,1684,2021-07-15,0
2020-08-09,10,1694,2021-07-15,0
2020-08-10,3,1697,2021-07-15,0
2020-08-11,9,1706,2021-07-15,0
2020-08-12,7,1713,2021-07-15,0
2020-08-13,5,1718,2021-07-15,0
2020-08-14,9,1727,2021-07-15,0
2020-08-15,13,1740,2021-07-15,0
2020-08-16,13,1753,2021-07-15,0
2020-08-17,6,1759,2021-07-15,0
2020-08-18,11,1770,2021-07-15,0
2020-08-19,3,1773,2021-07-15,0
2020-08-20,10,1783,2021-07-15,0
2020-08-21,12,1795,2021-07-15,0
2020-08-22,9,1804,2021-07-15,0
2020-08-23,7,1811,2021-07-15,0
2020-08-24,9,1820,2021-07-15,0
2020-08-25,4,1824,2021-07-15,0
2020-08-26,3,1827,2021-07-15,0
2020-08-27,7,1834,2021-07-15,0
2020-08-28,6,1840,2021-07-15,0
2020-08-29,3,1843,2021-07-15,0
2020-08-30,5,1848,2021-07-15,0
2020-08-31,9,1857,2021-07-15,0
2020-09-01,2,1859,2021-07-15,0
2020-09-02,7,1866,2021-07-15,0
2020-09-03,12,1878,2021-07-15,0
2020-09-04,4,1882,2021-07-15,0
2020-09-05,6,1888,2021-07-15,0
2020-09-06,12,1900,2021-07-15,0
2020-09-07,3,1903,2021-07-15,0
2020-09-08,6,1909,2021-07-15,0
2020-09-09,10,1919,2021-07-15,0
2020-09-10,9,1928,2021-07-15,0
2020-09-11,11,1939,2021-07-15,0
2020-09-12,8,1947,2021-07-15,0
2020-09-13,8,1955,2021-07-15,0
2020-09-14,2,1957,2021-07-15,0
2020-09-15,6,1963,2021-07-15,0
2020-09-16,9,1972,2021-07-15,0
2020-09-17,5,1977,2021-07-15,0
2020-09-18,6,1983,2021-07-15,0
2020-09-19,4,1987,2021-07-15,0
2020-09-20,9,1996,2021-07-15,0
2020-09-21,7,2003,2021-07-15,0
2020-09-22,8,2011,2021-07-15,0
2020-09-23,9,2020,2021-07-15,0
2020-09-24,7,2027,2021-07-15,0
2020-09-25,11,2038,2021-07-15,0
2020-09-26,9,2047,2021-07-15,0
2020-09-27,14,2061,2021-07-15,0
2020-09-28,11,2072,2021-07-15,0
2020-09-29,5,2077,2021-07-15,0
2020-09-30,16,2093,2021-07-15,0
2020-10-01,7,2100,2021-07-15,0
2020-10-02,13,2113,2021-07-15,0
2020-10-03,9,2122,2021-07-15,0
2020-10-04,7,2129,2021-07-15,0
2020-10-05,10,2139,2021-07-15,0
2020-10-06,12,2151,2021-07-15,0
2020-10-07,19,2170,2021-07-15,0
2020-10-08,9,2179,2021-07-15,0
2020-10-09,17,2196,2021-07-15,0
2020-10-10,16,2212,2021-07-15,0
2020-10-11,16,2228,2021-07-15,0
2020-10-12,20,2248,2021-07-15,0
2020-10-13,14,2262,2021-07-15,0
2020-10-14,10,2272,2021-07-15,0
2020-10-15,9,2281,2021-07-15,0
2020-10-16,12,2293,2021-07-15,0
2020-10-17,18,2311,2021-07-15,0
2020-10-18,25,2336,2021-07-15,0
2020-10-19,18,2354,2021-07-15,0
2020-10-20,15,2369,2021-07-15,0
2020-10-21,24,2393,2021-07-15,0
2020-10-22,18,2411,2021-07-15,0
2020-10-23,19,2430,2021-07-15,0
2020-10-24,8,2438,2021-07-15,0
2020-10-25,17,2455,2021-07-15,0
2020-10-26,25,2480,2021-07-15,0
2020-10-27,23,2503,2021-07-15,0
2020-10-28,29,2532,2021-07-15,0
2020-10-29,18,2550,2021-07-15,0
2020-10-30,27,2577,2021-07-15,0
2020-10-31,25,2602,2021-07-15,0
2020-11-01,21,2623,2021-07-15,0
2020-11-02,25,2648,2021-07-15,0
2020-11-03,25,2673,2021-07-15,0
2020-11-04,33,2706,2021-07-15,0
2020-11-05,37,2743,2021-07-15,0
2020-11-06,39,2782,2021-07-15,0
2020-11-07,42,2824,2021-07-15,0
2020-11-08,47,2871,2021-07-15,0
2020-11-09,36,2907,2021-07-15,0
2020-11-10,35,2942,2021-07-15,0
2020-11-11,43,2985,2021-07-15,0
2020-11-12,45,3030,2021-07-15,0
2020-11-13,40,3070,2021-07-15,0
2020-11-14,47,3117,2021-07-15,0
2020-11-15,46,3163,2021-07-15,0
2020-11-16,62,3225,2021-07-15,0
2020-11-17,56,3281,2021-07-15,0
2020-11-18,61,3342,2021-07-15,0
2020-11-19,60,3402,2021-07-15,0
2020-11-20,63,3465,2021-07-15,0
2020-11-21,58,3523,2021-07-15,0
2020-11-22,67,3590,2021-07-15,0
2020-11-23,59,3649,2021-07-15,0
2020-11-24,68,3717,2021-07-15,0
2020-11-25,72,3789,2021-07-15,0
2020-11-26,54,3843,2021-07-15,0
2020-11-27,69,3912,2021-07-15,0
2020-11-28,60,3972,2021-07-15,0
2020-11-29,68,4040,2021-07-15,0
2020-11-30,60,4100,2021-07-15,0
2020-12-01,63,4163,2021-07-15,0
2020-12-02,73,4236,2021-07-15,0
2020-12-03,86,4322,2021-07-15,0
2020-12-04,67,4389,2021-07-15,0
2020-12-05,74,4463,2021-07-15,0
2020-12-06,80,4543,2021-07-15,0
2020-12-07,75,4618,2021-07-15,0
2020-12-08,61,4679,2021-07-15,0
2020-12-09,71,4750,2021-07-15,0
2020-12-10,71,4821,2021-07-15,0
2020-12-11,70,4891,2021-07-15,0
2020-12-12,71,4962,2021-07-15,0
2020-12-13,55,5017,2021-07-15,0
2020-12-14,43,5060,2021-07-15,0
2020-12-15,65,5125,2021-07-15,0
2020-12-16,70,5195,2021-07-15,0
2020-12-17,60,5255,2021-07-15,0
2020-12-18,59,5314,2021-07-15,0
2020-12-19,56,5370,2021-07-15,0
2020-12-20,59,5429,2021-07-15,0
2020-12-21,58,5487,2021-07-15,0
2020-12-22,33,5520,2021-07-15,0
2020-12-23,44,5564,2021-07-15,0
2020-12-24,50,5614,2021-07-15,0
2020-12-25,36,5650,2021-07-15,0
2020-12-26,43,5693,2021-07-15,0
2020-12-27,41,5734,2021-07-15,0
2020-12-28,33,5767,2021-07-15,0
2020-12-29,36,5803,2021-07-15,0
2020-12-30,47,5850,2021-07-15,0
2020-12-31,36,5886,2021-07-15,0
2021-01-01,28,5914,2021-07-15,0
2021-01-02,46,5960,2021-07-15,0
2021-01-03,35,5995,2021-07-15,0
2021-01-04,31,6026,2021-07-15,0
2021-01-05,40,6066,2021-07-15,0
2021-01-06,32,6098,2021-07-15,0
2021-01-07,37,6135,2021-07-15,0
2021-01-08,32,6167,2021-07-15,0
2021-01-09,25,6192,2021-07-15,0
2021-01-10,29,6221,2021-07-15,0
2021-01-11,26,6247,2021-07-15,0
2021-01-12,32,6279,2021-07-15,0
2021-01-13,23,6302,2021-07-15,0
2021-01-14,41,6343,2021-07-15,0
2021-01-15,26,6369,2021-07-15,0
2021-01-16,28,6397,2021-07-15,0
2021-01-17,21,6418,2021-07-15,0
2021-01-18,19,6437,2021-07-15,0
2021-01-19,14,6451,2021-07-15,0
2021-01-20,26,6477,2021-07-15,0
2021-01-21,15,6492,2021-07-15,0
2021-01-22,13,6505,2021-07-15,0
2021-01-23,17,6522,2021-07-15,0
2021-01-24,24,6546,2021-07-15,0
2021-01-25,17,6563,2021-07-15,0
2021-01-26,21,6584,2021-07-15,0
2021-01-27,11,6595,2021-07-15,0
2021-01-28,12,6607,2021-07-15,0
2021-01-29,14,6621,2021-07-15,0
2021-01-30,13,6634,2021-07-15,0
2021-01-31,16,6650,2021-07-15,0
2021-02-01,16,6666,2021-07-15,0
2021-02-02,10,6676,2021-07-15,0
2021-02-03,11,6687,2021-07-15,1
2021-02-04,11,6698,2021-07-15,0
2021-02-05,9,6707,2021-07-15,0
2021-02-06,10,6717,2021-07-15,0
2021-02-07,18,6735,2021-07-15,0
2021-02-08,10,6745,2021-07-15,0
2021-02-09,14,6759,2021-07-15,0
2021-02-10,11,6770,2021-07-15,0
2021-02-11,7,6777,2021-07-15,0
2021-02-12,11,6788,2021-07-15,0
2021-02-13,7,6795,2021-07-15,0
2021-02-14,9,6804,2021-07-15,0
2021-02-15,6,6810,2021-07-15,0
2021-02-16,10,6820,2021-07-15,0
2021-02-17,8,6828,2021-07-15,0
2021-02-18,6,6834,2021-07-15,0
2021-02-19,6,6840,2021-07-15,0
2021-02-20,6,6846,2021-07-15,0
2021-02-21,3,6849,2021-07-15,0
2021-02-22,5,6854,2021-07-15,0
2021-02-23,8,6862,2021-07-15,0
2021-02-24,4,6866,2021-07-15,0
2021-02-25,5,6871,2021-07-15,0
2021-02-26,5,6876,2021-07-15,0
2021-02-27,5,6881,2021-07-15,0
2021-02-28,8,6889,2021-07-15,0
2021-03-01,7,6896,2021-07-15,0
2021-03-02,1,6897,2021-07-15,0
2021-03-03,9,6906,2021-07-15,0
2021-03-04,6,6912,2021-07-15,0
2021-03-05,10,6922,2021-07-15,0
2021-03-06,5,6927,2021-07-15,0
2021-03-07,9,6936,2021-07-15,0
2021-03-08,5,6941,2021-07-15,0
2021-03-09,7,6948,2021-07-15,0
2021-03-10,2,6950,2021-07-15,0
2021-03-11,3,6953,2021-07-15,0
2021-03-12,10,6963,2021-07-15,0
2021-03-13,5,6968,2021-07-15,0
2021-03-14,4,6972,2021-07-15,0
2021-03-15,2,6974,2021-07-15,0
2021-03-16,4,6978,2021-07-15,0
2021-03-17,4,6982,2021-07-15,0
2021-03-18,5,6987,2021-07-15,0
2021-03-19,5,6992,2021-07-15,0
2021-03-20,9,7001,2021-07-15,0
2021-03-21,5,7006,2021-07-15,0
2021-03-22,4,7010,2021-07-15,0
2021-03-23,5,7015,2021-07-15,0
2021-03-24,0,7015,2021-07-15,0
2021-03-25,5,7020,2021-07-15,0
2021-03-26,3,7023,2021-07-15,0
2021-03-27,7,7030,2021-07-15,0
2021-03-28,6,7036,2021-07-15,0
2021-03-29,5,7041,2021-07-15,0
2021-03-30,6,7047,2021-07-15,0
2021-03-31,8,7055,2021-07-15,0
2021-04-01,6,7061,2021-07-15,0
2021-04-02,9,7070,2021-07-15,0
2021-04-03,8,7078,2021-07-15,0
2021-04-04,6,7084,2021-07-15,0
2021-04-05,8,7092,2021-07-15,0
2021-04-06,6,7098,2021-07-15,0
2021-04-07,6,7104,2021-07-15,0
2021-04-08,10,7114,2021-07-15,0
2021-04-09,6,7120,2021-07-15,0
2021-04-10,7,7127,2021-07-15,0
2021-04-11,8,7135,2021-07-15,0
2021-04-12,9,7144,2021-07-15,0
2021-04-13,6,7150,2021-07-15,0
2021-04-14,8,7158,2021-07-15,0
2021-04-15,14,7172,2021-07-15,0
2021-04-16,8,7180,2021-07-15,0
2021-04-17,7,7187,2021-07-15,0
2021-04-18,8,7195,2021-07-15,0
2021-04-19,9,7204,2021-07-15,0
2021-04-20,5,7209,2021-07-15,0
2021-04-21,8,7217,2021-07-15,0
2021-04-22,1,7218,2021-07-15,0
2021-04-23,15,7233,2021-07-15,0
2021-04-24,11,7244,2021-07-15,0
2021-04-25,15,7259,2021-07-15,0
2021-04-26,14,7273,2021-07-15,0
2021-04-27,7,7280,2021-07-15,0
2021-04-28,14,7294,2021-07-15,0
2021-04-29,8,7302,2021-07-15,0
2021-04-30,11,7313,2021-07-15,0
2021-05-01,7,7320,2021-07-15,0
2021-05-02,8,7328,2021-07-15,0
2021-05-03,5,7333,2021-07-15,0
2021-05-04,12,7345,2021-07-15,0
2021-05-05,8,7353,2021-07-15,0
2021-05-06,5,7358,2021-07-15,0
2021-05-07,8,7366,2021-07-15,0
2021-05-08,7,7373,2021-07-15,0
2021-05-09,9,7382,2021-07-15,0
2021-05-10,8,7390,2021-07-15,0
2021-05-11,6,7396,2021-07-15,0
2021-05-12,9,7405,2021-07-15,0
2021-05-13,9,7414,2021-07-15,0
2021-05-14,11,7425,2021-07-15,0
2021-05-15,9,7434,2021-07-15,0
2021-05-16,5,7439,2021-07-15,0
2021-05-17,5,7444,2021-07-15,0
2021-05-18,7,7451,2021-07-15,0
2021-05-19,2,7453,2021-07-15,0
2021-05-20,5,7458,2021-07-15,0
2021-05-21,7,7465,2021-07-15,0
2021-05-22,9,7474,2021-07-15,0
2021-05-23,5,7479,2021-07-15,0
2021-05-24,5,7484,2021-07-15,0
2021-05-25,6,7490,2021-07-15,0
2021-05-26,3,7493,2021-07-15,0
2021-05-27,7,7500,2021-07-15,0
2021-05-28,2,7502,2021-07-15,0
2021-05-29,6,7508,2021-07-15,0
2021-05-30,3,7511,2021-07-15,0
2021-05-31,3,7514,2021-07-15,0
2021-06-01,5,7519,2021-07-15,0
2021-06-02,7,7526,2021-07-15,0
2021-06-03,4,7530,2021-07-15,0
2021-06-04,4,7534,2021-07-15,0
2021-06-05,1,7535,2021-07-15,0
2021-06-06,5,7540,2021-07-15,0
2021-06-07,3,7543,2021-07-15,0
2021-06-08,5,7548,2021-07-15,0
2021-06-09,4,7552,2021-07-15,0
2021-06-10,6,7558,2021-07-15,0
2021-06-11,6,7564,2021-07-15,0
2021-06-12,4,7568,2021-07-15,0
2021-06-13,3,7571,2021-07-15,0
2021-06-14,3,7574,2021-07-15,0
2021-06-15,2,7576,2021-07-15,0
2021-06-16,2,7578,2021-07-15,0
2021-06-17,4,7582,2021-07-15,0
2021-06-18,1,7583,2021-07-15,0
2021-06-19,6,7589,2021-07-15,0
2021-06-20,1,7590,2021-07-15,0
2021-06-21,5,7595,2021-07-15,0
2021-06-22,3,7598,2021-07-15,0
2021-06-23,4,7602,2021-07-15,0
2021-06-24,3,7605,2021-07-15,0
2021-06-25,3,7608,2021-07-15,0
2021-06-26,4,7612,2021-07-15,0
2021-06-27,1,7613,2021-07-15,0
2021-06-28,1,7614,2021-07-15,0
2021-06-29,2,7616,2021-07-15,0
2021-06-30,2,7618,2021-07-15,0
2021-07-01,0,7618,2021-07-15,0
2021-07-02,1,7619,2021-07-15,0
2021-07-03,2,7621,2021-07-15,0
2021-07-04,3,7624,2021-07-15,0
2021-07-05,1,7625,2021-07-15,0
2021-07-06,4,7629,2021-07-15,0
2021-07-07,1,7630,2021-07-15,0
2021-07-08,1,7631,2021-07-15,0
2021-07-09,0,7631,2021-07-15,0
2021-07-10,0,7631,2021-07-15,0
2021-07-11,1,7632,2021-07-15,1
2020-03-19,1,1,2021-07-16,0
2020-03-20,0,1,2021-07-16,0
2020-03-21,0,1,2021-07-16,0
2020-03-22,0,1,2021-07-16,0
2020-03-23,0,1,2021-07-16,0
2020-03-24,1,2,2021-07-16,0
2020-03-25,1,3,2021-07-16,0
2020-03-26,1,4,2021-07-16,0
2020-03-27,5,9,2021-07-16,0
2020-03-28,3,12,2021-07-16,0
2020-03-29,0,12,2021-07-16,0
2020-03-30,5,17,2021-07-16,0
2020-03-31,2,19,2021-07-16,0
2020-04-01,5,24,2021-07-16,0
2020-04-02,3,27,2021-07-16,0
2020-04-03,1,28,2021-07-16,0
2020-04-04,5,33,2021-07-16,0
2020-04-05,5,38,2021-07-16,0
2020-04-06,10,48,2021-07-16,0
2020-04-07,6,54,2021-07-16,0
2020-04-08,7,61,2021-07-16,0
2020-04-09,8,69,2021-07-16,0
2020-04-10,6,75,2021-07-16,0
2020-04-11,4,79,2021-07-16,0
2020-04-12,4,83,2021-07-16,0
2020-04-13,10,93,2021-07-16,0
2020-04-14,6,99,2021-07-16,0
2020-04-15,17,116,2021-07-16,0
2020-04-16,10,126,2021-07-16,0
2020-04-17,17,143,2021-07-16,0
2020-04-18,17,160,2021-07-16,0
2020-04-19,16,176,2021-07-16,0
2020-04-20,21,197,2021-07-16,0
2020-04-21,26,223,2021-07-16,0
2020-04-22,21,244,2021-07-16,0
2020-04-23,19,263,2021-07-16,0
2020-04-24,23,286,2021-07-16,0
2020-04-25,18,304,2021-07-16,0
2020-04-26,17,321,2021-07-16,0
2020-04-27,21,342,2021-07-16,0
2020-04-28,16,358,2021-07-16,0
2020-04-29,29,387,2021-07-16,0
2020-04-30,18,405,2021-07-16,0
2020-05-01,30,435,2021-07-16,0
2020-05-02,19,454,2021-07-16,0
2020-05-03,29,483,2021-07-16,0
2020-05-04,23,506,2021-07-16,0
2020-05-05,19,525,2021-07-16,0
2020-05-06,25,550,2021-07-16,0
2020-05-07,30,580,2021-07-16,0
2020-05-08,20,600,2021-07-16,0
2020-05-09,26,626,2021-07-16,0
2020-05-10,19,645,2021-07-16,0
2020-05-11,25,670,2021-07-16,0
2020-05-12,20,690,2021-07-16,0
2020-05-13,22,712,2021-07-16,0
2020-05-14,20,732,2021-07-16,0
2020-05-15,20,752,2021-07-16,0
2020-05-16,20,772,2021-07-16,0
2020-05-17,23,795,2021-07-16,0
2020-05-18,18,813,2021-07-16,0
2020-05-19,35,848,2021-07-16,0
2020-05-20,24,872,2021-07-16,0
2020-05-21,17,889,2021-07-16,0
2020-05-22,20,909,2021-07-16,0
2020-05-23,26,935,2021-07-16,0
2020-05-24,25,960,2021-07-16,0
2020-05-25,30,990,2021-07-16,0
2020-05-26,29,1019,2021-07-16,0
2020-05-27,25,1044,2021-07-16,0
2020-05-28,21,1065,2021-07-16,0
2020-05-29,17,1082,2021-07-16,0
2020-05-30,11,1093,2021-07-16,0
2020-05-31,20,1113,2021-07-16,0
2020-06-01,23,1136,2021-07-16,0
2020-06-02,21,1157,2021-07-16,0
2020-06-03,25,1182,2021-07-16,0
2020-06-04,26,1208,2021-07-16,0
2020-06-05,18,1226,2021-07-16,0
2020-06-06,12,1238,2021-07-16,0
2020-06-07,22,1260,2021-07-16,0
2020-06-08,12,1272,2021-07-16,0
2020-06-09,13,1285,2021-07-16,0
2020-06-10,10,1295,2021-07-16,0
2020-06-11,12,1307,2021-07-16,0
2020-06-12,11,1318,2021-07-16,0
2020-06-13,13,1331,2021-07-16,0
2020-06-14,11,1342,2021-07-16,0
2020-06-15,8,1350,2021-07-16,0
2020-06-16,8,1358,2021-07-16,0
2020-06-17,17,1375,2021-07-16,0
2020-06-18,9,1384,2021-07-16,0
2020-06-19,8,1392,2021-07-16,0
2020-06-20,12,1404,2021-07-16,0
2020-06-21,11,1415,2021-07-16,0
2020-06-22,6,1421,2021-07-16,0
2020-06-23,10,1431,2021-07-16,0
2020-06-24,1,1432,2021-07-16,0
2020-06-25,9,1441,2021-07-16,0
2020-06-26,6,1447,2021-07-16,0
2020-06-27,5,1452,2021-07-16,0
2020-06-28,11,1463,2021-07-16,0
2020-06-29,7,1470,2021-07-16,0
2020-06-30,9,1479,2021-07-16,0
2020-07-01,2,1481,2021-07-16,0
2020-07-02,3,1484,2021-07-16,0
2020-07-03,5,1489,2021-07-16,0
2020-07-04,4,1493,2021-07-16,0
2020-07-05,6,1499,2021-07-16,0
2020-07-06,4,1503,2021-07-16,0
2020-07-07,2,1505,2021-07-16,0
2020-07-08,9,1514,2021-07-16,0
2020-07-09,4,1518,2021-07-16,0
2020-07-10,3,1521,2021-07-16,0
2020-07-11,4,1525,2021-07-16,0
2020-07-12,6,1531,2021-07-16,0
2020-07-13,2,1533,2021-07-16,0
2020-07-14,6,1539,2021-07-16,0
2020-07-15,7,1546,2021-07-16,0
2020-07-16,3,1549,2021-07-16,0
2020-07-17,7,1556,2021-07-16,0
2020-07-18,6,1562,2021-07-16,0
2020-07-19,5,1567,2021-07-16,0
2020-07-20,3,1570,2021-07-16,0
2020-07-21,6,1576,2021-07-16,0
2020-07-22,5,1581,2021-07-16,0
2020-07-23,8,1589,2021-07-16,0
2020-07-24,6,1595,2021-07-16,0
2020-07-25,2,1597,2021-07-16,0
2020-07-26,5,1602,2021-07-16,0
2020-07-27,5,1607,2021-07-16,0
2020-07-28,7,1614,2021-07-16,0
2020-07-29,3,1617,2021-07-16,0
2020-07-30,6,1623,2021-07-16,0
2020-07-31,9,1632,2021-07-16,0
2020-08-01,4,1636,2021-07-16,0
2020-08-02,7,1643,2021-07-16,0
2020-08-03,4,1647,2021-07-16,0
2020-08-04,7,1654,2021-07-16,0
2020-08-05,8,1662,2021-07-16,0
2020-08-06,9,1671,2021-07-16,0
2020-08-07,7,1678,2021-07-16,0
2020-08-08,6,1684,2021-07-16,0
2020-08-09,10,1694,2021-07-16,0
2020-08-10,3,1697,2021-07-16,0
2020-08-11,9,1706,2021-07-16,0
2020-08-12,7,1713,2021-07-16,0
2020-08-13,5,1718,2021-07-16,0
2020-08-14,9,1727,2021-07-16,0
2020-08-15,13,1740,2021-07-16,0
2020-08-16,13,1753,2021-07-16,0
2020-08-17,6,1759,2021-07-16,0
2020-08-18,11,1770,2021-07-16,0
2020-08-19,3,1773,2021-07-16,0
2020-08-20,10,1783,2021-07-16,0
2020-08-21,12,1795,2021-07-16,0
2020-08-22,9,1804,2021-07-16,0
2020-08-23,7,1811,2021-07-16,0
2020-08-24,9,1820,2021-07-16,0
2020-08-25,4,1824,2021-07-16,0
2020-08-26,3,1827,2021-07-16,0
2020-08-27,7,1834,2021-07-16,0
2020-08-28,6,1840,2021-07-16,0
2020-08-29,3,1843,2021-07-16,0
2020-08-30,5,1848,2021-07-16,0
2020-08-31,9,1857,2021-07-16,0
2020-09-01,2,1859,2021-07-16,0
2020-09-02,7,1866,2021-07-16,0
2020-09-03,12,1878,2021-07-16,0
2020-09-04,4,1882,2021-07-16,0
2020-09-05,6,1888,2021-07-16,0
2020-09-06,12,1900,2021-07-16,0
2020-09-07,3,1903,2021-07-16,0
2020-09-08,6,1909,2021-07-16,0
2020-09-09,10,1919,2021-07-16,0
2020-09-10,9,1928,2021-07-16,0
2020-09-11,11,1939,2021-07-16,0
2020-09-12,8,1947,2021-07-16,0
2020-09-13,8,1955,2021-07-16,0
2020-09-14,2,1957,2021-07-16,0
2020-09-15,6,1963,2021-07-16,0
2020-09-16,9,1972,2021-07-16,0
2020-09-17,5,1977,2021-07-16,0
2020-09-18,6,1983,2021-07-16,0
2020-09-19,4,1987,2021-07-16,0
2020-09-20,9,1996,2021-07-16,0
2020-09-21,7,2003,2021-07-16,0
2020-09-22,8,2011,2021-07-16,0
2020-09-23,9,2020,2021-07-16,0
2020-09-24,7,2027,2021-07-16,0
2020-09-25,11,2038,2021-07-16,0
2020-09-26,9,2047,2021-07-16,0
2020-09-27,14,2061,2021-07-16,0
2020-09-28,11,2072,2021-07-16,0
2020-09-29,5,2077,2021-07-16,0
2020-09-30,16,2093,2021-07-16,0
2020-10-01,7,2100,2021-07-16,0
2020-10-02,13,2113,2021-07-16,0
2020-10-03,9,2122,2021-07-16,0
2020-10-04,7,2129,2021-07-16,0
2020-10-05,10,2139,2021-07-16,0
2020-10-06,12,2151,2021-07-16,0
2020-10-07,19,2170,2021-07-16,0
2020-10-08,9,2179,2021-07-16,0
2020-10-09,17,2196,2021-07-16,0
2020-10-10,16,2212,2021-07-16,0
2020-10-11,16,2228,2021-07-16,0
2020-10-12,20,2248,2021-07-16,0
2020-10-13,14,2262,2021-07-16,0
2020-10-14,10,2272,2021-07-16,0
2020-10-15,9,2281,2021-07-16,0
2020-10-16,12,2293,2021-07-16,0
2020-10-17,18,2311,2021-07-16,0
2020-10-18,25,2336,2021-07-16,0
2020-10-19,18,2354,2021-07-16,0
2020-10-20,15,2369,2021-07-16,0
2020-10-21,24,2393,2021-07-16,0
2020-10-22,18,2411,2021-07-16,0
2020-10-23,19,2430,2021-07-16,0
2020-10-24,8,2438,2021-07-16,0
2020-10-25,17,2455,2021-07-16,0
2020-10-26,25,2480,2021-07-16,0
2020-10-27,23,2503,2021-07-16,0
2020-10-28,29,2532,2021-07-16,0
2020-10-29,18,2550,2021-07-16,0
2020-10-30,27,2577,2021-07-16,0
2020-10-31,25,2602,2021-07-16,0
2020-11-01,21,2623,2021-07-16,0
2020-11-02,25,2648,2021-07-16,0
2020-11-03,25,2673,2021-07-16,0
2020-11-04,33,2706,2021-07-16,0
2020-11-05,37,2743,2021-07-16,0
2020-11-06,39,2782,2021-07-16,0
2020-11-07,42,2824,2021-07-16,0
2020-11-08,47,2871,2021-07-16,0
2020-11-09,36,2907,2021-07-16,0
2020-11-10,35,2942,2021-07-16,0
2020-11-11,43,2985,2021-07-16,0
2020-11-12,45,3030,2021-07-16,0
2020-11-13,40,3070,2021-07-16,0
2020-11-14,47,3117,2021-07-16,0
2020-11-15,46,3163,2021-07-16,0
2020-11-16,62,3225,2021-07-16,0
2020-11-17,56,3281,2021-07-16,0
2020-11-18,61,3342,2021-07-16,0
2020-11-19,60,3402,2021-07-16,0
2020-11-20,63,3465,2021-07-16,0
2020-11-21,58,3523,2021-07-16,0
2020-11-22,67,3590,2021-07-16,0
2020-11-23,59,3649,2021-07-16,0
2020-11-24,68,3717,2021-07-16,0
2020-11-25,72,3789,2021-07-16,0
2020-11-26,54,3843,2021-07-16,0
2020-11-27,69,3912,2021-07-16,0
2020-11-28,60,3972,2021-07-16,0
2020-11-29,68,4040,2021-07-16,0
2020-11-30,60,4100,2021-07-16,0
2020-12-01,63,4163,2021-07-16,0
2020-12-02,73,4236,2021-07-16,0
2020-12-03,86,4322,2021-07-16,0
2020-12-04,67,4389,2021-07-16,0
2020-12-05,74,4463,2021-07-16,0
2020-12-06,80,4543,2021-07-16,0
2020-12-07,75,4618,2021-07-16,0
2020-12-08,61,4679,2021-07-16,0
2020-12-09,71,4750,2021-07-16,0
2020-12-10,71,4821,2021-07-16,0
2020-12-11,70,4891,2021-07-16,0
2020-12-12,71,4962,2021-07-16,0
2020-12-13,55,5017,2021-07-16,0
2020-12-14,43,5060,2021-07-16,0
2020-12-15,65,5125,2021-07-16,0
2020-12-16,70,5195,2021-07-16,0
2020-12-17,60,5255,2021-07-16,0
2020-12-18,59,5314,2021-07-16,0
2020-12-19,56,5370,2021-07-16,0
2020-12-20,59,5429,2021-07-16,0
2020-12-21,58,5487,2021-07-16,0
2020-12-22,33,5520,2021-07-16,0
2020-12-23,44,5564,2021-07-16,0
2020-12-24,50,5614,2021-07-16,0
2020-12-25,36,5650,2021-07-16,0
2020-12-26,43,5693,2021-07-16,0
2020-12-27,41,5734,2021-07-16,0
2020-12-28,33,5767,2021-07-16,0
2020-12-29,36,5803,2021-07-16,0
2020-12-30,47,5850,2021-07-16,0
2020-12-31,36,5886,2021-07-16,0
2021-01-01,28,5914,2021-07-16,0
2021-01-02,46,5960,2021-07-16,0
2021-01-03,35,5995,2021-07-16,0
2021-01-04,31,6026,2021-07-16,0
2021-01-05,40,6066,2021-07-16,0
2021-01-06,32,6098,2021-07-16,0
2021-01-07,37,6135,2021-07-16,0
2021-01-08,32,6167,2021-07-16,0
2021-01-09,25,6192,2021-07-16,0
2021-01-10,29,6221,2021-07-16,0
2021-01-11,26,6247,2021-07-16,0
2021-01-12,32,6279,2021-07-16,0
2021-01-13,23,6302,2021-07-16,0
2021-01-14,41,6343,2021-07-16,0
2021-01-15,26,6369,2021-07-16,0
2021-01-16,28,6397,2021-07-16,0
2021-01-17,21,6418,2021-07-16,0
2021-01-18,19,6437,2021-07-16,0
2021-01-19,14,6451,2021-07-16,0
2021-01-20,26,6477,2021-07-16,0
2021-01-21,15,6492,2021-07-16,0
2021-01-22,13,6505,2021-07-16,0
2021-01-23,17,6522,2021-07-16,0
2021-01-24,24,6546,2021-07-16,0
2021-01-25,17,6563,2021-07-16,0
2021-01-26,21,6584,2021-07-16,0
2021-01-27,11,6595,2021-07-16,0
2021-01-28,12,6607,2021-07-16,0
2021-01-29,14,6621,2021-07-16,0
2021-01-30,13,6634,2021-07-16,0
2021-01-31,16,6650,2021-07-16,0
2021-02-01,16,6666,2021-07-16,0
2021-02-02,10,6676,2021-07-16,0
2021-02-03,11,6687,2021-07-16,0
2021-02-04,11,6698,2021-07-16,0
2021-02-05,9,6707,2021-07-16,0
2021-02-06,10,6717,2021-07-16,0
2021-02-07,18,6735,2021-07-16,0
2021-02-08,10,6745,2021-07-16,0
2021-02-09,14,6759,2021-07-16,0
2021-02-10,11,6770,2021-07-16,0
2021-02-11,7,6777,2021-07-16,0
2021-02-12,11,6788,2021-07-16,0
2021-02-13,7,6795,2021-07-16,0
2021-02-14,9,6804,2021-07-16,0
2021-02-15,6,6810,2021-07-16,0
2021-02-16,10,6820,2021-07-16,0
2021-02-17,8,6828,2021-07-16,0
2021-02-18,6,6834,2021-07-16,0
2021-02-19,6,6840,2021-07-16,0
2021-02-20,6,6846,2021-07-16,0
2021-02-21,3,6849,2021-07-16,0
2021-02-22,5,6854,2021-07-16,0
2021-02-23,8,6862,2021-07-16,0
2021-02-24,4,6866,2021-07-16,0
2021-02-25,5,6871,2021-07-16,0
2021-02-26,5,6876,2021-07-16,0
2021-02-27,5,6881,2021-07-16,0
2021-02-28,8,6889,2021-07-16,0
2021-03-01,7,6896,2021-07-16,0
2021-03-02,1,6897,2021-07-16,0
2021-03-03,9,6906,2021-07-16,0
2021-03-04,6,6912,2021-07-16,0
2021-03-05,10,6922,2021-07-16,0
2021-03-06,5,6927,2021-07-16,0
2021-03-07,9,6936,2021-07-16,0
2021-03-08,5,6941,2021-07-16,0
2021-03-09,7,6948,2021-07-16,0
2021-03-10,2,6950,2021-07-16,0
2021-03-11,3,6953,2021-07-16,0
2021-03-12,10,6963,2021-07-16,0
2021-03-13,5,6968,2021-07-16,0
2021-03-14,4,6972,2021-07-16,0
2021-03-15,2,6974,2021-07-16,0
2021-03-16,4,6978,2021-07-16,0
2021-03-17,4,6982,2021-07-16,0
2021-03-18,5,6987,2021-07-16,0
2021-03-19,5,6992,2021-07-16,0
2021-03-20,9,7001,2021-07-16,0
2021-03-21,5,7006,2021-07-16,0
2021-03-22,4,7010,2021-07-16,0
2021-03-23,5,7015,2021-07-16,0
2021-03-24,0,7015,2021-07-16,0
2021-03-25,5,7020,2021-07-16,0
2021-03-26,3,7023,2021-07-16,0
2021-03-27,7,7030,2021-07-16,0
2021-03-28,6,7036,2021-07-16,0
2021-03-29,5,7041,2021-07-16,0
2021-03-30,6,7047,2021-07-16,0
2021-03-31,8,7055,2021-07-16,0
2021-04-01,6,7061,2021-07-16,0
2021-04-02,9,7070,2021-07-16,0
2021-04-03,8,7078,2021-07-16,0
2021-04-04,6,7084,2021-07-16,0
2021-04-05,8,7092,2021-07-16,0
2021-04-06,6,7098,2021-07-16,0
2021-04-07,6,7104,2021-07-16,0
2021-04-08,10,7114,2021-07-16,0
2021-04-09,6,7120,2021-07-16,0
2021-04-10,7,7127,2021-07-16,0
2021-04-11,8,7135,2021-07-16,0
2021-04-12,9,7144,2021-07-16,0
2021-04-13,6,7150,2021-07-16,0
2021-04-14,8,7158,2021-07-16,0
2021-04-15,14,7172,2021-07-16,0
2021-04-16,8,7180,2021-07-16,0
2021-04-17,7,7187,2021-07-16,0
2021-04-18,8,7195,2021-07-16,0
2021-04-19,9,7204,2021-07-16,0
2021-04-20,5,7209,2021-07-16,0
2021-04-21,8,7217,2021-07-16,0
2021-04-22,1,7218,2021-07-16,0
2021-04-23,15,7233,2021-07-16,0
2021-04-24,11,7244,2021-07-16,0
2021-04-25,15,7259,2021-07-16,0
2021-04-26,14,7273,2021-07-16,0
2021-04-27,7,7280,2021-07-16,0
2021-04-28,14,7294,2021-07-16,0
2021-04-29,8,7302,2021-07-16,0
2021-04-30,11,7313,2021-07-16,0
2021-05-01,7,7320,2021-07-16,0
2021-05-02,8,7328,2021-07-16,0
2021-05-03,5,7333,2021-07-16,0
2021-05-04,12,7345,2021-07-16,0
2021-05-05,8,7353,2021-07-16,0
2021-05-06,5,7358,2021-07-16,0
2021-05-07,8,7366,2021-07-16,0
2021-05-08,7,7373,2021-07-16,0
2021-05-09,9,7382,2021-07-16,0
2021-05-10,8,7390,2021-07-16,0
2021-05-11,6,7396,2021-07-16,0
2021-05-12,9,7405,2021-07-16,0
2021-05-13,9,7414,2021-07-16,0
2021-05-14,11,7425,2021-07-16,0
2021-05-15,9,7434,2021-07-16,0
2021-05-16,5,7439,2021-07-16,0
2021-05-17,5,7444,2021-07-16,0
2021-05-18,7,7451,2021-07-16,0
2021-05-19,2,7453,2021-07-16,0
2021-05-20,5,7458,2021-07-16,0
2021-05-21,7,7465,2021-07-16,0
2021-05-22,9,7474,2021-07-16,0
2021-05-23,5,7479,2021-07-16,0
2021-05-24,5,7484,2021-07-16,0
2021-05-25,6,7490,2021-07-16,0
2021-05-26,3,7493,2021-07-16,0
2021-05-27,7,7500,2021-07-16,0
2021-05-28,2,7502,2021-07-16,0
2021-05-29,6,7508,2021-07-16,0
2021-05-30,3,7511,2021-07-16,0
2021-05-31,3,7514,2021-07-16,0
2021-06-01,5,7519,2021-07-16,0
2021-06-02,8,7527,2021-07-16,1
2021-06-03,4,7531,2021-07-16,0
2021-06-04,4,7535,2021-07-16,0
2021-06-05,1,7536,2021-07-16,0
2021-06-06,5,7541,2021-07-16,0
2021-06-07,3,7544,2021-07-16,0
2021-06-08,5,7549,2021-07-16,0
2021-06-09,4,7553,2021-07-16,0
2021-06-10,6,7559,2021-07-16,0
2021-06-11,6,7565,2021-07-16,0
2021-06-12,4,7569,2021-07-16,0
2021-06-13,3,7572,2021-07-16,0
2021-06-14,3,7575,2021-07-16,0
2021-06-15,2,7577,2021-07-16,0
2021-06-16,2,7579,2021-07-16,0
2021-06-17,4,7583,2021-07-16,0
2021-06-18,1,7584,2021-07-16,0
2021-06-19,6,7590,2021-07-16,0
2021-06-20,1,7591,2021-07-16,0
2021-06-21,5,7596,2021-07-16,0
2021-06-22,3,7599,2021-07-16,0
2021-06-23,4,7603,2021-07-16,0
2021-06-24,3,7606,2021-07-16,0
2021-06-25,3,7609,2021-07-16,0
2021-06-26,4,7613,2021-07-16,0
2021-06-27,2,7615,2021-07-16,1
2021-06-28,1,7616,2021-07-16,0
2021-06-29,2,7618,2021-07-16,0
2021-06-30,2,7620,2021-07-16,0
2021-07-01,0,7620,2021-07-16,0
2021-07-02,1,7621,2021-07-16,0
2021-07-03,2,7623,2021-07-16,0
2021-07-04,3,7626,2021-07-16,0
2021-07-05,1,7627,2021-07-16,0
2021-07-06,4,7631,2021-07-16,0
2021-07-07,1,7632,2021-07-16,0
2021-07-08,1,7633,2021-07-16,0
2021-07-09,0,7633,2021-07-16,0
2021-07-10,1,7634,2021-07-16,1
2021-07-11,1,7635,2021-07-16,0
2020-03-19,1,1,2021-07-19,0
2020-03-20,0,1,2021-07-19,0
2020-03-21,0,1,2021-07-19,0
2020-03-22,0,1,2021-07-19,0
2020-03-23,0,1,2021-07-19,0
2020-03-24,1,2,2021-07-19,0
2020-03-25,1,3,2021-07-19,0
2020-03-26,1,4,2021-07-19,0
2020-03-27,5,9,2021-07-19,0
2020-03-28,3,12,2021-07-19,0
2020-03-29,0,12,2021-07-19,0
2020-03-30,5,17,2021-07-19,0
2020-03-31,2,19,2021-07-19,0
2020-04-01,5,24,2021-07-19,0
2020-04-02,3,27,2021-07-19,0
2020-04-03,1,28,2021-07-19,0
2020-04-04,5,33,2021-07-19,0
2020-04-05,5,38,2021-07-19,0
2020-04-06,10,48,2021-07-19,0
2020-04-07,6,54,2021-07-19,0
2020-04-08,7,61,2021-07-19,0
2020-04-09,8,69,2021-07-19,0
2020-04-10,6,75,2021-07-19,0
2020-04-11,4,79,2021-07-19,0
2020-04-12,4,83,2021-07-19,0
2020-04-13,10,93,2021-07-19,0
2020-04-14,6,99,2021-07-19,0
2020-04-15,17,116,2021-07-19,0
2020-04-16,10,126,2021-07-19,0
2020-04-17,17,143,2021-07-19,0
2020-04-18,17,160,2021-07-19,0
2020-04-19,16,176,2021-07-19,0
2020-04-20,21,197,2021-07-19,0
2020-04-21,26,223,2021-07-19,0
2020-04-22,21,244,2021-07-19,0
2020-04-23,19,263,2021-07-19,0
2020-04-24,23,286,2021-07-19,0
2020-04-25,18,304,2021-07-19,0
2020-04-26,17,321,2021-07-19,0
2020-04-27,21,342,2021-07-19,0
2020-04-28,16,358,2021-07-19,0
2020-04-29,29,387,2021-07-19,0
2020-04-30,18,405,2021-07-19,0
2020-05-01,30,435,2021-07-19,0
2020-05-02,19,454,2021-07-19,0
2020-05-03,29,483,2021-07-19,0
2020-05-04,23,506,2021-07-19,0
2020-05-05,19,525,2021-07-19,0
2020-05-06,25,550,2021-07-19,0
2020-05-07,30,580,2021-07-19,0
2020-05-08,20,600,2021-07-19,0
2020-05-09,26,626,2021-07-19,0
2020-05-10,19,645,2021-07-19,0
2020-05-11,25,670,2021-07-19,0
2020-05-12,20,690,2021-07-19,0
2020-05-13,22,712,2021-07-19,0
2020-05-14,20,732,2021-07-19,0
2020-05-15,20,752,2021-07-19,0
2020-05-16,20,772,2021-07-19,0
2020-05-17,23,795,2021-07-19,0
2020-05-18,18,813,2021-07-19,0
2020-05-19,35,848,2021-07-19,0
2020-05-20,24,872,2021-07-19,0
2020-05-21,17,889,2021-07-19,0
2020-05-22,20,909,2021-07-19,0
2020-05-23,26,935,2021-07-19,0
2020-05-24,25,960,2021-07-19,0
2020-05-25,30,990,2021-07-19,0
2020-05-26,29,1019,2021-07-19,0
2020-05-27,25,1044,2021-07-19,0
2020-05-28,21,1065,2021-07-19,0
2020-05-29,17,1082,2021-07-19,0
2020-05-30,11,1093,2021-07-19,0
2020-05-31,20,1113,2021-07-19,0
2020-06-01,23,1136,2021-07-19,0
2020-06-02,21,1157,2021-07-19,0
2020-06-03,25,1182,2021-07-19,0
2020-06-04,26,1208,2021-07-19,0
2020-06-05,18,1226,2021-07-19,0
2020-06-06,12,1238,2021-07-19,0
2020-06-07,22,1260,2021-07-19,0
2020-06-08,12,1272,2021-07-19,0
2020-06-09,13,1285,2021-07-19,0
2020-06-10,10,1295,2021-07-19,0
2020-06-11,12,1307,2021-07-19,0
2020-06-12,11,1318,2021-07-19,0
2020-06-13,13,1331,2021-07-19,0
2020-06-14,11,1342,2021-07-19,0
2020-06-15,8,1350,2021-07-19,0
2020-06-16,8,1358,2021-07-19,0
2020-06-17,17,1375,2021-07-19,0
2020-06-18,9,1384,2021-07-19,0
2020-06-19,8,1392,2021-07-19,0
2020-06-20,12,1404,2021-07-19,0
2020-06-21,11,1415,2021-07-19,0
2020-06-22,6,1421,2021-07-19,0
2020-06-23,10,1431,2021-07-19,0
2020-06-24,1,1432,2021-07-19,0
2020-06-25,9,1441,2021-07-19,0
2020-06-26,6,1447,2021-07-19,0
2020-06-27,5,1452,2021-07-19,0
2020-06-28,11,1463,2021-07-19,0
2020-06-29,7,1470,2021-07-19,0
2020-06-30,9,1479,2021-07-19,0
2020-07-01,2,1481,2021-07-19,0
2020-07-02,3,1484,2021-07-19,0
2020-07-03,5,1489,2021-07-19,0
2020-07-04,4,1493,2021-07-19,0
2020-07-05,6,1499,2021-07-19,0
2020-07-06,4,1503,2021-07-19,0
2020-07-07,2,1505,2021-07-19,0
2020-07-08,9,1514,2021-07-19,0
2020-07-09,4,1518,2021-07-19,0
2020-07-10,3,1521,2021-07-19,0
2020-07-11,4,1525,2021-07-19,0
2020-07-12,6,1531,2021-07-19,0
2020-07-13,2,1533,2021-07-19,0
2020-07-14,6,1539,2021-07-19,0
2020-07-15,7,1546,2021-07-19,0
2020-07-16,3,1549,2021-07-19,0
2020-07-17,7,1556,2021-07-19,0
2020-07-18,6,1562,2021-07-19,0
2020-07-19,5,1567,2021-07-19,0
2020-07-20,3,1570,2021-07-19,0
2020-07-21,6,1576,2021-07-19,0
2020-07-22,5,1581,2021-07-19,0
2020-07-23,8,1589,2021-07-19,0
2020-07-24,6,1595,2021-07-19,0
2020-07-25,2,1597,2021-07-19,0
2020-07-26,5,1602,2021-07-19,0
2020-07-27,5,1607,2021-07-19,0
2020-07-28,7,1614,2021-07-19,0
2020-07-29,3,1617,2021-07-19,0
2020-07-30,6,1623,2021-07-19,0
2020-07-31,9,1632,2021-07-19,0
2020-08-01,4,1636,2021-07-19,0
2020-08-02,7,1643,2021-07-19,0
2020-08-03,4,1647,2021-07-19,0
2020-08-04,7,1654,2021-07-19,0
2020-08-05,8,1662,2021-07-19,0
2020-08-06,9,1671,2021-07-19,0
2020-08-07,7,1678,2021-07-19,0
2020-08-08,6,1684,2021-07-19,0
2020-08-09,10,1694,2021-07-19,0
2020-08-10,3,1697,2021-07-19,0
2020-08-11,9,1706,2021-07-19,0
2020-08-12,7,1713,2021-07-19,0
2020-08-13,5,1718,2021-07-19,0
2020-08-14,9,1727,2021-07-19,0
2020-08-15,13,1740,2021-07-19,0
2020-08-16,13,1753,2021-07-19,0
2020-08-17,6,1759,2021-07-19,0
2020-08-18,11,1770,2021-07-19,0
2020-08-19,3,1773,2021-07-19,0
2020-08-20,10,1783,2021-07-19,0
2020-08-21,12,1795,2021-07-19,0
2020-08-22,9,1804,2021-07-19,0
2020-08-23,7,1811,2021-07-19,0
2020-08-24,9,1820,2021-07-19,0
2020-08-25,4,1824,2021-07-19,0
2020-08-26,3,1827,2021-07-19,0
2020-08-27,7,1834,2021-07-19,0
2020-08-28,6,1840,2021-07-19,0
2020-08-29,3,1843,2021-07-19,0
2020-08-30,5,1848,2021-07-19,0
2020-08-31,9,1857,2021-07-19,0
2020-09-01,2,1859,2021-07-19,0
2020-09-02,7,1866,2021-07-19,0
2020-09-03,12,1878,2021-07-19,0
2020-09-04,4,1882,2021-07-19,0
2020-09-05,6,1888,2021-07-19,0
2020-09-06,12,1900,2021-07-19,0
2020-09-07,3,1903,2021-07-19,0
2020-09-08,6,1909,2021-07-19,0
2020-09-09,10,1919,2021-07-19,0
2020-09-10,9,1928,2021-07-19,0
2020-09-11,11,1939,2021-07-19,0
2020-09-12,8,1947,2021-07-19,0
2020-09-13,8,1955,2021-07-19,0
2020-09-14,2,1957,2021-07-19,0
2020-09-15,6,1963,2021-07-19,0
2020-09-16,9,1972,2021-07-19,0
2020-09-17,5,1977,2021-07-19,0
2020-09-18,6,1983,2021-07-19,0
2020-09-19,4,1987,2021-07-19,0
2020-09-20,9,1996,2021-07-19,0
2020-09-21,7,2003,2021-07-19,0
2020-09-22,8,2011,2021-07-19,0
2020-09-23,9,2020,2021-07-19,0
2020-09-24,7,2027,2021-07-19,0
2020-09-25,11,2038,2021-07-19,0
2020-09-26,9,2047,2021-07-19,0
2020-09-27,14,2061,2021-07-19,0
2020-09-28,11,2072,2021-07-19,0
2020-09-29,5,2077,2021-07-19,0
2020-09-30,16,2093,2021-07-19,0
2020-10-01,7,2100,2021-07-19,0
2020-10-02,13,2113,2021-07-19,0
2020-10-03,9,2122,2021-07-19,0
2020-10-04,7,2129,2021-07-19,0
2020-10-05,10,2139,2021-07-19,0
2020-10-06,12,2151,2021-07-19,0
2020-10-07,19,2170,2021-07-19,0
2020-10-08,9,2179,2021-07-19,0
2020-10-09,17,2196,2021-07-19,0
2020-10-10,16,2212,2021-07-19,0
2020-10-11,16,2228,2021-07-19,0
2020-10-12,20,2248,2021-07-19,0
2020-10-13,14,2262,2021-07-19,0
2020-10-14,10,2272,2021-07-19,0
2020-10-15,9,2281,2021-07-19,0
2020-10-16,12,2293,2021-07-19,0
2020-10-17,18,2311,2021-07-19,0
2020-10-18,25,2336,2021-07-19,0
2020-10-19,18,2354,2021-07-19,0
2020-10-20,15,2369,2021-07-19,0
2020-10-21,24,2393,2021-07-19,0
2020-10-22,18,2411,2021-07-19,0
2020-10-23,19,2430,2021-07-19,0
2020-10-24,8,2438,2021-07-19,0
2020-10-25,17,2455,2021-07-19,0
2020-10-26,25,2480,2021-07-19,0
2020-10-27,23,2503,2021-07-19,0
2020-10-28,29,2532,2021-07-19,0
2020-10-29,18,2550,2021-07-19,0
2020-10-30,27,2577,2021-07-19,0
2020-10-31,25,2602,2021-07-19,0
2020-11-01,21,2623,2021-07-19,0
2020-11-02,25,2648,2021-07-19,0
2020-11-03,25,2673,2021-07-19,0
2020-11-04,33,2706,2021-07-19,0
2020-11-05,37,2743,2021-07-19,0
2020-11-06,39,2782,2021-07-19,0
2020-11-07,42,2824,2021-07-19,0
2020-11-08,47,2871,2021-07-19,0
2020-11-09,36,2907,2021-07-19,0
2020-11-10,35,2942,2021-07-19,0
2020-11-11,43,2985,2021-07-19,0
2020-11-12,45,3030,2021-07-19,0
2020-11-13,40,3070,2021-07-19,0
2020-11-14,47,3117,2021-07-19,0
2020-11-15,46,3163,2021-07-19,0
2020-11-16,62,3225,2021-07-19,0
2020-11-17,56,3281,2021-07-19,0
2020-11-18,61,3342,2021-07-19,0
2020-11-19,60,3402,2021-07-19,0
2020-11-20,63,3465,2021-07-19,0
2020-11-21,58,3523,2021-07-19,0
2020-11-22,67,3590,2021-07-19,0
2020-11-23,59,3649,2021-07-19,0
2020-11-24,68,3717,2021-07-19,0
2020-11-25,72,3789,2021-07-19,0
2020-11-26,54,3843,2021-07-19,0
2020-11-27,69,3912,2021-07-19,0
2020-11-28,60,3972,2021-07-19,0
2020-11-29,68,4040,2021-07-19,0
2020-11-30,60,4100,2021-07-19,0
2020-12-01,63,4163,2021-07-19,0
2020-12-02,73,4236,2021-07-19,0
2020-12-03,86,4322,2021-07-19,0
2020-12-04,67,4389,2021-07-19,0
2020-12-05,74,4463,2021-07-19,0
2020-12-06,80,4543,2021-07-19,0
2020-12-07,75,4618,2021-07-19,0
2020-12-08,61,4679,2021-07-19,0
2020-12-09,71,4750,2021-07-19,0
2020-12-10,71,4821,2021-07-19,0
2020-12-11,70,4891,2021-07-19,0
2020-12-12,71,4962,2021-07-19,0
2020-12-13,55,5017,2021-07-19,0
2020-12-14,43,5060,2021-07-19,0
2020-12-15,65,5125,2021-07-19,0
2020-12-16,70,5195,2021-07-19,0
2020-12-17,60,5255,2021-07-19,0
2020-12-18,59,5314,2021-07-19,0
2020-12-19,56,5370,2021-07-19,0
2020-12-20,59,5429,2021-07-19,0
2020-12-21,58,5487,2021-07-19,0
2020-12-22,33,5520,2021-07-19,0
2020-12-23,44,5564,2021-07-19,0
2020-12-24,50,5614,2021-07-19,0
2020-12-25,36,5650,2021-07-19,0
2020-12-26,43,5693,2021-07-19,0
2020-12-27,41,5734,2021-07-19,0
2020-12-28,33,5767,2021-07-19,0
2020-12-29,36,5803,2021-07-19,0
2020-12-30,47,5850,2021-07-19,0
2020-12-31,36,5886,2021-07-19,0
2021-01-01,28,5914,2021-07-19,0
2021-01-02,46,5960,2021-07-19,0
2021-01-03,35,5995,2021-07-19,0
2021-01-04,31,6026,2021-07-19,0
2021-01-05,40,6066,2021-07-19,0
2021-01-06,32,6098,2021-07-19,0
2021-01-07,37,6135,2021-07-19,0
2021-01-08,32,6167,2021-07-19,0
2021-01-09,25,6192,2021-07-19,0
2021-01-10,29,6221,2021-07-19,0
2021-01-11,26,6247,2021-07-19,0
2021-01-12,32,6279,2021-07-19,0
2021-01-13,23,6302,2021-07-19,0
2021-01-14,41,6343,2021-07-19,0
2021-01-15,26,6369,2021-07-19,0
2021-01-16,28,6397,2021-07-19,0
2021-01-17,21,6418,2021-07-19,0
2021-01-18,19,6437,2021-07-19,0
2021-01-19,14,6451,2021-07-19,0
2021-01-20,26,6477,2021-07-19,0
2021-01-21,15,6492,2021-07-19,0
2021-01-22,13,6505,2021-07-19,0
2021-01-23,17,6522,2021-07-19,0
2021-01-24,24,6546,2021-07-19,0
2021-01-25,17,6563,2021-07-19,0
2021-01-26,21,6584,2021-07-19,0
2021-01-27,11,6595,2021-07-19,0
2021-01-28,12,6607,2021-07-19,0
2021-01-29,14,6621,2021-07-19,0
2021-01-30,13,6634,2021-07-19,0
2021-01-31,16,6650,2021-07-19,0
2021-02-01,16,6666,2021-07-19,0
2021-02-02,10,6676,2021-07-19,0
2021-02-03,11,6687,2021-07-19,0
2021-02-04,11,6698,2021-07-19,0
2021-02-05,9,6707,2021-07-19,0
2021-02-06,10,6717,2021-07-19,0
2021-02-07,18,6735,2021-07-19,0
2021-02-08,10,6745,2021-07-19,0
2021-02-09,14,6759,2021-07-19,0
2021-02-10,11,6770,2021-07-19,0
2021-02-11,7,6777,2021-07-19,0
2021-02-12,11,6788,2021-07-19,0
2021-02-13,7,6795,2021-07-19,0
2021-02-14,9,6804,2021-07-19,0
2021-02-15,6,6810,2021-07-19,0
2021-02-16,10,6820,2021-07-19,0
2021-02-17,8,6828,2021-07-19,0
2021-02-18,6,6834,2021-07-19,0
2021-02-19,6,6840,2021-07-19,0
2021-02-20,6,6846,2021-07-19,0
2021-02-21,3,6849,2021-07-19,0
2021-02-22,5,6854,2021-07-19,0
2021-02-23,8,6862,2021-07-19,0
2021-02-24,4,6866,2021-07-19,0
2021-02-25,5,6871,2021-07-19,0
2021-02-26,5,6876,2021-07-19,0
2021-02-27,5,6881,2021-07-19,0
2021-02-28,8,6889,2021-07-19,0
2021-03-01,7,6896,2021-07-19,0
2021-03-02,1,6897,2021-07-19,0
2021-03-03,9,6906,2021-07-19,0
2021-03-04,6,6912,2021-07-19,0
2021-03-05,10,6922,2021-07-19,0
2021-03-06,5,6927,2021-07-19,0
2021-03-07,9,6936,2021-07-19,0
2021-03-08,5,6941,2021-07-19,0
2021-03-09,7,6948,2021-07-19,0
2021-03-10,2,6950,2021-07-19,0
2021-03-11,3,6953,2021-07-19,0
2021-03-12,10,6963,2021-07-19,0
2021-03-13,5,6968,2021-07-19,0
2021-03-14,4,6972,2021-07-19,0
2021-03-15,2,6974,2021-07-19,0
2021-03-16,4,6978,2021-07-19,0
2021-03-17,4,6982,2021-07-19,0
2021-03-18,5,6987,2021-07-19,0
2021-03-19,5,6992,2021-07-19,0
2021-03-20,9,7001,2021-07-19,0
2021-03-21,5,7006,2021-07-19,0
2021-03-22,4,7010,2021-07-19,0
2021-03-23,5,7015,2021-07-19,0
2021-03-24,0,7015,2021-07-19,0
2021-03-25,5,7020,2021-07-19,0
2021-03-26,3,7023,2021-07-19,0
2021-03-27,7,7030,2021-07-19,0
2021-03-28,6,7036,2021-07-19,0
2021-03-29,5,7041,2021-07-19,0
2021-03-30,6,7047,2021-07-19,0
2021-03-31,8,7055,2021-07-19,0
2021-04-01,6,7061,2021-07-19,0
2021-04-02,9,7070,2021-07-19,0
2021-04-03,8,7078,2021-07-19,0
2021-04-04,6,7084,2021-07-19,0
2021-04-05,8,7092,2021-07-19,0
2021-04-06,6,7098,2021-07-19,0
2021-04-07,6,7104,2021-07-19,0
2021-04-08,10,7114,2021-07-19,0
2021-04-09,6,7120,2021-07-19,0
2021-04-10,7,7127,2021-07-19,0
2021-04-11,8,7135,2021-07-19,0
2021-04-12,9,7144,2021-07-19,0
2021-04-13,6,7150,2021-07-19,0
2021-04-14,8,7158,2021-07-19,0
2021-04-15,14,7172,2021-07-19,0
2021-04-16,8,7180,2021-07-19,0
2021-04-17,7,7187,2021-07-19,0
2021-04-18,8,7195,2021-07-19,0
2021-04-19,9,7204,2021-07-19,0
2021-04-20,5,7209,2021-07-19,0
2021-04-21,8,7217,2021-07-19,0
2021-04-22,1,7218,2021-07-19,0
2021-04-23,15,7233,2021-07-19,0
2021-04-24,11,7244,2021-07-19,0
2021-04-25,15,7259,2021-07-19,0
2021-04-26,14,7273,2021-07-19,0
2021-04-27,7,7280,2021-07-19,0
2021-04-28,14,7294,2021-07-19,0
2021-04-29,8,7302,2021-07-19,0
2021-04-30,11,7313,2021-07-19,0
2021-05-01,7,7320,2021-07-19,0
2021-05-02,8,7328,2021-07-19,0
2021-05-03,5,7333,2021-07-19,0
2021-05-04,12,7345,2021-07-19,0
2021-05-05,8,7353,2021-07-19,0
2021-05-06,5,7358,2021-07-19,0
2021-05-07,8,7366,2021-07-19,0
2021-05-08,7,7373,2021-07-19,0
2021-05-09,9,7382,2021-07-19,0
2021-05-10,8,7390,2021-07-19,0
2021-05-11,6,7396,2021-07-19,0
2021-05-12,9,7405,2021-07-19,0
2021-05-13,9,7414,2021-07-19,0
2021-05-14,11,7425,2021-07-19,0
2021-05-15,9,7434,2021-07-19,0
2021-05-16,5,7439,2021-07-19,0
2021-05-17,5,7444,2021-07-19,0
2021-05-18,7,7451,2021-07-19,0
2021-05-19,2,7453,2021-07-19,0
2021-05-20,5,7458,2021-07-19,0
2021-05-21,7,7465,2021-07-19,0
2021-05-22,9,7474,2021-07-19,0
2021-05-23,5,7479,2021-07-19,0
2021-05-24,5,7484,2021-07-19,0
2021-05-25,6,7490,2021-07-19,0
2021-05-26,3,7493,2021-07-19,0
2021-05-27,7,7500,2021-07-19,0
2021-05-28,2,7502,2021-07-19,0
2021-05-29,6,7508,2021-07-19,0
2021-05-30,3,7511,2021-07-19,0
2021-05-31,3,7514,2021-07-19,0
2021-06-01,5,7519,2021-07-19,0
2021-06-02,8,7527,2021-07-19,0
2021-06-03,4,7531,2021-07-19,0
2021-06-04,4,7535,2021-07-19,0
2021-06-05,1,7536,2021-07-19,0
2021-06-06,5,7541,2021-07-19,0
2021-06-07,3,7544,2021-07-19,0
2021-06-08,5,7549,2021-07-19,0
2021-06-09,4,7553,2021-07-19,0
2021-06-10,6,7559,2021-07-19,0
2021-06-11,6,7565,2021-07-19,0
2021-06-12,4,7569,2021-07-19,0
2021-06-13,3,7572,2021-07-19,0
2021-06-14,3,7575,2021-07-19,0
2021-06-15,2,7577,2021-07-19,0
2021-06-16,2,7579,2021-07-19,0
2021-06-17,4,7583,2021-07-19,0
2021-06-18,1,7584,2021-07-19,0
2021-06-19,6,7590,2021-07-19,0
2021-06-20,1,7591,2021-07-19,0
2021-06-21,5,7596,2021-07-19,0
2021-06-22,3,7599,2021-07-19,0
2021-06-23,4,7603,2021-07-19,0
2021-06-24,3,7606,2021-07-19,0
2021-06-25,3,7609,2021-07-19,0
2021-06-26,4,7613,2021-07-19,0
2021-06-27,2,7615,2021-07-19,0
2021-06-28,1,7616,2021-07-19,0
2021-06-29,2,7618,2021-07-19,0
2021-06-30,2,7620,2021-07-19,0
2021-07-01,0,7620,2021-07-19,0
2021-07-02,2,7622,2021-07-19,1
2021-07-03,2,7624,2021-07-19,0
2021-07-04,3,7627,2021-07-19,0
2021-07-05,1,7628,2021-07-19,0
2021-07-06,4,7632,2021-07-19,0
2021-07-07,1,7633,2021-07-19,0
2021-07-08,1,7634,2021-07-19,0
2021-07-09,0,7634,2021-07-19,0
2021-07-10,1,7635,2021-07-19,0
2021-07-11,1,7636,2021-07-19,0
2021-07-12,0,7636,2021-07-19,0
2021-07-13,1,7637,2021-07-19,1
2021-07-14,1,7638,2021-07-19,1
2020-03-19,1,1,2021-07-20,0
2020-03-20,0,1,2021-07-20,0
2020-03-21,0,1,2021-07-20,0
2020-03-22,0,1,2021-07-20,0
2020-03-23,0,1,2021-07-20,0
2020-03-24,1,2,2021-07-20,0
2020-03-25,1,3,2021-07-20,0
2020-03-26,1,4,2021-07-20,0
2020-03-27,5,9,2021-07-20,0
2020-03-28,3,12,2021-07-20,0
2020-03-29,0,12,2021-07-20,0
2020-03-30,5,17,2021-07-20,0
2020-03-31,2,19,2021-07-20,0
2020-04-01,5,24,2021-07-20,0
2020-04-02,3,27,2021-07-20,0
2020-04-03,1,28,2021-07-20,0
2020-04-04,5,33,2021-07-20,0
2020-04-05,5,38,2021-07-20,0
2020-04-06,10,48,2021-07-20,0
2020-04-07,6,54,2021-07-20,0
2020-04-08,7,61,2021-07-20,0
2020-04-09,8,69,2021-07-20,0
2020-04-10,6,75,2021-07-20,0
2020-04-11,4,79,2021-07-20,0
2020-04-12,4,83,2021-07-20,0
2020-04-13,10,93,2021-07-20,0
2020-04-14,6,99,2021-07-20,0
2020-04-15,17,116,2021-07-20,0
2020-04-16,10,126,2021-07-20,0
2020-04-17,17,143,2021-07-20,0
2020-04-18,17,160,2021-07-20,0
2020-04-19,16,176,2021-07-20,0
2020-04-20,21,197,2021-07-20,0
2020-04-21,26,223,2021-07-20,0
2020-04-22,21,244,2021-07-20,0
2020-04-23,19,263,2021-07-20,0
2020-04-24,23,286,2021-07-20,0
2020-04-25,18,304,2021-07-20,0
2020-04-26,17,321,2021-07-20,0
2020-04-27,21,342,2021-07-20,0
2020-04-28,16,358,2021-07-20,0
2020-04-29,29,387,2021-07-20,0
2020-04-30,18,405,2021-07-20,0
2020-05-01,30,435,2021-07-20,0
2020-05-02,19,454,2021-07-20,0
2020-05-03,29,483,2021-07-20,0
2020-05-04,23,506,2021-07-20,0
2020-05-05,19,525,2021-07-20,0
2020-05-06,25,550,2021-07-20,0
2020-05-07,30,580,2021-07-20,0
2020-05-08,20,600,2021-07-20,0
2020-05-09,26,626,2021-07-20,0
2020-05-10,19,645,2021-07-20,0
2020-05-11,25,670,2021-07-20,0
2020-05-12,20,690,2021-07-20,0
2020-05-13,22,712,2021-07-20,0
2020-05-14,20,732,2021-07-20,0
2020-05-15,20,752,2021-07-20,0
2020-05-16,20,772,2021-07-20,0
2020-05-17,23,795,2021-07-20,0
2020-05-18,18,813,2021-07-20,0
2020-05-19,35,848,2021-07-20,0
2020-05-20,24,872,2021-07-20,0
2020-05-21,17,889,2021-07-20,0
2020-05-22,20,909,2021-07-20,0
2020-05-23,26,935,2021-07-20,0
2020-05-24,25,960,2021-07-20,0
2020-05-25,30,990,2021-07-20,0
2020-05-26,29,1019,2021-07-20,0
2020-05-27,25,1044,2021-07-20,0
2020-05-28,21,1065,2021-07-20,0
2020-05-29,17,1082,2021-07-20,0
2020-05-30,11,1093,2021-07-20,0
2020-05-31,20,1113,2021-07-20,0
2020-06-01,23,1136,2021-07-20,0
2020-06-02,21,1157,2021-07-20,0
2020-06-03,25,1182,2021-07-20,0
2020-06-04,26,1208,2021-07-20,0
2020-06-05,18,1226,2021-07-20,0
2020-06-06,12,1238,2021-07-20,0
2020-06-07,22,1260,2021-07-20,0
2020-06-08,12,1272,2021-07-20,0
2020-06-09,13,1285,2021-07-20,0
2020-06-10,10,1295,2021-07-20,0
2020-06-11,12,1307,2021-07-20,0
2020-06-12,11,1318,2021-07-20,0
2020-06-13,13,1331,2021-07-20,0
2020-06-14,11,1342,2021-07-20,0
2020-06-15,8,1350,2021-07-20,0
2020-06-16,8,1358,2021-07-20,0
2020-06-17,17,1375,2021-07-20,0
2020-06-18,9,1384,2021-07-20,0
2020-06-19,8,1392,2021-07-20,0
2020-06-20,12,1404,2021-07-20,0
2020-06-21,11,1415,2021-07-20,0
2020-06-22,6,1421,2021-07-20,0
2020-06-23,10,1431,2021-07-20,0
2020-06-24,1,1432,2021-07-20,0
2020-06-25,9,1441,2021-07-20,0
2020-06-26,6,1447,2021-07-20,0
2020-06-27,5,1452,2021-07-20,0
2020-06-28,11,1463,2021-07-20,0
2020-06-29,7,1470,2021-07-20,0
2020-06-30,9,1479,2021-07-20,0
2020-07-01,2,1481,2021-07-20,0
2020-07-02,3,1484,2021-07-20,0
2020-07-03,5,1489,2021-07-20,0
2020-07-04,4,1493,2021-07-20,0
2020-07-05,6,1499,2021-07-20,0
2020-07-06,4,1503,2021-07-20,0
2020-07-07,2,1505,2021-07-20,0
2020-07-08,9,1514,2021-07-20,0
2020-07-09,4,1518,2021-07-20,0
2020-07-10,3,1521,2021-07-20,0
2020-07-11,4,1525,2021-07-20,0
2020-07-12,6,1531,2021-07-20,0
2020-07-13,2,1533,2021-07-20,0
2020-07-14,6,1539,2021-07-20,0
2020-07-15,7,1546,2021-07-20,0
2020-07-16,3,1549,2021-07-20,0
2020-07-17,7,1556,2021-07-20,0
2020-07-18,6,1562,2021-07-20,0
2020-07-19,5,1567,2021-07-20,0
2020-07-20,3,1570,2021-07-20,0
2020-07-21,6,1576,2021-07-20,0
2020-07-22,5,1581,2021-07-20,0
2020-07-23,8,1589,2021-07-20,0
2020-07-24,6,1595,2021-07-20,0
2020-07-25,2,1597,2021-07-20,0
2020-07-26,5,1602,2021-07-20,0
2020-07-27,5,1607,2021-07-20,0
2020-07-28,7,1614,2021-07-20,0
2020-07-29,3,1617,2021-07-20,0
2020-07-30,6,1623,2021-07-20,0
2020-07-31,9,1632,2021-07-20,0
2020-08-01,4,1636,2021-07-20,0
2020-08-02,7,1643,2021-07-20,0
2020-08-03,4,1647,2021-07-20,0
2020-08-04,7,1654,2021-07-20,0
2020-08-05,8,1662,2021-07-20,0
2020-08-06,9,1671,2021-07-20,0
2020-08-07,7,1678,2021-07-20,0
2020-08-08,6,1684,2021-07-20,0
2020-08-09,10,1694,2021-07-20,0
2020-08-10,3,1697,2021-07-20,0
2020-08-11,9,1706,2021-07-20,0
2020-08-12,7,1713,2021-07-20,0
2020-08-13,5,1718,2021-07-20,0
2020-08-14,9,1727,2021-07-20,0
2020-08-15,13,1740,2021-07-20,0
2020-08-16,13,1753,2021-07-20,0
2020-08-17,6,1759,2021-07-20,0
2020-08-18,11,1770,2021-07-20,0
2020-08-19,3,1773,2021-07-20,0
2020-08-20,10,1783,2021-07-20,0
2020-08-21,12,1795,2021-07-20,0
2020-08-22,9,1804,2021-07-20,0
2020-08-23,7,1811,2021-07-20,0
2020-08-24,9,1820,2021-07-20,0
2020-08-25,4,1824,2021-07-20,0
2020-08-26,3,1827,2021-07-20,0
2020-08-27,7,1834,2021-07-20,0
2020-08-28,6,1840,2021-07-20,0
2020-08-29,3,1843,2021-07-20,0
2020-08-30,5,1848,2021-07-20,0
2020-08-31,9,1857,2021-07-20,0
2020-09-01,2,1859,2021-07-20,0
2020-09-02,7,1866,2021-07-20,0
2020-09-03,12,1878,2021-07-20,0
2020-09-04,4,1882,2021-07-20,0
2020-09-05,6,1888,2021-07-20,0
2020-09-06,12,1900,2021-07-20,0
2020-09-07,3,1903,2021-07-20,0
2020-09-08,6,1909,2021-07-20,0
2020-09-09,10,1919,2021-07-20,0
2020-09-10,9,1928,2021-07-20,0
2020-09-11,11,1939,2021-07-20,0
2020-09-12,8,1947,2021-07-20,0
2020-09-13,8,1955,2021-07-20,0
2020-09-14,2,1957,2021-07-20,0
2020-09-15,6,1963,2021-07-20,0
2020-09-16,9,1972,2021-07-20,0
2020-09-17,5,1977,2021-07-20,0
2020-09-18,6,1983,2021-07-20,0
2020-09-19,4,1987,2021-07-20,0
2020-09-20,9,1996,2021-07-20,0
2020-09-21,7,2003,2021-07-20,0
2020-09-22,8,2011,2021-07-20,0
2020-09-23,9,2020,2021-07-20,0
2020-09-24,7,2027,2021-07-20,0
2020-09-25,11,2038,2021-07-20,0
2020-09-26,9,2047,2021-07-20,0
2020-09-27,14,2061,2021-07-20,0
2020-09-28,11,2072,2021-07-20,0
2020-09-29,5,2077,2021-07-20,0
2020-09-30,16,2093,2021-07-20,0
2020-10-01,7,2100,2021-07-20,0
2020-10-02,13,2113,2021-07-20,0
2020-10-03,9,2122,2021-07-20,0
2020-10-04,7,2129,2021-07-20,0
2020-10-05,10,2139,2021-07-20,0
2020-10-06,12,2151,2021-07-20,0
2020-10-07,19,2170,2021-07-20,0
2020-10-08,9,2179,2021-07-20,0
2020-10-09,17,2196,2021-07-20,0
2020-10-10,16,2212,2021-07-20,0
2020-10-11,16,2228,2021-07-20,0
2020-10-12,20,2248,2021-07-20,0
2020-10-13,14,2262,2021-07-20,0
2020-10-14,10,2272,2021-07-20,0
2020-10-15,9,2281,2021-07-20,0
2020-10-16,12,2293,2021-07-20,0
2020-10-17,18,2311,2021-07-20,0
2020-10-18,25,2336,2021-07-20,0
2020-10-19,18,2354,2021-07-20,0
2020-10-20,15,2369,2021-07-20,0
2020-10-21,24,2393,2021-07-20,0
2020-10-22,18,2411,2021-07-20,0
2020-10-23,19,2430,2021-07-20,0
2020-10-24,8,2438,2021-07-20,0
2020-10-25,17,2455,2021-07-20,0
2020-10-26,25,2480,2021-07-20,0
2020-10-27,23,2503,2021-07-20,0
2020-10-28,29,2532,2021-07-20,0
2020-10-29,18,2550,2021-07-20,0
2020-10-30,27,2577,2021-07-20,0
2020-10-31,25,2602,2021-07-20,0
2020-11-01,21,2623,2021-07-20,0
2020-11-02,25,2648,2021-07-20,0
2020-11-03,25,2673,2021-07-20,0
2020-11-04,33,2706,2021-07-20,0
2020-11-05,37,2743,2021-07-20,0
2020-11-06,39,2782,2021-07-20,0
2020-11-07,42,2824,2021-07-20,0
2020-11-08,47,2871,2021-07-20,0
2020-11-09,36,2907,2021-07-20,0
2020-11-10,35,2942,2021-07-20,0
2020-11-11,43,2985,2021-07-20,0
2020-11-12,45,3030,2021-07-20,0
2020-11-13,40,3070,2021-07-20,0
2020-11-14,47,3117,2021-07-20,0
2020-11-15,46,3163,2021-07-20,0
2020-11-16,62,3225,2021-07-20,0
2020-11-17,56,3281,2021-07-20,0
2020-11-18,61,3342,2021-07-20,0
2020-11-19,60,3402,2021-07-20,0
2020-11-20,63,3465,2021-07-20,0
2020-11-21,58,3523,2021-07-20,0
2020-11-22,67,3590,2021-07-20,0
2020-11-23,59,3649,2021-07-20,0
2020-11-24,68,3717,2021-07-20,0
2020-11-25,72,3789,2021-07-20,0
2020-11-26,54,3843,2021-07-20,0
2020-11-27,69,3912,2021-07-20,0
2020-11-28,60,3972,2021-07-20,0
2020-11-29,68,4040,2021-07-20,0
2020-11-30,60,4100,2021-07-20,0
2020-12-01,63,4163,2021-07-20,0
2020-12-02,73,4236,2021-07-20,0
2020-12-03,86,4322,2021-07-20,0
2020-12-04,67,4389,2021-07-20,0
2020-12-05,74,4463,2021-07-20,0
2020-12-06,80,4543,2021-07-20,0
2020-12-07,75,4618,2021-07-20,0
2020-12-08,61,4679,2021-07-20,0
2020-12-09,71,4750,2021-07-20,0
2020-12-10,71,4821,2021-07-20,0
2020-12-11,70,4891,2021-07-20,0
2020-12-12,71,4962,2021-07-20,0
2020-12-13,55,5017,2021-07-20,0
2020-12-14,43,5060,2021-07-20,0
2020-12-15,65,5125,2021-07-20,0
2020-12-16,70,5195,2021-07-20,0
2020-12-17,60,5255,2021-07-20,0
2020-12-18,59,5314,2021-07-20,0
2020-12-19,56,5370,2021-07-20,0
2020-12-20,59,5429,2021-07-20,0
2020-12-21,58,5487,2021-07-20,0
2020-12-22,33,5520,2021-07-20,0
2020-12-23,44,5564,2021-07-20,0
2020-12-24,50,5614,2021-07-20,0
2020-12-25,36,5650,2021-07-20,0
2020-12-26,43,5693,2021-07-20,0
2020-12-27,41,5734,2021-07-20,0
2020-12-28,33,5767,2021-07-20,0
2020-12-29,36,5803,2021-07-20,0
2020-12-30,47,5850,2021-07-20,0
2020-12-31,36,5886,2021-07-20,0
2021-01-01,28,5914,2021-07-20,0
2021-01-02,46,5960,2021-07-20,0
2021-01-03,35,5995,2021-07-20,0
2021-01-04,31,6026,2021-07-20,0
2021-01-05,40,6066,2021-07-20,0
2021-01-06,32,6098,2021-07-20,0
2021-01-07,37,6135,2021-07-20,0
2021-01-08,32,6167,2021-07-20,0
2021-01-09,25,6192,2021-07-20,0
2021-01-10,29,6221,2021-07-20,0
2021-01-11,26,6247,2021-07-20,0
2021-01-12,32,6279,2021-07-20,0
2021-01-13,23,6302,2021-07-20,0
2021-01-14,41,6343,2021-07-20,0
2021-01-15,26,6369,2021-07-20,0
2021-01-16,28,6397,2021-07-20,0
2021-01-17,21,6418,2021-07-20,0
2021-01-18,19,6437,2021-07-20,0
2021-01-19,14,6451,2021-07-20,0
2021-01-20,26,6477,2021-07-20,0
2021-01-21,15,6492,2021-07-20,0
2021-01-22,13,6505,2021-07-20,0
2021-01-23,17,6522,2021-07-20,0
2021-01-24,24,6546,2021-07-20,0
2021-01-25,17,6563,2021-07-20,0
2021-01-26,21,6584,2021-07-20,0
2021-01-27,11,6595,2021-07-20,0
2021-01-28,12,6607,2021-07-20,0
2021-01-29,14,6621,2021-07-20,0
2021-01-30,13,6634,2021-07-20,0
2021-01-31,16,6650,2021-07-20,0
2021-02-01,16,6666,2021-07-20,0
2021-02-02,10,6676,2021-07-20,0
2021-02-03,11,6687,2021-07-20,0
2021-02-04,11,6698,2021-07-20,0
2021-02-05,9,6707,2021-07-20,0
2021-02-06,11,6718,2021-07-20,1
2021-02-07,18,6736,2021-07-20,0
2021-02-08,10,6746,2021-07-20,0
2021-02-09,14,6760,2021-07-20,0
2021-02-10,11,6771,2021-07-20,0
2021-02-11,7,6778,2021-07-20,0
2021-02-12,11,6789,2021-07-20,0
2021-02-13,7,6796,2021-07-20,0
2021-02-14,9,6805,2021-07-20,0
2021-02-15,6,6811,2021-07-20,0
2021-02-16,10,6821,2021-07-20,0
2021-02-17,8,6829,2021-07-20,0
2021-02-18,6,6835,2021-07-20,0
2021-02-19,6,6841,2021-07-20,0
2021-02-20,6,6847,2021-07-20,0
2021-02-21,3,6850,2021-07-20,0
2021-02-22,5,6855,2021-07-20,0
2021-02-23,8,6863,2021-07-20,0
2021-02-24,4,6867,2021-07-20,0
2021-02-25,5,6872,2021-07-20,0
2021-02-26,5,6877,2021-07-20,0
2021-02-27,5,6882,2021-07-20,0
2021-02-28,8,6890,2021-07-20,0
2021-03-01,7,6897,2021-07-20,0
2021-03-02,1,6898,2021-07-20,0
2021-03-03,9,6907,2021-07-20,0
2021-03-04,6,6913,2021-07-20,0
2021-03-05,10,6923,2021-07-20,0
2021-03-06,5,6928,2021-07-20,0
2021-03-07,9,6937,2021-07-20,0
2021-03-08,5,6942,2021-07-20,0
2021-03-09,7,6949,2021-07-20,0
2021-03-10,2,6951,2021-07-20,0
2021-03-11,3,6954,2021-07-20,0
2021-03-12,10,6964,2021-07-20,0
2021-03-13,5,6969,2021-07-20,0
2021-03-14,4,6973,2021-07-20,0
2021-03-15,2,6975,2021-07-20,0
2021-03-16,4,6979,2021-07-20,0
2021-03-17,4,6983,2021-07-20,0
2021-03-18,5,6988,2021-07-20,0
2021-03-19,5,6993,2021-07-20,0
2021-03-20,9,7002,2021-07-20,0
2021-03-21,5,7007,2021-07-20,0
2021-03-22,4,7011,2021-07-20,0
2021-03-23,5,7016,2021-07-20,0
2021-03-24,0,7016,2021-07-20,0
2021-03-25,5,7021,2021-07-20,0
2021-03-26,3,7024,2021-07-20,0
2021-03-27,7,7031,2021-07-20,0
2021-03-28,6,7037,2021-07-20,0
2021-03-29,5,7042,2021-07-20,0
2021-03-30,6,7048,2021-07-20,0
2021-03-31,8,7056,2021-07-20,0
2021-04-01,6,7062,2021-07-20,0
2021-04-02,9,7071,2021-07-20,0
2021-04-03,8,7079,2021-07-20,0
2021-04-04,6,7085,2021-07-20,0
2021-04-05,8,7093,2021-07-20,0
2021-04-06,6,7099,2021-07-20,0
2021-04-07,6,7105,2021-07-20,0
2021-04-08,10,7115,2021-07-20,0
2021-04-09,6,7121,2021-07-20,0
2021-04-10,7,7128,2021-07-20,0
2021-04-11,8,7136,2021-07-20,0
2021-04-12,9,7145,2021-07-20,0
2021-04-13,6,7151,2021-07-20,0
2021-04-14,8,7159,2021-07-20,0
2021-04-15,14,7173,2021-07-20,0
2021-04-16,8,7181,2021-07-20,0
2021-04-17,7,7188,2021-07-20,0
2021-04-18,8,7196,2021-07-20,0
2021-04-19,9,7205,2021-07-20,0
2021-04-20,5,7210,2021-07-20,0
2021-04-21,8,7218,2021-07-20,0
2021-04-22,1,7219,2021-07-20,0
2021-04-23,15,7234,2021-07-20,0
2021-04-24,11,7245,2021-07-20,0
2021-04-25,15,7260,2021-07-20,0
2021-04-26,14,7274,2021-07-20,0
2021-04-27,7,7281,2021-07-20,0
2021-04-28,14,7295,2021-07-20,0
2021-04-29,8,7303,2021-07-20,0
2021-04-30,11,7314,2021-07-20,0
2021-05-01,7,7321,2021-07-20,0
2021-05-02,8,7329,2021-07-20,0
2021-05-03,5,7334,2021-07-20,0
2021-05-04,12,7346,2021-07-20,0
2021-05-05,8,7354,2021-07-20,0
2021-05-06,5,7359,2021-07-20,0
2021-05-07,8,7367,2021-07-20,0
2021-05-08,7,7374,2021-07-20,0
2021-05-09,9,7383,2021-07-20,0
2021-05-10,8,7391,2021-07-20,0
2021-05-11,6,7397,2021-07-20,0
2021-05-12,9,7406,2021-07-20,0
2021-05-13,9,7415,2021-07-20,0
2021-05-14,11,7426,2021-07-20,0
2021-05-15,9,7435,2021-07-20,0
2021-05-16,5,7440,2021-07-20,0
2021-05-17,5,7445,2021-07-20,0
2021-05-18,7,7452,2021-07-20,0
2021-05-19,2,7454,2021-07-20,0
2021-05-20,5,7459,2021-07-20,0
2021-05-21,7,7466,2021-07-20,0
2021-05-22,9,7475,2021-07-20,0
2021-05-23,5,7480,2021-07-20,0
2021-05-24,5,7485,2021-07-20,0
2021-05-25,6,7491,2021-07-20,0
2021-05-26,3,7494,2021-07-20,0
2021-05-27,7,7501,2021-07-20,0
2021-05-28,2,7503,2021-07-20,0
2021-05-29,6,7509,2021-07-20,0
2021-05-30,3,7512,2021-07-20,0
2021-05-31,3,7515,2021-07-20,0
2021-06-01,5,7520,2021-07-20,0
2021-06-02,8,7528,2021-07-20,0
2021-06-03,4,7532,2021-07-20,0
2021-06-04,4,7536,2021-07-20,0
2021-06-05,1,7537,2021-07-20,0
2021-06-06,5,7542,2021-07-20,0
2021-06-07,3,7545,2021-07-20,0
2021-06-08,5,7550,2021-07-20,0
2021-06-09,4,7554,2021-07-20,0
2021-06-10,6,7560,2021-07-20,0
2021-06-11,6,7566,2021-07-20,0
2021-06-12,4,7570,2021-07-20,0
2021-06-13,3,7573,2021-07-20,0
2021-06-14,3,7576,2021-07-20,0
2021-06-15,2,7578,2021-07-20,0
2021-06-16,2,7580,2021-07-20,0
2021-06-17,4,7584,2021-07-20,0
2021-06-18,1,7585,2021-07-20,0
2021-06-19,6,7591,2021-07-20,0
2021-06-20,1,7592,2021-07-20,0
2021-06-21,5,7597,2021-07-20,0
2021-06-22,3,7600,2021-07-20,0
2021-06-23,4,7604,2021-07-20,0
2021-06-24,3,7607,2021-07-20,0
2021-06-25,3,7610,2021-07-20,0
2021-06-26,4,7614,2021-07-20,0
2021-06-27,2,7616,2021-07-20,0
2021-06-28,1,7617,2021-07-20,0
2021-06-29,2,7619,2021-07-20,0
2021-06-30,2,7621,2021-07-20,0
2021-07-01,0,7621,2021-07-20,0
2021-07-02,2,7623,2021-07-20,0
2021-07-03,2,7625,2021-07-20,0
2021-07-04,3,7628,2021-07-20,0
2021-07-05,1,7629,2021-07-20,0
2021-07-06,4,7633,2021-07-20,0
2021-07-07,1,7634,2021-07-20,0
2021-07-08,1,7635,2021-07-20,0
2021-07-09,0,7635,2021-07-20,0
2021-07-10,1,7636,2021-07-20,0
2021-07-11,1,7637,2021-07-20,0
2021-07-12,0,7637,2021-07-20,0
2021-07-13,1,7638,2021-07-20,0
2021-07-14,1,7639,2021-07-20,0
2020-03-19,1,1,2021-07-21,0
2020-03-20,0,1,2021-07-21,0
2020-03-21,0,1,2021-07-21,0
2020-03-22,0,1,2021-07-21,0
2020-03-23,0,1,2021-07-21,0
2020-03-24,1,2,2021-07-21,0
2020-03-25,1,3,2021-07-21,0
2020-03-26,1,4,2021-07-21,0
2020-03-27,5,9,2021-07-21,0
2020-03-28,3,12,2021-07-21,0
2020-03-29,0,12,2021-07-21,0
2020-03-30,5,17,2021-07-21,0
2020-03-31,2,19,2021-07-21,0
2020-04-01,5,24,2021-07-21,0
2020-04-02,3,27,2021-07-21,0
2020-04-03,1,28,2021-07-21,0
2020-04-04,5,33,2021-07-21,0
2020-04-05,5,38,2021-07-21,0
2020-04-06,10,48,2021-07-21,0
2020-04-07,6,54,2021-07-21,0
2020-04-08,7,61,2021-07-21,0
2020-04-09,8,69,2021-07-21,0
2020-04-10,6,75,2021-07-21,0
2020-04-11,4,79,2021-07-21,0
2020-04-12,4,83,2021-07-21,0
2020-04-13,10,93,2021-07-21,0
2020-04-14,6,99,2021-07-21,0
2020-04-15,17,116,2021-07-21,0
2020-04-16,10,126,2021-07-21,0
2020-04-17,17,143,2021-07-21,0
2020-04-18,17,160,2021-07-21,0
2020-04-19,16,176,2021-07-21,0
2020-04-20,21,197,2021-07-21,0
2020-04-21,26,223,2021-07-21,0
2020-04-22,21,244,2021-07-21,0
2020-04-23,19,263,2021-07-21,0
2020-04-24,23,286,2021-07-21,0
2020-04-25,18,304,2021-07-21,0
2020-04-26,17,321,2021-07-21,0
2020-04-27,21,342,2021-07-21,0
2020-04-28,16,358,2021-07-21,0
2020-04-29,29,387,2021-07-21,0
2020-04-30,18,405,2021-07-21,0
2020-05-01,30,435,2021-07-21,0
2020-05-02,19,454,2021-07-21,0
2020-05-03,29,483,2021-07-21,0
2020-05-04,23,506,2021-07-21,0
2020-05-05,19,525,2021-07-21,0
2020-05-06,25,550,2021-07-21,0
2020-05-07,30,580,2021-07-21,0
2020-05-08,20,600,2021-07-21,0
2020-05-09,26,626,2021-07-21,0
2020-05-10,19,645,2021-07-21,0
2020-05-11,25,670,2021-07-21,0
2020-05-12,20,690,2021-07-21,0
2020-05-13,22,712,2021-07-21,0
2020-05-14,20,732,2021-07-21,0
2020-05-15,20,752,2021-07-21,0
2020-05-16,20,772,2021-07-21,0
2020-05-17,23,795,2021-07-21,0
2020-05-18,18,813,2021-07-21,0
2020-05-19,35,848,2021-07-21,0
2020-05-20,24,872,2021-07-21,0
2020-05-21,17,889,2021-07-21,0
2020-05-22,20,909,2021-07-21,0
2020-05-23,26,935,2021-07-21,0
2020-05-24,25,960,2021-07-21,0
2020-05-25,30,990,2021-07-21,0
2020-05-26,29,1019,2021-07-21,0
2020-05-27,25,1044,2021-07-21,0
2020-05-28,21,1065,2021-07-21,0
2020-05-29,17,1082,2021-07-21,0
2020-05-30,11,1093,2021-07-21,0
2020-05-31,20,1113,2021-07-21,0
2020-06-01,23,1136,2021-07-21,0
2020-06-02,21,1157,2021-07-21,0
2020-06-03,25,1182,2021-07-21,0
2020-06-04,26,1208,2021-07-21,0
2020-06-05,18,1226,2021-07-21,0
2020-06-06,12,1238,2021-07-21,0
2020-06-07,22,1260,2021-07-21,0
2020-06-08,12,1272,2021-07-21,0
2020-06-09,13,1285,2021-07-21,0
2020-06-10,10,1295,2021-07-21,0
2020-06-11,12,1307,2021-07-21,0
2020-06-12,11,1318,2021-07-21,0
2020-06-13,13,1331,2021-07-21,0
2020-06-14,11,1342,2021-07-21,0
2020-06-15,8,1350,2021-07-21,0
2020-06-16,8,1358,2021-07-21,0
2020-06-17,17,1375,2021-07-21,0
2020-06-18,9,1384,2021-07-21,0
2020-06-19,8,1392,2021-07-21,0
2020-06-20,12,1404,2021-07-21,0
2020-06-21,11,1415,2021-07-21,0
2020-06-22,6,1421,2021-07-21,0
2020-06-23,10,1431,2021-07-21,0
2020-06-24,1,1432,2021-07-21,0
2020-06-25,9,1441,2021-07-21,0
2020-06-26,6,1447,2021-07-21,0
2020-06-27,5,1452,2021-07-21,0
2020-06-28,11,1463,2021-07-21,0
2020-06-29,7,1470,2021-07-21,0
2020-06-30,9,1479,2021-07-21,0
2020-07-01,2,1481,2021-07-21,0
2020-07-02,3,1484,2021-07-21,0
2020-07-03,5,1489,2021-07-21,0
2020-07-04,4,1493,2021-07-21,0
2020-07-05,6,1499,2021-07-21,0
2020-07-06,4,1503,2021-07-21,0
2020-07-07,2,1505,2021-07-21,0
2020-07-08,9,1514,2021-07-21,0
2020-07-09,4,1518,2021-07-21,0
2020-07-10,3,1521,2021-07-21,0
2020-07-11,4,1525,2021-07-21,0
2020-07-12,6,1531,2021-07-21,0
2020-07-13,2,1533,2021-07-21,0
2020-07-14,6,1539,2021-07-21,0
2020-07-15,7,1546,2021-07-21,0
2020-07-16,3,1549,2021-07-21,0
2020-07-17,7,1556,2021-07-21,0
2020-07-18,6,1562,2021-07-21,0
2020-07-19,5,1567,2021-07-21,0
2020-07-20,3,1570,2021-07-21,0
2020-07-21,6,1576,2021-07-21,0
2020-07-22,5,1581,2021-07-21,0
2020-07-23,8,1589,2021-07-21,0
2020-07-24,6,1595,2021-07-21,0
2020-07-25,2,1597,2021-07-21,0
2020-07-26,5,1602,2021-07-21,0
2020-07-27,5,1607,2021-07-21,0
2020-07-28,7,1614,2021-07-21,0
2020-07-29,3,1617,2021-07-21,0
2020-07-30,6,1623,2021-07-21,0
2020-07-31,9,1632,2021-07-21,0
2020-08-01,4,1636,2021-07-21,0
2020-08-02,7,1643,2021-07-21,0
2020-08-03,4,1647,2021-07-21,0
2020-08-04,7,1654,2021-07-21,0
2020-08-05,8,1662,2021-07-21,0
2020-08-06,9,1671,2021-07-21,0
2020-08-07,7,1678,2021-07-21,0
2020-08-08,6,1684,2021-07-21,0
2020-08-09,10,1694,2021-07-21,0
2020-08-10,3,1697,2021-07-21,0
2020-08-11,9,1706,2021-07-21,0
2020-08-12,7,1713,2021-07-21,0
2020-08-13,5,1718,2021-07-21,0
2020-08-14,9,1727,2021-07-21,0
2020-08-15,13,1740,2021-07-21,0
2020-08-16,13,1753,2021-07-21,0
2020-08-17,6,1759,2021-07-21,0
2020-08-18,11,1770,2021-07-21,0
2020-08-19,3,1773,2021-07-21,0
2020-08-20,10,1783,2021-07-21,0
2020-08-21,12,1795,2021-07-21,0
2020-08-22,9,1804,2021-07-21,0
2020-08-23,7,1811,2021-07-21,0
2020-08-24,9,1820,2021-07-21,0
2020-08-25,4,1824,2021-07-21,0
2020-08-26,3,1827,2021-07-21,0
2020-08-27,7,1834,2021-07-21,0
2020-08-28,6,1840,2021-07-21,0
2020-08-29,3,1843,2021-07-21,0
2020-08-30,5,1848,2021-07-21,0
2020-08-31,9,1857,2021-07-21,0
2020-09-01,2,1859,2021-07-21,0
2020-09-02,7,1866,2021-07-21,0
2020-09-03,12,1878,2021-07-21,0
2020-09-04,4,1882,2021-07-21,0
2020-09-05,6,1888,2021-07-21,0
2020-09-06,12,1900,2021-07-21,0
2020-09-07,3,1903,2021-07-21,0
2020-09-08,6,1909,2021-07-21,0
2020-09-09,10,1919,2021-07-21,0
2020-09-10,9,1928,2021-07-21,0
2020-09-11,11,1939,2021-07-21,0
2020-09-12,8,1947,2021-07-21,0
2020-09-13,8,1955,2021-07-21,0
2020-09-14,2,1957,2021-07-21,0
2020-09-15,6,1963,2021-07-21,0
2020-09-16,9,1972,2021-07-21,0
2020-09-17,5,1977,2021-07-21,0
2020-09-18,6,1983,2021-07-21,0
2020-09-19,4,1987,2021-07-21,0
2020-09-20,9,1996,2021-07-21,0
2020-09-21,7,2003,2021-07-21,0
2020-09-22,8,2011,2021-07-21,0
2020-09-23,9,2020,2021-07-21,0
2020-09-24,7,2027,2021-07-21,0
2020-09-25,11,2038,2021-07-21,0
2020-09-26,9,2047,2021-07-21,0
2020-09-27,14,2061,2021-07-21,0
2020-09-28,11,2072,2021-07-21,0
2020-09-29,5,2077,2021-07-21,0
2020-09-30,16,2093,2021-07-21,0
2020-10-01,7,2100,2021-07-21,0
2020-10-02,13,2113,2021-07-21,0
2020-10-03,9,2122,2021-07-21,0
2020-10-04,7,2129,2021-07-21,0
2020-10-05,10,2139,2021-07-21,0
2020-10-06,12,2151,2021-07-21,0
2020-10-07,19,2170,2021-07-21,0
2020-10-08,9,2179,2021-07-21,0
2020-10-09,17,2196,2021-07-21,0
2020-10-10,16,2212,2021-07-21,0
2020-10-11,16,2228,2021-07-21,0
2020-10-12,20,2248,2021-07-21,0
2020-10-13,14,2262,2021-07-21,0
2020-10-14,10,2272,2021-07-21,0
2020-10-15,9,2281,2021-07-21,0
2020-10-16,12,2293,2021-07-21,0
2020-10-17,18,2311,2021-07-21,0
2020-10-18,25,2336,2021-07-21,0
2020-10-19,18,2354,2021-07-21,0
2020-10-20,15,2369,2021-07-21,0
2020-10-21,24,2393,2021-07-21,0
2020-10-22,18,2411,2021-07-21,0
2020-10-23,19,2430,2021-07-21,0
2020-10-24,8,2438,2021-07-21,0
2020-10-25,17,2455,2021-07-21,0
2020-10-26,25,2480,2021-07-21,0
2020-10-27,23,2503,2021-07-21,0
2020-10-28,29,2532,2021-07-21,0
2020-10-29,18,2550,2021-07-21,0
2020-10-30,27,2577,2021-07-21,0
2020-10-31,25,2602,2021-07-21,0
2020-11-01,21,2623,2021-07-21,0
2020-11-02,25,2648,2021-07-21,0
2020-11-03,25,2673,2021-07-21,0
2020-11-04,33,2706,2021-07-21,0
2020-11-05,37,2743,2021-07-21,0
2020-11-06,39,2782,2021-07-21,0
2020-11-07,42,2824,2021-07-21,0
2020-11-08,47,2871,2021-07-21,0
2020-11-09,36,2907,2021-07-21,0
2020-11-10,35,2942,2021-07-21,0
2020-11-11,43,2985,2021-07-21,0
2020-11-12,45,3030,2021-07-21,0
2020-11-13,40,3070,2021-07-21,0
2020-11-14,47,3117,2021-07-21,0
2020-11-15,46,3163,2021-07-21,0
2020-11-16,62,3225,2021-07-21,0
2020-11-17,56,3281,2021-07-21,0
2020-11-18,61,3342,2021-07-21,0
2020-11-19,60,3402,2021-07-21,0
2020-11-20,63,3465,2021-07-21,0
2020-11-21,58,3523,2021-07-21,0
2020-11-22,67,3590,2021-07-21,0
2020-11-23,59,3649,2021-07-21,0
2020-11-24,68,3717,2021-07-21,0
2020-11-25,72,3789,2021-07-21,0
2020-11-26,54,3843,2021-07-21,0
2020-11-27,69,3912,2021-07-21,0
2020-11-28,60,3972,2021-07-21,0
2020-11-29,68,4040,2021-07-21,0
2020-11-30,60,4100,2021-07-21,0
2020-12-01,63,4163,2021-07-21,0
2020-12-02,73,4236,2021-07-21,0
2020-12-03,86,4322,2021-07-21,0
2020-12-04,67,4389,2021-07-21,0
2020-12-05,74,4463,2021-07-21,0
2020-12-06,80,4543,2021-07-21,0
2020-12-07,75,4618,2021-07-21,0
2020-12-08,61,4679,2021-07-21,0
2020-12-09,71,4750,2021-07-21,0
2020-12-10,71,4821,2021-07-21,0
2020-12-11,70,4891,2021-07-21,0
2020-12-12,71,4962,2021-07-21,0
2020-12-13,55,5017,2021-07-21,0
2020-12-14,43,5060,2021-07-21,0
2020-12-15,65,5125,2021-07-21,0
2020-12-16,70,5195,2021-07-21,0
2020-12-17,60,5255,2021-07-21,0
2020-12-18,59,5314,2021-07-21,0
2020-12-19,56,5370,2021-07-21,0
2020-12-20,59,5429,2021-07-21,0
2020-12-21,58,5487,2021-07-21,0
2020-12-22,33,5520,2021-07-21,0
2020-12-23,44,5564,2021-07-21,0
2020-12-24,50,5614,2021-07-21,0
2020-12-25,36,5650,2021-07-21,0
2020-12-26,43,5693,2021-07-21,0
2020-12-27,41,5734,2021-07-21,0
2020-12-28,33,5767,2021-07-21,0
2020-12-29,36,5803,2021-07-21,0
2020-12-30,47,5850,2021-07-21,0
2020-12-31,36,5886,2021-07-21,0
2021-01-01,28,5914,2021-07-21,0
2021-01-02,46,5960,2021-07-21,0
2021-01-03,35,5995,2021-07-21,0
2021-01-04,31,6026,2021-07-21,0
2021-01-05,40,6066,2021-07-21,0
2021-01-06,32,6098,2021-07-21,0
2021-01-07,37,6135,2021-07-21,0
2021-01-08,32,6167,2021-07-21,0
2021-01-09,25,6192,2021-07-21,0
2021-01-10,29,6221,2021-07-21,0
2021-01-11,26,6247,2021-07-21,0
2021-01-12,32,6279,2021-07-21,0
2021-01-13,23,6302,2021-07-21,0
2021-01-14,41,6343,2021-07-21,0
2021-01-15,26,6369,2021-07-21,0
2021-01-16,28,6397,2021-07-21,0
2021-01-17,21,6418,2021-07-21,0
2021-01-18,19,6437,2021-07-21,0
2021-01-19,14,6451,2021-07-21,0
2021-01-20,26,6477,2021-07-21,0
2021-01-21,15,6492,2021-07-21,0
2021-01-22,13,6505,2021-07-21,0
2021-01-23,17,6522,2021-07-21,0
2021-01-24,24,6546,2021-07-21,0
2021-01-25,17,6563,2021-07-21,0
2021-01-26,21,6584,2021-07-21,0
2021-01-27,11,6595,2021-07-21,0
2021-01-28,12,6607,2021-07-21,0
2021-01-29,14,6621,2021-07-21,0
2021-01-30,13,6634,2021-07-21,0
2021-01-31,16,6650,2021-07-21,0
2021-02-01,16,6666,2021-07-21,0
2021-02-02,10,6676,2021-07-21,0
2021-02-03,11,6687,2021-07-21,0
2021-02-04,11,6698,2021-07-21,0
2021-02-05,9,6707,2021-07-21,0
2021-02-06,11,6718,2021-07-21,0
2021-02-07,18,6736,2021-07-21,0
2021-02-08,10,6746,2021-07-21,0
2021-02-09,14,6760,2021-07-21,0
2021-02-10,11,6771,2021-07-21,0
2021-02-11,7,6778,2021-07-21,0
2021-02-12,11,6789,2021-07-21,0
2021-02-13,7,6796,2021-07-21,0
2021-02-14,9,6805,2021-07-21,0
2021-02-15,6,6811,2021-07-21,0
2021-02-16,10,6821,2021-07-21,0
2021-02-17,8,6829,2021-07-21,0
2021-02-18,6,6835,2021-07-21,0
2021-02-19,6,6841,2021-07-21,0
2021-02-20,6,6847,2021-07-21,0
2021-02-21,3,6850,2021-07-21,0
2021-02-22,5,6855,2021-07-21,0
2021-02-23,8,6863,2021-07-21,0
2021-02-24,4,6867,2021-07-21,0
2021-02-25,5,6872,2021-07-21,0
2021-02-26,5,6877,2021-07-21,0
2021-02-27,5,6882,2021-07-21,0
2021-02-28,8,6890,2021-07-21,0
2021-03-01,7,6897,2021-07-21,0
2021-03-02,1,6898,2021-07-21,0
2021-03-03,9,6907,2021-07-21,0
2021-03-04,6,6913,2021-07-21,0
2021-03-05,10,6923,2021-07-21,0
2021-03-06,5,6928,2021-07-21,0
2021-03-07,9,6937,2021-07-21,0
2021-03-08,5,6942,2021-07-21,0
2021-03-09,7,6949,2021-07-21,0
2021-03-10,2,6951,2021-07-21,0
2021-03-11,3,6954,2021-07-21,0
2021-03-12,10,6964,2021-07-21,0
2021-03-13,5,6969,2021-07-21,0
2021-03-14,4,6973,2021-07-21,0
2021-03-15,2,6975,2021-07-21,0
2021-03-16,4,6979,2021-07-21,0
2021-03-17,4,6983,2021-07-21,0
2021-03-18,5,6988,2021-07-21,0
2021-03-19,5,6993,2021-07-21,0
2021-03-20,9,7002,2021-07-21,0
2021-03-21,5,7007,2021-07-21,0
2021-03-22,4,7011,2021-07-21,0
2021-03-23,5,7016,2021-07-21,0
2021-03-24,0,7016,2021-07-21,0
2021-03-25,5,7021,2021-07-21,0
2021-03-26,3,7024,2021-07-21,0
2021-03-27,7,7031,2021-07-21,0
2021-03-28,6,7037,2021-07-21,0
2021-03-29,5,7042,2021-07-21,0
2021-03-30,6,7048,2021-07-21,0
2021-03-31,8,7056,2021-07-21,0
2021-04-01,6,7062,2021-07-21,0
2021-04-02,9,7071,2021-07-21,0
2021-04-03,8,7079,2021-07-21,0
2021-04-04,6,7085,2021-07-21,0
2021-04-05,8,7093,2021-07-21,0
2021-04-06,6,7099,2021-07-21,0
2021-04-07,6,7105,2021-07-21,0
2021-04-08,10,7115,2021-07-21,0
2021-04-09,6,7121,2021-07-21,0
2021-04-10,7,7128,2021-07-21,0
2021-04-11,8,7136,2021-07-21,0
2021-04-12,9,7145,2021-07-21,0
2021-04-13,6,7151,2021-07-21,0
2021-04-14,8,7159,2021-07-21,0
2021-04-15,14,7173,2021-07-21,0
2021-04-16,8,7181,2021-07-21,0
2021-04-17,7,7188,2021-07-21,0
2021-04-18,8,7196,2021-07-21,0
2021-04-19,9,7205,2021-07-21,0
2021-04-20,5,7210,2021-07-21,0
2021-04-21,8,7218,2021-07-21,0
2021-04-22,1,7219,2021-07-21,0
2021-04-23,15,7234,2021-07-21,0
2021-04-24,11,7245,2021-07-21,0
2021-04-25,15,7260,2021-07-21,0
2021-04-26,14,7274,2021-07-21,0
2021-04-27,7,7281,2021-07-21,0
2021-04-28,14,7295,2021-07-21,0
2021-04-29,8,7303,2021-07-21,0
2021-04-30,11,7314,2021-07-21,0
2021-05-01,7,7321,2021-07-21,0
2021-05-02,8,7329,2021-07-21,0
2021-05-03,5,7334,2021-07-21,0
2021-05-04,12,7346,2021-07-21,0
2021-05-05,8,7354,2021-07-21,0
2021-05-06,5,7359,2021-07-21,0
2021-05-07,8,7367,2021-07-21,0
2021-05-08,7,7374,2021-07-21,0
2021-05-09,9,7383,2021-07-21,0
2021-05-10,8,7391,2021-07-21,0
2021-05-11,6,7397,2021-07-21,0
2021-05-12,9,7406,2021-07-21,0
2021-05-13,9,7415,2021-07-21,0
2021-05-14,11,7426,2021-07-21,0
2021-05-15,9,7435,2021-07-21,0
2021-05-16,5,7440,2021-07-21,0
2021-05-17,5,7445,2021-07-21,0
2021-05-18,7,7452,2021-07-21,0
2021-05-19,2,7454,2021-07-21,0
2021-05-20,5,7459,2021-07-21,0
2021-05-21,7,7466,2021-07-21,0
2021-05-22,9,7475,2021-07-21,0
2021-05-23,5,7480,2021-07-21,0
2021-05-24,5,7485,2021-07-21,0
2021-05-25,6,7491,2021-07-21,0
2021-05-26,3,7494,2021-07-21,0
2021-05-27,7,7501,2021-07-21,0
2021-05-28,2,7503,2021-07-21,0
2021-05-29,6,7509,2021-07-21,0
2021-05-30,3,7512,2021-07-21,0
2021-05-31,3,7515,2021-07-21,0
2021-06-01,5,7520,2021-07-21,0
2021-06-02,8,7528,2021-07-21,0
2021-06-03,4,7532,2021-07-21,0
2021-06-04,4,7536,2021-07-21,0
2021-06-05,1,7537,2021-07-21,0
2021-06-06,5,7542,2021-07-21,0
2021-06-07,3,7545,2021-07-21,0
2021-06-08,5,7550,2021-07-21,0
2021-06-09,4,7554,2021-07-21,0
2021-06-10,6,7560,2021-07-21,0
2021-06-11,6,7566,2021-07-21,0
2021-06-12,4,7570,2021-07-21,0
2021-06-13,3,7573,2021-07-21,0
2021-06-14,3,7576,2021-07-21,0
2021-06-15,2,7578,2021-07-21,0
2021-06-16,2,7580,2021-07-21,0
2021-06-17,4,7584,2021-07-21,0
2021-06-18,1,7585,2021-07-21,0
2021-06-19,6,7591,2021-07-21,0
2021-06-20,1,7592,2021-07-21,0
2021-06-21,5,7597,2021-07-21,0
2021-06-22,3,7600,2021-07-21,0
2021-06-23,4,7604,2021-07-21,0
2021-06-24,3,7607,2021-07-21,0
2021-06-25,3,7610,2021-07-21,0
2021-06-26,4,7614,2021-07-21,0
2021-06-27,2,7616,2021-07-21,0
2021-06-28,1,7617,2021-07-21,0
2021-06-29,2,7619,2021-07-21,0
2021-06-30,2,7621,2021-07-21,0
2021-07-01,0,7621,2021-07-21,0
2021-07-02,2,7623,2021-07-21,0
2021-07-03,2,7625,2021-07-21,0
2021-07-04,3,7628,2021-07-21,0
2021-07-05,1,7629,2021-07-21,0
2021-07-06,4,7633,2021-07-21,0
2021-07-07,1,7634,2021-07-21,0
2021-07-08,1,7635,2021-07-21,0
2021-07-09,0,7635,2021-07-21,0
2021-07-10,1,7636,2021-07-21,0
2021-07-11,1,7637,2021-07-21,0
2021-07-12,0,7637,2021-07-21,0
2021-07-13,1,7638,2021-07-21,0
2021-07-14,2,7640,2021-07-21,1
2021-07-15,2,7642,2021-07-21,2
2021-07-16,1,7643,2021-07-21,1
2021-07-17,1,7644,2021-07-21,1
2020-03-19,1,1,2021-07-22,0
2020-03-20,0,1,2021-07-22,0
2020-03-21,0,1,2021-07-22,0
2020-03-22,0,1,2021-07-22,0
2020-03-23,0,1,2021-07-22,0
2020-03-24,1,2,2021-07-22,0
2020-03-25,1,3,2021-07-22,0
2020-03-26,1,4,2021-07-22,0
2020-03-27,5,9,2021-07-22,0
2020-03-28,3,12,2021-07-22,0
2020-03-29,0,12,2021-07-22,0
2020-03-30,5,17,2021-07-22,0
2020-03-31,2,19,2021-07-22,0
2020-04-01,5,24,2021-07-22,0
2020-04-02,3,27,2021-07-22,0
2020-04-03,1,28,2021-07-22,0
2020-04-04,5,33,2021-07-22,0
2020-04-05,5,38,2021-07-22,0
2020-04-06,10,48,2021-07-22,0
2020-04-07,6,54,2021-07-22,0
2020-04-08,7,61,2021-07-22,0
2020-04-09,8,69,2021-07-22,0
2020-04-10,6,75,2021-07-22,0
2020-04-11,4,79,2021-07-22,0
2020-04-12,4,83,2021-07-22,0
2020-04-13,10,93,2021-07-22,0
2020-04-14,6,99,2021-07-22,0
2020-04-15,17,116,2021-07-22,0
2020-04-16,10,126,2021-07-22,0
2020-04-17,17,143,2021-07-22,0
2020-04-18,17,160,2021-07-22,0
2020-04-19,16,176,2021-07-22,0
2020-04-20,21,197,2021-07-22,0
2020-04-21,26,223,2021-07-22,0
2020-04-22,21,244,2021-07-22,0
2020-04-23,19,263,2021-07-22,0
2020-04-24,23,286,2021-07-22,0
2020-04-25,18,304,2021-07-22,0
2020-04-26,17,321,2021-07-22,0
2020-04-27,21,342,2021-07-22,0
2020-04-28,16,358,2021-07-22,0
2020-04-29,29,387,2021-07-22,0
2020-04-30,18,405,2021-07-22,0
2020-05-01,30,435,2021-07-22,0
2020-05-02,19,454,2021-07-22,0
2020-05-03,29,483,2021-07-22,0
2020-05-04,23,506,2021-07-22,0
2020-05-05,19,525,2021-07-22,0
2020-05-06,25,550,2021-07-22,0
2020-05-07,30,580,2021-07-22,0
2020-05-08,20,600,2021-07-22,0
2020-05-09,26,626,2021-07-22,0
2020-05-10,19,645,2021-07-22,0
2020-05-11,25,670,2021-07-22,0
2020-05-12,20,690,2021-07-22,0
2020-05-13,22,712,2021-07-22,0
2020-05-14,20,732,2021-07-22,0
2020-05-15,20,752,2021-07-22,0
2020-05-16,20,772,2021-07-22,0
2020-05-17,23,795,2021-07-22,0
2020-05-18,18,813,2021-07-22,0
2020-05-19,35,848,2021-07-22,0
2020-05-20,24,872,2021-07-22,0
2020-05-21,17,889,2021-07-22,0
2020-05-22,20,909,2021-07-22,0
2020-05-23,26,935,2021-07-22,0
2020-05-24,25,960,2021-07-22,0
2020-05-25,30,990,2021-07-22,0
2020-05-26,29,1019,2021-07-22,0
2020-05-27,25,1044,2021-07-22,0
2020-05-28,21,1065,2021-07-22,0
2020-05-29,17,1082,2021-07-22,0
2020-05-30,11,1093,2021-07-22,0
2020-05-31,20,1113,2021-07-22,0
2020-06-01,23,1136,2021-07-22,0
2020-06-02,21,1157,2021-07-22,0
2020-06-03,25,1182,2021-07-22,0
2020-06-04,26,1208,2021-07-22,0
2020-06-05,18,1226,2021-07-22,0
2020-06-06,12,1238,2021-07-22,0
2020-06-07,22,1260,2021-07-22,0
2020-06-08,12,1272,2021-07-22,0
2020-06-09,13,1285,2021-07-22,0
2020-06-10,10,1295,2021-07-22,0
2020-06-11,12,1307,2021-07-22,0
2020-06-12,11,1318,2021-07-22,0
2020-06-13,13,1331,2021-07-22,0
2020-06-14,11,1342,2021-07-22,0
2020-06-15,8,1350,2021-07-22,0
2020-06-16,8,1358,2021-07-22,0
2020-06-17,17,1375,2021-07-22,0
2020-06-18,9,1384,2021-07-22,0
2020-06-19,8,1392,2021-07-22,0
2020-06-20,12,1404,2021-07-22,0
2020-06-21,11,1415,2021-07-22,0
2020-06-22,6,1421,2021-07-22,0
2020-06-23,10,1431,2021-07-22,0
2020-06-24,1,1432,2021-07-22,0
2020-06-25,9,1441,2021-07-22,0
2020-06-26,6,1447,2021-07-22,0
2020-06-27,5,1452,2021-07-22,0
2020-06-28,11,1463,2021-07-22,0
2020-06-29,7,1470,2021-07-22,0
2020-06-30,9,1479,2021-07-22,0
2020-07-01,2,1481,2021-07-22,0
2020-07-02,3,1484,2021-07-22,0
2020-07-03,5,1489,2021-07-22,0
2020-07-04,4,1493,2021-07-22,0
2020-07-05,6,1499,2021-07-22,0
2020-07-06,4,1503,2021-07-22,0
2020-07-07,2,1505,2021-07-22,0
2020-07-08,9,1514,2021-07-22,0
2020-07-09,4,1518,2021-07-22,0
2020-07-10,3,1521,2021-07-22,0
2020-07-11,4,1525,2021-07-22,0
2020-07-12,6,1531,2021-07-22,0
2020-07-13,2,1533,2021-07-22,0
2020-07-14,6,1539,2021-07-22,0
2020-07-15,7,1546,2021-07-22,0
2020-07-16,3,1549,2021-07-22,0
2020-07-17,7,1556,2021-07-22,0
2020-07-18,6,1562,2021-07-22,0
2020-07-19,5,1567,2021-07-22,0
2020-07-20,3,1570,2021-07-22,0
2020-07-21,6,1576,2021-07-22,0
2020-07-22,5,1581,2021-07-22,0
2020-07-23,8,1589,2021-07-22,0
2020-07-24,6,1595,2021-07-22,0
2020-07-25,2,1597,2021-07-22,0
2020-07-26,5,1602,2021-07-22,0
2020-07-27,5,1607,2021-07-22,0
2020-07-28,7,1614,2021-07-22,0
2020-07-29,3,1617,2021-07-22,0
2020-07-30,6,1623,2021-07-22,0
2020-07-31,9,1632,2021-07-22,0
2020-08-01,4,1636,2021-07-22,0
2020-08-02,7,1643,2021-07-22,0
2020-08-03,4,1647,2021-07-22,0
2020-08-04,7,1654,2021-07-22,0
2020-08-05,8,1662,2021-07-22,0
2020-08-06,9,1671,2021-07-22,0
2020-08-07,7,1678,2021-07-22,0
2020-08-08,6,1684,2021-07-22,0
2020-08-09,10,1694,2021-07-22,0
2020-08-10,3,1697,2021-07-22,0
2020-08-11,9,1706,2021-07-22,0
2020-08-12,7,1713,2021-07-22,0
2020-08-13,5,1718,2021-07-22,0
2020-08-14,9,1727,2021-07-22,0
2020-08-15,13,1740,2021-07-22,0
2020-08-16,13,1753,2021-07-22,0
2020-08-17,6,1759,2021-07-22,0
2020-08-18,11,1770,2021-07-22,0
2020-08-19,3,1773,2021-07-22,0
2020-08-20,10,1783,2021-07-22,0
2020-08-21,12,1795,2021-07-22,0
2020-08-22,9,1804,2021-07-22,0
2020-08-23,7,1811,2021-07-22,0
2020-08-24,9,1820,2021-07-22,0
2020-08-25,4,1824,2021-07-22,0
2020-08-26,3,1827,2021-07-22,0
2020-08-27,7,1834,2021-07-22,0
2020-08-28,6,1840,2021-07-22,0
2020-08-29,3,1843,2021-07-22,0
2020-08-30,5,1848,2021-07-22,0
2020-08-31,9,1857,2021-07-22,0
2020-09-01,2,1859,2021-07-22,0
2020-09-02,7,1866,2021-07-22,0
2020-09-03,12,1878,2021-07-22,0
2020-09-04,4,1882,2021-07-22,0
2020-09-05,6,1888,2021-07-22,0
2020-09-06,12,1900,2021-07-22,0
2020-09-07,3,1903,2021-07-22,0
2020-09-08,6,1909,2021-07-22,0
2020-09-09,10,1919,2021-07-22,0
2020-09-10,9,1928,2021-07-22,0
2020-09-11,11,1939,2021-07-22,0
2020-09-12,8,1947,2021-07-22,0
2020-09-13,8,1955,2021-07-22,0
2020-09-14,2,1957,2021-07-22,0
2020-09-15,6,1963,2021-07-22,0
2020-09-16,9,1972,2021-07-22,0
2020-09-17,5,1977,2021-07-22,0
2020-09-18,6,1983,2021-07-22,0
2020-09-19,4,1987,2021-07-22,0
2020-09-20,9,1996,2021-07-22,0
2020-09-21,7,2003,2021-07-22,0
2020-09-22,8,2011,2021-07-22,0
2020-09-23,9,2020,2021-07-22,0
2020-09-24,7,2027,2021-07-22,0
2020-09-25,11,2038,2021-07-22,0
2020-09-26,9,2047,2021-07-22,0
2020-09-27,14,2061,2021-07-22,0
2020-09-28,11,2072,2021-07-22,0
2020-09-29,5,2077,2021-07-22,0
2020-09-30,16,2093,2021-07-22,0
2020-10-01,7,2100,2021-07-22,0
2020-10-02,13,2113,2021-07-22,0
2020-10-03,9,2122,2021-07-22,0
2020-10-04,7,2129,2021-07-22,0
2020-10-05,10,2139,2021-07-22,0
2020-10-06,12,2151,2021-07-22,0
2020-10-07,19,2170,2021-07-22,0
2020-10-08,9,2179,2021-07-22,0
2020-10-09,17,2196,2021-07-22,0
2020-10-10,16,2212,2021-07-22,0
2020-10-11,16,2228,2021-07-22,0
2020-10-12,20,2248,2021-07-22,0
2020-10-13,14,2262,2021-07-22,0
2020-10-14,10,2272,2021-07-22,0
2020-10-15,9,2281,2021-07-22,0
2020-10-16,12,2293,2021-07-22,0
2020-10-17,18,2311,2021-07-22,0
2020-10-18,25,2336,2021-07-22,0
2020-10-19,18,2354,2021-07-22,0
2020-10-20,15,2369,2021-07-22,0
2020-10-21,24,2393,2021-07-22,0
2020-10-22,18,2411,2021-07-22,0
2020-10-23,19,2430,2021-07-22,0
2020-10-24,8,2438,2021-07-22,0
2020-10-25,17,2455,2021-07-22,0
2020-10-26,25,2480,2021-07-22,0
2020-10-27,23,2503,2021-07-22,0
2020-10-28,29,2532,2021-07-22,0
2020-10-29,18,2550,2021-07-22,0
2020-10-30,27,2577,2021-07-22,0
2020-10-31,25,2602,2021-07-22,0
2020-11-01,21,2623,2021-07-22,0
2020-11-02,25,2648,2021-07-22,0
2020-11-03,25,2673,2021-07-22,0
2020-11-04,33,2706,2021-07-22,0
2020-11-05,37,2743,2021-07-22,0
2020-11-06,39,2782,2021-07-22,0
2020-11-07,42,2824,2021-07-22,0
2020-11-08,47,2871,2021-07-22,0
2020-11-09,36,2907,2021-07-22,0
2020-11-10,35,2942,2021-07-22,0
2020-11-11,43,2985,2021-07-22,0
2020-11-12,45,3030,2021-07-22,0
2020-11-13,40,3070,2021-07-22,0
2020-11-14,47,3117,2021-07-22,0
2020-11-15,46,3163,2021-07-22,0
2020-11-16,62,3225,2021-07-22,0
2020-11-17,56,3281,2021-07-22,0
2020-11-18,61,3342,2021-07-22,0
2020-11-19,60,3402,2021-07-22,0
2020-11-20,63,3465,2021-07-22,0
2020-11-21,58,3523,2021-07-22,0
2020-11-22,67,3590,2021-07-22,0
2020-11-23,59,3649,2021-07-22,0
2020-11-24,68,3717,2021-07-22,0
2020-11-25,72,3789,2021-07-22,0
2020-11-26,54,3843,2021-07-22,0
2020-11-27,69,3912,2021-07-22,0
2020-11-28,60,3972,2021-07-22,0
2020-11-29,68,4040,2021-07-22,0
2020-11-30,60,4100,2021-07-22,0
2020-12-01,63,4163,2021-07-22,0
2020-12-02,73,4236,2021-07-22,0
2020-12-03,86,4322,2021-07-22,0
2020-12-04,67,4389,2021-07-22,0
2020-12-05,74,4463,2021-07-22,0
2020-12-06,80,4543,2021-07-22,0
2020-12-07,75,4618,2021-07-22,0
2020-12-08,61,4679,2021-07-22,0
2020-12-09,71,4750,2021-07-22,0
2020-12-10,71,4821,2021-07-22,0
2020-12-11,70,4891,2021-07-22,0
2020-12-12,71,4962,2021-07-22,0
2020-12-13,55,5017,2021-07-22,0
2020-12-14,43,5060,2021-07-22,0
2020-12-15,65,5125,2021-07-22,0
2020-12-16,70,5195,2021-07-22,0
2020-12-17,60,5255,2021-07-22,0
2020-12-18,59,5314,2021-07-22,0
2020-12-19,56,5370,2021-07-22,0
2020-12-20,59,5429,2021-07-22,0
2020-12-21,58,5487,2021-07-22,0
2020-12-22,33,5520,2021-07-22,0
2020-12-23,44,5564,2021-07-22,0
2020-12-24,50,5614,2021-07-22,0
2020-12-25,36,5650,2021-07-22,0
2020-12-26,43,5693,2021-07-22,0
2020-12-27,41,5734,2021-07-22,0
2020-12-28,33,5767,2021-07-22,0
2020-12-29,36,5803,2021-07-22,0
2020-12-30,47,5850,2021-07-22,0
2020-12-31,36,5886,2021-07-22,0
2021-01-01,28,5914,2021-07-22,0
2021-01-02,46,5960,2021-07-22,0
2021-01-03,35,5995,2021-07-22,0
2021-01-04,31,6026,2021-07-22,0
2021-01-05,40,6066,2021-07-22,0
2021-01-06,32,6098,2021-07-22,0
2021-01-07,37,6135,2021-07-22,0
2021-01-08,32,6167,2021-07-22,0
2021-01-09,25,6192,2021-07-22,0
2021-01-10,29,6221,2021-07-22,0
2021-01-11,26,6247,2021-07-22,0
2021-01-12,32,6279,2021-07-22,0
2021-01-13,23,6302,2021-07-22,0
2021-01-14,41,6343,2021-07-22,0
2021-01-15,26,6369,2021-07-22,0
2021-01-16,28,6397,2021-07-22,0
2021-01-17,21,6418,2021-07-22,0
2021-01-18,19,6437,2021-07-22,0
2021-01-19,14,6451,2021-07-22,0
2021-01-20,26,6477,2021-07-22,0
2021-01-21,15,6492,2021-07-22,0
2021-01-22,13,6505,2021-07-22,0
2021-01-23,17,6522,2021-07-22,0
2021-01-24,24,6546,2021-07-22,0
2021-01-25,17,6563,2021-07-22,0
2021-01-26,21,6584,2021-07-22,0
2021-01-27,11,6595,2021-07-22,0
2021-01-28,12,6607,2021-07-22,0
2021-01-29,14,6621,2021-07-22,0
2021-01-30,13,6634,2021-07-22,0
2021-01-31,16,6650,2021-07-22,0
2021-02-01,16,6666,2021-07-22,0
2021-02-02,10,6676,2021-07-22,0
2021-02-03,11,6687,2021-07-22,0
2021-02-04,11,6698,2021-07-22,0
2021-02-05,10,6708,2021-07-22,1
2021-02-06,12,6720,2021-07-22,1
2021-02-07,18,6738,2021-07-22,0
2021-02-08,11,6749,2021-07-22,1
2021-02-09,14,6763,2021-07-22,0
2021-02-10,11,6774,2021-07-22,0
2021-02-11,7,6781,2021-07-22,0
2021-02-12,11,6792,2021-07-22,0
2021-02-13,7,6799,2021-07-22,0
2021-02-14,9,6808,2021-07-22,0
2021-02-15,6,6814,2021-07-22,0
2021-02-16,10,6824,2021-07-22,0
2021-02-17,8,6832,2021-07-22,0
2021-02-18,6,6838,2021-07-22,0
2021-02-19,6,6844,2021-07-22,0
2021-02-20,6,6850,2021-07-22,0
2021-02-21,3,6853,2021-07-22,0
2021-02-22,5,6858,2021-07-22,0
2021-02-23,8,6866,2021-07-22,0
2021-02-24,4,6870,2021-07-22,0
2021-02-25,5,6875,2021-07-22,0
2021-02-26,5,6880,2021-07-22,0
2021-02-27,5,6885,2021-07-22,0
2021-02-28,8,6893,2021-07-22,0
2021-03-01,7,6900,2021-07-22,0
2021-03-02,1,6901,2021-07-22,0
2021-03-03,9,6910,2021-07-22,0
2021-03-04,6,6916,2021-07-22,0
2021-03-05,10,6926,2021-07-22,0
2021-03-06,5,6931,2021-07-22,0
2021-03-07,9,6940,2021-07-22,0
2021-03-08,5,6945,2021-07-22,0
2021-03-09,7,6952,2021-07-22,0
2021-03-10,2,6954,2021-07-22,0
2021-03-11,3,6957,2021-07-22,0
2021-03-12,10,6967,2021-07-22,0
2021-03-13,5,6972,2021-07-22,0
2021-03-14,4,6976,2021-07-22,0
2021-03-15,2,6978,2021-07-22,0
2021-03-16,4,6982,2021-07-22,0
2021-03-17,4,6986,2021-07-22,0
2021-03-18,5,6991,2021-07-22,0
2021-03-19,5,6996,2021-07-22,0
2021-03-20,9,7005,2021-07-22,0
2021-03-21,5,7010,2021-07-22,0
2021-03-22,4,7014,2021-07-22,0
2021-03-23,5,7019,2021-07-22,0
2021-03-24,0,7019,2021-07-22,0
2021-03-25,5,7024,2021-07-22,0
2021-03-26,3,7027,2021-07-22,0
2021-03-27,7,7034,2021-07-22,0
2021-03-28,6,7040,2021-07-22,0
2021-03-29,5,7045,2021-07-22,0
2021-03-30,6,7051,2021-07-22,0
2021-03-31,8,7059,2021-07-22,0
2021-04-01,6,7065,2021-07-22,0
2021-04-02,9,7074,2021-07-22,0
2021-04-03,8,7082,2021-07-22,0
2021-04-04,6,7088,2021-07-22,0
2021-04-05,8,7096,2021-07-22,0
2021-04-06,6,7102,2021-07-22,0
2021-04-07,6,7108,2021-07-22,0
2021-04-08,10,7118,2021-07-22,0
2021-04-09,6,7124,2021-07-22,0
2021-04-10,7,7131,2021-07-22,0
2021-04-11,8,7139,2021-07-22,0
2021-04-12,9,7148,2021-07-22,0
2021-04-13,6,7154,2021-07-22,0
2021-04-14,8,7162,2021-07-22,0
2021-04-15,14,7176,2021-07-22,0
2021-04-16,8,7184,2021-07-22,0
2021-04-17,7,7191,2021-07-22,0
2021-04-18,8,7199,2021-07-22,0
2021-04-19,9,7208,2021-07-22,0
2021-04-20,5,7213,2021-07-22,0
2021-04-21,8,7221,2021-07-22,0
2021-04-22,1,7222,2021-07-22,0
2021-04-23,15,7237,2021-07-22,0
2021-04-24,11,7248,2021-07-22,0
2021-04-25,15,7263,2021-07-22,0
2021-04-26,14,7277,2021-07-22,0
2021-04-27,7,7284,2021-07-22,0
2021-04-28,14,7298,2021-07-22,0
2021-04-29,8,7306,2021-07-22,0
2021-04-30,11,7317,2021-07-22,0
2021-05-01,7,7324,2021-07-22,0
2021-05-02,8,7332,2021-07-22,0
2021-05-03,5,7337,2021-07-22,0
2021-05-04,12,7349,2021-07-22,0
2021-05-05,8,7357,2021-07-22,0
2021-05-06,5,7362,2021-07-22,0
2021-05-07,8,7370,2021-07-22,0
2021-05-08,7,7377,2021-07-22,0
2021-05-09,9,7386,2021-07-22,0
2021-05-10,8,7394,2021-07-22,0
2021-05-11,6,7400,2021-07-22,0
2021-05-12,9,7409,2021-07-22,0
2021-05-13,9,7418,2021-07-22,0
2021-05-14,11,7429,2021-07-22,0
2021-05-15,9,7438,2021-07-22,0
2021-05-16,5,7443,2021-07-22,0
2021-05-17,5,7448,2021-07-22,0
2021-05-18,7,7455,2021-07-22,0
2021-05-19,2,7457,2021-07-22,0
2021-05-20,5,7462,2021-07-22,0
2021-05-21,7,7469,2021-07-22,0
2021-05-22,9,7478,2021-07-22,0
2021-05-23,5,7483,2021-07-22,0
2021-05-24,5,7488,2021-07-22,0
2021-05-25,6,7494,2021-07-22,0
2021-05-26,3,7497,2021-07-22,0
2021-05-27,7,7504,2021-07-22,0
2021-05-28,2,7506,2021-07-22,0
2021-05-29,6,7512,2021-07-22,0
2021-05-30,3,7515,2021-07-22,0
2021-05-31,3,7518,2021-07-22,0
2021-06-01,5,7523,2021-07-22,0
2021-06-02,8,7531,2021-07-22,0
2021-06-03,4,7535,2021-07-22,0
2021-06-04,4,7539,2021-07-22,0
2021-06-05,1,7540,2021-07-22,0
2021-06-06,5,7545,2021-07-22,0
2021-06-07,3,7548,2021-07-22,0
2021-06-08,5,7553,2021-07-22,0
2021-06-09,4,7557,2021-07-22,0
2021-06-10,6,7563,2021-07-22,0
2021-06-11,6,7569,2021-07-22,0
2021-06-12,4,7573,2021-07-22,0
2021-06-13,3,7576,2021-07-22,0
2021-06-14,3,7579,2021-07-22,0
2021-06-15,2,7581,2021-07-22,0
2021-06-16,2,7583,2021-07-22,0
2021-06-17,4,7587,2021-07-22,0
2021-06-18,1,7588,2021-07-22,0
2021-06-19,6,7594,2021-07-22,0
2021-06-20,1,7595,2021-07-22,0
2021-06-21,5,7600,2021-07-22,0
2021-06-22,3,7603,2021-07-22,0
2021-06-23,4,7607,2021-07-22,0
2021-06-24,3,7610,2021-07-22,0
2021-06-25,3,7613,2021-07-22,0
2021-06-26,4,7617,2021-07-22,0
2021-06-27,2,7619,2021-07-22,0
2021-06-28,1,7620,2021-07-22,0
2021-06-29,2,7622,2021-07-22,0
2021-06-30,2,7624,2021-07-22,0
2021-07-01,0,7624,2021-07-22,0
2021-07-02,2,7626,2021-07-22,0
2021-07-03,2,7628,2021-07-22,0
2021-07-04,3,7631,2021-07-22,0
2021-07-05,1,7632,2021-07-22,0
2021-07-06,4,7636,2021-07-22,0
2021-07-07,1,7637,2021-07-22,0
2021-07-08,1,7638,2021-07-22,0
2021-07-09,0,7638,2021-07-22,0
2021-07-10,1,7639,2021-07-22,0
2021-07-11,2,7641,2021-07-22,1
2021-07-12,0,7641,2021-07-22,0
2021-07-13,1,7642,2021-07-22,0
2021-07-14,2,7644,2021-07-22,0
2021-07-15,2,7646,2021-07-22,0
2021-07-16,1,7647,2021-07-22,0
2021-07-17,1,7648,2021-07-22,0
2020-03-19,1,1,2021-07-23,0
2020-03-20,0,1,2021-07-23,0
2020-03-21,0,1,2021-07-23,0
2020-03-22,0,1,2021-07-23,0
2020-03-23,0,1,2021-07-23,0
2020-03-24,1,2,2021-07-23,0
2020-03-25,1,3,2021-07-23,0
2020-03-26,1,4,2021-07-23,0
2020-03-27,5,9,2021-07-23,0
2020-03-28,3,12,2021-07-23,0
2020-03-29,0,12,2021-07-23,0
2020-03-30,5,17,2021-07-23,0
2020-03-31,2,19,2021-07-23,0
2020-04-01,5,24,2021-07-23,0
2020-04-02,3,27,2021-07-23,0
2020-04-03,1,28,2021-07-23,0
2020-04-04,5,33,2021-07-23,0
2020-04-05,5,38,2021-07-23,0
2020-04-06,10,48,2021-07-23,0
2020-04-07,6,54,2021-07-23,0
2020-04-08,7,61,2021-07-23,0
2020-04-09,8,69,2021-07-23,0
2020-04-10,6,75,2021-07-23,0
2020-04-11,4,79,2021-07-23,0
2020-04-12,4,83,2021-07-23,0
2020-04-13,10,93,2021-07-23,0
2020-04-14,6,99,2021-07-23,0
2020-04-15,17,116,2021-07-23,0
2020-04-16,10,126,2021-07-23,0
2020-04-17,17,143,2021-07-23,0
2020-04-18,17,160,2021-07-23,0
2020-04-19,16,176,2021-07-23,0
2020-04-20,21,197,2021-07-23,0
2020-04-21,26,223,2021-07-23,0
2020-04-22,21,244,2021-07-23,0
2020-04-23,19,263,2021-07-23,0
2020-04-24,23,286,2021-07-23,0
2020-04-25,18,304,2021-07-23,0
2020-04-26,17,321,2021-07-23,0
2020-04-27,21,342,2021-07-23,0
2020-04-28,16,358,2021-07-23,0
2020-04-29,29,387,2021-07-23,0
2020-04-30,18,405,2021-07-23,0
2020-05-01,30,435,2021-07-23,0
2020-05-02,19,454,2021-07-23,0
2020-05-03,29,483,2021-07-23,0
2020-05-04,23,506,2021-07-23,0
2020-05-05,19,525,2021-07-23,0
2020-05-06,25,550,2021-07-23,0
2020-05-07,30,580,2021-07-23,0
2020-05-08,20,600,2021-07-23,0
2020-05-09,26,626,2021-07-23,0
2020-05-10,19,645,2021-07-23,0
2020-05-11,25,670,2021-07-23,0
2020-05-12,20,690,2021-07-23,0
2020-05-13,22,712,2021-07-23,0
2020-05-14,20,732,2021-07-23,0
2020-05-15,20,752,2021-07-23,0
2020-05-16,20,772,2021-07-23,0
2020-05-17,23,795,2021-07-23,0
2020-05-18,18,813,2021-07-23,0
2020-05-19,35,848,2021-07-23,0
2020-05-20,24,872,2021-07-23,0
2020-05-21,17,889,2021-07-23,0
2020-05-22,20,909,2021-07-23,0
2020-05-23,26,935,2021-07-23,0
2020-05-24,25,960,2021-07-23,0
2020-05-25,30,990,2021-07-23,0
2020-05-26,29,1019,2021-07-23,0
2020-05-27,25,1044,2021-07-23,0
2020-05-28,21,1065,2021-07-23,0
2020-05-29,17,1082,2021-07-23,0
2020-05-30,11,1093,2021-07-23,0
2020-05-31,20,1113,2021-07-23,0
2020-06-01,23,1136,2021-07-23,0
2020-06-02,21,1157,2021-07-23,0
2020-06-03,25,1182,2021-07-23,0
2020-06-04,26,1208,2021-07-23,0
2020-06-05,18,1226,2021-07-23,0
2020-06-06,12,1238,2021-07-23,0
2020-06-07,22,1260,2021-07-23,0
2020-06-08,12,1272,2021-07-23,0
2020-06-09,13,1285,2021-07-23,0
2020-06-10,10,1295,2021-07-23,0
2020-06-11,12,1307,2021-07-23,0
2020-06-12,11,1318,2021-07-23,0
2020-06-13,13,1331,2021-07-23,0
2020-06-14,11,1342,2021-07-23,0
2020-06-15,8,1350,2021-07-23,0
2020-06-16,8,1358,2021-07-23,0
2020-06-17,17,1375,2021-07-23,0
2020-06-18,9,1384,2021-07-23,0
2020-06-19,8,1392,2021-07-23,0
2020-06-20,12,1404,2021-07-23,0
2020-06-21,11,1415,2021-07-23,0
2020-06-22,6,1421,2021-07-23,0
2020-06-23,10,1431,2021-07-23,0
2020-06-24,1,1432,2021-07-23,0
2020-06-25,9,1441,2021-07-23,0
2020-06-26,6,1447,2021-07-23,0
2020-06-27,5,1452,2021-07-23,0
2020-06-28,11,1463,2021-07-23,0
2020-06-29,7,1470,2021-07-23,0
2020-06-30,9,1479,2021-07-23,0
2020-07-01,2,1481,2021-07-23,0
2020-07-02,3,1484,2021-07-23,0
2020-07-03,5,1489,2021-07-23,0
2020-07-04,4,1493,2021-07-23,0
2020-07-05,6,1499,2021-07-23,0
2020-07-06,4,1503,2021-07-23,0
2020-07-07,2,1505,2021-07-23,0
2020-07-08,9,1514,2021-07-23,0
2020-07-09,4,1518,2021-07-23,0
2020-07-10,3,1521,2021-07-23,0
2020-07-11,4,1525,2021-07-23,0
2020-07-12,6,1531,2021-07-23,0
2020-07-13,2,1533,2021-07-23,0
2020-07-14,6,1539,2021-07-23,0
2020-07-15,7,1546,2021-07-23,0
2020-07-16,3,1549,2021-07-23,0
2020-07-17,7,1556,2021-07-23,0
2020-07-18,6,1562,2021-07-23,0
2020-07-19,5,1567,2021-07-23,0
2020-07-20,3,1570,2021-07-23,0
2020-07-21,6,1576,2021-07-23,0
2020-07-22,5,1581,2021-07-23,0
2020-07-23,8,1589,2021-07-23,0
2020-07-24,6,1595,2021-07-23,0
2020-07-25,2,1597,2021-07-23,0
2020-07-26,5,1602,2021-07-23,0
2020-07-27,5,1607,2021-07-23,0
2020-07-28,7,1614,2021-07-23,0
2020-07-29,3,1617,2021-07-23,0
2020-07-30,6,1623,2021-07-23,0
2020-07-31,9,1632,2021-07-23,0
2020-08-01,4,1636,2021-07-23,0
2020-08-02,7,1643,2021-07-23,0
2020-08-03,4,1647,2021-07-23,0
2020-08-04,7,1654,2021-07-23,0
2020-08-05,8,1662,2021-07-23,0
2020-08-06,9,1671,2021-07-23,0
2020-08-07,7,1678,2021-07-23,0
2020-08-08,6,1684,2021-07-23,0
2020-08-09,10,1694,2021-07-23,0
2020-08-10,3,1697,2021-07-23,0
2020-08-11,9,1706,2021-07-23,0
2020-08-12,7,1713,2021-07-23,0
2020-08-13,5,1718,2021-07-23,0
2020-08-14,9,1727,2021-07-23,0
2020-08-15,13,1740,2021-07-23,0
2020-08-16,13,1753,2021-07-23,0
2020-08-17,6,1759,2021-07-23,0
2020-08-18,11,1770,2021-07-23,0
2020-08-19,3,1773,2021-07-23,0
2020-08-20,10,1783,2021-07-23,0
2020-08-21,12,1795,2021-07-23,0
2020-08-22,9,1804,2021-07-23,0
2020-08-23,7,1811,2021-07-23,0
2020-08-24,9,1820,2021-07-23,0
2020-08-25,4,1824,2021-07-23,0
2020-08-26,3,1827,2021-07-23,0
2020-08-27,7,1834,2021-07-23,0
2020-08-28,6,1840,2021-07-23,0
2020-08-29,3,1843,2021-07-23,0
2020-08-30,5,1848,2021-07-23,0
2020-08-31,9,1857,2021-07-23,0
2020-09-01,2,1859,2021-07-23,0
2020-09-02,7,1866,2021-07-23,0
2020-09-03,12,1878,2021-07-23,0
2020-09-04,4,1882,2021-07-23,0
2020-09-05,6,1888,2021-07-23,0
2020-09-06,12,1900,2021-07-23,0
2020-09-07,3,1903,2021-07-23,0
2020-09-08,6,1909,2021-07-23,0
2020-09-09,10,1919,2021-07-23,0
2020-09-10,9,1928,2021-07-23,0
2020-09-11,11,1939,2021-07-23,0
2020-09-12,8,1947,2021-07-23,0
2020-09-13,8,1955,2021-07-23,0
2020-09-14,2,1957,2021-07-23,0
2020-09-15,6,1963,2021-07-23,0
2020-09-16,9,1972,2021-07-23,0
2020-09-17,5,1977,2021-07-23,0
2020-09-18,6,1983,2021-07-23,0
2020-09-19,4,1987,2021-07-23,0
2020-09-20,9,1996,2021-07-23,0
2020-09-21,7,2003,2021-07-23,0
2020-09-22,8,2011,2021-07-23,0
2020-09-23,9,2020,2021-07-23,0
2020-09-24,7,2027,2021-07-23,0
2020-09-25,11,2038,2021-07-23,0
2020-09-26,9,2047,2021-07-23,0
2020-09-27,14,2061,2021-07-23,0
2020-09-28,11,2072,2021-07-23,0
2020-09-29,5,2077,2021-07-23,0
2020-09-30,16,2093,2021-07-23,0
2020-10-01,7,2100,2021-07-23,0
2020-10-02,13,2113,2021-07-23,0
2020-10-03,9,2122,2021-07-23,0
2020-10-04,7,2129,2021-07-23,0
2020-10-05,10,2139,2021-07-23,0
2020-10-06,12,2151,2021-07-23,0
2020-10-07,19,2170,2021-07-23,0
2020-10-08,9,2179,2021-07-23,0
2020-10-09,17,2196,2021-07-23,0
2020-10-10,16,2212,2021-07-23,0
2020-10-11,16,2228,2021-07-23,0
2020-10-12,20,2248,2021-07-23,0
2020-10-13,14,2262,2021-07-23,0
2020-10-14,10,2272,2021-07-23,0
2020-10-15,9,2281,2021-07-23,0
2020-10-16,12,2293,2021-07-23,0
2020-10-17,18,2311,2021-07-23,0
2020-10-18,25,2336,2021-07-23,0
2020-10-19,18,2354,2021-07-23,0
2020-10-20,15,2369,2021-07-23,0
2020-10-21,24,2393,2021-07-23,0
2020-10-22,18,2411,2021-07-23,0
2020-10-23,19,2430,2021-07-23,0
2020-10-24,8,2438,2021-07-23,0
2020-10-25,17,2455,2021-07-23,0
2020-10-26,25,2480,2021-07-23,0
2020-10-27,23,2503,2021-07-23,0
2020-10-28,29,2532,2021-07-23,0
2020-10-29,18,2550,2021-07-23,0
2020-10-30,27,2577,2021-07-23,0
2020-10-31,25,2602,2021-07-23,0
2020-11-01,21,2623,2021-07-23,0
2020-11-02,25,2648,2021-07-23,0
2020-11-03,25,2673,2021-07-23,0
2020-11-04,33,2706,2021-07-23,0
2020-11-05,37,2743,2021-07-23,0
2020-11-06,39,2782,2021-07-23,0
2020-11-07,42,2824,2021-07-23,0
2020-11-08,47,2871,2021-07-23,0
2020-11-09,36,2907,2021-07-23,0
2020-11-10,35,2942,2021-07-23,0
2020-11-11,43,2985,2021-07-23,0
2020-11-12,45,3030,2021-07-23,0
2020-11-13,40,3070,2021-07-23,0
2020-11-14,47,3117,2021-07-23,0
2020-11-15,46,3163,2021-07-23,0
2020-11-16,62,3225,2021-07-23,0
2020-11-17,56,3281,2021-07-23,0
2020-11-18,61,3342,2021-07-23,0
2020-11-19,60,3402,2021-07-23,0
2020-11-20,63,3465,2021-07-23,0
2020-11-21,58,3523,2021-07-23,0
2020-11-22,67,3590,2021-07-23,0
2020-11-23,59,3649,2021-07-23,0
2020-11-24,68,3717,2021-07-23,0
2020-11-25,72,3789,2021-07-23,0
2020-11-26,54,3843,2021-07-23,0
2020-11-27,69,3912,2021-07-23,0
2020-11-28,60,3972,2021-07-23,0
2020-11-29,68,4040,2021-07-23,0
2020-11-30,60,4100,2021-07-23,0
2020-12-01,63,4163,2021-07-23,0
2020-12-02,73,4236,2021-07-23,0
2020-12-03,86,4322,2021-07-23,0
2020-12-04,67,4389,2021-07-23,0
2020-12-05,74,4463,2021-07-23,0
2020-12-06,80,4543,2021-07-23,0
2020-12-07,75,4618,2021-07-23,0
2020-12-08,61,4679,2021-07-23,0
2020-12-09,71,4750,2021-07-23,0
2020-12-10,71,4821,2021-07-23,0
2020-12-11,70,4891,2021-07-23,0
2020-12-12,71,4962,2021-07-23,0
2020-12-13,55,5017,2021-07-23,0
2020-12-14,43,5060,2021-07-23,0
2020-12-15,65,5125,2021-07-23,0
2020-12-16,70,5195,2021-07-23,0
2020-12-17,60,5255,2021-07-23,0
2020-12-18,59,5314,2021-07-23,0
2020-12-19,56,5370,2021-07-23,0
2020-12-20,59,5429,2021-07-23,0
2020-12-21,58,5487,2021-07-23,0
2020-12-22,33,5520,2021-07-23,0
2020-12-23,44,5564,2021-07-23,0
2020-12-24,50,5614,2021-07-23,0
2020-12-25,36,5650,2021-07-23,0
2020-12-26,43,5693,2021-07-23,0
2020-12-27,41,5734,2021-07-23,0
2020-12-28,33,5767,2021-07-23,0
2020-12-29,36,5803,2021-07-23,0
2020-12-30,47,5850,2021-07-23,0
2020-12-31,36,5886,2021-07-23,0
2021-01-01,28,5914,2021-07-23,0
2021-01-02,46,5960,2021-07-23,0
2021-01-03,35,5995,2021-07-23,0
2021-01-04,31,6026,2021-07-23,0
2021-01-05,40,6066,2021-07-23,0
2021-01-06,32,6098,2021-07-23,0
2021-01-07,37,6135,2021-07-23,0
2021-01-08,32,6167,2021-07-23,0
2021-01-09,25,6192,2021-07-23,0
2021-01-10,29,6221,2021-07-23,0
2021-01-11,26,6247,2021-07-23,0
2021-01-12,32,6279,2021-07-23,0
2021-01-13,23,6302,2021-07-23,0
2021-01-14,41,6343,2021-07-23,0
2021-01-15,26,6369,2021-07-23,0
2021-01-16,28,6397,2021-07-23,0
2021-01-17,21,6418,2021-07-23,0
2021-01-18,19,6437,2021-07-23,0
2021-01-19,14,6451,2021-07-23,0
2021-01-20,26,6477,2021-07-23,0
2021-01-21,15,6492,2021-07-23,0
2021-01-22,13,6505,2021-07-23,0
2021-01-23,17,6522,2021-07-23,0
2021-01-24,24,6546,2021-07-23,0
2021-01-25,17,6563,2021-07-23,0
2021-01-26,21,6584,2021-07-23,0
2021-01-27,11,6595,2021-07-23,0
2021-01-28,12,6607,2021-07-23,0
2021-01-29,14,6621,2021-07-23,0
2021-01-30,13,6634,2021-07-23,0
2021-01-31,16,6650,2021-07-23,0
2021-02-01,16,6666,2021-07-23,0
2021-02-02,10,6676,2021-07-23,0
2021-02-03,11,6687,2021-07-23,0
2021-02-04,11,6698,2021-07-23,0
2021-02-05,10,6708,2021-07-23,0
2021-02-06,12,6720,2021-07-23,0
2021-02-07,18,6738,2021-07-23,0
2021-02-08,11,6749,2021-07-23,0
2021-02-09,14,6763,2021-07-23,0
2021-02-10,11,6774,2021-07-23,0
2021-02-11,7,6781,2021-07-23,0
2021-02-12,11,6792,2021-07-23,0
2021-02-13,7,6799,2021-07-23,0
2021-02-14,9,6808,2021-07-23,0
2021-02-15,6,6814,2021-07-23,0
2021-02-16,10,6824,2021-07-23,0
2021-02-17,8,6832,2021-07-23,0
2021-02-18,6,6838,2021-07-23,0
2021-02-19,6,6844,2021-07-23,0
2021-02-20,6,6850,2021-07-23,0
2021-02-21,3,6853,2021-07-23,0
2021-02-22,5,6858,2021-07-23,0
2021-02-23,8,6866,2021-07-23,0
2021-02-24,4,6870,2021-07-23,0
2021-02-25,5,6875,2021-07-23,0
2021-02-26,5,6880,2021-07-23,0
2021-02-27,5,6885,2021-07-23,0
2021-02-28,8,6893,2021-07-23,0
2021-03-01,7,6900,2021-07-23,0
2021-03-02,1,6901,2021-07-23,0
2021-03-03,9,6910,2021-07-23,0
2021-03-04,6,6916,2021-07-23,0
2021-03-05,10,6926,2021-07-23,0
2021-03-06,5,6931,2021-07-23,0
2021-03-07,9,6940,2021-07-23,0
2021-03-08,5,6945,2021-07-23,0
2021-03-09,7,6952,2021-07-23,0
2021-03-10,2,6954,2021-07-23,0
2021-03-11,3,6957,2021-07-23,0
2021-03-12,10,6967,2021-07-23,0
2021-03-13,5,6972,2021-07-23,0
2021-03-14,4,6976,2021-07-23,0
2021-03-15,2,6978,2021-07-23,0
2021-03-16,4,6982,2021-07-23,0
2021-03-17,4,6986,2021-07-23,0
2021-03-18,5,6991,2021-07-23,0
2021-03-19,5,6996,2021-07-23,0
2021-03-20,9,7005,2021-07-23,0
2021-03-21,5,7010,2021-07-23,0
2021-03-22,4,7014,2021-07-23,0
2021-03-23,5,7019,2021-07-23,0
2021-03-24,0,7019,2021-07-23,0
2021-03-25,5,7024,2021-07-23,0
2021-03-26,3,7027,2021-07-23,0
2021-03-27,7,7034,2021-07-23,0
2021-03-28,6,7040,2021-07-23,0
2021-03-29,5,7045,2021-07-23,0
2021-03-30,6,7051,2021-07-23,0
2021-03-31,8,7059,2021-07-23,0
2021-04-01,6,7065,2021-07-23,0
2021-04-02,9,7074,2021-07-23,0
2021-04-03,8,7082,2021-07-23,0
2021-04-04,6,7088,2021-07-23,0
2021-04-05,8,7096,2021-07-23,0
2021-04-06,6,7102,2021-07-23,0
2021-04-07,6,7108,2021-07-23,0
2021-04-08,10,7118,2021-07-23,0
2021-04-09,6,7124,2021-07-23,0
2021-04-10,7,7131,2021-07-23,0
2021-04-11,8,7139,2021-07-23,0
2021-04-12,9,7148,2021-07-23,0
2021-04-13,6,7154,2021-07-23,0
2021-04-14,8,7162,2021-07-23,0
2021-04-15,14,7176,2021-07-23,0
2021-04-16,8,7184,2021-07-23,0
2021-04-17,7,7191,2021-07-23,0
2021-04-18,8,7199,2021-07-23,0
2021-04-19,9,7208,2021-07-23,0
2021-04-20,5,7213,2021-07-23,0
2021-04-21,8,7221,2021-07-23,0
2021-04-22,1,7222,2021-07-23,0
2021-04-23,15,7237,2021-07-23,0
2021-04-24,11,7248,2021-07-23,0
2021-04-25,15,7263,2021-07-23,0
2021-04-26,14,7277,2021-07-23,0
2021-04-27,7,7284,2021-07-23,0
2021-04-28,14,7298,2021-07-23,0
2021-04-29,8,7306,2021-07-23,0
2021-04-30,11,7317,2021-07-23,0
2021-05-01,7,7324,2021-07-23,0
2021-05-02,8,7332,2021-07-23,0
2021-05-03,5,7337,2021-07-23,0
2021-05-04,12,7349,2021-07-23,0
2021-05-05,8,7357,2021-07-23,0
2021-05-06,5,7362,2021-07-23,0
2021-05-07,8,7370,2021-07-23,0
2021-05-08,7,7377,2021-07-23,0
2021-05-09,9,7386,2021-07-23,0
2021-05-10,8,7394,2021-07-23,0
2021-05-11,6,7400,2021-07-23,0
2021-05-12,9,7409,2021-07-23,0
2021-05-13,9,7418,2021-07-23,0
2021-05-14,11,7429,2021-07-23,0
2021-05-15,9,7438,2021-07-23,0
2021-05-16,5,7443,2021-07-23,0
2021-05-17,5,7448,2021-07-23,0
2021-05-18,7,7455,2021-07-23,0
2021-05-19,2,7457,2021-07-23,0
2021-05-20,5,7462,2021-07-23,0
2021-05-21,7,7469,2021-07-23,0
2021-05-22,9,7478,2021-07-23,0
2021-05-23,5,7483,2021-07-23,0
2021-05-24,5,7488,2021-07-23,0
2021-05-25,6,7494,2021-07-23,0
2021-05-26,3,7497,2021-07-23,0
2021-05-27,7,7504,2021-07-23,0
2021-05-28,2,7506,2021-07-23,0
2021-05-29,6,7512,2021-07-23,0
2021-05-30,3,7515,2021-07-23,0
2021-05-31,3,7518,2021-07-23,0
2021-06-01,5,7523,2021-07-23,0
2021-06-02,8,7531,2021-07-23,0
2021-06-03,4,7535,2021-07-23,0
2021-06-04,4,7539,2021-07-23,0
2021-06-05,1,7540,2021-07-23,0
2021-06-06,5,7545,2021-07-23,0
2021-06-07,3,7548,2021-07-23,0
2021-06-08,5,7553,2021-07-23,0
2021-06-09,4,7557,2021-07-23,0
2021-06-10,6,7563,2021-07-23,0
2021-06-11,6,7569,2021-07-23,0
2021-06-12,4,7573,2021-07-23,0
2021-06-13,3,7576,2021-07-23,0
2021-06-14,3,7579,2021-07-23,0
2021-06-15,2,7581,2021-07-23,0
2021-06-16,2,7583,2021-07-23,0
2021-06-17,4,7587,2021-07-23,0
2021-06-18,1,7588,2021-07-23,0
2021-06-19,6,7594,2021-07-23,0
2021-06-20,1,7595,2021-07-23,0
2021-06-21,5,7600,2021-07-23,0
2021-06-22,3,7603,2021-07-23,0
2021-06-23,4,7607,2021-07-23,0
2021-06-24,3,7610,2021-07-23,0
2021-06-25,3,7613,2021-07-23,0
2021-06-26,4,7617,2021-07-23,0
2021-06-27,2,7619,2021-07-23,0
2021-06-28,1,7620,2021-07-23,0
2021-06-29,2,7622,2021-07-23,0
2021-06-30,2,7624,2021-07-23,0
2021-07-01,0,7624,2021-07-23,0
2021-07-02,2,7626,2021-07-23,0
2021-07-03,2,7628,2021-07-23,0
2021-07-04,3,7631,2021-07-23,0
2021-07-05,1,7632,2021-07-23,0
2021-07-06,4,7636,2021-07-23,0
2021-07-07,1,7637,2021-07-23,0
2021-07-08,1,7638,2021-07-23,0
2021-07-09,0,7638,2021-07-23,0
2021-07-10,1,7639,2021-07-23,0
2021-07-11,2,7641,2021-07-23,0
2021-07-12,1,7642,2021-07-23,1
2021-07-13,2,7644,2021-07-23,1
2021-07-14,2,7646,2021-07-23,0
2021-07-15,2,7648,2021-07-23,0
2021-07-16,1,7649,2021-07-23,0
2021-07-17,1,7650,2021-07-23,0
2020-03-19,1,1,2021-07-26,0
2020-03-20,0,1,2021-07-26,0
2020-03-21,0,1,2021-07-26,0
2020-03-22,0,1,2021-07-26,0
2020-03-23,0,1,2021-07-26,0
2020-03-24,1,2,2021-07-26,0
2020-03-25,1,3,2021-07-26,0
2020-03-26,1,4,2021-07-26,0
2020-03-27,5,9,2021-07-26,0
2020-03-28,3,12,2021-07-26,0
2020-03-29,0,12,2021-07-26,0
2020-03-30,5,17,2021-07-26,0
2020-03-31,2,19,2021-07-26,0
2020-04-01,5,24,2021-07-26,0
2020-04-02,3,27,2021-07-26,0
2020-04-03,1,28,2021-07-26,0
2020-04-04,5,33,2021-07-26,0
2020-04-05,5,38,2021-07-26,0
2020-04-06,10,48,2021-07-26,0
2020-04-07,6,54,2021-07-26,0
2020-04-08,7,61,2021-07-26,0
2020-04-09,8,69,2021-07-26,0
2020-04-10,6,75,2021-07-26,0
2020-04-11,4,79,2021-07-26,0
2020-04-12,4,83,2021-07-26,0
2020-04-13,10,93,2021-07-26,0
2020-04-14,6,99,2021-07-26,0
2020-04-15,17,116,2021-07-26,0
2020-04-16,10,126,2021-07-26,0
2020-04-17,17,143,2021-07-26,0
2020-04-18,17,160,2021-07-26,0
2020-04-19,16,176,2021-07-26,0
2020-04-20,21,197,2021-07-26,0
2020-04-21,26,223,2021-07-26,0
2020-04-22,21,244,2021-07-26,0
2020-04-23,19,263,2021-07-26,0
2020-04-24,23,286,2021-07-26,0
2020-04-25,18,304,2021-07-26,0
2020-04-26,17,321,2021-07-26,0
2020-04-27,21,342,2021-07-26,0
2020-04-28,16,358,2021-07-26,0
2020-04-29,29,387,2021-07-26,0
2020-04-30,18,405,2021-07-26,0
2020-05-01,30,435,2021-07-26,0
2020-05-02,19,454,2021-07-26,0
2020-05-03,29,483,2021-07-26,0
2020-05-04,23,506,2021-07-26,0
2020-05-05,19,525,2021-07-26,0
2020-05-06,25,550,2021-07-26,0
2020-05-07,30,580,2021-07-26,0
2020-05-08,20,600,2021-07-26,0
2020-05-09,26,626,2021-07-26,0
2020-05-10,19,645,2021-07-26,0
2020-05-11,25,670,2021-07-26,0
2020-05-12,20,690,2021-07-26,0
2020-05-13,22,712,2021-07-26,0
2020-05-14,20,732,2021-07-26,0
2020-05-15,20,752,2021-07-26,0
2020-05-16,20,772,2021-07-26,0
2020-05-17,23,795,2021-07-26,0
2020-05-18,18,813,2021-07-26,0
2020-05-19,35,848,2021-07-26,0
2020-05-20,24,872,2021-07-26,0
2020-05-21,17,889,2021-07-26,0
2020-05-22,20,909,2021-07-26,0
2020-05-23,26,935,2021-07-26,0
2020-05-24,25,960,2021-07-26,0
2020-05-25,30,990,2021-07-26,0
2020-05-26,29,1019,2021-07-26,0
2020-05-27,25,1044,2021-07-26,0
2020-05-28,21,1065,2021-07-26,0
2020-05-29,17,1082,2021-07-26,0
2020-05-30,11,1093,2021-07-26,0
2020-05-31,20,1113,2021-07-26,0
2020-06-01,23,1136,2021-07-26,0
2020-06-02,21,1157,2021-07-26,0
2020-06-03,25,1182,2021-07-26,0
2020-06-04,26,1208,2021-07-26,0
2020-06-05,18,1226,2021-07-26,0
2020-06-06,12,1238,2021-07-26,0
2020-06-07,22,1260,2021-07-26,0
2020-06-08,12,1272,2021-07-26,0
2020-06-09,13,1285,2021-07-26,0
2020-06-10,10,1295,2021-07-26,0
2020-06-11,12,1307,2021-07-26,0
2020-06-12,11,1318,2021-07-26,0
2020-06-13,13,1331,2021-07-26,0
2020-06-14,11,1342,2021-07-26,0
2020-06-15,8,1350,2021-07-26,0
2020-06-16,8,1358,2021-07-26,0
2020-06-17,17,1375,2021-07-26,0
2020-06-18,9,1384,2021-07-26,0
2020-06-19,8,1392,2021-07-26,0
2020-06-20,12,1404,2021-07-26,0
2020-06-21,11,1415,2021-07-26,0
2020-06-22,6,1421,2021-07-26,0
2020-06-23,10,1431,2021-07-26,0
2020-06-24,1,1432,2021-07-26,0
2020-06-25,9,1441,2021-07-26,0
2020-06-26,6,1447,2021-07-26,0
2020-06-27,5,1452,2021-07-26,0
2020-06-28,11,1463,2021-07-26,0
2020-06-29,7,1470,2021-07-26,0
2020-06-30,9,1479,2021-07-26,0
2020-07-01,2,1481,2021-07-26,0
2020-07-02,3,1484,2021-07-26,0
2020-07-03,5,1489,2021-07-26,0
2020-07-04,4,1493,2021-07-26,0
2020-07-05,6,1499,2021-07-26,0
2020-07-06,4,1503,2021-07-26,0
2020-07-07,2,1505,2021-07-26,0
2020-07-08,9,1514,2021-07-26,0
2020-07-09,4,1518,2021-07-26,0
2020-07-10,3,1521,2021-07-26,0
2020-07-11,4,1525,2021-07-26,0
2020-07-12,6,1531,2021-07-26,0
2020-07-13,2,1533,2021-07-26,0
2020-07-14,6,1539,2021-07-26,0
2020-07-15,7,1546,2021-07-26,0
2020-07-16,3,1549,2021-07-26,0
2020-07-17,7,1556,2021-07-26,0
2020-07-18,6,1562,2021-07-26,0
2020-07-19,5,1567,2021-07-26,0
2020-07-20,3,1570,2021-07-26,0
2020-07-21,6,1576,2021-07-26,0
2020-07-22,5,1581,2021-07-26,0
2020-07-23,8,1589,2021-07-26,0
2020-07-24,6,1595,2021-07-26,0
2020-07-25,2,1597,2021-07-26,0
2020-07-26,5,1602,2021-07-26,0
2020-07-27,5,1607,2021-07-26,0
2020-07-28,7,1614,2021-07-26,0
2020-07-29,3,1617,2021-07-26,0
2020-07-30,6,1623,2021-07-26,0
2020-07-31,9,1632,2021-07-26,0
2020-08-01,4,1636,2021-07-26,0
2020-08-02,7,1643,2021-07-26,0
2020-08-03,4,1647,2021-07-26,0
2020-08-04,7,1654,2021-07-26,0
2020-08-05,8,1662,2021-07-26,0
2020-08-06,9,1671,2021-07-26,0
2020-08-07,7,1678,2021-07-26,0
2020-08-08,6,1684,2021-07-26,0
2020-08-09,10,1694,2021-07-26,0
2020-08-10,3,1697,2021-07-26,0
2020-08-11,9,1706,2021-07-26,0
2020-08-12,7,1713,2021-07-26,0
2020-08-13,5,1718,2021-07-26,0
2020-08-14,9,1727,2021-07-26,0
2020-08-15,13,1740,2021-07-26,0
2020-08-16,13,1753,2021-07-26,0
2020-08-17,6,1759,2021-07-26,0
2020-08-18,11,1770,2021-07-26,0
2020-08-19,3,1773,2021-07-26,0
2020-08-20,10,1783,2021-07-26,0
2020-08-21,12,1795,2021-07-26,0
2020-08-22,9,1804,2021-07-26,0
2020-08-23,7,1811,2021-07-26,0
2020-08-24,9,1820,2021-07-26,0
2020-08-25,4,1824,2021-07-26,0
2020-08-26,3,1827,2021-07-26,0
2020-08-27,7,1834,2021-07-26,0
2020-08-28,6,1840,2021-07-26,0
2020-08-29,3,1843,2021-07-26,0
2020-08-30,5,1848,2021-07-26,0
2020-08-31,9,1857,2021-07-26,0
2020-09-01,2,1859,2021-07-26,0
2020-09-02,7,1866,2021-07-26,0
2020-09-03,12,1878,2021-07-26,0
2020-09-04,4,1882,2021-07-26,0
2020-09-05,6,1888,2021-07-26,0
2020-09-06,12,1900,2021-07-26,0
2020-09-07,3,1903,2021-07-26,0
2020-09-08,6,1909,2021-07-26,0
2020-09-09,10,1919,2021-07-26,0
2020-09-10,9,1928,2021-07-26,0
2020-09-11,11,1939,2021-07-26,0
2020-09-12,8,1947,2021-07-26,0
2020-09-13,8,1955,2021-07-26,0
2020-09-14,2,1957,2021-07-26,0
2020-09-15,6,1963,2021-07-26,0
2020-09-16,9,1972,2021-07-26,0
2020-09-17,5,1977,2021-07-26,0
2020-09-18,6,1983,2021-07-26,0
2020-09-19,4,1987,2021-07-26,0
2020-09-20,9,1996,2021-07-26,0
2020-09-21,7,2003,2021-07-26,0
2020-09-22,8,2011,2021-07-26,0
2020-09-23,9,2020,2021-07-26,0
2020-09-24,7,2027,2021-07-26,0
2020-09-25,11,2038,2021-07-26,0
2020-09-26,9,2047,2021-07-26,0
2020-09-27,14,2061,2021-07-26,0
2020-09-28,11,2072,2021-07-26,0
2020-09-29,5,2077,2021-07-26,0
2020-09-30,16,2093,2021-07-26,0
2020-10-01,7,2100,2021-07-26,0
2020-10-02,13,2113,2021-07-26,0
2020-10-03,9,2122,2021-07-26,0
2020-10-04,7,2129,2021-07-26,0
2020-10-05,10,2139,2021-07-26,0
2020-10-06,12,2151,2021-07-26,0
2020-10-07,19,2170,2021-07-26,0
2020-10-08,9,2179,2021-07-26,0
2020-10-09,17,2196,2021-07-26,0
2020-10-10,16,2212,2021-07-26,0
2020-10-11,16,2228,2021-07-26,0
2020-10-12,20,2248,2021-07-26,0
2020-10-13,14,2262,2021-07-26,0
2020-10-14,10,2272,2021-07-26,0
2020-10-15,9,2281,2021-07-26,0
2020-10-16,12,2293,2021-07-26,0
2020-10-17,18,2311,2021-07-26,0
2020-10-18,25,2336,2021-07-26,0
2020-10-19,18,2354,2021-07-26,0
2020-10-20,15,2369,2021-07-26,0
2020-10-21,24,2393,2021-07-26,0
2020-10-22,18,2411,2021-07-26,0
2020-10-23,19,2430,2021-07-26,0
2020-10-24,8,2438,2021-07-26,0
2020-10-25,17,2455,2021-07-26,0
2020-10-26,25,2480,2021-07-26,0
2020-10-27,23,2503,2021-07-26,0
2020-10-28,29,2532,2021-07-26,0
2020-10-29,18,2550,2021-07-26,0
2020-10-30,27,2577,2021-07-26,0
2020-10-31,25,2602,2021-07-26,0
2020-11-01,21,2623,2021-07-26,0
2020-11-02,25,2648,2021-07-26,0
2020-11-03,25,2673,2021-07-26,0
2020-11-04,33,2706,2021-07-26,0
2020-11-05,37,2743,2021-07-26,0
2020-11-06,39,2782,2021-07-26,0
2020-11-07,42,2824,2021-07-26,0
2020-11-08,47,2871,2021-07-26,0
2020-11-09,36,2907,2021-07-26,0
2020-11-10,35,2942,2021-07-26,0
2020-11-11,43,2985,2021-07-26,0
2020-11-12,45,3030,2021-07-26,0
2020-11-13,40,3070,2021-07-26,0
2020-11-14,47,3117,2021-07-26,0
2020-11-15,46,3163,2021-07-26,0
2020-11-16,62,3225,2021-07-26,0
2020-11-17,56,3281,2021-07-26,0
2020-11-18,61,3342,2021-07-26,0
2020-11-19,60,3402,2021-07-26,0
2020-11-20,63,3465,2021-07-26,0
2020-11-21,58,3523,2021-07-26,0
2020-11-22,67,3590,2021-07-26,0
2020-11-23,59,3649,2021-07-26,0
2020-11-24,68,3717,2021-07-26,0
2020-11-25,72,3789,2021-07-26,0
2020-11-26,54,3843,2021-07-26,0
2020-11-27,69,3912,2021-07-26,0
2020-11-28,60,3972,2021-07-26,0
2020-11-29,68,4040,2021-07-26,0
2020-11-30,60,4100,2021-07-26,0
2020-12-01,63,4163,2021-07-26,0
2020-12-02,73,4236,2021-07-26,0
2020-12-03,86,4322,2021-07-26,0
2020-12-04,67,4389,2021-07-26,0
2020-12-05,74,4463,2021-07-26,0
2020-12-06,80,4543,2021-07-26,0
2020-12-07,75,4618,2021-07-26,0
2020-12-08,61,4679,2021-07-26,0
2020-12-09,71,4750,2021-07-26,0
2020-12-10,71,4821,2021-07-26,0
2020-12-11,70,4891,2021-07-26,0
2020-12-12,71,4962,2021-07-26,0
2020-12-13,55,5017,2021-07-26,0
2020-12-14,43,5060,2021-07-26,0
2020-12-15,65,5125,2021-07-26,0
2020-12-16,70,5195,2021-07-26,0
2020-12-17,60,5255,2021-07-26,0
2020-12-18,59,5314,2021-07-26,0
2020-12-19,56,5370,2021-07-26,0
2020-12-20,59,5429,2021-07-26,0
2020-12-21,58,5487,2021-07-26,0
2020-12-22,33,5520,2021-07-26,0
2020-12-23,44,5564,2021-07-26,0
2020-12-24,50,5614,2021-07-26,0
2020-12-25,36,5650,2021-07-26,0
2020-12-26,43,5693,2021-07-26,0
2020-12-27,41,5734,2021-07-26,0
2020-12-28,33,5767,2021-07-26,0
2020-12-29,36,5803,2021-07-26,0
2020-12-30,47,5850,2021-07-26,0
2020-12-31,36,5886,2021-07-26,0
2021-01-01,28,5914,2021-07-26,0
2021-01-02,46,5960,2021-07-26,0
2021-01-03,35,5995,2021-07-26,0
2021-01-04,31,6026,2021-07-26,0
2021-01-05,40,6066,2021-07-26,0
2021-01-06,32,6098,2021-07-26,0
2021-01-07,37,6135,2021-07-26,0
2021-01-08,32,6167,2021-07-26,0
2021-01-09,25,6192,2021-07-26,0
2021-01-10,29,6221,2021-07-26,0
2021-01-11,26,6247,2021-07-26,0
2021-01-12,32,6279,2021-07-26,0
2021-01-13,23,6302,2021-07-26,0
2021-01-14,41,6343,2021-07-26,0
2021-01-15,26,6369,2021-07-26,0
2021-01-16,28,6397,2021-07-26,0
2021-01-17,21,6418,2021-07-26,0
2021-01-18,19,6437,2021-07-26,0
2021-01-19,14,6451,2021-07-26,0
2021-01-20,26,6477,2021-07-26,0
2021-01-21,15,6492,2021-07-26,0
2021-01-22,13,6505,2021-07-26,0
2021-01-23,17,6522,2021-07-26,0
2021-01-24,24,6546,2021-07-26,0
2021-01-25,17,6563,2021-07-26,0
2021-01-26,21,6584,2021-07-26,0
2021-01-27,11,6595,2021-07-26,0
2021-01-28,12,6607,2021-07-26,0
2021-01-29,14,6621,2021-07-26,0
2021-01-30,13,6634,2021-07-26,0
2021-01-31,16,6650,2021-07-26,0
2021-02-01,16,6666,2021-07-26,0
2021-02-02,10,6676,2021-07-26,0
2021-02-03,11,6687,2021-07-26,0
2021-02-04,11,6698,2021-07-26,0
2021-02-05,10,6708,2021-07-26,0
2021-02-06,12,6720,2021-07-26,0
2021-02-07,18,6738,2021-07-26,0
2021-02-08,11,6749,2021-07-26,0
2021-02-09,14,6763,2021-07-26,0
2021-02-10,11,6774,2021-07-26,0
2021-02-11,7,6781,2021-07-26,0
2021-02-12,11,6792,2021-07-26,0
2021-02-13,7,6799,2021-07-26,0
2021-02-14,9,6808,2021-07-26,0
2021-02-15,6,6814,2021-07-26,0
2021-02-16,10,6824,2021-07-26,0
2021-02-17,8,6832,2021-07-26,0
2021-02-18,6,6838,2021-07-26,0
2021-02-19,6,6844,2021-07-26,0
2021-02-20,6,6850,2021-07-26,0
2021-02-21,3,6853,2021-07-26,0
2021-02-22,5,6858,2021-07-26,0
2021-02-23,8,6866,2021-07-26,0
2021-02-24,4,6870,2021-07-26,0
2021-02-25,5,6875,2021-07-26,0
2021-02-26,5,6880,2021-07-26,0
2021-02-27,5,6885,2021-07-26,0
2021-02-28,8,6893,2021-07-26,0
2021-03-01,7,6900,2021-07-26,0
2021-03-02,1,6901,2021-07-26,0
2021-03-03,9,6910,2021-07-26,0
2021-03-04,6,6916,2021-07-26,0
2021-03-05,10,6926,2021-07-26,0
2021-03-06,5,6931,2021-07-26,0
2021-03-07,9,6940,2021-07-26,0
2021-03-08,5,6945,2021-07-26,0
2021-03-09,7,6952,2021-07-26,0
2021-03-10,2,6954,2021-07-26,0
2021-03-11,3,6957,2021-07-26,0
2021-03-12,10,6967,2021-07-26,0
2021-03-13,5,6972,2021-07-26,0
2021-03-14,4,6976,2021-07-26,0
2021-03-15,2,6978,2021-07-26,0
2021-03-16,4,6982,2021-07-26,0
2021-03-17,4,6986,2021-07-26,0
2021-03-18,5,6991,2021-07-26,0
2021-03-19,5,6996,2021-07-26,0
2021-03-20,9,7005,2021-07-26,0
2021-03-21,5,7010,2021-07-26,0
2021-03-22,4,7014,2021-07-26,0
2021-03-23,5,7019,2021-07-26,0
2021-03-24,0,7019,2021-07-26,0
2021-03-25,5,7024,2021-07-26,0
2021-03-26,3,7027,2021-07-26,0
2021-03-27,7,7034,2021-07-26,0
2021-03-28,6,7040,2021-07-26,0
2021-03-29,5,7045,2021-07-26,0
2021-03-30,6,7051,2021-07-26,0
2021-03-31,8,7059,2021-07-26,0
2021-04-01,6,7065,2021-07-26,0
2021-04-02,9,7074,2021-07-26,0
2021-04-03,8,7082,2021-07-26,0
2021-04-04,6,7088,2021-07-26,0
2021-04-05,8,7096,2021-07-26,0
2021-04-06,6,7102,2021-07-26,0
2021-04-07,6,7108,2021-07-26,0
2021-04-08,10,7118,2021-07-26,0
2021-04-09,6,7124,2021-07-26,0
2021-04-10,7,7131,2021-07-26,0
2021-04-11,8,7139,2021-07-26,0
2021-04-12,9,7148,2021-07-26,0
2021-04-13,6,7154,2021-07-26,0
2021-04-14,8,7162,2021-07-26,0
2021-04-15,14,7176,2021-07-26,0
2021-04-16,8,7184,2021-07-26,0
2021-04-17,7,7191,2021-07-26,0
2021-04-18,8,7199,2021-07-26,0
2021-04-19,9,7208,2021-07-26,0
2021-04-20,5,7213,2021-07-26,0
2021-04-21,8,7221,2021-07-26,0
2021-04-22,1,7222,2021-07-26,0
2021-04-23,15,7237,2021-07-26,0
2021-04-24,11,7248,2021-07-26,0
2021-04-25,15,7263,2021-07-26,0
2021-04-26,14,7277,2021-07-26,0
2021-04-27,7,7284,2021-07-26,0
2021-04-28,14,7298,2021-07-26,0
2021-04-29,8,7306,2021-07-26,0
2021-04-30,11,7317,2021-07-26,0
2021-05-01,7,7324,2021-07-26,0
2021-05-02,8,7332,2021-07-26,0
2021-05-03,5,7337,2021-07-26,0
2021-05-04,12,7349,2021-07-26,0
2021-05-05,8,7357,2021-07-26,0
2021-05-06,5,7362,2021-07-26,0
2021-05-07,8,7370,2021-07-26,0
2021-05-08,7,7377,2021-07-26,0
2021-05-09,9,7386,2021-07-26,0
2021-05-10,8,7394,2021-07-26,0
2021-05-11,6,7400,2021-07-26,0
2021-05-12,9,7409,2021-07-26,0
2021-05-13,9,7418,2021-07-26,0
2021-05-14,11,7429,2021-07-26,0
2021-05-15,9,7438,2021-07-26,0
2021-05-16,5,7443,2021-07-26,0
2021-05-17,5,7448,2021-07-26,0
2021-05-18,7,7455,2021-07-26,0
2021-05-19,2,7457,2021-07-26,0
2021-05-20,5,7462,2021-07-26,0
2021-05-21,7,7469,2021-07-26,0
2021-05-22,9,7478,2021-07-26,0
2021-05-23,5,7483,2021-07-26,0
2021-05-24,5,7488,2021-07-26,0
2021-05-25,6,7494,2021-07-26,0
2021-05-26,3,7497,2021-07-26,0
2021-05-27,7,7504,2021-07-26,0
2021-05-28,2,7506,2021-07-26,0
2021-05-29,6,7512,2021-07-26,0
2021-05-30,3,7515,2021-07-26,0
2021-05-31,3,7518,2021-07-26,0
2021-06-01,5,7523,2021-07-26,0
2021-06-02,8,7531,2021-07-26,0
2021-06-03,4,7535,2021-07-26,0
2021-06-04,4,7539,2021-07-26,0
2021-06-05,1,7540,2021-07-26,0
2021-06-06,5,7545,2021-07-26,0
2021-06-07,3,7548,2021-07-26,0
2021-06-08,5,7553,2021-07-26,0
2021-06-09,4,7557,2021-07-26,0
2021-06-10,6,7563,2021-07-26,0
2021-06-11,6,7569,2021-07-26,0
2021-06-12,4,7573,2021-07-26,0
2021-06-13,3,7576,2021-07-26,0
2021-06-14,3,7579,2021-07-26,0
2021-06-15,2,7581,2021-07-26,0
2021-06-16,2,7583,2021-07-26,0
2021-06-17,4,7587,2021-07-26,0
2021-06-18,1,7588,2021-07-26,0
2021-06-19,6,7594,2021-07-26,0
2021-06-20,1,7595,2021-07-26,0
2021-06-21,5,7600,2021-07-26,0
2021-06-22,3,7603,2021-07-26,0
2021-06-23,4,7607,2021-07-26,0
2021-06-24,3,7610,2021-07-26,0
2021-06-25,3,7613,2021-07-26,0
2021-06-26,4,7617,2021-07-26,0
2021-06-27,2,7619,2021-07-26,0
2021-06-28,2,7621,2021-07-26,1
2021-06-29,2,7623,2021-07-26,0
2021-06-30,2,7625,2021-07-26,0
2021-07-01,0,7625,2021-07-26,0
2021-07-02,2,7627,2021-07-26,0
2021-07-03,2,7629,2021-07-26,0
2021-07-04,3,7632,2021-07-26,0
2021-07-05,1,7633,2021-07-26,0
2021-07-06,4,7637,2021-07-26,0
2021-07-07,1,7638,2021-07-26,0
2021-07-08,1,7639,2021-07-26,0
2021-07-09,0,7639,2021-07-26,0
2021-07-10,1,7640,2021-07-26,0
2021-07-11,2,7642,2021-07-26,0
2021-07-12,1,7643,2021-07-26,0
2021-07-13,2,7645,2021-07-26,0
2021-07-14,2,7647,2021-07-26,0
2021-07-15,2,7649,2021-07-26,0
2021-07-16,1,7650,2021-07-26,0
2021-07-17,1,7651,2021-07-26,0
2021-07-18,0,7651,2021-07-26,0
2021-07-19,0,7651,2021-07-26,0
2021-07-20,1,7652,2021-07-26,1
2021-07-21,1,7653,2021-07-26,1
2020-03-19,1,1,2021-07-27,0
2020-03-20,0,1,2021-07-27,0
2020-03-21,0,1,2021-07-27,0
2020-03-22,0,1,2021-07-27,0
2020-03-23,0,1,2021-07-27,0
2020-03-24,1,2,2021-07-27,0
2020-03-25,1,3,2021-07-27,0
2020-03-26,1,4,2021-07-27,0
2020-03-27,5,9,2021-07-27,0
2020-03-28,3,12,2021-07-27,0
2020-03-29,0,12,2021-07-27,0
2020-03-30,5,17,2021-07-27,0
2020-03-31,2,19,2021-07-27,0
2020-04-01,5,24,2021-07-27,0
2020-04-02,3,27,2021-07-27,0
2020-04-03,1,28,2021-07-27,0
2020-04-04,5,33,2021-07-27,0
2020-04-05,5,38,2021-07-27,0
2020-04-06,10,48,2021-07-27,0
2020-04-07,6,54,2021-07-27,0
2020-04-08,7,61,2021-07-27,0
2020-04-09,8,69,2021-07-27,0
2020-04-10,6,75,2021-07-27,0
2020-04-11,4,79,2021-07-27,0
2020-04-12,4,83,2021-07-27,0
2020-04-13,10,93,2021-07-27,0
2020-04-14,6,99,2021-07-27,0
2020-04-15,17,116,2021-07-27,0
2020-04-16,10,126,2021-07-27,0
2020-04-17,17,143,2021-07-27,0
2020-04-18,17,160,2021-07-27,0
2020-04-19,16,176,2021-07-27,0
2020-04-20,21,197,2021-07-27,0
2020-04-21,26,223,2021-07-27,0
2020-04-22,21,244,2021-07-27,0
2020-04-23,19,263,2021-07-27,0
2020-04-24,23,286,2021-07-27,0
2020-04-25,18,304,2021-07-27,0
2020-04-26,17,321,2021-07-27,0
2020-04-27,21,342,2021-07-27,0
2020-04-28,16,358,2021-07-27,0
2020-04-29,29,387,2021-07-27,0
2020-04-30,18,405,2021-07-27,0
2020-05-01,30,435,2021-07-27,0
2020-05-02,19,454,2021-07-27,0
2020-05-03,29,483,2021-07-27,0
2020-05-04,23,506,2021-07-27,0
2020-05-05,19,525,2021-07-27,0
2020-05-06,25,550,2021-07-27,0
2020-05-07,30,580,2021-07-27,0
2020-05-08,20,600,2021-07-27,0
2020-05-09,26,626,2021-07-27,0
2020-05-10,19,645,2021-07-27,0
2020-05-11,25,670,2021-07-27,0
2020-05-12,20,690,2021-07-27,0
2020-05-13,22,712,2021-07-27,0
2020-05-14,20,732,2021-07-27,0
2020-05-15,20,752,2021-07-27,0
2020-05-16,20,772,2021-07-27,0
2020-05-17,23,795,2021-07-27,0
2020-05-18,18,813,2021-07-27,0
2020-05-19,35,848,2021-07-27,0
2020-05-20,24,872,2021-07-27,0
2020-05-21,17,889,2021-07-27,0
2020-05-22,20,909,2021-07-27,0
2020-05-23,26,935,2021-07-27,0
2020-05-24,25,960,2021-07-27,0
2020-05-25,30,990,2021-07-27,0
2020-05-26,29,1019,2021-07-27,0
2020-05-27,25,1044,2021-07-27,0
2020-05-28,21,1065,2021-07-27,0
2020-05-29,17,1082,2021-07-27,0
2020-05-30,11,1093,2021-07-27,0
2020-05-31,20,1113,2021-07-27,0
2020-06-01,23,1136,2021-07-27,0
2020-06-02,21,1157,2021-07-27,0
2020-06-03,25,1182,2021-07-27,0
2020-06-04,26,1208,2021-07-27,0
2020-06-05,18,1226,2021-07-27,0
2020-06-06,12,1238,2021-07-27,0
2020-06-07,22,1260,2021-07-27,0
2020-06-08,12,1272,2021-07-27,0
2020-06-09,13,1285,2021-07-27,0
2020-06-10,10,1295,2021-07-27,0
2020-06-11,12,1307,2021-07-27,0
2020-06-12,11,1318,2021-07-27,0
2020-06-13,13,1331,2021-07-27,0
2020-06-14,11,1342,2021-07-27,0
2020-06-15,8,1350,2021-07-27,0
2020-06-16,8,1358,2021-07-27,0
2020-06-17,17,1375,2021-07-27,0
2020-06-18,9,1384,2021-07-27,0
2020-06-19,8,1392,2021-07-27,0
2020-06-20,12,1404,2021-07-27,0
2020-06-21,11,1415,2021-07-27,0
2020-06-22,6,1421,2021-07-27,0
2020-06-23,10,1431,2021-07-27,0
2020-06-24,1,1432,2021-07-27,0
2020-06-25,9,1441,2021-07-27,0
2020-06-26,6,1447,2021-07-27,0
2020-06-27,5,1452,2021-07-27,0
2020-06-28,11,1463,2021-07-27,0
2020-06-29,7,1470,2021-07-27,0
2020-06-30,9,1479,2021-07-27,0
2020-07-01,2,1481,2021-07-27,0
2020-07-02,3,1484,2021-07-27,0
2020-07-03,5,1489,2021-07-27,0
2020-07-04,4,1493,2021-07-27,0
2020-07-05,6,1499,2021-07-27,0
2020-07-06,4,1503,2021-07-27,0
2020-07-07,2,1505,2021-07-27,0
2020-07-08,9,1514,2021-07-27,0
2020-07-09,4,1518,2021-07-27,0
2020-07-10,3,1521,2021-07-27,0
2020-07-11,4,1525,2021-07-27,0
2020-07-12,6,1531,2021-07-27,0
2020-07-13,2,1533,2021-07-27,0
2020-07-14,6,1539,2021-07-27,0
2020-07-15,7,1546,2021-07-27,0
2020-07-16,3,1549,2021-07-27,0
2020-07-17,7,1556,2021-07-27,0
2020-07-18,6,1562,2021-07-27,0
2020-07-19,5,1567,2021-07-27,0
2020-07-20,3,1570,2021-07-27,0
2020-07-21,6,1576,2021-07-27,0
2020-07-22,5,1581,2021-07-27,0
2020-07-23,8,1589,2021-07-27,0
2020-07-24,6,1595,2021-07-27,0
2020-07-25,2,1597,2021-07-27,0
2020-07-26,5,1602,2021-07-27,0
2020-07-27,5,1607,2021-07-27,0
2020-07-28,7,1614,2021-07-27,0
2020-07-29,3,1617,2021-07-27,0
2020-07-30,6,1623,2021-07-27,0
2020-07-31,9,1632,2021-07-27,0
2020-08-01,4,1636,2021-07-27,0
2020-08-02,7,1643,2021-07-27,0
2020-08-03,4,1647,2021-07-27,0
2020-08-04,7,1654,2021-07-27,0
2020-08-05,8,1662,2021-07-27,0
2020-08-06,9,1671,2021-07-27,0
2020-08-07,7,1678,2021-07-27,0
2020-08-08,6,1684,2021-07-27,0
2020-08-09,10,1694,2021-07-27,0
2020-08-10,3,1697,2021-07-27,0
2020-08-11,9,1706,2021-07-27,0
2020-08-12,7,1713,2021-07-27,0
2020-08-13,5,1718,2021-07-27,0
2020-08-14,9,1727,2021-07-27,0
2020-08-15,13,1740,2021-07-27,0
2020-08-16,13,1753,2021-07-27,0
2020-08-17,6,1759,2021-07-27,0
2020-08-18,11,1770,2021-07-27,0
2020-08-19,3,1773,2021-07-27,0
2020-08-20,10,1783,2021-07-27,0
2020-08-21,12,1795,2021-07-27,0
2020-08-22,9,1804,2021-07-27,0
2020-08-23,7,1811,2021-07-27,0
2020-08-24,9,1820,2021-07-27,0
2020-08-25,4,1824,2021-07-27,0
2020-08-26,3,1827,2021-07-27,0
2020-08-27,7,1834,2021-07-27,0
2020-08-28,6,1840,2021-07-27,0
2020-08-29,3,1843,2021-07-27,0
2020-08-30,5,1848,2021-07-27,0
2020-08-31,9,1857,2021-07-27,0
2020-09-01,2,1859,2021-07-27,0
2020-09-02,7,1866,2021-07-27,0
2020-09-03,12,1878,2021-07-27,0
2020-09-04,4,1882,2021-07-27,0
2020-09-05,6,1888,2021-07-27,0
2020-09-06,12,1900,2021-07-27,0
2020-09-07,3,1903,2021-07-27,0
2020-09-08,6,1909,2021-07-27,0
2020-09-09,10,1919,2021-07-27,0
2020-09-10,9,1928,2021-07-27,0
2020-09-11,11,1939,2021-07-27,0
2020-09-12,8,1947,2021-07-27,0
2020-09-13,8,1955,2021-07-27,0
2020-09-14,2,1957,2021-07-27,0
2020-09-15,6,1963,2021-07-27,0
2020-09-16,9,1972,2021-07-27,0
2020-09-17,5,1977,2021-07-27,0
2020-09-18,6,1983,2021-07-27,0
2020-09-19,4,1987,2021-07-27,0
2020-09-20,9,1996,2021-07-27,0
2020-09-21,7,2003,2021-07-27,0
2020-09-22,8,2011,2021-07-27,0
2020-09-23,9,2020,2021-07-27,0
2020-09-24,7,2027,2021-07-27,0
2020-09-25,11,2038,2021-07-27,0
2020-09-26,9,2047,2021-07-27,0
2020-09-27,14,2061,2021-07-27,0
2020-09-28,11,2072,2021-07-27,0
2020-09-29,5,2077,2021-07-27,0
2020-09-30,16,2093,2021-07-27,0
2020-10-01,7,2100,2021-07-27,0
2020-10-02,13,2113,2021-07-27,0
2020-10-03,9,2122,2021-07-27,0
2020-10-04,7,2129,2021-07-27,0
2020-10-05,10,2139,2021-07-27,0
2020-10-06,12,2151,2021-07-27,0
2020-10-07,19,2170,2021-07-27,0
2020-10-08,9,2179,2021-07-27,0
2020-10-09,17,2196,2021-07-27,0
2020-10-10,16,2212,2021-07-27,0
2020-10-11,16,2228,2021-07-27,0
2020-10-12,20,2248,2021-07-27,0
2020-10-13,14,2262,2021-07-27,0
2020-10-14,10,2272,2021-07-27,0
2020-10-15,9,2281,2021-07-27,0
2020-10-16,12,2293,2021-07-27,0
2020-10-17,18,2311,2021-07-27,0
2020-10-18,25,2336,2021-07-27,0
2020-10-19,18,2354,2021-07-27,0
2020-10-20,15,2369,2021-07-27,0
2020-10-21,24,2393,2021-07-27,0
2020-10-22,18,2411,2021-07-27,0
2020-10-23,19,2430,2021-07-27,0
2020-10-24,8,2438,2021-07-27,0
2020-10-25,17,2455,2021-07-27,0
2020-10-26,25,2480,2021-07-27,0
2020-10-27,23,2503,2021-07-27,0
2020-10-28,29,2532,2021-07-27,0
2020-10-29,18,2550,2021-07-27,0
2020-10-30,27,2577,2021-07-27,0
2020-10-31,25,2602,2021-07-27,0
2020-11-01,21,2623,2021-07-27,0
2020-11-02,25,2648,2021-07-27,0
2020-11-03,25,2673,2021-07-27,0
2020-11-04,33,2706,2021-07-27,0
2020-11-05,37,2743,2021-07-27,0
2020-11-06,39,2782,2021-07-27,0
2020-11-07,42,2824,2021-07-27,0
2020-11-08,47,2871,2021-07-27,0
2020-11-09,36,2907,2021-07-27,0
2020-11-10,35,2942,2021-07-27,0
2020-11-11,43,2985,2021-07-27,0
2020-11-12,45,3030,2021-07-27,0
2020-11-13,40,3070,2021-07-27,0
2020-11-14,47,3117,2021-07-27,0
2020-11-15,46,3163,2021-07-27,0
2020-11-16,62,3225,2021-07-27,0
2020-11-17,56,3281,2021-07-27,0
2020-11-18,61,3342,2021-07-27,0
2020-11-19,60,3402,2021-07-27,0
2020-11-20,63,3465,2021-07-27,0
2020-11-21,58,3523,2021-07-27,0
2020-11-22,67,3590,2021-07-27,0
2020-11-23,59,3649,2021-07-27,0
2020-11-24,68,3717,2021-07-27,0
2020-11-25,72,3789,2021-07-27,0
2020-11-26,54,3843,2021-07-27,0
2020-11-27,69,3912,2021-07-27,0
2020-11-28,60,3972,2021-07-27,0
2020-11-29,68,4040,2021-07-27,0
2020-11-30,60,4100,2021-07-27,0
2020-12-01,63,4163,2021-07-27,0
2020-12-02,73,4236,2021-07-27,0
2020-12-03,86,4322,2021-07-27,0
2020-12-04,67,4389,2021-07-27,0
2020-12-05,74,4463,2021-07-27,0
2020-12-06,80,4543,2021-07-27,0
2020-12-07,75,4618,2021-07-27,0
2020-12-08,61,4679,2021-07-27,0
2020-12-09,71,4750,2021-07-27,0
2020-12-10,71,4821,2021-07-27,0
2020-12-11,70,4891,2021-07-27,0
2020-12-12,71,4962,2021-07-27,0
2020-12-13,55,5017,2021-07-27,0
2020-12-14,43,5060,2021-07-27,0
2020-12-15,65,5125,2021-07-27,0
2020-12-16,70,5195,2021-07-27,0
2020-12-17,60,5255,2021-07-27,0
2020-12-18,59,5314,2021-07-27,0
2020-12-19,56,5370,2021-07-27,0
2020-12-20,59,5429,2021-07-27,0
2020-12-21,58,5487,2021-07-27,0
2020-12-22,33,5520,2021-07-27,0
2020-12-23,44,5564,2021-07-27,0
2020-12-24,50,5614,2021-07-27,0
2020-12-25,36,5650,2021-07-27,0
2020-12-26,43,5693,2021-07-27,0
2020-12-27,41,5734,2021-07-27,0
2020-12-28,33,5767,2021-07-27,0
2020-12-29,36,5803,2021-07-27,0
2020-12-30,47,5850,2021-07-27,0
2020-12-31,36,5886,2021-07-27,0
2021-01-01,28,5914,2021-07-27,0
2021-01-02,46,5960,2021-07-27,0
2021-01-03,35,5995,2021-07-27,0
2021-01-04,31,6026,2021-07-27,0
2021-01-05,40,6066,2021-07-27,0
2021-01-06,32,6098,2021-07-27,0
2021-01-07,37,6135,2021-07-27,0
2021-01-08,32,6167,2021-07-27,0
2021-01-09,25,6192,2021-07-27,0
2021-01-10,29,6221,2021-07-27,0
2021-01-11,26,6247,2021-07-27,0
2021-01-12,32,6279,2021-07-27,0
2021-01-13,23,6302,2021-07-27,0
2021-01-14,41,6343,2021-07-27,0
2021-01-15,26,6369,2021-07-27,0
2021-01-16,28,6397,2021-07-27,0
2021-01-17,21,6418,2021-07-27,0
2021-01-18,19,6437,2021-07-27,0
2021-01-19,14,6451,2021-07-27,0
2021-01-20,26,6477,2021-07-27,0
2021-01-21,15,6492,2021-07-27,0
2021-01-22,13,6505,2021-07-27,0
2021-01-23,17,6522,2021-07-27,0
2021-01-24,24,6546,2021-07-27,0
2021-01-25,17,6563,2021-07-27,0
2021-01-26,21,6584,2021-07-27,0
2021-01-27,11,6595,2021-07-27,0
2021-01-28,12,6607,2021-07-27,0
2021-01-29,14,6621,2021-07-27,0
2021-01-30,13,6634,2021-07-27,0
2021-01-31,16,6650,2021-07-27,0
2021-02-01,16,6666,2021-07-27,0
2021-02-02,10,6676,2021-07-27,0
2021-02-03,11,6687,2021-07-27,0
2021-02-04,11,6698,2021-07-27,0
2021-02-05,10,6708,2021-07-27,0
2021-02-06,12,6720,2021-07-27,0
2021-02-07,18,6738,2021-07-27,0
2021-02-08,11,6749,2021-07-27,0
2021-02-09,14,6763,2021-07-27,0
2021-02-10,11,6774,2021-07-27,0
2021-02-11,7,6781,2021-07-27,0
2021-02-12,11,6792,2021-07-27,0
2021-02-13,7,6799,2021-07-27,0
2021-02-14,9,6808,2021-07-27,0
2021-02-15,6,6814,2021-07-27,0
2021-02-16,10,6824,2021-07-27,0
2021-02-17,8,6832,2021-07-27,0
2021-02-18,6,6838,2021-07-27,0
2021-02-19,6,6844,2021-07-27,0
2021-02-20,6,6850,2021-07-27,0
2021-02-21,3,6853,2021-07-27,0
2021-02-22,5,6858,2021-07-27,0
2021-02-23,8,6866,2021-07-27,0
2021-02-24,4,6870,2021-07-27,0
2021-02-25,5,6875,2021-07-27,0
2021-02-26,5,6880,2021-07-27,0
2021-02-27,5,6885,2021-07-27,0
2021-02-28,8,6893,2021-07-27,0
2021-03-01,7,6900,2021-07-27,0
2021-03-02,1,6901,2021-07-27,0
2021-03-03,9,6910,2021-07-27,0
2021-03-04,6,6916,2021-07-27,0
2021-03-05,10,6926,2021-07-27,0
2021-03-06,5,6931,2021-07-27,0
2021-03-07,9,6940,2021-07-27,0
2021-03-08,5,6945,2021-07-27,0
2021-03-09,7,6952,2021-07-27,0
2021-03-10,2,6954,2021-07-27,0
2021-03-11,3,6957,2021-07-27,0
2021-03-12,10,6967,2021-07-27,0
2021-03-13,5,6972,2021-07-27,0
2021-03-14,4,6976,2021-07-27,0
2021-03-15,2,6978,2021-07-27,0
2021-03-16,4,6982,2021-07-27,0
2021-03-17,4,6986,2021-07-27,0
2021-03-18,5,6991,2021-07-27,0
2021-03-19,5,6996,2021-07-27,0
2021-03-20,9,7005,2021-07-27,0
2021-03-21,5,7010,2021-07-27,0
2021-03-22,4,7014,2021-07-27,0
2021-03-23,5,7019,2021-07-27,0
2021-03-24,0,7019,2021-07-27,0
2021-03-25,5,7024,2021-07-27,0
2021-03-26,3,7027,2021-07-27,0
2021-03-27,7,7034,2021-07-27,0
2021-03-28,6,7040,2021-07-27,0
2021-03-29,5,7045,2021-07-27,0
2021-03-30,6,7051,2021-07-27,0
2021-03-31,8,7059,2021-07-27,0
2021-04-01,6,7065,2021-07-27,0
2021-04-02,9,7074,2021-07-27,0
2021-04-03,8,7082,2021-07-27,0
2021-04-04,6,7088,2021-07-27,0
2021-04-05,8,7096,2021-07-27,0
2021-04-06,6,7102,2021-07-27,0
2021-04-07,6,7108,2021-07-27,0
2021-04-08,10,7118,2021-07-27,0
2021-04-09,6,7124,2021-07-27,0
2021-04-10,7,7131,2021-07-27,0
2021-04-11,8,7139,2021-07-27,0
2021-04-12,9,7148,2021-07-27,0
2021-04-13,6,7154,2021-07-27,0
2021-04-14,8,7162,2021-07-27,0
2021-04-15,14,7176,2021-07-27,0
2021-04-16,8,7184,2021-07-27,0
2021-04-17,7,7191,2021-07-27,0
2021-04-18,8,7199,2021-07-27,0
2021-04-19,9,7208,2021-07-27,0
2021-04-20,5,7213,2021-07-27,0
2021-04-21,8,7221,2021-07-27,0
2021-04-22,1,7222,2021-07-27,0
2021-04-23,15,7237,2021-07-27,0
2021-04-24,11,7248,2021-07-27,0
2021-04-25,15,7263,2021-07-27,0
2021-04-26,14,7277,2021-07-27,0
2021-04-27,7,7284,2021-07-27,0
2021-04-28,14,7298,2021-07-27,0
2021-04-29,8,7306,2021-07-27,0
2021-04-30,11,7317,2021-07-27,0
2021-05-01,7,7324,2021-07-27,0
2021-05-02,8,7332,2021-07-27,0
2021-05-03,5,7337,2021-07-27,0
2021-05-04,12,7349,2021-07-27,0
2021-05-05,8,7357,2021-07-27,0
2021-05-06,5,7362,2021-07-27,0
2021-05-07,8,7370,2021-07-27,0
2021-05-08,7,7377,2021-07-27,0
2021-05-09,9,7386,2021-07-27,0
2021-05-10,8,7394,2021-07-27,0
2021-05-11,6,7400,2021-07-27,0
2021-05-12,9,7409,2021-07-27,0
2021-05-13,9,7418,2021-07-27,0
2021-05-14,11,7429,2021-07-27,0
2021-05-15,9,7438,2021-07-27,0
2021-05-16,5,7443,2021-07-27,0
2021-05-17,5,7448,2021-07-27,0
2021-05-18,7,7455,2021-07-27,0
2021-05-19,2,7457,2021-07-27,0
2021-05-20,5,7462,2021-07-27,0
2021-05-21,7,7469,2021-07-27,0
2021-05-22,10,7479,2021-07-27,1
2021-05-23,5,7484,2021-07-27,0
2021-05-24,5,7489,2021-07-27,0
2021-05-25,6,7495,2021-07-27,0
2021-05-26,3,7498,2021-07-27,0
2021-05-27,7,7505,2021-07-27,0
2021-05-28,2,7507,2021-07-27,0
2021-05-29,6,7513,2021-07-27,0
2021-05-30,3,7516,2021-07-27,0
2021-05-31,3,7519,2021-07-27,0
2021-06-01,5,7524,2021-07-27,0
2021-06-02,8,7532,2021-07-27,0
2021-06-03,4,7536,2021-07-27,0
2021-06-04,4,7540,2021-07-27,0
2021-06-05,1,7541,2021-07-27,0
2021-06-06,5,7546,2021-07-27,0
2021-06-07,3,7549,2021-07-27,0
2021-06-08,5,7554,2021-07-27,0
2021-06-09,4,7558,2021-07-27,0
2021-06-10,6,7564,2021-07-27,0
2021-06-11,6,7570,2021-07-27,0
2021-06-12,4,7574,2021-07-27,0
2021-06-13,3,7577,2021-07-27,0
2021-06-14,3,7580,2021-07-27,0
2021-06-15,2,7582,2021-07-27,0
2021-06-16,2,7584,2021-07-27,0
2021-06-17,4,7588,2021-07-27,0
2021-06-18,1,7589,2021-07-27,0
2021-06-19,6,7595,2021-07-27,0
2021-06-20,1,7596,2021-07-27,0
2021-06-21,5,7601,2021-07-27,0
2021-06-22,3,7604,2021-07-27,0
2021-06-23,4,7608,2021-07-27,0
2021-06-24,3,7611,2021-07-27,0
2021-06-25,3,7614,2021-07-27,0
2021-06-26,4,7618,2021-07-27,0
2021-06-27,2,7620,2021-07-27,0
2021-06-28,2,7622,2021-07-27,0
2021-06-29,2,7624,2021-07-27,0
2021-06-30,2,7626,2021-07-27,0
2021-07-01,0,7626,2021-07-27,0
2021-07-02,2,7628,2021-07-27,0
2021-07-03,2,7630,2021-07-27,0
2021-07-04,3,7633,2021-07-27,0
2021-07-05,1,7634,2021-07-27,0
2021-07-06,4,7638,2021-07-27,0
2021-07-07,1,7639,2021-07-27,0
2021-07-08,1,7640,2021-07-27,0
2021-07-09,0,7640,2021-07-27,0
2021-07-10,1,7641,2021-07-27,0
2021-07-11,2,7643,2021-07-27,0
2021-07-12,1,7644,2021-07-27,0
2021-07-13,2,7646,2021-07-27,0
2021-07-14,2,7648,2021-07-27,0
2021-07-15,2,7650,2021-07-27,0
2021-07-16,1,7651,2021-07-27,0
2021-07-17,1,7652,2021-07-27,0
2021-07-18,0,7652,2021-07-27,0
2021-07-19,0,7652,2021-07-27,0
2021-07-20,2,7654,2021-07-27,1
2021-07-21,2,7656,2021-07-27,1
2020-03-19,1,1,2021-07-28,0
2020-03-20,0,1,2021-07-28,0
2020-03-21,0,1,2021-07-28,0
2020-03-22,0,1,2021-07-28,0
2020-03-23,0,1,2021-07-28,0
2020-03-24,1,2,2021-07-28,0
2020-03-25,1,3,2021-07-28,0
2020-03-26,1,4,2021-07-28,0
2020-03-27,5,9,2021-07-28,0
2020-03-28,3,12,2021-07-28,0
2020-03-29,0,12,2021-07-28,0
2020-03-30,5,17,2021-07-28,0
2020-03-31,2,19,2021-07-28,0
2020-04-01,5,24,2021-07-28,0
2020-04-02,3,27,2021-07-28,0
2020-04-03,1,28,2021-07-28,0
2020-04-04,5,33,2021-07-28,0
2020-04-05,5,38,2021-07-28,0
2020-04-06,10,48,2021-07-28,0
2020-04-07,6,54,2021-07-28,0
2020-04-08,7,61,2021-07-28,0
2020-04-09,8,69,2021-07-28,0
2020-04-10,6,75,2021-07-28,0
2020-04-11,4,79,2021-07-28,0
2020-04-12,4,83,2021-07-28,0
2020-04-13,10,93,2021-07-28,0
2020-04-14,6,99,2021-07-28,0
2020-04-15,17,116,2021-07-28,0
2020-04-16,10,126,2021-07-28,0
2020-04-17,17,143,2021-07-28,0
2020-04-18,17,160,2021-07-28,0
2020-04-19,16,176,2021-07-28,0
2020-04-20,21,197,2021-07-28,0
2020-04-21,26,223,2021-07-28,0
2020-04-22,21,244,2021-07-28,0
2020-04-23,19,263,2021-07-28,0
2020-04-24,23,286,2021-07-28,0
2020-04-25,18,304,2021-07-28,0
2020-04-26,17,321,2021-07-28,0
2020-04-27,21,342,2021-07-28,0
2020-04-28,16,358,2021-07-28,0
2020-04-29,29,387,2021-07-28,0
2020-04-30,18,405,2021-07-28,0
2020-05-01,30,435,2021-07-28,0
2020-05-02,19,454,2021-07-28,0
2020-05-03,29,483,2021-07-28,0
2020-05-04,23,506,2021-07-28,0
2020-05-05,19,525,2021-07-28,0
2020-05-06,25,550,2021-07-28,0
2020-05-07,30,580,2021-07-28,0
2020-05-08,20,600,2021-07-28,0
2020-05-09,26,626,2021-07-28,0
2020-05-10,19,645,2021-07-28,0
2020-05-11,25,670,2021-07-28,0
2020-05-12,20,690,2021-07-28,0
2020-05-13,22,712,2021-07-28,0
2020-05-14,20,732,2021-07-28,0
2020-05-15,20,752,2021-07-28,0
2020-05-16,20,772,2021-07-28,0
2020-05-17,23,795,2021-07-28,0
2020-05-18,18,813,2021-07-28,0
2020-05-19,35,848,2021-07-28,0
2020-05-20,24,872,2021-07-28,0
2020-05-21,17,889,2021-07-28,0
2020-05-22,20,909,2021-07-28,0
2020-05-23,26,935,2021-07-28,0
2020-05-24,25,960,2021-07-28,0
2020-05-25,30,990,2021-07-28,0
2020-05-26,29,1019,2021-07-28,0
2020-05-27,25,1044,2021-07-28,0
2020-05-28,21,1065,2021-07-28,0
2020-05-29,17,1082,2021-07-28,0
2020-05-30,11,1093,2021-07-28,0
2020-05-31,20,1113,2021-07-28,0
2020-06-01,23,1136,2021-07-28,0
2020-06-02,21,1157,2021-07-28,0
2020-06-03,25,1182,2021-07-28,0
2020-06-04,26,1208,2021-07-28,0
2020-06-05,18,1226,2021-07-28,0
2020-06-06,12,1238,2021-07-28,0
2020-06-07,22,1260,2021-07-28,0
2020-06-08,12,1272,2021-07-28,0
2020-06-09,13,1285,2021-07-28,0
2020-06-10,10,1295,2021-07-28,0
2020-06-11,12,1307,2021-07-28,0
2020-06-12,11,1318,2021-07-28,0
2020-06-13,13,1331,2021-07-28,0
2020-06-14,11,1342,2021-07-28,0
2020-06-15,8,1350,2021-07-28,0
2020-06-16,8,1358,2021-07-28,0
2020-06-17,17,1375,2021-07-28,0
2020-06-18,9,1384,2021-07-28,0
2020-06-19,8,1392,2021-07-28,0
2020-06-20,12,1404,2021-07-28,0
2020-06-21,11,1415,2021-07-28,0
2020-06-22,6,1421,2021-07-28,0
2020-06-23,10,1431,2021-07-28,0
2020-06-24,1,1432,2021-07-28,0
2020-06-25,9,1441,2021-07-28,0
2020-06-26,6,1447,2021-07-28,0
2020-06-27,5,1452,2021-07-28,0
2020-06-28,11,1463,2021-07-28,0
2020-06-29,7,1470,2021-07-28,0
2020-06-30,9,1479,2021-07-28,0
2020-07-01,2,1481,2021-07-28,0
2020-07-02,3,1484,2021-07-28,0
2020-07-03,5,1489,2021-07-28,0
2020-07-04,4,1493,2021-07-28,0
2020-07-05,6,1499,2021-07-28,0
2020-07-06,4,1503,2021-07-28,0
2020-07-07,2,1505,2021-07-28,0
2020-07-08,9,1514,2021-07-28,0
2020-07-09,4,1518,2021-07-28,0
2020-07-10,3,1521,2021-07-28,0
2020-07-11,4,1525,2021-07-28,0
2020-07-12,6,1531,2021-07-28,0
2020-07-13,2,1533,2021-07-28,0
2020-07-14,6,1539,2021-07-28,0
2020-07-15,7,1546,2021-07-28,0
2020-07-16,3,1549,2021-07-28,0
2020-07-17,7,1556,2021-07-28,0
2020-07-18,6,1562,2021-07-28,0
2020-07-19,5,1567,2021-07-28,0
2020-07-20,3,1570,2021-07-28,0
2020-07-21,6,1576,2021-07-28,0
2020-07-22,5,1581,2021-07-28,0
2020-07-23,8,1589,2021-07-28,0
2020-07-24,6,1595,2021-07-28,0
2020-07-25,2,1597,2021-07-28,0
2020-07-26,5,1602,2021-07-28,0
2020-07-27,5,1607,2021-07-28,0
2020-07-28,7,1614,2021-07-28,0
2020-07-29,3,1617,2021-07-28,0
2020-07-30,6,1623,2021-07-28,0
2020-07-31,9,1632,2021-07-28,0
2020-08-01,4,1636,2021-07-28,0
2020-08-02,7,1643,2021-07-28,0
2020-08-03,4,1647,2021-07-28,0
2020-08-04,7,1654,2021-07-28,0
2020-08-05,8,1662,2021-07-28,0
2020-08-06,9,1671,2021-07-28,0
2020-08-07,7,1678,2021-07-28,0
2020-08-08,6,1684,2021-07-28,0
2020-08-09,10,1694,2021-07-28,0
2020-08-10,3,1697,2021-07-28,0
2020-08-11,9,1706,2021-07-28,0
2020-08-12,7,1713,2021-07-28,0
2020-08-13,5,1718,2021-07-28,0
2020-08-14,9,1727,2021-07-28,0
2020-08-15,13,1740,2021-07-28,0
2020-08-16,13,1753,2021-07-28,0
2020-08-17,6,1759,2021-07-28,0
2020-08-18,11,1770,2021-07-28,0
2020-08-19,3,1773,2021-07-28,0
2020-08-20,10,1783,2021-07-28,0
2020-08-21,12,1795,2021-07-28,0
2020-08-22,9,1804,2021-07-28,0
2020-08-23,7,1811,2021-07-28,0
2020-08-24,9,1820,2021-07-28,0
2020-08-25,4,1824,2021-07-28,0
2020-08-26,3,1827,2021-07-28,0
2020-08-27,7,1834,2021-07-28,0
2020-08-28,6,1840,2021-07-28,0
2020-08-29,3,1843,2021-07-28,0
2020-08-30,5,1848,2021-07-28,0
2020-08-31,9,1857,2021-07-28,0
2020-09-01,2,1859,2021-07-28,0
2020-09-02,7,1866,2021-07-28,0
2020-09-03,12,1878,2021-07-28,0
2020-09-04,4,1882,2021-07-28,0
2020-09-05,6,1888,2021-07-28,0
2020-09-06,12,1900,2021-07-28,0
2020-09-07,3,1903,2021-07-28,0
2020-09-08,6,1909,2021-07-28,0
2020-09-09,10,1919,2021-07-28,0
2020-09-10,9,1928,2021-07-28,0
2020-09-11,11,1939,2021-07-28,0
2020-09-12,8,1947,2021-07-28,0
2020-09-13,8,1955,2021-07-28,0
2020-09-14,2,1957,2021-07-28,0
2020-09-15,6,1963,2021-07-28,0
2020-09-16,9,1972,2021-07-28,0
2020-09-17,5,1977,2021-07-28,0
2020-09-18,6,1983,2021-07-28,0
2020-09-19,4,1987,2021-07-28,0
2020-09-20,9,1996,2021-07-28,0
2020-09-21,7,2003,2021-07-28,0
2020-09-22,8,2011,2021-07-28,0
2020-09-23,9,2020,2021-07-28,0
2020-09-24,7,2027,2021-07-28,0
2020-09-25,11,2038,2021-07-28,0
2020-09-26,9,2047,2021-07-28,0
2020-09-27,14,2061,2021-07-28,0
2020-09-28,11,2072,2021-07-28,0
2020-09-29,5,2077,2021-07-28,0
2020-09-30,16,2093,2021-07-28,0
2020-10-01,7,2100,2021-07-28,0
2020-10-02,13,2113,2021-07-28,0
2020-10-03,9,2122,2021-07-28,0
2020-10-04,7,2129,2021-07-28,0
2020-10-05,10,2139,2021-07-28,0
2020-10-06,12,2151,2021-07-28,0
2020-10-07,19,2170,2021-07-28,0
2020-10-08,9,2179,2021-07-28,0
2020-10-09,17,2196,2021-07-28,0
2020-10-10,16,2212,2021-07-28,0
2020-10-11,16,2228,2021-07-28,0
2020-10-12,20,2248,2021-07-28,0
2020-10-13,14,2262,2021-07-28,0
2020-10-14,10,2272,2021-07-28,0
2020-10-15,9,2281,2021-07-28,0
2020-10-16,12,2293,2021-07-28,0
2020-10-17,18,2311,2021-07-28,0
2020-10-18,25,2336,2021-07-28,0
2020-10-19,18,2354,2021-07-28,0
2020-10-20,15,2369,2021-07-28,0
2020-10-21,24,2393,2021-07-28,0
2020-10-22,18,2411,2021-07-28,0
2020-10-23,19,2430,2021-07-28,0
2020-10-24,8,2438,2021-07-28,0
2020-10-25,17,2455,2021-07-28,0
2020-10-26,25,2480,2021-07-28,0
2020-10-27,23,2503,2021-07-28,0
2020-10-28,29,2532,2021-07-28,0
2020-10-29,18,2550,2021-07-28,0
2020-10-30,27,2577,2021-07-28,0
2020-10-31,25,2602,2021-07-28,0
2020-11-01,21,2623,2021-07-28,0
2020-11-02,25,2648,2021-07-28,0
2020-11-03,25,2673,2021-07-28,0
2020-11-04,33,2706,2021-07-28,0
2020-11-05,37,2743,2021-07-28,0
2020-11-06,39,2782,2021-07-28,0
2020-11-07,42,2824,2021-07-28,0
2020-11-08,47,2871,2021-07-28,0
2020-11-09,36,2907,2021-07-28,0
2020-11-10,35,2942,2021-07-28,0
2020-11-11,43,2985,2021-07-28,0
2020-11-12,45,3030,2021-07-28,0
2020-11-13,40,3070,2021-07-28,0
2020-11-14,47,3117,2021-07-28,0
2020-11-15,46,3163,2021-07-28,0
2020-11-16,62,3225,2021-07-28,0
2020-11-17,56,3281,2021-07-28,0
2020-11-18,61,3342,2021-07-28,0
2020-11-19,60,3402,2021-07-28,0
2020-11-20,63,3465,2021-07-28,0
2020-11-21,58,3523,2021-07-28,0
2020-11-22,67,3590,2021-07-28,0
2020-11-23,59,3649,2021-07-28,0
2020-11-24,68,3717,2021-07-28,0
2020-11-25,72,3789,2021-07-28,0
2020-11-26,54,3843,2021-07-28,0
2020-11-27,69,3912,2021-07-28,0
2020-11-28,60,3972,2021-07-28,0
2020-11-29,68,4040,2021-07-28,0
2020-11-30,60,4100,2021-07-28,0
2020-12-01,63,4163,2021-07-28,0
2020-12-02,73,4236,2021-07-28,0
2020-12-03,86,4322,2021-07-28,0
2020-12-04,67,4389,2021-07-28,0
2020-12-05,74,4463,2021-07-28,0
2020-12-06,80,4543,2021-07-28,0
2020-12-07,75,4618,2021-07-28,0
2020-12-08,61,4679,2021-07-28,0
2020-12-09,71,4750,2021-07-28,0
2020-12-10,71,4821,2021-07-28,0
2020-12-11,70,4891,2021-07-28,0
2020-12-12,71,4962,2021-07-28,0
2020-12-13,55,5017,2021-07-28,0
2020-12-14,43,5060,2021-07-28,0
2020-12-15,65,5125,2021-07-28,0
2020-12-16,70,5195,2021-07-28,0
2020-12-17,60,5255,2021-07-28,0
2020-12-18,59,5314,2021-07-28,0
2020-12-19,56,5370,2021-07-28,0
2020-12-20,59,5429,2021-07-28,0
2020-12-21,58,5487,2021-07-28,0
2020-12-22,33,5520,2021-07-28,0
2020-12-23,44,5564,2021-07-28,0
2020-12-24,50,5614,2021-07-28,0
2020-12-25,36,5650,2021-07-28,0
2020-12-26,43,5693,2021-07-28,0
2020-12-27,41,5734,2021-07-28,0
2020-12-28,33,5767,2021-07-28,0
2020-12-29,36,5803,2021-07-28,0
2020-12-30,47,5850,2021-07-28,0
2020-12-31,36,5886,2021-07-28,0
2021-01-01,28,5914,2021-07-28,0
2021-01-02,46,5960,2021-07-28,0
2021-01-03,35,5995,2021-07-28,0
2021-01-04,31,6026,2021-07-28,0
2021-01-05,40,6066,2021-07-28,0
2021-01-06,32,6098,2021-07-28,0
2021-01-07,37,6135,2021-07-28,0
2021-01-08,32,6167,2021-07-28,0
2021-01-09,25,6192,2021-07-28,0
2021-01-10,29,6221,2021-07-28,0
2021-01-11,26,6247,2021-07-28,0
2021-01-12,32,6279,2021-07-28,0
2021-01-13,23,6302,2021-07-28,0
2021-01-14,41,6343,2021-07-28,0
2021-01-15,26,6369,2021-07-28,0
2021-01-16,28,6397,2021-07-28,0
2021-01-17,21,6418,2021-07-28,0
2021-01-18,19,6437,2021-07-28,0
2021-01-19,14,6451,2021-07-28,0
2021-01-20,26,6477,2021-07-28,0
2021-01-21,16,6493,2021-07-28,1
2021-01-22,13,6506,2021-07-28,0
2021-01-23,17,6523,2021-07-28,0
2021-01-24,24,6547,2021-07-28,0
2021-01-25,17,6564,2021-07-28,0
2021-01-26,21,6585,2021-07-28,0
2021-01-27,11,6596,2021-07-28,0
2021-01-28,12,6608,2021-07-28,0
2021-01-29,14,6622,2021-07-28,0
2021-01-30,13,6635,2021-07-28,0
2021-01-31,16,6651,2021-07-28,0
2021-02-01,16,6667,2021-07-28,0
2021-02-02,10,6677,2021-07-28,0
2021-02-03,11,6688,2021-07-28,0
2021-02-04,11,6699,2021-07-28,0
2021-02-05,10,6709,2021-07-28,0
2021-02-06,12,6721,2021-07-28,0
2021-02-07,18,6739,2021-07-28,0
2021-02-08,11,6750,2021-07-28,0
2021-02-09,14,6764,2021-07-28,0
2021-02-10,12,6776,2021-07-28,1
2021-02-11,7,6783,2021-07-28,0
2021-02-12,11,6794,2021-07-28,0
2021-02-13,7,6801,2021-07-28,0
2021-02-14,9,6810,2021-07-28,0
2021-02-15,6,6816,2021-07-28,0
2021-02-16,10,6826,2021-07-28,0
2021-02-17,8,6834,2021-07-28,0
2021-02-18,6,6840,2021-07-28,0
2021-02-19,6,6846,2021-07-28,0
2021-02-20,6,6852,2021-07-28,0
2021-02-21,3,6855,2021-07-28,0
2021-02-22,5,6860,2021-07-28,0
2021-02-23,8,6868,2021-07-28,0
2021-02-24,4,6872,2021-07-28,0
2021-02-25,5,6877,2021-07-28,0
2021-02-26,5,6882,2021-07-28,0
2021-02-27,5,6887,2021-07-28,0
2021-02-28,8,6895,2021-07-28,0
2021-03-01,7,6902,2021-07-28,0
2021-03-02,1,6903,2021-07-28,0
2021-03-03,9,6912,2021-07-28,0
2021-03-04,6,6918,2021-07-28,0
2021-03-05,10,6928,2021-07-28,0
2021-03-06,5,6933,2021-07-28,0
2021-03-07,9,6942,2021-07-28,0
2021-03-08,5,6947,2021-07-28,0
2021-03-09,7,6954,2021-07-28,0
2021-03-10,2,6956,2021-07-28,0
2021-03-11,3,6959,2021-07-28,0
2021-03-12,10,6969,2021-07-28,0
2021-03-13,5,6974,2021-07-28,0
2021-03-14,4,6978,2021-07-28,0
2021-03-15,2,6980,2021-07-28,0
2021-03-16,4,6984,2021-07-28,0
2021-03-17,4,6988,2021-07-28,0
2021-03-18,5,6993,2021-07-28,0
2021-03-19,5,6998,2021-07-28,0
2021-03-20,9,7007,2021-07-28,0
2021-03-21,5,7012,2021-07-28,0
2021-03-22,4,7016,2021-07-28,0
2021-03-23,5,7021,2021-07-28,0
2021-03-24,0,7021,2021-07-28,0
2021-03-25,5,7026,2021-07-28,0
2021-03-26,3,7029,2021-07-28,0
2021-03-27,7,7036,2021-07-28,0
2021-03-28,6,7042,2021-07-28,0
2021-03-29,5,7047,2021-07-28,0
2021-03-30,6,7053,2021-07-28,0
2021-03-31,8,7061,2021-07-28,0
2021-04-01,6,7067,2021-07-28,0
2021-04-02,9,7076,2021-07-28,0
2021-04-03,8,7084,2021-07-28,0
2021-04-04,6,7090,2021-07-28,0
2021-04-05,8,7098,2021-07-28,0
2021-04-06,6,7104,2021-07-28,0
2021-04-07,6,7110,2021-07-28,0
2021-04-08,10,7120,2021-07-28,0
2021-04-09,6,7126,2021-07-28,0
2021-04-10,7,7133,2021-07-28,0
2021-04-11,8,7141,2021-07-28,0
2021-04-12,9,7150,2021-07-28,0
2021-04-13,6,7156,2021-07-28,0
2021-04-14,8,7164,2021-07-28,0
2021-04-15,14,7178,2021-07-28,0
2021-04-16,8,7186,2021-07-28,0
2021-04-17,7,7193,2021-07-28,0
2021-04-18,8,7201,2021-07-28,0
2021-04-19,9,7210,2021-07-28,0
2021-04-20,5,7215,2021-07-28,0
2021-04-21,8,7223,2021-07-28,0
2021-04-22,1,7224,2021-07-28,0
2021-04-23,15,7239,2021-07-28,0
2021-04-24,11,7250,2021-07-28,0
2021-04-25,15,7265,2021-07-28,0
2021-04-26,14,7279,2021-07-28,0
2021-04-27,7,7286,2021-07-28,0
2021-04-28,14,7300,2021-07-28,0
2021-04-29,8,7308,2021-07-28,0
2021-04-30,11,7319,2021-07-28,0
2021-05-01,7,7326,2021-07-28,0
2021-05-02,8,7334,2021-07-28,0
2021-05-03,5,7339,2021-07-28,0
2021-05-04,12,7351,2021-07-28,0
2021-05-05,8,7359,2021-07-28,0
2021-05-06,5,7364,2021-07-28,0
2021-05-07,8,7372,2021-07-28,0
2021-05-08,7,7379,2021-07-28,0
2021-05-09,9,7388,2021-07-28,0
2021-05-10,8,7396,2021-07-28,0
2021-05-11,6,7402,2021-07-28,0
2021-05-12,9,7411,2021-07-28,0
2021-05-13,9,7420,2021-07-28,0
2021-05-14,11,7431,2021-07-28,0
2021-05-15,9,7440,2021-07-28,0
2021-05-16,5,7445,2021-07-28,0
2021-05-17,5,7450,2021-07-28,0
2021-05-18,7,7457,2021-07-28,0
2021-05-19,2,7459,2021-07-28,0
2021-05-20,5,7464,2021-07-28,0
2021-05-21,7,7471,2021-07-28,0
2021-05-22,10,7481,2021-07-28,0
2021-05-23,5,7486,2021-07-28,0
2021-05-24,5,7491,2021-07-28,0
2021-05-25,6,7497,2021-07-28,0
2021-05-26,3,7500,2021-07-28,0
2021-05-27,7,7507,2021-07-28,0
2021-05-28,2,7509,2021-07-28,0
2021-05-29,6,7515,2021-07-28,0
2021-05-30,3,7518,2021-07-28,0
2021-05-31,3,7521,2021-07-28,0
2021-06-01,5,7526,2021-07-28,0
2021-06-02,8,7534,2021-07-28,0
2021-06-03,4,7538,2021-07-28,0
2021-06-04,4,7542,2021-07-28,0
2021-06-05,1,7543,2021-07-28,0
2021-06-06,5,7548,2021-07-28,0
2021-06-07,3,7551,2021-07-28,0
2021-06-08,5,7556,2021-07-28,0
2021-06-09,4,7560,2021-07-28,0
2021-06-10,6,7566,2021-07-28,0
2021-06-11,6,7572,2021-07-28,0
2021-06-12,4,7576,2021-07-28,0
2021-06-13,3,7579,2021-07-28,0
2021-06-14,3,7582,2021-07-28,0
2021-06-15,2,7584,2021-07-28,0
2021-06-16,2,7586,2021-07-28,0
2021-06-17,4,7590,2021-07-28,0
2021-06-18,1,7591,2021-07-28,0
2021-06-19,6,7597,2021-07-28,0
2021-06-20,1,7598,2021-07-28,0
2021-06-21,5,7603,2021-07-28,0
2021-06-22,3,7606,2021-07-28,0
2021-06-23,4,7610,2021-07-28,0
2021-06-24,3,7613,2021-07-28,0
2021-06-25,3,7616,2021-07-28,0
2021-06-26,4,7620,2021-07-28,0
2021-06-27,2,7622,2021-07-28,0
2021-06-28,2,7624,2021-07-28,0
2021-06-29,2,7626,2021-07-28,0
2021-06-30,2,7628,2021-07-28,0
2021-07-01,0,7628,2021-07-28,0
2021-07-02,2,7630,2021-07-28,0
2021-07-03,2,7632,2021-07-28,0
2021-07-04,3,7635,2021-07-28,0
2021-07-05,1,7636,2021-07-28,0
2021-07-06,4,7640,2021-07-28,0
2021-07-07,1,7641,2021-07-28,0
2021-07-08,1,7642,2021-07-28,0
2021-07-09,0,7642,2021-07-28,0
2021-07-10,1,7643,2021-07-28,0
2021-07-11,2,7645,2021-07-28,0
2021-07-12,1,7646,2021-07-28,0
2021-07-13,2,7648,2021-07-28,0
2021-07-14,2,7650,2021-07-28,0
2021-07-15,2,7652,2021-07-28,0
2021-07-16,1,7653,2021-07-28,0
2021-07-17,1,7654,2021-07-28,0
2021-07-18,0,7654,2021-07-28,0
2021-07-19,0,7654,2021-07-28,0
2021-07-20,2,7656,2021-07-28,0
2021-07-21,2,7658,2021-07-28,0
2021-07-22,1,7659,2021-07-28,1
2021-07-23,0,7659,2021-07-28,0
2021-07-24,0,7659,2021-07-28,0
2021-07-25,1,7660,2021-07-28,1
2020-03-19,1,1,2021-07-29,0
2020-03-20,0,1,2021-07-29,0
2020-03-21,0,1,2021-07-29,0
2020-03-22,0,1,2021-07-29,0
2020-03-23,0,1,2021-07-29,0
2020-03-24,1,2,2021-07-29,0
2020-03-25,1,3,2021-07-29,0
2020-03-26,1,4,2021-07-29,0
2020-03-27,5,9,2021-07-29,0
2020-03-28,3,12,2021-07-29,0
2020-03-29,0,12,2021-07-29,0
2020-03-30,5,17,2021-07-29,0
2020-03-31,2,19,2021-07-29,0
2020-04-01,5,24,2021-07-29,0
2020-04-02,3,27,2021-07-29,0
2020-04-03,1,28,2021-07-29,0
2020-04-04,5,33,2021-07-29,0
2020-04-05,5,38,2021-07-29,0
2020-04-06,10,48,2021-07-29,0
2020-04-07,6,54,2021-07-29,0
2020-04-08,7,61,2021-07-29,0
2020-04-09,8,69,2021-07-29,0
2020-04-10,6,75,2021-07-29,0
2020-04-11,4,79,2021-07-29,0
2020-04-12,4,83,2021-07-29,0
2020-04-13,10,93,2021-07-29,0
2020-04-14,6,99,2021-07-29,0
2020-04-15,17,116,2021-07-29,0
2020-04-16,10,126,2021-07-29,0
2020-04-17,17,143,2021-07-29,0
2020-04-18,17,160,2021-07-29,0
2020-04-19,16,176,2021-07-29,0
2020-04-20,21,197,2021-07-29,0
2020-04-21,26,223,2021-07-29,0
2020-04-22,21,244,2021-07-29,0
2020-04-23,19,263,2021-07-29,0
2020-04-24,23,286,2021-07-29,0
2020-04-25,18,304,2021-07-29,0
2020-04-26,17,321,2021-07-29,0
2020-04-27,21,342,2021-07-29,0
2020-04-28,16,358,2021-07-29,0
2020-04-29,29,387,2021-07-29,0
2020-04-30,18,405,2021-07-29,0
2020-05-01,30,435,2021-07-29,0
2020-05-02,19,454,2021-07-29,0
2020-05-03,29,483,2021-07-29,0
2020-05-04,23,506,2021-07-29,0
2020-05-05,19,525,2021-07-29,0
2020-05-06,25,550,2021-07-29,0
2020-05-07,30,580,2021-07-29,0
2020-05-08,20,600,2021-07-29,0
2020-05-09,26,626,2021-07-29,0
2020-05-10,19,645,2021-07-29,0
2020-05-11,25,670,2021-07-29,0
2020-05-12,20,690,2021-07-29,0
2020-05-13,22,712,2021-07-29,0
2020-05-14,20,732,2021-07-29,0
2020-05-15,20,752,2021-07-29,0
2020-05-16,20,772,2021-07-29,0
2020-05-17,23,795,2021-07-29,0
2020-05-18,18,813,2021-07-29,0
2020-05-19,35,848,2021-07-29,0
2020-05-20,24,872,2021-07-29,0
2020-05-21,17,889,2021-07-29,0
2020-05-22,20,909,2021-07-29,0
2020-05-23,26,935,2021-07-29,0
2020-05-24,25,960,2021-07-29,0
2020-05-25,30,990,2021-07-29,0
2020-05-26,29,1019,2021-07-29,0
2020-05-27,25,1044,2021-07-29,0
2020-05-28,21,1065,2021-07-29,0
2020-05-29,17,1082,2021-07-29,0
2020-05-30,11,1093,2021-07-29,0
2020-05-31,20,1113,2021-07-29,0
2020-06-01,23,1136,2021-07-29,0
2020-06-02,21,1157,2021-07-29,0
2020-06-03,25,1182,2021-07-29,0
2020-06-04,26,1208,2021-07-29,0
2020-06-05,18,1226,2021-07-29,0
2020-06-06,12,1238,2021-07-29,0
2020-06-07,22,1260,2021-07-29,0
2020-06-08,12,1272,2021-07-29,0
2020-06-09,13,1285,2021-07-29,0
2020-06-10,10,1295,2021-07-29,0
2020-06-11,12,1307,2021-07-29,0
2020-06-12,11,1318,2021-07-29,0
2020-06-13,13,1331,2021-07-29,0
2020-06-14,11,1342,2021-07-29,0
2020-06-15,8,1350,2021-07-29,0
2020-06-16,8,1358,2021-07-29,0
2020-06-17,17,1375,2021-07-29,0
2020-06-18,9,1384,2021-07-29,0
2020-06-19,8,1392,2021-07-29,0
2020-06-20,12,1404,2021-07-29,0
2020-06-21,11,1415,2021-07-29,0
2020-06-22,6,1421,2021-07-29,0
2020-06-23,10,1431,2021-07-29,0
2020-06-24,1,1432,2021-07-29,0
2020-06-25,9,1441,2021-07-29,0
2020-06-26,6,1447,2021-07-29,0
2020-06-27,5,1452,2021-07-29,0
2020-06-28,11,1463,2021-07-29,0
2020-06-29,7,1470,2021-07-29,0
2020-06-30,9,1479,2021-07-29,0
2020-07-01,2,1481,2021-07-29,0
2020-07-02,3,1484,2021-07-29,0
2020-07-03,5,1489,2021-07-29,0
2020-07-04,4,1493,2021-07-29,0
2020-07-05,6,1499,2021-07-29,0
2020-07-06,4,1503,2021-07-29,0
2020-07-07,2,1505,2021-07-29,0
2020-07-08,9,1514,2021-07-29,0
2020-07-09,4,1518,2021-07-29,0
2020-07-10,3,1521,2021-07-29,0
2020-07-11,4,1525,2021-07-29,0
2020-07-12,6,1531,2021-07-29,0
2020-07-13,2,1533,2021-07-29,0
2020-07-14,6,1539,2021-07-29,0
2020-07-15,7,1546,2021-07-29,0
2020-07-16,3,1549,2021-07-29,0
2020-07-17,7,1556,2021-07-29,0
2020-07-18,6,1562,2021-07-29,0
2020-07-19,5,1567,2021-07-29,0
2020-07-20,3,1570,2021-07-29,0
2020-07-21,6,1576,2021-07-29,0
2020-07-22,5,1581,2021-07-29,0
2020-07-23,8,1589,2021-07-29,0
2020-07-24,6,1595,2021-07-29,0
2020-07-25,2,1597,2021-07-29,0
2020-07-26,5,1602,2021-07-29,0
2020-07-27,5,1607,2021-07-29,0
2020-07-28,7,1614,2021-07-29,0
2020-07-29,3,1617,2021-07-29,0
2020-07-30,6,1623,2021-07-29,0
2020-07-31,9,1632,2021-07-29,0
2020-08-01,4,1636,2021-07-29,0
2020-08-02,7,1643,2021-07-29,0
2020-08-03,4,1647,2021-07-29,0
2020-08-04,7,1654,2021-07-29,0
2020-08-05,8,1662,2021-07-29,0
2020-08-06,9,1671,2021-07-29,0
2020-08-07,7,1678,2021-07-29,0
2020-08-08,6,1684,2021-07-29,0
2020-08-09,10,1694,2021-07-29,0
2020-08-10,3,1697,2021-07-29,0
2020-08-11,9,1706,2021-07-29,0
2020-08-12,7,1713,2021-07-29,0
2020-08-13,5,1718,2021-07-29,0
2020-08-14,9,1727,2021-07-29,0
2020-08-15,13,1740,2021-07-29,0
2020-08-16,13,1753,2021-07-29,0
2020-08-17,6,1759,2021-07-29,0
2020-08-18,11,1770,2021-07-29,0
2020-08-19,3,1773,2021-07-29,0
2020-08-20,10,1783,2021-07-29,0
2020-08-21,12,1795,2021-07-29,0
2020-08-22,9,1804,2021-07-29,0
2020-08-23,7,1811,2021-07-29,0
2020-08-24,9,1820,2021-07-29,0
2020-08-25,4,1824,2021-07-29,0
2020-08-26,3,1827,2021-07-29,0
2020-08-27,7,1834,2021-07-29,0
2020-08-28,6,1840,2021-07-29,0
2020-08-29,3,1843,2021-07-29,0
2020-08-30,5,1848,2021-07-29,0
2020-08-31,9,1857,2021-07-29,0
2020-09-01,2,1859,2021-07-29,0
2020-09-02,7,1866,2021-07-29,0
2020-09-03,12,1878,2021-07-29,0
2020-09-04,4,1882,2021-07-29,0
2020-09-05,6,1888,2021-07-29,0
2020-09-06,12,1900,2021-07-29,0
2020-09-07,3,1903,2021-07-29,0
2020-09-08,6,1909,2021-07-29,0
2020-09-09,10,1919,2021-07-29,0
2020-09-10,9,1928,2021-07-29,0
2020-09-11,11,1939,2021-07-29,0
2020-09-12,8,1947,2021-07-29,0
2020-09-13,8,1955,2021-07-29,0
2020-09-14,2,1957,2021-07-29,0
2020-09-15,6,1963,2021-07-29,0
2020-09-16,9,1972,2021-07-29,0
2020-09-17,5,1977,2021-07-29,0
2020-09-18,6,1983,2021-07-29,0
2020-09-19,4,1987,2021-07-29,0
2020-09-20,9,1996,2021-07-29,0
2020-09-21,7,2003,2021-07-29,0
2020-09-22,8,2011,2021-07-29,0
2020-09-23,9,2020,2021-07-29,0
2020-09-24,7,2027,2021-07-29,0
2020-09-25,11,2038,2021-07-29,0
2020-09-26,9,2047,2021-07-29,0
2020-09-27,14,2061,2021-07-29,0
2020-09-28,11,2072,2021-07-29,0
2020-09-29,5,2077,2021-07-29,0
2020-09-30,16,2093,2021-07-29,0
2020-10-01,7,2100,2021-07-29,0
2020-10-02,13,2113,2021-07-29,0
2020-10-03,9,2122,2021-07-29,0
2020-10-04,7,2129,2021-07-29,0
2020-10-05,10,2139,2021-07-29,0
2020-10-06,12,2151,2021-07-29,0
2020-10-07,19,2170,2021-07-29,0
2020-10-08,9,2179,2021-07-29,0
2020-10-09,17,2196,2021-07-29,0
2020-10-10,16,2212,2021-07-29,0
2020-10-11,16,2228,2021-07-29,0
2020-10-12,20,2248,2021-07-29,0
2020-10-13,14,2262,2021-07-29,0
2020-10-14,10,2272,2021-07-29,0
2020-10-15,9,2281,2021-07-29,0
2020-10-16,12,2293,2021-07-29,0
2020-10-17,18,2311,2021-07-29,0
2020-10-18,25,2336,2021-07-29,0
2020-10-19,18,2354,2021-07-29,0
2020-10-20,15,2369,2021-07-29,0
2020-10-21,24,2393,2021-07-29,0
2020-10-22,18,2411,2021-07-29,0
2020-10-23,19,2430,2021-07-29,0
2020-10-24,8,2438,2021-07-29,0
2020-10-25,17,2455,2021-07-29,0
2020-10-26,25,2480,2021-07-29,0
2020-10-27,23,2503,2021-07-29,0
2020-10-28,29,2532,2021-07-29,0
2020-10-29,18,2550,2021-07-29,0
2020-10-30,27,2577,2021-07-29,0
2020-10-31,25,2602,2021-07-29,0
2020-11-01,21,2623,2021-07-29,0
2020-11-02,25,2648,2021-07-29,0
2020-11-03,25,2673,2021-07-29,0
2020-11-04,33,2706,2021-07-29,0
2020-11-05,37,2743,2021-07-29,0
2020-11-06,39,2782,2021-07-29,0
2020-11-07,42,2824,2021-07-29,0
2020-11-08,47,2871,2021-07-29,0
2020-11-09,36,2907,2021-07-29,0
2020-11-10,35,2942,2021-07-29,0
2020-11-11,43,2985,2021-07-29,0
2020-11-12,45,3030,2021-07-29,0
2020-11-13,40,3070,2021-07-29,0
2020-11-14,47,3117,2021-07-29,0
2020-11-15,46,3163,2021-07-29,0
2020-11-16,62,3225,2021-07-29,0
2020-11-17,56,3281,2021-07-29,0
2020-11-18,61,3342,2021-07-29,0
2020-11-19,60,3402,2021-07-29,0
2020-11-20,63,3465,2021-07-29,0
2020-11-21,58,3523,2021-07-29,0
2020-11-22,67,3590,2021-07-29,0
2020-11-23,59,3649,2021-07-29,0
2020-11-24,68,3717,2021-07-29,0
2020-11-25,72,3789,2021-07-29,0
2020-11-26,54,3843,2021-07-29,0
2020-11-27,69,3912,2021-07-29,0
2020-11-28,60,3972,2021-07-29,0
2020-11-29,68,4040,2021-07-29,0
2020-11-30,60,4100,2021-07-29,0
2020-12-01,63,4163,2021-07-29,0
2020-12-02,73,4236,2021-07-29,0
2020-12-03,86,4322,2021-07-29,0
2020-12-04,67,4389,2021-07-29,0
2020-12-05,74,4463,2021-07-29,0
2020-12-06,80,4543,2021-07-29,0
2020-12-07,75,4618,2021-07-29,0
2020-12-08,61,4679,2021-07-29,0
2020-12-09,71,4750,2021-07-29,0
2020-12-10,71,4821,2021-07-29,0
2020-12-11,70,4891,2021-07-29,0
2020-12-12,71,4962,2021-07-29,0
2020-12-13,55,5017,2021-07-29,0
2020-12-14,43,5060,2021-07-29,0
2020-12-15,65,5125,2021-07-29,0
2020-12-16,70,5195,2021-07-29,0
2020-12-17,60,5255,2021-07-29,0
2020-12-18,59,5314,2021-07-29,0
2020-12-19,56,5370,2021-07-29,0
2020-12-20,59,5429,2021-07-29,0
2020-12-21,58,5487,2021-07-29,0
2020-12-22,33,5520,2021-07-29,0
2020-12-23,44,5564,2021-07-29,0
2020-12-24,50,5614,2021-07-29,0
2020-12-25,36,5650,2021-07-29,0
2020-12-26,43,5693,2021-07-29,0
2020-12-27,41,5734,2021-07-29,0
2020-12-28,33,5767,2021-07-29,0
2020-12-29,36,5803,2021-07-29,0
2020-12-30,47,5850,2021-07-29,0
2020-12-31,36,5886,2021-07-29,0
2021-01-01,28,5914,2021-07-29,0
2021-01-02,46,5960,2021-07-29,0
2021-01-03,36,5996,2021-07-29,1
2021-01-04,31,6027,2021-07-29,0
2021-01-05,40,6067,2021-07-29,0
2021-01-06,32,6099,2021-07-29,0
2021-01-07,37,6136,2021-07-29,0
2021-01-08,32,6168,2021-07-29,0
2021-01-09,25,6193,2021-07-29,0
2021-01-10,29,6222,2021-07-29,0
2021-01-11,26,6248,2021-07-29,0
2021-01-12,32,6280,2021-07-29,0
2021-01-13,23,6303,2021-07-29,0
2021-01-14,41,6344,2021-07-29,0
2021-01-15,26,6370,2021-07-29,0
2021-01-16,28,6398,2021-07-29,0
2021-01-17,21,6419,2021-07-29,0
2021-01-18,19,6438,2021-07-29,0
2021-01-19,14,6452,2021-07-29,0
2021-01-20,26,6478,2021-07-29,0
2021-01-21,16,6494,2021-07-29,0
2021-01-22,13,6507,2021-07-29,0
2021-01-23,17,6524,2021-07-29,0
2021-01-24,24,6548,2021-07-29,0
2021-01-25,17,6565,2021-07-29,0
2021-01-26,21,6586,2021-07-29,0
2021-01-27,11,6597,2021-07-29,0
2021-01-28,12,6609,2021-07-29,0
2021-01-29,14,6623,2021-07-29,0
2021-01-30,13,6636,2021-07-29,0
2021-01-31,16,6652,2021-07-29,0
2021-02-01,16,6668,2021-07-29,0
2021-02-02,10,6678,2021-07-29,0
2021-02-03,11,6689,2021-07-29,0
2021-02-04,11,6700,2021-07-29,0
2021-02-05,10,6710,2021-07-29,0
2021-02-06,12,6722,2021-07-29,0
2021-02-07,18,6740,2021-07-29,0
2021-02-08,11,6751,2021-07-29,0
2021-02-09,14,6765,2021-07-29,0
2021-02-10,12,6777,2021-07-29,0
2021-02-11,7,6784,2021-07-29,0
2021-02-12,11,6795,2021-07-29,0
2021-02-13,7,6802,2021-07-29,0
2021-02-14,9,6811,2021-07-29,0
2021-02-15,6,6817,2021-07-29,0
2021-02-16,10,6827,2021-07-29,0
2021-02-17,8,6835,2021-07-29,0
2021-02-18,6,6841,2021-07-29,0
2021-02-19,6,6847,2021-07-29,0
2021-02-20,6,6853,2021-07-29,0
2021-02-21,3,6856,2021-07-29,0
2021-02-22,5,6861,2021-07-29,0
2021-02-23,8,6869,2021-07-29,0
2021-02-24,4,6873,2021-07-29,0
2021-02-25,5,6878,2021-07-29,0
2021-02-26,5,6883,2021-07-29,0
2021-02-27,5,6888,2021-07-29,0
2021-02-28,8,6896,2021-07-29,0
2021-03-01,7,6903,2021-07-29,0
2021-03-02,1,6904,2021-07-29,0
2021-03-03,9,6913,2021-07-29,0
2021-03-04,6,6919,2021-07-29,0
2021-03-05,10,6929,2021-07-29,0
2021-03-06,5,6934,2021-07-29,0
2021-03-07,9,6943,2021-07-29,0
2021-03-08,5,6948,2021-07-29,0
2021-03-09,7,6955,2021-07-29,0
2021-03-10,2,6957,2021-07-29,0
2021-03-11,3,6960,2021-07-29,0
2021-03-12,10,6970,2021-07-29,0
2021-03-13,5,6975,2021-07-29,0
2021-03-14,4,6979,2021-07-29,0
2021-03-15,2,6981,2021-07-29,0
2021-03-16,4,6985,2021-07-29,0
2021-03-17,4,6989,2021-07-29,0
2021-03-18,5,6994,2021-07-29,0
2021-03-19,5,6999,2021-07-29,0
2021-03-20,9,7008,2021-07-29,0
2021-03-21,5,7013,2021-07-29,0
2021-03-22,4,7017,2021-07-29,0
2021-03-23,5,7022,2021-07-29,0
2021-03-24,0,7022,2021-07-29,0
2021-03-25,5,7027,2021-07-29,0
2021-03-26,3,7030,2021-07-29,0
2021-03-27,7,7037,2021-07-29,0
2021-03-28,6,7043,2021-07-29,0
2021-03-29,5,7048,2021-07-29,0
2021-03-30,6,7054,2021-07-29,0
2021-03-31,8,7062,2021-07-29,0
2021-04-01,6,7068,2021-07-29,0
2021-04-02,9,7077,2021-07-29,0
2021-04-03,8,7085,2021-07-29,0
2021-04-04,6,7091,2021-07-29,0
2021-04-05,8,7099,2021-07-29,0
2021-04-06,6,7105,2021-07-29,0
2021-04-07,6,7111,2021-07-29,0
2021-04-08,10,7121,2021-07-29,0
2021-04-09,6,7127,2021-07-29,0
2021-04-10,7,7134,2021-07-29,0
2021-04-11,8,7142,2021-07-29,0
2021-04-12,9,7151,2021-07-29,0
2021-04-13,6,7157,2021-07-29,0
2021-04-14,8,7165,2021-07-29,0
2021-04-15,14,7179,2021-07-29,0
2021-04-16,8,7187,2021-07-29,0
2021-04-17,7,7194,2021-07-29,0
2021-04-18,8,7202,2021-07-29,0
2021-04-19,9,7211,2021-07-29,0
2021-04-20,5,7216,2021-07-29,0
2021-04-21,8,7224,2021-07-29,0
2021-04-22,1,7225,2021-07-29,0
2021-04-23,15,7240,2021-07-29,0
2021-04-24,11,7251,2021-07-29,0
2021-04-25,15,7266,2021-07-29,0
2021-04-26,14,7280,2021-07-29,0
2021-04-27,7,7287,2021-07-29,0
2021-04-28,14,7301,2021-07-29,0
2021-04-29,8,7309,2021-07-29,0
2021-04-30,11,7320,2021-07-29,0
2021-05-01,7,7327,2021-07-29,0
2021-05-02,8,7335,2021-07-29,0
2021-05-03,5,7340,2021-07-29,0
2021-05-04,12,7352,2021-07-29,0
2021-05-05,8,7360,2021-07-29,0
2021-05-06,5,7365,2021-07-29,0
2021-05-07,8,7373,2021-07-29,0
2021-05-08,7,7380,2021-07-29,0
2021-05-09,9,7389,2021-07-29,0
2021-05-10,8,7397,2021-07-29,0
2021-05-11,6,7403,2021-07-29,0
2021-05-12,9,7412,2021-07-29,0
2021-05-13,9,7421,2021-07-29,0
2021-05-14,11,7432,2021-07-29,0
2021-05-15,9,7441,2021-07-29,0
2021-05-16,5,7446,2021-07-29,0
2021-05-17,5,7451,2021-07-29,0
2021-05-18,7,7458,2021-07-29,0
2021-05-19,2,7460,2021-07-29,0
2021-05-20,5,7465,2021-07-29,0
2021-05-21,7,7472,2021-07-29,0
2021-05-22,10,7482,2021-07-29,0
2021-05-23,5,7487,2021-07-29,0
2021-05-24,5,7492,2021-07-29,0
2021-05-25,6,7498,2021-07-29,0
2021-05-26,3,7501,2021-07-29,0
2021-05-27,7,7508,2021-07-29,0
2021-05-28,2,7510,2021-07-29,0
2021-05-29,6,7516,2021-07-29,0
2021-05-30,3,7519,2021-07-29,0
2021-05-31,3,7522,2021-07-29,0
2021-06-01,5,7527,2021-07-29,0
2021-06-02,8,7535,2021-07-29,0
2021-06-03,4,7539,2021-07-29,0
2021-06-04,4,7543,2021-07-29,0
2021-06-05,1,7544,2021-07-29,0
2021-06-06,5,7549,2021-07-29,0
2021-06-07,3,7552,2021-07-29,0
2021-06-08,5,7557,2021-07-29,0
2021-06-09,4,7561,2021-07-29,0
2021-06-10,6,7567,2021-07-29,0
2021-06-11,6,7573,2021-07-29,0
2021-06-12,4,7577,2021-07-29,0
2021-06-13,3,7580,2021-07-29,0
2021-06-14,3,7583,2021-07-29,0
2021-06-15,2,7585,2021-07-29,0
2021-06-16,2,7587,2021-07-29,0
2021-06-17,4,7591,2021-07-29,0
2021-06-18,1,7592,2021-07-29,0
2021-06-19,6,7598,2021-07-29,0
2021-06-20,1,7599,2021-07-29,0
2021-06-21,5,7604,2021-07-29,0
2021-06-22,3,7607,2021-07-29,0
2021-06-23,4,7611,2021-07-29,0
2021-06-24,3,7614,2021-07-29,0
2021-06-25,3,7617,2021-07-29,0
2021-06-26,4,7621,2021-07-29,0
2021-06-27,2,7623,2021-07-29,0
2021-06-28,2,7625,2021-07-29,0
2021-06-29,2,7627,2021-07-29,0
2021-06-30,2,7629,2021-07-29,0
2021-07-01,0,7629,2021-07-29,0
2021-07-02,2,7631,2021-07-29,0
2021-07-03,2,7633,2021-07-29,0
2021-07-04,3,7636,2021-07-29,0
2021-07-05,1,7637,2021-07-29,0
2021-07-06,4,7641,2021-07-29,0
2021-07-07,1,7642,2021-07-29,0
2021-07-08,1,7643,2021-07-29,0
2021-07-09,0,7643,2021-07-29,0
2021-07-10,1,7644,2021-07-29,0
2021-07-11,2,7646,2021-07-29,0
2021-07-12,1,7647,2021-07-29,0
2021-07-13,2,7649,2021-07-29,0
2021-07-14,2,7651,2021-07-29,0
2021-07-15,2,7653,2021-07-29,0
2021-07-16,1,7654,2021-07-29,0
2021-07-17,1,7655,2021-07-29,0
2021-07-18,0,7655,2021-07-29,0
2021-07-19,0,7655,2021-07-29,0
2021-07-20,2,7657,2021-07-29,0
2021-07-21,2,7659,2021-07-29,0
2021-07-22,1,7660,2021-07-29,0
2021-07-23,2,7662,2021-07-29,2
2021-07-24,0,7662,2021-07-29,0
2021-07-25,1,7663,2021-07-29,0
2020-03-19,1,1,2021-07-30,0
2020-03-20,0,1,2021-07-30,0
2020-03-21,0,1,2021-07-30,0
2020-03-22,0,1,2021-07-30,0
2020-03-23,0,1,2021-07-30,0
2020-03-24,1,2,2021-07-30,0
2020-03-25,1,3,2021-07-30,0
2020-03-26,1,4,2021-07-30,0
2020-03-27,5,9,2021-07-30,0
2020-03-28,3,12,2021-07-30,0
2020-03-29,0,12,2021-07-30,0
2020-03-30,5,17,2021-07-30,0
2020-03-31,2,19,2021-07-30,0
2020-04-01,5,24,2021-07-30,0
2020-04-02,3,27,2021-07-30,0
2020-04-03,1,28,2021-07-30,0
2020-04-04,5,33,2021-07-30,0
2020-04-05,5,38,2021-07-30,0
2020-04-06,10,48,2021-07-30,0
2020-04-07,6,54,2021-07-30,0
2020-04-08,7,61,2021-07-30,0
2020-04-09,8,69,2021-07-30,0
2020-04-10,6,75,2021-07-30,0
2020-04-11,4,79,2021-07-30,0
2020-04-12,4,83,2021-07-30,0
2020-04-13,10,93,2021-07-30,0
2020-04-14,6,99,2021-07-30,0
2020-04-15,17,116,2021-07-30,0
2020-04-16,10,126,2021-07-30,0
2020-04-17,17,143,2021-07-30,0
2020-04-18,17,160,2021-07-30,0
2020-04-19,16,176,2021-07-30,0
2020-04-20,21,197,2021-07-30,0
2020-04-21,26,223,2021-07-30,0
2020-04-22,21,244,2021-07-30,0
2020-04-23,19,263,2021-07-30,0
2020-04-24,23,286,2021-07-30,0
2020-04-25,18,304,2021-07-30,0
2020-04-26,17,321,2021-07-30,0
2020-04-27,21,342,2021-07-30,0
2020-04-28,16,358,2021-07-30,0
2020-04-29,29,387,2021-07-30,0
2020-04-30,18,405,2021-07-30,0
2020-05-01,30,435,2021-07-30,0
2020-05-02,19,454,2021-07-30,0
2020-05-03,29,483,2021-07-30,0
2020-05-04,23,506,2021-07-30,0
2020-05-05,19,525,2021-07-30,0
2020-05-06,25,550,2021-07-30,0
2020-05-07,30,580,2021-07-30,0
2020-05-08,20,600,2021-07-30,0
2020-05-09,26,626,2021-07-30,0
2020-05-10,19,645,2021-07-30,0
2020-05-11,25,670,2021-07-30,0
2020-05-12,20,690,2021-07-30,0
2020-05-13,22,712,2021-07-30,0
2020-05-14,20,732,2021-07-30,0
2020-05-15,20,752,2021-07-30,0
2020-05-16,20,772,2021-07-30,0
2020-05-17,23,795,2021-07-30,0
2020-05-18,18,813,2021-07-30,0
2020-05-19,35,848,2021-07-30,0
2020-05-20,24,872,2021-07-30,0
2020-05-21,17,889,2021-07-30,0
2020-05-22,20,909,2021-07-30,0
2020-05-23,26,935,2021-07-30,0
2020-05-24,25,960,2021-07-30,0
2020-05-25,30,990,2021-07-30,0
2020-05-26,29,1019,2021-07-30,0
2020-05-27,25,1044,2021-07-30,0
2020-05-28,21,1065,2021-07-30,0
2020-05-29,17,1082,2021-07-30,0
2020-05-30,11,1093,2021-07-30,0
2020-05-31,20,1113,2021-07-30,0
2020-06-01,23,1136,2021-07-30,0
2020-06-02,21,1157,2021-07-30,0
2020-06-03,25,1182,2021-07-30,0
2020-06-04,26,1208,2021-07-30,0
2020-06-05,18,1226,2021-07-30,0
2020-06-06,12,1238,2021-07-30,0
2020-06-07,22,1260,2021-07-30,0
2020-06-08,12,1272,2021-07-30,0
2020-06-09,13,1285,2021-07-30,0
2020-06-10,10,1295,2021-07-30,0
2020-06-11,12,1307,2021-07-30,0
2020-06-12,11,1318,2021-07-30,0
2020-06-13,13,1331,2021-07-30,0
2020-06-14,11,1342,2021-07-30,0
2020-06-15,8,1350,2021-07-30,0
2020-06-16,8,1358,2021-07-30,0
2020-06-17,17,1375,2021-07-30,0
2020-06-18,9,1384,2021-07-30,0
2020-06-19,8,1392,2021-07-30,0
2020-06-20,12,1404,2021-07-30,0
2020-06-21,11,1415,2021-07-30,0
2020-06-22,6,1421,2021-07-30,0
2020-06-23,10,1431,2021-07-30,0
2020-06-24,1,1432,2021-07-30,0
2020-06-25,9,1441,2021-07-30,0
2020-06-26,6,1447,2021-07-30,0
2020-06-27,5,1452,2021-07-30,0
2020-06-28,11,1463,2021-07-30,0
2020-06-29,7,1470,2021-07-30,0
2020-06-30,9,1479,2021-07-30,0
2020-07-01,2,1481,2021-07-30,0
2020-07-02,3,1484,2021-07-30,0
2020-07-03,5,1489,2021-07-30,0
2020-07-04,4,1493,2021-07-30,0
2020-07-05,6,1499,2021-07-30,0
2020-07-06,4,1503,2021-07-30,0
2020-07-07,2,1505,2021-07-30,0
2020-07-08,9,1514,2021-07-30,0
2020-07-09,4,1518,2021-07-30,0
2020-07-10,3,1521,2021-07-30,0
2020-07-11,4,1525,2021-07-30,0
2020-07-12,6,1531,2021-07-30,0
2020-07-13,2,1533,2021-07-30,0
2020-07-14,6,1539,2021-07-30,0
2020-07-15,7,1546,2021-07-30,0
2020-07-16,3,1549,2021-07-30,0
2020-07-17,7,1556,2021-07-30,0
2020-07-18,6,1562,2021-07-30,0
2020-07-19,5,1567,2021-07-30,0
2020-07-20,3,1570,2021-07-30,0
2020-07-21,6,1576,2021-07-30,0
2020-07-22,5,1581,2021-07-30,0
2020-07-23,8,1589,2021-07-30,0
2020-07-24,6,1595,2021-07-30,0
2020-07-25,2,1597,2021-07-30,0
2020-07-26,5,1602,2021-07-30,0
2020-07-27,5,1607,2021-07-30,0
2020-07-28,7,1614,2021-07-30,0
2020-07-29,3,1617,2021-07-30,0
2020-07-30,6,1623,2021-07-30,0
2020-07-31,9,1632,2021-07-30,0
2020-08-01,4,1636,2021-07-30,0
2020-08-02,7,1643,2021-07-30,0
2020-08-03,4,1647,2021-07-30,0
2020-08-04,7,1654,2021-07-30,0
2020-08-05,8,1662,2021-07-30,0
2020-08-06,9,1671,2021-07-30,0
2020-08-07,7,1678,2021-07-30,0
2020-08-08,6,1684,2021-07-30,0
2020-08-09,10,1694,2021-07-30,0
2020-08-10,3,1697,2021-07-30,0
2020-08-11,9,1706,2021-07-30,0
2020-08-12,7,1713,2021-07-30,0
2020-08-13,5,1718,2021-07-30,0
2020-08-14,9,1727,2021-07-30,0
2020-08-15,13,1740,2021-07-30,0
2020-08-16,13,1753,2021-07-30,0
2020-08-17,6,1759,2021-07-30,0
2020-08-18,11,1770,2021-07-30,0
2020-08-19,3,1773,2021-07-30,0
2020-08-20,10,1783,2021-07-30,0
2020-08-21,12,1795,2021-07-30,0
2020-08-22,9,1804,2021-07-30,0
2020-08-23,7,1811,2021-07-30,0
2020-08-24,9,1820,2021-07-30,0
2020-08-25,4,1824,2021-07-30,0
2020-08-26,3,1827,2021-07-30,0
2020-08-27,7,1834,2021-07-30,0
2020-08-28,6,1840,2021-07-30,0
2020-08-29,3,1843,2021-07-30,0
2020-08-30,5,1848,2021-07-30,0
2020-08-31,9,1857,2021-07-30,0
2020-09-01,2,1859,2021-07-30,0
2020-09-02,7,1866,2021-07-30,0
2020-09-03,12,1878,2021-07-30,0
2020-09-04,4,1882,2021-07-30,0
2020-09-05,6,1888,2021-07-30,0
2020-09-06,12,1900,2021-07-30,0
2020-09-07,3,1903,2021-07-30,0
2020-09-08,6,1909,2021-07-30,0
2020-09-09,10,1919,2021-07-30,0
2020-09-10,9,1928,2021-07-30,0
2020-09-11,11,1939,2021-07-30,0
2020-09-12,8,1947,2021-07-30,0
2020-09-13,8,1955,2021-07-30,0
2020-09-14,2,1957,2021-07-30,0
2020-09-15,6,1963,2021-07-30,0
2020-09-16,9,1972,2021-07-30,0
2020-09-17,5,1977,2021-07-30,0
2020-09-18,6,1983,2021-07-30,0
2020-09-19,4,1987,2021-07-30,0
2020-09-20,9,1996,2021-07-30,0
2020-09-21,7,2003,2021-07-30,0
2020-09-22,8,2011,2021-07-30,0
2020-09-23,9,2020,2021-07-30,0
2020-09-24,7,2027,2021-07-30,0
2020-09-25,11,2038,2021-07-30,0
2020-09-26,9,2047,2021-07-30,0
2020-09-27,14,2061,2021-07-30,0
2020-09-28,11,2072,2021-07-30,0
2020-09-29,5,2077,2021-07-30,0
2020-09-30,16,2093,2021-07-30,0
2020-10-01,7,2100,2021-07-30,0
2020-10-02,13,2113,2021-07-30,0
2020-10-03,9,2122,2021-07-30,0
2020-10-04,7,2129,2021-07-30,0
2020-10-05,10,2139,2021-07-30,0
2020-10-06,12,2151,2021-07-30,0
2020-10-07,19,2170,2021-07-30,0
2020-10-08,9,2179,2021-07-30,0
2020-10-09,17,2196,2021-07-30,0
2020-10-10,16,2212,2021-07-30,0
2020-10-11,16,2228,2021-07-30,0
2020-10-12,20,2248,2021-07-30,0
2020-10-13,14,2262,2021-07-30,0
2020-10-14,10,2272,2021-07-30,0
2020-10-15,9,2281,2021-07-30,0
2020-10-16,12,2293,2021-07-30,0
2020-10-17,18,2311,2021-07-30,0
2020-10-18,25,2336,2021-07-30,0
2020-10-19,18,2354,2021-07-30,0
2020-10-20,15,2369,2021-07-30,0
2020-10-21,24,2393,2021-07-30,0
2020-10-22,18,2411,2021-07-30,0
2020-10-23,19,2430,2021-07-30,0
2020-10-24,8,2438,2021-07-30,0
2020-10-25,17,2455,2021-07-30,0
2020-10-26,25,2480,2021-07-30,0
2020-10-27,23,2503,2021-07-30,0
2020-10-28,29,2532,2021-07-30,0
2020-10-29,18,2550,2021-07-30,0
2020-10-30,27,2577,2021-07-30,0
2020-10-31,25,2602,2021-07-30,0
2020-11-01,21,2623,2021-07-30,0
2020-11-02,25,2648,2021-07-30,0
2020-11-03,25,2673,2021-07-30,0
2020-11-04,33,2706,2021-07-30,0
2020-11-05,37,2743,2021-07-30,0
2020-11-06,39,2782,2021-07-30,0
2020-11-07,42,2824,2021-07-30,0
2020-11-08,47,2871,2021-07-30,0
2020-11-09,36,2907,2021-07-30,0
2020-11-10,35,2942,2021-07-30,0
2020-11-11,43,2985,2021-07-30,0
2020-11-12,45,3030,2021-07-30,0
2020-11-13,40,3070,2021-07-30,0
2020-11-14,47,3117,2021-07-30,0
2020-11-15,46,3163,2021-07-30,0
2020-11-16,62,3225,2021-07-30,0
2020-11-17,56,3281,2021-07-30,0
2020-11-18,61,3342,2021-07-30,0
2020-11-19,60,3402,2021-07-30,0
2020-11-20,63,3465,2021-07-30,0
2020-11-21,58,3523,2021-07-30,0
2020-11-22,67,3590,2021-07-30,0
2020-11-23,59,3649,2021-07-30,0
2020-11-24,68,3717,2021-07-30,0
2020-11-25,72,3789,2021-07-30,0
2020-11-26,54,3843,2021-07-30,0
2020-11-27,69,3912,2021-07-30,0
2020-11-28,60,3972,2021-07-30,0
2020-11-29,68,4040,2021-07-30,0
2020-11-30,60,4100,2021-07-30,0
2020-12-01,63,4163,2021-07-30,0
2020-12-02,73,4236,2021-07-30,0
2020-12-03,86,4322,2021-07-30,0
2020-12-04,67,4389,2021-07-30,0
2020-12-05,74,4463,2021-07-30,0
2020-12-06,80,4543,2021-07-30,0
2020-12-07,75,4618,2021-07-30,0
2020-12-08,61,4679,2021-07-30,0
2020-12-09,71,4750,2021-07-30,0
2020-12-10,71,4821,2021-07-30,0
2020-12-11,70,4891,2021-07-30,0
2020-12-12,71,4962,2021-07-30,0
2020-12-13,55,5017,2021-07-30,0
2020-12-14,43,5060,2021-07-30,0
2020-12-15,65,5125,2021-07-30,0
2020-12-16,70,5195,2021-07-30,0
2020-12-17,60,5255,2021-07-30,0
2020-12-18,59,5314,2021-07-30,0
2020-12-19,56,5370,2021-07-30,0
2020-12-20,59,5429,2021-07-30,0
2020-12-21,58,5487,2021-07-30,0
2020-12-22,33,5520,2021-07-30,0
2020-12-23,44,5564,2021-07-30,0
2020-12-24,50,5614,2021-07-30,0
2020-12-25,36,5650,2021-07-30,0
2020-12-26,43,5693,2021-07-30,0
2020-12-27,41,5734,2021-07-30,0
2020-12-28,33,5767,2021-07-30,0
2020-12-29,36,5803,2021-07-30,0
2020-12-30,47,5850,2021-07-30,0
2020-12-31,36,5886,2021-07-30,0
2021-01-01,28,5914,2021-07-30,0
2021-01-02,46,5960,2021-07-30,0
2021-01-03,36,5996,2021-07-30,0
2021-01-04,31,6027,2021-07-30,0
2021-01-05,40,6067,2021-07-30,0
2021-01-06,32,6099,2021-07-30,0
2021-01-07,37,6136,2021-07-30,0
2021-01-08,32,6168,2021-07-30,0
2021-01-09,25,6193,2021-07-30,0
2021-01-10,29,6222,2021-07-30,0
2021-01-11,26,6248,2021-07-30,0
2021-01-12,32,6280,2021-07-30,0
2021-01-13,23,6303,2021-07-30,0
2021-01-14,41,6344,2021-07-30,0
2021-01-15,26,6370,2021-07-30,0
2021-01-16,28,6398,2021-07-30,0
2021-01-17,21,6419,2021-07-30,0
2021-01-18,19,6438,2021-07-30,0
2021-01-19,14,6452,2021-07-30,0
2021-01-20,26,6478,2021-07-30,0
2021-01-21,16,6494,2021-07-30,0
2021-01-22,13,6507,2021-07-30,0
2021-01-23,17,6524,2021-07-30,0
2021-01-24,24,6548,2021-07-30,0
2021-01-25,17,6565,2021-07-30,0
2021-01-26,21,6586,2021-07-30,0
2021-01-27,11,6597,2021-07-30,0
2021-01-28,12,6609,2021-07-30,0
2021-01-29,15,6624,2021-07-30,1
2021-01-30,13,6637,2021-07-30,0
2021-01-31,16,6653,2021-07-30,0
2021-02-01,16,6669,2021-07-30,0
2021-02-02,10,6679,2021-07-30,0
2021-02-03,11,6690,2021-07-30,0
2021-02-04,11,6701,2021-07-30,0
2021-02-05,10,6711,2021-07-30,0
2021-02-06,12,6723,2021-07-30,0
2021-02-07,18,6741,2021-07-30,0
2021-02-08,11,6752,2021-07-30,0
2021-02-09,14,6766,2021-07-30,0
2021-02-10,12,6778,2021-07-30,0
2021-02-11,7,6785,2021-07-30,0
2021-02-12,11,6796,2021-07-30,0
2021-02-13,7,6803,2021-07-30,0
2021-02-14,9,6812,2021-07-30,0
2021-02-15,6,6818,2021-07-30,0
2021-02-16,10,6828,2021-07-30,0
2021-02-17,8,6836,2021-07-30,0
2021-02-18,7,6843,2021-07-30,1
2021-02-19,6,6849,2021-07-30,0
2021-02-20,6,6855,2021-07-30,0
2021-02-21,3,6858,2021-07-30,0
2021-02-22,5,6863,2021-07-30,0
2021-02-23,8,6871,2021-07-30,0
2021-02-24,4,6875,2021-07-30,0
2021-02-25,5,6880,2021-07-30,0
2021-02-26,5,6885,2021-07-30,0
2021-02-27,5,6890,2021-07-30,0
2021-02-28,8,6898,2021-07-30,0
2021-03-01,7,6905,2021-07-30,0
2021-03-02,1,6906,2021-07-30,0
2021-03-03,9,6915,2021-07-30,0
2021-03-04,6,6921,2021-07-30,0
2021-03-05,10,6931,2021-07-30,0
2021-03-06,5,6936,2021-07-30,0
2021-03-07,9,6945,2021-07-30,0
2021-03-08,5,6950,2021-07-30,0
2021-03-09,7,6957,2021-07-30,0
2021-03-10,2,6959,2021-07-30,0
2021-03-11,3,6962,2021-07-30,0
2021-03-12,10,6972,2021-07-30,0
2021-03-13,5,6977,2021-07-30,0
2021-03-14,4,6981,2021-07-30,0
2021-03-15,2,6983,2021-07-30,0
2021-03-16,4,6987,2021-07-30,0
2021-03-17,4,6991,2021-07-30,0
2021-03-18,5,6996,2021-07-30,0
2021-03-19,5,7001,2021-07-30,0
2021-03-20,9,7010,2021-07-30,0
2021-03-21,5,7015,2021-07-30,0
2021-03-22,4,7019,2021-07-30,0
2021-03-23,5,7024,2021-07-30,0
2021-03-24,0,7024,2021-07-30,0
2021-03-25,5,7029,2021-07-30,0
2021-03-26,3,7032,2021-07-30,0
2021-03-27,7,7039,2021-07-30,0
2021-03-28,6,7045,2021-07-30,0
2021-03-29,5,7050,2021-07-30,0
2021-03-30,6,7056,2021-07-30,0
2021-03-31,8,7064,2021-07-30,0
2021-04-01,6,7070,2021-07-30,0
2021-04-02,9,7079,2021-07-30,0
2021-04-03,8,7087,2021-07-30,0
2021-04-04,6,7093,2021-07-30,0
2021-04-05,8,7101,2021-07-30,0
2021-04-06,6,7107,2021-07-30,0
2021-04-07,6,7113,2021-07-30,0
2021-04-08,10,7123,2021-07-30,0
2021-04-09,6,7129,2021-07-30,0
2021-04-10,7,7136,2021-07-30,0
2021-04-11,8,7144,2021-07-30,0
2021-04-12,9,7153,2021-07-30,0
2021-04-13,6,7159,2021-07-30,0
2021-04-14,8,7167,2021-07-30,0
2021-04-15,14,7181,2021-07-30,0
2021-04-16,8,7189,2021-07-30,0
2021-04-17,7,7196,2021-07-30,0
2021-04-18,8,7204,2021-07-30,0
2021-04-19,9,7213,2021-07-30,0
2021-04-20,5,7218,2021-07-30,0
2021-04-21,8,7226,2021-07-30,0
2021-04-22,1,7227,2021-07-30,0
2021-04-23,15,7242,2021-07-30,0
2021-04-24,11,7253,2021-07-30,0
2021-04-25,15,7268,2021-07-30,0
2021-04-26,14,7282,2021-07-30,0
2021-04-27,7,7289,2021-07-30,0
2021-04-28,14,7303,2021-07-30,0
2021-04-29,8,7311,2021-07-30,0
2021-04-30,11,7322,2021-07-30,0
2021-05-01,7,7329,2021-07-30,0
2021-05-02,8,7337,2021-07-30,0
2021-05-03,5,7342,2021-07-30,0
2021-05-04,12,7354,2021-07-30,0
2021-05-05,8,7362,2021-07-30,0
2021-05-06,5,7367,2021-07-30,0
2021-05-07,8,7375,2021-07-30,0
2021-05-08,7,7382,2021-07-30,0
2021-05-09,9,7391,2021-07-30,0
2021-05-10,8,7399,2021-07-30,0
2021-05-11,6,7405,2021-07-30,0
2021-05-12,9,7414,2021-07-30,0
2021-05-13,9,7423,2021-07-30,0
2021-05-14,11,7434,2021-07-30,0
2021-05-15,9,7443,2021-07-30,0
2021-05-16,5,7448,2021-07-30,0
2021-05-17,5,7453,2021-07-30,0
2021-05-18,7,7460,2021-07-30,0
2021-05-19,2,7462,2021-07-30,0
2021-05-20,5,7467,2021-07-30,0
2021-05-21,7,7474,2021-07-30,0
2021-05-22,10,7484,2021-07-30,0
2021-05-23,5,7489,2021-07-30,0
2021-05-24,5,7494,2021-07-30,0
2021-05-25,6,7500,2021-07-30,0
2021-05-26,3,7503,2021-07-30,0
2021-05-27,7,7510,2021-07-30,0
2021-05-28,2,7512,2021-07-30,0
2021-05-29,6,7518,2021-07-30,0
2021-05-30,4,7522,2021-07-30,1
2021-05-31,3,7525,2021-07-30,0
2021-06-01,5,7530,2021-07-30,0
2021-06-02,8,7538,2021-07-30,0
2021-06-03,4,7542,2021-07-30,0
2021-06-04,4,7546,2021-07-30,0
2021-06-05,1,7547,2021-07-30,0
2021-06-06,5,7552,2021-07-30,0
2021-06-07,3,7555,2021-07-30,0
2021-06-08,5,7560,2021-07-30,0
2021-06-09,4,7564,2021-07-30,0
2021-06-10,6,7570,2021-07-30,0
2021-06-11,6,7576,2021-07-30,0
2021-06-12,4,7580,2021-07-30,0
2021-06-13,3,7583,2021-07-30,0
2021-06-14,3,7586,2021-07-30,0
2021-06-15,2,7588,2021-07-30,0
2021-06-16,2,7590,2021-07-30,0
2021-06-17,4,7594,2021-07-30,0
2021-06-18,1,7595,2021-07-30,0
2021-06-19,6,7601,2021-07-30,0
2021-06-20,1,7602,2021-07-30,0
2021-06-21,5,7607,2021-07-30,0
2021-06-22,3,7610,2021-07-30,0
2021-06-23,4,7614,2021-07-30,0
2021-06-24,3,7617,2021-07-30,0
2021-06-25,3,7620,2021-07-30,0
2021-06-26,4,7624,2021-07-30,0
2021-06-27,2,7626,2021-07-30,0
2021-06-28,2,7628,2021-07-30,0
2021-06-29,2,7630,2021-07-30,0
2021-06-30,2,7632,2021-07-30,0
2021-07-01,0,7632,2021-07-30,0
2021-07-02,2,7634,2021-07-30,0
2021-07-03,2,7636,2021-07-30,0
2021-07-04,3,7639,2021-07-30,0
2021-07-05,1,7640,2021-07-30,0
2021-07-06,4,7644,2021-07-30,0
2021-07-07,1,7645,2021-07-30,0
2021-07-08,1,7646,2021-07-30,0
2021-07-09,0,7646,2021-07-30,0
2021-07-10,1,7647,2021-07-30,0
2021-07-11,2,7649,2021-07-30,0
2021-07-12,1,7650,2021-07-30,0
2021-07-13,2,7652,2021-07-30,0
2021-07-14,2,7654,2021-07-30,0
2021-07-15,2,7656,2021-07-30,0
2021-07-16,1,7657,2021-07-30,0
2021-07-17,1,7658,2021-07-30,0
2021-07-18,0,7658,2021-07-30,0
2021-07-19,0,7658,2021-07-30,0
2021-07-20,2,7660,2021-07-30,0
2021-07-21,2,7662,2021-07-30,0
2021-07-22,1,7663,2021-07-30,0
2021-07-23,2,7665,2021-07-30,0
2021-07-24,0,7665,2021-07-30,0
2021-07-25,1,7666,2021-07-30,0
2021-07-26,2,7668,2021-07-30,2
2020-03-19,1,1,2021-08-02,0
2020-03-20,0,1,2021-08-02,0
2020-03-21,0,1,2021-08-02,0
2020-03-22,0,1,2021-08-02,0
2020-03-23,0,1,2021-08-02,0
2020-03-24,1,2,2021-08-02,0
2020-03-25,1,3,2021-08-02,0
2020-03-26,1,4,2021-08-02,0
2020-03-27,5,9,2021-08-02,0
2020-03-28,3,12,2021-08-02,0
2020-03-29,0,12,2021-08-02,0
2020-03-30,5,17,2021-08-02,0
2020-03-31,2,19,2021-08-02,0
2020-04-01,5,24,2021-08-02,0
2020-04-02,3,27,2021-08-02,0
2020-04-03,1,28,2021-08-02,0
2020-04-04,5,33,2021-08-02,0
2020-04-05,5,38,2021-08-02,0
2020-04-06,10,48,2021-08-02,0
2020-04-07,6,54,2021-08-02,0
2020-04-08,7,61,2021-08-02,0
2020-04-09,8,69,2021-08-02,0
2020-04-10,6,75,2021-08-02,0
2020-04-11,4,79,2021-08-02,0
2020-04-12,4,83,2021-08-02,0
2020-04-13,10,93,2021-08-02,0
2020-04-14,6,99,2021-08-02,0
2020-04-15,17,116,2021-08-02,0
2020-04-16,10,126,2021-08-02,0
2020-04-17,17,143,2021-08-02,0
2020-04-18,17,160,2021-08-02,0
2020-04-19,16,176,2021-08-02,0
2020-04-20,21,197,2021-08-02,0
2020-04-21,26,223,2021-08-02,0
2020-04-22,21,244,2021-08-02,0
2020-04-23,19,263,2021-08-02,0
2020-04-24,23,286,2021-08-02,0
2020-04-25,18,304,2021-08-02,0
2020-04-26,17,321,2021-08-02,0
2020-04-27,21,342,2021-08-02,0
2020-04-28,16,358,2021-08-02,0
2020-04-29,29,387,2021-08-02,0
2020-04-30,18,405,2021-08-02,0
2020-05-01,30,435,2021-08-02,0
2020-05-02,19,454,2021-08-02,0
2020-05-03,29,483,2021-08-02,0
2020-05-04,23,506,2021-08-02,0
2020-05-05,19,525,2021-08-02,0
2020-05-06,25,550,2021-08-02,0
2020-05-07,30,580,2021-08-02,0
2020-05-08,20,600,2021-08-02,0
2020-05-09,26,626,2021-08-02,0
2020-05-10,19,645,2021-08-02,0
2020-05-11,25,670,2021-08-02,0
2020-05-12,20,690,2021-08-02,0
2020-05-13,22,712,2021-08-02,0
2020-05-14,20,732,2021-08-02,0
2020-05-15,20,752,2021-08-02,0
2020-05-16,20,772,2021-08-02,0
2020-05-17,23,795,2021-08-02,0
2020-05-18,18,813,2021-08-02,0
2020-05-19,35,848,2021-08-02,0
2020-05-20,24,872,2021-08-02,0
2020-05-21,17,889,2021-08-02,0
2020-05-22,20,909,2021-08-02,0
2020-05-23,26,935,2021-08-02,0
2020-05-24,25,960,2021-08-02,0
2020-05-25,30,990,2021-08-02,0
2020-05-26,29,1019,2021-08-02,0
2020-05-27,25,1044,2021-08-02,0
2020-05-28,21,1065,2021-08-02,0
2020-05-29,17,1082,2021-08-02,0
2020-05-30,11,1093,2021-08-02,0
2020-05-31,20,1113,2021-08-02,0
2020-06-01,23,1136,2021-08-02,0
2020-06-02,21,1157,2021-08-02,0
2020-06-03,25,1182,2021-08-02,0
2020-06-04,26,1208,2021-08-02,0
2020-06-05,18,1226,2021-08-02,0
2020-06-06,12,1238,2021-08-02,0
2020-06-07,22,1260,2021-08-02,0
2020-06-08,12,1272,2021-08-02,0
2020-06-09,13,1285,2021-08-02,0
2020-06-10,10,1295,2021-08-02,0
2020-06-11,12,1307,2021-08-02,0
2020-06-12,11,1318,2021-08-02,0
2020-06-13,13,1331,2021-08-02,0
2020-06-14,11,1342,2021-08-02,0
2020-06-15,8,1350,2021-08-02,0
2020-06-16,8,1358,2021-08-02,0
2020-06-17,17,1375,2021-08-02,0
2020-06-18,9,1384,2021-08-02,0
2020-06-19,8,1392,2021-08-02,0
2020-06-20,12,1404,2021-08-02,0
2020-06-21,11,1415,2021-08-02,0
2020-06-22,6,1421,2021-08-02,0
2020-06-23,10,1431,2021-08-02,0
2020-06-24,1,1432,2021-08-02,0
2020-06-25,9,1441,2021-08-02,0
2020-06-26,6,1447,2021-08-02,0
2020-06-27,5,1452,2021-08-02,0
2020-06-28,11,1463,2021-08-02,0
2020-06-29,7,1470,2021-08-02,0
2020-06-30,9,1479,2021-08-02,0
2020-07-01,2,1481,2021-08-02,0
2020-07-02,3,1484,2021-08-02,0
2020-07-03,5,1489,2021-08-02,0
2020-07-04,4,1493,2021-08-02,0
2020-07-05,6,1499,2021-08-02,0
2020-07-06,4,1503,2021-08-02,0
2020-07-07,2,1505,2021-08-02,0
2020-07-08,9,1514,2021-08-02,0
2020-07-09,4,1518,2021-08-02,0
2020-07-10,3,1521,2021-08-02,0
2020-07-11,4,1525,2021-08-02,0
2020-07-12,6,1531,2021-08-02,0
2020-07-13,2,1533,2021-08-02,0
2020-07-14,6,1539,2021-08-02,0
2020-07-15,7,1546,2021-08-02,0
2020-07-16,3,1549,2021-08-02,0
2020-07-17,7,1556,2021-08-02,0
2020-07-18,6,1562,2021-08-02,0
2020-07-19,5,1567,2021-08-02,0
2020-07-20,3,1570,2021-08-02,0
2020-07-21,6,1576,2021-08-02,0
2020-07-22,5,1581,2021-08-02,0
2020-07-23,8,1589,2021-08-02,0
2020-07-24,6,1595,2021-08-02,0
2020-07-25,2,1597,2021-08-02,0
2020-07-26,5,1602,2021-08-02,0
2020-07-27,5,1607,2021-08-02,0
2020-07-28,7,1614,2021-08-02,0
2020-07-29,3,1617,2021-08-02,0
2020-07-30,6,1623,2021-08-02,0
2020-07-31,9,1632,2021-08-02,0
2020-08-01,4,1636,2021-08-02,0
2020-08-02,7,1643,2021-08-02,0
2020-08-03,4,1647,2021-08-02,0
2020-08-04,7,1654,2021-08-02,0
2020-08-05,8,1662,2021-08-02,0
2020-08-06,9,1671,2021-08-02,0
2020-08-07,7,1678,2021-08-02,0
2020-08-08,6,1684,2021-08-02,0
2020-08-09,10,1694,2021-08-02,0
2020-08-10,3,1697,2021-08-02,0
2020-08-11,9,1706,2021-08-02,0
2020-08-12,7,1713,2021-08-02,0
2020-08-13,5,1718,2021-08-02,0
2020-08-14,9,1727,2021-08-02,0
2020-08-15,13,1740,2021-08-02,0
2020-08-16,13,1753,2021-08-02,0
2020-08-17,6,1759,2021-08-02,0
2020-08-18,11,1770,2021-08-02,0
2020-08-19,3,1773,2021-08-02,0
2020-08-20,10,1783,2021-08-02,0
2020-08-21,12,1795,2021-08-02,0
2020-08-22,9,1804,2021-08-02,0
2020-08-23,7,1811,2021-08-02,0
2020-08-24,9,1820,2021-08-02,0
2020-08-25,4,1824,2021-08-02,0
2020-08-26,3,1827,2021-08-02,0
2020-08-27,7,1834,2021-08-02,0
2020-08-28,6,1840,2021-08-02,0
2020-08-29,3,1843,2021-08-02,0
2020-08-30,5,1848,2021-08-02,0
2020-08-31,9,1857,2021-08-02,0
2020-09-01,2,1859,2021-08-02,0
2020-09-02,7,1866,2021-08-02,0
2020-09-03,12,1878,2021-08-02,0
2020-09-04,4,1882,2021-08-02,0
2020-09-05,6,1888,2021-08-02,0
2020-09-06,12,1900,2021-08-02,0
2020-09-07,3,1903,2021-08-02,0
2020-09-08,6,1909,2021-08-02,0
2020-09-09,10,1919,2021-08-02,0
2020-09-10,9,1928,2021-08-02,0
2020-09-11,11,1939,2021-08-02,0
2020-09-12,8,1947,2021-08-02,0
2020-09-13,8,1955,2021-08-02,0
2020-09-14,2,1957,2021-08-02,0
2020-09-15,6,1963,2021-08-02,0
2020-09-16,9,1972,2021-08-02,0
2020-09-17,5,1977,2021-08-02,0
2020-09-18,6,1983,2021-08-02,0
2020-09-19,4,1987,2021-08-02,0
2020-09-20,9,1996,2021-08-02,0
2020-09-21,7,2003,2021-08-02,0
2020-09-22,8,2011,2021-08-02,0
2020-09-23,9,2020,2021-08-02,0
2020-09-24,7,2027,2021-08-02,0
2020-09-25,11,2038,2021-08-02,0
2020-09-26,9,2047,2021-08-02,0
2020-09-27,14,2061,2021-08-02,0
2020-09-28,11,2072,2021-08-02,0
2020-09-29,5,2077,2021-08-02,0
2020-09-30,16,2093,2021-08-02,0
2020-10-01,7,2100,2021-08-02,0
2020-10-02,13,2113,2021-08-02,0
2020-10-03,9,2122,2021-08-02,0
2020-10-04,7,2129,2021-08-02,0
2020-10-05,10,2139,2021-08-02,0
2020-10-06,12,2151,2021-08-02,0
2020-10-07,19,2170,2021-08-02,0
2020-10-08,9,2179,2021-08-02,0
2020-10-09,17,2196,2021-08-02,0
2020-10-10,16,2212,2021-08-02,0
2020-10-11,16,2228,2021-08-02,0
2020-10-12,20,2248,2021-08-02,0
2020-10-13,14,2262,2021-08-02,0
2020-10-14,10,2272,2021-08-02,0
2020-10-15,9,2281,2021-08-02,0
2020-10-16,12,2293,2021-08-02,0
2020-10-17,18,2311,2021-08-02,0
2020-10-18,25,2336,2021-08-02,0
2020-10-19,18,2354,2021-08-02,0
2020-10-20,15,2369,2021-08-02,0
2020-10-21,24,2393,2021-08-02,0
2020-10-22,18,2411,2021-08-02,0
2020-10-23,19,2430,2021-08-02,0
2020-10-24,8,2438,2021-08-02,0
2020-10-25,17,2455,2021-08-02,0
2020-10-26,25,2480,2021-08-02,0
2020-10-27,23,2503,2021-08-02,0
2020-10-28,29,2532,2021-08-02,0
2020-10-29,18,2550,2021-08-02,0
2020-10-30,27,2577,2021-08-02,0
2020-10-31,25,2602,2021-08-02,0
2020-11-01,21,2623,2021-08-02,0
2020-11-02,25,2648,2021-08-02,0
2020-11-03,25,2673,2021-08-02,0
2020-11-04,33,2706,2021-08-02,0
2020-11-05,37,2743,2021-08-02,0
2020-11-06,39,2782,2021-08-02,0
2020-11-07,42,2824,2021-08-02,0
2020-11-08,47,2871,2021-08-02,0
2020-11-09,36,2907,2021-08-02,0
2020-11-10,35,2942,2021-08-02,0
2020-11-11,43,2985,2021-08-02,0
2020-11-12,45,3030,2021-08-02,0
2020-11-13,40,3070,2021-08-02,0
2020-11-14,47,3117,2021-08-02,0
2020-11-15,46,3163,2021-08-02,0
2020-11-16,62,3225,2021-08-02,0
2020-11-17,56,3281,2021-08-02,0
2020-11-18,61,3342,2021-08-02,0
2020-11-19,60,3402,2021-08-02,0
2020-11-20,63,3465,2021-08-02,0
2020-11-21,58,3523,2021-08-02,0
2020-11-22,67,3590,2021-08-02,0
2020-11-23,59,3649,2021-08-02,0
2020-11-24,68,3717,2021-08-02,0
2020-11-25,72,3789,2021-08-02,0
2020-11-26,54,3843,2021-08-02,0
2020-11-27,69,3912,2021-08-02,0
2020-11-28,60,3972,2021-08-02,0
2020-11-29,68,4040,2021-08-02,0
2020-11-30,60,4100,2021-08-02,0
2020-12-01,63,4163,2021-08-02,0
2020-12-02,73,4236,2021-08-02,0
2020-12-03,86,4322,2021-08-02,0
2020-12-04,67,4389,2021-08-02,0
2020-12-05,74,4463,2021-08-02,0
2020-12-06,80,4543,2021-08-02,0
2020-12-07,75,4618,2021-08-02,0
2020-12-08,61,4679,2021-08-02,0
2020-12-09,71,4750,2021-08-02,0
2020-12-10,71,4821,2021-08-02,0
2020-12-11,70,4891,2021-08-02,0
2020-12-12,71,4962,2021-08-02,0
2020-12-13,55,5017,2021-08-02,0
2020-12-14,43,5060,2021-08-02,0
2020-12-15,65,5125,2021-08-02,0
2020-12-16,70,5195,2021-08-02,0
2020-12-17,60,5255,2021-08-02,0
2020-12-18,59,5314,2021-08-02,0
2020-12-19,56,5370,2021-08-02,0
2020-12-20,59,5429,2021-08-02,0
2020-12-21,58,5487,2021-08-02,0
2020-12-22,33,5520,2021-08-02,0
2020-12-23,44,5564,2021-08-02,0
2020-12-24,50,5614,2021-08-02,0
2020-12-25,36,5650,2021-08-02,0
2020-12-26,43,5693,2021-08-02,0
2020-12-27,41,5734,2021-08-02,0
2020-12-28,33,5767,2021-08-02,0
2020-12-29,36,5803,2021-08-02,0
2020-12-30,47,5850,2021-08-02,0
2020-12-31,36,5886,2021-08-02,0
2021-01-01,28,5914,2021-08-02,0
2021-01-02,46,5960,2021-08-02,0
2021-01-03,36,5996,2021-08-02,0
2021-01-04,31,6027,2021-08-02,0
2021-01-05,40,6067,2021-08-02,0
2021-01-06,32,6099,2021-08-02,0
2021-01-07,37,6136,2021-08-02,0
2021-01-08,32,6168,2021-08-02,0
2021-01-09,25,6193,2021-08-02,0
2021-01-10,29,6222,2021-08-02,0
2021-01-11,26,6248,2021-08-02,0
2021-01-12,32,6280,2021-08-02,0
2021-01-13,23,6303,2021-08-02,0
2021-01-14,41,6344,2021-08-02,0
2021-01-15,26,6370,2021-08-02,0
2021-01-16,28,6398,2021-08-02,0
2021-01-17,21,6419,2021-08-02,0
2021-01-18,19,6438,2021-08-02,0
2021-01-19,14,6452,2021-08-02,0
2021-01-20,26,6478,2021-08-02,0
2021-01-21,16,6494,2021-08-02,0
2021-01-22,13,6507,2021-08-02,0
2021-01-23,17,6524,2021-08-02,0
2021-01-24,24,6548,2021-08-02,0
2021-01-25,17,6565,2021-08-02,0
2021-01-26,21,6586,2021-08-02,0
2021-01-27,11,6597,2021-08-02,0
2021-01-28,12,6609,2021-08-02,0
2021-01-29,15,6624,2021-08-02,0
2021-01-30,13,6637,2021-08-02,0
2021-01-31,16,6653,2021-08-02,0
2021-02-01,16,6669,2021-08-02,0
2021-02-02,10,6679,2021-08-02,0
2021-02-03,11,6690,2021-08-02,0
2021-02-04,11,6701,2021-08-02,0
2021-02-05,10,6711,2021-08-02,0
2021-02-06,12,6723,2021-08-02,0
2021-02-07,18,6741,2021-08-02,0
2021-02-08,11,6752,2021-08-02,0
2021-02-09,14,6766,2021-08-02,0
2021-02-10,12,6778,2021-08-02,0
2021-02-11,7,6785,2021-08-02,0
2021-02-12,12,6797,2021-08-02,1
2021-02-13,8,6805,2021-08-02,1
2021-02-14,9,6814,2021-08-02,0
2021-02-15,9,6823,2021-08-02,3
2021-02-16,10,6833,2021-08-02,0
2021-02-17,8,6841,2021-08-02,0
2021-02-18,7,6848,2021-08-02,0
2021-02-19,6,6854,2021-08-02,0
2021-02-20,6,6860,2021-08-02,0
2021-02-21,3,6863,2021-08-02,0
2021-02-22,5,6868,2021-08-02,0
2021-02-23,8,6876,2021-08-02,0
2021-02-24,4,6880,2021-08-02,0
2021-02-25,5,6885,2021-08-02,0
2021-02-26,5,6890,2021-08-02,0
2021-02-27,5,6895,2021-08-02,0
2021-02-28,8,6903,2021-08-02,0
2021-03-01,7,6910,2021-08-02,0
2021-03-02,1,6911,2021-08-02,0
2021-03-03,9,6920,2021-08-02,0
2021-03-04,6,6926,2021-08-02,0
2021-03-05,10,6936,2021-08-02,0
2021-03-06,5,6941,2021-08-02,0
2021-03-07,9,6950,2021-08-02,0
2021-03-08,5,6955,2021-08-02,0
2021-03-09,7,6962,2021-08-02,0
2021-03-10,2,6964,2021-08-02,0
2021-03-11,3,6967,2021-08-02,0
2021-03-12,10,6977,2021-08-02,0
2021-03-13,5,6982,2021-08-02,0
2021-03-14,4,6986,2021-08-02,0
2021-03-15,2,6988,2021-08-02,0
2021-03-16,4,6992,2021-08-02,0
2021-03-17,4,6996,2021-08-02,0
2021-03-18,5,7001,2021-08-02,0
2021-03-19,5,7006,2021-08-02,0
2021-03-20,9,7015,2021-08-02,0
2021-03-21,5,7020,2021-08-02,0
2021-03-22,4,7024,2021-08-02,0
2021-03-23,5,7029,2021-08-02,0
2021-03-24,0,7029,2021-08-02,0
2021-03-25,5,7034,2021-08-02,0
2021-03-26,3,7037,2021-08-02,0
2021-03-27,7,7044,2021-08-02,0
2021-03-28,6,7050,2021-08-02,0
2021-03-29,5,7055,2021-08-02,0
2021-03-30,6,7061,2021-08-02,0
2021-03-31,8,7069,2021-08-02,0
2021-04-01,6,7075,2021-08-02,0
2021-04-02,9,7084,2021-08-02,0
2021-04-03,8,7092,2021-08-02,0
2021-04-04,6,7098,2021-08-02,0
2021-04-05,8,7106,2021-08-02,0
2021-04-06,6,7112,2021-08-02,0
2021-04-07,6,7118,2021-08-02,0
2021-04-08,10,7128,2021-08-02,0
2021-04-09,6,7134,2021-08-02,0
2021-04-10,7,7141,2021-08-02,0
2021-04-11,8,7149,2021-08-02,0
2021-04-12,9,7158,2021-08-02,0
2021-04-13,6,7164,2021-08-02,0
2021-04-14,8,7172,2021-08-02,0
2021-04-15,14,7186,2021-08-02,0
2021-04-16,8,7194,2021-08-02,0
2021-04-17,7,7201,2021-08-02,0
2021-04-18,8,7209,2021-08-02,0
2021-04-19,9,7218,2021-08-02,0
2021-04-20,5,7223,2021-08-02,0
2021-04-21,8,7231,2021-08-02,0
2021-04-22,1,7232,2021-08-02,0
2021-04-23,15,7247,2021-08-02,0
2021-04-24,11,7258,2021-08-02,0
2021-04-25,15,7273,2021-08-02,0
2021-04-26,14,7287,2021-08-02,0
2021-04-27,7,7294,2021-08-02,0
2021-04-28,14,7308,2021-08-02,0
2021-04-29,8,7316,2021-08-02,0
2021-04-30,11,7327,2021-08-02,0
2021-05-01,7,7334,2021-08-02,0
2021-05-02,8,7342,2021-08-02,0
2021-05-03,5,7347,2021-08-02,0
2021-05-04,12,7359,2021-08-02,0
2021-05-05,8,7367,2021-08-02,0
2021-05-06,5,7372,2021-08-02,0
2021-05-07,8,7380,2021-08-02,0
2021-05-08,7,7387,2021-08-02,0
2021-05-09,9,7396,2021-08-02,0
2021-05-10,8,7404,2021-08-02,0
2021-05-11,6,7410,2021-08-02,0
2021-05-12,9,7419,2021-08-02,0
2021-05-13,9,7428,2021-08-02,0
2021-05-14,11,7439,2021-08-02,0
2021-05-15,9,7448,2021-08-02,0
2021-05-16,5,7453,2021-08-02,0
2021-05-17,5,7458,2021-08-02,0
2021-05-18,7,7465,2021-08-02,0
2021-05-19,2,7467,2021-08-02,0
2021-05-20,5,7472,2021-08-02,0
2021-05-21,7,7479,2021-08-02,0
2021-05-22,10,7489,2021-08-02,0
2021-05-23,5,7494,2021-08-02,0
2021-05-24,5,7499,2021-08-02,0
2021-05-25,6,7505,2021-08-02,0
2021-05-26,3,7508,2021-08-02,0
2021-05-27,7,7515,2021-08-02,0
2021-05-28,2,7517,2021-08-02,0
2021-05-29,6,7523,2021-08-02,0
2021-05-30,4,7527,2021-08-02,0
2021-05-31,3,7530,2021-08-02,0
2021-06-01,5,7535,2021-08-02,0
2021-06-02,8,7543,2021-08-02,0
2021-06-03,4,7547,2021-08-02,0
2021-06-04,4,7551,2021-08-02,0
2021-06-05,1,7552,2021-08-02,0
2021-06-06,5,7557,2021-08-02,0
2021-06-07,3,7560,2021-08-02,0
2021-06-08,5,7565,2021-08-02,0
2021-06-09,4,7569,2021-08-02,0
2021-06-10,6,7575,2021-08-02,0
2021-06-11,6,7581,2021-08-02,0
2021-06-12,4,7585,2021-08-02,0
2021-06-13,3,7588,2021-08-02,0
2021-06-14,3,7591,2021-08-02,0
2021-06-15,2,7593,2021-08-02,0
2021-06-16,2,7595,2021-08-02,0
2021-06-17,4,7599,2021-08-02,0
2021-06-18,1,7600,2021-08-02,0
2021-06-19,6,7606,2021-08-02,0
2021-06-20,1,7607,2021-08-02,0
2021-06-21,5,7612,2021-08-02,0
2021-06-22,3,7615,2021-08-02,0
2021-06-23,4,7619,2021-08-02,0
2021-06-24,3,7622,2021-08-02,0
2021-06-25,3,7625,2021-08-02,0
2021-06-26,4,7629,2021-08-02,0
2021-06-27,2,7631,2021-08-02,0
2021-06-28,2,7633,2021-08-02,0
2021-06-29,2,7635,2021-08-02,0
2021-06-30,2,7637,2021-08-02,0
2021-07-01,0,7637,2021-08-02,0
2021-07-02,2,7639,2021-08-02,0
2021-07-03,2,7641,2021-08-02,0
2021-07-04,3,7644,2021-08-02,0
2021-07-05,1,7645,2021-08-02,0
2021-07-06,4,7649,2021-08-02,0
2021-07-07,1,7650,2021-08-02,0
2021-07-08,1,7651,2021-08-02,0
2021-07-09,0,7651,2021-08-02,0
2021-07-10,1,7652,2021-08-02,0
2021-07-11,2,7654,2021-08-02,0
2021-07-12,1,7655,2021-08-02,0
2021-07-13,2,7657,2021-08-02,0
2021-07-14,2,7659,2021-08-02,0
2021-07-15,2,7661,2021-08-02,0
2021-07-16,1,7662,2021-08-02,0
2021-07-17,1,7663,2021-08-02,0
2021-07-18,0,7663,2021-08-02,0
2021-07-19,0,7663,2021-08-02,0
2021-07-20,2,7665,2021-08-02,0
2021-07-21,2,7667,2021-08-02,0
2021-07-22,2,7669,2021-08-02,1
2021-07-23,2,7671,2021-08-02,0
2021-07-24,0,7671,2021-08-02,0
2021-07-25,1,7672,2021-08-02,0
2021-07-26,0,7672,2021-08-02,-2
2021-07-27,2,7674,2021-08-02,2
2020-03-19,1,1,2021-08-03,0
2020-03-20,0,1,2021-08-03,0
2020-03-21,0,1,2021-08-03,0
2020-03-22,0,1,2021-08-03,0
2020-03-23,0,1,2021-08-03,0
2020-03-24,1,2,2021-08-03,0
2020-03-25,1,3,2021-08-03,0
2020-03-26,1,4,2021-08-03,0
2020-03-27,5,9,2021-08-03,0
2020-03-28,3,12,2021-08-03,0
2020-03-29,0,12,2021-08-03,0
2020-03-30,5,17,2021-08-03,0
2020-03-31,2,19,2021-08-03,0
2020-04-01,5,24,2021-08-03,0
2020-04-02,3,27,2021-08-03,0
2020-04-03,1,28,2021-08-03,0
2020-04-04,5,33,2021-08-03,0
2020-04-05,5,38,2021-08-03,0
2020-04-06,10,48,2021-08-03,0
2020-04-07,6,54,2021-08-03,0
2020-04-08,7,61,2021-08-03,0
2020-04-09,8,69,2021-08-03,0
2020-04-10,6,75,2021-08-03,0
2020-04-11,4,79,2021-08-03,0
2020-04-12,4,83,2021-08-03,0
2020-04-13,10,93,2021-08-03,0
2020-04-14,6,99,2021-08-03,0
2020-04-15,17,116,2021-08-03,0
2020-04-16,10,126,2021-08-03,0
2020-04-17,17,143,2021-08-03,0
2020-04-18,17,160,2021-08-03,0
2020-04-19,16,176,2021-08-03,0
2020-04-20,21,197,2021-08-03,0
2020-04-21,26,223,2021-08-03,0
2020-04-22,21,244,2021-08-03,0
2020-04-23,19,263,2021-08-03,0
2020-04-24,23,286,2021-08-03,0
2020-04-25,18,304,2021-08-03,0
2020-04-26,17,321,2021-08-03,0
2020-04-27,21,342,2021-08-03,0
2020-04-28,16,358,2021-08-03,0
2020-04-29,29,387,2021-08-03,0
2020-04-30,18,405,2021-08-03,0
2020-05-01,30,435,2021-08-03,0
2020-05-02,19,454,2021-08-03,0
2020-05-03,29,483,2021-08-03,0
2020-05-04,23,506,2021-08-03,0
2020-05-05,19,525,2021-08-03,0
2020-05-06,25,550,2021-08-03,0
2020-05-07,30,580,2021-08-03,0
2020-05-08,20,600,2021-08-03,0
2020-05-09,26,626,2021-08-03,0
2020-05-10,19,645,2021-08-03,0
2020-05-11,25,670,2021-08-03,0
2020-05-12,20,690,2021-08-03,0
2020-05-13,22,712,2021-08-03,0
2020-05-14,20,732,2021-08-03,0
2020-05-15,20,752,2021-08-03,0
2020-05-16,20,772,2021-08-03,0
2020-05-17,23,795,2021-08-03,0
2020-05-18,18,813,2021-08-03,0
2020-05-19,35,848,2021-08-03,0
2020-05-20,24,872,2021-08-03,0
2020-05-21,17,889,2021-08-03,0
2020-05-22,20,909,2021-08-03,0
2020-05-23,26,935,2021-08-03,0
2020-05-24,25,960,2021-08-03,0
2020-05-25,30,990,2021-08-03,0
2020-05-26,29,1019,2021-08-03,0
2020-05-27,25,1044,2021-08-03,0
2020-05-28,21,1065,2021-08-03,0
2020-05-29,17,1082,2021-08-03,0
2020-05-30,11,1093,2021-08-03,0
2020-05-31,20,1113,2021-08-03,0
2020-06-01,23,1136,2021-08-03,0
2020-06-02,21,1157,2021-08-03,0
2020-06-03,25,1182,2021-08-03,0
2020-06-04,26,1208,2021-08-03,0
2020-06-05,18,1226,2021-08-03,0
2020-06-06,12,1238,2021-08-03,0
2020-06-07,22,1260,2021-08-03,0
2020-06-08,12,1272,2021-08-03,0
2020-06-09,13,1285,2021-08-03,0
2020-06-10,10,1295,2021-08-03,0
2020-06-11,12,1307,2021-08-03,0
2020-06-12,11,1318,2021-08-03,0
2020-06-13,13,1331,2021-08-03,0
2020-06-14,11,1342,2021-08-03,0
2020-06-15,8,1350,2021-08-03,0
2020-06-16,8,1358,2021-08-03,0
2020-06-17,17,1375,2021-08-03,0
2020-06-18,9,1384,2021-08-03,0
2020-06-19,8,1392,2021-08-03,0
2020-06-20,12,1404,2021-08-03,0
2020-06-21,11,1415,2021-08-03,0
2020-06-22,6,1421,2021-08-03,0
2020-06-23,10,1431,2021-08-03,0
2020-06-24,1,1432,2021-08-03,0
2020-06-25,9,1441,2021-08-03,0
2020-06-26,6,1447,2021-08-03,0
2020-06-27,5,1452,2021-08-03,0
2020-06-28,11,1463,2021-08-03,0
2020-06-29,7,1470,2021-08-03,0
2020-06-30,9,1479,2021-08-03,0
2020-07-01,2,1481,2021-08-03,0
2020-07-02,3,1484,2021-08-03,0
2020-07-03,5,1489,2021-08-03,0
2020-07-04,4,1493,2021-08-03,0
2020-07-05,6,1499,2021-08-03,0
2020-07-06,4,1503,2021-08-03,0
2020-07-07,2,1505,2021-08-03,0
2020-07-08,9,1514,2021-08-03,0
2020-07-09,4,1518,2021-08-03,0
2020-07-10,3,1521,2021-08-03,0
2020-07-11,4,1525,2021-08-03,0
2020-07-12,6,1531,2021-08-03,0
2020-07-13,2,1533,2021-08-03,0
2020-07-14,6,1539,2021-08-03,0
2020-07-15,7,1546,2021-08-03,0
2020-07-16,3,1549,2021-08-03,0
2020-07-17,7,1556,2021-08-03,0
2020-07-18,6,1562,2021-08-03,0
2020-07-19,5,1567,2021-08-03,0
2020-07-20,3,1570,2021-08-03,0
2020-07-21,6,1576,2021-08-03,0
2020-07-22,5,1581,2021-08-03,0
2020-07-23,8,1589,2021-08-03,0
2020-07-24,6,1595,2021-08-03,0
2020-07-25,2,1597,2021-08-03,0
2020-07-26,5,1602,2021-08-03,0
2020-07-27,5,1607,2021-08-03,0
2020-07-28,7,1614,2021-08-03,0
2020-07-29,3,1617,2021-08-03,0
2020-07-30,6,1623,2021-08-03,0
2020-07-31,9,1632,2021-08-03,0
2020-08-01,4,1636,2021-08-03,0
2020-08-02,7,1643,2021-08-03,0
2020-08-03,4,1647,2021-08-03,0
2020-08-04,7,1654,2021-08-03,0
2020-08-05,8,1662,2021-08-03,0
2020-08-06,9,1671,2021-08-03,0
2020-08-07,7,1678,2021-08-03,0
2020-08-08,6,1684,2021-08-03,0
2020-08-09,10,1694,2021-08-03,0
2020-08-10,3,1697,2021-08-03,0
2020-08-11,9,1706,2021-08-03,0
2020-08-12,7,1713,2021-08-03,0
2020-08-13,5,1718,2021-08-03,0
2020-08-14,9,1727,2021-08-03,0
2020-08-15,13,1740,2021-08-03,0
2020-08-16,13,1753,2021-08-03,0
2020-08-17,6,1759,2021-08-03,0
2020-08-18,11,1770,2021-08-03,0
2020-08-19,3,1773,2021-08-03,0
2020-08-20,10,1783,2021-08-03,0
2020-08-21,12,1795,2021-08-03,0
2020-08-22,9,1804,2021-08-03,0
2020-08-23,7,1811,2021-08-03,0
2020-08-24,9,1820,2021-08-03,0
2020-08-25,4,1824,2021-08-03,0
2020-08-26,3,1827,2021-08-03,0
2020-08-27,7,1834,2021-08-03,0
2020-08-28,6,1840,2021-08-03,0
2020-08-29,3,1843,2021-08-03,0
2020-08-30,5,1848,2021-08-03,0
2020-08-31,9,1857,2021-08-03,0
2020-09-01,2,1859,2021-08-03,0
2020-09-02,7,1866,2021-08-03,0
2020-09-03,12,1878,2021-08-03,0
2020-09-04,4,1882,2021-08-03,0
2020-09-05,6,1888,2021-08-03,0
2020-09-06,12,1900,2021-08-03,0
2020-09-07,3,1903,2021-08-03,0
2020-09-08,6,1909,2021-08-03,0
2020-09-09,10,1919,2021-08-03,0
2020-09-10,9,1928,2021-08-03,0
2020-09-11,11,1939,2021-08-03,0
2020-09-12,8,1947,2021-08-03,0
2020-09-13,8,1955,2021-08-03,0
2020-09-14,2,1957,2021-08-03,0
2020-09-15,6,1963,2021-08-03,0
2020-09-16,9,1972,2021-08-03,0
2020-09-17,5,1977,2021-08-03,0
2020-09-18,6,1983,2021-08-03,0
2020-09-19,4,1987,2021-08-03,0
2020-09-20,9,1996,2021-08-03,0
2020-09-21,7,2003,2021-08-03,0
2020-09-22,8,2011,2021-08-03,0
2020-09-23,9,2020,2021-08-03,0
2020-09-24,7,2027,2021-08-03,0
2020-09-25,11,2038,2021-08-03,0
2020-09-26,9,2047,2021-08-03,0
2020-09-27,14,2061,2021-08-03,0
2020-09-28,11,2072,2021-08-03,0
2020-09-29,5,2077,2021-08-03,0
2020-09-30,16,2093,2021-08-03,0
2020-10-01,7,2100,2021-08-03,0
2020-10-02,13,2113,2021-08-03,0
2020-10-03,9,2122,2021-08-03,0
2020-10-04,7,2129,2021-08-03,0
2020-10-05,10,2139,2021-08-03,0
2020-10-06,12,2151,2021-08-03,0
2020-10-07,19,2170,2021-08-03,0
2020-10-08,9,2179,2021-08-03,0
2020-10-09,17,2196,2021-08-03,0
2020-10-10,16,2212,2021-08-03,0
2020-10-11,16,2228,2021-08-03,0
2020-10-12,20,2248,2021-08-03,0
2020-10-13,14,2262,2021-08-03,0
2020-10-14,10,2272,2021-08-03,0
2020-10-15,9,2281,2021-08-03,0
2020-10-16,12,2293,2021-08-03,0
2020-10-17,18,2311,2021-08-03,0
2020-10-18,25,2336,2021-08-03,0
2020-10-19,18,2354,2021-08-03,0
2020-10-20,15,2369,2021-08-03,0
2020-10-21,24,2393,2021-08-03,0
2020-10-22,18,2411,2021-08-03,0
2020-10-23,19,2430,2021-08-03,0
2020-10-24,8,2438,2021-08-03,0
2020-10-25,17,2455,2021-08-03,0
2020-10-26,25,2480,2021-08-03,0
2020-10-27,23,2503,2021-08-03,0
2020-10-28,29,2532,2021-08-03,0
2020-10-29,18,2550,2021-08-03,0
2020-10-30,27,2577,2021-08-03,0
2020-10-31,25,2602,2021-08-03,0
2020-11-01,21,2623,2021-08-03,0
2020-11-02,25,2648,2021-08-03,0
2020-11-03,25,2673,2021-08-03,0
2020-11-04,33,2706,2021-08-03,0
2020-11-05,37,2743,2021-08-03,0
2020-11-06,39,2782,2021-08-03,0
2020-11-07,42,2824,2021-08-03,0
2020-11-08,47,2871,2021-08-03,0
2020-11-09,36,2907,2021-08-03,0
2020-11-10,35,2942,2021-08-03,0
2020-11-11,43,2985,2021-08-03,0
2020-11-12,45,3030,2021-08-03,0
2020-11-13,40,3070,2021-08-03,0
2020-11-14,47,3117,2021-08-03,0
2020-11-15,46,3163,2021-08-03,0
2020-11-16,62,3225,2021-08-03,0
2020-11-17,56,3281,2021-08-03,0
2020-11-18,61,3342,2021-08-03,0
2020-11-19,60,3402,2021-08-03,0
2020-11-20,63,3465,2021-08-03,0
2020-11-21,58,3523,2021-08-03,0
2020-11-22,67,3590,2021-08-03,0
2020-11-23,59,3649,2021-08-03,0
2020-11-24,68,3717,2021-08-03,0
2020-11-25,72,3789,2021-08-03,0
2020-11-26,54,3843,2021-08-03,0
2020-11-27,69,3912,2021-08-03,0
2020-11-28,60,3972,2021-08-03,0
2020-11-29,68,4040,2021-08-03,0
2020-11-30,60,4100,2021-08-03,0
2020-12-01,63,4163,2021-08-03,0
2020-12-02,73,4236,2021-08-03,0
2020-12-03,86,4322,2021-08-03,0
2020-12-04,67,4389,2021-08-03,0
2020-12-05,74,4463,2021-08-03,0
2020-12-06,80,4543,2021-08-03,0
2020-12-07,75,4618,2021-08-03,0
2020-12-08,61,4679,2021-08-03,0
2020-12-09,71,4750,2021-08-03,0
2020-12-10,71,4821,2021-08-03,0
2020-12-11,70,4891,2021-08-03,0
2020-12-12,71,4962,2021-08-03,0
2020-12-13,55,5017,2021-08-03,0
2020-12-14,43,5060,2021-08-03,0
2020-12-15,65,5125,2021-08-03,0
2020-12-16,70,5195,2021-08-03,0
2020-12-17,60,5255,2021-08-03,0
2020-12-18,59,5314,2021-08-03,0
2020-12-19,56,5370,2021-08-03,0
2020-12-20,59,5429,2021-08-03,0
2020-12-21,58,5487,2021-08-03,0
2020-12-22,33,5520,2021-08-03,0
2020-12-23,44,5564,2021-08-03,0
2020-12-24,50,5614,2021-08-03,0
2020-12-25,36,5650,2021-08-03,0
2020-12-26,43,5693,2021-08-03,0
2020-12-27,41,5734,2021-08-03,0
2020-12-28,33,5767,2021-08-03,0
2020-12-29,36,5803,2021-08-03,0
2020-12-30,47,5850,2021-08-03,0
2020-12-31,36,5886,2021-08-03,0
2021-01-01,28,5914,2021-08-03,0
2021-01-02,46,5960,2021-08-03,0
2021-01-03,36,5996,2021-08-03,0
2021-01-04,31,6027,2021-08-03,0
2021-01-05,40,6067,2021-08-03,0
2021-01-06,32,6099,2021-08-03,0
2021-01-07,37,6136,2021-08-03,0
2021-01-08,32,6168,2021-08-03,0
2021-01-09,25,6193,2021-08-03,0
2021-01-10,29,6222,2021-08-03,0
2021-01-11,26,6248,2021-08-03,0
2021-01-12,32,6280,2021-08-03,0
2021-01-13,23,6303,2021-08-03,0
2021-01-14,41,6344,2021-08-03,0
2021-01-15,26,6370,2021-08-03,0
2021-01-16,28,6398,2021-08-03,0
2021-01-17,21,6419,2021-08-03,0
2021-01-18,19,6438,2021-08-03,0
2021-01-19,14,6452,2021-08-03,0
2021-01-20,26,6478,2021-08-03,0
2021-01-21,16,6494,2021-08-03,0
2021-01-22,13,6507,2021-08-03,0
2021-01-23,17,6524,2021-08-03,0
2021-01-24,24,6548,2021-08-03,0
2021-01-25,17,6565,2021-08-03,0
2021-01-26,21,6586,2021-08-03,0
2021-01-27,11,6597,2021-08-03,0
2021-01-28,12,6609,2021-08-03,0
2021-01-29,15,6624,2021-08-03,0
2021-01-30,13,6637,2021-08-03,0
2021-01-31,16,6653,2021-08-03,0
2021-02-01,16,6669,2021-08-03,0
2021-02-02,10,6679,2021-08-03,0
2021-02-03,11,6690,2021-08-03,0
2021-02-04,11,6701,2021-08-03,0
2021-02-05,10,6711,2021-08-03,0
2021-02-06,12,6723,2021-08-03,0
2021-02-07,18,6741,2021-08-03,0
2021-02-08,11,6752,2021-08-03,0
2021-02-09,14,6766,2021-08-03,0
2021-02-10,12,6778,2021-08-03,0
2021-02-11,7,6785,2021-08-03,0
2021-02-12,12,6797,2021-08-03,0
2021-02-13,8,6805,2021-08-03,0
2021-02-14,9,6814,2021-08-03,0
2021-02-15,9,6823,2021-08-03,0
2021-02-16,10,6833,2021-08-03,0
2021-02-17,9,6842,2021-08-03,1
2021-02-18,7,6849,2021-08-03,0
2021-02-19,6,6855,2021-08-03,0
2021-02-20,6,6861,2021-08-03,0
2021-02-21,3,6864,2021-08-03,0
2021-02-22,5,6869,2021-08-03,0
2021-02-23,8,6877,2021-08-03,0
2021-02-24,4,6881,2021-08-03,0
2021-02-25,5,6886,2021-08-03,0
2021-02-26,5,6891,2021-08-03,0
2021-02-27,5,6896,2021-08-03,0
2021-02-28,8,6904,2021-08-03,0
2021-03-01,7,6911,2021-08-03,0
2021-03-02,1,6912,2021-08-03,0
2021-03-03,9,6921,2021-08-03,0
2021-03-04,6,6927,2021-08-03,0
2021-03-05,10,6937,2021-08-03,0
2021-03-06,5,6942,2021-08-03,0
2021-03-07,9,6951,2021-08-03,0
2021-03-08,5,6956,2021-08-03,0
2021-03-09,7,6963,2021-08-03,0
2021-03-10,2,6965,2021-08-03,0
2021-03-11,3,6968,2021-08-03,0
2021-03-12,10,6978,2021-08-03,0
2021-03-13,5,6983,2021-08-03,0
2021-03-14,4,6987,2021-08-03,0
2021-03-15,2,6989,2021-08-03,0
2021-03-16,4,6993,2021-08-03,0
2021-03-17,4,6997,2021-08-03,0
2021-03-18,5,7002,2021-08-03,0
2021-03-19,5,7007,2021-08-03,0
2021-03-20,9,7016,2021-08-03,0
2021-03-21,5,7021,2021-08-03,0
2021-03-22,4,7025,2021-08-03,0
2021-03-23,5,7030,2021-08-03,0
2021-03-24,0,7030,2021-08-03,0
2021-03-25,5,7035,2021-08-03,0
2021-03-26,3,7038,2021-08-03,0
2021-03-27,7,7045,2021-08-03,0
2021-03-28,6,7051,2021-08-03,0
2021-03-29,5,7056,2021-08-03,0
2021-03-30,6,7062,2021-08-03,0
2021-03-31,8,7070,2021-08-03,0
2021-04-01,6,7076,2021-08-03,0
2021-04-02,9,7085,2021-08-03,0
2021-04-03,8,7093,2021-08-03,0
2021-04-04,6,7099,2021-08-03,0
2021-04-05,8,7107,2021-08-03,0
2021-04-06,6,7113,2021-08-03,0
2021-04-07,6,7119,2021-08-03,0
2021-04-08,10,7129,2021-08-03,0
2021-04-09,6,7135,2021-08-03,0
2021-04-10,7,7142,2021-08-03,0
2021-04-11,8,7150,2021-08-03,0
2021-04-12,9,7159,2021-08-03,0
2021-04-13,6,7165,2021-08-03,0
2021-04-14,8,7173,2021-08-03,0
2021-04-15,14,7187,2021-08-03,0
2021-04-16,8,7195,2021-08-03,0
2021-04-17,7,7202,2021-08-03,0
2021-04-18,8,7210,2021-08-03,0
2021-04-19,9,7219,2021-08-03,0
2021-04-20,5,7224,2021-08-03,0
2021-04-21,8,7232,2021-08-03,0
2021-04-22,1,7233,2021-08-03,0
2021-04-23,15,7248,2021-08-03,0
2021-04-24,11,7259,2021-08-03,0
2021-04-25,15,7274,2021-08-03,0
2021-04-26,14,7288,2021-08-03,0
2021-04-27,7,7295,2021-08-03,0
2021-04-28,14,7309,2021-08-03,0
2021-04-29,8,7317,2021-08-03,0
2021-04-30,11,7328,2021-08-03,0
2021-05-01,7,7335,2021-08-03,0
2021-05-02,8,7343,2021-08-03,0
2021-05-03,5,7348,2021-08-03,0
2021-05-04,12,7360,2021-08-03,0
2021-05-05,8,7368,2021-08-03,0
2021-05-06,5,7373,2021-08-03,0
2021-05-07,8,7381,2021-08-03,0
2021-05-08,7,7388,2021-08-03,0
2021-05-09,9,7397,2021-08-03,0
2021-05-10,8,7405,2021-08-03,0
2021-05-11,6,7411,2021-08-03,0
2021-05-12,9,7420,2021-08-03,0
2021-05-13,9,7429,2021-08-03,0
2021-05-14,11,7440,2021-08-03,0
2021-05-15,9,7449,2021-08-03,0
2021-05-16,5,7454,2021-08-03,0
2021-05-17,5,7459,2021-08-03,0
2021-05-18,7,7466,2021-08-03,0
2021-05-19,2,7468,2021-08-03,0
2021-05-20,5,7473,2021-08-03,0
2021-05-21,7,7480,2021-08-03,0
2021-05-22,10,7490,2021-08-03,0
2021-05-23,5,7495,2021-08-03,0
2021-05-24,5,7500,2021-08-03,0
2021-05-25,6,7506,2021-08-03,0
2021-05-26,3,7509,2021-08-03,0
2021-05-27,7,7516,2021-08-03,0
2021-05-28,2,7518,2021-08-03,0
2021-05-29,6,7524,2021-08-03,0
2021-05-30,4,7528,2021-08-03,0
2021-05-31,3,7531,2021-08-03,0
2021-06-01,5,7536,2021-08-03,0
2021-06-02,8,7544,2021-08-03,0
2021-06-03,4,7548,2021-08-03,0
2021-06-04,4,7552,2021-08-03,0
2021-06-05,1,7553,2021-08-03,0
2021-06-06,5,7558,2021-08-03,0
2021-06-07,3,7561,2021-08-03,0
2021-06-08,5,7566,2021-08-03,0
2021-06-09,4,7570,2021-08-03,0
2021-06-10,6,7576,2021-08-03,0
2021-06-11,6,7582,2021-08-03,0
2021-06-12,4,7586,2021-08-03,0
2021-06-13,3,7589,2021-08-03,0
2021-06-14,3,7592,2021-08-03,0
2021-06-15,2,7594,2021-08-03,0
2021-06-16,2,7596,2021-08-03,0
2021-06-17,4,7600,2021-08-03,0
2021-06-18,1,7601,2021-08-03,0
2021-06-19,6,7607,2021-08-03,0
2021-06-20,1,7608,2021-08-03,0
2021-06-21,5,7613,2021-08-03,0
2021-06-22,3,7616,2021-08-03,0
2021-06-23,4,7620,2021-08-03,0
2021-06-24,3,7623,2021-08-03,0
2021-06-25,3,7626,2021-08-03,0
2021-06-26,4,7630,2021-08-03,0
2021-06-27,2,7632,2021-08-03,0
2021-06-28,2,7634,2021-08-03,0
2021-06-29,2,7636,2021-08-03,0
2021-06-30,2,7638,2021-08-03,0
2021-07-01,0,7638,2021-08-03,0
2021-07-02,2,7640,2021-08-03,0
2021-07-03,2,7642,2021-08-03,0
2021-07-04,3,7645,2021-08-03,0
2021-07-05,1,7646,2021-08-03,0
2021-07-06,4,7650,2021-08-03,0
2021-07-07,1,7651,2021-08-03,0
2021-07-08,1,7652,2021-08-03,0
2021-07-09,0,7652,2021-08-03,0
2021-07-10,1,7653,2021-08-03,0
2021-07-11,2,7655,2021-08-03,0
2021-07-12,1,7656,2021-08-03,0
2021-07-13,2,7658,2021-08-03,0
2021-07-14,2,7660,2021-08-03,0
2021-07-15,2,7662,2021-08-03,0
2021-07-16,1,7663,2021-08-03,0
2021-07-17,1,7664,2021-08-03,0
2021-07-18,0,7664,2021-08-03,0
2021-07-19,0,7664,2021-08-03,0
2021-07-20,2,7666,2021-08-03,0
2021-07-21,2,7668,2021-08-03,0
2021-07-22,2,7670,2021-08-03,0
2021-07-23,2,7672,2021-08-03,0
2021-07-24,0,7672,2021-08-03,0
2021-07-25,2,7674,2021-08-03,1
2021-07-26,0,7674,2021-08-03,0
2021-07-27,2,7676,2021-08-03,0
2021-07-28,1,7677,2021-08-03,1
2021-07-29,1,7678,2021-08-03,1
2020-03-19,1,1,2021-08-04,0
2020-03-20,0,1,2021-08-04,0
2020-03-21,0,1,2021-08-04,0
2020-03-22,0,1,2021-08-04,0
2020-03-23,0,1,2021-08-04,0
2020-03-24,1,2,2021-08-04,0
2020-03-25,1,3,2021-08-04,0
2020-03-26,1,4,2021-08-04,0
2020-03-27,5,9,2021-08-04,0
2020-03-28,3,12,2021-08-04,0
2020-03-29,0,12,2021-08-04,0
2020-03-30,5,17,2021-08-04,0
2020-03-31,2,19,2021-08-04,0
2020-04-01,5,24,2021-08-04,0
2020-04-02,3,27,2021-08-04,0
2020-04-03,1,28,2021-08-04,0
2020-04-04,5,33,2021-08-04,0
2020-04-05,5,38,2021-08-04,0
2020-04-06,10,48,2021-08-04,0
2020-04-07,6,54,2021-08-04,0
2020-04-08,7,61,2021-08-04,0
2020-04-09,8,69,2021-08-04,0
2020-04-10,6,75,2021-08-04,0
2020-04-11,4,79,2021-08-04,0
2020-04-12,4,83,2021-08-04,0
2020-04-13,10,93,2021-08-04,0
2020-04-14,6,99,2021-08-04,0
2020-04-15,17,116,2021-08-04,0
2020-04-16,10,126,2021-08-04,0
2020-04-17,17,143,2021-08-04,0
2020-04-18,17,160,2021-08-04,0
2020-04-19,16,176,2021-08-04,0
2020-04-20,21,197,2021-08-04,0
2020-04-21,26,223,2021-08-04,0
2020-04-22,21,244,2021-08-04,0
2020-04-23,19,263,2021-08-04,0
2020-04-24,23,286,2021-08-04,0
2020-04-25,18,304,2021-08-04,0
2020-04-26,17,321,2021-08-04,0
2020-04-27,21,342,2021-08-04,0
2020-04-28,16,358,2021-08-04,0
2020-04-29,29,387,2021-08-04,0
2020-04-30,18,405,2021-08-04,0
2020-05-01,30,435,2021-08-04,0
2020-05-02,19,454,2021-08-04,0
2020-05-03,29,483,2021-08-04,0
2020-05-04,23,506,2021-08-04,0
2020-05-05,19,525,2021-08-04,0
2020-05-06,25,550,2021-08-04,0
2020-05-07,30,580,2021-08-04,0
2020-05-08,20,600,2021-08-04,0
2020-05-09,26,626,2021-08-04,0
2020-05-10,19,645,2021-08-04,0
2020-05-11,25,670,2021-08-04,0
2020-05-12,20,690,2021-08-04,0
2020-05-13,22,712,2021-08-04,0
2020-05-14,20,732,2021-08-04,0
2020-05-15,20,752,2021-08-04,0
2020-05-16,20,772,2021-08-04,0
2020-05-17,23,795,2021-08-04,0
2020-05-18,18,813,2021-08-04,0
2020-05-19,35,848,2021-08-04,0
2020-05-20,24,872,2021-08-04,0
2020-05-21,17,889,2021-08-04,0
2020-05-22,20,909,2021-08-04,0
2020-05-23,26,935,2021-08-04,0
2020-05-24,25,960,2021-08-04,0
2020-05-25,30,990,2021-08-04,0
2020-05-26,29,1019,2021-08-04,0
2020-05-27,25,1044,2021-08-04,0
2020-05-28,21,1065,2021-08-04,0
2020-05-29,17,1082,2021-08-04,0
2020-05-30,11,1093,2021-08-04,0
2020-05-31,20,1113,2021-08-04,0
2020-06-01,23,1136,2021-08-04,0
2020-06-02,21,1157,2021-08-04,0
2020-06-03,25,1182,2021-08-04,0
2020-06-04,26,1208,2021-08-04,0
2020-06-05,18,1226,2021-08-04,0
2020-06-06,12,1238,2021-08-04,0
2020-06-07,22,1260,2021-08-04,0
2020-06-08,12,1272,2021-08-04,0
2020-06-09,13,1285,2021-08-04,0
2020-06-10,10,1295,2021-08-04,0
2020-06-11,12,1307,2021-08-04,0
2020-06-12,11,1318,2021-08-04,0
2020-06-13,13,1331,2021-08-04,0
2020-06-14,11,1342,2021-08-04,0
2020-06-15,8,1350,2021-08-04,0
2020-06-16,8,1358,2021-08-04,0
2020-06-17,17,1375,2021-08-04,0
2020-06-18,9,1384,2021-08-04,0
2020-06-19,8,1392,2021-08-04,0
2020-06-20,12,1404,2021-08-04,0
2020-06-21,11,1415,2021-08-04,0
2020-06-22,6,1421,2021-08-04,0
2020-06-23,10,1431,2021-08-04,0
2020-06-24,1,1432,2021-08-04,0
2020-06-25,9,1441,2021-08-04,0
2020-06-26,6,1447,2021-08-04,0
2020-06-27,5,1452,2021-08-04,0
2020-06-28,11,1463,2021-08-04,0
2020-06-29,7,1470,2021-08-04,0
2020-06-30,9,1479,2021-08-04,0
2020-07-01,2,1481,2021-08-04,0
2020-07-02,3,1484,2021-08-04,0
2020-07-03,5,1489,2021-08-04,0
2020-07-04,4,1493,2021-08-04,0
2020-07-05,6,1499,2021-08-04,0
2020-07-06,4,1503,2021-08-04,0
2020-07-07,2,1505,2021-08-04,0
2020-07-08,9,1514,2021-08-04,0
2020-07-09,4,1518,2021-08-04,0
2020-07-10,3,1521,2021-08-04,0
2020-07-11,4,1525,2021-08-04,0
2020-07-12,6,1531,2021-08-04,0
2020-07-13,2,1533,2021-08-04,0
2020-07-14,6,1539,2021-08-04,0
2020-07-15,7,1546,2021-08-04,0
2020-07-16,3,1549,2021-08-04,0
2020-07-17,7,1556,2021-08-04,0
2020-07-18,6,1562,2021-08-04,0
2020-07-19,5,1567,2021-08-04,0
2020-07-20,3,1570,2021-08-04,0
2020-07-21,6,1576,2021-08-04,0
2020-07-22,5,1581,2021-08-04,0
2020-07-23,8,1589,2021-08-04,0
2020-07-24,6,1595,2021-08-04,0
2020-07-25,2,1597,2021-08-04,0
2020-07-26,5,1602,2021-08-04,0
2020-07-27,5,1607,2021-08-04,0
2020-07-28,7,1614,2021-08-04,0
2020-07-29,3,1617,2021-08-04,0
2020-07-30,6,1623,2021-08-04,0
2020-07-31,9,1632,2021-08-04,0
2020-08-01,4,1636,2021-08-04,0
2020-08-02,7,1643,2021-08-04,0
2020-08-03,4,1647,2021-08-04,0
2020-08-04,7,1654,2021-08-04,0
2020-08-05,8,1662,2021-08-04,0
2020-08-06,9,1671,2021-08-04,0
2020-08-07,7,1678,2021-08-04,0
2020-08-08,6,1684,2021-08-04,0
2020-08-09,10,1694,2021-08-04,0
2020-08-10,3,1697,2021-08-04,0
2020-08-11,9,1706,2021-08-04,0
2020-08-12,7,1713,2021-08-04,0
2020-08-13,5,1718,2021-08-04,0
2020-08-14,9,1727,2021-08-04,0
2020-08-15,13,1740,2021-08-04,0
2020-08-16,13,1753,2021-08-04,0
2020-08-17,6,1759,2021-08-04,0
2020-08-18,11,1770,2021-08-04,0
2020-08-19,3,1773,2021-08-04,0
2020-08-20,10,1783,2021-08-04,0
2020-08-21,12,1795,2021-08-04,0
2020-08-22,9,1804,2021-08-04,0
2020-08-23,7,1811,2021-08-04,0
2020-08-24,9,1820,2021-08-04,0
2020-08-25,4,1824,2021-08-04,0
2020-08-26,3,1827,2021-08-04,0
2020-08-27,7,1834,2021-08-04,0
2020-08-28,6,1840,2021-08-04,0
2020-08-29,3,1843,2021-08-04,0
2020-08-30,5,1848,2021-08-04,0
2020-08-31,9,1857,2021-08-04,0
2020-09-01,2,1859,2021-08-04,0
2020-09-02,7,1866,2021-08-04,0
2020-09-03,12,1878,2021-08-04,0
2020-09-04,4,1882,2021-08-04,0
2020-09-05,6,1888,2021-08-04,0
2020-09-06,12,1900,2021-08-04,0
2020-09-07,3,1903,2021-08-04,0
2020-09-08,6,1909,2021-08-04,0
2020-09-09,10,1919,2021-08-04,0
2020-09-10,9,1928,2021-08-04,0
2020-09-11,11,1939,2021-08-04,0
2020-09-12,8,1947,2021-08-04,0
2020-09-13,8,1955,2021-08-04,0
2020-09-14,2,1957,2021-08-04,0
2020-09-15,6,1963,2021-08-04,0
2020-09-16,9,1972,2021-08-04,0
2020-09-17,5,1977,2021-08-04,0
2020-09-18,6,1983,2021-08-04,0
2020-09-19,4,1987,2021-08-04,0
2020-09-20,9,1996,2021-08-04,0
2020-09-21,7,2003,2021-08-04,0
2020-09-22,8,2011,2021-08-04,0
2020-09-23,9,2020,2021-08-04,0
2020-09-24,7,2027,2021-08-04,0
2020-09-25,11,2038,2021-08-04,0
2020-09-26,9,2047,2021-08-04,0
2020-09-27,14,2061,2021-08-04,0
2020-09-28,11,2072,2021-08-04,0
2020-09-29,5,2077,2021-08-04,0
2020-09-30,16,2093,2021-08-04,0
2020-10-01,7,2100,2021-08-04,0
2020-10-02,13,2113,2021-08-04,0
2020-10-03,9,2122,2021-08-04,0
2020-10-04,7,2129,2021-08-04,0
2020-10-05,10,2139,2021-08-04,0
2020-10-06,12,2151,2021-08-04,0
2020-10-07,19,2170,2021-08-04,0
2020-10-08,9,2179,2021-08-04,0
2020-10-09,17,2196,2021-08-04,0
2020-10-10,16,2212,2021-08-04,0
2020-10-11,16,2228,2021-08-04,0
2020-10-12,20,2248,2021-08-04,0
2020-10-13,14,2262,2021-08-04,0
2020-10-14,10,2272,2021-08-04,0
2020-10-15,9,2281,2021-08-04,0
2020-10-16,12,2293,2021-08-04,0
2020-10-17,18,2311,2021-08-04,0
2020-10-18,25,2336,2021-08-04,0
2020-10-19,18,2354,2021-08-04,0
2020-10-20,15,2369,2021-08-04,0
2020-10-21,24,2393,2021-08-04,0
2020-10-22,18,2411,2021-08-04,0
2020-10-23,19,2430,2021-08-04,0
2020-10-24,8,2438,2021-08-04,0
2020-10-25,17,2455,2021-08-04,0
2020-10-26,25,2480,2021-08-04,0
2020-10-27,23,2503,2021-08-04,0
2020-10-28,29,2532,2021-08-04,0
2020-10-29,18,2550,2021-08-04,0
2020-10-30,27,2577,2021-08-04,0
2020-10-31,25,2602,2021-08-04,0
2020-11-01,21,2623,2021-08-04,0
2020-11-02,25,2648,2021-08-04,0
2020-11-03,25,2673,2021-08-04,0
2020-11-04,33,2706,2021-08-04,0
2020-11-05,37,2743,2021-08-04,0
2020-11-06,39,2782,2021-08-04,0
2020-11-07,42,2824,2021-08-04,0
2020-11-08,47,2871,2021-08-04,0
2020-11-09,36,2907,2021-08-04,0
2020-11-10,35,2942,2021-08-04,0
2020-11-11,43,2985,2021-08-04,0
2020-11-12,45,3030,2021-08-04,0
2020-11-13,40,3070,2021-08-04,0
2020-11-14,47,3117,2021-08-04,0
2020-11-15,46,3163,2021-08-04,0
2020-11-16,62,3225,2021-08-04,0
2020-11-17,56,3281,2021-08-04,0
2020-11-18,61,3342,2021-08-04,0
2020-11-19,60,3402,2021-08-04,0
2020-11-20,63,3465,2021-08-04,0
2020-11-21,58,3523,2021-08-04,0
2020-11-22,67,3590,2021-08-04,0
2020-11-23,59,3649,2021-08-04,0
2020-11-24,68,3717,2021-08-04,0
2020-11-25,72,3789,2021-08-04,0
2020-11-26,54,3843,2021-08-04,0
2020-11-27,69,3912,2021-08-04,0
2020-11-28,60,3972,2021-08-04,0
2020-11-29,68,4040,2021-08-04,0
2020-11-30,60,4100,2021-08-04,0
2020-12-01,63,4163,2021-08-04,0
2020-12-02,73,4236,2021-08-04,0
2020-12-03,86,4322,2021-08-04,0
2020-12-04,67,4389,2021-08-04,0
2020-12-05,74,4463,2021-08-04,0
2020-12-06,80,4543,2021-08-04,0
2020-12-07,75,4618,2021-08-04,0
2020-12-08,61,4679,2021-08-04,0
2020-12-09,71,4750,2021-08-04,0
2020-12-10,71,4821,2021-08-04,0
2020-12-11,70,4891,2021-08-04,0
2020-12-12,71,4962,2021-08-04,0
2020-12-13,55,5017,2021-08-04,0
2020-12-14,43,5060,2021-08-04,0
2020-12-15,65,5125,2021-08-04,0
2020-12-16,70,5195,2021-08-04,0
2020-12-17,60,5255,2021-08-04,0
2020-12-18,59,5314,2021-08-04,0
2020-12-19,56,5370,2021-08-04,0
2020-12-20,59,5429,2021-08-04,0
2020-12-21,58,5487,2021-08-04,0
2020-12-22,33,5520,2021-08-04,0
2020-12-23,44,5564,2021-08-04,0
2020-12-24,50,5614,2021-08-04,0
2020-12-25,36,5650,2021-08-04,0
2020-12-26,43,5693,2021-08-04,0
2020-12-27,41,5734,2021-08-04,0
2020-12-28,33,5767,2021-08-04,0
2020-12-29,36,5803,2021-08-04,0
2020-12-30,47,5850,2021-08-04,0
2020-12-31,36,5886,2021-08-04,0
2021-01-01,28,5914,2021-08-04,0
2021-01-02,46,5960,2021-08-04,0
2021-01-03,36,5996,2021-08-04,0
2021-01-04,31,6027,2021-08-04,0
2021-01-05,40,6067,2021-08-04,0
2021-01-06,32,6099,2021-08-04,0
2021-01-07,37,6136,2021-08-04,0
2021-01-08,32,6168,2021-08-04,0
2021-01-09,25,6193,2021-08-04,0
2021-01-10,29,6222,2021-08-04,0
2021-01-11,26,6248,2021-08-04,0
2021-01-12,32,6280,2021-08-04,0
2021-01-13,23,6303,2021-08-04,0
2021-01-14,41,6344,2021-08-04,0
2021-01-15,26,6370,2021-08-04,0
2021-01-16,28,6398,2021-08-04,0
2021-01-17,21,6419,2021-08-04,0
2021-01-18,19,6438,2021-08-04,0
2021-01-19,14,6452,2021-08-04,0
2021-01-20,26,6478,2021-08-04,0
2021-01-21,16,6494,2021-08-04,0
2021-01-22,13,6507,2021-08-04,0
2021-01-23,17,6524,2021-08-04,0
2021-01-24,24,6548,2021-08-04,0
2021-01-25,17,6565,2021-08-04,0
2021-01-26,21,6586,2021-08-04,0
2021-01-27,11,6597,2021-08-04,0
2021-01-28,12,6609,2021-08-04,0
2021-01-29,15,6624,2021-08-04,0
2021-01-30,13,6637,2021-08-04,0
2021-01-31,16,6653,2021-08-04,0
2021-02-01,16,6669,2021-08-04,0
2021-02-02,10,6679,2021-08-04,0
2021-02-03,11,6690,2021-08-04,0
2021-02-04,11,6701,2021-08-04,0
2021-02-05,10,6711,2021-08-04,0
2021-02-06,12,6723,2021-08-04,0
2021-02-07,18,6741,2021-08-04,0
2021-02-08,11,6752,2021-08-04,0
2021-02-09,14,6766,2021-08-04,0
2021-02-10,12,6778,2021-08-04,0
2021-02-11,7,6785,2021-08-04,0
2021-02-12,12,6797,2021-08-04,0
2021-02-13,8,6805,2021-08-04,0
2021-02-14,9,6814,2021-08-04,0
2021-02-15,9,6823,2021-08-04,0
2021-02-16,12,6835,2021-08-04,2
2021-02-17,10,6845,2021-08-04,1
2021-02-18,7,6852,2021-08-04,0
2021-02-19,6,6858,2021-08-04,0
2021-02-20,6,6864,2021-08-04,0
2021-02-21,3,6867,2021-08-04,0
2021-02-22,5,6872,2021-08-04,0
2021-02-23,8,6880,2021-08-04,0
2021-02-24,4,6884,2021-08-04,0
2021-02-25,5,6889,2021-08-04,0
2021-02-26,5,6894,2021-08-04,0
2021-02-27,5,6899,2021-08-04,0
2021-02-28,8,6907,2021-08-04,0
2021-03-01,7,6914,2021-08-04,0
2021-03-02,1,6915,2021-08-04,0
2021-03-03,9,6924,2021-08-04,0
2021-03-04,6,6930,2021-08-04,0
2021-03-05,10,6940,2021-08-04,0
2021-03-06,5,6945,2021-08-04,0
2021-03-07,9,6954,2021-08-04,0
2021-03-08,5,6959,2021-08-04,0
2021-03-09,7,6966,2021-08-04,0
2021-03-10,2,6968,2021-08-04,0
2021-03-11,3,6971,2021-08-04,0
2021-03-12,10,6981,2021-08-04,0
2021-03-13,5,6986,2021-08-04,0
2021-03-14,4,6990,2021-08-04,0
2021-03-15,2,6992,2021-08-04,0
2021-03-16,4,6996,2021-08-04,0
2021-03-17,4,7000,2021-08-04,0
2021-03-18,5,7005,2021-08-04,0
2021-03-19,5,7010,2021-08-04,0
2021-03-20,9,7019,2021-08-04,0
2021-03-21,5,7024,2021-08-04,0
2021-03-22,4,7028,2021-08-04,0
2021-03-23,5,7033,2021-08-04,0
2021-03-24,0,7033,2021-08-04,0
2021-03-25,5,7038,2021-08-04,0
2021-03-26,3,7041,2021-08-04,0
2021-03-27,7,7048,2021-08-04,0
2021-03-28,6,7054,2021-08-04,0
2021-03-29,5,7059,2021-08-04,0
2021-03-30,6,7065,2021-08-04,0
2021-03-31,8,7073,2021-08-04,0
2021-04-01,6,7079,2021-08-04,0
2021-04-02,9,7088,2021-08-04,0
2021-04-03,8,7096,2021-08-04,0
2021-04-04,6,7102,2021-08-04,0
2021-04-05,8,7110,2021-08-04,0
2021-04-06,6,7116,2021-08-04,0
2021-04-07,6,7122,2021-08-04,0
2021-04-08,10,7132,2021-08-04,0
2021-04-09,6,7138,2021-08-04,0
2021-04-10,7,7145,2021-08-04,0
2021-04-11,8,7153,2021-08-04,0
2021-04-12,9,7162,2021-08-04,0
2021-04-13,6,7168,2021-08-04,0
2021-04-14,8,7176,2021-08-04,0
2021-04-15,14,7190,2021-08-04,0
2021-04-16,8,7198,2021-08-04,0
2021-04-17,7,7205,2021-08-04,0
2021-04-18,8,7213,2021-08-04,0
2021-04-19,9,7222,2021-08-04,0
2021-04-20,5,7227,2021-08-04,0
2021-04-21,8,7235,2021-08-04,0
2021-04-22,1,7236,2021-08-04,0
2021-04-23,15,7251,2021-08-04,0
2021-04-24,11,7262,2021-08-04,0
2021-04-25,15,7277,2021-08-04,0
2021-04-26,14,7291,2021-08-04,0
2021-04-27,7,7298,2021-08-04,0
2021-04-28,14,7312,2021-08-04,0
2021-04-29,8,7320,2021-08-04,0
2021-04-30,11,7331,2021-08-04,0
2021-05-01,7,7338,2021-08-04,0
2021-05-02,8,7346,2021-08-04,0
2021-05-03,5,7351,2021-08-04,0
2021-05-04,12,7363,2021-08-04,0
2021-05-05,8,7371,2021-08-04,0
2021-05-06,5,7376,2021-08-04,0
2021-05-07,8,7384,2021-08-04,0
2021-05-08,7,7391,2021-08-04,0
2021-05-09,9,7400,2021-08-04,0
2021-05-10,8,7408,2021-08-04,0
2021-05-11,6,7414,2021-08-04,0
2021-05-12,9,7423,2021-08-04,0
2021-05-13,9,7432,2021-08-04,0
2021-05-14,11,7443,2021-08-04,0
2021-05-15,9,7452,2021-08-04,0
2021-05-16,5,7457,2021-08-04,0
2021-05-17,5,7462,2021-08-04,0
2021-05-18,7,7469,2021-08-04,0
2021-05-19,2,7471,2021-08-04,0
2021-05-20,5,7476,2021-08-04,0
2021-05-21,7,7483,2021-08-04,0
2021-05-22,10,7493,2021-08-04,0
2021-05-23,5,7498,2021-08-04,0
2021-05-24,5,7503,2021-08-04,0
2021-05-25,6,7509,2021-08-04,0
2021-05-26,3,7512,2021-08-04,0
2021-05-27,7,7519,2021-08-04,0
2021-05-28,2,7521,2021-08-04,0
2021-05-29,6,7527,2021-08-04,0
2021-05-30,4,7531,2021-08-04,0
2021-05-31,3,7534,2021-08-04,0
2021-06-01,5,7539,2021-08-04,0
2021-06-02,8,7547,2021-08-04,0
2021-06-03,4,7551,2021-08-04,0
2021-06-04,4,7555,2021-08-04,0
2021-06-05,1,7556,2021-08-04,0
2021-06-06,5,7561,2021-08-04,0
2021-06-07,3,7564,2021-08-04,0
2021-06-08,5,7569,2021-08-04,0
2021-06-09,4,7573,2021-08-04,0
2021-06-10,6,7579,2021-08-04,0
2021-06-11,6,7585,2021-08-04,0
2021-06-12,4,7589,2021-08-04,0
2021-06-13,3,7592,2021-08-04,0
2021-06-14,3,7595,2021-08-04,0
2021-06-15,2,7597,2021-08-04,0
2021-06-16,2,7599,2021-08-04,0
2021-06-17,4,7603,2021-08-04,0
2021-06-18,1,7604,2021-08-04,0
2021-06-19,6,7610,2021-08-04,0
2021-06-20,1,7611,2021-08-04,0
2021-06-21,5,7616,2021-08-04,0
2021-06-22,3,7619,2021-08-04,0
2021-06-23,4,7623,2021-08-04,0
2021-06-24,3,7626,2021-08-04,0
2021-06-25,3,7629,2021-08-04,0
2021-06-26,4,7633,2021-08-04,0
2021-06-27,2,7635,2021-08-04,0
2021-06-28,2,7637,2021-08-04,0
2021-06-29,2,7639,2021-08-04,0
2021-06-30,2,7641,2021-08-04,0
2021-07-01,0,7641,2021-08-04,0
2021-07-02,2,7643,2021-08-04,0
2021-07-03,2,7645,2021-08-04,0
2021-07-04,3,7648,2021-08-04,0
2021-07-05,1,7649,2021-08-04,0
2021-07-06,4,7653,2021-08-04,0
2021-07-07,1,7654,2021-08-04,0
2021-07-08,1,7655,2021-08-04,0
2021-07-09,0,7655,2021-08-04,0
2021-07-10,1,7656,2021-08-04,0
2021-07-11,2,7658,2021-08-04,0
2021-07-12,1,7659,2021-08-04,0
2021-07-13,2,7661,2021-08-04,0
2021-07-14,2,7663,2021-08-04,0
2021-07-15,2,7665,2021-08-04,0
2021-07-16,1,7666,2021-08-04,0
2021-07-17,1,7667,2021-08-04,0
2021-07-18,0,7667,2021-08-04,0
2021-07-19,0,7667,2021-08-04,0
2021-07-20,2,7669,2021-08-04,0
2021-07-21,2,7671,2021-08-04,0
2021-07-22,2,7673,2021-08-04,0
2021-07-23,2,7675,2021-08-04,0
2021-07-24,0,7675,2021-08-04,0
2021-07-25,2,7677,2021-08-04,0
2021-07-26,0,7677,2021-08-04,0
2021-07-27,2,7679,2021-08-04,0
2021-07-28,1,7680,2021-08-04,0
2021-07-29,1,7681,2021-08-04,0
2021-07-30,2,7683,2021-08-04,2
2020-03-19,1,1,2021-08-05,0
2020-03-20,0,1,2021-08-05,0
2020-03-21,0,1,2021-08-05,0
2020-03-22,0,1,2021-08-05,0
2020-03-23,0,1,2021-08-05,0
2020-03-24,1,2,2021-08-05,0
2020-03-25,1,3,2021-08-05,0
2020-03-26,1,4,2021-08-05,0
2020-03-27,5,9,2021-08-05,0
2020-03-28,3,12,2021-08-05,0
2020-03-29,0,12,2021-08-05,0
2020-03-30,5,17,2021-08-05,0
2020-03-31,2,19,2021-08-05,0
2020-04-01,5,24,2021-08-05,0
2020-04-02,3,27,2021-08-05,0
2020-04-03,1,28,2021-08-05,0
2020-04-04,5,33,2021-08-05,0
2020-04-05,5,38,2021-08-05,0
2020-04-06,10,48,2021-08-05,0
2020-04-07,6,54,2021-08-05,0
2020-04-08,7,61,2021-08-05,0
2020-04-09,8,69,2021-08-05,0
2020-04-10,6,75,2021-08-05,0
2020-04-11,4,79,2021-08-05,0
2020-04-12,4,83,2021-08-05,0
2020-04-13,10,93,2021-08-05,0
2020-04-14,6,99,2021-08-05,0
2020-04-15,17,116,2021-08-05,0
2020-04-16,10,126,2021-08-05,0
2020-04-17,17,143,2021-08-05,0
2020-04-18,17,160,2021-08-05,0
2020-04-19,16,176,2021-08-05,0
2020-04-20,21,197,2021-08-05,0
2020-04-21,26,223,2021-08-05,0
2020-04-22,21,244,2021-08-05,0
2020-04-23,19,263,2021-08-05,0
2020-04-24,23,286,2021-08-05,0
2020-04-25,18,304,2021-08-05,0
2020-04-26,17,321,2021-08-05,0
2020-04-27,21,342,2021-08-05,0
2020-04-28,16,358,2021-08-05,0
2020-04-29,29,387,2021-08-05,0
2020-04-30,18,405,2021-08-05,0
2020-05-01,30,435,2021-08-05,0
2020-05-02,19,454,2021-08-05,0
2020-05-03,29,483,2021-08-05,0
2020-05-04,23,506,2021-08-05,0
2020-05-05,19,525,2021-08-05,0
2020-05-06,25,550,2021-08-05,0
2020-05-07,30,580,2021-08-05,0
2020-05-08,20,600,2021-08-05,0
2020-05-09,26,626,2021-08-05,0
2020-05-10,19,645,2021-08-05,0
2020-05-11,25,670,2021-08-05,0
2020-05-12,20,690,2021-08-05,0
2020-05-13,22,712,2021-08-05,0
2020-05-14,20,732,2021-08-05,0
2020-05-15,20,752,2021-08-05,0
2020-05-16,20,772,2021-08-05,0
2020-05-17,23,795,2021-08-05,0
2020-05-18,18,813,2021-08-05,0
2020-05-19,35,848,2021-08-05,0
2020-05-20,24,872,2021-08-05,0
2020-05-21,17,889,2021-08-05,0
2020-05-22,20,909,2021-08-05,0
2020-05-23,26,935,2021-08-05,0
2020-05-24,25,960,2021-08-05,0
2020-05-25,30,990,2021-08-05,0
2020-05-26,29,1019,2021-08-05,0
2020-05-27,25,1044,2021-08-05,0
2020-05-28,21,1065,2021-08-05,0
2020-05-29,17,1082,2021-08-05,0
2020-05-30,11,1093,2021-08-05,0
2020-05-31,20,1113,2021-08-05,0
2020-06-01,23,1136,2021-08-05,0
2020-06-02,21,1157,2021-08-05,0
2020-06-03,25,1182,2021-08-05,0
2020-06-04,26,1208,2021-08-05,0
2020-06-05,18,1226,2021-08-05,0
2020-06-06,12,1238,2021-08-05,0
2020-06-07,22,1260,2021-08-05,0
2020-06-08,12,1272,2021-08-05,0
2020-06-09,13,1285,2021-08-05,0
2020-06-10,10,1295,2021-08-05,0
2020-06-11,12,1307,2021-08-05,0
2020-06-12,11,1318,2021-08-05,0
2020-06-13,13,1331,2021-08-05,0
2020-06-14,11,1342,2021-08-05,0
2020-06-15,8,1350,2021-08-05,0
2020-06-16,8,1358,2021-08-05,0
2020-06-17,17,1375,2021-08-05,0
2020-06-18,9,1384,2021-08-05,0
2020-06-19,8,1392,2021-08-05,0
2020-06-20,12,1404,2021-08-05,0
2020-06-21,11,1415,2021-08-05,0
2020-06-22,6,1421,2021-08-05,0
2020-06-23,10,1431,2021-08-05,0
2020-06-24,1,1432,2021-08-05,0
2020-06-25,9,1441,2021-08-05,0
2020-06-26,6,1447,2021-08-05,0
2020-06-27,5,1452,2021-08-05,0
2020-06-28,11,1463,2021-08-05,0
2020-06-29,7,1470,2021-08-05,0
2020-06-30,9,1479,2021-08-05,0
2020-07-01,2,1481,2021-08-05,0
2020-07-02,3,1484,2021-08-05,0
2020-07-03,5,1489,2021-08-05,0
2020-07-04,4,1493,2021-08-05,0
2020-07-05,6,1499,2021-08-05,0
2020-07-06,4,1503,2021-08-05,0
2020-07-07,2,1505,2021-08-05,0
2020-07-08,9,1514,2021-08-05,0
2020-07-09,4,1518,2021-08-05,0
2020-07-10,3,1521,2021-08-05,0
2020-07-11,4,1525,2021-08-05,0
2020-07-12,6,1531,2021-08-05,0
2020-07-13,2,1533,2021-08-05,0
2020-07-14,6,1539,2021-08-05,0
2020-07-15,7,1546,2021-08-05,0
2020-07-16,3,1549,2021-08-05,0
2020-07-17,7,1556,2021-08-05,0
2020-07-18,6,1562,2021-08-05,0
2020-07-19,5,1567,2021-08-05,0
2020-07-20,3,1570,2021-08-05,0
2020-07-21,6,1576,2021-08-05,0
2020-07-22,5,1581,2021-08-05,0
2020-07-23,8,1589,2021-08-05,0
2020-07-24,6,1595,2021-08-05,0
2020-07-25,2,1597,2021-08-05,0
2020-07-26,5,1602,2021-08-05,0
2020-07-27,5,1607,2021-08-05,0
2020-07-28,7,1614,2021-08-05,0
2020-07-29,3,1617,2021-08-05,0
2020-07-30,6,1623,2021-08-05,0
2020-07-31,9,1632,2021-08-05,0
2020-08-01,4,1636,2021-08-05,0
2020-08-02,7,1643,2021-08-05,0
2020-08-03,4,1647,2021-08-05,0
2020-08-04,7,1654,2021-08-05,0
2020-08-05,8,1662,2021-08-05,0
2020-08-06,9,1671,2021-08-05,0
2020-08-07,7,1678,2021-08-05,0
2020-08-08,6,1684,2021-08-05,0
2020-08-09,10,1694,2021-08-05,0
2020-08-10,3,1697,2021-08-05,0
2020-08-11,9,1706,2021-08-05,0
2020-08-12,7,1713,2021-08-05,0
2020-08-13,5,1718,2021-08-05,0
2020-08-14,9,1727,2021-08-05,0
2020-08-15,13,1740,2021-08-05,0
2020-08-16,13,1753,2021-08-05,0
2020-08-17,6,1759,2021-08-05,0
2020-08-18,11,1770,2021-08-05,0
2020-08-19,3,1773,2021-08-05,0
2020-08-20,10,1783,2021-08-05,0
2020-08-21,12,1795,2021-08-05,0
2020-08-22,9,1804,2021-08-05,0
2020-08-23,7,1811,2021-08-05,0
2020-08-24,9,1820,2021-08-05,0
2020-08-25,4,1824,2021-08-05,0
2020-08-26,3,1827,2021-08-05,0
2020-08-27,7,1834,2021-08-05,0
2020-08-28,6,1840,2021-08-05,0
2020-08-29,3,1843,2021-08-05,0
2020-08-30,5,1848,2021-08-05,0
2020-08-31,9,1857,2021-08-05,0
2020-09-01,2,1859,2021-08-05,0
2020-09-02,7,1866,2021-08-05,0
2020-09-03,12,1878,2021-08-05,0
2020-09-04,4,1882,2021-08-05,0
2020-09-05,6,1888,2021-08-05,0
2020-09-06,12,1900,2021-08-05,0
2020-09-07,3,1903,2021-08-05,0
2020-09-08,6,1909,2021-08-05,0
2020-09-09,10,1919,2021-08-05,0
2020-09-10,9,1928,2021-08-05,0
2020-09-11,11,1939,2021-08-05,0
2020-09-12,8,1947,2021-08-05,0
2020-09-13,8,1955,2021-08-05,0
2020-09-14,2,1957,2021-08-05,0
2020-09-15,6,1963,2021-08-05,0
2020-09-16,9,1972,2021-08-05,0
2020-09-17,5,1977,2021-08-05,0
2020-09-18,6,1983,2021-08-05,0
2020-09-19,4,1987,2021-08-05,0
2020-09-20,9,1996,2021-08-05,0
2020-09-21,7,2003,2021-08-05,0
2020-09-22,8,2011,2021-08-05,0
2020-09-23,9,2020,2021-08-05,0
2020-09-24,7,2027,2021-08-05,0
2020-09-25,11,2038,2021-08-05,0
2020-09-26,9,2047,2021-08-05,0
2020-09-27,14,2061,2021-08-05,0
2020-09-28,11,2072,2021-08-05,0
2020-09-29,5,2077,2021-08-05,0
2020-09-30,16,2093,2021-08-05,0
2020-10-01,7,2100,2021-08-05,0
2020-10-02,13,2113,2021-08-05,0
2020-10-03,9,2122,2021-08-05,0
2020-10-04,7,2129,2021-08-05,0
2020-10-05,10,2139,2021-08-05,0
2020-10-06,12,2151,2021-08-05,0
2020-10-07,19,2170,2021-08-05,0
2020-10-08,9,2179,2021-08-05,0
2020-10-09,17,2196,2021-08-05,0
2020-10-10,16,2212,2021-08-05,0
2020-10-11,16,2228,2021-08-05,0
2020-10-12,20,2248,2021-08-05,0
2020-10-13,14,2262,2021-08-05,0
2020-10-14,10,2272,2021-08-05,0
2020-10-15,9,2281,2021-08-05,0
2020-10-16,12,2293,2021-08-05,0
2020-10-17,18,2311,2021-08-05,0
2020-10-18,25,2336,2021-08-05,0
2020-10-19,18,2354,2021-08-05,0
2020-10-20,15,2369,2021-08-05,0
2020-10-21,24,2393,2021-08-05,0
2020-10-22,18,2411,2021-08-05,0
2020-10-23,19,2430,2021-08-05,0
2020-10-24,8,2438,2021-08-05,0
2020-10-25,17,2455,2021-08-05,0
2020-10-26,25,2480,2021-08-05,0
2020-10-27,23,2503,2021-08-05,0
2020-10-28,29,2532,2021-08-05,0
2020-10-29,18,2550,2021-08-05,0
2020-10-30,27,2577,2021-08-05,0
2020-10-31,25,2602,2021-08-05,0
2020-11-01,21,2623,2021-08-05,0
2020-11-02,25,2648,2021-08-05,0
2020-11-03,25,2673,2021-08-05,0
2020-11-04,33,2706,2021-08-05,0
2020-11-05,37,2743,2021-08-05,0
2020-11-06,39,2782,2021-08-05,0
2020-11-07,42,2824,2021-08-05,0
2020-11-08,47,2871,2021-08-05,0
2020-11-09,36,2907,2021-08-05,0
2020-11-10,35,2942,2021-08-05,0
2020-11-11,43,2985,2021-08-05,0
2020-11-12,45,3030,2021-08-05,0
2020-11-13,40,3070,2021-08-05,0
2020-11-14,47,3117,2021-08-05,0
2020-11-15,46,3163,2021-08-05,0
2020-11-16,62,3225,2021-08-05,0
2020-11-17,56,3281,2021-08-05,0
2020-11-18,61,3342,2021-08-05,0
2020-11-19,60,3402,2021-08-05,0
2020-11-20,63,3465,2021-08-05,0
2020-11-21,58,3523,2021-08-05,0
2020-11-22,67,3590,2021-08-05,0
2020-11-23,59,3649,2021-08-05,0
2020-11-24,68,3717,2021-08-05,0
2020-11-25,72,3789,2021-08-05,0
2020-11-26,54,3843,2021-08-05,0
2020-11-27,69,3912,2021-08-05,0
2020-11-28,60,3972,2021-08-05,0
2020-11-29,68,4040,2021-08-05,0
2020-11-30,60,4100,2021-08-05,0
2020-12-01,63,4163,2021-08-05,0
2020-12-02,73,4236,2021-08-05,0
2020-12-03,86,4322,2021-08-05,0
2020-12-04,67,4389,2021-08-05,0
2020-12-05,74,4463,2021-08-05,0
2020-12-06,80,4543,2021-08-05,0
2020-12-07,75,4618,2021-08-05,0
2020-12-08,61,4679,2021-08-05,0
2020-12-09,71,4750,2021-08-05,0
2020-12-10,71,4821,2021-08-05,0
2020-12-11,70,4891,2021-08-05,0
2020-12-12,71,4962,2021-08-05,0
2020-12-13,55,5017,2021-08-05,0
2020-12-14,43,5060,2021-08-05,0
2020-12-15,65,5125,2021-08-05,0
2020-12-16,70,5195,2021-08-05,0
2020-12-17,60,5255,2021-08-05,0
2020-12-18,59,5314,2021-08-05,0
2020-12-19,56,5370,2021-08-05,0
2020-12-20,59,5429,2021-08-05,0
2020-12-21,58,5487,2021-08-05,0
2020-12-22,33,5520,2021-08-05,0
2020-12-23,44,5564,2021-08-05,0
2020-12-24,50,5614,2021-08-05,0
2020-12-25,36,5650,2021-08-05,0
2020-12-26,43,5693,2021-08-05,0
2020-12-27,41,5734,2021-08-05,0
2020-12-28,33,5767,2021-08-05,0
2020-12-29,36,5803,2021-08-05,0
2020-12-30,47,5850,2021-08-05,0
2020-12-31,36,5886,2021-08-05,0
2021-01-01,28,5914,2021-08-05,0
2021-01-02,46,5960,2021-08-05,0
2021-01-03,36,5996,2021-08-05,0
2021-01-04,31,6027,2021-08-05,0
2021-01-05,40,6067,2021-08-05,0
2021-01-06,32,6099,2021-08-05,0
2021-01-07,37,6136,2021-08-05,0
2021-01-08,32,6168,2021-08-05,0
2021-01-09,25,6193,2021-08-05,0
2021-01-10,29,6222,2021-08-05,0
2021-01-11,26,6248,2021-08-05,0
2021-01-12,32,6280,2021-08-05,0
2021-01-13,23,6303,2021-08-05,0
2021-01-14,41,6344,2021-08-05,0
2021-01-15,26,6370,2021-08-05,0
2021-01-16,28,6398,2021-08-05,0
2021-01-17,21,6419,2021-08-05,0
2021-01-18,19,6438,2021-08-05,0
2021-01-19,14,6452,2021-08-05,0
2021-01-20,26,6478,2021-08-05,0
2021-01-21,16,6494,2021-08-05,0
2021-01-22,13,6507,2021-08-05,0
2021-01-23,17,6524,2021-08-05,0
2021-01-24,24,6548,2021-08-05,0
2021-01-25,17,6565,2021-08-05,0
2021-01-26,21,6586,2021-08-05,0
2021-01-27,11,6597,2021-08-05,0
2021-01-28,12,6609,2021-08-05,0
2021-01-29,15,6624,2021-08-05,0
2021-01-30,13,6637,2021-08-05,0
2021-01-31,16,6653,2021-08-05,0
2021-02-01,16,6669,2021-08-05,0
2021-02-02,10,6679,2021-08-05,0
2021-02-03,11,6690,2021-08-05,0
2021-02-04,11,6701,2021-08-05,0
2021-02-05,10,6711,2021-08-05,0
2021-02-06,12,6723,2021-08-05,0
2021-02-07,18,6741,2021-08-05,0
2021-02-08,11,6752,2021-08-05,0
2021-02-09,14,6766,2021-08-05,0
2021-02-10,12,6778,2021-08-05,0
2021-02-11,7,6785,2021-08-05,0
2021-02-12,12,6797,2021-08-05,0
2021-02-13,8,6805,2021-08-05,0
2021-02-14,9,6814,2021-08-05,0
2021-02-15,9,6823,2021-08-05,0
2021-02-16,12,6835,2021-08-05,0
2021-02-17,10,6845,2021-08-05,0
2021-02-18,7,6852,2021-08-05,0
2021-02-19,6,6858,2021-08-05,0
2021-02-20,7,6865,2021-08-05,1
2021-02-21,4,6869,2021-08-05,1
2021-02-22,5,6874,2021-08-05,0
2021-02-23,8,6882,2021-08-05,0
2021-02-24,4,6886,2021-08-05,0
2021-02-25,5,6891,2021-08-05,0
2021-02-26,5,6896,2021-08-05,0
2021-02-27,5,6901,2021-08-05,0
2021-02-28,8,6909,2021-08-05,0
2021-03-01,7,6916,2021-08-05,0
2021-03-02,1,6917,2021-08-05,0
2021-03-03,9,6926,2021-08-05,0
2021-03-04,6,6932,2021-08-05,0
2021-03-05,10,6942,2021-08-05,0
2021-03-06,5,6947,2021-08-05,0
2021-03-07,9,6956,2021-08-05,0
2021-03-08,5,6961,2021-08-05,0
2021-03-09,7,6968,2021-08-05,0
2021-03-10,2,6970,2021-08-05,0
2021-03-11,3,6973,2021-08-05,0
2021-03-12,10,6983,2021-08-05,0
2021-03-13,5,6988,2021-08-05,0
2021-03-14,4,6992,2021-08-05,0
2021-03-15,2,6994,2021-08-05,0
2021-03-16,4,6998,2021-08-05,0
2021-03-17,4,7002,2021-08-05,0
2021-03-18,5,7007,2021-08-05,0
2021-03-19,5,7012,2021-08-05,0
2021-03-20,9,7021,2021-08-05,0
2021-03-21,5,7026,2021-08-05,0
2021-03-22,4,7030,2021-08-05,0
2021-03-23,5,7035,2021-08-05,0
2021-03-24,0,7035,2021-08-05,0
2021-03-25,5,7040,2021-08-05,0
2021-03-26,3,7043,2021-08-05,0
2021-03-27,7,7050,2021-08-05,0
2021-03-28,6,7056,2021-08-05,0
2021-03-29,5,7061,2021-08-05,0
2021-03-30,6,7067,2021-08-05,0
2021-03-31,8,7075,2021-08-05,0
2021-04-01,6,7081,2021-08-05,0
2021-04-02,9,7090,2021-08-05,0
2021-04-03,8,7098,2021-08-05,0
2021-04-04,6,7104,2021-08-05,0
2021-04-05,8,7112,2021-08-05,0
2021-04-06,6,7118,2021-08-05,0
2021-04-07,6,7124,2021-08-05,0
2021-04-08,10,7134,2021-08-05,0
2021-04-09,6,7140,2021-08-05,0
2021-04-10,7,7147,2021-08-05,0
2021-04-11,8,7155,2021-08-05,0
2021-04-12,9,7164,2021-08-05,0
2021-04-13,6,7170,2021-08-05,0
2021-04-14,8,7178,2021-08-05,0
2021-04-15,14,7192,2021-08-05,0
2021-04-16,8,7200,2021-08-05,0
2021-04-17,8,7208,2021-08-05,1
2021-04-18,8,7216,2021-08-05,0
2021-04-19,9,7225,2021-08-05,0
2021-04-20,5,7230,2021-08-05,0
2021-04-21,8,7238,2021-08-05,0
2021-04-22,1,7239,2021-08-05,0
2021-04-23,15,7254,2021-08-05,0
2021-04-24,11,7265,2021-08-05,0
2021-04-25,15,7280,2021-08-05,0
2021-04-26,14,7294,2021-08-05,0
2021-04-27,7,7301,2021-08-05,0
2021-04-28,14,7315,2021-08-05,0
2021-04-29,8,7323,2021-08-05,0
2021-04-30,11,7334,2021-08-05,0
2021-05-01,7,7341,2021-08-05,0
2021-05-02,8,7349,2021-08-05,0
2021-05-03,5,7354,2021-08-05,0
2021-05-04,12,7366,2021-08-05,0
2021-05-05,8,7374,2021-08-05,0
2021-05-06,5,7379,2021-08-05,0
2021-05-07,8,7387,2021-08-05,0
2021-05-08,7,7394,2021-08-05,0
2021-05-09,9,7403,2021-08-05,0
2021-05-10,8,7411,2021-08-05,0
2021-05-11,6,7417,2021-08-05,0
2021-05-12,9,7426,2021-08-05,0
2021-05-13,9,7435,2021-08-05,0
2021-05-14,11,7446,2021-08-05,0
2021-05-15,9,7455,2021-08-05,0
2021-05-16,5,7460,2021-08-05,0
2021-05-17,5,7465,2021-08-05,0
2021-05-18,7,7472,2021-08-05,0
2021-05-19,2,7474,2021-08-05,0
2021-05-20,5,7479,2021-08-05,0
2021-05-21,7,7486,2021-08-05,0
2021-05-22,10,7496,2021-08-05,0
2021-05-23,5,7501,2021-08-05,0
2021-05-24,5,7506,2021-08-05,0
2021-05-25,6,7512,2021-08-05,0
2021-05-26,3,7515,2021-08-05,0
2021-05-27,7,7522,2021-08-05,0
2021-05-28,2,7524,2021-08-05,0
2021-05-29,6,7530,2021-08-05,0
2021-05-30,4,7534,2021-08-05,0
2021-05-31,3,7537,2021-08-05,0
2021-06-01,5,7542,2021-08-05,0
2021-06-02,8,7550,2021-08-05,0
2021-06-03,4,7554,2021-08-05,0
2021-06-04,4,7558,2021-08-05,0
2021-06-05,1,7559,2021-08-05,0
2021-06-06,5,7564,2021-08-05,0
2021-06-07,3,7567,2021-08-05,0
2021-06-08,5,7572,2021-08-05,0
2021-06-09,4,7576,2021-08-05,0
2021-06-10,6,7582,2021-08-05,0
2021-06-11,6,7588,2021-08-05,0
2021-06-12,4,7592,2021-08-05,0
2021-06-13,3,7595,2021-08-05,0
2021-06-14,3,7598,2021-08-05,0
2021-06-15,2,7600,2021-08-05,0
2021-06-16,2,7602,2021-08-05,0
2021-06-17,4,7606,2021-08-05,0
2021-06-18,1,7607,2021-08-05,0
2021-06-19,6,7613,2021-08-05,0
2021-06-20,1,7614,2021-08-05,0
2021-06-21,5,7619,2021-08-05,0
2021-06-22,3,7622,2021-08-05,0
2021-06-23,4,7626,2021-08-05,0
2021-06-24,3,7629,2021-08-05,0
2021-06-25,3,7632,2021-08-05,0
2021-06-26,4,7636,2021-08-05,0
2021-06-27,2,7638,2021-08-05,0
2021-06-28,2,7640,2021-08-05,0
2021-06-29,2,7642,2021-08-05,0
2021-06-30,2,7644,2021-08-05,0
2021-07-01,0,7644,2021-08-05,0
2021-07-02,2,7646,2021-08-05,0
2021-07-03,2,7648,2021-08-05,0
2021-07-04,3,7651,2021-08-05,0
2021-07-05,1,7652,2021-08-05,0
2021-07-06,4,7656,2021-08-05,0
2021-07-07,1,7657,2021-08-05,0
2021-07-08,1,7658,2021-08-05,0
2021-07-09,0,7658,2021-08-05,0
2021-07-10,1,7659,2021-08-05,0
2021-07-11,2,7661,2021-08-05,0
2021-07-12,1,7662,2021-08-05,0
2021-07-13,2,7664,2021-08-05,0
2021-07-14,2,7666,2021-08-05,0
2021-07-15,2,7668,2021-08-05,0
2021-07-16,1,7669,2021-08-05,0
2021-07-17,1,7670,2021-08-05,0
2021-07-18,0,7670,2021-08-05,0
2021-07-19,0,7670,2021-08-05,0
2021-07-20,2,7672,2021-08-05,0
2021-07-21,2,7674,2021-08-05,0
2021-07-22,2,7676,2021-08-05,0
2021-07-23,2,7678,2021-08-05,0
2021-07-24,0,7678,2021-08-05,0
2021-07-25,2,7680,2021-08-05,0
2021-07-26,0,7680,2021-08-05,0
2021-07-27,2,7682,2021-08-05,0
2021-07-28,1,7683,2021-08-05,0
2021-07-29,1,7684,2021-08-05,0
2021-07-30,4,7688,2021-08-05,2
2020-03-19,1,1,2021-08-06,0
2020-03-20,0,1,2021-08-06,0
2020-03-21,0,1,2021-08-06,0
2020-03-22,0,1,2021-08-06,0
2020-03-23,0,1,2021-08-06,0
2020-03-24,1,2,2021-08-06,0
2020-03-25,1,3,2021-08-06,0
2020-03-26,1,4,2021-08-06,0
2020-03-27,5,9,2021-08-06,0
2020-03-28,3,12,2021-08-06,0
2020-03-29,0,12,2021-08-06,0
2020-03-30,5,17,2021-08-06,0
2020-03-31,2,19,2021-08-06,0
2020-04-01,5,24,2021-08-06,0
2020-04-02,3,27,2021-08-06,0
2020-04-03,1,28,2021-08-06,0
2020-04-04,5,33,2021-08-06,0
2020-04-05,5,38,2021-08-06,0
2020-04-06,10,48,2021-08-06,0
2020-04-07,6,54,2021-08-06,0
2020-04-08,7,61,2021-08-06,0
2020-04-09,8,69,2021-08-06,0
2020-04-10,6,75,2021-08-06,0
2020-04-11,4,79,2021-08-06,0
2020-04-12,4,83,2021-08-06,0
2020-04-13,10,93,2021-08-06,0
2020-04-14,6,99,2021-08-06,0
2020-04-15,17,116,2021-08-06,0
2020-04-16,10,126,2021-08-06,0
2020-04-17,17,143,2021-08-06,0
2020-04-18,17,160,2021-08-06,0
2020-04-19,16,176,2021-08-06,0
2020-04-20,21,197,2021-08-06,0
2020-04-21,26,223,2021-08-06,0
2020-04-22,21,244,2021-08-06,0
2020-04-23,19,263,2021-08-06,0
2020-04-24,23,286,2021-08-06,0
2020-04-25,18,304,2021-08-06,0
2020-04-26,17,321,2021-08-06,0
2020-04-27,21,342,2021-08-06,0
2020-04-28,16,358,2021-08-06,0
2020-04-29,29,387,2021-08-06,0
2020-04-30,18,405,2021-08-06,0
2020-05-01,30,435,2021-08-06,0
2020-05-02,19,454,2021-08-06,0
2020-05-03,29,483,2021-08-06,0
2020-05-04,23,506,2021-08-06,0
2020-05-05,19,525,2021-08-06,0
2020-05-06,25,550,2021-08-06,0
2020-05-07,30,580,2021-08-06,0
2020-05-08,20,600,2021-08-06,0
2020-05-09,26,626,2021-08-06,0
2020-05-10,19,645,2021-08-06,0
2020-05-11,25,670,2021-08-06,0
2020-05-12,20,690,2021-08-06,0
2020-05-13,22,712,2021-08-06,0
2020-05-14,20,732,2021-08-06,0
2020-05-15,20,752,2021-08-06,0
2020-05-16,20,772,2021-08-06,0
2020-05-17,23,795,2021-08-06,0
2020-05-18,18,813,2021-08-06,0
2020-05-19,35,848,2021-08-06,0
2020-05-20,24,872,2021-08-06,0
2020-05-21,17,889,2021-08-06,0
2020-05-22,20,909,2021-08-06,0
2020-05-23,26,935,2021-08-06,0
2020-05-24,25,960,2021-08-06,0
2020-05-25,30,990,2021-08-06,0
2020-05-26,29,1019,2021-08-06,0
2020-05-27,25,1044,2021-08-06,0
2020-05-28,21,1065,2021-08-06,0
2020-05-29,17,1082,2021-08-06,0
2020-05-30,11,1093,2021-08-06,0
2020-05-31,20,1113,2021-08-06,0
2020-06-01,23,1136,2021-08-06,0
2020-06-02,21,1157,2021-08-06,0
2020-06-03,25,1182,2021-08-06,0
2020-06-04,26,1208,2021-08-06,0
2020-06-05,18,1226,2021-08-06,0
2020-06-06,12,1238,2021-08-06,0
2020-06-07,22,1260,2021-08-06,0
2020-06-08,12,1272,2021-08-06,0
2020-06-09,13,1285,2021-08-06,0
2020-06-10,10,1295,2021-08-06,0
2020-06-11,12,1307,2021-08-06,0
2020-06-12,11,1318,2021-08-06,0
2020-06-13,13,1331,2021-08-06,0
2020-06-14,11,1342,2021-08-06,0
2020-06-15,8,1350,2021-08-06,0
2020-06-16,8,1358,2021-08-06,0
2020-06-17,17,1375,2021-08-06,0
2020-06-18,9,1384,2021-08-06,0
2020-06-19,8,1392,2021-08-06,0
2020-06-20,12,1404,2021-08-06,0
2020-06-21,11,1415,2021-08-06,0
2020-06-22,6,1421,2021-08-06,0
2020-06-23,10,1431,2021-08-06,0
2020-06-24,1,1432,2021-08-06,0
2020-06-25,9,1441,2021-08-06,0
2020-06-26,6,1447,2021-08-06,0
2020-06-27,5,1452,2021-08-06,0
2020-06-28,11,1463,2021-08-06,0
2020-06-29,7,1470,2021-08-06,0
2020-06-30,9,1479,2021-08-06,0
2020-07-01,2,1481,2021-08-06,0
2020-07-02,3,1484,2021-08-06,0
2020-07-03,5,1489,2021-08-06,0
2020-07-04,4,1493,2021-08-06,0
2020-07-05,6,1499,2021-08-06,0
2020-07-06,4,1503,2021-08-06,0
2020-07-07,2,1505,2021-08-06,0
2020-07-08,9,1514,2021-08-06,0
2020-07-09,4,1518,2021-08-06,0
2020-07-10,3,1521,2021-08-06,0
2020-07-11,4,1525,2021-08-06,0
2020-07-12,6,1531,2021-08-06,0
2020-07-13,2,1533,2021-08-06,0
2020-07-14,6,1539,2021-08-06,0
2020-07-15,7,1546,2021-08-06,0
2020-07-16,3,1549,2021-08-06,0
2020-07-17,7,1556,2021-08-06,0
2020-07-18,6,1562,2021-08-06,0
2020-07-19,5,1567,2021-08-06,0
2020-07-20,3,1570,2021-08-06,0
2020-07-21,6,1576,2021-08-06,0
2020-07-22,5,1581,2021-08-06,0
2020-07-23,8,1589,2021-08-06,0
2020-07-24,6,1595,2021-08-06,0
2020-07-25,2,1597,2021-08-06,0
2020-07-26,5,1602,2021-08-06,0
2020-07-27,5,1607,2021-08-06,0
2020-07-28,7,1614,2021-08-06,0
2020-07-29,3,1617,2021-08-06,0
2020-07-30,6,1623,2021-08-06,0
2020-07-31,9,1632,2021-08-06,0
2020-08-01,4,1636,2021-08-06,0
2020-08-02,7,1643,2021-08-06,0
2020-08-03,4,1647,2021-08-06,0
2020-08-04,7,1654,2021-08-06,0
2020-08-05,8,1662,2021-08-06,0
2020-08-06,9,1671,2021-08-06,0
2020-08-07,7,1678,2021-08-06,0
2020-08-08,6,1684,2021-08-06,0
2020-08-09,10,1694,2021-08-06,0
2020-08-10,3,1697,2021-08-06,0
2020-08-11,9,1706,2021-08-06,0
2020-08-12,7,1713,2021-08-06,0
2020-08-13,5,1718,2021-08-06,0
2020-08-14,9,1727,2021-08-06,0
2020-08-15,13,1740,2021-08-06,0
2020-08-16,13,1753,2021-08-06,0
2020-08-17,6,1759,2021-08-06,0
2020-08-18,11,1770,2021-08-06,0
2020-08-19,3,1773,2021-08-06,0
2020-08-20,10,1783,2021-08-06,0
2020-08-21,12,1795,2021-08-06,0
2020-08-22,9,1804,2021-08-06,0
2020-08-23,7,1811,2021-08-06,0
2020-08-24,9,1820,2021-08-06,0
2020-08-25,4,1824,2021-08-06,0
2020-08-26,3,1827,2021-08-06,0
2020-08-27,7,1834,2021-08-06,0
2020-08-28,6,1840,2021-08-06,0
2020-08-29,3,1843,2021-08-06,0
2020-08-30,5,1848,2021-08-06,0
2020-08-31,9,1857,2021-08-06,0
2020-09-01,2,1859,2021-08-06,0
2020-09-02,7,1866,2021-08-06,0
2020-09-03,12,1878,2021-08-06,0
2020-09-04,4,1882,2021-08-06,0
2020-09-05,6,1888,2021-08-06,0
2020-09-06,12,1900,2021-08-06,0
2020-09-07,3,1903,2021-08-06,0
2020-09-08,6,1909,2021-08-06,0
2020-09-09,10,1919,2021-08-06,0
2020-09-10,9,1928,2021-08-06,0
2020-09-11,11,1939,2021-08-06,0
2020-09-12,8,1947,2021-08-06,0
2020-09-13,8,1955,2021-08-06,0
2020-09-14,2,1957,2021-08-06,0
2020-09-15,6,1963,2021-08-06,0
2020-09-16,9,1972,2021-08-06,0
2020-09-17,5,1977,2021-08-06,0
2020-09-18,6,1983,2021-08-06,0
2020-09-19,4,1987,2021-08-06,0
2020-09-20,9,1996,2021-08-06,0
2020-09-21,7,2003,2021-08-06,0
2020-09-22,8,2011,2021-08-06,0
2020-09-23,9,2020,2021-08-06,0
2020-09-24,7,2027,2021-08-06,0
2020-09-25,11,2038,2021-08-06,0
2020-09-26,9,2047,2021-08-06,0
2020-09-27,14,2061,2021-08-06,0
2020-09-28,11,2072,2021-08-06,0
2020-09-29,5,2077,2021-08-06,0
2020-09-30,16,2093,2021-08-06,0
2020-10-01,7,2100,2021-08-06,0
2020-10-02,13,2113,2021-08-06,0
2020-10-03,9,2122,2021-08-06,0
2020-10-04,7,2129,2021-08-06,0
2020-10-05,10,2139,2021-08-06,0
2020-10-06,12,2151,2021-08-06,0
2020-10-07,19,2170,2021-08-06,0
2020-10-08,9,2179,2021-08-06,0
2020-10-09,17,2196,2021-08-06,0
2020-10-10,16,2212,2021-08-06,0
2020-10-11,16,2228,2021-08-06,0
2020-10-12,20,2248,2021-08-06,0
2020-10-13,14,2262,2021-08-06,0
2020-10-14,10,2272,2021-08-06,0
2020-10-15,9,2281,2021-08-06,0
2020-10-16,12,2293,2021-08-06,0
2020-10-17,18,2311,2021-08-06,0
2020-10-18,25,2336,2021-08-06,0
2020-10-19,18,2354,2021-08-06,0
2020-10-20,15,2369,2021-08-06,0
2020-10-21,24,2393,2021-08-06,0
2020-10-22,18,2411,2021-08-06,0
2020-10-23,19,2430,2021-08-06,0
2020-10-24,8,2438,2021-08-06,0
2020-10-25,17,2455,2021-08-06,0
2020-10-26,25,2480,2021-08-06,0
2020-10-27,23,2503,2021-08-06,0
2020-10-28,29,2532,2021-08-06,0
2020-10-29,18,2550,2021-08-06,0
2020-10-30,27,2577,2021-08-06,0
2020-10-31,25,2602,2021-08-06,0
2020-11-01,21,2623,2021-08-06,0
2020-11-02,25,2648,2021-08-06,0
2020-11-03,25,2673,2021-08-06,0
2020-11-04,33,2706,2021-08-06,0
2020-11-05,37,2743,2021-08-06,0
2020-11-06,39,2782,2021-08-06,0
2020-11-07,42,2824,2021-08-06,0
2020-11-08,47,2871,2021-08-06,0
2020-11-09,36,2907,2021-08-06,0
2020-11-10,35,2942,2021-08-06,0
2020-11-11,43,2985,2021-08-06,0
2020-11-12,45,3030,2021-08-06,0
2020-11-13,40,3070,2021-08-06,0
2020-11-14,47,3117,2021-08-06,0
2020-11-15,46,3163,2021-08-06,0
2020-11-16,62,3225,2021-08-06,0
2020-11-17,56,3281,2021-08-06,0
2020-11-18,61,3342,2021-08-06,0
2020-11-19,60,3402,2021-08-06,0
2020-11-20,63,3465,2021-08-06,0
2020-11-21,58,3523,2021-08-06,0
2020-11-22,67,3590,2021-08-06,0
2020-11-23,59,3649,2021-08-06,0
2020-11-24,68,3717,2021-08-06,0
2020-11-25,72,3789,2021-08-06,0
2020-11-26,54,3843,2021-08-06,0
2020-11-27,69,3912,2021-08-06,0
2020-11-28,60,3972,2021-08-06,0
2020-11-29,68,4040,2021-08-06,0
2020-11-30,60,4100,2021-08-06,0
2020-12-01,63,4163,2021-08-06,0
2020-12-02,73,4236,2021-08-06,0
2020-12-03,86,4322,2021-08-06,0
2020-12-04,67,4389,2021-08-06,0
2020-12-05,74,4463,2021-08-06,0
2020-12-06,80,4543,2021-08-06,0
2020-12-07,75,4618,2021-08-06,0
2020-12-08,61,4679,2021-08-06,0
2020-12-09,71,4750,2021-08-06,0
2020-12-10,71,4821,2021-08-06,0
2020-12-11,70,4891,2021-08-06,0
2020-12-12,71,4962,2021-08-06,0
2020-12-13,55,5017,2021-08-06,0
2020-12-14,43,5060,2021-08-06,0
2020-12-15,65,5125,2021-08-06,0
2020-12-16,70,5195,2021-08-06,0
2020-12-17,60,5255,2021-08-06,0
2020-12-18,59,5314,2021-08-06,0
2020-12-19,56,5370,2021-08-06,0
2020-12-20,59,5429,2021-08-06,0
2020-12-21,58,5487,2021-08-06,0
2020-12-22,33,5520,2021-08-06,0
2020-12-23,44,5564,2021-08-06,0
2020-12-24,50,5614,2021-08-06,0
2020-12-25,36,5650,2021-08-06,0
2020-12-26,43,5693,2021-08-06,0
2020-12-27,41,5734,2021-08-06,0
2020-12-28,33,5767,2021-08-06,0
2020-12-29,36,5803,2021-08-06,0
2020-12-30,47,5850,2021-08-06,0
2020-12-31,36,5886,2021-08-06,0
2021-01-01,28,5914,2021-08-06,0
2021-01-02,46,5960,2021-08-06,0
2021-01-03,36,5996,2021-08-06,0
2021-01-04,31,6027,2021-08-06,0
2021-01-05,40,6067,2021-08-06,0
2021-01-06,32,6099,2021-08-06,0
2021-01-07,37,6136,2021-08-06,0
2021-01-08,32,6168,2021-08-06,0
2021-01-09,25,6193,2021-08-06,0
2021-01-10,29,6222,2021-08-06,0
2021-01-11,26,6248,2021-08-06,0
2021-01-12,32,6280,2021-08-06,0
2021-01-13,23,6303,2021-08-06,0
2021-01-14,41,6344,2021-08-06,0
2021-01-15,26,6370,2021-08-06,0
2021-01-16,28,6398,2021-08-06,0
2021-01-17,21,6419,2021-08-06,0
2021-01-18,19,6438,2021-08-06,0
2021-01-19,14,6452,2021-08-06,0
2021-01-20,26,6478,2021-08-06,0
2021-01-21,16,6494,2021-08-06,0
2021-01-22,13,6507,2021-08-06,0
2021-01-23,17,6524,2021-08-06,0
2021-01-24,24,6548,2021-08-06,0
2021-01-25,17,6565,2021-08-06,0
2021-01-26,21,6586,2021-08-06,0
2021-01-27,11,6597,2021-08-06,0
2021-01-28,12,6609,2021-08-06,0
2021-01-29,15,6624,2021-08-06,0
2021-01-30,13,6637,2021-08-06,0
2021-01-31,16,6653,2021-08-06,0
2021-02-01,16,6669,2021-08-06,0
2021-02-02,10,6679,2021-08-06,0
2021-02-03,11,6690,2021-08-06,0
2021-02-04,11,6701,2021-08-06,0
2021-02-05,10,6711,2021-08-06,0
2021-02-06,12,6723,2021-08-06,0
2021-02-07,18,6741,2021-08-06,0
2021-02-08,11,6752,2021-08-06,0
2021-02-09,14,6766,2021-08-06,0
2021-02-10,13,6779,2021-08-06,1
2021-02-11,7,6786,2021-08-06,0
2021-02-12,12,6798,2021-08-06,0
2021-02-13,8,6806,2021-08-06,0
2021-02-14,9,6815,2021-08-06,0
2021-02-15,9,6824,2021-08-06,0
2021-02-16,12,6836,2021-08-06,0
2021-02-17,10,6846,2021-08-06,0
2021-02-18,7,6853,2021-08-06,0
2021-02-19,6,6859,2021-08-06,0
2021-02-20,7,6866,2021-08-06,0
2021-02-21,4,6870,2021-08-06,0
2021-02-22,5,6875,2021-08-06,0
2021-02-23,9,6884,2021-08-06,1
2021-02-24,4,6888,2021-08-06,0
2021-02-25,5,6893,2021-08-06,0
2021-02-26,5,6898,2021-08-06,0
2021-02-27,5,6903,2021-08-06,0
2021-02-28,8,6911,2021-08-06,0
2021-03-01,7,6918,2021-08-06,0
2021-03-02,1,6919,2021-08-06,0
2021-03-03,9,6928,2021-08-06,0
2021-03-04,6,6934,2021-08-06,0
2021-03-05,10,6944,2021-08-06,0
2021-03-06,5,6949,2021-08-06,0
2021-03-07,9,6958,2021-08-06,0
2021-03-08,5,6963,2021-08-06,0
2021-03-09,7,6970,2021-08-06,0
2021-03-10,2,6972,2021-08-06,0
2021-03-11,3,6975,2021-08-06,0
2021-03-12,10,6985,2021-08-06,0
2021-03-13,5,6990,2021-08-06,0
2021-03-14,4,6994,2021-08-06,0
2021-03-15,2,6996,2021-08-06,0
2021-03-16,4,7000,2021-08-06,0
2021-03-17,4,7004,2021-08-06,0
2021-03-18,5,7009,2021-08-06,0
2021-03-19,5,7014,2021-08-06,0
2021-03-20,9,7023,2021-08-06,0
2021-03-21,5,7028,2021-08-06,0
2021-03-22,4,7032,2021-08-06,0
2021-03-23,5,7037,2021-08-06,0
2021-03-24,0,7037,2021-08-06,0
2021-03-25,5,7042,2021-08-06,0
2021-03-26,3,7045,2021-08-06,0
2021-03-27,7,7052,2021-08-06,0
2021-03-28,6,7058,2021-08-06,0
2021-03-29,5,7063,2021-08-06,0
2021-03-30,6,7069,2021-08-06,0
2021-03-31,8,7077,2021-08-06,0
2021-04-01,6,7083,2021-08-06,0
2021-04-02,9,7092,2021-08-06,0
2021-04-03,8,7100,2021-08-06,0
2021-04-04,6,7106,2021-08-06,0
2021-04-05,8,7114,2021-08-06,0
2021-04-06,6,7120,2021-08-06,0
2021-04-07,6,7126,2021-08-06,0
2021-04-08,10,7136,2021-08-06,0
2021-04-09,6,7142,2021-08-06,0
2021-04-10,7,7149,2021-08-06,0
2021-04-11,8,7157,2021-08-06,0
2021-04-12,9,7166,2021-08-06,0
2021-04-13,6,7172,2021-08-06,0
2021-04-14,8,7180,2021-08-06,0
2021-04-15,14,7194,2021-08-06,0
2021-04-16,8,7202,2021-08-06,0
2021-04-17,8,7210,2021-08-06,0
2021-04-18,8,7218,2021-08-06,0
2021-04-19,9,7227,2021-08-06,0
2021-04-20,5,7232,2021-08-06,0
2021-04-21,8,7240,2021-08-06,0
2021-04-22,1,7241,2021-08-06,0
2021-04-23,15,7256,2021-08-06,0
2021-04-24,11,7267,2021-08-06,0
2021-04-25,15,7282,2021-08-06,0
2021-04-26,14,7296,2021-08-06,0
2021-04-27,7,7303,2021-08-06,0
2021-04-28,14,7317,2021-08-06,0
2021-04-29,8,7325,2021-08-06,0
2021-04-30,11,7336,2021-08-06,0
2021-05-01,7,7343,2021-08-06,0
2021-05-02,8,7351,2021-08-06,0
2021-05-03,5,7356,2021-08-06,0
2021-05-04,13,7369,2021-08-06,1
2021-05-05,8,7377,2021-08-06,0
2021-05-06,5,7382,2021-08-06,0
2021-05-07,8,7390,2021-08-06,0
2021-05-08,7,7397,2021-08-06,0
2021-05-09,9,7406,2021-08-06,0
2021-05-10,8,7414,2021-08-06,0
2021-05-11,6,7420,2021-08-06,0
2021-05-12,9,7429,2021-08-06,0
2021-05-13,9,7438,2021-08-06,0
2021-05-14,11,7449,2021-08-06,0
2021-05-15,9,7458,2021-08-06,0
2021-05-16,5,7463,2021-08-06,0
2021-05-17,5,7468,2021-08-06,0
2021-05-18,7,7475,2021-08-06,0
2021-05-19,2,7477,2021-08-06,0
2021-05-20,5,7482,2021-08-06,0
2021-05-21,7,7489,2021-08-06,0
2021-05-22,10,7499,2021-08-06,0
2021-05-23,5,7504,2021-08-06,0
2021-05-24,5,7509,2021-08-06,0
2021-05-25,6,7515,2021-08-06,0
2021-05-26,3,7518,2021-08-06,0
2021-05-27,7,7525,2021-08-06,0
2021-05-28,2,7527,2021-08-06,0
2021-05-29,6,7533,2021-08-06,0
2021-05-30,4,7537,2021-08-06,0
2021-05-31,3,7540,2021-08-06,0
2021-06-01,5,7545,2021-08-06,0
2021-06-02,8,7553,2021-08-06,0
2021-06-03,4,7557,2021-08-06,0
2021-06-04,4,7561,2021-08-06,0
2021-06-05,1,7562,2021-08-06,0
2021-06-06,5,7567,2021-08-06,0
2021-06-07,3,7570,2021-08-06,0
2021-06-08,5,7575,2021-08-06,0
2021-06-09,4,7579,2021-08-06,0
2021-06-10,6,7585,2021-08-06,0
2021-06-11,6,7591,2021-08-06,0
2021-06-12,4,7595,2021-08-06,0
2021-06-13,3,7598,2021-08-06,0
2021-06-14,3,7601,2021-08-06,0
2021-06-15,2,7603,2021-08-06,0
2021-06-16,2,7605,2021-08-06,0
2021-06-17,4,7609,2021-08-06,0
2021-06-18,1,7610,2021-08-06,0
2021-06-19,6,7616,2021-08-06,0
2021-06-20,1,7617,2021-08-06,0
2021-06-21,5,7622,2021-08-06,0
2021-06-22,3,7625,2021-08-06,0
2021-06-23,4,7629,2021-08-06,0
2021-06-24,3,7632,2021-08-06,0
2021-06-25,3,7635,2021-08-06,0
2021-06-26,4,7639,2021-08-06,0
2021-06-27,2,7641,2021-08-06,0
2021-06-28,2,7643,2021-08-06,0
2021-06-29,2,7645,2021-08-06,0
2021-06-30,2,7647,2021-08-06,0
2021-07-01,0,7647,2021-08-06,0
2021-07-02,2,7649,2021-08-06,0
2021-07-03,2,7651,2021-08-06,0
2021-07-04,3,7654,2021-08-06,0
2021-07-05,1,7655,2021-08-06,0
2021-07-06,4,7659,2021-08-06,0
2021-07-07,1,7660,2021-08-06,0
2021-07-08,1,7661,2021-08-06,0
2021-07-09,0,7661,2021-08-06,0
2021-07-10,1,7662,2021-08-06,0
2021-07-11,2,7664,2021-08-06,0
2021-07-12,1,7665,2021-08-06,0
2021-07-13,2,7667,2021-08-06,0
2021-07-14,2,7669,2021-08-06,0
2021-07-15,2,7671,2021-08-06,0
2021-07-16,1,7672,2021-08-06,0
2021-07-17,1,7673,2021-08-06,0
2021-07-18,0,7673,2021-08-06,0
2021-07-19,0,7673,2021-08-06,0
2021-07-20,2,7675,2021-08-06,0
2021-07-21,2,7677,2021-08-06,0
2021-07-22,2,7679,2021-08-06,0
2021-07-23,2,7681,2021-08-06,0
2021-07-24,0,7681,2021-08-06,0
2021-07-25,2,7683,2021-08-06,0
2021-07-26,0,7683,2021-08-06,0
2021-07-27,2,7685,2021-08-06,0
2021-07-28,2,7687,2021-08-06,1
2021-07-29,2,7689,2021-08-06,1
2021-07-30,4,7693,2021-08-06,0
2021-07-31,1,7694,2021-08-06,1
2020-03-19,1,1,2021-08-09,0
2020-03-20,0,1,2021-08-09,0
2020-03-21,0,1,2021-08-09,0
2020-03-22,0,1,2021-08-09,0
2020-03-23,0,1,2021-08-09,0
2020-03-24,1,2,2021-08-09,0
2020-03-25,1,3,2021-08-09,0
2020-03-26,1,4,2021-08-09,0
2020-03-27,5,9,2021-08-09,0
2020-03-28,3,12,2021-08-09,0
2020-03-29,0,12,2021-08-09,0
2020-03-30,5,17,2021-08-09,0
2020-03-31,2,19,2021-08-09,0
2020-04-01,5,24,2021-08-09,0
2020-04-02,3,27,2021-08-09,0
2020-04-03,1,28,2021-08-09,0
2020-04-04,5,33,2021-08-09,0
2020-04-05,5,38,2021-08-09,0
2020-04-06,10,48,2021-08-09,0
2020-04-07,6,54,2021-08-09,0
2020-04-08,7,61,2021-08-09,0
2020-04-09,8,69,2021-08-09,0
2020-04-10,6,75,2021-08-09,0
2020-04-11,4,79,2021-08-09,0
2020-04-12,4,83,2021-08-09,0
2020-04-13,10,93,2021-08-09,0
2020-04-14,6,99,2021-08-09,0
2020-04-15,17,116,2021-08-09,0
2020-04-16,10,126,2021-08-09,0
2020-04-17,17,143,2021-08-09,0
2020-04-18,17,160,2021-08-09,0
2020-04-19,16,176,2021-08-09,0
2020-04-20,21,197,2021-08-09,0
2020-04-21,26,223,2021-08-09,0
2020-04-22,21,244,2021-08-09,0
2020-04-23,19,263,2021-08-09,0
2020-04-24,23,286,2021-08-09,0
2020-04-25,18,304,2021-08-09,0
2020-04-26,17,321,2021-08-09,0
2020-04-27,21,342,2021-08-09,0
2020-04-28,16,358,2021-08-09,0
2020-04-29,29,387,2021-08-09,0
2020-04-30,18,405,2021-08-09,0
2020-05-01,30,435,2021-08-09,0
2020-05-02,19,454,2021-08-09,0
2020-05-03,29,483,2021-08-09,0
2020-05-04,23,506,2021-08-09,0
2020-05-05,19,525,2021-08-09,0
2020-05-06,25,550,2021-08-09,0
2020-05-07,30,580,2021-08-09,0
2020-05-08,20,600,2021-08-09,0
2020-05-09,26,626,2021-08-09,0
2020-05-10,19,645,2021-08-09,0
2020-05-11,25,670,2021-08-09,0
2020-05-12,20,690,2021-08-09,0
2020-05-13,22,712,2021-08-09,0
2020-05-14,20,732,2021-08-09,0
2020-05-15,20,752,2021-08-09,0
2020-05-16,20,772,2021-08-09,0
2020-05-17,23,795,2021-08-09,0
2020-05-18,18,813,2021-08-09,0
2020-05-19,35,848,2021-08-09,0
2020-05-20,24,872,2021-08-09,0
2020-05-21,17,889,2021-08-09,0
2020-05-22,20,909,2021-08-09,0
2020-05-23,26,935,2021-08-09,0
2020-05-24,25,960,2021-08-09,0
2020-05-25,30,990,2021-08-09,0
2020-05-26,29,1019,2021-08-09,0
2020-05-27,25,1044,2021-08-09,0
2020-05-28,21,1065,2021-08-09,0
2020-05-29,17,1082,2021-08-09,0
2020-05-30,11,1093,2021-08-09,0
2020-05-31,20,1113,2021-08-09,0
2020-06-01,23,1136,2021-08-09,0
2020-06-02,21,1157,2021-08-09,0
2020-06-03,25,1182,2021-08-09,0
2020-06-04,26,1208,2021-08-09,0
2020-06-05,18,1226,2021-08-09,0
2020-06-06,12,1238,2021-08-09,0
2020-06-07,22,1260,2021-08-09,0
2020-06-08,12,1272,2021-08-09,0
2020-06-09,13,1285,2021-08-09,0
2020-06-10,10,1295,2021-08-09,0
2020-06-11,12,1307,2021-08-09,0
2020-06-12,11,1318,2021-08-09,0
2020-06-13,13,1331,2021-08-09,0
2020-06-14,11,1342,2021-08-09,0
2020-06-15,8,1350,2021-08-09,0
2020-06-16,8,1358,2021-08-09,0
2020-06-17,17,1375,2021-08-09,0
2020-06-18,9,1384,2021-08-09,0
2020-06-19,8,1392,2021-08-09,0
2020-06-20,12,1404,2021-08-09,0
2020-06-21,11,1415,2021-08-09,0
2020-06-22,6,1421,2021-08-09,0
2020-06-23,10,1431,2021-08-09,0
2020-06-24,1,1432,2021-08-09,0
2020-06-25,9,1441,2021-08-09,0
2020-06-26,6,1447,2021-08-09,0
2020-06-27,5,1452,2021-08-09,0
2020-06-28,11,1463,2021-08-09,0
2020-06-29,7,1470,2021-08-09,0
2020-06-30,9,1479,2021-08-09,0
2020-07-01,2,1481,2021-08-09,0
2020-07-02,3,1484,2021-08-09,0
2020-07-03,5,1489,2021-08-09,0
2020-07-04,4,1493,2021-08-09,0
2020-07-05,6,1499,2021-08-09,0
2020-07-06,4,1503,2021-08-09,0
2020-07-07,2,1505,2021-08-09,0
2020-07-08,9,1514,2021-08-09,0
2020-07-09,4,1518,2021-08-09,0
2020-07-10,3,1521,2021-08-09,0
2020-07-11,4,1525,2021-08-09,0
2020-07-12,6,1531,2021-08-09,0
2020-07-13,2,1533,2021-08-09,0
2020-07-14,6,1539,2021-08-09,0
2020-07-15,7,1546,2021-08-09,0
2020-07-16,3,1549,2021-08-09,0
2020-07-17,7,1556,2021-08-09,0
2020-07-18,6,1562,2021-08-09,0
2020-07-19,5,1567,2021-08-09,0
2020-07-20,3,1570,2021-08-09,0
2020-07-21,6,1576,2021-08-09,0
2020-07-22,5,1581,2021-08-09,0
2020-07-23,8,1589,2021-08-09,0
2020-07-24,6,1595,2021-08-09,0
2020-07-25,2,1597,2021-08-09,0
2020-07-26,5,1602,2021-08-09,0
2020-07-27,5,1607,2021-08-09,0
2020-07-28,7,1614,2021-08-09,0
2020-07-29,3,1617,2021-08-09,0
2020-07-30,6,1623,2021-08-09,0
2020-07-31,9,1632,2021-08-09,0
2020-08-01,4,1636,2021-08-09,0
2020-08-02,7,1643,2021-08-09,0
2020-08-03,4,1647,2021-08-09,0
2020-08-04,7,1654,2021-08-09,0
2020-08-05,8,1662,2021-08-09,0
2020-08-06,9,1671,2021-08-09,0
2020-08-07,7,1678,2021-08-09,0
2020-08-08,6,1684,2021-08-09,0
2020-08-09,10,1694,2021-08-09,0
2020-08-10,3,1697,2021-08-09,0
2020-08-11,9,1706,2021-08-09,0
2020-08-12,7,1713,2021-08-09,0
2020-08-13,5,1718,2021-08-09,0
2020-08-14,9,1727,2021-08-09,0
2020-08-15,13,1740,2021-08-09,0
2020-08-16,13,1753,2021-08-09,0
2020-08-17,6,1759,2021-08-09,0
2020-08-18,11,1770,2021-08-09,0
2020-08-19,3,1773,2021-08-09,0
2020-08-20,10,1783,2021-08-09,0
2020-08-21,12,1795,2021-08-09,0
2020-08-22,9,1804,2021-08-09,0
2020-08-23,7,1811,2021-08-09,0
2020-08-24,9,1820,2021-08-09,0
2020-08-25,4,1824,2021-08-09,0
2020-08-26,3,1827,2021-08-09,0
2020-08-27,7,1834,2021-08-09,0
2020-08-28,6,1840,2021-08-09,0
2020-08-29,3,1843,2021-08-09,0
2020-08-30,5,1848,2021-08-09,0
2020-08-31,9,1857,2021-08-09,0
2020-09-01,2,1859,2021-08-09,0
2020-09-02,7,1866,2021-08-09,0
2020-09-03,12,1878,2021-08-09,0
2020-09-04,4,1882,2021-08-09,0
2020-09-05,6,1888,2021-08-09,0
2020-09-06,12,1900,2021-08-09,0
2020-09-07,3,1903,2021-08-09,0
2020-09-08,6,1909,2021-08-09,0
2020-09-09,10,1919,2021-08-09,0
2020-09-10,9,1928,2021-08-09,0
2020-09-11,11,1939,2021-08-09,0
2020-09-12,8,1947,2021-08-09,0
2020-09-13,8,1955,2021-08-09,0
2020-09-14,2,1957,2021-08-09,0
2020-09-15,6,1963,2021-08-09,0
2020-09-16,9,1972,2021-08-09,0
2020-09-17,5,1977,2021-08-09,0
2020-09-18,6,1983,2021-08-09,0
2020-09-19,4,1987,2021-08-09,0
2020-09-20,9,1996,2021-08-09,0
2020-09-21,7,2003,2021-08-09,0
2020-09-22,8,2011,2021-08-09,0
2020-09-23,9,2020,2021-08-09,0
2020-09-24,7,2027,2021-08-09,0
2020-09-25,11,2038,2021-08-09,0
2020-09-26,9,2047,2021-08-09,0
2020-09-27,14,2061,2021-08-09,0
2020-09-28,11,2072,2021-08-09,0
2020-09-29,5,2077,2021-08-09,0
2020-09-30,16,2093,2021-08-09,0
2020-10-01,7,2100,2021-08-09,0
2020-10-02,13,2113,2021-08-09,0
2020-10-03,9,2122,2021-08-09,0
2020-10-04,7,2129,2021-08-09,0
2020-10-05,10,2139,2021-08-09,0
2020-10-06,12,2151,2021-08-09,0
2020-10-07,19,2170,2021-08-09,0
2020-10-08,9,2179,2021-08-09,0
2020-10-09,17,2196,2021-08-09,0
2020-10-10,16,2212,2021-08-09,0
2020-10-11,16,2228,2021-08-09,0
2020-10-12,20,2248,2021-08-09,0
2020-10-13,14,2262,2021-08-09,0
2020-10-14,10,2272,2021-08-09,0
2020-10-15,9,2281,2021-08-09,0
2020-10-16,12,2293,2021-08-09,0
2020-10-17,18,2311,2021-08-09,0
2020-10-18,25,2336,2021-08-09,0
2020-10-19,18,2354,2021-08-09,0
2020-10-20,15,2369,2021-08-09,0
2020-10-21,24,2393,2021-08-09,0
2020-10-22,18,2411,2021-08-09,0
2020-10-23,19,2430,2021-08-09,0
2020-10-24,8,2438,2021-08-09,0
2020-10-25,17,2455,2021-08-09,0
2020-10-26,25,2480,2021-08-09,0
2020-10-27,23,2503,2021-08-09,0
2020-10-28,29,2532,2021-08-09,0
2020-10-29,18,2550,2021-08-09,0
2020-10-30,27,2577,2021-08-09,0
2020-10-31,25,2602,2021-08-09,0
2020-11-01,21,2623,2021-08-09,0
2020-11-02,25,2648,2021-08-09,0
2020-11-03,25,2673,2021-08-09,0
2020-11-04,33,2706,2021-08-09,0
2020-11-05,37,2743,2021-08-09,0
2020-11-06,39,2782,2021-08-09,0
2020-11-07,42,2824,2021-08-09,0
2020-11-08,47,2871,2021-08-09,0
2020-11-09,36,2907,2021-08-09,0
2020-11-10,35,2942,2021-08-09,0
2020-11-11,43,2985,2021-08-09,0
2020-11-12,45,3030,2021-08-09,0
2020-11-13,40,3070,2021-08-09,0
2020-11-14,47,3117,2021-08-09,0
2020-11-15,46,3163,2021-08-09,0
2020-11-16,62,3225,2021-08-09,0
2020-11-17,56,3281,2021-08-09,0
2020-11-18,61,3342,2021-08-09,0
2020-11-19,60,3402,2021-08-09,0
2020-11-20,63,3465,2021-08-09,0
2020-11-21,58,3523,2021-08-09,0
2020-11-22,67,3590,2021-08-09,0
2020-11-23,59,3649,2021-08-09,0
2020-11-24,68,3717,2021-08-09,0
2020-11-25,72,3789,2021-08-09,0
2020-11-26,54,3843,2021-08-09,0
2020-11-27,69,3912,2021-08-09,0
2020-11-28,60,3972,2021-08-09,0
2020-11-29,68,4040,2021-08-09,0
2020-11-30,60,4100,2021-08-09,0
2020-12-01,63,4163,2021-08-09,0
2020-12-02,73,4236,2021-08-09,0
2020-12-03,86,4322,2021-08-09,0
2020-12-04,67,4389,2021-08-09,0
2020-12-05,74,4463,2021-08-09,0
2020-12-06,80,4543,2021-08-09,0
2020-12-07,75,4618,2021-08-09,0
2020-12-08,61,4679,2021-08-09,0
2020-12-09,71,4750,2021-08-09,0
2020-12-10,71,4821,2021-08-09,0
2020-12-11,70,4891,2021-08-09,0
2020-12-12,71,4962,2021-08-09,0
2020-12-13,55,5017,2021-08-09,0
2020-12-14,43,5060,2021-08-09,0
2020-12-15,65,5125,2021-08-09,0
2020-12-16,70,5195,2021-08-09,0
2020-12-17,60,5255,2021-08-09,0
2020-12-18,59,5314,2021-08-09,0
2020-12-19,56,5370,2021-08-09,0
2020-12-20,59,5429,2021-08-09,0
2020-12-21,58,5487,2021-08-09,0
2020-12-22,33,5520,2021-08-09,0
2020-12-23,44,5564,2021-08-09,0
2020-12-24,50,5614,2021-08-09,0
2020-12-25,36,5650,2021-08-09,0
2020-12-26,43,5693,2021-08-09,0
2020-12-27,41,5734,2021-08-09,0
2020-12-28,33,5767,2021-08-09,0
2020-12-29,36,5803,2021-08-09,0
2020-12-30,47,5850,2021-08-09,0
2020-12-31,36,5886,2021-08-09,0
2021-01-01,28,5914,2021-08-09,0
2021-01-02,46,5960,2021-08-09,0
2021-01-03,36,5996,2021-08-09,0
2021-01-04,31,6027,2021-08-09,0
2021-01-05,40,6067,2021-08-09,0
2021-01-06,32,6099,2021-08-09,0
2021-01-07,37,6136,2021-08-09,0
2021-01-08,32,6168,2021-08-09,0
2021-01-09,25,6193,2021-08-09,0
2021-01-10,29,6222,2021-08-09,0
2021-01-11,26,6248,2021-08-09,0
2021-01-12,32,6280,2021-08-09,0
2021-01-13,23,6303,2021-08-09,0
2021-01-14,41,6344,2021-08-09,0
2021-01-15,26,6370,2021-08-09,0
2021-01-16,28,6398,2021-08-09,0
2021-01-17,21,6419,2021-08-09,0
2021-01-18,19,6438,2021-08-09,0
2021-01-19,14,6452,2021-08-09,0
2021-01-20,26,6478,2021-08-09,0
2021-01-21,16,6494,2021-08-09,0
2021-01-22,13,6507,2021-08-09,0
2021-01-23,17,6524,2021-08-09,0
2021-01-24,24,6548,2021-08-09,0
2021-01-25,17,6565,2021-08-09,0
2021-01-26,21,6586,2021-08-09,0
2021-01-27,11,6597,2021-08-09,0
2021-01-28,12,6609,2021-08-09,0
2021-01-29,15,6624,2021-08-09,0
2021-01-30,13,6637,2021-08-09,0
2021-01-31,16,6653,2021-08-09,0
2021-02-01,17,6670,2021-08-09,1
2021-02-02,10,6680,2021-08-09,0
2021-02-03,11,6691,2021-08-09,0
2021-02-04,11,6702,2021-08-09,0
2021-02-05,10,6712,2021-08-09,0
2021-02-06,12,6724,2021-08-09,0
2021-02-07,19,6743,2021-08-09,1
2021-02-08,11,6754,2021-08-09,0
2021-02-09,14,6768,2021-08-09,0
2021-02-10,13,6781,2021-08-09,0
2021-02-11,7,6788,2021-08-09,0
2021-02-12,12,6800,2021-08-09,0
2021-02-13,8,6808,2021-08-09,0
2021-02-14,9,6817,2021-08-09,0
2021-02-15,9,6826,2021-08-09,0
2021-02-16,12,6838,2021-08-09,0
2021-02-17,10,6848,2021-08-09,0
2021-02-18,7,6855,2021-08-09,0
2021-02-19,6,6861,2021-08-09,0
2021-02-20,7,6868,2021-08-09,0
2021-02-21,4,6872,2021-08-09,0
2021-02-22,5,6877,2021-08-09,0
2021-02-23,9,6886,2021-08-09,0
2021-02-24,4,6890,2021-08-09,0
2021-02-25,5,6895,2021-08-09,0
2021-02-26,7,6902,2021-08-09,2
2021-02-27,5,6907,2021-08-09,0
2021-02-28,8,6915,2021-08-09,0
2021-03-01,7,6922,2021-08-09,0
2021-03-02,1,6923,2021-08-09,0
2021-03-03,9,6932,2021-08-09,0
2021-03-04,6,6938,2021-08-09,0
2021-03-05,10,6948,2021-08-09,0
2021-03-06,5,6953,2021-08-09,0
2021-03-07,9,6962,2021-08-09,0
2021-03-08,5,6967,2021-08-09,0
2021-03-09,7,6974,2021-08-09,0
2021-03-10,2,6976,2021-08-09,0
2021-03-11,3,6979,2021-08-09,0
2021-03-12,10,6989,2021-08-09,0
2021-03-13,5,6994,2021-08-09,0
2021-03-14,4,6998,2021-08-09,0
2021-03-15,2,7000,2021-08-09,0
2021-03-16,4,7004,2021-08-09,0
2021-03-17,4,7008,2021-08-09,0
2021-03-18,5,7013,2021-08-09,0
2021-03-19,5,7018,2021-08-09,0
2021-03-20,9,7027,2021-08-09,0
2021-03-21,5,7032,2021-08-09,0
2021-03-22,4,7036,2021-08-09,0
2021-03-23,5,7041,2021-08-09,0
2021-03-24,0,7041,2021-08-09,0
2021-03-25,5,7046,2021-08-09,0
2021-03-26,3,7049,2021-08-09,0
2021-03-27,7,7056,2021-08-09,0
2021-03-28,6,7062,2021-08-09,0
2021-03-29,5,7067,2021-08-09,0
2021-03-30,6,7073,2021-08-09,0
2021-03-31,8,7081,2021-08-09,0
2021-04-01,6,7087,2021-08-09,0
2021-04-02,9,7096,2021-08-09,0
2021-04-03,8,7104,2021-08-09,0
2021-04-04,6,7110,2021-08-09,0
2021-04-05,8,7118,2021-08-09,0
2021-04-06,6,7124,2021-08-09,0
2021-04-07,6,7130,2021-08-09,0
2021-04-08,10,7140,2021-08-09,0
2021-04-09,6,7146,2021-08-09,0
2021-04-10,7,7153,2021-08-09,0
2021-04-11,8,7161,2021-08-09,0
2021-04-12,9,7170,2021-08-09,0
2021-04-13,6,7176,2021-08-09,0
2021-04-14,8,7184,2021-08-09,0
2021-04-15,14,7198,2021-08-09,0
2021-04-16,8,7206,2021-08-09,0
2021-04-17,8,7214,2021-08-09,0
2021-04-18,8,7222,2021-08-09,0
2021-04-19,9,7231,2021-08-09,0
2021-04-20,5,7236,2021-08-09,0
2021-04-21,8,7244,2021-08-09,0
2021-04-22,1,7245,2021-08-09,0
2021-04-23,15,7260,2021-08-09,0
2021-04-24,11,7271,2021-08-09,0
2021-04-25,15,7286,2021-08-09,0
2021-04-26,14,7300,2021-08-09,0
2021-04-27,7,7307,2021-08-09,0
2021-04-28,14,7321,2021-08-09,0
2021-04-29,8,7329,2021-08-09,0
2021-04-30,11,7340,2021-08-09,0
2021-05-01,7,7347,2021-08-09,0
2021-05-02,8,7355,2021-08-09,0
2021-05-03,5,7360,2021-08-09,0
2021-05-04,13,7373,2021-08-09,0
2021-05-05,8,7381,2021-08-09,0
2021-05-06,5,7386,2021-08-09,0
2021-05-07,8,7394,2021-08-09,0
2021-05-08,7,7401,2021-08-09,0
2021-05-09,9,7410,2021-08-09,0
2021-05-10,8,7418,2021-08-09,0
2021-05-11,6,7424,2021-08-09,0
2021-05-12,9,7433,2021-08-09,0
2021-05-13,9,7442,2021-08-09,0
2021-05-14,11,7453,2021-08-09,0
2021-05-15,9,7462,2021-08-09,0
2021-05-16,5,7467,2021-08-09,0
2021-05-17,5,7472,2021-08-09,0
2021-05-18,7,7479,2021-08-09,0
2021-05-19,2,7481,2021-08-09,0
2021-05-20,5,7486,2021-08-09,0
2021-05-21,7,7493,2021-08-09,0
2021-05-22,10,7503,2021-08-09,0
2021-05-23,5,7508,2021-08-09,0
2021-05-24,5,7513,2021-08-09,0
2021-05-25,6,7519,2021-08-09,0
2021-05-26,3,7522,2021-08-09,0
2021-05-27,7,7529,2021-08-09,0
2021-05-28,2,7531,2021-08-09,0
2021-05-29,6,7537,2021-08-09,0
2021-05-30,4,7541,2021-08-09,0
2021-05-31,3,7544,2021-08-09,0
2021-06-01,5,7549,2021-08-09,0
2021-06-02,8,7557,2021-08-09,0
2021-06-03,4,7561,2021-08-09,0
2021-06-04,4,7565,2021-08-09,0
2021-06-05,1,7566,2021-08-09,0
2021-06-06,5,7571,2021-08-09,0
2021-06-07,3,7574,2021-08-09,0
2021-06-08,5,7579,2021-08-09,0
2021-06-09,4,7583,2021-08-09,0
2021-06-10,6,7589,2021-08-09,0
2021-06-11,6,7595,2021-08-09,0
2021-06-12,4,7599,2021-08-09,0
2021-06-13,3,7602,2021-08-09,0
2021-06-14,3,7605,2021-08-09,0
2021-06-15,2,7607,2021-08-09,0
2021-06-16,2,7609,2021-08-09,0
2021-06-17,4,7613,2021-08-09,0
2021-06-18,1,7614,2021-08-09,0
2021-06-19,6,7620,2021-08-09,0
2021-06-20,1,7621,2021-08-09,0
2021-06-21,5,7626,2021-08-09,0
2021-06-22,3,7629,2021-08-09,0
2021-06-23,4,7633,2021-08-09,0
2021-06-24,3,7636,2021-08-09,0
2021-06-25,3,7639,2021-08-09,0
2021-06-26,4,7643,2021-08-09,0
2021-06-27,2,7645,2021-08-09,0
2021-06-28,2,7647,2021-08-09,0
2021-06-29,2,7649,2021-08-09,0
2021-06-30,2,7651,2021-08-09,0
2021-07-01,0,7651,2021-08-09,0
2021-07-02,2,7653,2021-08-09,0
2021-07-03,2,7655,2021-08-09,0
2021-07-04,3,7658,2021-08-09,0
2021-07-05,1,7659,2021-08-09,0
2021-07-06,4,7663,2021-08-09,0
2021-07-07,1,7664,2021-08-09,0
2021-07-08,1,7665,2021-08-09,0
2021-07-09,0,7665,2021-08-09,0
2021-07-10,1,7666,2021-08-09,0
2021-07-11,2,7668,2021-08-09,0
2021-07-12,1,7669,2021-08-09,0
2021-07-13,2,7671,2021-08-09,0
2021-07-14,2,7673,2021-08-09,0
2021-07-15,2,7675,2021-08-09,0
2021-07-16,1,7676,2021-08-09,0
2021-07-17,1,7677,2021-08-09,0
2021-07-18,0,7677,2021-08-09,0
2021-07-19,0,7677,2021-08-09,0
2021-07-20,2,7679,2021-08-09,0
2021-07-21,2,7681,2021-08-09,0
2021-07-22,2,7683,2021-08-09,0
2021-07-23,2,7685,2021-08-09,0
2021-07-24,0,7685,2021-08-09,0
2021-07-25,2,7687,2021-08-09,0
2021-07-26,0,7687,2021-08-09,0
2021-07-27,2,7689,2021-08-09,0
2021-07-28,2,7691,2021-08-09,0
2021-07-29,2,7693,2021-08-09,0
2021-07-30,4,7697,2021-08-09,0
2021-07-31,1,7698,2021-08-09,0
2020-03-19,1,1,2021-08-10,0
2020-03-20,0,1,2021-08-10,0
2020-03-21,0,1,2021-08-10,0
2020-03-22,0,1,2021-08-10,0
2020-03-23,0,1,2021-08-10,0
2020-03-24,1,2,2021-08-10,0
2020-03-25,1,3,2021-08-10,0
2020-03-26,1,4,2021-08-10,0
2020-03-27,5,9,2021-08-10,0
2020-03-28,3,12,2021-08-10,0
2020-03-29,0,12,2021-08-10,0
2020-03-30,5,17,2021-08-10,0
2020-03-31,2,19,2021-08-10,0
2020-04-01,5,24,2021-08-10,0
2020-04-02,3,27,2021-08-10,0
2020-04-03,1,28,2021-08-10,0
2020-04-04,5,33,2021-08-10,0
2020-04-05,5,38,2021-08-10,0
2020-04-06,10,48,2021-08-10,0
2020-04-07,6,54,2021-08-10,0
2020-04-08,7,61,2021-08-10,0
2020-04-09,8,69,2021-08-10,0
2020-04-10,6,75,2021-08-10,0
2020-04-11,4,79,2021-08-10,0
2020-04-12,4,83,2021-08-10,0
2020-04-13,10,93,2021-08-10,0
2020-04-14,6,99,2021-08-10,0
2020-04-15,17,116,2021-08-10,0
2020-04-16,10,126,2021-08-10,0
2020-04-17,17,143,2021-08-10,0
2020-04-18,17,160,2021-08-10,0
2020-04-19,16,176,2021-08-10,0
2020-04-20,21,197,2021-08-10,0
2020-04-21,26,223,2021-08-10,0
2020-04-22,21,244,2021-08-10,0
2020-04-23,19,263,2021-08-10,0
2020-04-24,23,286,2021-08-10,0
2020-04-25,18,304,2021-08-10,0
2020-04-26,17,321,2021-08-10,0
2020-04-27,21,342,2021-08-10,0
2020-04-28,16,358,2021-08-10,0
2020-04-29,29,387,2021-08-10,0
2020-04-30,18,405,2021-08-10,0
2020-05-01,30,435,2021-08-10,0
2020-05-02,19,454,2021-08-10,0
2020-05-03,29,483,2021-08-10,0
2020-05-04,23,506,2021-08-10,0
2020-05-05,19,525,2021-08-10,0
2020-05-06,25,550,2021-08-10,0
2020-05-07,30,580,2021-08-10,0
2020-05-08,20,600,2021-08-10,0
2020-05-09,26,626,2021-08-10,0
2020-05-10,19,645,2021-08-10,0
2020-05-11,25,670,2021-08-10,0
2020-05-12,20,690,2021-08-10,0
2020-05-13,22,712,2021-08-10,0
2020-05-14,20,732,2021-08-10,0
2020-05-15,20,752,2021-08-10,0
2020-05-16,20,772,2021-08-10,0
2020-05-17,23,795,2021-08-10,0
2020-05-18,18,813,2021-08-10,0
2020-05-19,35,848,2021-08-10,0
2020-05-20,24,872,2021-08-10,0
2020-05-21,17,889,2021-08-10,0
2020-05-22,20,909,2021-08-10,0
2020-05-23,26,935,2021-08-10,0
2020-05-24,25,960,2021-08-10,0
2020-05-25,30,990,2021-08-10,0
2020-05-26,29,1019,2021-08-10,0
2020-05-27,25,1044,2021-08-10,0
2020-05-28,21,1065,2021-08-10,0
2020-05-29,17,1082,2021-08-10,0
2020-05-30,11,1093,2021-08-10,0
2020-05-31,20,1113,2021-08-10,0
2020-06-01,23,1136,2021-08-10,0
2020-06-02,21,1157,2021-08-10,0
2020-06-03,25,1182,2021-08-10,0
2020-06-04,26,1208,2021-08-10,0
2020-06-05,18,1226,2021-08-10,0
2020-06-06,12,1238,2021-08-10,0
2020-06-07,22,1260,2021-08-10,0
2020-06-08,12,1272,2021-08-10,0
2020-06-09,13,1285,2021-08-10,0
2020-06-10,10,1295,2021-08-10,0
2020-06-11,12,1307,2021-08-10,0
2020-06-12,11,1318,2021-08-10,0
2020-06-13,13,1331,2021-08-10,0
2020-06-14,11,1342,2021-08-10,0
2020-06-15,8,1350,2021-08-10,0
2020-06-16,8,1358,2021-08-10,0
2020-06-17,17,1375,2021-08-10,0
2020-06-18,9,1384,2021-08-10,0
2020-06-19,8,1392,2021-08-10,0
2020-06-20,12,1404,2021-08-10,0
2020-06-21,11,1415,2021-08-10,0
2020-06-22,6,1421,2021-08-10,0
2020-06-23,10,1431,2021-08-10,0
2020-06-24,1,1432,2021-08-10,0
2020-06-25,9,1441,2021-08-10,0
2020-06-26,6,1447,2021-08-10,0
2020-06-27,5,1452,2021-08-10,0
2020-06-28,11,1463,2021-08-10,0
2020-06-29,7,1470,2021-08-10,0
2020-06-30,9,1479,2021-08-10,0
2020-07-01,2,1481,2021-08-10,0
2020-07-02,3,1484,2021-08-10,0
2020-07-03,5,1489,2021-08-10,0
2020-07-04,4,1493,2021-08-10,0
2020-07-05,6,1499,2021-08-10,0
2020-07-06,4,1503,2021-08-10,0
2020-07-07,2,1505,2021-08-10,0
2020-07-08,9,1514,2021-08-10,0
2020-07-09,4,1518,2021-08-10,0
2020-07-10,3,1521,2021-08-10,0
2020-07-11,4,1525,2021-08-10,0
2020-07-12,6,1531,2021-08-10,0
2020-07-13,2,1533,2021-08-10,0
2020-07-14,6,1539,2021-08-10,0
2020-07-15,7,1546,2021-08-10,0
2020-07-16,3,1549,2021-08-10,0
2020-07-17,7,1556,2021-08-10,0
2020-07-18,6,1562,2021-08-10,0
2020-07-19,5,1567,2021-08-10,0
2020-07-20,3,1570,2021-08-10,0
2020-07-21,6,1576,2021-08-10,0
2020-07-22,5,1581,2021-08-10,0
2020-07-23,8,1589,2021-08-10,0
2020-07-24,6,1595,2021-08-10,0
2020-07-25,2,1597,2021-08-10,0
2020-07-26,5,1602,2021-08-10,0
2020-07-27,5,1607,2021-08-10,0
2020-07-28,7,1614,2021-08-10,0
2020-07-29,3,1617,2021-08-10,0
2020-07-30,6,1623,2021-08-10,0
2020-07-31,9,1632,2021-08-10,0
2020-08-01,4,1636,2021-08-10,0
2020-08-02,7,1643,2021-08-10,0
2020-08-03,4,1647,2021-08-10,0
2020-08-04,7,1654,2021-08-10,0
2020-08-05,8,1662,2021-08-10,0
2020-08-06,9,1671,2021-08-10,0
2020-08-07,7,1678,2021-08-10,0
2020-08-08,6,1684,2021-08-10,0
2020-08-09,10,1694,2021-08-10,0
2020-08-10,3,1697,2021-08-10,0
2020-08-11,9,1706,2021-08-10,0
2020-08-12,7,1713,2021-08-10,0
2020-08-13,5,1718,2021-08-10,0
2020-08-14,9,1727,2021-08-10,0
2020-08-15,13,1740,2021-08-10,0
2020-08-16,13,1753,2021-08-10,0
2020-08-17,6,1759,2021-08-10,0
2020-08-18,11,1770,2021-08-10,0
2020-08-19,3,1773,2021-08-10,0
2020-08-20,10,1783,2021-08-10,0
2020-08-21,12,1795,2021-08-10,0
2020-08-22,9,1804,2021-08-10,0
2020-08-23,7,1811,2021-08-10,0
2020-08-24,9,1820,2021-08-10,0
2020-08-25,4,1824,2021-08-10,0
2020-08-26,3,1827,2021-08-10,0
2020-08-27,7,1834,2021-08-10,0
2020-08-28,6,1840,2021-08-10,0
2020-08-29,3,1843,2021-08-10,0
2020-08-30,5,1848,2021-08-10,0
2020-08-31,9,1857,2021-08-10,0
2020-09-01,2,1859,2021-08-10,0
2020-09-02,7,1866,2021-08-10,0
2020-09-03,12,1878,2021-08-10,0
2020-09-04,4,1882,2021-08-10,0
2020-09-05,6,1888,2021-08-10,0
2020-09-06,12,1900,2021-08-10,0
2020-09-07,3,1903,2021-08-10,0
2020-09-08,6,1909,2021-08-10,0
2020-09-09,10,1919,2021-08-10,0
2020-09-10,9,1928,2021-08-10,0
2020-09-11,11,1939,2021-08-10,0
2020-09-12,8,1947,2021-08-10,0
2020-09-13,8,1955,2021-08-10,0
2020-09-14,2,1957,2021-08-10,0
2020-09-15,6,1963,2021-08-10,0
2020-09-16,9,1972,2021-08-10,0
2020-09-17,5,1977,2021-08-10,0
2020-09-18,6,1983,2021-08-10,0
2020-09-19,4,1987,2021-08-10,0
2020-09-20,9,1996,2021-08-10,0
2020-09-21,7,2003,2021-08-10,0
2020-09-22,8,2011,2021-08-10,0
2020-09-23,9,2020,2021-08-10,0
2020-09-24,7,2027,2021-08-10,0
2020-09-25,11,2038,2021-08-10,0
2020-09-26,9,2047,2021-08-10,0
2020-09-27,14,2061,2021-08-10,0
2020-09-28,11,2072,2021-08-10,0
2020-09-29,5,2077,2021-08-10,0
2020-09-30,16,2093,2021-08-10,0
2020-10-01,7,2100,2021-08-10,0
2020-10-02,13,2113,2021-08-10,0
2020-10-03,9,2122,2021-08-10,0
2020-10-04,7,2129,2021-08-10,0
2020-10-05,10,2139,2021-08-10,0
2020-10-06,12,2151,2021-08-10,0
2020-10-07,19,2170,2021-08-10,0
2020-10-08,9,2179,2021-08-10,0
2020-10-09,17,2196,2021-08-10,0
2020-10-10,16,2212,2021-08-10,0
2020-10-11,16,2228,2021-08-10,0
2020-10-12,20,2248,2021-08-10,0
2020-10-13,14,2262,2021-08-10,0
2020-10-14,10,2272,2021-08-10,0
2020-10-15,9,2281,2021-08-10,0
2020-10-16,12,2293,2021-08-10,0
2020-10-17,18,2311,2021-08-10,0
2020-10-18,25,2336,2021-08-10,0
2020-10-19,18,2354,2021-08-10,0
2020-10-20,15,2369,2021-08-10,0
2020-10-21,24,2393,2021-08-10,0
2020-10-22,18,2411,2021-08-10,0
2020-10-23,19,2430,2021-08-10,0
2020-10-24,8,2438,2021-08-10,0
2020-10-25,17,2455,2021-08-10,0
2020-10-26,25,2480,2021-08-10,0
2020-10-27,23,2503,2021-08-10,0
2020-10-28,29,2532,2021-08-10,0
2020-10-29,18,2550,2021-08-10,0
2020-10-30,27,2577,2021-08-10,0
2020-10-31,25,2602,2021-08-10,0
2020-11-01,21,2623,2021-08-10,0
2020-11-02,25,2648,2021-08-10,0
2020-11-03,25,2673,2021-08-10,0
2020-11-04,33,2706,2021-08-10,0
2020-11-05,37,2743,2021-08-10,0
2020-11-06,39,2782,2021-08-10,0
2020-11-07,42,2824,2021-08-10,0
2020-11-08,47,2871,2021-08-10,0
2020-11-09,36,2907,2021-08-10,0
2020-11-10,35,2942,2021-08-10,0
2020-11-11,43,2985,2021-08-10,0
2020-11-12,45,3030,2021-08-10,0
2020-11-13,40,3070,2021-08-10,0
2020-11-14,47,3117,2021-08-10,0
2020-11-15,46,3163,2021-08-10,0
2020-11-16,62,3225,2021-08-10,0
2020-11-17,56,3281,2021-08-10,0
2020-11-18,61,3342,2021-08-10,0
2020-11-19,60,3402,2021-08-10,0
2020-11-20,63,3465,2021-08-10,0
2020-11-21,58,3523,2021-08-10,0
2020-11-22,67,3590,2021-08-10,0
2020-11-23,59,3649,2021-08-10,0
2020-11-24,68,3717,2021-08-10,0
2020-11-25,72,3789,2021-08-10,0
2020-11-26,54,3843,2021-08-10,0
2020-11-27,69,3912,2021-08-10,0
2020-11-28,60,3972,2021-08-10,0
2020-11-29,68,4040,2021-08-10,0
2020-11-30,60,4100,2021-08-10,0
2020-12-01,63,4163,2021-08-10,0
2020-12-02,73,4236,2021-08-10,0
2020-12-03,86,4322,2021-08-10,0
2020-12-04,67,4389,2021-08-10,0
2020-12-05,74,4463,2021-08-10,0
2020-12-06,80,4543,2021-08-10,0
2020-12-07,75,4618,2021-08-10,0
2020-12-08,61,4679,2021-08-10,0
2020-12-09,71,4750,2021-08-10,0
2020-12-10,71,4821,2021-08-10,0
2020-12-11,70,4891,2021-08-10,0
2020-12-12,71,4962,2021-08-10,0
2020-12-13,55,5017,2021-08-10,0
2020-12-14,43,5060,2021-08-10,0
2020-12-15,65,5125,2021-08-10,0
2020-12-16,70,5195,2021-08-10,0
2020-12-17,60,5255,2021-08-10,0
2020-12-18,59,5314,2021-08-10,0
2020-12-19,56,5370,2021-08-10,0
2020-12-20,59,5429,2021-08-10,0
2020-12-21,58,5487,2021-08-10,0
2020-12-22,33,5520,2021-08-10,0
2020-12-23,44,5564,2021-08-10,0
2020-12-24,50,5614,2021-08-10,0
2020-12-25,36,5650,2021-08-10,0
2020-12-26,43,5693,2021-08-10,0
2020-12-27,41,5734,2021-08-10,0
2020-12-28,33,5767,2021-08-10,0
2020-12-29,36,5803,2021-08-10,0
2020-12-30,47,5850,2021-08-10,0
2020-12-31,36,5886,2021-08-10,0
2021-01-01,28,5914,2021-08-10,0
2021-01-02,46,5960,2021-08-10,0
2021-01-03,36,5996,2021-08-10,0
2021-01-04,31,6027,2021-08-10,0
2021-01-05,40,6067,2021-08-10,0
2021-01-06,32,6099,2021-08-10,0
2021-01-07,37,6136,2021-08-10,0
2021-01-08,32,6168,2021-08-10,0
2021-01-09,25,6193,2021-08-10,0
2021-01-10,29,6222,2021-08-10,0
2021-01-11,26,6248,2021-08-10,0
2021-01-12,32,6280,2021-08-10,0
2021-01-13,23,6303,2021-08-10,0
2021-01-14,41,6344,2021-08-10,0
2021-01-15,26,6370,2021-08-10,0
2021-01-16,28,6398,2021-08-10,0
2021-01-17,21,6419,2021-08-10,0
2021-01-18,19,6438,2021-08-10,0
2021-01-19,14,6452,2021-08-10,0
2021-01-20,26,6478,2021-08-10,0
2021-01-21,16,6494,2021-08-10,0
2021-01-22,13,6507,2021-08-10,0
2021-01-23,17,6524,2021-08-10,0
2021-01-24,24,6548,2021-08-10,0
2021-01-25,17,6565,2021-08-10,0
2021-01-26,21,6586,2021-08-10,0
2021-01-27,11,6597,2021-08-10,0
2021-01-28,12,6609,2021-08-10,0
2021-01-29,15,6624,2021-08-10,0
2021-01-30,13,6637,2021-08-10,0
2021-01-31,16,6653,2021-08-10,0
2021-02-01,17,6670,2021-08-10,0
2021-02-02,10,6680,2021-08-10,0
2021-02-03,11,6691,2021-08-10,0
2021-02-04,11,6702,2021-08-10,0
2021-02-05,10,6712,2021-08-10,0
2021-02-06,12,6724,2021-08-10,0
2021-02-07,19,6743,2021-08-10,0
2021-02-08,11,6754,2021-08-10,0
2021-02-09,14,6768,2021-08-10,0
2021-02-10,13,6781,2021-08-10,0
2021-02-11,7,6788,2021-08-10,0
2021-02-12,12,6800,2021-08-10,0
2021-02-13,8,6808,2021-08-10,0
2021-02-14,9,6817,2021-08-10,0
2021-02-15,9,6826,2021-08-10,0
2021-02-16,12,6838,2021-08-10,0
2021-02-17,10,6848,2021-08-10,0
2021-02-18,7,6855,2021-08-10,0
2021-02-19,6,6861,2021-08-10,0
2021-02-20,7,6868,2021-08-10,0
2021-02-21,4,6872,2021-08-10,0
2021-02-22,5,6877,2021-08-10,0
2021-02-23,9,6886,2021-08-10,0
2021-02-24,4,6890,2021-08-10,0
2021-02-25,5,6895,2021-08-10,0
2021-02-26,7,6902,2021-08-10,0
2021-02-27,5,6907,2021-08-10,0
2021-02-28,8,6915,2021-08-10,0
2021-03-01,7,6922,2021-08-10,0
2021-03-02,2,6924,2021-08-10,1
2021-03-03,10,6934,2021-08-10,1
2021-03-04,6,6940,2021-08-10,0
2021-03-05,10,6950,2021-08-10,0
2021-03-06,5,6955,2021-08-10,0
2021-03-07,9,6964,2021-08-10,0
2021-03-08,5,6969,2021-08-10,0
2021-03-09,7,6976,2021-08-10,0
2021-03-10,3,6979,2021-08-10,1
2021-03-11,3,6982,2021-08-10,0
2021-03-12,10,6992,2021-08-10,0
2021-03-13,5,6997,2021-08-10,0
2021-03-14,4,7001,2021-08-10,0
2021-03-15,2,7003,2021-08-10,0
2021-03-16,4,7007,2021-08-10,0
2021-03-17,4,7011,2021-08-10,0
2021-03-18,5,7016,2021-08-10,0
2021-03-19,5,7021,2021-08-10,0
2021-03-20,9,7030,2021-08-10,0
2021-03-21,5,7035,2021-08-10,0
2021-03-22,4,7039,2021-08-10,0
2021-03-23,5,7044,2021-08-10,0
2021-03-24,5,7049,2021-08-10,5
2021-03-25,0,7049,2021-08-10,-5
2021-03-26,3,7052,2021-08-10,0
2021-03-27,7,7059,2021-08-10,0
2021-03-28,6,7065,2021-08-10,0
2021-03-29,5,7070,2021-08-10,0
2021-03-30,6,7076,2021-08-10,0
2021-03-31,8,7084,2021-08-10,0
2021-04-01,6,7090,2021-08-10,0
2021-04-02,9,7099,2021-08-10,0
2021-04-03,8,7107,2021-08-10,0
2021-04-04,6,7113,2021-08-10,0
2021-04-05,8,7121,2021-08-10,0
2021-04-06,6,7127,2021-08-10,0
2021-04-07,6,7133,2021-08-10,0
2021-04-08,10,7143,2021-08-10,0
2021-04-09,6,7149,2021-08-10,0
2021-04-10,7,7156,2021-08-10,0
2021-04-11,8,7164,2021-08-10,0
2021-04-12,9,7173,2021-08-10,0
2021-04-13,6,7179,2021-08-10,0
2021-04-14,8,7187,2021-08-10,0
2021-04-15,14,7201,2021-08-10,0
2021-04-16,8,7209,2021-08-10,0
2021-04-17,8,7217,2021-08-10,0
2021-04-18,8,7225,2021-08-10,0
2021-04-19,9,7234,2021-08-10,0
2021-04-20,5,7239,2021-08-10,0
2021-04-21,8,7247,2021-08-10,0
2021-04-22,1,7248,2021-08-10,0
2021-04-23,15,7263,2021-08-10,0
2021-04-24,11,7274,2021-08-10,0
2021-04-25,15,7289,2021-08-10,0
2021-04-26,14,7303,2021-08-10,0
2021-04-27,7,7310,2021-08-10,0
2021-04-28,14,7324,2021-08-10,0
2021-04-29,8,7332,2021-08-10,0
2021-04-30,11,7343,2021-08-10,0
2021-05-01,7,7350,2021-08-10,0
2021-05-02,8,7358,2021-08-10,0
2021-05-03,5,7363,2021-08-10,0
2021-05-04,13,7376,2021-08-10,0
2021-05-05,8,7384,2021-08-10,0
2021-05-06,5,7389,2021-08-10,0
2021-05-07,8,7397,2021-08-10,0
2021-05-08,7,7404,2021-08-10,0
2021-05-09,9,7413,2021-08-10,0
2021-05-10,8,7421,2021-08-10,0
2021-05-11,6,7427,2021-08-10,0
2021-05-12,9,7436,2021-08-10,0
2021-05-13,9,7445,2021-08-10,0
2021-05-14,11,7456,2021-08-10,0
2021-05-15,9,7465,2021-08-10,0
2021-05-16,5,7470,2021-08-10,0
2021-05-17,5,7475,2021-08-10,0
2021-05-18,7,7482,2021-08-10,0
2021-05-19,2,7484,2021-08-10,0
2021-05-20,5,7489,2021-08-10,0
2021-05-21,7,7496,2021-08-10,0
2021-05-22,10,7506,2021-08-10,0
2021-05-23,5,7511,2021-08-10,0
2021-05-24,5,7516,2021-08-10,0
2021-05-25,6,7522,2021-08-10,0
2021-05-26,3,7525,2021-08-10,0
2021-05-27,7,7532,2021-08-10,0
2021-05-28,2,7534,2021-08-10,0
2021-05-29,6,7540,2021-08-10,0
2021-05-30,4,7544,2021-08-10,0
2021-05-31,3,7547,2021-08-10,0
2021-06-01,5,7552,2021-08-10,0
2021-06-02,8,7560,2021-08-10,0
2021-06-03,4,7564,2021-08-10,0
2021-06-04,4,7568,2021-08-10,0
2021-06-05,1,7569,2021-08-10,0
2021-06-06,5,7574,2021-08-10,0
2021-06-07,3,7577,2021-08-10,0
2021-06-08,5,7582,2021-08-10,0
2021-06-09,4,7586,2021-08-10,0
2021-06-10,6,7592,2021-08-10,0
2021-06-11,6,7598,2021-08-10,0
2021-06-12,4,7602,2021-08-10,0
2021-06-13,3,7605,2021-08-10,0
2021-06-14,3,7608,2021-08-10,0
2021-06-15,2,7610,2021-08-10,0
2021-06-16,2,7612,2021-08-10,0
2021-06-17,4,7616,2021-08-10,0
2021-06-18,1,7617,2021-08-10,0
2021-06-19,6,7623,2021-08-10,0
2021-06-20,1,7624,2021-08-10,0
2021-06-21,5,7629,2021-08-10,0
2021-06-22,3,7632,2021-08-10,0
2021-06-23,4,7636,2021-08-10,0
2021-06-24,3,7639,2021-08-10,0
2021-06-25,3,7642,2021-08-10,0
2021-06-26,4,7646,2021-08-10,0
2021-06-27,2,7648,2021-08-10,0
2021-06-28,2,7650,2021-08-10,0
2021-06-29,2,7652,2021-08-10,0
2021-06-30,2,7654,2021-08-10,0
2021-07-01,0,7654,2021-08-10,0
2021-07-02,2,7656,2021-08-10,0
2021-07-03,2,7658,2021-08-10,0
2021-07-04,3,7661,2021-08-10,0
2021-07-05,1,7662,2021-08-10,0
2021-07-06,4,7666,2021-08-10,0
2021-07-07,1,7667,2021-08-10,0
2021-07-08,0,7667,2021-08-10,-1
2021-07-09,1,7668,2021-08-10,1
2021-07-10,1,7669,2021-08-10,0
2021-07-11,2,7671,2021-08-10,0
2021-07-12,1,7672,2021-08-10,0
2021-07-13,2,7674,2021-08-10,0
2021-07-14,2,7676,2021-08-10,0
2021-07-15,2,7678,2021-08-10,0
2021-07-16,1,7679,2021-08-10,0
2021-07-17,1,7680,2021-08-10,0
2021-07-18,0,7680,2021-08-10,0
2021-07-19,0,7680,2021-08-10,0
2021-07-20,2,7682,2021-08-10,0
2021-07-21,2,7684,2021-08-10,0
2021-07-22,2,7686,2021-08-10,0
2021-07-23,2,7688,2021-08-10,0
2021-07-24,0,7688,2021-08-10,0
2021-07-25,2,7690,2021-08-10,0
2021-07-26,0,7690,2021-08-10,0
2021-07-27,2,7692,2021-08-10,0
2021-07-28,2,7694,2021-08-10,0
2021-07-29,2,7696,2021-08-10,0
2021-07-30,4,7700,2021-08-10,0
2021-07-31,3,7703,2021-08-10,2
2021-08-01,0,7703,2021-08-10,0
2021-08-02,0,7703,2021-08-10,0
2021-08-03,0,7703,2021-08-10,0
2021-08-04,1,7704,2021-08-10,1
2021-08-05,1,7705,2021-08-10,1
2020-03-19,1,1,2021-08-11,0
2020-03-20,0,1,2021-08-11,0
2020-03-21,0,1,2021-08-11,0
2020-03-22,0,1,2021-08-11,0
2020-03-23,0,1,2021-08-11,0
2020-03-24,1,2,2021-08-11,0
2020-03-25,1,3,2021-08-11,0
2020-03-26,1,4,2021-08-11,0
2020-03-27,5,9,2021-08-11,0
2020-03-28,3,12,2021-08-11,0
2020-03-29,0,12,2021-08-11,0
2020-03-30,5,17,2021-08-11,0
2020-03-31,2,19,2021-08-11,0
2020-04-01,5,24,2021-08-11,0
2020-04-02,3,27,2021-08-11,0
2020-04-03,1,28,2021-08-11,0
2020-04-04,5,33,2021-08-11,0
2020-04-05,5,38,2021-08-11,0
2020-04-06,10,48,2021-08-11,0
2020-04-07,6,54,2021-08-11,0
2020-04-08,7,61,2021-08-11,0
2020-04-09,8,69,2021-08-11,0
2020-04-10,6,75,2021-08-11,0
2020-04-11,4,79,2021-08-11,0
2020-04-12,4,83,2021-08-11,0
2020-04-13,10,93,2021-08-11,0
2020-04-14,6,99,2021-08-11,0
2020-04-15,17,116,2021-08-11,0
2020-04-16,10,126,2021-08-11,0
2020-04-17,17,143,2021-08-11,0
2020-04-18,17,160,2021-08-11,0
2020-04-19,16,176,2021-08-11,0
2020-04-20,21,197,2021-08-11,0
2020-04-21,26,223,2021-08-11,0
2020-04-22,21,244,2021-08-11,0
2020-04-23,19,263,2021-08-11,0
2020-04-24,23,286,2021-08-11,0
2020-04-25,18,304,2021-08-11,0
2020-04-26,17,321,2021-08-11,0
2020-04-27,21,342,2021-08-11,0
2020-04-28,16,358,2021-08-11,0
2020-04-29,29,387,2021-08-11,0
2020-04-30,18,405,2021-08-11,0
2020-05-01,30,435,2021-08-11,0
2020-05-02,19,454,2021-08-11,0
2020-05-03,29,483,2021-08-11,0
2020-05-04,23,506,2021-08-11,0
2020-05-05,19,525,2021-08-11,0
2020-05-06,25,550,2021-08-11,0
2020-05-07,30,580,2021-08-11,0
2020-05-08,20,600,2021-08-11,0
2020-05-09,26,626,2021-08-11,0
2020-05-10,19,645,2021-08-11,0
2020-05-11,25,670,2021-08-11,0
2020-05-12,20,690,2021-08-11,0
2020-05-13,22,712,2021-08-11,0
2020-05-14,20,732,2021-08-11,0
2020-05-15,20,752,2021-08-11,0
2020-05-16,20,772,2021-08-11,0
2020-05-17,23,795,2021-08-11,0
2020-05-18,18,813,2021-08-11,0
2020-05-19,35,848,2021-08-11,0
2020-05-20,24,872,2021-08-11,0
2020-05-21,17,889,2021-08-11,0
2020-05-22,20,909,2021-08-11,0
2020-05-23,26,935,2021-08-11,0
2020-05-24,25,960,2021-08-11,0
2020-05-25,30,990,2021-08-11,0
2020-05-26,29,1019,2021-08-11,0
2020-05-27,25,1044,2021-08-11,0
2020-05-28,21,1065,2021-08-11,0
2020-05-29,17,1082,2021-08-11,0
2020-05-30,11,1093,2021-08-11,0
2020-05-31,20,1113,2021-08-11,0
2020-06-01,23,1136,2021-08-11,0
2020-06-02,21,1157,2021-08-11,0
2020-06-03,25,1182,2021-08-11,0
2020-06-04,26,1208,2021-08-11,0
2020-06-05,18,1226,2021-08-11,0
2020-06-06,12,1238,2021-08-11,0
2020-06-07,22,1260,2021-08-11,0
2020-06-08,12,1272,2021-08-11,0
2020-06-09,13,1285,2021-08-11,0
2020-06-10,10,1295,2021-08-11,0
2020-06-11,12,1307,2021-08-11,0
2020-06-12,11,1318,2021-08-11,0
2020-06-13,13,1331,2021-08-11,0
2020-06-14,11,1342,2021-08-11,0
2020-06-15,8,1350,2021-08-11,0
2020-06-16,8,1358,2021-08-11,0
2020-06-17,17,1375,2021-08-11,0
2020-06-18,9,1384,2021-08-11,0
2020-06-19,8,1392,2021-08-11,0
2020-06-20,12,1404,2021-08-11,0
2020-06-21,11,1415,2021-08-11,0
2020-06-22,6,1421,2021-08-11,0
2020-06-23,10,1431,2021-08-11,0
2020-06-24,1,1432,2021-08-11,0
2020-06-25,9,1441,2021-08-11,0
2020-06-26,6,1447,2021-08-11,0
2020-06-27,5,1452,2021-08-11,0
2020-06-28,11,1463,2021-08-11,0
2020-06-29,7,1470,2021-08-11,0
2020-06-30,9,1479,2021-08-11,0
2020-07-01,2,1481,2021-08-11,0
2020-07-02,3,1484,2021-08-11,0
2020-07-03,5,1489,2021-08-11,0
2020-07-04,4,1493,2021-08-11,0
2020-07-05,6,1499,2021-08-11,0
2020-07-06,4,1503,2021-08-11,0
2020-07-07,2,1505,2021-08-11,0
2020-07-08,9,1514,2021-08-11,0
2020-07-09,4,1518,2021-08-11,0
2020-07-10,3,1521,2021-08-11,0
2020-07-11,4,1525,2021-08-11,0
2020-07-12,6,1531,2021-08-11,0
2020-07-13,2,1533,2021-08-11,0
2020-07-14,6,1539,2021-08-11,0
2020-07-15,7,1546,2021-08-11,0
2020-07-16,3,1549,2021-08-11,0
2020-07-17,7,1556,2021-08-11,0
2020-07-18,6,1562,2021-08-11,0
2020-07-19,5,1567,2021-08-11,0
2020-07-20,3,1570,2021-08-11,0
2020-07-21,6,1576,2021-08-11,0
2020-07-22,5,1581,2021-08-11,0
2020-07-23,8,1589,2021-08-11,0
2020-07-24,6,1595,2021-08-11,0
2020-07-25,2,1597,2021-08-11,0
2020-07-26,5,1602,2021-08-11,0
2020-07-27,5,1607,2021-08-11,0
2020-07-28,7,1614,2021-08-11,0
2020-07-29,3,1617,2021-08-11,0
2020-07-30,6,1623,2021-08-11,0
2020-07-31,9,1632,2021-08-11,0
2020-08-01,4,1636,2021-08-11,0
2020-08-02,7,1643,2021-08-11,0
2020-08-03,4,1647,2021-08-11,0
2020-08-04,7,1654,2021-08-11,0
2020-08-05,8,1662,2021-08-11,0
2020-08-06,9,1671,2021-08-11,0
2020-08-07,7,1678,2021-08-11,0
2020-08-08,6,1684,2021-08-11,0
2020-08-09,10,1694,2021-08-11,0
2020-08-10,3,1697,2021-08-11,0
2020-08-11,9,1706,2021-08-11,0
2020-08-12,7,1713,2021-08-11,0
2020-08-13,5,1718,2021-08-11,0
2020-08-14,9,1727,2021-08-11,0
2020-08-15,13,1740,2021-08-11,0
2020-08-16,13,1753,2021-08-11,0
2020-08-17,6,1759,2021-08-11,0
2020-08-18,11,1770,2021-08-11,0
2020-08-19,3,1773,2021-08-11,0
2020-08-20,10,1783,2021-08-11,0
2020-08-21,12,1795,2021-08-11,0
2020-08-22,9,1804,2021-08-11,0
2020-08-23,7,1811,2021-08-11,0
2020-08-24,9,1820,2021-08-11,0
2020-08-25,4,1824,2021-08-11,0
2020-08-26,3,1827,2021-08-11,0
2020-08-27,7,1834,2021-08-11,0
2020-08-28,6,1840,2021-08-11,0
2020-08-29,3,1843,2021-08-11,0
2020-08-30,5,1848,2021-08-11,0
2020-08-31,9,1857,2021-08-11,0
2020-09-01,2,1859,2021-08-11,0
2020-09-02,7,1866,2021-08-11,0
2020-09-03,12,1878,2021-08-11,0
2020-09-04,4,1882,2021-08-11,0
2020-09-05,6,1888,2021-08-11,0
2020-09-06,12,1900,2021-08-11,0
2020-09-07,3,1903,2021-08-11,0
2020-09-08,6,1909,2021-08-11,0
2020-09-09,10,1919,2021-08-11,0
2020-09-10,9,1928,2021-08-11,0
2020-09-11,11,1939,2021-08-11,0
2020-09-12,8,1947,2021-08-11,0
2020-09-13,8,1955,2021-08-11,0
2020-09-14,2,1957,2021-08-11,0
2020-09-15,6,1963,2021-08-11,0
2020-09-16,9,1972,2021-08-11,0
2020-09-17,5,1977,2021-08-11,0
2020-09-18,6,1983,2021-08-11,0
2020-09-19,4,1987,2021-08-11,0
2020-09-20,9,1996,2021-08-11,0
2020-09-21,7,2003,2021-08-11,0
2020-09-22,8,2011,2021-08-11,0
2020-09-23,9,2020,2021-08-11,0
2020-09-24,7,2027,2021-08-11,0
2020-09-25,11,2038,2021-08-11,0
2020-09-26,9,2047,2021-08-11,0
2020-09-27,14,2061,2021-08-11,0
2020-09-28,11,2072,2021-08-11,0
2020-09-29,5,2077,2021-08-11,0
2020-09-30,16,2093,2021-08-11,0
2020-10-01,7,2100,2021-08-11,0
2020-10-02,13,2113,2021-08-11,0
2020-10-03,9,2122,2021-08-11,0
2020-10-04,7,2129,2021-08-11,0
2020-10-05,10,2139,2021-08-11,0
2020-10-06,12,2151,2021-08-11,0
2020-10-07,19,2170,2021-08-11,0
2020-10-08,9,2179,2021-08-11,0
2020-10-09,17,2196,2021-08-11,0
2020-10-10,16,2212,2021-08-11,0
2020-10-11,16,2228,2021-08-11,0
2020-10-12,20,2248,2021-08-11,0
2020-10-13,14,2262,2021-08-11,0
2020-10-14,10,2272,2021-08-11,0
2020-10-15,9,2281,2021-08-11,0
2020-10-16,12,2293,2021-08-11,0
2020-10-17,18,2311,2021-08-11,0
2020-10-18,25,2336,2021-08-11,0
2020-10-19,18,2354,2021-08-11,0
2020-10-20,15,2369,2021-08-11,0
2020-10-21,24,2393,2021-08-11,0
2020-10-22,18,2411,2021-08-11,0
2020-10-23,19,2430,2021-08-11,0
2020-10-24,8,2438,2021-08-11,0
2020-10-25,17,2455,2021-08-11,0
2020-10-26,25,2480,2021-08-11,0
2020-10-27,23,2503,2021-08-11,0
2020-10-28,29,2532,2021-08-11,0
2020-10-29,18,2550,2021-08-11,0
2020-10-30,27,2577,2021-08-11,0
2020-10-31,25,2602,2021-08-11,0
2020-11-01,21,2623,2021-08-11,0
2020-11-02,25,2648,2021-08-11,0
2020-11-03,25,2673,2021-08-11,0
2020-11-04,33,2706,2021-08-11,0
2020-11-05,37,2743,2021-08-11,0
2020-11-06,39,2782,2021-08-11,0
2020-11-07,42,2824,2021-08-11,0
2020-11-08,47,2871,2021-08-11,0
2020-11-09,36,2907,2021-08-11,0
2020-11-10,35,2942,2021-08-11,0
2020-11-11,43,2985,2021-08-11,0
2020-11-12,45,3030,2021-08-11,0
2020-11-13,40,3070,2021-08-11,0
2020-11-14,47,3117,2021-08-11,0
2020-11-15,46,3163,2021-08-11,0
2020-11-16,62,3225,2021-08-11,0
2020-11-17,56,3281,2021-08-11,0
2020-11-18,61,3342,2021-08-11,0
2020-11-19,60,3402,2021-08-11,0
2020-11-20,63,3465,2021-08-11,0
2020-11-21,58,3523,2021-08-11,0
2020-11-22,67,3590,2021-08-11,0
2020-11-23,59,3649,2021-08-11,0
2020-11-24,68,3717,2021-08-11,0
2020-11-25,72,3789,2021-08-11,0
2020-11-26,54,3843,2021-08-11,0
2020-11-27,69,3912,2021-08-11,0
2020-11-28,60,3972,2021-08-11,0
2020-11-29,68,4040,2021-08-11,0
2020-11-30,60,4100,2021-08-11,0
2020-12-01,63,4163,2021-08-11,0
2020-12-02,73,4236,2021-08-11,0
2020-12-03,86,4322,2021-08-11,0
2020-12-04,67,4389,2021-08-11,0
2020-12-05,74,4463,2021-08-11,0
2020-12-06,80,4543,2021-08-11,0
2020-12-07,75,4618,2021-08-11,0
2020-12-08,61,4679,2021-08-11,0
2020-12-09,71,4750,2021-08-11,0
2020-12-10,71,4821,2021-08-11,0
2020-12-11,70,4891,2021-08-11,0
2020-12-12,71,4962,2021-08-11,0
2020-12-13,55,5017,2021-08-11,0
2020-12-14,43,5060,2021-08-11,0
2020-12-15,65,5125,2021-08-11,0
2020-12-16,70,5195,2021-08-11,0
2020-12-17,60,5255,2021-08-11,0
2020-12-18,59,5314,2021-08-11,0
2020-12-19,56,5370,2021-08-11,0
2020-12-20,59,5429,2021-08-11,0
2020-12-21,58,5487,2021-08-11,0
2020-12-22,33,5520,2021-08-11,0
2020-12-23,44,5564,2021-08-11,0
2020-12-24,50,5614,2021-08-11,0
2020-12-25,36,5650,2021-08-11,0
2020-12-26,43,5693,2021-08-11,0
2020-12-27,41,5734,2021-08-11,0
2020-12-28,33,5767,2021-08-11,0
2020-12-29,36,5803,2021-08-11,0
2020-12-30,47,5850,2021-08-11,0
2020-12-31,36,5886,2021-08-11,0
2021-01-01,28,5914,2021-08-11,0
2021-01-02,46,5960,2021-08-11,0
2021-01-03,36,5996,2021-08-11,0
2021-01-04,31,6027,2021-08-11,0
2021-01-05,40,6067,2021-08-11,0
2021-01-06,32,6099,2021-08-11,0
2021-01-07,37,6136,2021-08-11,0
2021-01-08,32,6168,2021-08-11,0
2021-01-09,25,6193,2021-08-11,0
2021-01-10,29,6222,2021-08-11,0
2021-01-11,26,6248,2021-08-11,0
2021-01-12,32,6280,2021-08-11,0
2021-01-13,23,6303,2021-08-11,0
2021-01-14,41,6344,2021-08-11,0
2021-01-15,26,6370,2021-08-11,0
2021-01-16,28,6398,2021-08-11,0
2021-01-17,21,6419,2021-08-11,0
2021-01-18,19,6438,2021-08-11,0
2021-01-19,14,6452,2021-08-11,0
2021-01-20,26,6478,2021-08-11,0
2021-01-21,16,6494,2021-08-11,0
2021-01-22,13,6507,2021-08-11,0
2021-01-23,17,6524,2021-08-11,0
2021-01-24,24,6548,2021-08-11,0
2021-01-25,17,6565,2021-08-11,0
2021-01-26,21,6586,2021-08-11,0
2021-01-27,11,6597,2021-08-11,0
2021-01-28,12,6609,2021-08-11,0
2021-01-29,15,6624,2021-08-11,0
2021-01-30,13,6637,2021-08-11,0
2021-01-31,16,6653,2021-08-11,0
2021-02-01,17,6670,2021-08-11,0
2021-02-02,10,6680,2021-08-11,0
2021-02-03,11,6691,2021-08-11,0
2021-02-04,11,6702,2021-08-11,0
2021-02-05,10,6712,2021-08-11,0
2021-02-06,12,6724,2021-08-11,0
2021-02-07,19,6743,2021-08-11,0
2021-02-08,11,6754,2021-08-11,0
2021-02-09,14,6768,2021-08-11,0
2021-02-10,13,6781,2021-08-11,0
2021-02-11,7,6788,2021-08-11,0
2021-02-12,12,6800,2021-08-11,0
2021-02-13,8,6808,2021-08-11,0
2021-02-14,9,6817,2021-08-11,0
2021-02-15,9,6826,2021-08-11,0
2021-02-16,12,6838,2021-08-11,0
2021-02-17,10,6848,2021-08-11,0
2021-02-18,7,6855,2021-08-11,0
2021-02-19,6,6861,2021-08-11,0
2021-02-20,7,6868,2021-08-11,0
2021-02-21,4,6872,2021-08-11,0
2021-02-22,5,6877,2021-08-11,0
2021-02-23,9,6886,2021-08-11,0
2021-02-24,4,6890,2021-08-11,0
2021-02-25,5,6895,2021-08-11,0
2021-02-26,7,6902,2021-08-11,0
2021-02-27,5,6907,2021-08-11,0
2021-02-28,8,6915,2021-08-11,0
2021-03-01,7,6922,2021-08-11,0
2021-03-02,2,6924,2021-08-11,0
2021-03-03,10,6934,2021-08-11,0
2021-03-04,6,6940,2021-08-11,0
2021-03-05,10,6950,2021-08-11,0
2021-03-06,5,6955,2021-08-11,0
2021-03-07,9,6964,2021-08-11,0
2021-03-08,5,6969,2021-08-11,0
2021-03-09,7,6976,2021-08-11,0
2021-03-10,3,6979,2021-08-11,0
2021-03-11,3,6982,2021-08-11,0
2021-03-12,10,6992,2021-08-11,0
2021-03-13,5,6997,2021-08-11,0
2021-03-14,4,7001,2021-08-11,0
2021-03-15,2,7003,2021-08-11,0
2021-03-16,4,7007,2021-08-11,0
2021-03-17,4,7011,2021-08-11,0
2021-03-18,5,7016,2021-08-11,0
2021-03-19,5,7021,2021-08-11,0
2021-03-20,9,7030,2021-08-11,0
2021-03-21,5,7035,2021-08-11,0
2021-03-22,4,7039,2021-08-11,0
2021-03-23,5,7044,2021-08-11,0
2021-03-24,0,7044,2021-08-11,-5
2021-03-25,5,7049,2021-08-11,5
2021-03-26,3,7052,2021-08-11,0
2021-03-27,7,7059,2021-08-11,0
2021-03-28,6,7065,2021-08-11,0
2021-03-29,5,7070,2021-08-11,0
2021-03-30,6,7076,2021-08-11,0
2021-03-31,8,7084,2021-08-11,0
2021-04-01,6,7090,2021-08-11,0
2021-04-02,9,7099,2021-08-11,0
2021-04-03,8,7107,2021-08-11,0
2021-04-04,6,7113,2021-08-11,0
2021-04-05,8,7121,2021-08-11,0
2021-04-06,6,7127,2021-08-11,0
2021-04-07,6,7133,2021-08-11,0
2021-04-08,10,7143,2021-08-11,0
2021-04-09,6,7149,2021-08-11,0
2021-04-10,7,7156,2021-08-11,0
2021-04-11,8,7164,2021-08-11,0
2021-04-12,9,7173,2021-08-11,0
2021-04-13,6,7179,2021-08-11,0
2021-04-14,8,7187,2021-08-11,0
2021-04-15,14,7201,2021-08-11,0
2021-04-16,8,7209,2021-08-11,0
2021-04-17,8,7217,2021-08-11,0
2021-04-18,8,7225,2021-08-11,0
2021-04-19,9,7234,2021-08-11,0
2021-04-20,5,7239,2021-08-11,0
2021-04-21,8,7247,2021-08-11,0
2021-04-22,1,7248,2021-08-11,0
2021-04-23,15,7263,2021-08-11,0
2021-04-24,11,7274,2021-08-11,0
2021-04-25,15,7289,2021-08-11,0
2021-04-26,14,7303,2021-08-11,0
2021-04-27,7,7310,2021-08-11,0
2021-04-28,14,7324,2021-08-11,0
2021-04-29,8,7332,2021-08-11,0
2021-04-30,11,7343,2021-08-11,0
2021-05-01,7,7350,2021-08-11,0
2021-05-02,8,7358,2021-08-11,0
2021-05-03,5,7363,2021-08-11,0
2021-05-04,13,7376,2021-08-11,0
2021-05-05,8,7384,2021-08-11,0
2021-05-06,5,7389,2021-08-11,0
2021-05-07,8,7397,2021-08-11,0
2021-05-08,7,7404,2021-08-11,0
2021-05-09,9,7413,2021-08-11,0
2021-05-10,8,7421,2021-08-11,0
2021-05-11,6,7427,2021-08-11,0
2021-05-12,9,7436,2021-08-11,0
2021-05-13,9,7445,2021-08-11,0
2021-05-14,11,7456,2021-08-11,0
2021-05-15,9,7465,2021-08-11,0
2021-05-16,5,7470,2021-08-11,0
2021-05-17,5,7475,2021-08-11,0
2021-05-18,7,7482,2021-08-11,0
2021-05-19,2,7484,2021-08-11,0
2021-05-20,5,7489,2021-08-11,0
2021-05-21,7,7496,2021-08-11,0
2021-05-22,10,7506,2021-08-11,0
2021-05-23,5,7511,2021-08-11,0
2021-05-24,5,7516,2021-08-11,0
2021-05-25,6,7522,2021-08-11,0
2021-05-26,3,7525,2021-08-11,0
2021-05-27,7,7532,2021-08-11,0
2021-05-28,2,7534,2021-08-11,0
2021-05-29,6,7540,2021-08-11,0
2021-05-30,4,7544,2021-08-11,0
2021-05-31,3,7547,2021-08-11,0
2021-06-01,5,7552,2021-08-11,0
2021-06-02,8,7560,2021-08-11,0
2021-06-03,4,7564,2021-08-11,0
2021-06-04,4,7568,2021-08-11,0
2021-06-05,1,7569,2021-08-11,0
2021-06-06,5,7574,2021-08-11,0
2021-06-07,3,7577,2021-08-11,0
2021-06-08,5,7582,2021-08-11,0
2021-06-09,4,7586,2021-08-11,0
2021-06-10,6,7592,2021-08-11,0
2021-06-11,6,7598,2021-08-11,0
2021-06-12,4,7602,2021-08-11,0
2021-06-13,3,7605,2021-08-11,0
2021-06-14,3,7608,2021-08-11,0
2021-06-15,2,7610,2021-08-11,0
2021-06-16,2,7612,2021-08-11,0
2021-06-17,4,7616,2021-08-11,0
2021-06-18,1,7617,2021-08-11,0
2021-06-19,6,7623,2021-08-11,0
2021-06-20,1,7624,2021-08-11,0
2021-06-21,5,7629,2021-08-11,0
2021-06-22,3,7632,2021-08-11,0
2021-06-23,4,7636,2021-08-11,0
2021-06-24,3,7639,2021-08-11,0
2021-06-25,3,7642,2021-08-11,0
2021-06-26,4,7646,2021-08-11,0
2021-06-27,2,7648,2021-08-11,0
2021-06-28,2,7650,2021-08-11,0
2021-06-29,2,7652,2021-08-11,0
2021-06-30,2,7654,2021-08-11,0
2021-07-01,0,7654,2021-08-11,0
2021-07-02,2,7656,2021-08-11,0
2021-07-03,2,7658,2021-08-11,0
2021-07-04,3,7661,2021-08-11,0
2021-07-05,1,7662,2021-08-11,0
2021-07-06,4,7666,2021-08-11,0
2021-07-07,1,7667,2021-08-11,0
2021-07-08,1,7668,2021-08-11,1
2021-07-09,0,7668,2021-08-11,-1
2021-07-10,1,7669,2021-08-11,0
2021-07-11,2,7671,2021-08-11,0
2021-07-12,1,7672,2021-08-11,0
2021-07-13,2,7674,2021-08-11,0
2021-07-14,2,7676,2021-08-11,0
2021-07-15,2,7678,2021-08-11,0
2021-07-16,1,7679,2021-08-11,0
2021-07-17,1,7680,2021-08-11,0
2021-07-18,0,7680,2021-08-11,0
2021-07-19,0,7680,2021-08-11,0
2021-07-20,2,7682,2021-08-11,0
2021-07-21,2,7684,2021-08-11,0
2021-07-22,2,7686,2021-08-11,0
2021-07-23,3,7689,2021-08-11,1
2021-07-24,0,7689,2021-08-11,0
2021-07-25,2,7691,2021-08-11,0
2021-07-26,0,7691,2021-08-11,0
2021-07-27,2,7693,2021-08-11,0
2021-07-28,3,7696,2021-08-11,1
2021-07-29,2,7698,2021-08-11,0
2021-07-30,5,7703,2021-08-11,1
2021-07-31,3,7706,2021-08-11,0
2021-08-01,0,7706,2021-08-11,0
2021-08-02,1,7707,2021-08-11,1
2021-08-03,1,7708,2021-08-11,1
2021-08-04,2,7710,2021-08-11,1
2021-08-05,1,7711,2021-08-11,0
2021-08-06,3,7714,2021-08-11,3
2021-08-07,1,7715,2021-08-11,1
2020-03-19,1,1,2021-08-12,0
2020-03-20,0,1,2021-08-12,0
2020-03-21,0,1,2021-08-12,0
2020-03-22,0,1,2021-08-12,0
2020-03-23,0,1,2021-08-12,0
2020-03-24,1,2,2021-08-12,0
2020-03-25,1,3,2021-08-12,0
2020-03-26,1,4,2021-08-12,0
2020-03-27,5,9,2021-08-12,0
2020-03-28,3,12,2021-08-12,0
2020-03-29,0,12,2021-08-12,0
2020-03-30,5,17,2021-08-12,0
2020-03-31,2,19,2021-08-12,0
2020-04-01,5,24,2021-08-12,0
2020-04-02,3,27,2021-08-12,0
2020-04-03,1,28,2021-08-12,0
2020-04-04,5,33,2021-08-12,0
2020-04-05,5,38,2021-08-12,0
2020-04-06,10,48,2021-08-12,0
2020-04-07,6,54,2021-08-12,0
2020-04-08,7,61,2021-08-12,0
2020-04-09,8,69,2021-08-12,0
2020-04-10,6,75,2021-08-12,0
2020-04-11,4,79,2021-08-12,0
2020-04-12,4,83,2021-08-12,0
2020-04-13,10,93,2021-08-12,0
2020-04-14,6,99,2021-08-12,0
2020-04-15,17,116,2021-08-12,0
2020-04-16,10,126,2021-08-12,0
2020-04-17,17,143,2021-08-12,0
2020-04-18,17,160,2021-08-12,0
2020-04-19,16,176,2021-08-12,0
2020-04-20,21,197,2021-08-12,0
2020-04-21,26,223,2021-08-12,0
2020-04-22,21,244,2021-08-12,0
2020-04-23,19,263,2021-08-12,0
2020-04-24,23,286,2021-08-12,0
2020-04-25,18,304,2021-08-12,0
2020-04-26,17,321,2021-08-12,0
2020-04-27,21,342,2021-08-12,0
2020-04-28,16,358,2021-08-12,0
2020-04-29,29,387,2021-08-12,0
2020-04-30,18,405,2021-08-12,0
2020-05-01,30,435,2021-08-12,0
2020-05-02,19,454,2021-08-12,0
2020-05-03,29,483,2021-08-12,0
2020-05-04,23,506,2021-08-12,0
2020-05-05,19,525,2021-08-12,0
2020-05-06,25,550,2021-08-12,0
2020-05-07,30,580,2021-08-12,0
2020-05-08,20,600,2021-08-12,0
2020-05-09,26,626,2021-08-12,0
2020-05-10,19,645,2021-08-12,0
2020-05-11,25,670,2021-08-12,0
2020-05-12,20,690,2021-08-12,0
2020-05-13,22,712,2021-08-12,0
2020-05-14,20,732,2021-08-12,0
2020-05-15,20,752,2021-08-12,0
2020-05-16,20,772,2021-08-12,0
2020-05-17,23,795,2021-08-12,0
2020-05-18,18,813,2021-08-12,0
2020-05-19,35,848,2021-08-12,0
2020-05-20,24,872,2021-08-12,0
2020-05-21,17,889,2021-08-12,0
2020-05-22,20,909,2021-08-12,0
2020-05-23,26,935,2021-08-12,0
2020-05-24,25,960,2021-08-12,0
2020-05-25,30,990,2021-08-12,0
2020-05-26,29,1019,2021-08-12,0
2020-05-27,25,1044,2021-08-12,0
2020-05-28,21,1065,2021-08-12,0
2020-05-29,17,1082,2021-08-12,0
2020-05-30,11,1093,2021-08-12,0
2020-05-31,20,1113,2021-08-12,0
2020-06-01,23,1136,2021-08-12,0
2020-06-02,21,1157,2021-08-12,0
2020-06-03,25,1182,2021-08-12,0
2020-06-04,26,1208,2021-08-12,0
2020-06-05,18,1226,2021-08-12,0
2020-06-06,12,1238,2021-08-12,0
2020-06-07,22,1260,2021-08-12,0
2020-06-08,12,1272,2021-08-12,0
2020-06-09,13,1285,2021-08-12,0
2020-06-10,10,1295,2021-08-12,0
2020-06-11,12,1307,2021-08-12,0
2020-06-12,11,1318,2021-08-12,0
2020-06-13,13,1331,2021-08-12,0
2020-06-14,11,1342,2021-08-12,0
2020-06-15,8,1350,2021-08-12,0
2020-06-16,8,1358,2021-08-12,0
2020-06-17,17,1375,2021-08-12,0
2020-06-18,9,1384,2021-08-12,0
2020-06-19,8,1392,2021-08-12,0
2020-06-20,12,1404,2021-08-12,0
2020-06-21,11,1415,2021-08-12,0
2020-06-22,6,1421,2021-08-12,0
2020-06-23,10,1431,2021-08-12,0
2020-06-24,1,1432,2021-08-12,0
2020-06-25,9,1441,2021-08-12,0
2020-06-26,6,1447,2021-08-12,0
2020-06-27,5,1452,2021-08-12,0
2020-06-28,11,1463,2021-08-12,0
2020-06-29,7,1470,2021-08-12,0
2020-06-30,9,1479,2021-08-12,0
2020-07-01,2,1481,2021-08-12,0
2020-07-02,3,1484,2021-08-12,0
2020-07-03,5,1489,2021-08-12,0
2020-07-04,4,1493,2021-08-12,0
2020-07-05,6,1499,2021-08-12,0
2020-07-06,4,1503,2021-08-12,0
2020-07-07,2,1505,2021-08-12,0
2020-07-08,9,1514,2021-08-12,0
2020-07-09,4,1518,2021-08-12,0
2020-07-10,3,1521,2021-08-12,0
2020-07-11,4,1525,2021-08-12,0
2020-07-12,6,1531,2021-08-12,0
2020-07-13,2,1533,2021-08-12,0
2020-07-14,6,1539,2021-08-12,0
2020-07-15,7,1546,2021-08-12,0
2020-07-16,3,1549,2021-08-12,0
2020-07-17,7,1556,2021-08-12,0
2020-07-18,6,1562,2021-08-12,0
2020-07-19,5,1567,2021-08-12,0
2020-07-20,3,1570,2021-08-12,0
2020-07-21,6,1576,2021-08-12,0
2020-07-22,5,1581,2021-08-12,0
2020-07-23,8,1589,2021-08-12,0
2020-07-24,6,1595,2021-08-12,0
2020-07-25,2,1597,2021-08-12,0
2020-07-26,5,1602,2021-08-12,0
2020-07-27,5,1607,2021-08-12,0
2020-07-28,7,1614,2021-08-12,0
2020-07-29,3,1617,2021-08-12,0
2020-07-30,6,1623,2021-08-12,0
2020-07-31,9,1632,2021-08-12,0
2020-08-01,4,1636,2021-08-12,0
2020-08-02,7,1643,2021-08-12,0
2020-08-03,4,1647,2021-08-12,0
2020-08-04,7,1654,2021-08-12,0
2020-08-05,8,1662,2021-08-12,0
2020-08-06,9,1671,2021-08-12,0
2020-08-07,7,1678,2021-08-12,0
2020-08-08,6,1684,2021-08-12,0
2020-08-09,10,1694,2021-08-12,0
2020-08-10,3,1697,2021-08-12,0
2020-08-11,9,1706,2021-08-12,0
2020-08-12,7,1713,2021-08-12,0
2020-08-13,5,1718,2021-08-12,0
2020-08-14,9,1727,2021-08-12,0
2020-08-15,13,1740,2021-08-12,0
2020-08-16,13,1753,2021-08-12,0
2020-08-17,6,1759,2021-08-12,0
2020-08-18,11,1770,2021-08-12,0
2020-08-19,3,1773,2021-08-12,0
2020-08-20,10,1783,2021-08-12,0
2020-08-21,12,1795,2021-08-12,0
2020-08-22,9,1804,2021-08-12,0
2020-08-23,7,1811,2021-08-12,0
2020-08-24,9,1820,2021-08-12,0
2020-08-25,4,1824,2021-08-12,0
2020-08-26,3,1827,2021-08-12,0
2020-08-27,7,1834,2021-08-12,0
2020-08-28,6,1840,2021-08-12,0
2020-08-29,3,1843,2021-08-12,0
2020-08-30,5,1848,2021-08-12,0
2020-08-31,9,1857,2021-08-12,0
2020-09-01,2,1859,2021-08-12,0
2020-09-02,7,1866,2021-08-12,0
2020-09-03,12,1878,2021-08-12,0
2020-09-04,4,1882,2021-08-12,0
2020-09-05,6,1888,2021-08-12,0
2020-09-06,12,1900,2021-08-12,0
2020-09-07,3,1903,2021-08-12,0
2020-09-08,6,1909,2021-08-12,0
2020-09-09,10,1919,2021-08-12,0
2020-09-10,9,1928,2021-08-12,0
2020-09-11,11,1939,2021-08-12,0
2020-09-12,8,1947,2021-08-12,0
2020-09-13,8,1955,2021-08-12,0
2020-09-14,2,1957,2021-08-12,0
2020-09-15,6,1963,2021-08-12,0
2020-09-16,9,1972,2021-08-12,0
2020-09-17,5,1977,2021-08-12,0
2020-09-18,6,1983,2021-08-12,0
2020-09-19,4,1987,2021-08-12,0
2020-09-20,9,1996,2021-08-12,0
2020-09-21,7,2003,2021-08-12,0
2020-09-22,8,2011,2021-08-12,0
2020-09-23,9,2020,2021-08-12,0
2020-09-24,7,2027,2021-08-12,0
2020-09-25,11,2038,2021-08-12,0
2020-09-26,9,2047,2021-08-12,0
2020-09-27,14,2061,2021-08-12,0
2020-09-28,11,2072,2021-08-12,0
2020-09-29,5,2077,2021-08-12,0
2020-09-30,16,2093,2021-08-12,0
2020-10-01,7,2100,2021-08-12,0
2020-10-02,13,2113,2021-08-12,0
2020-10-03,9,2122,2021-08-12,0
2020-10-04,7,2129,2021-08-12,0
2020-10-05,10,2139,2021-08-12,0
2020-10-06,12,2151,2021-08-12,0
2020-10-07,19,2170,2021-08-12,0
2020-10-08,9,2179,2021-08-12,0
2020-10-09,17,2196,2021-08-12,0
2020-10-10,16,2212,2021-08-12,0
2020-10-11,16,2228,2021-08-12,0
2020-10-12,20,2248,2021-08-12,0
2020-10-13,14,2262,2021-08-12,0
2020-10-14,10,2272,2021-08-12,0
2020-10-15,9,2281,2021-08-12,0
2020-10-16,12,2293,2021-08-12,0
2020-10-17,18,2311,2021-08-12,0
2020-10-18,25,2336,2021-08-12,0
2020-10-19,18,2354,2021-08-12,0
2020-10-20,15,2369,2021-08-12,0
2020-10-21,24,2393,2021-08-12,0
2020-10-22,18,2411,2021-08-12,0
2020-10-23,19,2430,2021-08-12,0
2020-10-24,8,2438,2021-08-12,0
2020-10-25,17,2455,2021-08-12,0
2020-10-26,25,2480,2021-08-12,0
2020-10-27,23,2503,2021-08-12,0
2020-10-28,29,2532,2021-08-12,0
2020-10-29,18,2550,2021-08-12,0
2020-10-30,27,2577,2021-08-12,0
2020-10-31,25,2602,2021-08-12,0
2020-11-01,21,2623,2021-08-12,0
2020-11-02,25,2648,2021-08-12,0
2020-11-03,25,2673,2021-08-12,0
2020-11-04,33,2706,2021-08-12,0
2020-11-05,37,2743,2021-08-12,0
2020-11-06,39,2782,2021-08-12,0
2020-11-07,42,2824,2021-08-12,0
2020-11-08,47,2871,2021-08-12,0
2020-11-09,36,2907,2021-08-12,0
2020-11-10,35,2942,2021-08-12,0
2020-11-11,43,2985,2021-08-12,0
2020-11-12,45,3030,2021-08-12,0
2020-11-13,40,3070,2021-08-12,0
2020-11-14,47,3117,2021-08-12,0
2020-11-15,46,3163,2021-08-12,0
2020-11-16,62,3225,2021-08-12,0
2020-11-17,56,3281,2021-08-12,0
2020-11-18,61,3342,2021-08-12,0
2020-11-19,60,3402,2021-08-12,0
2020-11-20,63,3465,2021-08-12,0
2020-11-21,58,3523,2021-08-12,0
2020-11-22,67,3590,2021-08-12,0
2020-11-23,59,3649,2021-08-12,0
2020-11-24,68,3717,2021-08-12,0
2020-11-25,72,3789,2021-08-12,0
2020-11-26,54,3843,2021-08-12,0
2020-11-27,69,3912,2021-08-12,0
2020-11-28,60,3972,2021-08-12,0
2020-11-29,68,4040,2021-08-12,0
2020-11-30,60,4100,2021-08-12,0
2020-12-01,63,4163,2021-08-12,0
2020-12-02,73,4236,2021-08-12,0
2020-12-03,86,4322,2021-08-12,0
2020-12-04,67,4389,2021-08-12,0
2020-12-05,74,4463,2021-08-12,0
2020-12-06,80,4543,2021-08-12,0
2020-12-07,75,4618,2021-08-12,0
2020-12-08,61,4679,2021-08-12,0
2020-12-09,71,4750,2021-08-12,0
2020-12-10,71,4821,2021-08-12,0
2020-12-11,70,4891,2021-08-12,0
2020-12-12,71,4962,2021-08-12,0
2020-12-13,55,5017,2021-08-12,0
2020-12-14,43,5060,2021-08-12,0
2020-12-15,65,5125,2021-08-12,0
2020-12-16,70,5195,2021-08-12,0
2020-12-17,60,5255,2021-08-12,0
2020-12-18,59,5314,2021-08-12,0
2020-12-19,56,5370,2021-08-12,0
2020-12-20,59,5429,2021-08-12,0
2020-12-21,58,5487,2021-08-12,0
2020-12-22,33,5520,2021-08-12,0
2020-12-23,44,5564,2021-08-12,0
2020-12-24,50,5614,2021-08-12,0
2020-12-25,36,5650,2021-08-12,0
2020-12-26,43,5693,2021-08-12,0
2020-12-27,41,5734,2021-08-12,0
2020-12-28,33,5767,2021-08-12,0
2020-12-29,36,5803,2021-08-12,0
2020-12-30,47,5850,2021-08-12,0
2020-12-31,36,5886,2021-08-12,0
2021-01-01,28,5914,2021-08-12,0
2021-01-02,46,5960,2021-08-12,0
2021-01-03,36,5996,2021-08-12,0
2021-01-04,31,6027,2021-08-12,0
2021-01-05,40,6067,2021-08-12,0
2021-01-06,32,6099,2021-08-12,0
2021-01-07,37,6136,2021-08-12,0
2021-01-08,32,6168,2021-08-12,0
2021-01-09,25,6193,2021-08-12,0
2021-01-10,29,6222,2021-08-12,0
2021-01-11,26,6248,2021-08-12,0
2021-01-12,32,6280,2021-08-12,0
2021-01-13,23,6303,2021-08-12,0
2021-01-14,41,6344,2021-08-12,0
2021-01-15,26,6370,2021-08-12,0
2021-01-16,28,6398,2021-08-12,0
2021-01-17,21,6419,2021-08-12,0
2021-01-18,19,6438,2021-08-12,0
2021-01-19,14,6452,2021-08-12,0
2021-01-20,26,6478,2021-08-12,0
2021-01-21,16,6494,2021-08-12,0
2021-01-22,13,6507,2021-08-12,0
2021-01-23,17,6524,2021-08-12,0
2021-01-24,24,6548,2021-08-12,0
2021-01-25,17,6565,2021-08-12,0
2021-01-26,21,6586,2021-08-12,0
2021-01-27,11,6597,2021-08-12,0
2021-01-28,12,6609,2021-08-12,0
2021-01-29,15,6624,2021-08-12,0
2021-01-30,13,6637,2021-08-12,0
2021-01-31,16,6653,2021-08-12,0
2021-02-01,17,6670,2021-08-12,0
2021-02-02,10,6680,2021-08-12,0
2021-02-03,11,6691,2021-08-12,0
2021-02-04,11,6702,2021-08-12,0
2021-02-05,10,6712,2021-08-12,0
2021-02-06,12,6724,2021-08-12,0
2021-02-07,19,6743,2021-08-12,0
2021-02-08,11,6754,2021-08-12,0
2021-02-09,14,6768,2021-08-12,0
2021-02-10,13,6781,2021-08-12,0
2021-02-11,7,6788,2021-08-12,0
2021-02-12,12,6800,2021-08-12,0
2021-02-13,8,6808,2021-08-12,0
2021-02-14,9,6817,2021-08-12,0
2021-02-15,9,6826,2021-08-12,0
2021-02-16,12,6838,2021-08-12,0
2021-02-17,10,6848,2021-08-12,0
2021-02-18,7,6855,2021-08-12,0
2021-02-19,6,6861,2021-08-12,0
2021-02-20,7,6868,2021-08-12,0
2021-02-21,4,6872,2021-08-12,0
2021-02-22,5,6877,2021-08-12,0
2021-02-23,9,6886,2021-08-12,0
2021-02-24,4,6890,2021-08-12,0
2021-02-25,5,6895,2021-08-12,0
2021-02-26,7,6902,2021-08-12,0
2021-02-27,5,6907,2021-08-12,0
2021-02-28,8,6915,2021-08-12,0
2021-03-01,7,6922,2021-08-12,0
2021-03-02,2,6924,2021-08-12,0
2021-03-03,10,6934,2021-08-12,0
2021-03-04,6,6940,2021-08-12,0
2021-03-05,10,6950,2021-08-12,0
2021-03-06,5,6955,2021-08-12,0
2021-03-07,9,6964,2021-08-12,0
2021-03-08,5,6969,2021-08-12,0
2021-03-09,7,6976,2021-08-12,0
2021-03-10,5,6981,2021-08-12,2
2021-03-11,4,6985,2021-08-12,1
2021-03-12,10,6995,2021-08-12,0
2021-03-13,5,7000,2021-08-12,0
2021-03-14,4,7004,2021-08-12,0
2021-03-15,2,7006,2021-08-12,0
2021-03-16,4,7010,2021-08-12,0
2021-03-17,4,7014,2021-08-12,0
2021-03-18,5,7019,2021-08-12,0
2021-03-19,5,7024,2021-08-12,0
2021-03-20,9,7033,2021-08-12,0
2021-03-21,5,7038,2021-08-12,0
2021-03-22,4,7042,2021-08-12,0
2021-03-23,5,7047,2021-08-12,0
2021-03-24,1,7048,2021-08-12,1
2021-03-25,5,7053,2021-08-12,0
2021-03-26,3,7056,2021-08-12,0
2021-03-27,7,7063,2021-08-12,0
2021-03-28,6,7069,2021-08-12,0
2021-03-29,5,7074,2021-08-12,0
2021-03-30,6,7080,2021-08-12,0
2021-03-31,8,7088,2021-08-12,0
2021-04-01,6,7094,2021-08-12,0
2021-04-02,9,7103,2021-08-12,0
2021-04-03,8,7111,2021-08-12,0
2021-04-04,6,7117,2021-08-12,0
2021-04-05,8,7125,2021-08-12,0
2021-04-06,6,7131,2021-08-12,0
2021-04-07,6,7137,2021-08-12,0
2021-04-08,10,7147,2021-08-12,0
2021-04-09,6,7153,2021-08-12,0
2021-04-10,7,7160,2021-08-12,0
2021-04-11,8,7168,2021-08-12,0
2021-04-12,9,7177,2021-08-12,0
2021-04-13,6,7183,2021-08-12,0
2021-04-14,8,7191,2021-08-12,0
2021-04-15,14,7205,2021-08-12,0
2021-04-16,8,7213,2021-08-12,0
2021-04-17,8,7221,2021-08-12,0
2021-04-18,8,7229,2021-08-12,0
2021-04-19,9,7238,2021-08-12,0
2021-04-20,5,7243,2021-08-12,0
2021-04-21,8,7251,2021-08-12,0
2021-04-22,1,7252,2021-08-12,0
2021-04-23,15,7267,2021-08-12,0
2021-04-24,11,7278,2021-08-12,0
2021-04-25,15,7293,2021-08-12,0
2021-04-26,14,7307,2021-08-12,0
2021-04-27,7,7314,2021-08-12,0
2021-04-28,14,7328,2021-08-12,0
2021-04-29,8,7336,2021-08-12,0
2021-04-30,11,7347,2021-08-12,0
2021-05-01,7,7354,2021-08-12,0
2021-05-02,8,7362,2021-08-12,0
2021-05-03,5,7367,2021-08-12,0
2021-05-04,13,7380,2021-08-12,0
2021-05-05,8,7388,2021-08-12,0
2021-05-06,5,7393,2021-08-12,0
2021-05-07,8,7401,2021-08-12,0
2021-05-08,7,7408,2021-08-12,0
2021-05-09,9,7417,2021-08-12,0
2021-05-10,8,7425,2021-08-12,0
2021-05-11,6,7431,2021-08-12,0
2021-05-12,9,7440,2021-08-12,0
2021-05-13,9,7449,2021-08-12,0
2021-05-14,11,7460,2021-08-12,0
2021-05-15,9,7469,2021-08-12,0
2021-05-16,5,7474,2021-08-12,0
2021-05-17,5,7479,2021-08-12,0
2021-05-18,7,7486,2021-08-12,0
2021-05-19,2,7488,2021-08-12,0
2021-05-20,5,7493,2021-08-12,0
2021-05-21,7,7500,2021-08-12,0
2021-05-22,10,7510,2021-08-12,0
2021-05-23,5,7515,2021-08-12,0
2021-05-24,5,7520,2021-08-12,0
2021-05-25,6,7526,2021-08-12,0
2021-05-26,3,7529,2021-08-12,0
2021-05-27,7,7536,2021-08-12,0
2021-05-28,2,7538,2021-08-12,0
2021-05-29,6,7544,2021-08-12,0
2021-05-30,4,7548,2021-08-12,0
2021-05-31,3,7551,2021-08-12,0
2021-06-01,5,7556,2021-08-12,0
2021-06-02,8,7564,2021-08-12,0
2021-06-03,4,7568,2021-08-12,0
2021-06-04,4,7572,2021-08-12,0
2021-06-05,1,7573,2021-08-12,0
2021-06-06,5,7578,2021-08-12,0
2021-06-07,3,7581,2021-08-12,0
2021-06-08,5,7586,2021-08-12,0
2021-06-09,4,7590,2021-08-12,0
2021-06-10,6,7596,2021-08-12,0
2021-06-11,6,7602,2021-08-12,0
2021-06-12,4,7606,2021-08-12,0
2021-06-13,3,7609,2021-08-12,0
2021-06-14,3,7612,2021-08-12,0
2021-06-15,2,7614,2021-08-12,0
2021-06-16,2,7616,2021-08-12,0
2021-06-17,4,7620,2021-08-12,0
2021-06-18,1,7621,2021-08-12,0
2021-06-19,6,7627,2021-08-12,0
2021-06-20,1,7628,2021-08-12,0
2021-06-21,5,7633,2021-08-12,0
2021-06-22,3,7636,2021-08-12,0
2021-06-23,4,7640,2021-08-12,0
2021-06-24,3,7643,2021-08-12,0
2021-06-25,3,7646,2021-08-12,0
2021-06-26,4,7650,2021-08-12,0
2021-06-27,2,7652,2021-08-12,0
2021-06-28,2,7654,2021-08-12,0
2021-06-29,2,7656,2021-08-12,0
2021-06-30,2,7658,2021-08-12,0
2021-07-01,0,7658,2021-08-12,0
2021-07-02,2,7660,2021-08-12,0
2021-07-03,2,7662,2021-08-12,0
2021-07-04,3,7665,2021-08-12,0
2021-07-05,1,7666,2021-08-12,0
2021-07-06,4,7670,2021-08-12,0
2021-07-07,1,7671,2021-08-12,0
2021-07-08,1,7672,2021-08-12,0
2021-07-09,0,7672,2021-08-12,0
2021-07-10,1,7673,2021-08-12,0
2021-07-11,2,7675,2021-08-12,0
2021-07-12,1,7676,2021-08-12,0
2021-07-13,2,7678,2021-08-12,0
2021-07-14,2,7680,2021-08-12,0
2021-07-15,2,7682,2021-08-12,0
2021-07-16,1,7683,2021-08-12,0
2021-07-17,1,7684,2021-08-12,0
2021-07-18,0,7684,2021-08-12,0
2021-07-19,0,7684,2021-08-12,0
2021-07-20,2,7686,2021-08-12,0
2021-07-21,2,7688,2021-08-12,0
2021-07-22,2,7690,2021-08-12,0
2021-07-23,3,7693,2021-08-12,0
2021-07-24,0,7693,2021-08-12,0
2021-07-25,2,7695,2021-08-12,0
2021-07-26,0,7695,2021-08-12,0
2021-07-27,2,7697,2021-08-12,0
2021-07-28,3,7700,2021-08-12,0
2021-07-29,2,7702,2021-08-12,0
2021-07-30,5,7707,2021-08-12,0
2021-07-31,3,7710,2021-08-12,0
2021-08-01,1,7711,2021-08-12,1
2021-08-02,2,7713,2021-08-12,1
2021-08-03,1,7714,2021-08-12,0
2021-08-04,2,7716,2021-08-12,0
2021-08-05,2,7718,2021-08-12,1
2021-08-06,3,7721,2021-08-12,0
2021-08-07,2,7723,2021-08-12,1
2020-03-19,1,1,2021-08-13,0
2020-03-20,0,1,2021-08-13,0
2020-03-21,0,1,2021-08-13,0
2020-03-22,0,1,2021-08-13,0
2020-03-23,0,1,2021-08-13,0
2020-03-24,1,2,2021-08-13,0
2020-03-25,1,3,2021-08-13,0
2020-03-26,1,4,2021-08-13,0
2020-03-27,5,9,2021-08-13,0
2020-03-28,3,12,2021-08-13,0
2020-03-29,0,12,2021-08-13,0
2020-03-30,5,17,2021-08-13,0
2020-03-31,2,19,2021-08-13,0
2020-04-01,5,24,2021-08-13,0
2020-04-02,3,27,2021-08-13,0
2020-04-03,1,28,2021-08-13,0
2020-04-04,5,33,2021-08-13,0
2020-04-05,5,38,2021-08-13,0
2020-04-06,10,48,2021-08-13,0
2020-04-07,6,54,2021-08-13,0
2020-04-08,7,61,2021-08-13,0
2020-04-09,8,69,2021-08-13,0
2020-04-10,6,75,2021-08-13,0
2020-04-11,4,79,2021-08-13,0
2020-04-12,4,83,2021-08-13,0
2020-04-13,10,93,2021-08-13,0
2020-04-14,6,99,2021-08-13,0
2020-04-15,17,116,2021-08-13,0
2020-04-16,10,126,2021-08-13,0
2020-04-17,17,143,2021-08-13,0
2020-04-18,17,160,2021-08-13,0
2020-04-19,16,176,2021-08-13,0
2020-04-20,21,197,2021-08-13,0
2020-04-21,26,223,2021-08-13,0
2020-04-22,21,244,2021-08-13,0
2020-04-23,19,263,2021-08-13,0
2020-04-24,23,286,2021-08-13,0
2020-04-25,18,304,2021-08-13,0
2020-04-26,17,321,2021-08-13,0
2020-04-27,21,342,2021-08-13,0
2020-04-28,16,358,2021-08-13,0
2020-04-29,29,387,2021-08-13,0
2020-04-30,18,405,2021-08-13,0
2020-05-01,30,435,2021-08-13,0
2020-05-02,19,454,2021-08-13,0
2020-05-03,29,483,2021-08-13,0
2020-05-04,23,506,2021-08-13,0
2020-05-05,19,525,2021-08-13,0
2020-05-06,25,550,2021-08-13,0
2020-05-07,30,580,2021-08-13,0
2020-05-08,20,600,2021-08-13,0
2020-05-09,26,626,2021-08-13,0
2020-05-10,19,645,2021-08-13,0
2020-05-11,25,670,2021-08-13,0
2020-05-12,20,690,2021-08-13,0
2020-05-13,22,712,2021-08-13,0
2020-05-14,20,732,2021-08-13,0
2020-05-15,20,752,2021-08-13,0
2020-05-16,20,772,2021-08-13,0
2020-05-17,23,795,2021-08-13,0
2020-05-18,18,813,2021-08-13,0
2020-05-19,35,848,2021-08-13,0
2020-05-20,24,872,2021-08-13,0
2020-05-21,17,889,2021-08-13,0
2020-05-22,20,909,2021-08-13,0
2020-05-23,26,935,2021-08-13,0
2020-05-24,25,960,2021-08-13,0
2020-05-25,30,990,2021-08-13,0
2020-05-26,29,1019,2021-08-13,0
2020-05-27,25,1044,2021-08-13,0
2020-05-28,21,1065,2021-08-13,0
2020-05-29,17,1082,2021-08-13,0
2020-05-30,11,1093,2021-08-13,0
2020-05-31,20,1113,2021-08-13,0
2020-06-01,23,1136,2021-08-13,0
2020-06-02,21,1157,2021-08-13,0
2020-06-03,25,1182,2021-08-13,0
2020-06-04,26,1208,2021-08-13,0
2020-06-05,18,1226,2021-08-13,0
2020-06-06,12,1238,2021-08-13,0
2020-06-07,22,1260,2021-08-13,0
2020-06-08,12,1272,2021-08-13,0
2020-06-09,13,1285,2021-08-13,0
2020-06-10,10,1295,2021-08-13,0
2020-06-11,12,1307,2021-08-13,0
2020-06-12,11,1318,2021-08-13,0
2020-06-13,13,1331,2021-08-13,0
2020-06-14,11,1342,2021-08-13,0
2020-06-15,8,1350,2021-08-13,0
2020-06-16,8,1358,2021-08-13,0
2020-06-17,17,1375,2021-08-13,0
2020-06-18,9,1384,2021-08-13,0
2020-06-19,8,1392,2021-08-13,0
2020-06-20,12,1404,2021-08-13,0
2020-06-21,11,1415,2021-08-13,0
2020-06-22,6,1421,2021-08-13,0
2020-06-23,10,1431,2021-08-13,0
2020-06-24,1,1432,2021-08-13,0
2020-06-25,9,1441,2021-08-13,0
2020-06-26,6,1447,2021-08-13,0
2020-06-27,5,1452,2021-08-13,0
2020-06-28,11,1463,2021-08-13,0
2020-06-29,7,1470,2021-08-13,0
2020-06-30,9,1479,2021-08-13,0
2020-07-01,2,1481,2021-08-13,0
2020-07-02,3,1484,2021-08-13,0
2020-07-03,5,1489,2021-08-13,0
2020-07-04,4,1493,2021-08-13,0
2020-07-05,6,1499,2021-08-13,0
2020-07-06,4,1503,2021-08-13,0
2020-07-07,2,1505,2021-08-13,0
2020-07-08,9,1514,2021-08-13,0
2020-07-09,4,1518,2021-08-13,0
2020-07-10,3,1521,2021-08-13,0
2020-07-11,4,1525,2021-08-13,0
2020-07-12,6,1531,2021-08-13,0
2020-07-13,2,1533,2021-08-13,0
2020-07-14,6,1539,2021-08-13,0
2020-07-15,7,1546,2021-08-13,0
2020-07-16,3,1549,2021-08-13,0
2020-07-17,7,1556,2021-08-13,0
2020-07-18,6,1562,2021-08-13,0
2020-07-19,5,1567,2021-08-13,0
2020-07-20,3,1570,2021-08-13,0
2020-07-21,6,1576,2021-08-13,0
2020-07-22,5,1581,2021-08-13,0
2020-07-23,8,1589,2021-08-13,0
2020-07-24,6,1595,2021-08-13,0
2020-07-25,2,1597,2021-08-13,0
2020-07-26,5,1602,2021-08-13,0
2020-07-27,5,1607,2021-08-13,0
2020-07-28,7,1614,2021-08-13,0
2020-07-29,3,1617,2021-08-13,0
2020-07-30,6,1623,2021-08-13,0
2020-07-31,9,1632,2021-08-13,0
2020-08-01,4,1636,2021-08-13,0
2020-08-02,7,1643,2021-08-13,0
2020-08-03,4,1647,2021-08-13,0
2020-08-04,7,1654,2021-08-13,0
2020-08-05,8,1662,2021-08-13,0
2020-08-06,9,1671,2021-08-13,0
2020-08-07,7,1678,2021-08-13,0
2020-08-08,6,1684,2021-08-13,0
2020-08-09,10,1694,2021-08-13,0
2020-08-10,3,1697,2021-08-13,0
2020-08-11,9,1706,2021-08-13,0
2020-08-12,7,1713,2021-08-13,0
2020-08-13,5,1718,2021-08-13,0
2020-08-14,9,1727,2021-08-13,0
2020-08-15,13,1740,2021-08-13,0
2020-08-16,13,1753,2021-08-13,0
2020-08-17,6,1759,2021-08-13,0
2020-08-18,11,1770,2021-08-13,0
2020-08-19,3,1773,2021-08-13,0
2020-08-20,10,1783,2021-08-13,0
2020-08-21,12,1795,2021-08-13,0
2020-08-22,9,1804,2021-08-13,0
2020-08-23,7,1811,2021-08-13,0
2020-08-24,9,1820,2021-08-13,0
2020-08-25,4,1824,2021-08-13,0
2020-08-26,3,1827,2021-08-13,0
2020-08-27,7,1834,2021-08-13,0
2020-08-28,6,1840,2021-08-13,0
2020-08-29,3,1843,2021-08-13,0
2020-08-30,5,1848,2021-08-13,0
2020-08-31,9,1857,2021-08-13,0
2020-09-01,2,1859,2021-08-13,0
2020-09-02,7,1866,2021-08-13,0
2020-09-03,12,1878,2021-08-13,0
2020-09-04,4,1882,2021-08-13,0
2020-09-05,6,1888,2021-08-13,0
2020-09-06,12,1900,2021-08-13,0
2020-09-07,3,1903,2021-08-13,0
2020-09-08,6,1909,2021-08-13,0
2020-09-09,10,1919,2021-08-13,0
2020-09-10,9,1928,2021-08-13,0
2020-09-11,11,1939,2021-08-13,0
2020-09-12,8,1947,2021-08-13,0
2020-09-13,8,1955,2021-08-13,0
2020-09-14,2,1957,2021-08-13,0
2020-09-15,6,1963,2021-08-13,0
2020-09-16,9,1972,2021-08-13,0
2020-09-17,5,1977,2021-08-13,0
2020-09-18,6,1983,2021-08-13,0
2020-09-19,4,1987,2021-08-13,0
2020-09-20,9,1996,2021-08-13,0
2020-09-21,7,2003,2021-08-13,0
2020-09-22,8,2011,2021-08-13,0
2020-09-23,9,2020,2021-08-13,0
2020-09-24,7,2027,2021-08-13,0
2020-09-25,11,2038,2021-08-13,0
2020-09-26,9,2047,2021-08-13,0
2020-09-27,14,2061,2021-08-13,0
2020-09-28,11,2072,2021-08-13,0
2020-09-29,5,2077,2021-08-13,0
2020-09-30,16,2093,2021-08-13,0
2020-10-01,7,2100,2021-08-13,0
2020-10-02,13,2113,2021-08-13,0
2020-10-03,9,2122,2021-08-13,0
2020-10-04,7,2129,2021-08-13,0
2020-10-05,10,2139,2021-08-13,0
2020-10-06,12,2151,2021-08-13,0
2020-10-07,19,2170,2021-08-13,0
2020-10-08,9,2179,2021-08-13,0
2020-10-09,17,2196,2021-08-13,0
2020-10-10,16,2212,2021-08-13,0
2020-10-11,16,2228,2021-08-13,0
2020-10-12,20,2248,2021-08-13,0
2020-10-13,14,2262,2021-08-13,0
2020-10-14,10,2272,2021-08-13,0
2020-10-15,9,2281,2021-08-13,0
2020-10-16,12,2293,2021-08-13,0
2020-10-17,18,2311,2021-08-13,0
2020-10-18,25,2336,2021-08-13,0
2020-10-19,18,2354,2021-08-13,0
2020-10-20,15,2369,2021-08-13,0
2020-10-21,24,2393,2021-08-13,0
2020-10-22,18,2411,2021-08-13,0
2020-10-23,19,2430,2021-08-13,0
2020-10-24,8,2438,2021-08-13,0
2020-10-25,17,2455,2021-08-13,0
2020-10-26,25,2480,2021-08-13,0
2020-10-27,23,2503,2021-08-13,0
2020-10-28,29,2532,2021-08-13,0
2020-10-29,18,2550,2021-08-13,0
2020-10-30,27,2577,2021-08-13,0
2020-10-31,25,2602,2021-08-13,0
2020-11-01,21,2623,2021-08-13,0
2020-11-02,25,2648,2021-08-13,0
2020-11-03,25,2673,2021-08-13,0
2020-11-04,33,2706,2021-08-13,0
2020-11-05,37,2743,2021-08-13,0
2020-11-06,39,2782,2021-08-13,0
2020-11-07,42,2824,2021-08-13,0
2020-11-08,47,2871,2021-08-13,0
2020-11-09,36,2907,2021-08-13,0
2020-11-10,35,2942,2021-08-13,0
2020-11-11,43,2985,2021-08-13,0
2020-11-12,45,3030,2021-08-13,0
2020-11-13,40,3070,2021-08-13,0
2020-11-14,47,3117,2021-08-13,0
2020-11-15,46,3163,2021-08-13,0
2020-11-16,62,3225,2021-08-13,0
2020-11-17,56,3281,2021-08-13,0
2020-11-18,61,3342,2021-08-13,0
2020-11-19,60,3402,2021-08-13,0
2020-11-20,63,3465,2021-08-13,0
2020-11-21,58,3523,2021-08-13,0
2020-11-22,67,3590,2021-08-13,0
2020-11-23,59,3649,2021-08-13,0
2020-11-24,68,3717,2021-08-13,0
2020-11-25,72,3789,2021-08-13,0
2020-11-26,54,3843,2021-08-13,0
2020-11-27,69,3912,2021-08-13,0
2020-11-28,60,3972,2021-08-13,0
2020-11-29,68,4040,2021-08-13,0
2020-11-30,60,4100,2021-08-13,0
2020-12-01,63,4163,2021-08-13,0
2020-12-02,73,4236,2021-08-13,0
2020-12-03,86,4322,2021-08-13,0
2020-12-04,67,4389,2021-08-13,0
2020-12-05,74,4463,2021-08-13,0
2020-12-06,80,4543,2021-08-13,0
2020-12-07,75,4618,2021-08-13,0
2020-12-08,61,4679,2021-08-13,0
2020-12-09,71,4750,2021-08-13,0
2020-12-10,71,4821,2021-08-13,0
2020-12-11,70,4891,2021-08-13,0
2020-12-12,71,4962,2021-08-13,0
2020-12-13,55,5017,2021-08-13,0
2020-12-14,43,5060,2021-08-13,0
2020-12-15,65,5125,2021-08-13,0
2020-12-16,70,5195,2021-08-13,0
2020-12-17,60,5255,2021-08-13,0
2020-12-18,59,5314,2021-08-13,0
2020-12-19,56,5370,2021-08-13,0
2020-12-20,59,5429,2021-08-13,0
2020-12-21,58,5487,2021-08-13,0
2020-12-22,33,5520,2021-08-13,0
2020-12-23,44,5564,2021-08-13,0
2020-12-24,50,5614,2021-08-13,0
2020-12-25,36,5650,2021-08-13,0
2020-12-26,43,5693,2021-08-13,0
2020-12-27,41,5734,2021-08-13,0
2020-12-28,33,5767,2021-08-13,0
2020-12-29,36,5803,2021-08-13,0
2020-12-30,47,5850,2021-08-13,0
2020-12-31,36,5886,2021-08-13,0
2021-01-01,28,5914,2021-08-13,0
2021-01-02,46,5960,2021-08-13,0
2021-01-03,36,5996,2021-08-13,0
2021-01-04,31,6027,2021-08-13,0
2021-01-05,40,6067,2021-08-13,0
2021-01-06,32,6099,2021-08-13,0
2021-01-07,37,6136,2021-08-13,0
2021-01-08,32,6168,2021-08-13,0
2021-01-09,25,6193,2021-08-13,0
2021-01-10,29,6222,2021-08-13,0
2021-01-11,26,6248,2021-08-13,0
2021-01-12,32,6280,2021-08-13,0
2021-01-13,23,6303,2021-08-13,0
2021-01-14,41,6344,2021-08-13,0
2021-01-15,26,6370,2021-08-13,0
2021-01-16,28,6398,2021-08-13,0
2021-01-17,21,6419,2021-08-13,0
2021-01-18,19,6438,2021-08-13,0
2021-01-19,14,6452,2021-08-13,0
2021-01-20,26,6478,2021-08-13,0
2021-01-21,16,6494,2021-08-13,0
2021-01-22,13,6507,2021-08-13,0
2021-01-23,17,6524,2021-08-13,0
2021-01-24,24,6548,2021-08-13,0
2021-01-25,17,6565,2021-08-13,0
2021-01-26,21,6586,2021-08-13,0
2021-01-27,11,6597,2021-08-13,0
2021-01-28,12,6609,2021-08-13,0
2021-01-29,15,6624,2021-08-13,0
2021-01-30,13,6637,2021-08-13,0
2021-01-31,16,6653,2021-08-13,0
2021-02-01,17,6670,2021-08-13,0
2021-02-02,10,6680,2021-08-13,0
2021-02-03,11,6691,2021-08-13,0
2021-02-04,11,6702,2021-08-13,0
2021-02-05,10,6712,2021-08-13,0
2021-02-06,12,6724,2021-08-13,0
2021-02-07,19,6743,2021-08-13,0
2021-02-08,11,6754,2021-08-13,0
2021-02-09,14,6768,2021-08-13,0
2021-02-10,13,6781,2021-08-13,0
2021-02-11,7,6788,2021-08-13,0
2021-02-12,12,6800,2021-08-13,0
2021-02-13,8,6808,2021-08-13,0
2021-02-14,9,6817,2021-08-13,0
2021-02-15,9,6826,2021-08-13,0
2021-02-16,12,6838,2021-08-13,0
2021-02-17,10,6848,2021-08-13,0
2021-02-18,7,6855,2021-08-13,0
2021-02-19,6,6861,2021-08-13,0
2021-02-20,7,6868,2021-08-13,0
2021-02-21,4,6872,2021-08-13,0
2021-02-22,5,6877,2021-08-13,0
2021-02-23,9,6886,2021-08-13,0
2021-02-24,4,6890,2021-08-13,0
2021-02-25,5,6895,2021-08-13,0
2021-02-26,7,6902,2021-08-13,0
2021-02-27,5,6907,2021-08-13,0
2021-02-28,8,6915,2021-08-13,0
2021-03-01,7,6922,2021-08-13,0
2021-03-02,2,6924,2021-08-13,0
2021-03-03,10,6934,2021-08-13,0
2021-03-04,6,6940,2021-08-13,0
2021-03-05,10,6950,2021-08-13,0
2021-03-06,5,6955,2021-08-13,0
2021-03-07,9,6964,2021-08-13,0
2021-03-08,5,6969,2021-08-13,0
2021-03-09,7,6976,2021-08-13,0
2021-03-10,5,6981,2021-08-13,0
2021-03-11,4,6985,2021-08-13,0
2021-03-12,10,6995,2021-08-13,0
2021-03-13,5,7000,2021-08-13,0
2021-03-14,4,7004,2021-08-13,0
2021-03-15,2,7006,2021-08-13,0
2021-03-16,4,7010,2021-08-13,0
2021-03-17,4,7014,2021-08-13,0
2021-03-18,5,7019,2021-08-13,0
2021-03-19,5,7024,2021-08-13,0
2021-03-20,9,7033,2021-08-13,0
2021-03-21,5,7038,2021-08-13,0
2021-03-22,4,7042,2021-08-13,0
2021-03-23,5,7047,2021-08-13,0
2021-03-24,1,7048,2021-08-13,0
2021-03-25,5,7053,2021-08-13,0
2021-03-26,3,7056,2021-08-13,0
2021-03-27,7,7063,2021-08-13,0
2021-03-28,6,7069,2021-08-13,0
2021-03-29,5,7074,2021-08-13,0
2021-03-30,6,7080,2021-08-13,0
2021-03-31,8,7088,2021-08-13,0
2021-04-01,6,7094,2021-08-13,0
2021-04-02,9,7103,2021-08-13,0
2021-04-03,8,7111,2021-08-13,0
2021-04-04,6,7117,2021-08-13,0
2021-04-05,8,7125,2021-08-13,0
2021-04-06,6,7131,2021-08-13,0
2021-04-07,6,7137,2021-08-13,0
2021-04-08,10,7147,2021-08-13,0
2021-04-09,6,7153,2021-08-13,0
2021-04-10,7,7160,2021-08-13,0
2021-04-11,8,7168,2021-08-13,0
2021-04-12,9,7177,2021-08-13,0
2021-04-13,6,7183,2021-08-13,0
2021-04-14,8,7191,2021-08-13,0
2021-04-15,14,7205,2021-08-13,0
2021-04-16,8,7213,2021-08-13,0
2021-04-17,8,7221,2021-08-13,0
2021-04-18,8,7229,2021-08-13,0
2021-04-19,9,7238,2021-08-13,0
2021-04-20,5,7243,2021-08-13,0
2021-04-21,8,7251,2021-08-13,0
2021-04-22,1,7252,2021-08-13,0
2021-04-23,15,7267,2021-08-13,0
2021-04-24,11,7278,2021-08-13,0
2021-04-25,15,7293,2021-08-13,0
2021-04-26,14,7307,2021-08-13,0
2021-04-27,7,7314,2021-08-13,0
2021-04-28,14,7328,2021-08-13,0
2021-04-29,8,7336,2021-08-13,0
2021-04-30,11,7347,2021-08-13,0
2021-05-01,7,7354,2021-08-13,0
2021-05-02,8,7362,2021-08-13,0
2021-05-03,5,7367,2021-08-13,0
2021-05-04,13,7380,2021-08-13,0
2021-05-05,8,7388,2021-08-13,0
2021-05-06,5,7393,2021-08-13,0
2021-05-07,8,7401,2021-08-13,0
2021-05-08,7,7408,2021-08-13,0
2021-05-09,9,7417,2021-08-13,0
2021-05-10,8,7425,2021-08-13,0
2021-05-11,6,7431,2021-08-13,0
2021-05-12,9,7440,2021-08-13,0
2021-05-13,9,7449,2021-08-13,0
2021-05-14,11,7460,2021-08-13,0
2021-05-15,9,7469,2021-08-13,0
2021-05-16,5,7474,2021-08-13,0
2021-05-17,5,7479,2021-08-13,0
2021-05-18,7,7486,2021-08-13,0
2021-05-19,2,7488,2021-08-13,0
2021-05-20,5,7493,2021-08-13,0
2021-05-21,7,7500,2021-08-13,0
2021-05-22,10,7510,2021-08-13,0
2021-05-23,5,7515,2021-08-13,0
2021-05-24,5,7520,2021-08-13,0
2021-05-25,6,7526,2021-08-13,0
2021-05-26,3,7529,2021-08-13,0
2021-05-27,7,7536,2021-08-13,0
2021-05-28,2,7538,2021-08-13,0
2021-05-29,6,7544,2021-08-13,0
2021-05-30,4,7548,2021-08-13,0
2021-05-31,3,7551,2021-08-13,0
2021-06-01,5,7556,2021-08-13,0
2021-06-02,8,7564,2021-08-13,0
2021-06-03,4,7568,2021-08-13,0
2021-06-04,4,7572,2021-08-13,0
2021-06-05,1,7573,2021-08-13,0
2021-06-06,5,7578,2021-08-13,0
2021-06-07,3,7581,2021-08-13,0
2021-06-08,5,7586,2021-08-13,0
2021-06-09,4,7590,2021-08-13,0
2021-06-10,6,7596,2021-08-13,0
2021-06-11,6,7602,2021-08-13,0
2021-06-12,4,7606,2021-08-13,0
2021-06-13,3,7609,2021-08-13,0
2021-06-14,3,7612,2021-08-13,0
2021-06-15,2,7614,2021-08-13,0
2021-06-16,2,7616,2021-08-13,0
2021-06-17,4,7620,2021-08-13,0
2021-06-18,1,7621,2021-08-13,0
2021-06-19,6,7627,2021-08-13,0
2021-06-20,1,7628,2021-08-13,0
2021-06-21,5,7633,2021-08-13,0
2021-06-22,3,7636,2021-08-13,0
2021-06-23,4,7640,2021-08-13,0
2021-06-24,3,7643,2021-08-13,0
2021-06-25,3,7646,2021-08-13,0
2021-06-26,4,7650,2021-08-13,0
2021-06-27,2,7652,2021-08-13,0
2021-06-28,2,7654,2021-08-13,0
2021-06-29,2,7656,2021-08-13,0
2021-06-30,2,7658,2021-08-13,0
2021-07-01,0,7658,2021-08-13,0
2021-07-02,2,7660,2021-08-13,0
2021-07-03,2,7662,2021-08-13,0
2021-07-04,3,7665,2021-08-13,0
2021-07-05,1,7666,2021-08-13,0
2021-07-06,4,7670,2021-08-13,0
2021-07-07,1,7671,2021-08-13,0
2021-07-08,1,7672,2021-08-13,0
2021-07-09,0,7672,2021-08-13,0
2021-07-10,1,7673,2021-08-13,0
2021-07-11,2,7675,2021-08-13,0
2021-07-12,1,7676,2021-08-13,0
2021-07-13,2,7678,2021-08-13,0
2021-07-14,2,7680,2021-08-13,0
2021-07-15,2,7682,2021-08-13,0
2021-07-16,1,7683,2021-08-13,0
2021-07-17,1,7684,2021-08-13,0
2021-07-18,0,7684,2021-08-13,0
2021-07-19,0,7684,2021-08-13,0
2021-07-20,2,7686,2021-08-13,0
2021-07-21,2,7688,2021-08-13,0
2021-07-22,2,7690,2021-08-13,0
2021-07-23,3,7693,2021-08-13,0
2021-07-24,0,7693,2021-08-13,0
2021-07-25,2,7695,2021-08-13,0
2021-07-26,0,7695,2021-08-13,0
2021-07-27,2,7697,2021-08-13,0
2021-07-28,3,7700,2021-08-13,0
2021-07-29,2,7702,2021-08-13,0
2021-07-30,5,7707,2021-08-13,0
2021-07-31,3,7710,2021-08-13,0
2021-08-01,1,7711,2021-08-13,0
2021-08-02,2,7713,2021-08-13,0
2021-08-03,1,7714,2021-08-13,0
2021-08-04,3,7717,2021-08-13,1
2021-08-05,2,7719,2021-08-13,0
2021-08-06,5,7724,2021-08-13,2
2021-08-07,3,7727,2021-08-13,1
2021-08-08,1,7728,2021-08-13,1
2021-08-09,1,7729,2021-08-13,1
2020-03-19,1,1,2021-08-16,0
2020-03-20,0,1,2021-08-16,0
2020-03-21,0,1,2021-08-16,0
2020-03-22,0,1,2021-08-16,0
2020-03-23,0,1,2021-08-16,0
2020-03-24,1,2,2021-08-16,0
2020-03-25,1,3,2021-08-16,0
2020-03-26,1,4,2021-08-16,0
2020-03-27,5,9,2021-08-16,0
2020-03-28,3,12,2021-08-16,0
2020-03-29,0,12,2021-08-16,0
2020-03-30,5,17,2021-08-16,0
2020-03-31,2,19,2021-08-16,0
2020-04-01,5,24,2021-08-16,0
2020-04-02,3,27,2021-08-16,0
2020-04-03,1,28,2021-08-16,0
2020-04-04,5,33,2021-08-16,0
2020-04-05,5,38,2021-08-16,0
2020-04-06,10,48,2021-08-16,0
2020-04-07,6,54,2021-08-16,0
2020-04-08,7,61,2021-08-16,0
2020-04-09,8,69,2021-08-16,0
2020-04-10,6,75,2021-08-16,0
2020-04-11,4,79,2021-08-16,0
2020-04-12,4,83,2021-08-16,0
2020-04-13,10,93,2021-08-16,0
2020-04-14,6,99,2021-08-16,0
2020-04-15,17,116,2021-08-16,0
2020-04-16,10,126,2021-08-16,0
2020-04-17,17,143,2021-08-16,0
2020-04-18,17,160,2021-08-16,0
2020-04-19,16,176,2021-08-16,0
2020-04-20,21,197,2021-08-16,0
2020-04-21,26,223,2021-08-16,0
2020-04-22,21,244,2021-08-16,0
2020-04-23,19,263,2021-08-16,0
2020-04-24,23,286,2021-08-16,0
2020-04-25,18,304,2021-08-16,0
2020-04-26,17,321,2021-08-16,0
2020-04-27,21,342,2021-08-16,0
2020-04-28,16,358,2021-08-16,0
2020-04-29,29,387,2021-08-16,0
2020-04-30,18,405,2021-08-16,0
2020-05-01,30,435,2021-08-16,0
2020-05-02,19,454,2021-08-16,0
2020-05-03,29,483,2021-08-16,0
2020-05-04,23,506,2021-08-16,0
2020-05-05,19,525,2021-08-16,0
2020-05-06,25,550,2021-08-16,0
2020-05-07,30,580,2021-08-16,0
2020-05-08,20,600,2021-08-16,0
2020-05-09,26,626,2021-08-16,0
2020-05-10,19,645,2021-08-16,0
2020-05-11,25,670,2021-08-16,0
2020-05-12,20,690,2021-08-16,0
2020-05-13,22,712,2021-08-16,0
2020-05-14,20,732,2021-08-16,0
2020-05-15,20,752,2021-08-16,0
2020-05-16,20,772,2021-08-16,0
2020-05-17,23,795,2021-08-16,0
2020-05-18,18,813,2021-08-16,0
2020-05-19,35,848,2021-08-16,0
2020-05-20,24,872,2021-08-16,0
2020-05-21,17,889,2021-08-16,0
2020-05-22,20,909,2021-08-16,0
2020-05-23,26,935,2021-08-16,0
2020-05-24,25,960,2021-08-16,0
2020-05-25,30,990,2021-08-16,0
2020-05-26,29,1019,2021-08-16,0
2020-05-27,25,1044,2021-08-16,0
2020-05-28,21,1065,2021-08-16,0
2020-05-29,17,1082,2021-08-16,0
2020-05-30,11,1093,2021-08-16,0
2020-05-31,20,1113,2021-08-16,0
2020-06-01,23,1136,2021-08-16,0
2020-06-02,21,1157,2021-08-16,0
2020-06-03,25,1182,2021-08-16,0
2020-06-04,26,1208,2021-08-16,0
2020-06-05,18,1226,2021-08-16,0
2020-06-06,12,1238,2021-08-16,0
2020-06-07,22,1260,2021-08-16,0
2020-06-08,12,1272,2021-08-16,0
2020-06-09,13,1285,2021-08-16,0
2020-06-10,10,1295,2021-08-16,0
2020-06-11,12,1307,2021-08-16,0
2020-06-12,11,1318,2021-08-16,0
2020-06-13,13,1331,2021-08-16,0
2020-06-14,11,1342,2021-08-16,0
2020-06-15,8,1350,2021-08-16,0
2020-06-16,8,1358,2021-08-16,0
2020-06-17,17,1375,2021-08-16,0
2020-06-18,9,1384,2021-08-16,0
2020-06-19,8,1392,2021-08-16,0
2020-06-20,12,1404,2021-08-16,0
2020-06-21,11,1415,2021-08-16,0
2020-06-22,6,1421,2021-08-16,0
2020-06-23,10,1431,2021-08-16,0
2020-06-24,1,1432,2021-08-16,0
2020-06-25,9,1441,2021-08-16,0
2020-06-26,6,1447,2021-08-16,0
2020-06-27,5,1452,2021-08-16,0
2020-06-28,11,1463,2021-08-16,0
2020-06-29,7,1470,2021-08-16,0
2020-06-30,9,1479,2021-08-16,0
2020-07-01,2,1481,2021-08-16,0
2020-07-02,3,1484,2021-08-16,0
2020-07-03,5,1489,2021-08-16,0
2020-07-04,4,1493,2021-08-16,0
2020-07-05,6,1499,2021-08-16,0
2020-07-06,4,1503,2021-08-16,0
2020-07-07,2,1505,2021-08-16,0
2020-07-08,9,1514,2021-08-16,0
2020-07-09,4,1518,2021-08-16,0
2020-07-10,3,1521,2021-08-16,0
2020-07-11,4,1525,2021-08-16,0
2020-07-12,6,1531,2021-08-16,0
2020-07-13,2,1533,2021-08-16,0
2020-07-14,6,1539,2021-08-16,0
2020-07-15,7,1546,2021-08-16,0
2020-07-16,3,1549,2021-08-16,0
2020-07-17,7,1556,2021-08-16,0
2020-07-18,6,1562,2021-08-16,0
2020-07-19,5,1567,2021-08-16,0
2020-07-20,3,1570,2021-08-16,0
2020-07-21,6,1576,2021-08-16,0
2020-07-22,5,1581,2021-08-16,0
2020-07-23,8,1589,2021-08-16,0
2020-07-24,6,1595,2021-08-16,0
2020-07-25,2,1597,2021-08-16,0
2020-07-26,5,1602,2021-08-16,0
2020-07-27,5,1607,2021-08-16,0
2020-07-28,7,1614,2021-08-16,0
2020-07-29,3,1617,2021-08-16,0
2020-07-30,6,1623,2021-08-16,0
2020-07-31,9,1632,2021-08-16,0
2020-08-01,4,1636,2021-08-16,0
2020-08-02,7,1643,2021-08-16,0
2020-08-03,4,1647,2021-08-16,0
2020-08-04,7,1654,2021-08-16,0
2020-08-05,8,1662,2021-08-16,0
2020-08-06,9,1671,2021-08-16,0
2020-08-07,7,1678,2021-08-16,0
2020-08-08,6,1684,2021-08-16,0
2020-08-09,10,1694,2021-08-16,0
2020-08-10,3,1697,2021-08-16,0
2020-08-11,9,1706,2021-08-16,0
2020-08-12,7,1713,2021-08-16,0
2020-08-13,5,1718,2021-08-16,0
2020-08-14,9,1727,2021-08-16,0
2020-08-15,13,1740,2021-08-16,0
2020-08-16,13,1753,2021-08-16,0
2020-08-17,6,1759,2021-08-16,0
2020-08-18,11,1770,2021-08-16,0
2020-08-19,3,1773,2021-08-16,0
2020-08-20,10,1783,2021-08-16,0
2020-08-21,12,1795,2021-08-16,0
2020-08-22,9,1804,2021-08-16,0
2020-08-23,7,1811,2021-08-16,0
2020-08-24,9,1820,2021-08-16,0
2020-08-25,4,1824,2021-08-16,0
2020-08-26,3,1827,2021-08-16,0
2020-08-27,7,1834,2021-08-16,0
2020-08-28,6,1840,2021-08-16,0
2020-08-29,3,1843,2021-08-16,0
2020-08-30,5,1848,2021-08-16,0
2020-08-31,9,1857,2021-08-16,0
2020-09-01,2,1859,2021-08-16,0
2020-09-02,7,1866,2021-08-16,0
2020-09-03,12,1878,2021-08-16,0
2020-09-04,4,1882,2021-08-16,0
2020-09-05,6,1888,2021-08-16,0
2020-09-06,12,1900,2021-08-16,0
2020-09-07,3,1903,2021-08-16,0
2020-09-08,6,1909,2021-08-16,0
2020-09-09,10,1919,2021-08-16,0
2020-09-10,9,1928,2021-08-16,0
2020-09-11,11,1939,2021-08-16,0
2020-09-12,8,1947,2021-08-16,0
2020-09-13,8,1955,2021-08-16,0
2020-09-14,2,1957,2021-08-16,0
2020-09-15,6,1963,2021-08-16,0
2020-09-16,9,1972,2021-08-16,0
2020-09-17,5,1977,2021-08-16,0
2020-09-18,6,1983,2021-08-16,0
2020-09-19,4,1987,2021-08-16,0
2020-09-20,9,1996,2021-08-16,0
2020-09-21,7,2003,2021-08-16,0
2020-09-22,8,2011,2021-08-16,0
2020-09-23,9,2020,2021-08-16,0
2020-09-24,7,2027,2021-08-16,0
2020-09-25,11,2038,2021-08-16,0
2020-09-26,9,2047,2021-08-16,0
2020-09-27,14,2061,2021-08-16,0
2020-09-28,11,2072,2021-08-16,0
2020-09-29,5,2077,2021-08-16,0
2020-09-30,16,2093,2021-08-16,0
2020-10-01,7,2100,2021-08-16,0
2020-10-02,13,2113,2021-08-16,0
2020-10-03,9,2122,2021-08-16,0
2020-10-04,7,2129,2021-08-16,0
2020-10-05,10,2139,2021-08-16,0
2020-10-06,12,2151,2021-08-16,0
2020-10-07,19,2170,2021-08-16,0
2020-10-08,9,2179,2021-08-16,0
2020-10-09,17,2196,2021-08-16,0
2020-10-10,16,2212,2021-08-16,0
2020-10-11,16,2228,2021-08-16,0
2020-10-12,20,2248,2021-08-16,0
2020-10-13,14,2262,2021-08-16,0
2020-10-14,10,2272,2021-08-16,0
2020-10-15,9,2281,2021-08-16,0
2020-10-16,12,2293,2021-08-16,0
2020-10-17,18,2311,2021-08-16,0
2020-10-18,25,2336,2021-08-16,0
2020-10-19,18,2354,2021-08-16,0
2020-10-20,15,2369,2021-08-16,0
2020-10-21,24,2393,2021-08-16,0
2020-10-22,18,2411,2021-08-16,0
2020-10-23,19,2430,2021-08-16,0
2020-10-24,8,2438,2021-08-16,0
2020-10-25,17,2455,2021-08-16,0
2020-10-26,25,2480,2021-08-16,0
2020-10-27,23,2503,2021-08-16,0
2020-10-28,29,2532,2021-08-16,0
2020-10-29,18,2550,2021-08-16,0
2020-10-30,27,2577,2021-08-16,0
2020-10-31,25,2602,2021-08-16,0
2020-11-01,21,2623,2021-08-16,0
2020-11-02,25,2648,2021-08-16,0
2020-11-03,25,2673,2021-08-16,0
2020-11-04,33,2706,2021-08-16,0
2020-11-05,37,2743,2021-08-16,0
2020-11-06,39,2782,2021-08-16,0
2020-11-07,42,2824,2021-08-16,0
2020-11-08,47,2871,2021-08-16,0
2020-11-09,36,2907,2021-08-16,0
2020-11-10,35,2942,2021-08-16,0
2020-11-11,43,2985,2021-08-16,0
2020-11-12,45,3030,2021-08-16,0
2020-11-13,40,3070,2021-08-16,0
2020-11-14,47,3117,2021-08-16,0
2020-11-15,46,3163,2021-08-16,0
2020-11-16,62,3225,2021-08-16,0
2020-11-17,56,3281,2021-08-16,0
2020-11-18,61,3342,2021-08-16,0
2020-11-19,60,3402,2021-08-16,0
2020-11-20,63,3465,2021-08-16,0
2020-11-21,58,3523,2021-08-16,0
2020-11-22,67,3590,2021-08-16,0
2020-11-23,59,3649,2021-08-16,0
2020-11-24,68,3717,2021-08-16,0
2020-11-25,72,3789,2021-08-16,0
2020-11-26,54,3843,2021-08-16,0
2020-11-27,69,3912,2021-08-16,0
2020-11-28,60,3972,2021-08-16,0
2020-11-29,68,4040,2021-08-16,0
2020-11-30,60,4100,2021-08-16,0
2020-12-01,63,4163,2021-08-16,0
2020-12-02,73,4236,2021-08-16,0
2020-12-03,86,4322,2021-08-16,0
2020-12-04,67,4389,2021-08-16,0
2020-12-05,74,4463,2021-08-16,0
2020-12-06,80,4543,2021-08-16,0
2020-12-07,75,4618,2021-08-16,0
2020-12-08,61,4679,2021-08-16,0
2020-12-09,71,4750,2021-08-16,0
2020-12-10,71,4821,2021-08-16,0
2020-12-11,70,4891,2021-08-16,0
2020-12-12,71,4962,2021-08-16,0
2020-12-13,55,5017,2021-08-16,0
2020-12-14,43,5060,2021-08-16,0
2020-12-15,65,5125,2021-08-16,0
2020-12-16,70,5195,2021-08-16,0
2020-12-17,60,5255,2021-08-16,0
2020-12-18,59,5314,2021-08-16,0
2020-12-19,56,5370,2021-08-16,0
2020-12-20,59,5429,2021-08-16,0
2020-12-21,58,5487,2021-08-16,0
2020-12-22,33,5520,2021-08-16,0
2020-12-23,44,5564,2021-08-16,0
2020-12-24,50,5614,2021-08-16,0
2020-12-25,36,5650,2021-08-16,0
2020-12-26,43,5693,2021-08-16,0
2020-12-27,41,5734,2021-08-16,0
2020-12-28,33,5767,2021-08-16,0
2020-12-29,36,5803,2021-08-16,0
2020-12-30,47,5850,2021-08-16,0
2020-12-31,36,5886,2021-08-16,0
2021-01-01,28,5914,2021-08-16,0
2021-01-02,46,5960,2021-08-16,0
2021-01-03,36,5996,2021-08-16,0
2021-01-04,31,6027,2021-08-16,0
2021-01-05,40,6067,2021-08-16,0
2021-01-06,32,6099,2021-08-16,0
2021-01-07,37,6136,2021-08-16,0
2021-01-08,32,6168,2021-08-16,0
2021-01-09,25,6193,2021-08-16,0
2021-01-10,29,6222,2021-08-16,0
2021-01-11,26,6248,2021-08-16,0
2021-01-12,32,6280,2021-08-16,0
2021-01-13,23,6303,2021-08-16,0
2021-01-14,41,6344,2021-08-16,0
2021-01-15,26,6370,2021-08-16,0
2021-01-16,28,6398,2021-08-16,0
2021-01-17,21,6419,2021-08-16,0
2021-01-18,19,6438,2021-08-16,0
2021-01-19,14,6452,2021-08-16,0
2021-01-20,26,6478,2021-08-16,0
2021-01-21,16,6494,2021-08-16,0
2021-01-22,13,6507,2021-08-16,0
2021-01-23,17,6524,2021-08-16,0
2021-01-24,24,6548,2021-08-16,0
2021-01-25,17,6565,2021-08-16,0
2021-01-26,21,6586,2021-08-16,0
2021-01-27,11,6597,2021-08-16,0
2021-01-28,12,6609,2021-08-16,0
2021-01-29,15,6624,2021-08-16,0
2021-01-30,13,6637,2021-08-16,0
2021-01-31,16,6653,2021-08-16,0
2021-02-01,17,6670,2021-08-16,0
2021-02-02,10,6680,2021-08-16,0
2021-02-03,11,6691,2021-08-16,0
2021-02-04,11,6702,2021-08-16,0
2021-02-05,10,6712,2021-08-16,0
2021-02-06,12,6724,2021-08-16,0
2021-02-07,19,6743,2021-08-16,0
2021-02-08,11,6754,2021-08-16,0
2021-02-09,14,6768,2021-08-16,0
2021-02-10,13,6781,2021-08-16,0
2021-02-11,7,6788,2021-08-16,0
2021-02-12,12,6800,2021-08-16,0
2021-02-13,8,6808,2021-08-16,0
2021-02-14,9,6817,2021-08-16,0
2021-02-15,9,6826,2021-08-16,0
2021-02-16,12,6838,2021-08-16,0
2021-02-17,10,6848,2021-08-16,0
2021-02-18,7,6855,2021-08-16,0
2021-02-19,6,6861,2021-08-16,0
2021-02-20,7,6868,2021-08-16,0
2021-02-21,4,6872,2021-08-16,0
2021-02-22,5,6877,2021-08-16,0
2021-02-23,9,6886,2021-08-16,0
2021-02-24,4,6890,2021-08-16,0
2021-02-25,5,6895,2021-08-16,0
2021-02-26,7,6902,2021-08-16,0
2021-02-27,5,6907,2021-08-16,0
2021-02-28,8,6915,2021-08-16,0
2021-03-01,7,6922,2021-08-16,0
2021-03-02,2,6924,2021-08-16,0
2021-03-03,10,6934,2021-08-16,0
2021-03-04,6,6940,2021-08-16,0
2021-03-05,10,6950,2021-08-16,0
2021-03-06,5,6955,2021-08-16,0
2021-03-07,9,6964,2021-08-16,0
2021-03-08,5,6969,2021-08-16,0
2021-03-09,7,6976,2021-08-16,0
2021-03-10,5,6981,2021-08-16,0
2021-03-11,4,6985,2021-08-16,0
2021-03-12,11,6996,2021-08-16,1
2021-03-13,5,7001,2021-08-16,0
2021-03-14,4,7005,2021-08-16,0
2021-03-15,2,7007,2021-08-16,0
2021-03-16,4,7011,2021-08-16,0
2021-03-17,4,7015,2021-08-16,0
2021-03-18,5,7020,2021-08-16,0
2021-03-19,5,7025,2021-08-16,0
2021-03-20,9,7034,2021-08-16,0
2021-03-21,5,7039,2021-08-16,0
2021-03-22,4,7043,2021-08-16,0
2021-03-23,5,7048,2021-08-16,0
2021-03-24,1,7049,2021-08-16,0
2021-03-25,5,7054,2021-08-16,0
2021-03-26,3,7057,2021-08-16,0
2021-03-27,7,7064,2021-08-16,0
2021-03-28,6,7070,2021-08-16,0
2021-03-29,5,7075,2021-08-16,0
2021-03-30,6,7081,2021-08-16,0
2021-03-31,8,7089,2021-08-16,0
2021-04-01,6,7095,2021-08-16,0
2021-04-02,9,7104,2021-08-16,0
2021-04-03,8,7112,2021-08-16,0
2021-04-04,6,7118,2021-08-16,0
2021-04-05,8,7126,2021-08-16,0
2021-04-06,6,7132,2021-08-16,0
2021-04-07,6,7138,2021-08-16,0
2021-04-08,10,7148,2021-08-16,0
2021-04-09,6,7154,2021-08-16,0
2021-04-10,7,7161,2021-08-16,0
2021-04-11,8,7169,2021-08-16,0
2021-04-12,9,7178,2021-08-16,0
2021-04-13,6,7184,2021-08-16,0
2021-04-14,8,7192,2021-08-16,0
2021-04-15,14,7206,2021-08-16,0
2021-04-16,8,7214,2021-08-16,0
2021-04-17,8,7222,2021-08-16,0
2021-04-18,8,7230,2021-08-16,0
2021-04-19,9,7239,2021-08-16,0
2021-04-20,5,7244,2021-08-16,0
2021-04-21,8,7252,2021-08-16,0
2021-04-22,1,7253,2021-08-16,0
2021-04-23,15,7268,2021-08-16,0
2021-04-24,11,7279,2021-08-16,0
2021-04-25,15,7294,2021-08-16,0
2021-04-26,14,7308,2021-08-16,0
2021-04-27,7,7315,2021-08-16,0
2021-04-28,14,7329,2021-08-16,0
2021-04-29,8,7337,2021-08-16,0
2021-04-30,11,7348,2021-08-16,0
2021-05-01,7,7355,2021-08-16,0
2021-05-02,8,7363,2021-08-16,0
2021-05-03,5,7368,2021-08-16,0
2021-05-04,13,7381,2021-08-16,0
2021-05-05,8,7389,2021-08-16,0
2021-05-06,5,7394,2021-08-16,0
2021-05-07,8,7402,2021-08-16,0
2021-05-08,7,7409,2021-08-16,0
2021-05-09,9,7418,2021-08-16,0
2021-05-10,8,7426,2021-08-16,0
2021-05-11,6,7432,2021-08-16,0
2021-05-12,9,7441,2021-08-16,0
2021-05-13,9,7450,2021-08-16,0
2021-05-14,11,7461,2021-08-16,0
2021-05-15,9,7470,2021-08-16,0
2021-05-16,5,7475,2021-08-16,0
2021-05-17,5,7480,2021-08-16,0
2021-05-18,7,7487,2021-08-16,0
2021-05-19,2,7489,2021-08-16,0
2021-05-20,5,7494,2021-08-16,0
2021-05-21,7,7501,2021-08-16,0
2021-05-22,10,7511,2021-08-16,0
2021-05-23,5,7516,2021-08-16,0
2021-05-24,5,7521,2021-08-16,0
2021-05-25,6,7527,2021-08-16,0
2021-05-26,3,7530,2021-08-16,0
2021-05-27,7,7537,2021-08-16,0
2021-05-28,2,7539,2021-08-16,0
2021-05-29,6,7545,2021-08-16,0
2021-05-30,4,7549,2021-08-16,0
2021-05-31,3,7552,2021-08-16,0
2021-06-01,5,7557,2021-08-16,0
2021-06-02,8,7565,2021-08-16,0
2021-06-03,4,7569,2021-08-16,0
2021-06-04,4,7573,2021-08-16,0
2021-06-05,1,7574,2021-08-16,0
2021-06-06,5,7579,2021-08-16,0
2021-06-07,3,7582,2021-08-16,0
2021-06-08,5,7587,2021-08-16,0
2021-06-09,4,7591,2021-08-16,0
2021-06-10,6,7597,2021-08-16,0
2021-06-11,6,7603,2021-08-16,0
2021-06-12,4,7607,2021-08-16,0
2021-06-13,3,7610,2021-08-16,0
2021-06-14,3,7613,2021-08-16,0
2021-06-15,2,7615,2021-08-16,0
2021-06-16,2,7617,2021-08-16,0
2021-06-17,4,7621,2021-08-16,0
2021-06-18,1,7622,2021-08-16,0
2021-06-19,6,7628,2021-08-16,0
2021-06-20,1,7629,2021-08-16,0
2021-06-21,5,7634,2021-08-16,0
2021-06-22,3,7637,2021-08-16,0
2021-06-23,4,7641,2021-08-16,0
2021-06-24,3,7644,2021-08-16,0
2021-06-25,3,7647,2021-08-16,0
2021-06-26,4,7651,2021-08-16,0
2021-06-27,2,7653,2021-08-16,0
2021-06-28,2,7655,2021-08-16,0
2021-06-29,2,7657,2021-08-16,0
2021-06-30,2,7659,2021-08-16,0
2021-07-01,0,7659,2021-08-16,0
2021-07-02,2,7661,2021-08-16,0
2021-07-03,2,7663,2021-08-16,0
2021-07-04,3,7666,2021-08-16,0
2021-07-05,1,7667,2021-08-16,0
2021-07-06,4,7671,2021-08-16,0
2021-07-07,1,7672,2021-08-16,0
2021-07-08,1,7673,2021-08-16,0
2021-07-09,0,7673,2021-08-16,0
2021-07-10,1,7674,2021-08-16,0
2021-07-11,2,7676,2021-08-16,0
2021-07-12,1,7677,2021-08-16,0
2021-07-13,2,7679,2021-08-16,0
2021-07-14,2,7681,2021-08-16,0
2021-07-15,2,7683,2021-08-16,0
2021-07-16,1,7684,2021-08-16,0
2021-07-17,1,7685,2021-08-16,0
2021-07-18,0,7685,2021-08-16,0
2021-07-19,0,7685,2021-08-16,0
2021-07-20,2,7687,2021-08-16,0
2021-07-21,2,7689,2021-08-16,0
2021-07-22,2,7691,2021-08-16,0
2021-07-23,3,7694,2021-08-16,0
2021-07-24,0,7694,2021-08-16,0
2021-07-25,2,7696,2021-08-16,0
2021-07-26,0,7696,2021-08-16,0
2021-07-27,2,7698,2021-08-16,0
2021-07-28,3,7701,2021-08-16,0
2021-07-29,2,7703,2021-08-16,0
2021-07-30,5,7708,2021-08-16,0
2021-07-31,3,7711,2021-08-16,0
2021-08-01,1,7712,2021-08-16,0
2021-08-02,2,7714,2021-08-16,0
2021-08-03,1,7715,2021-08-16,0
2021-08-04,3,7718,2021-08-16,0
2021-08-05,2,7720,2021-08-16,0
2021-08-06,5,7725,2021-08-16,0
2021-08-07,3,7728,2021-08-16,0
2021-08-08,1,7729,2021-08-16,0
2021-08-09,1,7730,2021-08-16,0
2021-08-10,2,7732,2021-08-16,2
2021-08-11,2,7734,2021-08-16,2
NA,0,7734,2021-08-16,0
2020-03-19,1,1,2021-08-17,0
2020-03-20,0,1,2021-08-17,0
2020-03-21,0,1,2021-08-17,0
2020-03-22,0,1,2021-08-17,0
2020-03-23,0,1,2021-08-17,0
2020-03-24,1,2,2021-08-17,0
2020-03-25,1,3,2021-08-17,0
2020-03-26,1,4,2021-08-17,0
2020-03-27,5,9,2021-08-17,0
2020-03-28,3,12,2021-08-17,0
2020-03-29,0,12,2021-08-17,0
2020-03-30,5,17,2021-08-17,0
2020-03-31,2,19,2021-08-17,0
2020-04-01,5,24,2021-08-17,0
2020-04-02,3,27,2021-08-17,0
2020-04-03,1,28,2021-08-17,0
2020-04-04,5,33,2021-08-17,0
2020-04-05,5,38,2021-08-17,0
2020-04-06,10,48,2021-08-17,0
2020-04-07,6,54,2021-08-17,0
2020-04-08,7,61,2021-08-17,0
2020-04-09,8,69,2021-08-17,0
2020-04-10,6,75,2021-08-17,0
2020-04-11,4,79,2021-08-17,0
2020-04-12,4,83,2021-08-17,0
2020-04-13,10,93,2021-08-17,0
2020-04-14,6,99,2021-08-17,0
2020-04-15,17,116,2021-08-17,0
2020-04-16,10,126,2021-08-17,0
2020-04-17,17,143,2021-08-17,0
2020-04-18,17,160,2021-08-17,0
2020-04-19,16,176,2021-08-17,0
2020-04-20,21,197,2021-08-17,0
2020-04-21,26,223,2021-08-17,0
2020-04-22,21,244,2021-08-17,0
2020-04-23,19,263,2021-08-17,0
2020-04-24,23,286,2021-08-17,0
2020-04-25,18,304,2021-08-17,0
2020-04-26,17,321,2021-08-17,0
2020-04-27,21,342,2021-08-17,0
2020-04-28,16,358,2021-08-17,0
2020-04-29,29,387,2021-08-17,0
2020-04-30,18,405,2021-08-17,0
2020-05-01,30,435,2021-08-17,0
2020-05-02,19,454,2021-08-17,0
2020-05-03,29,483,2021-08-17,0
2020-05-04,23,506,2021-08-17,0
2020-05-05,19,525,2021-08-17,0
2020-05-06,25,550,2021-08-17,0
2020-05-07,30,580,2021-08-17,0
2020-05-08,20,600,2021-08-17,0
2020-05-09,26,626,2021-08-17,0
2020-05-10,19,645,2021-08-17,0
2020-05-11,25,670,2021-08-17,0
2020-05-12,20,690,2021-08-17,0
2020-05-13,22,712,2021-08-17,0
2020-05-14,20,732,2021-08-17,0
2020-05-15,20,752,2021-08-17,0
2020-05-16,20,772,2021-08-17,0
2020-05-17,23,795,2021-08-17,0
2020-05-18,18,813,2021-08-17,0
2020-05-19,35,848,2021-08-17,0
2020-05-20,24,872,2021-08-17,0
2020-05-21,17,889,2021-08-17,0
2020-05-22,20,909,2021-08-17,0
2020-05-23,26,935,2021-08-17,0
2020-05-24,25,960,2021-08-17,0
2020-05-25,30,990,2021-08-17,0
2020-05-26,29,1019,2021-08-17,0
2020-05-27,25,1044,2021-08-17,0
2020-05-28,21,1065,2021-08-17,0
2020-05-29,17,1082,2021-08-17,0
2020-05-30,11,1093,2021-08-17,0
2020-05-31,20,1113,2021-08-17,0
2020-06-01,23,1136,2021-08-17,0
2020-06-02,21,1157,2021-08-17,0
2020-06-03,25,1182,2021-08-17,0
2020-06-04,26,1208,2021-08-17,0
2020-06-05,18,1226,2021-08-17,0
2020-06-06,12,1238,2021-08-17,0
2020-06-07,22,1260,2021-08-17,0
2020-06-08,12,1272,2021-08-17,0
2020-06-09,13,1285,2021-08-17,0
2020-06-10,10,1295,2021-08-17,0
2020-06-11,12,1307,2021-08-17,0
2020-06-12,11,1318,2021-08-17,0
2020-06-13,13,1331,2021-08-17,0
2020-06-14,11,1342,2021-08-17,0
2020-06-15,8,1350,2021-08-17,0
2020-06-16,8,1358,2021-08-17,0
2020-06-17,17,1375,2021-08-17,0
2020-06-18,9,1384,2021-08-17,0
2020-06-19,8,1392,2021-08-17,0
2020-06-20,12,1404,2021-08-17,0
2020-06-21,11,1415,2021-08-17,0
2020-06-22,6,1421,2021-08-17,0
2020-06-23,10,1431,2021-08-17,0
2020-06-24,1,1432,2021-08-17,0
2020-06-25,9,1441,2021-08-17,0
2020-06-26,6,1447,2021-08-17,0
2020-06-27,5,1452,2021-08-17,0
2020-06-28,11,1463,2021-08-17,0
2020-06-29,7,1470,2021-08-17,0
2020-06-30,9,1479,2021-08-17,0
2020-07-01,2,1481,2021-08-17,0
2020-07-02,3,1484,2021-08-17,0
2020-07-03,5,1489,2021-08-17,0
2020-07-04,4,1493,2021-08-17,0
2020-07-05,6,1499,2021-08-17,0
2020-07-06,4,1503,2021-08-17,0
2020-07-07,2,1505,2021-08-17,0
2020-07-08,9,1514,2021-08-17,0
2020-07-09,4,1518,2021-08-17,0
2020-07-10,3,1521,2021-08-17,0
2020-07-11,4,1525,2021-08-17,0
2020-07-12,6,1531,2021-08-17,0
2020-07-13,2,1533,2021-08-17,0
2020-07-14,6,1539,2021-08-17,0
2020-07-15,7,1546,2021-08-17,0
2020-07-16,3,1549,2021-08-17,0
2020-07-17,7,1556,2021-08-17,0
2020-07-18,6,1562,2021-08-17,0
2020-07-19,5,1567,2021-08-17,0
2020-07-20,3,1570,2021-08-17,0
2020-07-21,6,1576,2021-08-17,0
2020-07-22,5,1581,2021-08-17,0
2020-07-23,8,1589,2021-08-17,0
2020-07-24,6,1595,2021-08-17,0
2020-07-25,2,1597,2021-08-17,0
2020-07-26,5,1602,2021-08-17,0
2020-07-27,5,1607,2021-08-17,0
2020-07-28,7,1614,2021-08-17,0
2020-07-29,3,1617,2021-08-17,0
2020-07-30,6,1623,2021-08-17,0
2020-07-31,9,1632,2021-08-17,0
2020-08-01,4,1636,2021-08-17,0
2020-08-02,7,1643,2021-08-17,0
2020-08-03,4,1647,2021-08-17,0
2020-08-04,7,1654,2021-08-17,0
2020-08-05,8,1662,2021-08-17,0
2020-08-06,9,1671,2021-08-17,0
2020-08-07,7,1678,2021-08-17,0
2020-08-08,6,1684,2021-08-17,0
2020-08-09,10,1694,2021-08-17,0
2020-08-10,3,1697,2021-08-17,0
2020-08-11,9,1706,2021-08-17,0
2020-08-12,7,1713,2021-08-17,0
2020-08-13,5,1718,2021-08-17,0
2020-08-14,9,1727,2021-08-17,0
2020-08-15,13,1740,2021-08-17,0
2020-08-16,13,1753,2021-08-17,0
2020-08-17,6,1759,2021-08-17,0
2020-08-18,11,1770,2021-08-17,0
2020-08-19,3,1773,2021-08-17,0
2020-08-20,10,1783,2021-08-17,0
2020-08-21,12,1795,2021-08-17,0
2020-08-22,9,1804,2021-08-17,0
2020-08-23,7,1811,2021-08-17,0
2020-08-24,9,1820,2021-08-17,0
2020-08-25,4,1824,2021-08-17,0
2020-08-26,3,1827,2021-08-17,0
2020-08-27,7,1834,2021-08-17,0
2020-08-28,6,1840,2021-08-17,0
2020-08-29,3,1843,2021-08-17,0
2020-08-30,5,1848,2021-08-17,0
2020-08-31,9,1857,2021-08-17,0
2020-09-01,2,1859,2021-08-17,0
2020-09-02,7,1866,2021-08-17,0
2020-09-03,12,1878,2021-08-17,0
2020-09-04,4,1882,2021-08-17,0
2020-09-05,6,1888,2021-08-17,0
2020-09-06,12,1900,2021-08-17,0
2020-09-07,3,1903,2021-08-17,0
2020-09-08,6,1909,2021-08-17,0
2020-09-09,10,1919,2021-08-17,0
2020-09-10,9,1928,2021-08-17,0
2020-09-11,11,1939,2021-08-17,0
2020-09-12,8,1947,2021-08-17,0
2020-09-13,8,1955,2021-08-17,0
2020-09-14,2,1957,2021-08-17,0
2020-09-15,6,1963,2021-08-17,0
2020-09-16,9,1972,2021-08-17,0
2020-09-17,5,1977,2021-08-17,0
2020-09-18,6,1983,2021-08-17,0
2020-09-19,4,1987,2021-08-17,0
2020-09-20,9,1996,2021-08-17,0
2020-09-21,7,2003,2021-08-17,0
2020-09-22,8,2011,2021-08-17,0
2020-09-23,9,2020,2021-08-17,0
2020-09-24,7,2027,2021-08-17,0
2020-09-25,11,2038,2021-08-17,0
2020-09-26,9,2047,2021-08-17,0
2020-09-27,14,2061,2021-08-17,0
2020-09-28,11,2072,2021-08-17,0
2020-09-29,5,2077,2021-08-17,0
2020-09-30,16,2093,2021-08-17,0
2020-10-01,7,2100,2021-08-17,0
2020-10-02,13,2113,2021-08-17,0
2020-10-03,9,2122,2021-08-17,0
2020-10-04,7,2129,2021-08-17,0
2020-10-05,10,2139,2021-08-17,0
2020-10-06,12,2151,2021-08-17,0
2020-10-07,19,2170,2021-08-17,0
2020-10-08,9,2179,2021-08-17,0
2020-10-09,17,2196,2021-08-17,0
2020-10-10,16,2212,2021-08-17,0
2020-10-11,16,2228,2021-08-17,0
2020-10-12,20,2248,2021-08-17,0
2020-10-13,14,2262,2021-08-17,0
2020-10-14,10,2272,2021-08-17,0
2020-10-15,9,2281,2021-08-17,0
2020-10-16,12,2293,2021-08-17,0
2020-10-17,18,2311,2021-08-17,0
2020-10-18,25,2336,2021-08-17,0
2020-10-19,18,2354,2021-08-17,0
2020-10-20,15,2369,2021-08-17,0
2020-10-21,24,2393,2021-08-17,0
2020-10-22,18,2411,2021-08-17,0
2020-10-23,19,2430,2021-08-17,0
2020-10-24,8,2438,2021-08-17,0
2020-10-25,17,2455,2021-08-17,0
2020-10-26,25,2480,2021-08-17,0
2020-10-27,23,2503,2021-08-17,0
2020-10-28,29,2532,2021-08-17,0
2020-10-29,18,2550,2021-08-17,0
2020-10-30,27,2577,2021-08-17,0
2020-10-31,25,2602,2021-08-17,0
2020-11-01,21,2623,2021-08-17,0
2020-11-02,25,2648,2021-08-17,0
2020-11-03,25,2673,2021-08-17,0
2020-11-04,33,2706,2021-08-17,0
2020-11-05,37,2743,2021-08-17,0
2020-11-06,39,2782,2021-08-17,0
2020-11-07,42,2824,2021-08-17,0
2020-11-08,47,2871,2021-08-17,0
2020-11-09,36,2907,2021-08-17,0
2020-11-10,35,2942,2021-08-17,0
2020-11-11,43,2985,2021-08-17,0
2020-11-12,45,3030,2021-08-17,0
2020-11-13,40,3070,2021-08-17,0
2020-11-14,47,3117,2021-08-17,0
2020-11-15,46,3163,2021-08-17,0
2020-11-16,62,3225,2021-08-17,0
2020-11-17,56,3281,2021-08-17,0
2020-11-18,61,3342,2021-08-17,0
2020-11-19,60,3402,2021-08-17,0
2020-11-20,63,3465,2021-08-17,0
2020-11-21,58,3523,2021-08-17,0
2020-11-22,67,3590,2021-08-17,0
2020-11-23,59,3649,2021-08-17,0
2020-11-24,68,3717,2021-08-17,0
2020-11-25,72,3789,2021-08-17,0
2020-11-26,54,3843,2021-08-17,0
2020-11-27,69,3912,2021-08-17,0
2020-11-28,60,3972,2021-08-17,0
2020-11-29,68,4040,2021-08-17,0
2020-11-30,60,4100,2021-08-17,0
2020-12-01,63,4163,2021-08-17,0
2020-12-02,73,4236,2021-08-17,0
2020-12-03,86,4322,2021-08-17,0
2020-12-04,67,4389,2021-08-17,0
2020-12-05,74,4463,2021-08-17,0
2020-12-06,80,4543,2021-08-17,0
2020-12-07,75,4618,2021-08-17,0
2020-12-08,61,4679,2021-08-17,0
2020-12-09,71,4750,2021-08-17,0
2020-12-10,71,4821,2021-08-17,0
2020-12-11,70,4891,2021-08-17,0
2020-12-12,71,4962,2021-08-17,0
2020-12-13,55,5017,2021-08-17,0
2020-12-14,43,5060,2021-08-17,0
2020-12-15,65,5125,2021-08-17,0
2020-12-16,70,5195,2021-08-17,0
2020-12-17,60,5255,2021-08-17,0
2020-12-18,59,5314,2021-08-17,0
2020-12-19,56,5370,2021-08-17,0
2020-12-20,59,5429,2021-08-17,0
2020-12-21,58,5487,2021-08-17,0
2020-12-22,33,5520,2021-08-17,0
2020-12-23,44,5564,2021-08-17,0
2020-12-24,50,5614,2021-08-17,0
2020-12-25,36,5650,2021-08-17,0
2020-12-26,43,5693,2021-08-17,0
2020-12-27,41,5734,2021-08-17,0
2020-12-28,33,5767,2021-08-17,0
2020-12-29,36,5803,2021-08-17,0
2020-12-30,47,5850,2021-08-17,0
2020-12-31,36,5886,2021-08-17,0
2021-01-01,28,5914,2021-08-17,0
2021-01-02,46,5960,2021-08-17,0
2021-01-03,36,5996,2021-08-17,0
2021-01-04,31,6027,2021-08-17,0
2021-01-05,40,6067,2021-08-17,0
2021-01-06,32,6099,2021-08-17,0
2021-01-07,37,6136,2021-08-17,0
2021-01-08,32,6168,2021-08-17,0
2021-01-09,25,6193,2021-08-17,0
2021-01-10,29,6222,2021-08-17,0
2021-01-11,26,6248,2021-08-17,0
2021-01-12,32,6280,2021-08-17,0
2021-01-13,23,6303,2021-08-17,0
2021-01-14,41,6344,2021-08-17,0
2021-01-15,26,6370,2021-08-17,0
2021-01-16,28,6398,2021-08-17,0
2021-01-17,21,6419,2021-08-17,0
2021-01-18,19,6438,2021-08-17,0
2021-01-19,14,6452,2021-08-17,0
2021-01-20,26,6478,2021-08-17,0
2021-01-21,16,6494,2021-08-17,0
2021-01-22,13,6507,2021-08-17,0
2021-01-23,17,6524,2021-08-17,0
2021-01-24,24,6548,2021-08-17,0
2021-01-25,17,6565,2021-08-17,0
2021-01-26,21,6586,2021-08-17,0
2021-01-27,11,6597,2021-08-17,0
2021-01-28,12,6609,2021-08-17,0
2021-01-29,15,6624,2021-08-17,0
2021-01-30,13,6637,2021-08-17,0
2021-01-31,16,6653,2021-08-17,0
2021-02-01,17,6670,2021-08-17,0
2021-02-02,10,6680,2021-08-17,0
2021-02-03,11,6691,2021-08-17,0
2021-02-04,11,6702,2021-08-17,0
2021-02-05,10,6712,2021-08-17,0
2021-02-06,12,6724,2021-08-17,0
2021-02-07,19,6743,2021-08-17,0
2021-02-08,11,6754,2021-08-17,0
2021-02-09,14,6768,2021-08-17,0
2021-02-10,13,6781,2021-08-17,0
2021-02-11,7,6788,2021-08-17,0
2021-02-12,12,6800,2021-08-17,0
2021-02-13,8,6808,2021-08-17,0
2021-02-14,9,6817,2021-08-17,0
2021-02-15,9,6826,2021-08-17,0
2021-02-16,12,6838,2021-08-17,0
2021-02-17,10,6848,2021-08-17,0
2021-02-18,7,6855,2021-08-17,0
2021-02-19,6,6861,2021-08-17,0
2021-02-20,7,6868,2021-08-17,0
2021-02-21,4,6872,2021-08-17,0
2021-02-22,5,6877,2021-08-17,0
2021-02-23,9,6886,2021-08-17,0
2021-02-24,4,6890,2021-08-17,0
2021-02-25,5,6895,2021-08-17,0
2021-02-26,7,6902,2021-08-17,0
2021-02-27,5,6907,2021-08-17,0
2021-02-28,8,6915,2021-08-17,0
2021-03-01,7,6922,2021-08-17,0
2021-03-02,2,6924,2021-08-17,0
2021-03-03,10,6934,2021-08-17,0
2021-03-04,6,6940,2021-08-17,0
2021-03-05,10,6950,2021-08-17,0
2021-03-06,5,6955,2021-08-17,0
2021-03-07,9,6964,2021-08-17,0
2021-03-08,5,6969,2021-08-17,0
2021-03-09,7,6976,2021-08-17,0
2021-03-10,5,6981,2021-08-17,0
2021-03-11,4,6985,2021-08-17,0
2021-03-12,11,6996,2021-08-17,0
2021-03-13,5,7001,2021-08-17,0
2021-03-14,4,7005,2021-08-17,0
2021-03-15,2,7007,2021-08-17,0
2021-03-16,4,7011,2021-08-17,0
2021-03-17,4,7015,2021-08-17,0
2021-03-18,5,7020,2021-08-17,0
2021-03-19,5,7025,2021-08-17,0
2021-03-20,9,7034,2021-08-17,0
2021-03-21,5,7039,2021-08-17,0
2021-03-22,4,7043,2021-08-17,0
2021-03-23,5,7048,2021-08-17,0
2021-03-24,1,7049,2021-08-17,0
2021-03-25,5,7054,2021-08-17,0
2021-03-26,3,7057,2021-08-17,0
2021-03-27,7,7064,2021-08-17,0
2021-03-28,6,7070,2021-08-17,0
2021-03-29,5,7075,2021-08-17,0
2021-03-30,6,7081,2021-08-17,0
2021-03-31,8,7089,2021-08-17,0
2021-04-01,6,7095,2021-08-17,0
2021-04-02,9,7104,2021-08-17,0
2021-04-03,8,7112,2021-08-17,0
2021-04-04,6,7118,2021-08-17,0
2021-04-05,8,7126,2021-08-17,0
2021-04-06,6,7132,2021-08-17,0
2021-04-07,6,7138,2021-08-17,0
2021-04-08,10,7148,2021-08-17,0
2021-04-09,6,7154,2021-08-17,0
2021-04-10,7,7161,2021-08-17,0
2021-04-11,8,7169,2021-08-17,0
2021-04-12,9,7178,2021-08-17,0
2021-04-13,6,7184,2021-08-17,0
2021-04-14,8,7192,2021-08-17,0
2021-04-15,14,7206,2021-08-17,0
2021-04-16,8,7214,2021-08-17,0
2021-04-17,8,7222,2021-08-17,0
2021-04-18,8,7230,2021-08-17,0
2021-04-19,10,7240,2021-08-17,1
2021-04-20,5,7245,2021-08-17,0
2021-04-21,8,7253,2021-08-17,0
2021-04-22,1,7254,2021-08-17,0
2021-04-23,15,7269,2021-08-17,0
2021-04-24,11,7280,2021-08-17,0
2021-04-25,15,7295,2021-08-17,0
2021-04-26,14,7309,2021-08-17,0
2021-04-27,7,7316,2021-08-17,0
2021-04-28,14,7330,2021-08-17,0
2021-04-29,8,7338,2021-08-17,0
2021-04-30,11,7349,2021-08-17,0
2021-05-01,7,7356,2021-08-17,0
2021-05-02,8,7364,2021-08-17,0
2021-05-03,5,7369,2021-08-17,0
2021-05-04,13,7382,2021-08-17,0
2021-05-05,8,7390,2021-08-17,0
2021-05-06,5,7395,2021-08-17,0
2021-05-07,8,7403,2021-08-17,0
2021-05-08,7,7410,2021-08-17,0
2021-05-09,9,7419,2021-08-17,0
2021-05-10,8,7427,2021-08-17,0
2021-05-11,6,7433,2021-08-17,0
2021-05-12,9,7442,2021-08-17,0
2021-05-13,9,7451,2021-08-17,0
2021-05-14,11,7462,2021-08-17,0
2021-05-15,9,7471,2021-08-17,0
2021-05-16,5,7476,2021-08-17,0
2021-05-17,5,7481,2021-08-17,0
2021-05-18,7,7488,2021-08-17,0
2021-05-19,2,7490,2021-08-17,0
2021-05-20,5,7495,2021-08-17,0
2021-05-21,7,7502,2021-08-17,0
2021-05-22,10,7512,2021-08-17,0
2021-05-23,5,7517,2021-08-17,0
2021-05-24,5,7522,2021-08-17,0
2021-05-25,6,7528,2021-08-17,0
2021-05-26,3,7531,2021-08-17,0
2021-05-27,7,7538,2021-08-17,0
2021-05-28,2,7540,2021-08-17,0
2021-05-29,6,7546,2021-08-17,0
2021-05-30,4,7550,2021-08-17,0
2021-05-31,3,7553,2021-08-17,0
2021-06-01,5,7558,2021-08-17,0
2021-06-02,8,7566,2021-08-17,0
2021-06-03,4,7570,2021-08-17,0
2021-06-04,4,7574,2021-08-17,0
2021-06-05,1,7575,2021-08-17,0
2021-06-06,5,7580,2021-08-17,0
2021-06-07,3,7583,2021-08-17,0
2021-06-08,5,7588,2021-08-17,0
2021-06-09,4,7592,2021-08-17,0
2021-06-10,6,7598,2021-08-17,0
2021-06-11,6,7604,2021-08-17,0
2021-06-12,4,7608,2021-08-17,0
2021-06-13,3,7611,2021-08-17,0
2021-06-14,3,7614,2021-08-17,0
2021-06-15,2,7616,2021-08-17,0
2021-06-16,2,7618,2021-08-17,0
2021-06-17,4,7622,2021-08-17,0
2021-06-18,1,7623,2021-08-17,0
2021-06-19,6,7629,2021-08-17,0
2021-06-20,1,7630,2021-08-17,0
2021-06-21,5,7635,2021-08-17,0
2021-06-22,3,7638,2021-08-17,0
2021-06-23,4,7642,2021-08-17,0
2021-06-24,3,7645,2021-08-17,0
2021-06-25,3,7648,2021-08-17,0
2021-06-26,4,7652,2021-08-17,0
2021-06-27,2,7654,2021-08-17,0
2021-06-28,2,7656,2021-08-17,0
2021-06-29,2,7658,2021-08-17,0
2021-06-30,2,7660,2021-08-17,0
2021-07-01,0,7660,2021-08-17,0
2021-07-02,2,7662,2021-08-17,0
2021-07-03,2,7664,2021-08-17,0
2021-07-04,3,7667,2021-08-17,0
2021-07-05,1,7668,2021-08-17,0
2021-07-06,4,7672,2021-08-17,0
2021-07-07,1,7673,2021-08-17,0
2021-07-08,1,7674,2021-08-17,0
2021-07-09,0,7674,2021-08-17,0
2021-07-10,1,7675,2021-08-17,0
2021-07-11,2,7677,2021-08-17,0
2021-07-12,1,7678,2021-08-17,0
2021-07-13,2,7680,2021-08-17,0
2021-07-14,2,7682,2021-08-17,0
2021-07-15,2,7684,2021-08-17,0
2021-07-16,1,7685,2021-08-17,0
2021-07-17,1,7686,2021-08-17,0
2021-07-18,0,7686,2021-08-17,0
2021-07-19,0,7686,2021-08-17,0
2021-07-20,2,7688,2021-08-17,0
2021-07-21,2,7690,2021-08-17,0
2021-07-22,2,7692,2021-08-17,0
2021-07-23,3,7695,2021-08-17,0
2021-07-24,0,7695,2021-08-17,0
2021-07-25,2,7697,2021-08-17,0
2021-07-26,0,7697,2021-08-17,0
2021-07-27,2,7699,2021-08-17,0
2021-07-28,3,7702,2021-08-17,0
2021-07-29,2,7704,2021-08-17,0
2021-07-30,5,7709,2021-08-17,0
2021-07-31,3,7712,2021-08-17,0
2021-08-01,1,7713,2021-08-17,0
2021-08-02,2,7715,2021-08-17,0
2021-08-03,1,7716,2021-08-17,0
2021-08-04,3,7719,2021-08-17,0
2021-08-05,2,7721,2021-08-17,0
2021-08-06,6,7727,2021-08-17,1
2021-08-07,3,7730,2021-08-17,0
2021-08-08,1,7731,2021-08-17,0
2021-08-09,1,7732,2021-08-17,0
2021-08-10,2,7734,2021-08-17,0
2021-08-11,2,7736,2021-08-17,0
2021-08-12,1,7737,2021-08-17,1
NA,0,7737,2021-08-17,0
2020-03-19,1,1,2021-08-18,0
2020-03-20,0,1,2021-08-18,0
2020-03-21,0,1,2021-08-18,0
2020-03-22,0,1,2021-08-18,0
2020-03-23,0,1,2021-08-18,0
2020-03-24,1,2,2021-08-18,0
2020-03-25,1,3,2021-08-18,0
2020-03-26,1,4,2021-08-18,0
2020-03-27,5,9,2021-08-18,0
2020-03-28,3,12,2021-08-18,0
2020-03-29,0,12,2021-08-18,0
2020-03-30,5,17,2021-08-18,0
2020-03-31,2,19,2021-08-18,0
2020-04-01,5,24,2021-08-18,0
2020-04-02,3,27,2021-08-18,0
2020-04-03,1,28,2021-08-18,0
2020-04-04,5,33,2021-08-18,0
2020-04-05,5,38,2021-08-18,0
2020-04-06,10,48,2021-08-18,0
2020-04-07,6,54,2021-08-18,0
2020-04-08,7,61,2021-08-18,0
2020-04-09,8,69,2021-08-18,0
2020-04-10,6,75,2021-08-18,0
2020-04-11,4,79,2021-08-18,0
2020-04-12,4,83,2021-08-18,0
2020-04-13,10,93,2021-08-18,0
2020-04-14,6,99,2021-08-18,0
2020-04-15,17,116,2021-08-18,0
2020-04-16,10,126,2021-08-18,0
2020-04-17,17,143,2021-08-18,0
2020-04-18,17,160,2021-08-18,0
2020-04-19,16,176,2021-08-18,0
2020-04-20,21,197,2021-08-18,0
2020-04-21,26,223,2021-08-18,0
2020-04-22,21,244,2021-08-18,0
2020-04-23,19,263,2021-08-18,0
2020-04-24,23,286,2021-08-18,0
2020-04-25,18,304,2021-08-18,0
2020-04-26,17,321,2021-08-18,0
2020-04-27,21,342,2021-08-18,0
2020-04-28,16,358,2021-08-18,0
2020-04-29,29,387,2021-08-18,0
2020-04-30,18,405,2021-08-18,0
2020-05-01,30,435,2021-08-18,0
2020-05-02,19,454,2021-08-18,0
2020-05-03,29,483,2021-08-18,0
2020-05-04,23,506,2021-08-18,0
2020-05-05,19,525,2021-08-18,0
2020-05-06,25,550,2021-08-18,0
2020-05-07,30,580,2021-08-18,0
2020-05-08,20,600,2021-08-18,0
2020-05-09,26,626,2021-08-18,0
2020-05-10,19,645,2021-08-18,0
2020-05-11,25,670,2021-08-18,0
2020-05-12,20,690,2021-08-18,0
2020-05-13,22,712,2021-08-18,0
2020-05-14,20,732,2021-08-18,0
2020-05-15,20,752,2021-08-18,0
2020-05-16,20,772,2021-08-18,0
2020-05-17,23,795,2021-08-18,0
2020-05-18,18,813,2021-08-18,0
2020-05-19,35,848,2021-08-18,0
2020-05-20,24,872,2021-08-18,0
2020-05-21,17,889,2021-08-18,0
2020-05-22,20,909,2021-08-18,0
2020-05-23,26,935,2021-08-18,0
2020-05-24,25,960,2021-08-18,0
2020-05-25,30,990,2021-08-18,0
2020-05-26,29,1019,2021-08-18,0
2020-05-27,25,1044,2021-08-18,0
2020-05-28,21,1065,2021-08-18,0
2020-05-29,17,1082,2021-08-18,0
2020-05-30,11,1093,2021-08-18,0
2020-05-31,20,1113,2021-08-18,0
2020-06-01,23,1136,2021-08-18,0
2020-06-02,21,1157,2021-08-18,0
2020-06-03,25,1182,2021-08-18,0
2020-06-04,26,1208,2021-08-18,0
2020-06-05,18,1226,2021-08-18,0
2020-06-06,12,1238,2021-08-18,0
2020-06-07,22,1260,2021-08-18,0
2020-06-08,12,1272,2021-08-18,0
2020-06-09,13,1285,2021-08-18,0
2020-06-10,10,1295,2021-08-18,0
2020-06-11,12,1307,2021-08-18,0
2020-06-12,11,1318,2021-08-18,0
2020-06-13,13,1331,2021-08-18,0
2020-06-14,11,1342,2021-08-18,0
2020-06-15,8,1350,2021-08-18,0
2020-06-16,8,1358,2021-08-18,0
2020-06-17,17,1375,2021-08-18,0
2020-06-18,9,1384,2021-08-18,0
2020-06-19,8,1392,2021-08-18,0
2020-06-20,12,1404,2021-08-18,0
2020-06-21,11,1415,2021-08-18,0
2020-06-22,6,1421,2021-08-18,0
2020-06-23,10,1431,2021-08-18,0
2020-06-24,1,1432,2021-08-18,0
2020-06-25,9,1441,2021-08-18,0
2020-06-26,6,1447,2021-08-18,0
2020-06-27,5,1452,2021-08-18,0
2020-06-28,11,1463,2021-08-18,0
2020-06-29,7,1470,2021-08-18,0
2020-06-30,9,1479,2021-08-18,0
2020-07-01,2,1481,2021-08-18,0
2020-07-02,3,1484,2021-08-18,0
2020-07-03,5,1489,2021-08-18,0
2020-07-04,4,1493,2021-08-18,0
2020-07-05,6,1499,2021-08-18,0
2020-07-06,4,1503,2021-08-18,0
2020-07-07,2,1505,2021-08-18,0
2020-07-08,9,1514,2021-08-18,0
2020-07-09,4,1518,2021-08-18,0
2020-07-10,3,1521,2021-08-18,0
2020-07-11,4,1525,2021-08-18,0
2020-07-12,6,1531,2021-08-18,0
2020-07-13,2,1533,2021-08-18,0
2020-07-14,6,1539,2021-08-18,0
2020-07-15,7,1546,2021-08-18,0
2020-07-16,3,1549,2021-08-18,0
2020-07-17,7,1556,2021-08-18,0
2020-07-18,6,1562,2021-08-18,0
2020-07-19,5,1567,2021-08-18,0
2020-07-20,3,1570,2021-08-18,0
2020-07-21,6,1576,2021-08-18,0
2020-07-22,5,1581,2021-08-18,0
2020-07-23,8,1589,2021-08-18,0
2020-07-24,6,1595,2021-08-18,0
2020-07-25,2,1597,2021-08-18,0
2020-07-26,5,1602,2021-08-18,0
2020-07-27,5,1607,2021-08-18,0
2020-07-28,7,1614,2021-08-18,0
2020-07-29,3,1617,2021-08-18,0
2020-07-30,6,1623,2021-08-18,0
2020-07-31,9,1632,2021-08-18,0
2020-08-01,4,1636,2021-08-18,0
2020-08-02,7,1643,2021-08-18,0
2020-08-03,4,1647,2021-08-18,0
2020-08-04,7,1654,2021-08-18,0
2020-08-05,8,1662,2021-08-18,0
2020-08-06,9,1671,2021-08-18,0
2020-08-07,7,1678,2021-08-18,0
2020-08-08,6,1684,2021-08-18,0
2020-08-09,10,1694,2021-08-18,0
2020-08-10,3,1697,2021-08-18,0
2020-08-11,9,1706,2021-08-18,0
2020-08-12,7,1713,2021-08-18,0
2020-08-13,5,1718,2021-08-18,0
2020-08-14,9,1727,2021-08-18,0
2020-08-15,13,1740,2021-08-18,0
2020-08-16,13,1753,2021-08-18,0
2020-08-17,6,1759,2021-08-18,0
2020-08-18,11,1770,2021-08-18,0
2020-08-19,3,1773,2021-08-18,0
2020-08-20,10,1783,2021-08-18,0
2020-08-21,12,1795,2021-08-18,0
2020-08-22,9,1804,2021-08-18,0
2020-08-23,7,1811,2021-08-18,0
2020-08-24,9,1820,2021-08-18,0
2020-08-25,4,1824,2021-08-18,0
2020-08-26,3,1827,2021-08-18,0
2020-08-27,7,1834,2021-08-18,0
2020-08-28,6,1840,2021-08-18,0
2020-08-29,3,1843,2021-08-18,0
2020-08-30,5,1848,2021-08-18,0
2020-08-31,9,1857,2021-08-18,0
2020-09-01,2,1859,2021-08-18,0
2020-09-02,7,1866,2021-08-18,0
2020-09-03,12,1878,2021-08-18,0
2020-09-04,4,1882,2021-08-18,0
2020-09-05,6,1888,2021-08-18,0
2020-09-06,12,1900,2021-08-18,0
2020-09-07,3,1903,2021-08-18,0
2020-09-08,6,1909,2021-08-18,0
2020-09-09,10,1919,2021-08-18,0
2020-09-10,9,1928,2021-08-18,0
2020-09-11,11,1939,2021-08-18,0
2020-09-12,8,1947,2021-08-18,0
2020-09-13,8,1955,2021-08-18,0
2020-09-14,2,1957,2021-08-18,0
2020-09-15,6,1963,2021-08-18,0
2020-09-16,9,1972,2021-08-18,0
2020-09-17,5,1977,2021-08-18,0
2020-09-18,6,1983,2021-08-18,0
2020-09-19,4,1987,2021-08-18,0
2020-09-20,9,1996,2021-08-18,0
2020-09-21,7,2003,2021-08-18,0
2020-09-22,8,2011,2021-08-18,0
2020-09-23,9,2020,2021-08-18,0
2020-09-24,7,2027,2021-08-18,0
2020-09-25,11,2038,2021-08-18,0
2020-09-26,9,2047,2021-08-18,0
2020-09-27,14,2061,2021-08-18,0
2020-09-28,11,2072,2021-08-18,0
2020-09-29,5,2077,2021-08-18,0
2020-09-30,16,2093,2021-08-18,0
2020-10-01,7,2100,2021-08-18,0
2020-10-02,13,2113,2021-08-18,0
2020-10-03,9,2122,2021-08-18,0
2020-10-04,7,2129,2021-08-18,0
2020-10-05,10,2139,2021-08-18,0
2020-10-06,12,2151,2021-08-18,0
2020-10-07,19,2170,2021-08-18,0
2020-10-08,9,2179,2021-08-18,0
2020-10-09,17,2196,2021-08-18,0
2020-10-10,16,2212,2021-08-18,0
2020-10-11,16,2228,2021-08-18,0
2020-10-12,20,2248,2021-08-18,0
2020-10-13,14,2262,2021-08-18,0
2020-10-14,10,2272,2021-08-18,0
2020-10-15,9,2281,2021-08-18,0
2020-10-16,12,2293,2021-08-18,0
2020-10-17,18,2311,2021-08-18,0
2020-10-18,25,2336,2021-08-18,0
2020-10-19,18,2354,2021-08-18,0
2020-10-20,15,2369,2021-08-18,0
2020-10-21,24,2393,2021-08-18,0
2020-10-22,18,2411,2021-08-18,0
2020-10-23,19,2430,2021-08-18,0
2020-10-24,8,2438,2021-08-18,0
2020-10-25,17,2455,2021-08-18,0
2020-10-26,25,2480,2021-08-18,0
2020-10-27,23,2503,2021-08-18,0
2020-10-28,29,2532,2021-08-18,0
2020-10-29,18,2550,2021-08-18,0
2020-10-30,27,2577,2021-08-18,0
2020-10-31,25,2602,2021-08-18,0
2020-11-01,21,2623,2021-08-18,0
2020-11-02,25,2648,2021-08-18,0
2020-11-03,25,2673,2021-08-18,0
2020-11-04,33,2706,2021-08-18,0
2020-11-05,37,2743,2021-08-18,0
2020-11-06,39,2782,2021-08-18,0
2020-11-07,42,2824,2021-08-18,0
2020-11-08,47,2871,2021-08-18,0
2020-11-09,36,2907,2021-08-18,0
2020-11-10,35,2942,2021-08-18,0
2020-11-11,43,2985,2021-08-18,0
2020-11-12,45,3030,2021-08-18,0
2020-11-13,40,3070,2021-08-18,0
2020-11-14,47,3117,2021-08-18,0
2020-11-15,46,3163,2021-08-18,0
2020-11-16,62,3225,2021-08-18,0
2020-11-17,56,3281,2021-08-18,0
2020-11-18,61,3342,2021-08-18,0
2020-11-19,60,3402,2021-08-18,0
2020-11-20,63,3465,2021-08-18,0
2020-11-21,58,3523,2021-08-18,0
2020-11-22,67,3590,2021-08-18,0
2020-11-23,59,3649,2021-08-18,0
2020-11-24,68,3717,2021-08-18,0
2020-11-25,72,3789,2021-08-18,0
2020-11-26,54,3843,2021-08-18,0
2020-11-27,69,3912,2021-08-18,0
2020-11-28,60,3972,2021-08-18,0
2020-11-29,68,4040,2021-08-18,0
2020-11-30,60,4100,2021-08-18,0
2020-12-01,63,4163,2021-08-18,0
2020-12-02,73,4236,2021-08-18,0
2020-12-03,86,4322,2021-08-18,0
2020-12-04,67,4389,2021-08-18,0
2020-12-05,74,4463,2021-08-18,0
2020-12-06,80,4543,2021-08-18,0
2020-12-07,75,4618,2021-08-18,0
2020-12-08,61,4679,2021-08-18,0
2020-12-09,71,4750,2021-08-18,0
2020-12-10,71,4821,2021-08-18,0
2020-12-11,70,4891,2021-08-18,0
2020-12-12,71,4962,2021-08-18,0
2020-12-13,55,5017,2021-08-18,0
2020-12-14,43,5060,2021-08-18,0
2020-12-15,65,5125,2021-08-18,0
2020-12-16,70,5195,2021-08-18,0
2020-12-17,60,5255,2021-08-18,0
2020-12-18,59,5314,2021-08-18,0
2020-12-19,56,5370,2021-08-18,0
2020-12-20,59,5429,2021-08-18,0
2020-12-21,58,5487,2021-08-18,0
2020-12-22,33,5520,2021-08-18,0
2020-12-23,44,5564,2021-08-18,0
2020-12-24,50,5614,2021-08-18,0
2020-12-25,36,5650,2021-08-18,0
2020-12-26,43,5693,2021-08-18,0
2020-12-27,41,5734,2021-08-18,0
2020-12-28,33,5767,2021-08-18,0
2020-12-29,36,5803,2021-08-18,0
2020-12-30,47,5850,2021-08-18,0
2020-12-31,36,5886,2021-08-18,0
2021-01-01,28,5914,2021-08-18,0
2021-01-02,46,5960,2021-08-18,0
2021-01-03,36,5996,2021-08-18,0
2021-01-04,31,6027,2021-08-18,0
2021-01-05,40,6067,2021-08-18,0
2021-01-06,32,6099,2021-08-18,0
2021-01-07,37,6136,2021-08-18,0
2021-01-08,32,6168,2021-08-18,0
2021-01-09,25,6193,2021-08-18,0
2021-01-10,29,6222,2021-08-18,0
2021-01-11,26,6248,2021-08-18,0
2021-01-12,32,6280,2021-08-18,0
2021-01-13,23,6303,2021-08-18,0
2021-01-14,41,6344,2021-08-18,0
2021-01-15,26,6370,2021-08-18,0
2021-01-16,28,6398,2021-08-18,0
2021-01-17,21,6419,2021-08-18,0
2021-01-18,19,6438,2021-08-18,0
2021-01-19,14,6452,2021-08-18,0
2021-01-20,26,6478,2021-08-18,0
2021-01-21,16,6494,2021-08-18,0
2021-01-22,13,6507,2021-08-18,0
2021-01-23,17,6524,2021-08-18,0
2021-01-24,24,6548,2021-08-18,0
2021-01-25,17,6565,2021-08-18,0
2021-01-26,21,6586,2021-08-18,0
2021-01-27,11,6597,2021-08-18,0
2021-01-28,12,6609,2021-08-18,0
2021-01-29,15,6624,2021-08-18,0
2021-01-30,13,6637,2021-08-18,0
2021-01-31,16,6653,2021-08-18,0
2021-02-01,17,6670,2021-08-18,0
2021-02-02,10,6680,2021-08-18,0
2021-02-03,11,6691,2021-08-18,0
2021-02-04,11,6702,2021-08-18,0
2021-02-05,10,6712,2021-08-18,0
2021-02-06,12,6724,2021-08-18,0
2021-02-07,19,6743,2021-08-18,0
2021-02-08,11,6754,2021-08-18,0
2021-02-09,14,6768,2021-08-18,0
2021-02-10,13,6781,2021-08-18,0
2021-02-11,7,6788,2021-08-18,0
2021-02-12,12,6800,2021-08-18,0
2021-02-13,8,6808,2021-08-18,0
2021-02-14,9,6817,2021-08-18,0
2021-02-15,9,6826,2021-08-18,0
2021-02-16,12,6838,2021-08-18,0
2021-02-17,10,6848,2021-08-18,0
2021-02-18,7,6855,2021-08-18,0
2021-02-19,6,6861,2021-08-18,0
2021-02-20,7,6868,2021-08-18,0
2021-02-21,4,6872,2021-08-18,0
2021-02-22,5,6877,2021-08-18,0
2021-02-23,9,6886,2021-08-18,0
2021-02-24,4,6890,2021-08-18,0
2021-02-25,5,6895,2021-08-18,0
2021-02-26,7,6902,2021-08-18,0
2021-02-27,5,6907,2021-08-18,0
2021-02-28,8,6915,2021-08-18,0
2021-03-01,7,6922,2021-08-18,0
2021-03-02,2,6924,2021-08-18,0
2021-03-03,10,6934,2021-08-18,0
2021-03-04,6,6940,2021-08-18,0
2021-03-05,10,6950,2021-08-18,0
2021-03-06,5,6955,2021-08-18,0
2021-03-07,9,6964,2021-08-18,0
2021-03-08,5,6969,2021-08-18,0
2021-03-09,7,6976,2021-08-18,0
2021-03-10,5,6981,2021-08-18,0
2021-03-11,4,6985,2021-08-18,0
2021-03-12,11,6996,2021-08-18,0
2021-03-13,5,7001,2021-08-18,0
2021-03-14,4,7005,2021-08-18,0
2021-03-15,2,7007,2021-08-18,0
2021-03-16,4,7011,2021-08-18,0
2021-03-17,4,7015,2021-08-18,0
2021-03-18,5,7020,2021-08-18,0
2021-03-19,5,7025,2021-08-18,0
2021-03-20,9,7034,2021-08-18,0
2021-03-21,5,7039,2021-08-18,0
2021-03-22,4,7043,2021-08-18,0
2021-03-23,5,7048,2021-08-18,0
2021-03-24,1,7049,2021-08-18,0
2021-03-25,5,7054,2021-08-18,0
2021-03-26,3,7057,2021-08-18,0
2021-03-27,7,7064,2021-08-18,0
2021-03-28,6,7070,2021-08-18,0
2021-03-29,5,7075,2021-08-18,0
2021-03-30,6,7081,2021-08-18,0
2021-03-31,8,7089,2021-08-18,0
2021-04-01,6,7095,2021-08-18,0
2021-04-02,9,7104,2021-08-18,0
2021-04-03,8,7112,2021-08-18,0
2021-04-04,6,7118,2021-08-18,0
2021-04-05,8,7126,2021-08-18,0
2021-04-06,6,7132,2021-08-18,0
2021-04-07,6,7138,2021-08-18,0
2021-04-08,10,7148,2021-08-18,0
2021-04-09,6,7154,2021-08-18,0
2021-04-10,7,7161,2021-08-18,0
2021-04-11,8,7169,2021-08-18,0
2021-04-12,9,7178,2021-08-18,0
2021-04-13,6,7184,2021-08-18,0
2021-04-14,8,7192,2021-08-18,0
2021-04-15,14,7206,2021-08-18,0
2021-04-16,8,7214,2021-08-18,0
2021-04-17,8,7222,2021-08-18,0
2021-04-18,8,7230,2021-08-18,0
2021-04-19,10,7240,2021-08-18,0
2021-04-20,5,7245,2021-08-18,0
2021-04-21,8,7253,2021-08-18,0
2021-04-22,1,7254,2021-08-18,0
2021-04-23,15,7269,2021-08-18,0
2021-04-24,11,7280,2021-08-18,0
2021-04-25,15,7295,2021-08-18,0
2021-04-26,14,7309,2021-08-18,0
2021-04-27,7,7316,2021-08-18,0
2021-04-28,14,7330,2021-08-18,0
2021-04-29,8,7338,2021-08-18,0
2021-04-30,11,7349,2021-08-18,0
2021-05-01,7,7356,2021-08-18,0
2021-05-02,8,7364,2021-08-18,0
2021-05-03,5,7369,2021-08-18,0
2021-05-04,13,7382,2021-08-18,0
2021-05-05,8,7390,2021-08-18,0
2021-05-06,5,7395,2021-08-18,0
2021-05-07,8,7403,2021-08-18,0
2021-05-08,7,7410,2021-08-18,0
2021-05-09,9,7419,2021-08-18,0
2021-05-10,8,7427,2021-08-18,0
2021-05-11,6,7433,2021-08-18,0
2021-05-12,9,7442,2021-08-18,0
2021-05-13,9,7451,2021-08-18,0
2021-05-14,11,7462,2021-08-18,0
2021-05-15,9,7471,2021-08-18,0
2021-05-16,5,7476,2021-08-18,0
2021-05-17,5,7481,2021-08-18,0
2021-05-18,7,7488,2021-08-18,0
2021-05-19,2,7490,2021-08-18,0
2021-05-20,5,7495,2021-08-18,0
2021-05-21,7,7502,2021-08-18,0
2021-05-22,10,7512,2021-08-18,0
2021-05-23,5,7517,2021-08-18,0
2021-05-24,5,7522,2021-08-18,0
2021-05-25,6,7528,2021-08-18,0
2021-05-26,3,7531,2021-08-18,0
2021-05-27,7,7538,2021-08-18,0
2021-05-28,2,7540,2021-08-18,0
2021-05-29,6,7546,2021-08-18,0
2021-05-30,4,7550,2021-08-18,0
2021-05-31,3,7553,2021-08-18,0
2021-06-01,5,7558,2021-08-18,0
2021-06-02,8,7566,2021-08-18,0
2021-06-03,4,7570,2021-08-18,0
2021-06-04,4,7574,2021-08-18,0
2021-06-05,1,7575,2021-08-18,0
2021-06-06,5,7580,2021-08-18,0
2021-06-07,3,7583,2021-08-18,0
2021-06-08,5,7588,2021-08-18,0
2021-06-09,4,7592,2021-08-18,0
2021-06-10,6,7598,2021-08-18,0
2021-06-11,6,7604,2021-08-18,0
2021-06-12,4,7608,2021-08-18,0
2021-06-13,3,7611,2021-08-18,0
2021-06-14,3,7614,2021-08-18,0
2021-06-15,2,7616,2021-08-18,0
2021-06-16,2,7618,2021-08-18,0
2021-06-17,4,7622,2021-08-18,0
2021-06-18,1,7623,2021-08-18,0
2021-06-19,6,7629,2021-08-18,0
2021-06-20,1,7630,2021-08-18,0
2021-06-21,5,7635,2021-08-18,0
2021-06-22,3,7638,2021-08-18,0
2021-06-23,4,7642,2021-08-18,0
2021-06-24,3,7645,2021-08-18,0
2021-06-25,3,7648,2021-08-18,0
2021-06-26,4,7652,2021-08-18,0
2021-06-27,2,7654,2021-08-18,0
2021-06-28,2,7656,2021-08-18,0
2021-06-29,2,7658,2021-08-18,0
2021-06-30,2,7660,2021-08-18,0
2021-07-01,0,7660,2021-08-18,0
2021-07-02,2,7662,2021-08-18,0
2021-07-03,2,7664,2021-08-18,0
2021-07-04,3,7667,2021-08-18,0
2021-07-05,1,7668,2021-08-18,0
2021-07-06,4,7672,2021-08-18,0
2021-07-07,1,7673,2021-08-18,0
2021-07-08,1,7674,2021-08-18,0
2021-07-09,0,7674,2021-08-18,0
2021-07-10,1,7675,2021-08-18,0
2021-07-11,2,7677,2021-08-18,0
2021-07-12,1,7678,2021-08-18,0
2021-07-13,2,7680,2021-08-18,0
2021-07-14,2,7682,2021-08-18,0
2021-07-15,2,7684,2021-08-18,0
2021-07-16,1,7685,2021-08-18,0
2021-07-17,1,7686,2021-08-18,0
2021-07-18,0,7686,2021-08-18,0
2021-07-19,0,7686,2021-08-18,0
2021-07-20,2,7688,2021-08-18,0
2021-07-21,2,7690,2021-08-18,0
2021-07-22,2,7692,2021-08-18,0
2021-07-23,3,7695,2021-08-18,0
2021-07-24,0,7695,2021-08-18,0
2021-07-25,2,7697,2021-08-18,0
2021-07-26,0,7697,2021-08-18,0
2021-07-27,2,7699,2021-08-18,0
2021-07-28,3,7702,2021-08-18,0
2021-07-29,2,7704,2021-08-18,0
2021-07-30,5,7709,2021-08-18,0
2021-07-31,3,7712,2021-08-18,0
2021-08-01,1,7713,2021-08-18,0
2021-08-02,2,7715,2021-08-18,0
2021-08-03,1,7716,2021-08-18,0
2021-08-04,3,7719,2021-08-18,0
2021-08-05,2,7721,2021-08-18,0
2021-08-06,6,7727,2021-08-18,0
2021-08-07,3,7730,2021-08-18,0
2021-08-08,1,7731,2021-08-18,0
2021-08-09,1,7732,2021-08-18,0
2021-08-10,2,7734,2021-08-18,0
2021-08-11,2,7736,2021-08-18,0
2021-08-12,4,7740,2021-08-18,3
2021-08-13,2,7742,2021-08-18,2
NA,0,7742,2021-08-18,0
2020-03-19,1,1,2021-08-19,0
2020-03-20,0,1,2021-08-19,0
2020-03-21,0,1,2021-08-19,0
2020-03-22,0,1,2021-08-19,0
2020-03-23,0,1,2021-08-19,0
2020-03-24,1,2,2021-08-19,0
2020-03-25,1,3,2021-08-19,0
2020-03-26,1,4,2021-08-19,0
2020-03-27,5,9,2021-08-19,0
2020-03-28,3,12,2021-08-19,0
2020-03-29,0,12,2021-08-19,0
2020-03-30,5,17,2021-08-19,0
2020-03-31,2,19,2021-08-19,0
2020-04-01,5,24,2021-08-19,0
2020-04-02,3,27,2021-08-19,0
2020-04-03,1,28,2021-08-19,0
2020-04-04,5,33,2021-08-19,0
2020-04-05,5,38,2021-08-19,0
2020-04-06,10,48,2021-08-19,0
2020-04-07,6,54,2021-08-19,0
2020-04-08,7,61,2021-08-19,0
2020-04-09,8,69,2021-08-19,0
2020-04-10,6,75,2021-08-19,0
2020-04-11,4,79,2021-08-19,0
2020-04-12,4,83,2021-08-19,0
2020-04-13,10,93,2021-08-19,0
2020-04-14,6,99,2021-08-19,0
2020-04-15,17,116,2021-08-19,0
2020-04-16,10,126,2021-08-19,0
2020-04-17,17,143,2021-08-19,0
2020-04-18,17,160,2021-08-19,0
2020-04-19,16,176,2021-08-19,0
2020-04-20,21,197,2021-08-19,0
2020-04-21,26,223,2021-08-19,0
2020-04-22,21,244,2021-08-19,0
2020-04-23,19,263,2021-08-19,0
2020-04-24,23,286,2021-08-19,0
2020-04-25,18,304,2021-08-19,0
2020-04-26,17,321,2021-08-19,0
2020-04-27,21,342,2021-08-19,0
2020-04-28,16,358,2021-08-19,0
2020-04-29,29,387,2021-08-19,0
2020-04-30,18,405,2021-08-19,0
2020-05-01,30,435,2021-08-19,0
2020-05-02,19,454,2021-08-19,0
2020-05-03,29,483,2021-08-19,0
2020-05-04,23,506,2021-08-19,0
2020-05-05,19,525,2021-08-19,0
2020-05-06,25,550,2021-08-19,0
2020-05-07,30,580,2021-08-19,0
2020-05-08,20,600,2021-08-19,0
2020-05-09,26,626,2021-08-19,0
2020-05-10,19,645,2021-08-19,0
2020-05-11,25,670,2021-08-19,0
2020-05-12,20,690,2021-08-19,0
2020-05-13,22,712,2021-08-19,0
2020-05-14,20,732,2021-08-19,0
2020-05-15,20,752,2021-08-19,0
2020-05-16,20,772,2021-08-19,0
2020-05-17,23,795,2021-08-19,0
2020-05-18,18,813,2021-08-19,0
2020-05-19,35,848,2021-08-19,0
2020-05-20,24,872,2021-08-19,0
2020-05-21,17,889,2021-08-19,0
2020-05-22,20,909,2021-08-19,0
2020-05-23,26,935,2021-08-19,0
2020-05-24,25,960,2021-08-19,0
2020-05-25,30,990,2021-08-19,0
2020-05-26,29,1019,2021-08-19,0
2020-05-27,25,1044,2021-08-19,0
2020-05-28,21,1065,2021-08-19,0
2020-05-29,17,1082,2021-08-19,0
2020-05-30,11,1093,2021-08-19,0
2020-05-31,20,1113,2021-08-19,0
2020-06-01,23,1136,2021-08-19,0
2020-06-02,21,1157,2021-08-19,0
2020-06-03,25,1182,2021-08-19,0
2020-06-04,26,1208,2021-08-19,0
2020-06-05,18,1226,2021-08-19,0
2020-06-06,12,1238,2021-08-19,0
2020-06-07,22,1260,2021-08-19,0
2020-06-08,12,1272,2021-08-19,0
2020-06-09,13,1285,2021-08-19,0
2020-06-10,10,1295,2021-08-19,0
2020-06-11,12,1307,2021-08-19,0
2020-06-12,11,1318,2021-08-19,0
2020-06-13,13,1331,2021-08-19,0
2020-06-14,11,1342,2021-08-19,0
2020-06-15,8,1350,2021-08-19,0
2020-06-16,8,1358,2021-08-19,0
2020-06-17,17,1375,2021-08-19,0
2020-06-18,9,1384,2021-08-19,0
2020-06-19,8,1392,2021-08-19,0
2020-06-20,12,1404,2021-08-19,0
2020-06-21,11,1415,2021-08-19,0
2020-06-22,6,1421,2021-08-19,0
2020-06-23,10,1431,2021-08-19,0
2020-06-24,1,1432,2021-08-19,0
2020-06-25,9,1441,2021-08-19,0
2020-06-26,6,1447,2021-08-19,0
2020-06-27,5,1452,2021-08-19,0
2020-06-28,11,1463,2021-08-19,0
2020-06-29,7,1470,2021-08-19,0
2020-06-30,9,1479,2021-08-19,0
2020-07-01,2,1481,2021-08-19,0
2020-07-02,3,1484,2021-08-19,0
2020-07-03,5,1489,2021-08-19,0
2020-07-04,4,1493,2021-08-19,0
2020-07-05,6,1499,2021-08-19,0
2020-07-06,4,1503,2021-08-19,0
2020-07-07,2,1505,2021-08-19,0
2020-07-08,9,1514,2021-08-19,0
2020-07-09,4,1518,2021-08-19,0
2020-07-10,3,1521,2021-08-19,0
2020-07-11,4,1525,2021-08-19,0
2020-07-12,6,1531,2021-08-19,0
2020-07-13,2,1533,2021-08-19,0
2020-07-14,6,1539,2021-08-19,0
2020-07-15,7,1546,2021-08-19,0
2020-07-16,3,1549,2021-08-19,0
2020-07-17,7,1556,2021-08-19,0
2020-07-18,6,1562,2021-08-19,0
2020-07-19,5,1567,2021-08-19,0
2020-07-20,3,1570,2021-08-19,0
2020-07-21,6,1576,2021-08-19,0
2020-07-22,5,1581,2021-08-19,0
2020-07-23,8,1589,2021-08-19,0
2020-07-24,6,1595,2021-08-19,0
2020-07-25,2,1597,2021-08-19,0
2020-07-26,5,1602,2021-08-19,0
2020-07-27,5,1607,2021-08-19,0
2020-07-28,7,1614,2021-08-19,0
2020-07-29,3,1617,2021-08-19,0
2020-07-30,6,1623,2021-08-19,0
2020-07-31,9,1632,2021-08-19,0
2020-08-01,4,1636,2021-08-19,0
2020-08-02,7,1643,2021-08-19,0
2020-08-03,4,1647,2021-08-19,0
2020-08-04,7,1654,2021-08-19,0
2020-08-05,8,1662,2021-08-19,0
2020-08-06,9,1671,2021-08-19,0
2020-08-07,7,1678,2021-08-19,0
2020-08-08,6,1684,2021-08-19,0
2020-08-09,10,1694,2021-08-19,0
2020-08-10,3,1697,2021-08-19,0
2020-08-11,9,1706,2021-08-19,0
2020-08-12,7,1713,2021-08-19,0
2020-08-13,5,1718,2021-08-19,0
2020-08-14,9,1727,2021-08-19,0
2020-08-15,13,1740,2021-08-19,0
2020-08-16,13,1753,2021-08-19,0
2020-08-17,6,1759,2021-08-19,0
2020-08-18,11,1770,2021-08-19,0
2020-08-19,3,1773,2021-08-19,0
2020-08-20,10,1783,2021-08-19,0
2020-08-21,12,1795,2021-08-19,0
2020-08-22,9,1804,2021-08-19,0
2020-08-23,7,1811,2021-08-19,0
2020-08-24,9,1820,2021-08-19,0
2020-08-25,4,1824,2021-08-19,0
2020-08-26,3,1827,2021-08-19,0
2020-08-27,7,1834,2021-08-19,0
2020-08-28,6,1840,2021-08-19,0
2020-08-29,3,1843,2021-08-19,0
2020-08-30,5,1848,2021-08-19,0
2020-08-31,9,1857,2021-08-19,0
2020-09-01,2,1859,2021-08-19,0
2020-09-02,7,1866,2021-08-19,0
2020-09-03,12,1878,2021-08-19,0
2020-09-04,4,1882,2021-08-19,0
2020-09-05,6,1888,2021-08-19,0
2020-09-06,12,1900,2021-08-19,0
2020-09-07,3,1903,2021-08-19,0
2020-09-08,6,1909,2021-08-19,0
2020-09-09,10,1919,2021-08-19,0
2020-09-10,9,1928,2021-08-19,0
2020-09-11,11,1939,2021-08-19,0
2020-09-12,8,1947,2021-08-19,0
2020-09-13,8,1955,2021-08-19,0
2020-09-14,2,1957,2021-08-19,0
2020-09-15,6,1963,2021-08-19,0
2020-09-16,9,1972,2021-08-19,0
2020-09-17,5,1977,2021-08-19,0
2020-09-18,6,1983,2021-08-19,0
2020-09-19,4,1987,2021-08-19,0
2020-09-20,9,1996,2021-08-19,0
2020-09-21,7,2003,2021-08-19,0
2020-09-22,8,2011,2021-08-19,0
2020-09-23,9,2020,2021-08-19,0
2020-09-24,7,2027,2021-08-19,0
2020-09-25,11,2038,2021-08-19,0
2020-09-26,9,2047,2021-08-19,0
2020-09-27,14,2061,2021-08-19,0
2020-09-28,11,2072,2021-08-19,0
2020-09-29,5,2077,2021-08-19,0
2020-09-30,16,2093,2021-08-19,0
2020-10-01,7,2100,2021-08-19,0
2020-10-02,13,2113,2021-08-19,0
2020-10-03,9,2122,2021-08-19,0
2020-10-04,7,2129,2021-08-19,0
2020-10-05,10,2139,2021-08-19,0
2020-10-06,12,2151,2021-08-19,0
2020-10-07,19,2170,2021-08-19,0
2020-10-08,9,2179,2021-08-19,0
2020-10-09,17,2196,2021-08-19,0
2020-10-10,16,2212,2021-08-19,0
2020-10-11,16,2228,2021-08-19,0
2020-10-12,20,2248,2021-08-19,0
2020-10-13,14,2262,2021-08-19,0
2020-10-14,10,2272,2021-08-19,0
2020-10-15,9,2281,2021-08-19,0
2020-10-16,12,2293,2021-08-19,0
2020-10-17,18,2311,2021-08-19,0
2020-10-18,25,2336,2021-08-19,0
2020-10-19,18,2354,2021-08-19,0
2020-10-20,15,2369,2021-08-19,0
2020-10-21,24,2393,2021-08-19,0
2020-10-22,18,2411,2021-08-19,0
2020-10-23,19,2430,2021-08-19,0
2020-10-24,8,2438,2021-08-19,0
2020-10-25,17,2455,2021-08-19,0
2020-10-26,25,2480,2021-08-19,0
2020-10-27,23,2503,2021-08-19,0
2020-10-28,29,2532,2021-08-19,0
2020-10-29,18,2550,2021-08-19,0
2020-10-30,27,2577,2021-08-19,0
2020-10-31,25,2602,2021-08-19,0
2020-11-01,21,2623,2021-08-19,0
2020-11-02,25,2648,2021-08-19,0
2020-11-03,25,2673,2021-08-19,0
2020-11-04,33,2706,2021-08-19,0
2020-11-05,37,2743,2021-08-19,0
2020-11-06,39,2782,2021-08-19,0
2020-11-07,42,2824,2021-08-19,0
2020-11-08,47,2871,2021-08-19,0
2020-11-09,36,2907,2021-08-19,0
2020-11-10,35,2942,2021-08-19,0
2020-11-11,43,2985,2021-08-19,0
2020-11-12,45,3030,2021-08-19,0
2020-11-13,40,3070,2021-08-19,0
2020-11-14,47,3117,2021-08-19,0
2020-11-15,46,3163,2021-08-19,0
2020-11-16,62,3225,2021-08-19,0
2020-11-17,56,3281,2021-08-19,0
2020-11-18,61,3342,2021-08-19,0
2020-11-19,60,3402,2021-08-19,0
2020-11-20,63,3465,2021-08-19,0
2020-11-21,58,3523,2021-08-19,0
2020-11-22,67,3590,2021-08-19,0
2020-11-23,59,3649,2021-08-19,0
2020-11-24,68,3717,2021-08-19,0
2020-11-25,72,3789,2021-08-19,0
2020-11-26,54,3843,2021-08-19,0
2020-11-27,69,3912,2021-08-19,0
2020-11-28,60,3972,2021-08-19,0
2020-11-29,68,4040,2021-08-19,0
2020-11-30,60,4100,2021-08-19,0
2020-12-01,63,4163,2021-08-19,0
2020-12-02,73,4236,2021-08-19,0
2020-12-03,86,4322,2021-08-19,0
2020-12-04,67,4389,2021-08-19,0
2020-12-05,74,4463,2021-08-19,0
2020-12-06,80,4543,2021-08-19,0
2020-12-07,75,4618,2021-08-19,0
2020-12-08,61,4679,2021-08-19,0
2020-12-09,71,4750,2021-08-19,0
2020-12-10,71,4821,2021-08-19,0
2020-12-11,70,4891,2021-08-19,0
2020-12-12,71,4962,2021-08-19,0
2020-12-13,55,5017,2021-08-19,0
2020-12-14,43,5060,2021-08-19,0
2020-12-15,65,5125,2021-08-19,0
2020-12-16,70,5195,2021-08-19,0
2020-12-17,60,5255,2021-08-19,0
2020-12-18,59,5314,2021-08-19,0
2020-12-19,56,5370,2021-08-19,0
2020-12-20,59,5429,2021-08-19,0
2020-12-21,58,5487,2021-08-19,0
2020-12-22,33,5520,2021-08-19,0
2020-12-23,44,5564,2021-08-19,0
2020-12-24,50,5614,2021-08-19,0
2020-12-25,36,5650,2021-08-19,0
2020-12-26,43,5693,2021-08-19,0
2020-12-27,41,5734,2021-08-19,0
2020-12-28,33,5767,2021-08-19,0
2020-12-29,36,5803,2021-08-19,0
2020-12-30,47,5850,2021-08-19,0
2020-12-31,36,5886,2021-08-19,0
2021-01-01,28,5914,2021-08-19,0
2021-01-02,46,5960,2021-08-19,0
2021-01-03,36,5996,2021-08-19,0
2021-01-04,31,6027,2021-08-19,0
2021-01-05,40,6067,2021-08-19,0
2021-01-06,32,6099,2021-08-19,0
2021-01-07,37,6136,2021-08-19,0
2021-01-08,32,6168,2021-08-19,0
2021-01-09,25,6193,2021-08-19,0
2021-01-10,29,6222,2021-08-19,0
2021-01-11,26,6248,2021-08-19,0
2021-01-12,32,6280,2021-08-19,0
2021-01-13,23,6303,2021-08-19,0
2021-01-14,41,6344,2021-08-19,0
2021-01-15,26,6370,2021-08-19,0
2021-01-16,28,6398,2021-08-19,0
2021-01-17,21,6419,2021-08-19,0
2021-01-18,19,6438,2021-08-19,0
2021-01-19,14,6452,2021-08-19,0
2021-01-20,26,6478,2021-08-19,0
2021-01-21,16,6494,2021-08-19,0
2021-01-22,13,6507,2021-08-19,0
2021-01-23,17,6524,2021-08-19,0
2021-01-24,24,6548,2021-08-19,0
2021-01-25,17,6565,2021-08-19,0
2021-01-26,21,6586,2021-08-19,0
2021-01-27,11,6597,2021-08-19,0
2021-01-28,12,6609,2021-08-19,0
2021-01-29,15,6624,2021-08-19,0
2021-01-30,13,6637,2021-08-19,0
2021-01-31,16,6653,2021-08-19,0
2021-02-01,17,6670,2021-08-19,0
2021-02-02,10,6680,2021-08-19,0
2021-02-03,11,6691,2021-08-19,0
2021-02-04,11,6702,2021-08-19,0
2021-02-05,10,6712,2021-08-19,0
2021-02-06,12,6724,2021-08-19,0
2021-02-07,19,6743,2021-08-19,0
2021-02-08,11,6754,2021-08-19,0
2021-02-09,14,6768,2021-08-19,0
2021-02-10,13,6781,2021-08-19,0
2021-02-11,7,6788,2021-08-19,0
2021-02-12,12,6800,2021-08-19,0
2021-02-13,8,6808,2021-08-19,0
2021-02-14,9,6817,2021-08-19,0
2021-02-15,9,6826,2021-08-19,0
2021-02-16,12,6838,2021-08-19,0
2021-02-17,10,6848,2021-08-19,0
2021-02-18,7,6855,2021-08-19,0
2021-02-19,6,6861,2021-08-19,0
2021-02-20,7,6868,2021-08-19,0
2021-02-21,4,6872,2021-08-19,0
2021-02-22,5,6877,2021-08-19,0
2021-02-23,9,6886,2021-08-19,0
2021-02-24,4,6890,2021-08-19,0
2021-02-25,5,6895,2021-08-19,0
2021-02-26,7,6902,2021-08-19,0
2021-02-27,5,6907,2021-08-19,0
2021-02-28,8,6915,2021-08-19,0
2021-03-01,7,6922,2021-08-19,0
2021-03-02,2,6924,2021-08-19,0
2021-03-03,10,6934,2021-08-19,0
2021-03-04,6,6940,2021-08-19,0
2021-03-05,10,6950,2021-08-19,0
2021-03-06,5,6955,2021-08-19,0
2021-03-07,9,6964,2021-08-19,0
2021-03-08,5,6969,2021-08-19,0
2021-03-09,7,6976,2021-08-19,0
2021-03-10,5,6981,2021-08-19,0
2021-03-11,4,6985,2021-08-19,0
2021-03-12,11,6996,2021-08-19,0
2021-03-13,5,7001,2021-08-19,0
2021-03-14,4,7005,2021-08-19,0
2021-03-15,2,7007,2021-08-19,0
2021-03-16,4,7011,2021-08-19,0
2021-03-17,4,7015,2021-08-19,0
2021-03-18,5,7020,2021-08-19,0
2021-03-19,5,7025,2021-08-19,0
2021-03-20,9,7034,2021-08-19,0
2021-03-21,5,7039,2021-08-19,0
2021-03-22,4,7043,2021-08-19,0
2021-03-23,5,7048,2021-08-19,0
2021-03-24,1,7049,2021-08-19,0
2021-03-25,5,7054,2021-08-19,0
2021-03-26,3,7057,2021-08-19,0
2021-03-27,7,7064,2021-08-19,0
2021-03-28,6,7070,2021-08-19,0
2021-03-29,5,7075,2021-08-19,0
2021-03-30,6,7081,2021-08-19,0
2021-03-31,8,7089,2021-08-19,0
2021-04-01,6,7095,2021-08-19,0
2021-04-02,9,7104,2021-08-19,0
2021-04-03,8,7112,2021-08-19,0
2021-04-04,6,7118,2021-08-19,0
2021-04-05,8,7126,2021-08-19,0
2021-04-06,6,7132,2021-08-19,0
2021-04-07,6,7138,2021-08-19,0
2021-04-08,10,7148,2021-08-19,0
2021-04-09,6,7154,2021-08-19,0
2021-04-10,7,7161,2021-08-19,0
2021-04-11,8,7169,2021-08-19,0
2021-04-12,9,7178,2021-08-19,0
2021-04-13,6,7184,2021-08-19,0
2021-04-14,8,7192,2021-08-19,0
2021-04-15,14,7206,2021-08-19,0
2021-04-16,8,7214,2021-08-19,0
2021-04-17,8,7222,2021-08-19,0
2021-04-18,8,7230,2021-08-19,0
2021-04-19,10,7240,2021-08-19,0
2021-04-20,5,7245,2021-08-19,0
2021-04-21,8,7253,2021-08-19,0
2021-04-22,1,7254,2021-08-19,0
2021-04-23,15,7269,2021-08-19,0
2021-04-24,11,7280,2021-08-19,0
2021-04-25,15,7295,2021-08-19,0
2021-04-26,14,7309,2021-08-19,0
2021-04-27,7,7316,2021-08-19,0
2021-04-28,14,7330,2021-08-19,0
2021-04-29,8,7338,2021-08-19,0
2021-04-30,11,7349,2021-08-19,0
2021-05-01,7,7356,2021-08-19,0
2021-05-02,8,7364,2021-08-19,0
2021-05-03,5,7369,2021-08-19,0
2021-05-04,13,7382,2021-08-19,0
2021-05-05,8,7390,2021-08-19,0
2021-05-06,5,7395,2021-08-19,0
2021-05-07,8,7403,2021-08-19,0
2021-05-08,7,7410,2021-08-19,0
2021-05-09,9,7419,2021-08-19,0
2021-05-10,8,7427,2021-08-19,0
2021-05-11,6,7433,2021-08-19,0
2021-05-12,9,7442,2021-08-19,0
2021-05-13,9,7451,2021-08-19,0
2021-05-14,11,7462,2021-08-19,0
2021-05-15,9,7471,2021-08-19,0
2021-05-16,5,7476,2021-08-19,0
2021-05-17,5,7481,2021-08-19,0
2021-05-18,7,7488,2021-08-19,0
2021-05-19,2,7490,2021-08-19,0
2021-05-20,5,7495,2021-08-19,0
2021-05-21,7,7502,2021-08-19,0
2021-05-22,10,7512,2021-08-19,0
2021-05-23,5,7517,2021-08-19,0
2021-05-24,5,7522,2021-08-19,0
2021-05-25,6,7528,2021-08-19,0
2021-05-26,3,7531,2021-08-19,0
2021-05-27,7,7538,2021-08-19,0
2021-05-28,2,7540,2021-08-19,0
2021-05-29,6,7546,2021-08-19,0
2021-05-30,4,7550,2021-08-19,0
2021-05-31,3,7553,2021-08-19,0
2021-06-01,5,7558,2021-08-19,0
2021-06-02,8,7566,2021-08-19,0
2021-06-03,4,7570,2021-08-19,0
2021-06-04,4,7574,2021-08-19,0
2021-06-05,1,7575,2021-08-19,0
2021-06-06,5,7580,2021-08-19,0
2021-06-07,3,7583,2021-08-19,0
2021-06-08,5,7588,2021-08-19,0
2021-06-09,4,7592,2021-08-19,0
2021-06-10,6,7598,2021-08-19,0
2021-06-11,6,7604,2021-08-19,0
2021-06-12,4,7608,2021-08-19,0
2021-06-13,3,7611,2021-08-19,0
2021-06-14,3,7614,2021-08-19,0
2021-06-15,2,7616,2021-08-19,0
2021-06-16,2,7618,2021-08-19,0
2021-06-17,4,7622,2021-08-19,0
2021-06-18,1,7623,2021-08-19,0
2021-06-19,6,7629,2021-08-19,0
2021-06-20,1,7630,2021-08-19,0
2021-06-21,5,7635,2021-08-19,0
2021-06-22,3,7638,2021-08-19,0
2021-06-23,4,7642,2021-08-19,0
2021-06-24,3,7645,2021-08-19,0
2021-06-25,3,7648,2021-08-19,0
2021-06-26,4,7652,2021-08-19,0
2021-06-27,2,7654,2021-08-19,0
2021-06-28,2,7656,2021-08-19,0
2021-06-29,2,7658,2021-08-19,0
2021-06-30,2,7660,2021-08-19,0
2021-07-01,0,7660,2021-08-19,0
2021-07-02,2,7662,2021-08-19,0
2021-07-03,2,7664,2021-08-19,0
2021-07-04,3,7667,2021-08-19,0
2021-07-05,1,7668,2021-08-19,0
2021-07-06,4,7672,2021-08-19,0
2021-07-07,1,7673,2021-08-19,0
2021-07-08,1,7674,2021-08-19,0
2021-07-09,0,7674,2021-08-19,0
2021-07-10,1,7675,2021-08-19,0
2021-07-11,2,7677,2021-08-19,0
2021-07-12,1,7678,2021-08-19,0
2021-07-13,2,7680,2021-08-19,0
2021-07-14,2,7682,2021-08-19,0
2021-07-15,2,7684,2021-08-19,0
2021-07-16,1,7685,2021-08-19,0
2021-07-17,1,7686,2021-08-19,0
2021-07-18,0,7686,2021-08-19,0
2021-07-19,0,7686,2021-08-19,0
2021-07-20,2,7688,2021-08-19,0
2021-07-21,2,7690,2021-08-19,0
2021-07-22,2,7692,2021-08-19,0
2021-07-23,3,7695,2021-08-19,0
2021-07-24,0,7695,2021-08-19,0
2021-07-25,2,7697,2021-08-19,0
2021-07-26,0,7697,2021-08-19,0
2021-07-27,2,7699,2021-08-19,0
2021-07-28,3,7702,2021-08-19,0
2021-07-29,2,7704,2021-08-19,0
2021-07-30,5,7709,2021-08-19,0
2021-07-31,3,7712,2021-08-19,0
2021-08-01,1,7713,2021-08-19,0
2021-08-02,2,7715,2021-08-19,0
2021-08-03,1,7716,2021-08-19,0
2021-08-04,3,7719,2021-08-19,0
2021-08-05,2,7721,2021-08-19,0
2021-08-06,6,7727,2021-08-19,0
2021-08-07,3,7730,2021-08-19,0
2021-08-08,1,7731,2021-08-19,0
2021-08-09,3,7734,2021-08-19,2
2021-08-10,2,7736,2021-08-19,0
2021-08-11,2,7738,2021-08-19,0
2021-08-12,5,7743,2021-08-19,1
2021-08-13,5,7748,2021-08-19,3
2021-08-14,1,7749,2021-08-19,1
2021-08-15,0,7749,2021-08-19,0
2021-08-16,1,7750,2021-08-19,1
NA,0,7750,2021-08-19,0
2020-03-19,1,1,2021-08-20,0
2020-03-20,0,1,2021-08-20,0
2020-03-21,0,1,2021-08-20,0
2020-03-22,0,1,2021-08-20,0
2020-03-23,0,1,2021-08-20,0
2020-03-24,1,2,2021-08-20,0
2020-03-25,1,3,2021-08-20,0
2020-03-26,1,4,2021-08-20,0
2020-03-27,5,9,2021-08-20,0
2020-03-28,3,12,2021-08-20,0
2020-03-29,0,12,2021-08-20,0
2020-03-30,5,17,2021-08-20,0
2020-03-31,2,19,2021-08-20,0
2020-04-01,5,24,2021-08-20,0
2020-04-02,3,27,2021-08-20,0
2020-04-03,1,28,2021-08-20,0
2020-04-04,5,33,2021-08-20,0
2020-04-05,5,38,2021-08-20,0
2020-04-06,10,48,2021-08-20,0
2020-04-07,6,54,2021-08-20,0
2020-04-08,7,61,2021-08-20,0
2020-04-09,8,69,2021-08-20,0
2020-04-10,6,75,2021-08-20,0
2020-04-11,4,79,2021-08-20,0
2020-04-12,4,83,2021-08-20,0
2020-04-13,10,93,2021-08-20,0
2020-04-14,6,99,2021-08-20,0
2020-04-15,17,116,2021-08-20,0
2020-04-16,10,126,2021-08-20,0
2020-04-17,17,143,2021-08-20,0
2020-04-18,17,160,2021-08-20,0
2020-04-19,16,176,2021-08-20,0
2020-04-20,21,197,2021-08-20,0
2020-04-21,26,223,2021-08-20,0
2020-04-22,21,244,2021-08-20,0
2020-04-23,19,263,2021-08-20,0
2020-04-24,23,286,2021-08-20,0
2020-04-25,18,304,2021-08-20,0
2020-04-26,17,321,2021-08-20,0
2020-04-27,21,342,2021-08-20,0
2020-04-28,16,358,2021-08-20,0
2020-04-29,29,387,2021-08-20,0
2020-04-30,18,405,2021-08-20,0
2020-05-01,30,435,2021-08-20,0
2020-05-02,19,454,2021-08-20,0
2020-05-03,29,483,2021-08-20,0
2020-05-04,23,506,2021-08-20,0
2020-05-05,19,525,2021-08-20,0
2020-05-06,25,550,2021-08-20,0
2020-05-07,30,580,2021-08-20,0
2020-05-08,20,600,2021-08-20,0
2020-05-09,26,626,2021-08-20,0
2020-05-10,19,645,2021-08-20,0
2020-05-11,25,670,2021-08-20,0
2020-05-12,20,690,2021-08-20,0
2020-05-13,22,712,2021-08-20,0
2020-05-14,20,732,2021-08-20,0
2020-05-15,20,752,2021-08-20,0
2020-05-16,20,772,2021-08-20,0
2020-05-17,23,795,2021-08-20,0
2020-05-18,18,813,2021-08-20,0
2020-05-19,35,848,2021-08-20,0
2020-05-20,24,872,2021-08-20,0
2020-05-21,17,889,2021-08-20,0
2020-05-22,20,909,2021-08-20,0
2020-05-23,26,935,2021-08-20,0
2020-05-24,25,960,2021-08-20,0
2020-05-25,30,990,2021-08-20,0
2020-05-26,29,1019,2021-08-20,0
2020-05-27,25,1044,2021-08-20,0
2020-05-28,21,1065,2021-08-20,0
2020-05-29,17,1082,2021-08-20,0
2020-05-30,11,1093,2021-08-20,0
2020-05-31,20,1113,2021-08-20,0
2020-06-01,23,1136,2021-08-20,0
2020-06-02,21,1157,2021-08-20,0
2020-06-03,25,1182,2021-08-20,0
2020-06-04,26,1208,2021-08-20,0
2020-06-05,18,1226,2021-08-20,0
2020-06-06,12,1238,2021-08-20,0
2020-06-07,22,1260,2021-08-20,0
2020-06-08,12,1272,2021-08-20,0
2020-06-09,13,1285,2021-08-20,0
2020-06-10,10,1295,2021-08-20,0
2020-06-11,12,1307,2021-08-20,0
2020-06-12,11,1318,2021-08-20,0
2020-06-13,13,1331,2021-08-20,0
2020-06-14,11,1342,2021-08-20,0
2020-06-15,8,1350,2021-08-20,0
2020-06-16,8,1358,2021-08-20,0
2020-06-17,17,1375,2021-08-20,0
2020-06-18,9,1384,2021-08-20,0
2020-06-19,8,1392,2021-08-20,0
2020-06-20,12,1404,2021-08-20,0
2020-06-21,11,1415,2021-08-20,0
2020-06-22,6,1421,2021-08-20,0
2020-06-23,10,1431,2021-08-20,0
2020-06-24,1,1432,2021-08-20,0
2020-06-25,9,1441,2021-08-20,0
2020-06-26,6,1447,2021-08-20,0
2020-06-27,5,1452,2021-08-20,0
2020-06-28,11,1463,2021-08-20,0
2020-06-29,7,1470,2021-08-20,0
2020-06-30,9,1479,2021-08-20,0
2020-07-01,2,1481,2021-08-20,0
2020-07-02,3,1484,2021-08-20,0
2020-07-03,5,1489,2021-08-20,0
2020-07-04,4,1493,2021-08-20,0
2020-07-05,6,1499,2021-08-20,0
2020-07-06,4,1503,2021-08-20,0
2020-07-07,2,1505,2021-08-20,0
2020-07-08,9,1514,2021-08-20,0
2020-07-09,4,1518,2021-08-20,0
2020-07-10,3,1521,2021-08-20,0
2020-07-11,4,1525,2021-08-20,0
2020-07-12,6,1531,2021-08-20,0
2020-07-13,2,1533,2021-08-20,0
2020-07-14,6,1539,2021-08-20,0
2020-07-15,7,1546,2021-08-20,0
2020-07-16,3,1549,2021-08-20,0
2020-07-17,7,1556,2021-08-20,0
2020-07-18,6,1562,2021-08-20,0
2020-07-19,5,1567,2021-08-20,0
2020-07-20,3,1570,2021-08-20,0
2020-07-21,6,1576,2021-08-20,0
2020-07-22,5,1581,2021-08-20,0
2020-07-23,8,1589,2021-08-20,0
2020-07-24,6,1595,2021-08-20,0
2020-07-25,2,1597,2021-08-20,0
2020-07-26,5,1602,2021-08-20,0
2020-07-27,5,1607,2021-08-20,0
2020-07-28,7,1614,2021-08-20,0
2020-07-29,3,1617,2021-08-20,0
2020-07-30,6,1623,2021-08-20,0
2020-07-31,9,1632,2021-08-20,0
2020-08-01,4,1636,2021-08-20,0
2020-08-02,7,1643,2021-08-20,0
2020-08-03,4,1647,2021-08-20,0
2020-08-04,7,1654,2021-08-20,0
2020-08-05,8,1662,2021-08-20,0
2020-08-06,9,1671,2021-08-20,0
2020-08-07,7,1678,2021-08-20,0
2020-08-08,6,1684,2021-08-20,0
2020-08-09,10,1694,2021-08-20,0
2020-08-10,3,1697,2021-08-20,0
2020-08-11,9,1706,2021-08-20,0
2020-08-12,7,1713,2021-08-20,0
2020-08-13,5,1718,2021-08-20,0
2020-08-14,9,1727,2021-08-20,0
2020-08-15,13,1740,2021-08-20,0
2020-08-16,13,1753,2021-08-20,0
2020-08-17,6,1759,2021-08-20,0
2020-08-18,11,1770,2021-08-20,0
2020-08-19,3,1773,2021-08-20,0
2020-08-20,10,1783,2021-08-20,0
2020-08-21,12,1795,2021-08-20,0
2020-08-22,9,1804,2021-08-20,0
2020-08-23,7,1811,2021-08-20,0
2020-08-24,9,1820,2021-08-20,0
2020-08-25,4,1824,2021-08-20,0
2020-08-26,3,1827,2021-08-20,0
2020-08-27,7,1834,2021-08-20,0
2020-08-28,6,1840,2021-08-20,0
2020-08-29,3,1843,2021-08-20,0
2020-08-30,5,1848,2021-08-20,0
2020-08-31,9,1857,2021-08-20,0
2020-09-01,2,1859,2021-08-20,0
2020-09-02,7,1866,2021-08-20,0
2020-09-03,12,1878,2021-08-20,0
2020-09-04,4,1882,2021-08-20,0
2020-09-05,6,1888,2021-08-20,0
2020-09-06,12,1900,2021-08-20,0
2020-09-07,3,1903,2021-08-20,0
2020-09-08,6,1909,2021-08-20,0
2020-09-09,10,1919,2021-08-20,0
2020-09-10,9,1928,2021-08-20,0
2020-09-11,11,1939,2021-08-20,0
2020-09-12,8,1947,2021-08-20,0
2020-09-13,8,1955,2021-08-20,0
2020-09-14,2,1957,2021-08-20,0
2020-09-15,6,1963,2021-08-20,0
2020-09-16,9,1972,2021-08-20,0
2020-09-17,5,1977,2021-08-20,0
2020-09-18,6,1983,2021-08-20,0
2020-09-19,4,1987,2021-08-20,0
2020-09-20,9,1996,2021-08-20,0
2020-09-21,7,2003,2021-08-20,0
2020-09-22,8,2011,2021-08-20,0
2020-09-23,9,2020,2021-08-20,0
2020-09-24,7,2027,2021-08-20,0
2020-09-25,11,2038,2021-08-20,0
2020-09-26,9,2047,2021-08-20,0
2020-09-27,14,2061,2021-08-20,0
2020-09-28,11,2072,2021-08-20,0
2020-09-29,5,2077,2021-08-20,0
2020-09-30,16,2093,2021-08-20,0
2020-10-01,7,2100,2021-08-20,0
2020-10-02,13,2113,2021-08-20,0
2020-10-03,9,2122,2021-08-20,0
2020-10-04,7,2129,2021-08-20,0
2020-10-05,10,2139,2021-08-20,0
2020-10-06,12,2151,2021-08-20,0
2020-10-07,19,2170,2021-08-20,0
2020-10-08,9,2179,2021-08-20,0
2020-10-09,17,2196,2021-08-20,0
2020-10-10,16,2212,2021-08-20,0
2020-10-11,16,2228,2021-08-20,0
2020-10-12,20,2248,2021-08-20,0
2020-10-13,14,2262,2021-08-20,0
2020-10-14,10,2272,2021-08-20,0
2020-10-15,9,2281,2021-08-20,0
2020-10-16,12,2293,2021-08-20,0
2020-10-17,18,2311,2021-08-20,0
2020-10-18,25,2336,2021-08-20,0
2020-10-19,18,2354,2021-08-20,0
2020-10-20,15,2369,2021-08-20,0
2020-10-21,24,2393,2021-08-20,0
2020-10-22,18,2411,2021-08-20,0
2020-10-23,19,2430,2021-08-20,0
2020-10-24,8,2438,2021-08-20,0
2020-10-25,17,2455,2021-08-20,0
2020-10-26,25,2480,2021-08-20,0
2020-10-27,23,2503,2021-08-20,0
2020-10-28,29,2532,2021-08-20,0
2020-10-29,18,2550,2021-08-20,0
2020-10-30,27,2577,2021-08-20,0
2020-10-31,25,2602,2021-08-20,0
2020-11-01,21,2623,2021-08-20,0
2020-11-02,25,2648,2021-08-20,0
2020-11-03,25,2673,2021-08-20,0
2020-11-04,33,2706,2021-08-20,0
2020-11-05,37,2743,2021-08-20,0
2020-11-06,39,2782,2021-08-20,0
2020-11-07,42,2824,2021-08-20,0
2020-11-08,47,2871,2021-08-20,0
2020-11-09,36,2907,2021-08-20,0
2020-11-10,35,2942,2021-08-20,0
2020-11-11,43,2985,2021-08-20,0
2020-11-12,45,3030,2021-08-20,0
2020-11-13,40,3070,2021-08-20,0
2020-11-14,47,3117,2021-08-20,0
2020-11-15,46,3163,2021-08-20,0
2020-11-16,62,3225,2021-08-20,0
2020-11-17,56,3281,2021-08-20,0
2020-11-18,61,3342,2021-08-20,0
2020-11-19,60,3402,2021-08-20,0
2020-11-20,63,3465,2021-08-20,0
2020-11-21,58,3523,2021-08-20,0
2020-11-22,67,3590,2021-08-20,0
2020-11-23,59,3649,2021-08-20,0
2020-11-24,68,3717,2021-08-20,0
2020-11-25,72,3789,2021-08-20,0
2020-11-26,54,3843,2021-08-20,0
2020-11-27,69,3912,2021-08-20,0
2020-11-28,60,3972,2021-08-20,0
2020-11-29,68,4040,2021-08-20,0
2020-11-30,60,4100,2021-08-20,0
2020-12-01,63,4163,2021-08-20,0
2020-12-02,73,4236,2021-08-20,0
2020-12-03,86,4322,2021-08-20,0
2020-12-04,67,4389,2021-08-20,0
2020-12-05,74,4463,2021-08-20,0
2020-12-06,80,4543,2021-08-20,0
2020-12-07,75,4618,2021-08-20,0
2020-12-08,61,4679,2021-08-20,0
2020-12-09,71,4750,2021-08-20,0
2020-12-10,71,4821,2021-08-20,0
2020-12-11,70,4891,2021-08-20,0
2020-12-12,71,4962,2021-08-20,0
2020-12-13,55,5017,2021-08-20,0
2020-12-14,43,5060,2021-08-20,0
2020-12-15,65,5125,2021-08-20,0
2020-12-16,70,5195,2021-08-20,0
2020-12-17,60,5255,2021-08-20,0
2020-12-18,59,5314,2021-08-20,0
2020-12-19,56,5370,2021-08-20,0
2020-12-20,59,5429,2021-08-20,0
2020-12-21,58,5487,2021-08-20,0
2020-12-22,33,5520,2021-08-20,0
2020-12-23,44,5564,2021-08-20,0
2020-12-24,50,5614,2021-08-20,0
2020-12-25,36,5650,2021-08-20,0
2020-12-26,43,5693,2021-08-20,0
2020-12-27,41,5734,2021-08-20,0
2020-12-28,33,5767,2021-08-20,0
2020-12-29,36,5803,2021-08-20,0
2020-12-30,47,5850,2021-08-20,0
2020-12-31,36,5886,2021-08-20,0
2021-01-01,28,5914,2021-08-20,0
2021-01-02,46,5960,2021-08-20,0
2021-01-03,36,5996,2021-08-20,0
2021-01-04,31,6027,2021-08-20,0
2021-01-05,40,6067,2021-08-20,0
2021-01-06,32,6099,2021-08-20,0
2021-01-07,37,6136,2021-08-20,0
2021-01-08,32,6168,2021-08-20,0
2021-01-09,25,6193,2021-08-20,0
2021-01-10,29,6222,2021-08-20,0
2021-01-11,26,6248,2021-08-20,0
2021-01-12,32,6280,2021-08-20,0
2021-01-13,23,6303,2021-08-20,0
2021-01-14,41,6344,2021-08-20,0
2021-01-15,26,6370,2021-08-20,0
2021-01-16,28,6398,2021-08-20,0
2021-01-17,21,6419,2021-08-20,0
2021-01-18,19,6438,2021-08-20,0
2021-01-19,14,6452,2021-08-20,0
2021-01-20,26,6478,2021-08-20,0
2021-01-21,16,6494,2021-08-20,0
2021-01-22,13,6507,2021-08-20,0
2021-01-23,17,6524,2021-08-20,0
2021-01-24,24,6548,2021-08-20,0
2021-01-25,17,6565,2021-08-20,0
2021-01-26,21,6586,2021-08-20,0
2021-01-27,11,6597,2021-08-20,0
2021-01-28,12,6609,2021-08-20,0
2021-01-29,15,6624,2021-08-20,0
2021-01-30,13,6637,2021-08-20,0
2021-01-31,16,6653,2021-08-20,0
2021-02-01,17,6670,2021-08-20,0
2021-02-02,10,6680,2021-08-20,0
2021-02-03,11,6691,2021-08-20,0
2021-02-04,11,6702,2021-08-20,0
2021-02-05,10,6712,2021-08-20,0
2021-02-06,12,6724,2021-08-20,0
2021-02-07,19,6743,2021-08-20,0
2021-02-08,11,6754,2021-08-20,0
2021-02-09,14,6768,2021-08-20,0
2021-02-10,13,6781,2021-08-20,0
2021-02-11,7,6788,2021-08-20,0
2021-02-12,12,6800,2021-08-20,0
2021-02-13,8,6808,2021-08-20,0
2021-02-14,9,6817,2021-08-20,0
2021-02-15,9,6826,2021-08-20,0
2021-02-16,12,6838,2021-08-20,0
2021-02-17,10,6848,2021-08-20,0
2021-02-18,7,6855,2021-08-20,0
2021-02-19,6,6861,2021-08-20,0
2021-02-20,7,6868,2021-08-20,0
2021-02-21,4,6872,2021-08-20,0
2021-02-22,5,6877,2021-08-20,0
2021-02-23,9,6886,2021-08-20,0
2021-02-24,4,6890,2021-08-20,0
2021-02-25,5,6895,2021-08-20,0
2021-02-26,7,6902,2021-08-20,0
2021-02-27,5,6907,2021-08-20,0
2021-02-28,8,6915,2021-08-20,0
2021-03-01,7,6922,2021-08-20,0
2021-03-02,2,6924,2021-08-20,0
2021-03-03,10,6934,2021-08-20,0
2021-03-04,6,6940,2021-08-20,0
2021-03-05,10,6950,2021-08-20,0
2021-03-06,5,6955,2021-08-20,0
2021-03-07,9,6964,2021-08-20,0
2021-03-08,5,6969,2021-08-20,0
2021-03-09,7,6976,2021-08-20,0
2021-03-10,5,6981,2021-08-20,0
2021-03-11,4,6985,2021-08-20,0
2021-03-12,11,6996,2021-08-20,0
2021-03-13,5,7001,2021-08-20,0
2021-03-14,4,7005,2021-08-20,0
2021-03-15,2,7007,2021-08-20,0
2021-03-16,4,7011,2021-08-20,0
2021-03-17,4,7015,2021-08-20,0
2021-03-18,5,7020,2021-08-20,0
2021-03-19,5,7025,2021-08-20,0
2021-03-20,9,7034,2021-08-20,0
2021-03-21,5,7039,2021-08-20,0
2021-03-22,4,7043,2021-08-20,0
2021-03-23,5,7048,2021-08-20,0
2021-03-24,1,7049,2021-08-20,0
2021-03-25,5,7054,2021-08-20,0
2021-03-26,3,7057,2021-08-20,0
2021-03-27,7,7064,2021-08-20,0
2021-03-28,6,7070,2021-08-20,0
2021-03-29,5,7075,2021-08-20,0
2021-03-30,6,7081,2021-08-20,0
2021-03-31,8,7089,2021-08-20,0
2021-04-01,6,7095,2021-08-20,0
2021-04-02,9,7104,2021-08-20,0
2021-04-03,8,7112,2021-08-20,0
2021-04-04,6,7118,2021-08-20,0
2021-04-05,8,7126,2021-08-20,0
2021-04-06,6,7132,2021-08-20,0
2021-04-07,6,7138,2021-08-20,0
2021-04-08,10,7148,2021-08-20,0
2021-04-09,6,7154,2021-08-20,0
2021-04-10,7,7161,2021-08-20,0
2021-04-11,8,7169,2021-08-20,0
2021-04-12,9,7178,2021-08-20,0
2021-04-13,6,7184,2021-08-20,0
2021-04-14,8,7192,2021-08-20,0
2021-04-15,14,7206,2021-08-20,0
2021-04-16,8,7214,2021-08-20,0
2021-04-17,8,7222,2021-08-20,0
2021-04-18,8,7230,2021-08-20,0
2021-04-19,10,7240,2021-08-20,0
2021-04-20,5,7245,2021-08-20,0
2021-04-21,8,7253,2021-08-20,0
2021-04-22,1,7254,2021-08-20,0
2021-04-23,15,7269,2021-08-20,0
2021-04-24,11,7280,2021-08-20,0
2021-04-25,15,7295,2021-08-20,0
2021-04-26,14,7309,2021-08-20,0
2021-04-27,7,7316,2021-08-20,0
2021-04-28,14,7330,2021-08-20,0
2021-04-29,8,7338,2021-08-20,0
2021-04-30,11,7349,2021-08-20,0
2021-05-01,7,7356,2021-08-20,0
2021-05-02,8,7364,2021-08-20,0
2021-05-03,5,7369,2021-08-20,0
2021-05-04,13,7382,2021-08-20,0
2021-05-05,8,7390,2021-08-20,0
2021-05-06,5,7395,2021-08-20,0
2021-05-07,8,7403,2021-08-20,0
2021-05-08,7,7410,2021-08-20,0
2021-05-09,9,7419,2021-08-20,0
2021-05-10,8,7427,2021-08-20,0
2021-05-11,6,7433,2021-08-20,0
2021-05-12,9,7442,2021-08-20,0
2021-05-13,9,7451,2021-08-20,0
2021-05-14,11,7462,2021-08-20,0
2021-05-15,9,7471,2021-08-20,0
2021-05-16,5,7476,2021-08-20,0
2021-05-17,5,7481,2021-08-20,0
2021-05-18,7,7488,2021-08-20,0
2021-05-19,2,7490,2021-08-20,0
2021-05-20,5,7495,2021-08-20,0
2021-05-21,7,7502,2021-08-20,0
2021-05-22,10,7512,2021-08-20,0
2021-05-23,5,7517,2021-08-20,0
2021-05-24,5,7522,2021-08-20,0
2021-05-25,6,7528,2021-08-20,0
2021-05-26,3,7531,2021-08-20,0
2021-05-27,7,7538,2021-08-20,0
2021-05-28,2,7540,2021-08-20,0
2021-05-29,6,7546,2021-08-20,0
2021-05-30,4,7550,2021-08-20,0
2021-05-31,3,7553,2021-08-20,0
2021-06-01,5,7558,2021-08-20,0
2021-06-02,8,7566,2021-08-20,0
2021-06-03,4,7570,2021-08-20,0
2021-06-04,4,7574,2021-08-20,0
2021-06-05,1,7575,2021-08-20,0
2021-06-06,5,7580,2021-08-20,0
2021-06-07,3,7583,2021-08-20,0
2021-06-08,5,7588,2021-08-20,0
2021-06-09,4,7592,2021-08-20,0
2021-06-10,6,7598,2021-08-20,0
2021-06-11,6,7604,2021-08-20,0
2021-06-12,4,7608,2021-08-20,0
2021-06-13,4,7612,2021-08-20,1
2021-06-14,3,7615,2021-08-20,0
2021-06-15,2,7617,2021-08-20,0
2021-06-16,2,7619,2021-08-20,0
2021-06-17,4,7623,2021-08-20,0
2021-06-18,1,7624,2021-08-20,0
2021-06-19,6,7630,2021-08-20,0
2021-06-20,1,7631,2021-08-20,0
2021-06-21,5,7636,2021-08-20,0
2021-06-22,3,7639,2021-08-20,0
2021-06-23,4,7643,2021-08-20,0
2021-06-24,3,7646,2021-08-20,0
2021-06-25,3,7649,2021-08-20,0
2021-06-26,4,7653,2021-08-20,0
2021-06-27,2,7655,2021-08-20,0
2021-06-28,2,7657,2021-08-20,0
2021-06-29,2,7659,2021-08-20,0
2021-06-30,2,7661,2021-08-20,0
2021-07-01,0,7661,2021-08-20,0
2021-07-02,2,7663,2021-08-20,0
2021-07-03,2,7665,2021-08-20,0
2021-07-04,3,7668,2021-08-20,0
2021-07-05,1,7669,2021-08-20,0
2021-07-06,4,7673,2021-08-20,0
2021-07-07,1,7674,2021-08-20,0
2021-07-08,1,7675,2021-08-20,0
2021-07-09,0,7675,2021-08-20,0
2021-07-10,1,7676,2021-08-20,0
2021-07-11,2,7678,2021-08-20,0
2021-07-12,1,7679,2021-08-20,0
2021-07-13,2,7681,2021-08-20,0
2021-07-14,2,7683,2021-08-20,0
2021-07-15,2,7685,2021-08-20,0
2021-07-16,1,7686,2021-08-20,0
2021-07-17,1,7687,2021-08-20,0
2021-07-18,0,7687,2021-08-20,0
2021-07-19,0,7687,2021-08-20,0
2021-07-20,2,7689,2021-08-20,0
2021-07-21,2,7691,2021-08-20,0
2021-07-22,2,7693,2021-08-20,0
2021-07-23,3,7696,2021-08-20,0
2021-07-24,0,7696,2021-08-20,0
2021-07-25,2,7698,2021-08-20,0
2021-07-26,0,7698,2021-08-20,0
2021-07-27,2,7700,2021-08-20,0
2021-07-28,3,7703,2021-08-20,0
2021-07-29,2,7705,2021-08-20,0
2021-07-30,5,7710,2021-08-20,0
2021-07-31,3,7713,2021-08-20,0
2021-08-01,1,7714,2021-08-20,0
2021-08-02,3,7717,2021-08-20,1
2021-08-03,2,7719,2021-08-20,1
2021-08-04,3,7722,2021-08-20,0
2021-08-05,2,7724,2021-08-20,0
2021-08-06,7,7731,2021-08-20,1
2021-08-07,3,7734,2021-08-20,0
2021-08-08,1,7735,2021-08-20,0
2021-08-09,3,7738,2021-08-20,0
2021-08-10,2,7740,2021-08-20,0
2021-08-11,2,7742,2021-08-20,0
2021-08-12,6,7748,2021-08-20,1
2021-08-13,5,7753,2021-08-20,0
2021-08-14,1,7754,2021-08-20,0
2021-08-15,0,7754,2021-08-20,0
2021-08-16,5,7759,2021-08-20,4
2021-08-17,1,7760,2021-08-20,1
NA,0,7760,2021-08-20,0
2020-03-19,1,1,2021-08-23,0
2020-03-20,0,1,2021-08-23,0
2020-03-21,0,1,2021-08-23,0
2020-03-22,0,1,2021-08-23,0
2020-03-23,0,1,2021-08-23,0
2020-03-24,1,2,2021-08-23,0
2020-03-25,1,3,2021-08-23,0
2020-03-26,1,4,2021-08-23,0
2020-03-27,5,9,2021-08-23,0
2020-03-28,3,12,2021-08-23,0
2020-03-29,0,12,2021-08-23,0
2020-03-30,5,17,2021-08-23,0
2020-03-31,2,19,2021-08-23,0
2020-04-01,5,24,2021-08-23,0
2020-04-02,3,27,2021-08-23,0
2020-04-03,1,28,2021-08-23,0
2020-04-04,5,33,2021-08-23,0
2020-04-05,5,38,2021-08-23,0
2020-04-06,10,48,2021-08-23,0
2020-04-07,6,54,2021-08-23,0
2020-04-08,7,61,2021-08-23,0
2020-04-09,8,69,2021-08-23,0
2020-04-10,6,75,2021-08-23,0
2020-04-11,4,79,2021-08-23,0
2020-04-12,4,83,2021-08-23,0
2020-04-13,10,93,2021-08-23,0
2020-04-14,6,99,2021-08-23,0
2020-04-15,17,116,2021-08-23,0
2020-04-16,10,126,2021-08-23,0
2020-04-17,17,143,2021-08-23,0
2020-04-18,17,160,2021-08-23,0
2020-04-19,16,176,2021-08-23,0
2020-04-20,21,197,2021-08-23,0
2020-04-21,26,223,2021-08-23,0
2020-04-22,21,244,2021-08-23,0
2020-04-23,19,263,2021-08-23,0
2020-04-24,23,286,2021-08-23,0
2020-04-25,18,304,2021-08-23,0
2020-04-26,17,321,2021-08-23,0
2020-04-27,21,342,2021-08-23,0
2020-04-28,16,358,2021-08-23,0
2020-04-29,29,387,2021-08-23,0
2020-04-30,18,405,2021-08-23,0
2020-05-01,30,435,2021-08-23,0
2020-05-02,19,454,2021-08-23,0
2020-05-03,29,483,2021-08-23,0
2020-05-04,23,506,2021-08-23,0
2020-05-05,19,525,2021-08-23,0
2020-05-06,25,550,2021-08-23,0
2020-05-07,30,580,2021-08-23,0
2020-05-08,20,600,2021-08-23,0
2020-05-09,26,626,2021-08-23,0
2020-05-10,19,645,2021-08-23,0
2020-05-11,25,670,2021-08-23,0
2020-05-12,20,690,2021-08-23,0
2020-05-13,22,712,2021-08-23,0
2020-05-14,20,732,2021-08-23,0
2020-05-15,20,752,2021-08-23,0
2020-05-16,20,772,2021-08-23,0
2020-05-17,23,795,2021-08-23,0
2020-05-18,18,813,2021-08-23,0
2020-05-19,35,848,2021-08-23,0
2020-05-20,24,872,2021-08-23,0
2020-05-21,17,889,2021-08-23,0
2020-05-22,20,909,2021-08-23,0
2020-05-23,26,935,2021-08-23,0
2020-05-24,25,960,2021-08-23,0
2020-05-25,30,990,2021-08-23,0
2020-05-26,29,1019,2021-08-23,0
2020-05-27,25,1044,2021-08-23,0
2020-05-28,21,1065,2021-08-23,0
2020-05-29,17,1082,2021-08-23,0
2020-05-30,11,1093,2021-08-23,0
2020-05-31,20,1113,2021-08-23,0
2020-06-01,23,1136,2021-08-23,0
2020-06-02,21,1157,2021-08-23,0
2020-06-03,25,1182,2021-08-23,0
2020-06-04,26,1208,2021-08-23,0
2020-06-05,18,1226,2021-08-23,0
2020-06-06,12,1238,2021-08-23,0
2020-06-07,22,1260,2021-08-23,0
2020-06-08,12,1272,2021-08-23,0
2020-06-09,13,1285,2021-08-23,0
2020-06-10,10,1295,2021-08-23,0
2020-06-11,12,1307,2021-08-23,0
2020-06-12,11,1318,2021-08-23,0
2020-06-13,13,1331,2021-08-23,0
2020-06-14,11,1342,2021-08-23,0
2020-06-15,8,1350,2021-08-23,0
2020-06-16,8,1358,2021-08-23,0
2020-06-17,17,1375,2021-08-23,0
2020-06-18,9,1384,2021-08-23,0
2020-06-19,8,1392,2021-08-23,0
2020-06-20,12,1404,2021-08-23,0
2020-06-21,11,1415,2021-08-23,0
2020-06-22,6,1421,2021-08-23,0
2020-06-23,10,1431,2021-08-23,0
2020-06-24,1,1432,2021-08-23,0
2020-06-25,9,1441,2021-08-23,0
2020-06-26,6,1447,2021-08-23,0
2020-06-27,5,1452,2021-08-23,0
2020-06-28,11,1463,2021-08-23,0
2020-06-29,7,1470,2021-08-23,0
2020-06-30,9,1479,2021-08-23,0
2020-07-01,2,1481,2021-08-23,0
2020-07-02,3,1484,2021-08-23,0
2020-07-03,5,1489,2021-08-23,0
2020-07-04,4,1493,2021-08-23,0
2020-07-05,6,1499,2021-08-23,0
2020-07-06,4,1503,2021-08-23,0
2020-07-07,2,1505,2021-08-23,0
2020-07-08,9,1514,2021-08-23,0
2020-07-09,4,1518,2021-08-23,0
2020-07-10,3,1521,2021-08-23,0
2020-07-11,4,1525,2021-08-23,0
2020-07-12,6,1531,2021-08-23,0
2020-07-13,2,1533,2021-08-23,0
2020-07-14,6,1539,2021-08-23,0
2020-07-15,7,1546,2021-08-23,0
2020-07-16,3,1549,2021-08-23,0
2020-07-17,7,1556,2021-08-23,0
2020-07-18,6,1562,2021-08-23,0
2020-07-19,5,1567,2021-08-23,0
2020-07-20,3,1570,2021-08-23,0
2020-07-21,6,1576,2021-08-23,0
2020-07-22,5,1581,2021-08-23,0
2020-07-23,8,1589,2021-08-23,0
2020-07-24,6,1595,2021-08-23,0
2020-07-25,2,1597,2021-08-23,0
2020-07-26,5,1602,2021-08-23,0
2020-07-27,5,1607,2021-08-23,0
2020-07-28,7,1614,2021-08-23,0
2020-07-29,3,1617,2021-08-23,0
2020-07-30,6,1623,2021-08-23,0
2020-07-31,9,1632,2021-08-23,0
2020-08-01,4,1636,2021-08-23,0
2020-08-02,7,1643,2021-08-23,0
2020-08-03,4,1647,2021-08-23,0
2020-08-04,7,1654,2021-08-23,0
2020-08-05,8,1662,2021-08-23,0
2020-08-06,9,1671,2021-08-23,0
2020-08-07,7,1678,2021-08-23,0
2020-08-08,6,1684,2021-08-23,0
2020-08-09,10,1694,2021-08-23,0
2020-08-10,3,1697,2021-08-23,0
2020-08-11,9,1706,2021-08-23,0
2020-08-12,7,1713,2021-08-23,0
2020-08-13,5,1718,2021-08-23,0
2020-08-14,9,1727,2021-08-23,0
2020-08-15,13,1740,2021-08-23,0
2020-08-16,13,1753,2021-08-23,0
2020-08-17,6,1759,2021-08-23,0
2020-08-18,11,1770,2021-08-23,0
2020-08-19,3,1773,2021-08-23,0
2020-08-20,10,1783,2021-08-23,0
2020-08-21,12,1795,2021-08-23,0
2020-08-22,9,1804,2021-08-23,0
2020-08-23,7,1811,2021-08-23,0
2020-08-24,9,1820,2021-08-23,0
2020-08-25,4,1824,2021-08-23,0
2020-08-26,3,1827,2021-08-23,0
2020-08-27,7,1834,2021-08-23,0
2020-08-28,6,1840,2021-08-23,0
2020-08-29,3,1843,2021-08-23,0
2020-08-30,5,1848,2021-08-23,0
2020-08-31,9,1857,2021-08-23,0
2020-09-01,2,1859,2021-08-23,0
2020-09-02,7,1866,2021-08-23,0
2020-09-03,12,1878,2021-08-23,0
2020-09-04,4,1882,2021-08-23,0
2020-09-05,6,1888,2021-08-23,0
2020-09-06,12,1900,2021-08-23,0
2020-09-07,3,1903,2021-08-23,0
2020-09-08,6,1909,2021-08-23,0
2020-09-09,10,1919,2021-08-23,0
2020-09-10,9,1928,2021-08-23,0
2020-09-11,11,1939,2021-08-23,0
2020-09-12,8,1947,2021-08-23,0
2020-09-13,8,1955,2021-08-23,0
2020-09-14,2,1957,2021-08-23,0
2020-09-15,6,1963,2021-08-23,0
2020-09-16,9,1972,2021-08-23,0
2020-09-17,5,1977,2021-08-23,0
2020-09-18,6,1983,2021-08-23,0
2020-09-19,4,1987,2021-08-23,0
2020-09-20,9,1996,2021-08-23,0
2020-09-21,7,2003,2021-08-23,0
2020-09-22,8,2011,2021-08-23,0
2020-09-23,9,2020,2021-08-23,0
2020-09-24,7,2027,2021-08-23,0
2020-09-25,11,2038,2021-08-23,0
2020-09-26,9,2047,2021-08-23,0
2020-09-27,14,2061,2021-08-23,0
2020-09-28,11,2072,2021-08-23,0
2020-09-29,5,2077,2021-08-23,0
2020-09-30,16,2093,2021-08-23,0
2020-10-01,7,2100,2021-08-23,0
2020-10-02,13,2113,2021-08-23,0
2020-10-03,9,2122,2021-08-23,0
2020-10-04,7,2129,2021-08-23,0
2020-10-05,10,2139,2021-08-23,0
2020-10-06,12,2151,2021-08-23,0
2020-10-07,19,2170,2021-08-23,0
2020-10-08,9,2179,2021-08-23,0
2020-10-09,17,2196,2021-08-23,0
2020-10-10,16,2212,2021-08-23,0
2020-10-11,16,2228,2021-08-23,0
2020-10-12,20,2248,2021-08-23,0
2020-10-13,14,2262,2021-08-23,0
2020-10-14,10,2272,2021-08-23,0
2020-10-15,9,2281,2021-08-23,0
2020-10-16,12,2293,2021-08-23,0
2020-10-17,18,2311,2021-08-23,0
2020-10-18,25,2336,2021-08-23,0
2020-10-19,18,2354,2021-08-23,0
2020-10-20,15,2369,2021-08-23,0
2020-10-21,24,2393,2021-08-23,0
2020-10-22,18,2411,2021-08-23,0
2020-10-23,19,2430,2021-08-23,0
2020-10-24,8,2438,2021-08-23,0
2020-10-25,17,2455,2021-08-23,0
2020-10-26,25,2480,2021-08-23,0
2020-10-27,23,2503,2021-08-23,0
2020-10-28,29,2532,2021-08-23,0
2020-10-29,18,2550,2021-08-23,0
2020-10-30,27,2577,2021-08-23,0
2020-10-31,25,2602,2021-08-23,0
2020-11-01,21,2623,2021-08-23,0
2020-11-02,25,2648,2021-08-23,0
2020-11-03,25,2673,2021-08-23,0
2020-11-04,33,2706,2021-08-23,0
2020-11-05,37,2743,2021-08-23,0
2020-11-06,39,2782,2021-08-23,0
2020-11-07,42,2824,2021-08-23,0
2020-11-08,47,2871,2021-08-23,0
2020-11-09,36,2907,2021-08-23,0
2020-11-10,35,2942,2021-08-23,0
2020-11-11,43,2985,2021-08-23,0
2020-11-12,45,3030,2021-08-23,0
2020-11-13,40,3070,2021-08-23,0
2020-11-14,47,3117,2021-08-23,0
2020-11-15,46,3163,2021-08-23,0
2020-11-16,62,3225,2021-08-23,0
2020-11-17,56,3281,2021-08-23,0
2020-11-18,61,3342,2021-08-23,0
2020-11-19,60,3402,2021-08-23,0
2020-11-20,63,3465,2021-08-23,0
2020-11-21,58,3523,2021-08-23,0
2020-11-22,67,3590,2021-08-23,0
2020-11-23,59,3649,2021-08-23,0
2020-11-24,68,3717,2021-08-23,0
2020-11-25,72,3789,2021-08-23,0
2020-11-26,54,3843,2021-08-23,0
2020-11-27,69,3912,2021-08-23,0
2020-11-28,60,3972,2021-08-23,0
2020-11-29,68,4040,2021-08-23,0
2020-11-30,60,4100,2021-08-23,0
2020-12-01,63,4163,2021-08-23,0
2020-12-02,73,4236,2021-08-23,0
2020-12-03,86,4322,2021-08-23,0
2020-12-04,67,4389,2021-08-23,0
2020-12-05,74,4463,2021-08-23,0
2020-12-06,80,4543,2021-08-23,0
2020-12-07,75,4618,2021-08-23,0
2020-12-08,61,4679,2021-08-23,0
2020-12-09,71,4750,2021-08-23,0
2020-12-10,71,4821,2021-08-23,0
2020-12-11,70,4891,2021-08-23,0
2020-12-12,71,4962,2021-08-23,0
2020-12-13,55,5017,2021-08-23,0
2020-12-14,43,5060,2021-08-23,0
2020-12-15,65,5125,2021-08-23,0
2020-12-16,70,5195,2021-08-23,0
2020-12-17,60,5255,2021-08-23,0
2020-12-18,59,5314,2021-08-23,0
2020-12-19,56,5370,2021-08-23,0
2020-12-20,59,5429,2021-08-23,0
2020-12-21,58,5487,2021-08-23,0
2020-12-22,33,5520,2021-08-23,0
2020-12-23,44,5564,2021-08-23,0
2020-12-24,50,5614,2021-08-23,0
2020-12-25,36,5650,2021-08-23,0
2020-12-26,43,5693,2021-08-23,0
2020-12-27,41,5734,2021-08-23,0
2020-12-28,33,5767,2021-08-23,0
2020-12-29,36,5803,2021-08-23,0
2020-12-30,47,5850,2021-08-23,0
2020-12-31,36,5886,2021-08-23,0
2021-01-01,28,5914,2021-08-23,0
2021-01-02,46,5960,2021-08-23,0
2021-01-03,36,5996,2021-08-23,0
2021-01-04,31,6027,2021-08-23,0
2021-01-05,40,6067,2021-08-23,0
2021-01-06,32,6099,2021-08-23,0
2021-01-07,37,6136,2021-08-23,0
2021-01-08,32,6168,2021-08-23,0
2021-01-09,25,6193,2021-08-23,0
2021-01-10,29,6222,2021-08-23,0
2021-01-11,26,6248,2021-08-23,0
2021-01-12,32,6280,2021-08-23,0
2021-01-13,23,6303,2021-08-23,0
2021-01-14,41,6344,2021-08-23,0
2021-01-15,26,6370,2021-08-23,0
2021-01-16,28,6398,2021-08-23,0
2021-01-17,21,6419,2021-08-23,0
2021-01-18,19,6438,2021-08-23,0
2021-01-19,14,6452,2021-08-23,0
2021-01-20,26,6478,2021-08-23,0
2021-01-21,16,6494,2021-08-23,0
2021-01-22,13,6507,2021-08-23,0
2021-01-23,17,6524,2021-08-23,0
2021-01-24,24,6548,2021-08-23,0
2021-01-25,17,6565,2021-08-23,0
2021-01-26,21,6586,2021-08-23,0
2021-01-27,11,6597,2021-08-23,0
2021-01-28,12,6609,2021-08-23,0
2021-01-29,15,6624,2021-08-23,0
2021-01-30,13,6637,2021-08-23,0
2021-01-31,16,6653,2021-08-23,0
2021-02-01,17,6670,2021-08-23,0
2021-02-02,10,6680,2021-08-23,0
2021-02-03,11,6691,2021-08-23,0
2021-02-04,11,6702,2021-08-23,0
2021-02-05,10,6712,2021-08-23,0
2021-02-06,12,6724,2021-08-23,0
2021-02-07,19,6743,2021-08-23,0
2021-02-08,11,6754,2021-08-23,0
2021-02-09,14,6768,2021-08-23,0
2021-02-10,13,6781,2021-08-23,0
2021-02-11,7,6788,2021-08-23,0
2021-02-12,12,6800,2021-08-23,0
2021-02-13,8,6808,2021-08-23,0
2021-02-14,9,6817,2021-08-23,0
2021-02-15,9,6826,2021-08-23,0
2021-02-16,12,6838,2021-08-23,0
2021-02-17,10,6848,2021-08-23,0
2021-02-18,7,6855,2021-08-23,0
2021-02-19,6,6861,2021-08-23,0
2021-02-20,7,6868,2021-08-23,0
2021-02-21,4,6872,2021-08-23,0
2021-02-22,5,6877,2021-08-23,0
2021-02-23,9,6886,2021-08-23,0
2021-02-24,4,6890,2021-08-23,0
2021-02-25,5,6895,2021-08-23,0
2021-02-26,7,6902,2021-08-23,0
2021-02-27,6,6908,2021-08-23,1
2021-02-28,8,6916,2021-08-23,0
2021-03-01,7,6923,2021-08-23,0
2021-03-02,2,6925,2021-08-23,0
2021-03-03,10,6935,2021-08-23,0
2021-03-04,6,6941,2021-08-23,0
2021-03-05,10,6951,2021-08-23,0
2021-03-06,5,6956,2021-08-23,0
2021-03-07,9,6965,2021-08-23,0
2021-03-08,5,6970,2021-08-23,0
2021-03-09,7,6977,2021-08-23,0
2021-03-10,5,6982,2021-08-23,0
2021-03-11,4,6986,2021-08-23,0
2021-03-12,11,6997,2021-08-23,0
2021-03-13,5,7002,2021-08-23,0
2021-03-14,4,7006,2021-08-23,0
2021-03-15,2,7008,2021-08-23,0
2021-03-16,5,7013,2021-08-23,1
2021-03-17,4,7017,2021-08-23,0
2021-03-18,5,7022,2021-08-23,0
2021-03-19,5,7027,2021-08-23,0
2021-03-20,9,7036,2021-08-23,0
2021-03-21,5,7041,2021-08-23,0
2021-03-22,4,7045,2021-08-23,0
2021-03-23,5,7050,2021-08-23,0
2021-03-24,1,7051,2021-08-23,0
2021-03-25,5,7056,2021-08-23,0
2021-03-26,3,7059,2021-08-23,0
2021-03-27,7,7066,2021-08-23,0
2021-03-28,6,7072,2021-08-23,0
2021-03-29,5,7077,2021-08-23,0
2021-03-30,6,7083,2021-08-23,0
2021-03-31,8,7091,2021-08-23,0
2021-04-01,6,7097,2021-08-23,0
2021-04-02,9,7106,2021-08-23,0
2021-04-03,8,7114,2021-08-23,0
2021-04-04,6,7120,2021-08-23,0
2021-04-05,8,7128,2021-08-23,0
2021-04-06,6,7134,2021-08-23,0
2021-04-07,6,7140,2021-08-23,0
2021-04-08,10,7150,2021-08-23,0
2021-04-09,6,7156,2021-08-23,0
2021-04-10,7,7163,2021-08-23,0
2021-04-11,8,7171,2021-08-23,0
2021-04-12,9,7180,2021-08-23,0
2021-04-13,6,7186,2021-08-23,0
2021-04-14,8,7194,2021-08-23,0
2021-04-15,14,7208,2021-08-23,0
2021-04-16,8,7216,2021-08-23,0
2021-04-17,8,7224,2021-08-23,0
2021-04-18,8,7232,2021-08-23,0
2021-04-19,10,7242,2021-08-23,0
2021-04-20,5,7247,2021-08-23,0
2021-04-21,8,7255,2021-08-23,0
2021-04-22,1,7256,2021-08-23,0
2021-04-23,15,7271,2021-08-23,0
2021-04-24,11,7282,2021-08-23,0
2021-04-25,15,7297,2021-08-23,0
2021-04-26,14,7311,2021-08-23,0
2021-04-27,7,7318,2021-08-23,0
2021-04-28,14,7332,2021-08-23,0
2021-04-29,8,7340,2021-08-23,0
2021-04-30,11,7351,2021-08-23,0
2021-05-01,7,7358,2021-08-23,0
2021-05-02,8,7366,2021-08-23,0
2021-05-03,5,7371,2021-08-23,0
2021-05-04,13,7384,2021-08-23,0
2021-05-05,8,7392,2021-08-23,0
2021-05-06,5,7397,2021-08-23,0
2021-05-07,8,7405,2021-08-23,0
2021-05-08,7,7412,2021-08-23,0
2021-05-09,9,7421,2021-08-23,0
2021-05-10,8,7429,2021-08-23,0
2021-05-11,6,7435,2021-08-23,0
2021-05-12,9,7444,2021-08-23,0
2021-05-13,9,7453,2021-08-23,0
2021-05-14,11,7464,2021-08-23,0
2021-05-15,9,7473,2021-08-23,0
2021-05-16,5,7478,2021-08-23,0
2021-05-17,5,7483,2021-08-23,0
2021-05-18,7,7490,2021-08-23,0
2021-05-19,2,7492,2021-08-23,0
2021-05-20,5,7497,2021-08-23,0
2021-05-21,7,7504,2021-08-23,0
2021-05-22,10,7514,2021-08-23,0
2021-05-23,5,7519,2021-08-23,0
2021-05-24,5,7524,2021-08-23,0
2021-05-25,6,7530,2021-08-23,0
2021-05-26,3,7533,2021-08-23,0
2021-05-27,7,7540,2021-08-23,0
2021-05-28,2,7542,2021-08-23,0
2021-05-29,6,7548,2021-08-23,0
2021-05-30,4,7552,2021-08-23,0
2021-05-31,3,7555,2021-08-23,0
2021-06-01,5,7560,2021-08-23,0
2021-06-02,8,7568,2021-08-23,0
2021-06-03,4,7572,2021-08-23,0
2021-06-04,4,7576,2021-08-23,0
2021-06-05,1,7577,2021-08-23,0
2021-06-06,5,7582,2021-08-23,0
2021-06-07,3,7585,2021-08-23,0
2021-06-08,5,7590,2021-08-23,0
2021-06-09,4,7594,2021-08-23,0
2021-06-10,6,7600,2021-08-23,0
2021-06-11,6,7606,2021-08-23,0
2021-06-12,4,7610,2021-08-23,0
2021-06-13,4,7614,2021-08-23,0
2021-06-14,3,7617,2021-08-23,0
2021-06-15,2,7619,2021-08-23,0
2021-06-16,2,7621,2021-08-23,0
2021-06-17,4,7625,2021-08-23,0
2021-06-18,1,7626,2021-08-23,0
2021-06-19,6,7632,2021-08-23,0
2021-06-20,1,7633,2021-08-23,0
2021-06-21,5,7638,2021-08-23,0
2021-06-22,3,7641,2021-08-23,0
2021-06-23,4,7645,2021-08-23,0
2021-06-24,3,7648,2021-08-23,0
2021-06-25,3,7651,2021-08-23,0
2021-06-26,4,7655,2021-08-23,0
2021-06-27,2,7657,2021-08-23,0
2021-06-28,2,7659,2021-08-23,0
2021-06-29,2,7661,2021-08-23,0
2021-06-30,2,7663,2021-08-23,0
2021-07-01,0,7663,2021-08-23,0
2021-07-02,2,7665,2021-08-23,0
2021-07-03,2,7667,2021-08-23,0
2021-07-04,3,7670,2021-08-23,0
2021-07-05,1,7671,2021-08-23,0
2021-07-06,4,7675,2021-08-23,0
2021-07-07,1,7676,2021-08-23,0
2021-07-08,1,7677,2021-08-23,0
2021-07-09,0,7677,2021-08-23,0
2021-07-10,1,7678,2021-08-23,0
2021-07-11,2,7680,2021-08-23,0
2021-07-12,1,7681,2021-08-23,0
2021-07-13,2,7683,2021-08-23,0
2021-07-14,2,7685,2021-08-23,0
2021-07-15,2,7687,2021-08-23,0
2021-07-16,1,7688,2021-08-23,0
2021-07-17,1,7689,2021-08-23,0
2021-07-18,0,7689,2021-08-23,0
2021-07-19,0,7689,2021-08-23,0
2021-07-20,2,7691,2021-08-23,0
2021-07-21,2,7693,2021-08-23,0
2021-07-22,2,7695,2021-08-23,0
2021-07-23,3,7698,2021-08-23,0
2021-07-24,0,7698,2021-08-23,0
2021-07-25,2,7700,2021-08-23,0
2021-07-26,0,7700,2021-08-23,0
2021-07-27,2,7702,2021-08-23,0
2021-07-28,3,7705,2021-08-23,0
2021-07-29,2,7707,2021-08-23,0
2021-07-30,5,7712,2021-08-23,0
2021-07-31,3,7715,2021-08-23,0
2021-08-01,1,7716,2021-08-23,0
2021-08-02,3,7719,2021-08-23,0
2021-08-03,2,7721,2021-08-23,0
2021-08-04,3,7724,2021-08-23,0
2021-08-05,2,7726,2021-08-23,0
2021-08-06,7,7733,2021-08-23,0
2021-08-07,3,7736,2021-08-23,0
2021-08-08,1,7737,2021-08-23,0
2021-08-09,3,7740,2021-08-23,0
2021-08-10,2,7742,2021-08-23,0
2021-08-11,2,7744,2021-08-23,0
2021-08-12,6,7750,2021-08-23,0
2021-08-13,5,7755,2021-08-23,0
2021-08-14,3,7758,2021-08-23,2
2021-08-15,0,7758,2021-08-23,0
2021-08-16,6,7764,2021-08-23,1
2021-08-17,2,7766,2021-08-23,1
2021-08-18,1,7767,2021-08-23,1
NA,0,7767,2021-08-23,0
2020-03-19,1,1,2021-08-24,0
2020-03-20,0,1,2021-08-24,0
2020-03-21,0,1,2021-08-24,0
2020-03-22,0,1,2021-08-24,0
2020-03-23,0,1,2021-08-24,0
2020-03-24,1,2,2021-08-24,0
2020-03-25,1,3,2021-08-24,0
2020-03-26,1,4,2021-08-24,0
2020-03-27,5,9,2021-08-24,0
2020-03-28,3,12,2021-08-24,0
2020-03-29,0,12,2021-08-24,0
2020-03-30,5,17,2021-08-24,0
2020-03-31,2,19,2021-08-24,0
2020-04-01,5,24,2021-08-24,0
2020-04-02,3,27,2021-08-24,0
2020-04-03,1,28,2021-08-24,0
2020-04-04,5,33,2021-08-24,0
2020-04-05,5,38,2021-08-24,0
2020-04-06,10,48,2021-08-24,0
2020-04-07,6,54,2021-08-24,0
2020-04-08,7,61,2021-08-24,0
2020-04-09,8,69,2021-08-24,0
2020-04-10,6,75,2021-08-24,0
2020-04-11,4,79,2021-08-24,0
2020-04-12,4,83,2021-08-24,0
2020-04-13,10,93,2021-08-24,0
2020-04-14,6,99,2021-08-24,0
2020-04-15,17,116,2021-08-24,0
2020-04-16,10,126,2021-08-24,0
2020-04-17,17,143,2021-08-24,0
2020-04-18,17,160,2021-08-24,0
2020-04-19,16,176,2021-08-24,0
2020-04-20,21,197,2021-08-24,0
2020-04-21,26,223,2021-08-24,0
2020-04-22,21,244,2021-08-24,0
2020-04-23,19,263,2021-08-24,0
2020-04-24,23,286,2021-08-24,0
2020-04-25,18,304,2021-08-24,0
2020-04-26,17,321,2021-08-24,0
2020-04-27,21,342,2021-08-24,0
2020-04-28,16,358,2021-08-24,0
2020-04-29,29,387,2021-08-24,0
2020-04-30,18,405,2021-08-24,0
2020-05-01,30,435,2021-08-24,0
2020-05-02,19,454,2021-08-24,0
2020-05-03,29,483,2021-08-24,0
2020-05-04,23,506,2021-08-24,0
2020-05-05,19,525,2021-08-24,0
2020-05-06,25,550,2021-08-24,0
2020-05-07,30,580,2021-08-24,0
2020-05-08,20,600,2021-08-24,0
2020-05-09,26,626,2021-08-24,0
2020-05-10,19,645,2021-08-24,0
2020-05-11,25,670,2021-08-24,0
2020-05-12,20,690,2021-08-24,0
2020-05-13,22,712,2021-08-24,0
2020-05-14,20,732,2021-08-24,0
2020-05-15,20,752,2021-08-24,0
2020-05-16,20,772,2021-08-24,0
2020-05-17,23,795,2021-08-24,0
2020-05-18,18,813,2021-08-24,0
2020-05-19,35,848,2021-08-24,0
2020-05-20,24,872,2021-08-24,0
2020-05-21,17,889,2021-08-24,0
2020-05-22,20,909,2021-08-24,0
2020-05-23,26,935,2021-08-24,0
2020-05-24,25,960,2021-08-24,0
2020-05-25,30,990,2021-08-24,0
2020-05-26,29,1019,2021-08-24,0
2020-05-27,25,1044,2021-08-24,0
2020-05-28,21,1065,2021-08-24,0
2020-05-29,17,1082,2021-08-24,0
2020-05-30,11,1093,2021-08-24,0
2020-05-31,20,1113,2021-08-24,0
2020-06-01,23,1136,2021-08-24,0
2020-06-02,21,1157,2021-08-24,0
2020-06-03,25,1182,2021-08-24,0
2020-06-04,26,1208,2021-08-24,0
2020-06-05,18,1226,2021-08-24,0
2020-06-06,12,1238,2021-08-24,0
2020-06-07,22,1260,2021-08-24,0
2020-06-08,12,1272,2021-08-24,0
2020-06-09,13,1285,2021-08-24,0
2020-06-10,10,1295,2021-08-24,0
2020-06-11,12,1307,2021-08-24,0
2020-06-12,11,1318,2021-08-24,0
2020-06-13,13,1331,2021-08-24,0
2020-06-14,11,1342,2021-08-24,0
2020-06-15,8,1350,2021-08-24,0
2020-06-16,8,1358,2021-08-24,0
2020-06-17,17,1375,2021-08-24,0
2020-06-18,9,1384,2021-08-24,0
2020-06-19,8,1392,2021-08-24,0
2020-06-20,12,1404,2021-08-24,0
2020-06-21,11,1415,2021-08-24,0
2020-06-22,6,1421,2021-08-24,0
2020-06-23,10,1431,2021-08-24,0
2020-06-24,1,1432,2021-08-24,0
2020-06-25,9,1441,2021-08-24,0
2020-06-26,6,1447,2021-08-24,0
2020-06-27,5,1452,2021-08-24,0
2020-06-28,11,1463,2021-08-24,0
2020-06-29,7,1470,2021-08-24,0
2020-06-30,9,1479,2021-08-24,0
2020-07-01,2,1481,2021-08-24,0
2020-07-02,3,1484,2021-08-24,0
2020-07-03,5,1489,2021-08-24,0
2020-07-04,4,1493,2021-08-24,0
2020-07-05,6,1499,2021-08-24,0
2020-07-06,4,1503,2021-08-24,0
2020-07-07,2,1505,2021-08-24,0
2020-07-08,9,1514,2021-08-24,0
2020-07-09,4,1518,2021-08-24,0
2020-07-10,3,1521,2021-08-24,0
2020-07-11,4,1525,2021-08-24,0
2020-07-12,6,1531,2021-08-24,0
2020-07-13,2,1533,2021-08-24,0
2020-07-14,6,1539,2021-08-24,0
2020-07-15,7,1546,2021-08-24,0
2020-07-16,3,1549,2021-08-24,0
2020-07-17,7,1556,2021-08-24,0
2020-07-18,6,1562,2021-08-24,0
2020-07-19,5,1567,2021-08-24,0
2020-07-20,3,1570,2021-08-24,0
2020-07-21,6,1576,2021-08-24,0
2020-07-22,5,1581,2021-08-24,0
2020-07-23,8,1589,2021-08-24,0
2020-07-24,6,1595,2021-08-24,0
2020-07-25,2,1597,2021-08-24,0
2020-07-26,5,1602,2021-08-24,0
2020-07-27,5,1607,2021-08-24,0
2020-07-28,7,1614,2021-08-24,0
2020-07-29,3,1617,2021-08-24,0
2020-07-30,6,1623,2021-08-24,0
2020-07-31,9,1632,2021-08-24,0
2020-08-01,4,1636,2021-08-24,0
2020-08-02,7,1643,2021-08-24,0
2020-08-03,4,1647,2021-08-24,0
2020-08-04,7,1654,2021-08-24,0
2020-08-05,8,1662,2021-08-24,0
2020-08-06,9,1671,2021-08-24,0
2020-08-07,7,1678,2021-08-24,0
2020-08-08,6,1684,2021-08-24,0
2020-08-09,10,1694,2021-08-24,0
2020-08-10,3,1697,2021-08-24,0
2020-08-11,9,1706,2021-08-24,0
2020-08-12,7,1713,2021-08-24,0
2020-08-13,5,1718,2021-08-24,0
2020-08-14,9,1727,2021-08-24,0
2020-08-15,13,1740,2021-08-24,0
2020-08-16,13,1753,2021-08-24,0
2020-08-17,6,1759,2021-08-24,0
2020-08-18,11,1770,2021-08-24,0
2020-08-19,3,1773,2021-08-24,0
2020-08-20,10,1783,2021-08-24,0
2020-08-21,12,1795,2021-08-24,0
2020-08-22,9,1804,2021-08-24,0
2020-08-23,7,1811,2021-08-24,0
2020-08-24,9,1820,2021-08-24,0
2020-08-25,4,1824,2021-08-24,0
2020-08-26,3,1827,2021-08-24,0
2020-08-27,7,1834,2021-08-24,0
2020-08-28,6,1840,2021-08-24,0
2020-08-29,3,1843,2021-08-24,0
2020-08-30,5,1848,2021-08-24,0
2020-08-31,9,1857,2021-08-24,0
2020-09-01,2,1859,2021-08-24,0
2020-09-02,7,1866,2021-08-24,0
2020-09-03,12,1878,2021-08-24,0
2020-09-04,4,1882,2021-08-24,0
2020-09-05,6,1888,2021-08-24,0
2020-09-06,12,1900,2021-08-24,0
2020-09-07,3,1903,2021-08-24,0
2020-09-08,6,1909,2021-08-24,0
2020-09-09,10,1919,2021-08-24,0
2020-09-10,9,1928,2021-08-24,0
2020-09-11,11,1939,2021-08-24,0
2020-09-12,8,1947,2021-08-24,0
2020-09-13,8,1955,2021-08-24,0
2020-09-14,2,1957,2021-08-24,0
2020-09-15,6,1963,2021-08-24,0
2020-09-16,9,1972,2021-08-24,0
2020-09-17,5,1977,2021-08-24,0
2020-09-18,6,1983,2021-08-24,0
2020-09-19,4,1987,2021-08-24,0
2020-09-20,9,1996,2021-08-24,0
2020-09-21,7,2003,2021-08-24,0
2020-09-22,8,2011,2021-08-24,0
2020-09-23,9,2020,2021-08-24,0
2020-09-24,7,2027,2021-08-24,0
2020-09-25,11,2038,2021-08-24,0
2020-09-26,9,2047,2021-08-24,0
2020-09-27,14,2061,2021-08-24,0
2020-09-28,11,2072,2021-08-24,0
2020-09-29,5,2077,2021-08-24,0
2020-09-30,16,2093,2021-08-24,0
2020-10-01,7,2100,2021-08-24,0
2020-10-02,13,2113,2021-08-24,0
2020-10-03,9,2122,2021-08-24,0
2020-10-04,7,2129,2021-08-24,0
2020-10-05,10,2139,2021-08-24,0
2020-10-06,12,2151,2021-08-24,0
2020-10-07,19,2170,2021-08-24,0
2020-10-08,9,2179,2021-08-24,0
2020-10-09,17,2196,2021-08-24,0
2020-10-10,16,2212,2021-08-24,0
2020-10-11,16,2228,2021-08-24,0
2020-10-12,20,2248,2021-08-24,0
2020-10-13,14,2262,2021-08-24,0
2020-10-14,10,2272,2021-08-24,0
2020-10-15,9,2281,2021-08-24,0
2020-10-16,12,2293,2021-08-24,0
2020-10-17,18,2311,2021-08-24,0
2020-10-18,25,2336,2021-08-24,0
2020-10-19,18,2354,2021-08-24,0
2020-10-20,15,2369,2021-08-24,0
2020-10-21,24,2393,2021-08-24,0
2020-10-22,18,2411,2021-08-24,0
2020-10-23,19,2430,2021-08-24,0
2020-10-24,8,2438,2021-08-24,0
2020-10-25,17,2455,2021-08-24,0
2020-10-26,25,2480,2021-08-24,0
2020-10-27,23,2503,2021-08-24,0
2020-10-28,29,2532,2021-08-24,0
2020-10-29,18,2550,2021-08-24,0
2020-10-30,27,2577,2021-08-24,0
2020-10-31,25,2602,2021-08-24,0
2020-11-01,21,2623,2021-08-24,0
2020-11-02,25,2648,2021-08-24,0
2020-11-03,25,2673,2021-08-24,0
2020-11-04,33,2706,2021-08-24,0
2020-11-05,37,2743,2021-08-24,0
2020-11-06,39,2782,2021-08-24,0
2020-11-07,42,2824,2021-08-24,0
2020-11-08,47,2871,2021-08-24,0
2020-11-09,36,2907,2021-08-24,0
2020-11-10,35,2942,2021-08-24,0
2020-11-11,43,2985,2021-08-24,0
2020-11-12,45,3030,2021-08-24,0
2020-11-13,40,3070,2021-08-24,0
2020-11-14,47,3117,2021-08-24,0
2020-11-15,46,3163,2021-08-24,0
2020-11-16,62,3225,2021-08-24,0
2020-11-17,56,3281,2021-08-24,0
2020-11-18,61,3342,2021-08-24,0
2020-11-19,60,3402,2021-08-24,0
2020-11-20,63,3465,2021-08-24,0
2020-11-21,58,3523,2021-08-24,0
2020-11-22,67,3590,2021-08-24,0
2020-11-23,59,3649,2021-08-24,0
2020-11-24,68,3717,2021-08-24,0
2020-11-25,72,3789,2021-08-24,0
2020-11-26,54,3843,2021-08-24,0
2020-11-27,69,3912,2021-08-24,0
2020-11-28,60,3972,2021-08-24,0
2020-11-29,68,4040,2021-08-24,0
2020-11-30,60,4100,2021-08-24,0
2020-12-01,63,4163,2021-08-24,0
2020-12-02,73,4236,2021-08-24,0
2020-12-03,86,4322,2021-08-24,0
2020-12-04,67,4389,2021-08-24,0
2020-12-05,74,4463,2021-08-24,0
2020-12-06,80,4543,2021-08-24,0
2020-12-07,75,4618,2021-08-24,0
2020-12-08,61,4679,2021-08-24,0
2020-12-09,71,4750,2021-08-24,0
2020-12-10,71,4821,2021-08-24,0
2020-12-11,70,4891,2021-08-24,0
2020-12-12,71,4962,2021-08-24,0
2020-12-13,55,5017,2021-08-24,0
2020-12-14,43,5060,2021-08-24,0
2020-12-15,65,5125,2021-08-24,0
2020-12-16,70,5195,2021-08-24,0
2020-12-17,60,5255,2021-08-24,0
2020-12-18,59,5314,2021-08-24,0
2020-12-19,56,5370,2021-08-24,0
2020-12-20,59,5429,2021-08-24,0
2020-12-21,58,5487,2021-08-24,0
2020-12-22,33,5520,2021-08-24,0
2020-12-23,44,5564,2021-08-24,0
2020-12-24,50,5614,2021-08-24,0
2020-12-25,36,5650,2021-08-24,0
2020-12-26,43,5693,2021-08-24,0
2020-12-27,41,5734,2021-08-24,0
2020-12-28,33,5767,2021-08-24,0
2020-12-29,36,5803,2021-08-24,0
2020-12-30,47,5850,2021-08-24,0
2020-12-31,36,5886,2021-08-24,0
2021-01-01,28,5914,2021-08-24,0
2021-01-02,46,5960,2021-08-24,0
2021-01-03,36,5996,2021-08-24,0
2021-01-04,31,6027,2021-08-24,0
2021-01-05,40,6067,2021-08-24,0
2021-01-06,32,6099,2021-08-24,0
2021-01-07,37,6136,2021-08-24,0
2021-01-08,32,6168,2021-08-24,0
2021-01-09,25,6193,2021-08-24,0
2021-01-10,29,6222,2021-08-24,0
2021-01-11,26,6248,2021-08-24,0
2021-01-12,32,6280,2021-08-24,0
2021-01-13,23,6303,2021-08-24,0
2021-01-14,41,6344,2021-08-24,0
2021-01-15,26,6370,2021-08-24,0
2021-01-16,28,6398,2021-08-24,0
2021-01-17,21,6419,2021-08-24,0
2021-01-18,19,6438,2021-08-24,0
2021-01-19,14,6452,2021-08-24,0
2021-01-20,26,6478,2021-08-24,0
2021-01-21,16,6494,2021-08-24,0
2021-01-22,13,6507,2021-08-24,0
2021-01-23,17,6524,2021-08-24,0
2021-01-24,24,6548,2021-08-24,0
2021-01-25,17,6565,2021-08-24,0
2021-01-26,21,6586,2021-08-24,0
2021-01-27,11,6597,2021-08-24,0
2021-01-28,12,6609,2021-08-24,0
2021-01-29,15,6624,2021-08-24,0
2021-01-30,13,6637,2021-08-24,0
2021-01-31,16,6653,2021-08-24,0
2021-02-01,17,6670,2021-08-24,0
2021-02-02,10,6680,2021-08-24,0
2021-02-03,11,6691,2021-08-24,0
2021-02-04,11,6702,2021-08-24,0
2021-02-05,10,6712,2021-08-24,0
2021-02-06,12,6724,2021-08-24,0
2021-02-07,19,6743,2021-08-24,0
2021-02-08,11,6754,2021-08-24,0
2021-02-09,14,6768,2021-08-24,0
2021-02-10,13,6781,2021-08-24,0
2021-02-11,7,6788,2021-08-24,0
2021-02-12,12,6800,2021-08-24,0
2021-02-13,8,6808,2021-08-24,0
2021-02-14,9,6817,2021-08-24,0
2021-02-15,9,6826,2021-08-24,0
2021-02-16,12,6838,2021-08-24,0
2021-02-17,10,6848,2021-08-24,0
2021-02-18,7,6855,2021-08-24,0
2021-02-19,6,6861,2021-08-24,0
2021-02-20,7,6868,2021-08-24,0
2021-02-21,4,6872,2021-08-24,0
2021-02-22,5,6877,2021-08-24,0
2021-02-23,9,6886,2021-08-24,0
2021-02-24,4,6890,2021-08-24,0
2021-02-25,5,6895,2021-08-24,0
2021-02-26,7,6902,2021-08-24,0
2021-02-27,6,6908,2021-08-24,0
2021-02-28,8,6916,2021-08-24,0
2021-03-01,7,6923,2021-08-24,0
2021-03-02,2,6925,2021-08-24,0
2021-03-03,10,6935,2021-08-24,0
2021-03-04,6,6941,2021-08-24,0
2021-03-05,10,6951,2021-08-24,0
2021-03-06,5,6956,2021-08-24,0
2021-03-07,9,6965,2021-08-24,0
2021-03-08,5,6970,2021-08-24,0
2021-03-09,7,6977,2021-08-24,0
2021-03-10,5,6982,2021-08-24,0
2021-03-11,4,6986,2021-08-24,0
2021-03-12,11,6997,2021-08-24,0
2021-03-13,5,7002,2021-08-24,0
2021-03-14,4,7006,2021-08-24,0
2021-03-15,2,7008,2021-08-24,0
2021-03-16,5,7013,2021-08-24,0
2021-03-17,4,7017,2021-08-24,0
2021-03-18,5,7022,2021-08-24,0
2021-03-19,5,7027,2021-08-24,0
2021-03-20,9,7036,2021-08-24,0
2021-03-21,5,7041,2021-08-24,0
2021-03-22,4,7045,2021-08-24,0
2021-03-23,5,7050,2021-08-24,0
2021-03-24,1,7051,2021-08-24,0
2021-03-25,5,7056,2021-08-24,0
2021-03-26,3,7059,2021-08-24,0
2021-03-27,7,7066,2021-08-24,0
2021-03-28,6,7072,2021-08-24,0
2021-03-29,5,7077,2021-08-24,0
2021-03-30,6,7083,2021-08-24,0
2021-03-31,8,7091,2021-08-24,0
2021-04-01,6,7097,2021-08-24,0
2021-04-02,9,7106,2021-08-24,0
2021-04-03,8,7114,2021-08-24,0
2021-04-04,6,7120,2021-08-24,0
2021-04-05,8,7128,2021-08-24,0
2021-04-06,6,7134,2021-08-24,0
2021-04-07,6,7140,2021-08-24,0
2021-04-08,10,7150,2021-08-24,0
2021-04-09,6,7156,2021-08-24,0
2021-04-10,7,7163,2021-08-24,0
2021-04-11,8,7171,2021-08-24,0
2021-04-12,9,7180,2021-08-24,0
2021-04-13,6,7186,2021-08-24,0
2021-04-14,8,7194,2021-08-24,0
2021-04-15,14,7208,2021-08-24,0
2021-04-16,8,7216,2021-08-24,0
2021-04-17,8,7224,2021-08-24,0
2021-04-18,8,7232,2021-08-24,0
2021-04-19,10,7242,2021-08-24,0
2021-04-20,5,7247,2021-08-24,0
2021-04-21,8,7255,2021-08-24,0
2021-04-22,1,7256,2021-08-24,0
2021-04-23,15,7271,2021-08-24,0
2021-04-24,11,7282,2021-08-24,0
2021-04-25,15,7297,2021-08-24,0
2021-04-26,14,7311,2021-08-24,0
2021-04-27,7,7318,2021-08-24,0
2021-04-28,14,7332,2021-08-24,0
2021-04-29,8,7340,2021-08-24,0
2021-04-30,11,7351,2021-08-24,0
2021-05-01,7,7358,2021-08-24,0
2021-05-02,8,7366,2021-08-24,0
2021-05-03,5,7371,2021-08-24,0
2021-05-04,13,7384,2021-08-24,0
2021-05-05,8,7392,2021-08-24,0
2021-05-06,5,7397,2021-08-24,0
2021-05-07,8,7405,2021-08-24,0
2021-05-08,7,7412,2021-08-24,0
2021-05-09,9,7421,2021-08-24,0
2021-05-10,8,7429,2021-08-24,0
2021-05-11,6,7435,2021-08-24,0
2021-05-12,9,7444,2021-08-24,0
2021-05-13,9,7453,2021-08-24,0
2021-05-14,11,7464,2021-08-24,0
2021-05-15,9,7473,2021-08-24,0
2021-05-16,5,7478,2021-08-24,0
2021-05-17,5,7483,2021-08-24,0
2021-05-18,7,7490,2021-08-24,0
2021-05-19,2,7492,2021-08-24,0
2021-05-20,5,7497,2021-08-24,0
2021-05-21,7,7504,2021-08-24,0
2021-05-22,10,7514,2021-08-24,0
2021-05-23,5,7519,2021-08-24,0
2021-05-24,5,7524,2021-08-24,0
2021-05-25,6,7530,2021-08-24,0
2021-05-26,3,7533,2021-08-24,0
2021-05-27,7,7540,2021-08-24,0
2021-05-28,2,7542,2021-08-24,0
2021-05-29,6,7548,2021-08-24,0
2021-05-30,4,7552,2021-08-24,0
2021-05-31,3,7555,2021-08-24,0
2021-06-01,5,7560,2021-08-24,0
2021-06-02,8,7568,2021-08-24,0
2021-06-03,4,7572,2021-08-24,0
2021-06-04,4,7576,2021-08-24,0
2021-06-05,1,7577,2021-08-24,0
2021-06-06,5,7582,2021-08-24,0
2021-06-07,3,7585,2021-08-24,0
2021-06-08,5,7590,2021-08-24,0
2021-06-09,4,7594,2021-08-24,0
2021-06-10,6,7600,2021-08-24,0
2021-06-11,6,7606,2021-08-24,0
2021-06-12,4,7610,2021-08-24,0
2021-06-13,4,7614,2021-08-24,0
2021-06-14,3,7617,2021-08-24,0
2021-06-15,2,7619,2021-08-24,0
2021-06-16,2,7621,2021-08-24,0
2021-06-17,4,7625,2021-08-24,0
2021-06-18,1,7626,2021-08-24,0
2021-06-19,6,7632,2021-08-24,0
2021-06-20,1,7633,2021-08-24,0
2021-06-21,5,7638,2021-08-24,0
2021-06-22,3,7641,2021-08-24,0
2021-06-23,4,7645,2021-08-24,0
2021-06-24,3,7648,2021-08-24,0
2021-06-25,3,7651,2021-08-24,0
2021-06-26,4,7655,2021-08-24,0
2021-06-27,2,7657,2021-08-24,0
2021-06-28,2,7659,2021-08-24,0
2021-06-29,2,7661,2021-08-24,0
2021-06-30,2,7663,2021-08-24,0
2021-07-01,0,7663,2021-08-24,0
2021-07-02,2,7665,2021-08-24,0
2021-07-03,2,7667,2021-08-24,0
2021-07-04,3,7670,2021-08-24,0
2021-07-05,1,7671,2021-08-24,0
2021-07-06,4,7675,2021-08-24,0
2021-07-07,1,7676,2021-08-24,0
2021-07-08,1,7677,2021-08-24,0
2021-07-09,0,7677,2021-08-24,0
2021-07-10,1,7678,2021-08-24,0
2021-07-11,2,7680,2021-08-24,0
2021-07-12,1,7681,2021-08-24,0
2021-07-13,2,7683,2021-08-24,0
2021-07-14,2,7685,2021-08-24,0
2021-07-15,2,7687,2021-08-24,0
2021-07-16,1,7688,2021-08-24,0
2021-07-17,1,7689,2021-08-24,0
2021-07-18,0,7689,2021-08-24,0
2021-07-19,0,7689,2021-08-24,0
2021-07-20,2,7691,2021-08-24,0
2021-07-21,2,7693,2021-08-24,0
2021-07-22,2,7695,2021-08-24,0
2021-07-23,3,7698,2021-08-24,0
2021-07-24,0,7698,2021-08-24,0
2021-07-25,2,7700,2021-08-24,0
2021-07-26,1,7701,2021-08-24,1
2021-07-27,2,7703,2021-08-24,0
2021-07-28,3,7706,2021-08-24,0
2021-07-29,2,7708,2021-08-24,0
2021-07-30,5,7713,2021-08-24,0
2021-07-31,3,7716,2021-08-24,0
2021-08-01,1,7717,2021-08-24,0
2021-08-02,3,7720,2021-08-24,0
2021-08-03,2,7722,2021-08-24,0
2021-08-04,3,7725,2021-08-24,0
2021-08-05,2,7727,2021-08-24,0
2021-08-06,7,7734,2021-08-24,0
2021-08-07,3,7737,2021-08-24,0
2021-08-08,1,7738,2021-08-24,0
2021-08-09,3,7741,2021-08-24,0
2021-08-10,2,7743,2021-08-24,0
2021-08-11,2,7745,2021-08-24,0
2021-08-12,6,7751,2021-08-24,0
2021-08-13,5,7756,2021-08-24,0
2021-08-14,5,7761,2021-08-24,2
2021-08-15,0,7761,2021-08-24,0
2021-08-16,6,7767,2021-08-24,0
2021-08-17,4,7771,2021-08-24,2
2021-08-18,3,7774,2021-08-24,2
2021-08-19,1,7775,2021-08-24,1
NA,0,7775,2021-08-24,0
2020-03-19,1,1,2021-08-25,0
2020-03-20,0,1,2021-08-25,0
2020-03-21,0,1,2021-08-25,0
2020-03-22,0,1,2021-08-25,0
2020-03-23,0,1,2021-08-25,0
2020-03-24,1,2,2021-08-25,0
2020-03-25,1,3,2021-08-25,0
2020-03-26,1,4,2021-08-25,0
2020-03-27,5,9,2021-08-25,0
2020-03-28,3,12,2021-08-25,0
2020-03-29,0,12,2021-08-25,0
2020-03-30,5,17,2021-08-25,0
2020-03-31,2,19,2021-08-25,0
2020-04-01,5,24,2021-08-25,0
2020-04-02,3,27,2021-08-25,0
2020-04-03,1,28,2021-08-25,0
2020-04-04,5,33,2021-08-25,0
2020-04-05,5,38,2021-08-25,0
2020-04-06,10,48,2021-08-25,0
2020-04-07,6,54,2021-08-25,0
2020-04-08,7,61,2021-08-25,0
2020-04-09,8,69,2021-08-25,0
2020-04-10,6,75,2021-08-25,0
2020-04-11,4,79,2021-08-25,0
2020-04-12,4,83,2021-08-25,0
2020-04-13,10,93,2021-08-25,0
2020-04-14,6,99,2021-08-25,0
2020-04-15,17,116,2021-08-25,0
2020-04-16,10,126,2021-08-25,0
2020-04-17,17,143,2021-08-25,0
2020-04-18,17,160,2021-08-25,0
2020-04-19,16,176,2021-08-25,0
2020-04-20,21,197,2021-08-25,0
2020-04-21,26,223,2021-08-25,0
2020-04-22,21,244,2021-08-25,0
2020-04-23,19,263,2021-08-25,0
2020-04-24,23,286,2021-08-25,0
2020-04-25,18,304,2021-08-25,0
2020-04-26,17,321,2021-08-25,0
2020-04-27,21,342,2021-08-25,0
2020-04-28,16,358,2021-08-25,0
2020-04-29,29,387,2021-08-25,0
2020-04-30,18,405,2021-08-25,0
2020-05-01,30,435,2021-08-25,0
2020-05-02,19,454,2021-08-25,0
2020-05-03,29,483,2021-08-25,0
2020-05-04,23,506,2021-08-25,0
2020-05-05,19,525,2021-08-25,0
2020-05-06,25,550,2021-08-25,0
2020-05-07,30,580,2021-08-25,0
2020-05-08,20,600,2021-08-25,0
2020-05-09,26,626,2021-08-25,0
2020-05-10,19,645,2021-08-25,0
2020-05-11,25,670,2021-08-25,0
2020-05-12,20,690,2021-08-25,0
2020-05-13,22,712,2021-08-25,0
2020-05-14,20,732,2021-08-25,0
2020-05-15,20,752,2021-08-25,0
2020-05-16,20,772,2021-08-25,0
2020-05-17,23,795,2021-08-25,0
2020-05-18,18,813,2021-08-25,0
2020-05-19,35,848,2021-08-25,0
2020-05-20,24,872,2021-08-25,0
2020-05-21,17,889,2021-08-25,0
2020-05-22,20,909,2021-08-25,0
2020-05-23,26,935,2021-08-25,0
2020-05-24,25,960,2021-08-25,0
2020-05-25,30,990,2021-08-25,0
2020-05-26,29,1019,2021-08-25,0
2020-05-27,25,1044,2021-08-25,0
2020-05-28,21,1065,2021-08-25,0
2020-05-29,17,1082,2021-08-25,0
2020-05-30,11,1093,2021-08-25,0
2020-05-31,20,1113,2021-08-25,0
2020-06-01,23,1136,2021-08-25,0
2020-06-02,21,1157,2021-08-25,0
2020-06-03,25,1182,2021-08-25,0
2020-06-04,26,1208,2021-08-25,0
2020-06-05,18,1226,2021-08-25,0
2020-06-06,12,1238,2021-08-25,0
2020-06-07,22,1260,2021-08-25,0
2020-06-08,12,1272,2021-08-25,0
2020-06-09,13,1285,2021-08-25,0
2020-06-10,10,1295,2021-08-25,0
2020-06-11,12,1307,2021-08-25,0
2020-06-12,11,1318,2021-08-25,0
2020-06-13,13,1331,2021-08-25,0
2020-06-14,11,1342,2021-08-25,0
2020-06-15,8,1350,2021-08-25,0
2020-06-16,8,1358,2021-08-25,0
2020-06-17,17,1375,2021-08-25,0
2020-06-18,9,1384,2021-08-25,0
2020-06-19,8,1392,2021-08-25,0
2020-06-20,12,1404,2021-08-25,0
2020-06-21,11,1415,2021-08-25,0
2020-06-22,6,1421,2021-08-25,0
2020-06-23,10,1431,2021-08-25,0
2020-06-24,1,1432,2021-08-25,0
2020-06-25,9,1441,2021-08-25,0
2020-06-26,6,1447,2021-08-25,0
2020-06-27,5,1452,2021-08-25,0
2020-06-28,11,1463,2021-08-25,0
2020-06-29,7,1470,2021-08-25,0
2020-06-30,9,1479,2021-08-25,0
2020-07-01,2,1481,2021-08-25,0
2020-07-02,3,1484,2021-08-25,0
2020-07-03,5,1489,2021-08-25,0
2020-07-04,4,1493,2021-08-25,0
2020-07-05,6,1499,2021-08-25,0
2020-07-06,4,1503,2021-08-25,0
2020-07-07,2,1505,2021-08-25,0
2020-07-08,9,1514,2021-08-25,0
2020-07-09,4,1518,2021-08-25,0
2020-07-10,3,1521,2021-08-25,0
2020-07-11,4,1525,2021-08-25,0
2020-07-12,6,1531,2021-08-25,0
2020-07-13,2,1533,2021-08-25,0
2020-07-14,6,1539,2021-08-25,0
2020-07-15,7,1546,2021-08-25,0
2020-07-16,3,1549,2021-08-25,0
2020-07-17,7,1556,2021-08-25,0
2020-07-18,6,1562,2021-08-25,0
2020-07-19,5,1567,2021-08-25,0
2020-07-20,3,1570,2021-08-25,0
2020-07-21,6,1576,2021-08-25,0
2020-07-22,5,1581,2021-08-25,0
2020-07-23,8,1589,2021-08-25,0
2020-07-24,6,1595,2021-08-25,0
2020-07-25,2,1597,2021-08-25,0
2020-07-26,5,1602,2021-08-25,0
2020-07-27,5,1607,2021-08-25,0
2020-07-28,7,1614,2021-08-25,0
2020-07-29,3,1617,2021-08-25,0
2020-07-30,6,1623,2021-08-25,0
2020-07-31,9,1632,2021-08-25,0
2020-08-01,4,1636,2021-08-25,0
2020-08-02,7,1643,2021-08-25,0
2020-08-03,4,1647,2021-08-25,0
2020-08-04,7,1654,2021-08-25,0
2020-08-05,8,1662,2021-08-25,0
2020-08-06,9,1671,2021-08-25,0
2020-08-07,7,1678,2021-08-25,0
2020-08-08,6,1684,2021-08-25,0
2020-08-09,10,1694,2021-08-25,0
2020-08-10,3,1697,2021-08-25,0
2020-08-11,9,1706,2021-08-25,0
2020-08-12,7,1713,2021-08-25,0
2020-08-13,5,1718,2021-08-25,0
2020-08-14,9,1727,2021-08-25,0
2020-08-15,13,1740,2021-08-25,0
2020-08-16,13,1753,2021-08-25,0
2020-08-17,6,1759,2021-08-25,0
2020-08-18,11,1770,2021-08-25,0
2020-08-19,3,1773,2021-08-25,0
2020-08-20,10,1783,2021-08-25,0
2020-08-21,12,1795,2021-08-25,0
2020-08-22,9,1804,2021-08-25,0
2020-08-23,7,1811,2021-08-25,0
2020-08-24,9,1820,2021-08-25,0
2020-08-25,4,1824,2021-08-25,0
2020-08-26,3,1827,2021-08-25,0
2020-08-27,7,1834,2021-08-25,0
2020-08-28,6,1840,2021-08-25,0
2020-08-29,3,1843,2021-08-25,0
2020-08-30,5,1848,2021-08-25,0
2020-08-31,9,1857,2021-08-25,0
2020-09-01,2,1859,2021-08-25,0
2020-09-02,7,1866,2021-08-25,0
2020-09-03,12,1878,2021-08-25,0
2020-09-04,4,1882,2021-08-25,0
2020-09-05,6,1888,2021-08-25,0
2020-09-06,12,1900,2021-08-25,0
2020-09-07,3,1903,2021-08-25,0
2020-09-08,6,1909,2021-08-25,0
2020-09-09,10,1919,2021-08-25,0
2020-09-10,9,1928,2021-08-25,0
2020-09-11,11,1939,2021-08-25,0
2020-09-12,8,1947,2021-08-25,0
2020-09-13,8,1955,2021-08-25,0
2020-09-14,2,1957,2021-08-25,0
2020-09-15,6,1963,2021-08-25,0
2020-09-16,9,1972,2021-08-25,0
2020-09-17,5,1977,2021-08-25,0
2020-09-18,6,1983,2021-08-25,0
2020-09-19,4,1987,2021-08-25,0
2020-09-20,9,1996,2021-08-25,0
2020-09-21,7,2003,2021-08-25,0
2020-09-22,8,2011,2021-08-25,0
2020-09-23,9,2020,2021-08-25,0
2020-09-24,7,2027,2021-08-25,0
2020-09-25,11,2038,2021-08-25,0
2020-09-26,9,2047,2021-08-25,0
2020-09-27,14,2061,2021-08-25,0
2020-09-28,11,2072,2021-08-25,0
2020-09-29,5,2077,2021-08-25,0
2020-09-30,16,2093,2021-08-25,0
2020-10-01,7,2100,2021-08-25,0
2020-10-02,13,2113,2021-08-25,0
2020-10-03,9,2122,2021-08-25,0
2020-10-04,7,2129,2021-08-25,0
2020-10-05,10,2139,2021-08-25,0
2020-10-06,12,2151,2021-08-25,0
2020-10-07,19,2170,2021-08-25,0
2020-10-08,9,2179,2021-08-25,0
2020-10-09,17,2196,2021-08-25,0
2020-10-10,16,2212,2021-08-25,0
2020-10-11,16,2228,2021-08-25,0
2020-10-12,20,2248,2021-08-25,0
2020-10-13,14,2262,2021-08-25,0
2020-10-14,10,2272,2021-08-25,0
2020-10-15,9,2281,2021-08-25,0
2020-10-16,12,2293,2021-08-25,0
2020-10-17,18,2311,2021-08-25,0
2020-10-18,25,2336,2021-08-25,0
2020-10-19,18,2354,2021-08-25,0
2020-10-20,15,2369,2021-08-25,0
2020-10-21,24,2393,2021-08-25,0
2020-10-22,18,2411,2021-08-25,0
2020-10-23,19,2430,2021-08-25,0
2020-10-24,8,2438,2021-08-25,0
2020-10-25,17,2455,2021-08-25,0
2020-10-26,25,2480,2021-08-25,0
2020-10-27,23,2503,2021-08-25,0
2020-10-28,29,2532,2021-08-25,0
2020-10-29,18,2550,2021-08-25,0
2020-10-30,27,2577,2021-08-25,0
2020-10-31,25,2602,2021-08-25,0
2020-11-01,21,2623,2021-08-25,0
2020-11-02,25,2648,2021-08-25,0
2020-11-03,25,2673,2021-08-25,0
2020-11-04,33,2706,2021-08-25,0
2020-11-05,37,2743,2021-08-25,0
2020-11-06,39,2782,2021-08-25,0
2020-11-07,42,2824,2021-08-25,0
2020-11-08,47,2871,2021-08-25,0
2020-11-09,36,2907,2021-08-25,0
2020-11-10,35,2942,2021-08-25,0
2020-11-11,43,2985,2021-08-25,0
2020-11-12,45,3030,2021-08-25,0
2020-11-13,40,3070,2021-08-25,0
2020-11-14,47,3117,2021-08-25,0
2020-11-15,46,3163,2021-08-25,0
2020-11-16,62,3225,2021-08-25,0
2020-11-17,56,3281,2021-08-25,0
2020-11-18,61,3342,2021-08-25,0
2020-11-19,60,3402,2021-08-25,0
2020-11-20,63,3465,2021-08-25,0
2020-11-21,58,3523,2021-08-25,0
2020-11-22,67,3590,2021-08-25,0
2020-11-23,59,3649,2021-08-25,0
2020-11-24,68,3717,2021-08-25,0
2020-11-25,72,3789,2021-08-25,0
2020-11-26,54,3843,2021-08-25,0
2020-11-27,69,3912,2021-08-25,0
2020-11-28,60,3972,2021-08-25,0
2020-11-29,68,4040,2021-08-25,0
2020-11-30,60,4100,2021-08-25,0
2020-12-01,63,4163,2021-08-25,0
2020-12-02,73,4236,2021-08-25,0
2020-12-03,86,4322,2021-08-25,0
2020-12-04,67,4389,2021-08-25,0
2020-12-05,74,4463,2021-08-25,0
2020-12-06,80,4543,2021-08-25,0
2020-12-07,75,4618,2021-08-25,0
2020-12-08,61,4679,2021-08-25,0
2020-12-09,71,4750,2021-08-25,0
2020-12-10,71,4821,2021-08-25,0
2020-12-11,70,4891,2021-08-25,0
2020-12-12,71,4962,2021-08-25,0
2020-12-13,55,5017,2021-08-25,0
2020-12-14,43,5060,2021-08-25,0
2020-12-15,65,5125,2021-08-25,0
2020-12-16,70,5195,2021-08-25,0
2020-12-17,60,5255,2021-08-25,0
2020-12-18,59,5314,2021-08-25,0
2020-12-19,56,5370,2021-08-25,0
2020-12-20,59,5429,2021-08-25,0
2020-12-21,58,5487,2021-08-25,0
2020-12-22,33,5520,2021-08-25,0
2020-12-23,44,5564,2021-08-25,0
2020-12-24,50,5614,2021-08-25,0
2020-12-25,36,5650,2021-08-25,0
2020-12-26,43,5693,2021-08-25,0
2020-12-27,41,5734,2021-08-25,0
2020-12-28,33,5767,2021-08-25,0
2020-12-29,36,5803,2021-08-25,0
2020-12-30,47,5850,2021-08-25,0
2020-12-31,36,5886,2021-08-25,0
2021-01-01,28,5914,2021-08-25,0
2021-01-02,46,5960,2021-08-25,0
2021-01-03,36,5996,2021-08-25,0
2021-01-04,31,6027,2021-08-25,0
2021-01-05,40,6067,2021-08-25,0
2021-01-06,32,6099,2021-08-25,0
2021-01-07,37,6136,2021-08-25,0
2021-01-08,32,6168,2021-08-25,0
2021-01-09,25,6193,2021-08-25,0
2021-01-10,29,6222,2021-08-25,0
2021-01-11,26,6248,2021-08-25,0
2021-01-12,32,6280,2021-08-25,0
2021-01-13,23,6303,2021-08-25,0
2021-01-14,41,6344,2021-08-25,0
2021-01-15,26,6370,2021-08-25,0
2021-01-16,28,6398,2021-08-25,0
2021-01-17,21,6419,2021-08-25,0
2021-01-18,19,6438,2021-08-25,0
2021-01-19,14,6452,2021-08-25,0
2021-01-20,26,6478,2021-08-25,0
2021-01-21,16,6494,2021-08-25,0
2021-01-22,13,6507,2021-08-25,0
2021-01-23,17,6524,2021-08-25,0
2021-01-24,24,6548,2021-08-25,0
2021-01-25,17,6565,2021-08-25,0
2021-01-26,21,6586,2021-08-25,0
2021-01-27,11,6597,2021-08-25,0
2021-01-28,12,6609,2021-08-25,0
2021-01-29,15,6624,2021-08-25,0
2021-01-30,13,6637,2021-08-25,0
2021-01-31,16,6653,2021-08-25,0
2021-02-01,17,6670,2021-08-25,0
2021-02-02,10,6680,2021-08-25,0
2021-02-03,11,6691,2021-08-25,0
2021-02-04,11,6702,2021-08-25,0
2021-02-05,10,6712,2021-08-25,0
2021-02-06,12,6724,2021-08-25,0
2021-02-07,19,6743,2021-08-25,0
2021-02-08,11,6754,2021-08-25,0
2021-02-09,14,6768,2021-08-25,0
2021-02-10,13,6781,2021-08-25,0
2021-02-11,7,6788,2021-08-25,0
2021-02-12,12,6800,2021-08-25,0
2021-02-13,8,6808,2021-08-25,0
2021-02-14,9,6817,2021-08-25,0
2021-02-15,9,6826,2021-08-25,0
2021-02-16,12,6838,2021-08-25,0
2021-02-17,10,6848,2021-08-25,0
2021-02-18,7,6855,2021-08-25,0
2021-02-19,6,6861,2021-08-25,0
2021-02-20,7,6868,2021-08-25,0
2021-02-21,4,6872,2021-08-25,0
2021-02-22,5,6877,2021-08-25,0
2021-02-23,9,6886,2021-08-25,0
2021-02-24,4,6890,2021-08-25,0
2021-02-25,5,6895,2021-08-25,0
2021-02-26,7,6902,2021-08-25,0
2021-02-27,6,6908,2021-08-25,0
2021-02-28,8,6916,2021-08-25,0
2021-03-01,7,6923,2021-08-25,0
2021-03-02,2,6925,2021-08-25,0
2021-03-03,10,6935,2021-08-25,0
2021-03-04,6,6941,2021-08-25,0
2021-03-05,10,6951,2021-08-25,0
2021-03-06,5,6956,2021-08-25,0
2021-03-07,9,6965,2021-08-25,0
2021-03-08,5,6970,2021-08-25,0
2021-03-09,7,6977,2021-08-25,0
2021-03-10,5,6982,2021-08-25,0
2021-03-11,4,6986,2021-08-25,0
2021-03-12,11,6997,2021-08-25,0
2021-03-13,5,7002,2021-08-25,0
2021-03-14,4,7006,2021-08-25,0
2021-03-15,2,7008,2021-08-25,0
2021-03-16,5,7013,2021-08-25,0
2021-03-17,4,7017,2021-08-25,0
2021-03-18,5,7022,2021-08-25,0
2021-03-19,5,7027,2021-08-25,0
2021-03-20,9,7036,2021-08-25,0
2021-03-21,5,7041,2021-08-25,0
2021-03-22,4,7045,2021-08-25,0
2021-03-23,5,7050,2021-08-25,0
2021-03-24,1,7051,2021-08-25,0
2021-03-25,5,7056,2021-08-25,0
2021-03-26,3,7059,2021-08-25,0
2021-03-27,7,7066,2021-08-25,0
2021-03-28,6,7072,2021-08-25,0
2021-03-29,5,7077,2021-08-25,0
2021-03-30,6,7083,2021-08-25,0
2021-03-31,8,7091,2021-08-25,0
2021-04-01,6,7097,2021-08-25,0
2021-04-02,9,7106,2021-08-25,0
2021-04-03,8,7114,2021-08-25,0
2021-04-04,6,7120,2021-08-25,0
2021-04-05,8,7128,2021-08-25,0
2021-04-06,6,7134,2021-08-25,0
2021-04-07,6,7140,2021-08-25,0
2021-04-08,10,7150,2021-08-25,0
2021-04-09,6,7156,2021-08-25,0
2021-04-10,7,7163,2021-08-25,0
2021-04-11,8,7171,2021-08-25,0
2021-04-12,9,7180,2021-08-25,0
2021-04-13,6,7186,2021-08-25,0
2021-04-14,8,7194,2021-08-25,0
2021-04-15,14,7208,2021-08-25,0
2021-04-16,8,7216,2021-08-25,0
2021-04-17,8,7224,2021-08-25,0
2021-04-18,8,7232,2021-08-25,0
2021-04-19,10,7242,2021-08-25,0
2021-04-20,5,7247,2021-08-25,0
2021-04-21,8,7255,2021-08-25,0
2021-04-22,1,7256,2021-08-25,0
2021-04-23,15,7271,2021-08-25,0
2021-04-24,11,7282,2021-08-25,0
2021-04-25,15,7297,2021-08-25,0
2021-04-26,14,7311,2021-08-25,0
2021-04-27,7,7318,2021-08-25,0
2021-04-28,14,7332,2021-08-25,0
2021-04-29,8,7340,2021-08-25,0
2021-04-30,11,7351,2021-08-25,0
2021-05-01,7,7358,2021-08-25,0
2021-05-02,8,7366,2021-08-25,0
2021-05-03,5,7371,2021-08-25,0
2021-05-04,13,7384,2021-08-25,0
2021-05-05,8,7392,2021-08-25,0
2021-05-06,5,7397,2021-08-25,0
2021-05-07,8,7405,2021-08-25,0
2021-05-08,7,7412,2021-08-25,0
2021-05-09,9,7421,2021-08-25,0
2021-05-10,8,7429,2021-08-25,0
2021-05-11,6,7435,2021-08-25,0
2021-05-12,9,7444,2021-08-25,0
2021-05-13,9,7453,2021-08-25,0
2021-05-14,11,7464,2021-08-25,0
2021-05-15,9,7473,2021-08-25,0
2021-05-16,5,7478,2021-08-25,0
2021-05-17,5,7483,2021-08-25,0
2021-05-18,7,7490,2021-08-25,0
2021-05-19,2,7492,2021-08-25,0
2021-05-20,5,7497,2021-08-25,0
2021-05-21,7,7504,2021-08-25,0
2021-05-22,10,7514,2021-08-25,0
2021-05-23,5,7519,2021-08-25,0
2021-05-24,5,7524,2021-08-25,0
2021-05-25,6,7530,2021-08-25,0
2021-05-26,3,7533,2021-08-25,0
2021-05-27,7,7540,2021-08-25,0
2021-05-28,2,7542,2021-08-25,0
2021-05-29,6,7548,2021-08-25,0
2021-05-30,4,7552,2021-08-25,0
2021-05-31,3,7555,2021-08-25,0
2021-06-01,5,7560,2021-08-25,0
2021-06-02,8,7568,2021-08-25,0
2021-06-03,4,7572,2021-08-25,0
2021-06-04,4,7576,2021-08-25,0
2021-06-05,1,7577,2021-08-25,0
2021-06-06,5,7582,2021-08-25,0
2021-06-07,3,7585,2021-08-25,0
2021-06-08,5,7590,2021-08-25,0
2021-06-09,4,7594,2021-08-25,0
2021-06-10,6,7600,2021-08-25,0
2021-06-11,6,7606,2021-08-25,0
2021-06-12,4,7610,2021-08-25,0
2021-06-13,4,7614,2021-08-25,0
2021-06-14,3,7617,2021-08-25,0
2021-06-15,2,7619,2021-08-25,0
2021-06-16,2,7621,2021-08-25,0
2021-06-17,4,7625,2021-08-25,0
2021-06-18,1,7626,2021-08-25,0
2021-06-19,6,7632,2021-08-25,0
2021-06-20,1,7633,2021-08-25,0
2021-06-21,5,7638,2021-08-25,0
2021-06-22,3,7641,2021-08-25,0
2021-06-23,4,7645,2021-08-25,0
2021-06-24,3,7648,2021-08-25,0
2021-06-25,3,7651,2021-08-25,0
2021-06-26,4,7655,2021-08-25,0
2021-06-27,2,7657,2021-08-25,0
2021-06-28,2,7659,2021-08-25,0
2021-06-29,2,7661,2021-08-25,0
2021-06-30,2,7663,2021-08-25,0
2021-07-01,0,7663,2021-08-25,0
2021-07-02,2,7665,2021-08-25,0
2021-07-03,2,7667,2021-08-25,0
2021-07-04,3,7670,2021-08-25,0
2021-07-05,1,7671,2021-08-25,0
2021-07-06,4,7675,2021-08-25,0
2021-07-07,1,7676,2021-08-25,0
2021-07-08,1,7677,2021-08-25,0
2021-07-09,0,7677,2021-08-25,0
2021-07-10,1,7678,2021-08-25,0
2021-07-11,2,7680,2021-08-25,0
2021-07-12,1,7681,2021-08-25,0
2021-07-13,2,7683,2021-08-25,0
2021-07-14,2,7685,2021-08-25,0
2021-07-15,2,7687,2021-08-25,0
2021-07-16,1,7688,2021-08-25,0
2021-07-17,1,7689,2021-08-25,0
2021-07-18,0,7689,2021-08-25,0
2021-07-19,0,7689,2021-08-25,0
2021-07-20,2,7691,2021-08-25,0
2021-07-21,2,7693,2021-08-25,0
2021-07-22,2,7695,2021-08-25,0
2021-07-23,3,7698,2021-08-25,0
2021-07-24,0,7698,2021-08-25,0
2021-07-25,2,7700,2021-08-25,0
2021-07-26,1,7701,2021-08-25,0
2021-07-27,2,7703,2021-08-25,0
2021-07-28,3,7706,2021-08-25,0
2021-07-29,2,7708,2021-08-25,0
2021-07-30,5,7713,2021-08-25,0
2021-07-31,3,7716,2021-08-25,0
2021-08-01,1,7717,2021-08-25,0
2021-08-02,3,7720,2021-08-25,0
2021-08-03,2,7722,2021-08-25,0
2021-08-04,3,7725,2021-08-25,0
2021-08-05,2,7727,2021-08-25,0
2021-08-06,7,7734,2021-08-25,0
2021-08-07,3,7737,2021-08-25,0
2021-08-08,1,7738,2021-08-25,0
2021-08-09,3,7741,2021-08-25,0
2021-08-10,2,7743,2021-08-25,0
2021-08-11,2,7745,2021-08-25,0
2021-08-12,6,7751,2021-08-25,0
2021-08-13,5,7756,2021-08-25,0
2021-08-14,5,7761,2021-08-25,0
2021-08-15,0,7761,2021-08-25,0
2021-08-16,6,7767,2021-08-25,0
2021-08-17,7,7774,2021-08-25,3
2021-08-18,4,7778,2021-08-25,1
2021-08-19,2,7780,2021-08-25,1
2021-08-20,0,7780,2021-08-25,0
2021-08-21,1,7781,2021-08-25,1
2021-08-22,1,7782,2021-08-25,1
NA,0,7782,2021-08-25,0
2020-03-19,1,1,2021-08-26,0
2020-03-20,0,1,2021-08-26,0
2020-03-21,0,1,2021-08-26,0
2020-03-22,0,1,2021-08-26,0
2020-03-23,0,1,2021-08-26,0
2020-03-24,1,2,2021-08-26,0
2020-03-25,1,3,2021-08-26,0
2020-03-26,1,4,2021-08-26,0
2020-03-27,5,9,2021-08-26,0
2020-03-28,3,12,2021-08-26,0
2020-03-29,0,12,2021-08-26,0
2020-03-30,5,17,2021-08-26,0
2020-03-31,2,19,2021-08-26,0
2020-04-01,5,24,2021-08-26,0
2020-04-02,3,27,2021-08-26,0
2020-04-03,1,28,2021-08-26,0
2020-04-04,5,33,2021-08-26,0
2020-04-05,5,38,2021-08-26,0
2020-04-06,10,48,2021-08-26,0
2020-04-07,6,54,2021-08-26,0
2020-04-08,7,61,2021-08-26,0
2020-04-09,8,69,2021-08-26,0
2020-04-10,6,75,2021-08-26,0
2020-04-11,4,79,2021-08-26,0
2020-04-12,4,83,2021-08-26,0
2020-04-13,10,93,2021-08-26,0
2020-04-14,6,99,2021-08-26,0
2020-04-15,17,116,2021-08-26,0
2020-04-16,10,126,2021-08-26,0
2020-04-17,17,143,2021-08-26,0
2020-04-18,17,160,2021-08-26,0
2020-04-19,16,176,2021-08-26,0
2020-04-20,21,197,2021-08-26,0
2020-04-21,26,223,2021-08-26,0
2020-04-22,21,244,2021-08-26,0
2020-04-23,19,263,2021-08-26,0
2020-04-24,23,286,2021-08-26,0
2020-04-25,18,304,2021-08-26,0
2020-04-26,17,321,2021-08-26,0
2020-04-27,21,342,2021-08-26,0
2020-04-28,16,358,2021-08-26,0
2020-04-29,29,387,2021-08-26,0
2020-04-30,18,405,2021-08-26,0
2020-05-01,30,435,2021-08-26,0
2020-05-02,19,454,2021-08-26,0
2020-05-03,29,483,2021-08-26,0
2020-05-04,23,506,2021-08-26,0
2020-05-05,19,525,2021-08-26,0
2020-05-06,25,550,2021-08-26,0
2020-05-07,30,580,2021-08-26,0
2020-05-08,20,600,2021-08-26,0
2020-05-09,26,626,2021-08-26,0
2020-05-10,19,645,2021-08-26,0
2020-05-11,25,670,2021-08-26,0
2020-05-12,20,690,2021-08-26,0
2020-05-13,22,712,2021-08-26,0
2020-05-14,20,732,2021-08-26,0
2020-05-15,20,752,2021-08-26,0
2020-05-16,20,772,2021-08-26,0
2020-05-17,23,795,2021-08-26,0
2020-05-18,18,813,2021-08-26,0
2020-05-19,35,848,2021-08-26,0
2020-05-20,24,872,2021-08-26,0
2020-05-21,17,889,2021-08-26,0
2020-05-22,20,909,2021-08-26,0
2020-05-23,26,935,2021-08-26,0
2020-05-24,25,960,2021-08-26,0
2020-05-25,30,990,2021-08-26,0
2020-05-26,29,1019,2021-08-26,0
2020-05-27,25,1044,2021-08-26,0
2020-05-28,21,1065,2021-08-26,0
2020-05-29,17,1082,2021-08-26,0
2020-05-30,11,1093,2021-08-26,0
2020-05-31,20,1113,2021-08-26,0
2020-06-01,23,1136,2021-08-26,0
2020-06-02,21,1157,2021-08-26,0
2020-06-03,25,1182,2021-08-26,0
2020-06-04,26,1208,2021-08-26,0
2020-06-05,18,1226,2021-08-26,0
2020-06-06,12,1238,2021-08-26,0
2020-06-07,22,1260,2021-08-26,0
2020-06-08,12,1272,2021-08-26,0
2020-06-09,13,1285,2021-08-26,0
2020-06-10,10,1295,2021-08-26,0
2020-06-11,12,1307,2021-08-26,0
2020-06-12,11,1318,2021-08-26,0
2020-06-13,13,1331,2021-08-26,0
2020-06-14,11,1342,2021-08-26,0
2020-06-15,8,1350,2021-08-26,0
2020-06-16,8,1358,2021-08-26,0
2020-06-17,17,1375,2021-08-26,0
2020-06-18,9,1384,2021-08-26,0
2020-06-19,8,1392,2021-08-26,0
2020-06-20,12,1404,2021-08-26,0
2020-06-21,11,1415,2021-08-26,0
2020-06-22,6,1421,2021-08-26,0
2020-06-23,10,1431,2021-08-26,0
2020-06-24,1,1432,2021-08-26,0
2020-06-25,9,1441,2021-08-26,0
2020-06-26,6,1447,2021-08-26,0
2020-06-27,5,1452,2021-08-26,0
2020-06-28,11,1463,2021-08-26,0
2020-06-29,7,1470,2021-08-26,0
2020-06-30,9,1479,2021-08-26,0
2020-07-01,2,1481,2021-08-26,0
2020-07-02,3,1484,2021-08-26,0
2020-07-03,5,1489,2021-08-26,0
2020-07-04,4,1493,2021-08-26,0
2020-07-05,6,1499,2021-08-26,0
2020-07-06,4,1503,2021-08-26,0
2020-07-07,2,1505,2021-08-26,0
2020-07-08,9,1514,2021-08-26,0
2020-07-09,4,1518,2021-08-26,0
2020-07-10,3,1521,2021-08-26,0
2020-07-11,4,1525,2021-08-26,0
2020-07-12,6,1531,2021-08-26,0
2020-07-13,2,1533,2021-08-26,0
2020-07-14,6,1539,2021-08-26,0
2020-07-15,7,1546,2021-08-26,0
2020-07-16,3,1549,2021-08-26,0
2020-07-17,7,1556,2021-08-26,0
2020-07-18,6,1562,2021-08-26,0
2020-07-19,5,1567,2021-08-26,0
2020-07-20,3,1570,2021-08-26,0
2020-07-21,6,1576,2021-08-26,0
2020-07-22,5,1581,2021-08-26,0
2020-07-23,8,1589,2021-08-26,0
2020-07-24,6,1595,2021-08-26,0
2020-07-25,2,1597,2021-08-26,0
2020-07-26,5,1602,2021-08-26,0
2020-07-27,5,1607,2021-08-26,0
2020-07-28,7,1614,2021-08-26,0
2020-07-29,3,1617,2021-08-26,0
2020-07-30,6,1623,2021-08-26,0
2020-07-31,9,1632,2021-08-26,0
2020-08-01,4,1636,2021-08-26,0
2020-08-02,7,1643,2021-08-26,0
2020-08-03,4,1647,2021-08-26,0
2020-08-04,7,1654,2021-08-26,0
2020-08-05,8,1662,2021-08-26,0
2020-08-06,9,1671,2021-08-26,0
2020-08-07,7,1678,2021-08-26,0
2020-08-08,6,1684,2021-08-26,0
2020-08-09,10,1694,2021-08-26,0
2020-08-10,3,1697,2021-08-26,0
2020-08-11,9,1706,2021-08-26,0
2020-08-12,7,1713,2021-08-26,0
2020-08-13,5,1718,2021-08-26,0
2020-08-14,9,1727,2021-08-26,0
2020-08-15,13,1740,2021-08-26,0
2020-08-16,13,1753,2021-08-26,0
2020-08-17,6,1759,2021-08-26,0
2020-08-18,11,1770,2021-08-26,0
2020-08-19,3,1773,2021-08-26,0
2020-08-20,10,1783,2021-08-26,0
2020-08-21,12,1795,2021-08-26,0
2020-08-22,9,1804,2021-08-26,0
2020-08-23,7,1811,2021-08-26,0
2020-08-24,9,1820,2021-08-26,0
2020-08-25,4,1824,2021-08-26,0
2020-08-26,3,1827,2021-08-26,0
2020-08-27,7,1834,2021-08-26,0
2020-08-28,6,1840,2021-08-26,0
2020-08-29,3,1843,2021-08-26,0
2020-08-30,5,1848,2021-08-26,0
2020-08-31,9,1857,2021-08-26,0
2020-09-01,2,1859,2021-08-26,0
2020-09-02,7,1866,2021-08-26,0
2020-09-03,12,1878,2021-08-26,0
2020-09-04,4,1882,2021-08-26,0
2020-09-05,6,1888,2021-08-26,0
2020-09-06,12,1900,2021-08-26,0
2020-09-07,3,1903,2021-08-26,0
2020-09-08,6,1909,2021-08-26,0
2020-09-09,10,1919,2021-08-26,0
2020-09-10,9,1928,2021-08-26,0
2020-09-11,11,1939,2021-08-26,0
2020-09-12,8,1947,2021-08-26,0
2020-09-13,8,1955,2021-08-26,0
2020-09-14,2,1957,2021-08-26,0
2020-09-15,6,1963,2021-08-26,0
2020-09-16,9,1972,2021-08-26,0
2020-09-17,5,1977,2021-08-26,0
2020-09-18,6,1983,2021-08-26,0
2020-09-19,4,1987,2021-08-26,0
2020-09-20,9,1996,2021-08-26,0
2020-09-21,7,2003,2021-08-26,0
2020-09-22,8,2011,2021-08-26,0
2020-09-23,9,2020,2021-08-26,0
2020-09-24,7,2027,2021-08-26,0
2020-09-25,11,2038,2021-08-26,0
2020-09-26,9,2047,2021-08-26,0
2020-09-27,14,2061,2021-08-26,0
2020-09-28,11,2072,2021-08-26,0
2020-09-29,5,2077,2021-08-26,0
2020-09-30,16,2093,2021-08-26,0
2020-10-01,7,2100,2021-08-26,0
2020-10-02,13,2113,2021-08-26,0
2020-10-03,9,2122,2021-08-26,0
2020-10-04,7,2129,2021-08-26,0
2020-10-05,10,2139,2021-08-26,0
2020-10-06,12,2151,2021-08-26,0
2020-10-07,19,2170,2021-08-26,0
2020-10-08,9,2179,2021-08-26,0
2020-10-09,17,2196,2021-08-26,0
2020-10-10,16,2212,2021-08-26,0
2020-10-11,16,2228,2021-08-26,0
2020-10-12,20,2248,2021-08-26,0
2020-10-13,14,2262,2021-08-26,0
2020-10-14,10,2272,2021-08-26,0
2020-10-15,9,2281,2021-08-26,0
2020-10-16,12,2293,2021-08-26,0
2020-10-17,18,2311,2021-08-26,0
2020-10-18,25,2336,2021-08-26,0
2020-10-19,18,2354,2021-08-26,0
2020-10-20,15,2369,2021-08-26,0
2020-10-21,24,2393,2021-08-26,0
2020-10-22,18,2411,2021-08-26,0
2020-10-23,19,2430,2021-08-26,0
2020-10-24,8,2438,2021-08-26,0
2020-10-25,17,2455,2021-08-26,0
2020-10-26,25,2480,2021-08-26,0
2020-10-27,23,2503,2021-08-26,0
2020-10-28,29,2532,2021-08-26,0
2020-10-29,18,2550,2021-08-26,0
2020-10-30,27,2577,2021-08-26,0
2020-10-31,25,2602,2021-08-26,0
2020-11-01,21,2623,2021-08-26,0
2020-11-02,25,2648,2021-08-26,0
2020-11-03,25,2673,2021-08-26,0
2020-11-04,33,2706,2021-08-26,0
2020-11-05,37,2743,2021-08-26,0
2020-11-06,39,2782,2021-08-26,0
2020-11-07,42,2824,2021-08-26,0
2020-11-08,47,2871,2021-08-26,0
2020-11-09,36,2907,2021-08-26,0
2020-11-10,35,2942,2021-08-26,0
2020-11-11,43,2985,2021-08-26,0
2020-11-12,45,3030,2021-08-26,0
2020-11-13,40,3070,2021-08-26,0
2020-11-14,47,3117,2021-08-26,0
2020-11-15,46,3163,2021-08-26,0
2020-11-16,62,3225,2021-08-26,0
2020-11-17,56,3281,2021-08-26,0
2020-11-18,61,3342,2021-08-26,0
2020-11-19,60,3402,2021-08-26,0
2020-11-20,63,3465,2021-08-26,0
2020-11-21,58,3523,2021-08-26,0
2020-11-22,67,3590,2021-08-26,0
2020-11-23,59,3649,2021-08-26,0
2020-11-24,68,3717,2021-08-26,0
2020-11-25,72,3789,2021-08-26,0
2020-11-26,54,3843,2021-08-26,0
2020-11-27,69,3912,2021-08-26,0
2020-11-28,60,3972,2021-08-26,0
2020-11-29,68,4040,2021-08-26,0
2020-11-30,60,4100,2021-08-26,0
2020-12-01,63,4163,2021-08-26,0
2020-12-02,73,4236,2021-08-26,0
2020-12-03,86,4322,2021-08-26,0
2020-12-04,67,4389,2021-08-26,0
2020-12-05,74,4463,2021-08-26,0
2020-12-06,80,4543,2021-08-26,0
2020-12-07,75,4618,2021-08-26,0
2020-12-08,61,4679,2021-08-26,0
2020-12-09,71,4750,2021-08-26,0
2020-12-10,71,4821,2021-08-26,0
2020-12-11,70,4891,2021-08-26,0
2020-12-12,71,4962,2021-08-26,0
2020-12-13,55,5017,2021-08-26,0
2020-12-14,43,5060,2021-08-26,0
2020-12-15,65,5125,2021-08-26,0
2020-12-16,70,5195,2021-08-26,0
2020-12-17,60,5255,2021-08-26,0
2020-12-18,59,5314,2021-08-26,0
2020-12-19,56,5370,2021-08-26,0
2020-12-20,59,5429,2021-08-26,0
2020-12-21,58,5487,2021-08-26,0
2020-12-22,33,5520,2021-08-26,0
2020-12-23,44,5564,2021-08-26,0
2020-12-24,50,5614,2021-08-26,0
2020-12-25,36,5650,2021-08-26,0
2020-12-26,43,5693,2021-08-26,0
2020-12-27,41,5734,2021-08-26,0
2020-12-28,33,5767,2021-08-26,0
2020-12-29,36,5803,2021-08-26,0
2020-12-30,47,5850,2021-08-26,0
2020-12-31,36,5886,2021-08-26,0
2021-01-01,28,5914,2021-08-26,0
2021-01-02,46,5960,2021-08-26,0
2021-01-03,36,5996,2021-08-26,0
2021-01-04,31,6027,2021-08-26,0
2021-01-05,40,6067,2021-08-26,0
2021-01-06,32,6099,2021-08-26,0
2021-01-07,37,6136,2021-08-26,0
2021-01-08,32,6168,2021-08-26,0
2021-01-09,25,6193,2021-08-26,0
2021-01-10,29,6222,2021-08-26,0
2021-01-11,26,6248,2021-08-26,0
2021-01-12,32,6280,2021-08-26,0
2021-01-13,23,6303,2021-08-26,0
2021-01-14,41,6344,2021-08-26,0
2021-01-15,26,6370,2021-08-26,0
2021-01-16,28,6398,2021-08-26,0
2021-01-17,21,6419,2021-08-26,0
2021-01-18,19,6438,2021-08-26,0
2021-01-19,14,6452,2021-08-26,0
2021-01-20,26,6478,2021-08-26,0
2021-01-21,16,6494,2021-08-26,0
2021-01-22,13,6507,2021-08-26,0
2021-01-23,17,6524,2021-08-26,0
2021-01-24,24,6548,2021-08-26,0
2021-01-25,17,6565,2021-08-26,0
2021-01-26,21,6586,2021-08-26,0
2021-01-27,11,6597,2021-08-26,0
2021-01-28,12,6609,2021-08-26,0
2021-01-29,15,6624,2021-08-26,0
2021-01-30,13,6637,2021-08-26,0
2021-01-31,16,6653,2021-08-26,0
2021-02-01,17,6670,2021-08-26,0
2021-02-02,10,6680,2021-08-26,0
2021-02-03,11,6691,2021-08-26,0
2021-02-04,11,6702,2021-08-26,0
2021-02-05,10,6712,2021-08-26,0
2021-02-06,12,6724,2021-08-26,0
2021-02-07,19,6743,2021-08-26,0
2021-02-08,11,6754,2021-08-26,0
2021-02-09,14,6768,2021-08-26,0
2021-02-10,13,6781,2021-08-26,0
2021-02-11,7,6788,2021-08-26,0
2021-02-12,12,6800,2021-08-26,0
2021-02-13,8,6808,2021-08-26,0
2021-02-14,9,6817,2021-08-26,0
2021-02-15,9,6826,2021-08-26,0
2021-02-16,12,6838,2021-08-26,0
2021-02-17,10,6848,2021-08-26,0
2021-02-18,7,6855,2021-08-26,0
2021-02-19,6,6861,2021-08-26,0
2021-02-20,7,6868,2021-08-26,0
2021-02-21,4,6872,2021-08-26,0
2021-02-22,5,6877,2021-08-26,0
2021-02-23,9,6886,2021-08-26,0
2021-02-24,4,6890,2021-08-26,0
2021-02-25,5,6895,2021-08-26,0
2021-02-26,7,6902,2021-08-26,0
2021-02-27,6,6908,2021-08-26,0
2021-02-28,8,6916,2021-08-26,0
2021-03-01,7,6923,2021-08-26,0
2021-03-02,2,6925,2021-08-26,0
2021-03-03,10,6935,2021-08-26,0
2021-03-04,6,6941,2021-08-26,0
2021-03-05,10,6951,2021-08-26,0
2021-03-06,5,6956,2021-08-26,0
2021-03-07,9,6965,2021-08-26,0
2021-03-08,5,6970,2021-08-26,0
2021-03-09,7,6977,2021-08-26,0
2021-03-10,5,6982,2021-08-26,0
2021-03-11,4,6986,2021-08-26,0
2021-03-12,11,6997,2021-08-26,0
2021-03-13,5,7002,2021-08-26,0
2021-03-14,4,7006,2021-08-26,0
2021-03-15,2,7008,2021-08-26,0
2021-03-16,5,7013,2021-08-26,0
2021-03-17,4,7017,2021-08-26,0
2021-03-18,5,7022,2021-08-26,0
2021-03-19,5,7027,2021-08-26,0
2021-03-20,9,7036,2021-08-26,0
2021-03-21,5,7041,2021-08-26,0
2021-03-22,4,7045,2021-08-26,0
2021-03-23,5,7050,2021-08-26,0
2021-03-24,1,7051,2021-08-26,0
2021-03-25,5,7056,2021-08-26,0
2021-03-26,3,7059,2021-08-26,0
2021-03-27,7,7066,2021-08-26,0
2021-03-28,6,7072,2021-08-26,0
2021-03-29,5,7077,2021-08-26,0
2021-03-30,6,7083,2021-08-26,0
2021-03-31,8,7091,2021-08-26,0
2021-04-01,6,7097,2021-08-26,0
2021-04-02,9,7106,2021-08-26,0
2021-04-03,8,7114,2021-08-26,0
2021-04-04,6,7120,2021-08-26,0
2021-04-05,8,7128,2021-08-26,0
2021-04-06,6,7134,2021-08-26,0
2021-04-07,6,7140,2021-08-26,0
2021-04-08,10,7150,2021-08-26,0
2021-04-09,6,7156,2021-08-26,0
2021-04-10,7,7163,2021-08-26,0
2021-04-11,8,7171,2021-08-26,0
2021-04-12,10,7181,2021-08-26,1
2021-04-13,6,7187,2021-08-26,0
2021-04-14,8,7195,2021-08-26,0
2021-04-15,14,7209,2021-08-26,0
2021-04-16,8,7217,2021-08-26,0
2021-04-17,8,7225,2021-08-26,0
2021-04-18,8,7233,2021-08-26,0
2021-04-19,10,7243,2021-08-26,0
2021-04-20,5,7248,2021-08-26,0
2021-04-21,8,7256,2021-08-26,0
2021-04-22,1,7257,2021-08-26,0
2021-04-23,15,7272,2021-08-26,0
2021-04-24,11,7283,2021-08-26,0
2021-04-25,15,7298,2021-08-26,0
2021-04-26,14,7312,2021-08-26,0
2021-04-27,7,7319,2021-08-26,0
2021-04-28,14,7333,2021-08-26,0
2021-04-29,8,7341,2021-08-26,0
2021-04-30,11,7352,2021-08-26,0
2021-05-01,7,7359,2021-08-26,0
2021-05-02,8,7367,2021-08-26,0
2021-05-03,5,7372,2021-08-26,0
2021-05-04,13,7385,2021-08-26,0
2021-05-05,8,7393,2021-08-26,0
2021-05-06,5,7398,2021-08-26,0
2021-05-07,8,7406,2021-08-26,0
2021-05-08,7,7413,2021-08-26,0
2021-05-09,9,7422,2021-08-26,0
2021-05-10,8,7430,2021-08-26,0
2021-05-11,6,7436,2021-08-26,0
2021-05-12,9,7445,2021-08-26,0
2021-05-13,9,7454,2021-08-26,0
2021-05-14,11,7465,2021-08-26,0
2021-05-15,9,7474,2021-08-26,0
2021-05-16,5,7479,2021-08-26,0
2021-05-17,5,7484,2021-08-26,0
2021-05-18,7,7491,2021-08-26,0
2021-05-19,2,7493,2021-08-26,0
2021-05-20,5,7498,2021-08-26,0
2021-05-21,7,7505,2021-08-26,0
2021-05-22,10,7515,2021-08-26,0
2021-05-23,5,7520,2021-08-26,0
2021-05-24,5,7525,2021-08-26,0
2021-05-25,6,7531,2021-08-26,0
2021-05-26,3,7534,2021-08-26,0
2021-05-27,7,7541,2021-08-26,0
2021-05-28,2,7543,2021-08-26,0
2021-05-29,6,7549,2021-08-26,0
2021-05-30,4,7553,2021-08-26,0
2021-05-31,3,7556,2021-08-26,0
2021-06-01,5,7561,2021-08-26,0
2021-06-02,8,7569,2021-08-26,0
2021-06-03,4,7573,2021-08-26,0
2021-06-04,4,7577,2021-08-26,0
2021-06-05,1,7578,2021-08-26,0
2021-06-06,5,7583,2021-08-26,0
2021-06-07,3,7586,2021-08-26,0
2021-06-08,5,7591,2021-08-26,0
2021-06-09,4,7595,2021-08-26,0
2021-06-10,6,7601,2021-08-26,0
2021-06-11,6,7607,2021-08-26,0
2021-06-12,4,7611,2021-08-26,0
2021-06-13,4,7615,2021-08-26,0
2021-06-14,3,7618,2021-08-26,0
2021-06-15,2,7620,2021-08-26,0
2021-06-16,2,7622,2021-08-26,0
2021-06-17,4,7626,2021-08-26,0
2021-06-18,1,7627,2021-08-26,0
2021-06-19,6,7633,2021-08-26,0
2021-06-20,1,7634,2021-08-26,0
2021-06-21,5,7639,2021-08-26,0
2021-06-22,3,7642,2021-08-26,0
2021-06-23,4,7646,2021-08-26,0
2021-06-24,3,7649,2021-08-26,0
2021-06-25,3,7652,2021-08-26,0
2021-06-26,4,7656,2021-08-26,0
2021-06-27,2,7658,2021-08-26,0
2021-06-28,2,7660,2021-08-26,0
2021-06-29,2,7662,2021-08-26,0
2021-06-30,2,7664,2021-08-26,0
2021-07-01,0,7664,2021-08-26,0
2021-07-02,2,7666,2021-08-26,0
2021-07-03,2,7668,2021-08-26,0
2021-07-04,3,7671,2021-08-26,0
2021-07-05,1,7672,2021-08-26,0
2021-07-06,4,7676,2021-08-26,0
2021-07-07,1,7677,2021-08-26,0
2021-07-08,1,7678,2021-08-26,0
2021-07-09,0,7678,2021-08-26,0
2021-07-10,1,7679,2021-08-26,0
2021-07-11,2,7681,2021-08-26,0
2021-07-12,1,7682,2021-08-26,0
2021-07-13,2,7684,2021-08-26,0
2021-07-14,2,7686,2021-08-26,0
2021-07-15,2,7688,2021-08-26,0
2021-07-16,1,7689,2021-08-26,0
2021-07-17,1,7690,2021-08-26,0
2021-07-18,0,7690,2021-08-26,0
2021-07-19,0,7690,2021-08-26,0
2021-07-20,2,7692,2021-08-26,0
2021-07-21,2,7694,2021-08-26,0
2021-07-22,2,7696,2021-08-26,0
2021-07-23,3,7699,2021-08-26,0
2021-07-24,0,7699,2021-08-26,0
2021-07-25,2,7701,2021-08-26,0
2021-07-26,1,7702,2021-08-26,0
2021-07-27,2,7704,2021-08-26,0
2021-07-28,3,7707,2021-08-26,0
2021-07-29,2,7709,2021-08-26,0
2021-07-30,5,7714,2021-08-26,0
2021-07-31,3,7717,2021-08-26,0
2021-08-01,1,7718,2021-08-26,0
2021-08-02,3,7721,2021-08-26,0
2021-08-03,2,7723,2021-08-26,0
2021-08-04,3,7726,2021-08-26,0
2021-08-05,2,7728,2021-08-26,0
2021-08-06,7,7735,2021-08-26,0
2021-08-07,3,7738,2021-08-26,0
2021-08-08,1,7739,2021-08-26,0
2021-08-09,3,7742,2021-08-26,0
2021-08-10,2,7744,2021-08-26,0
2021-08-11,2,7746,2021-08-26,0
2021-08-12,7,7753,2021-08-26,1
2021-08-13,5,7758,2021-08-26,0
2021-08-14,5,7763,2021-08-26,0
2021-08-15,0,7763,2021-08-26,0
2021-08-16,6,7769,2021-08-26,0
2021-08-17,7,7776,2021-08-26,0
2021-08-18,6,7782,2021-08-26,2
2021-08-19,2,7784,2021-08-26,0
2021-08-20,1,7785,2021-08-26,1
2021-08-21,4,7789,2021-08-26,3
2021-08-22,3,7792,2021-08-26,2
2021-08-23,0,7792,2021-08-26,0
2021-08-24,1,7793,2021-08-26,1
NA,0,7793,2021-08-26,0
2020-03-19,1,1,2021-08-27,0
2020-03-20,0,1,2021-08-27,0
2020-03-21,0,1,2021-08-27,0
2020-03-22,0,1,2021-08-27,0
2020-03-23,0,1,2021-08-27,0
2020-03-24,1,2,2021-08-27,0
2020-03-25,1,3,2021-08-27,0
2020-03-26,1,4,2021-08-27,0
2020-03-27,5,9,2021-08-27,0
2020-03-28,3,12,2021-08-27,0
2020-03-29,0,12,2021-08-27,0
2020-03-30,5,17,2021-08-27,0
2020-03-31,2,19,2021-08-27,0
2020-04-01,5,24,2021-08-27,0
2020-04-02,3,27,2021-08-27,0
2020-04-03,1,28,2021-08-27,0
2020-04-04,5,33,2021-08-27,0
2020-04-05,5,38,2021-08-27,0
2020-04-06,10,48,2021-08-27,0
2020-04-07,6,54,2021-08-27,0
2020-04-08,7,61,2021-08-27,0
2020-04-09,8,69,2021-08-27,0
2020-04-10,6,75,2021-08-27,0
2020-04-11,4,79,2021-08-27,0
2020-04-12,4,83,2021-08-27,0
2020-04-13,10,93,2021-08-27,0
2020-04-14,6,99,2021-08-27,0
2020-04-15,17,116,2021-08-27,0
2020-04-16,10,126,2021-08-27,0
2020-04-17,17,143,2021-08-27,0
2020-04-18,17,160,2021-08-27,0
2020-04-19,16,176,2021-08-27,0
2020-04-20,21,197,2021-08-27,0
2020-04-21,26,223,2021-08-27,0
2020-04-22,21,244,2021-08-27,0
2020-04-23,19,263,2021-08-27,0
2020-04-24,23,286,2021-08-27,0
2020-04-25,18,304,2021-08-27,0
2020-04-26,17,321,2021-08-27,0
2020-04-27,21,342,2021-08-27,0
2020-04-28,16,358,2021-08-27,0
2020-04-29,29,387,2021-08-27,0
2020-04-30,18,405,2021-08-27,0
2020-05-01,30,435,2021-08-27,0
2020-05-02,19,454,2021-08-27,0
2020-05-03,29,483,2021-08-27,0
2020-05-04,23,506,2021-08-27,0
2020-05-05,19,525,2021-08-27,0
2020-05-06,25,550,2021-08-27,0
2020-05-07,30,580,2021-08-27,0
2020-05-08,20,600,2021-08-27,0
2020-05-09,26,626,2021-08-27,0
2020-05-10,19,645,2021-08-27,0
2020-05-11,25,670,2021-08-27,0
2020-05-12,20,690,2021-08-27,0
2020-05-13,22,712,2021-08-27,0
2020-05-14,20,732,2021-08-27,0
2020-05-15,20,752,2021-08-27,0
2020-05-16,20,772,2021-08-27,0
2020-05-17,23,795,2021-08-27,0
2020-05-18,18,813,2021-08-27,0
2020-05-19,35,848,2021-08-27,0
2020-05-20,24,872,2021-08-27,0
2020-05-21,17,889,2021-08-27,0
2020-05-22,20,909,2021-08-27,0
2020-05-23,26,935,2021-08-27,0
2020-05-24,25,960,2021-08-27,0
2020-05-25,30,990,2021-08-27,0
2020-05-26,29,1019,2021-08-27,0
2020-05-27,25,1044,2021-08-27,0
2020-05-28,21,1065,2021-08-27,0
2020-05-29,17,1082,2021-08-27,0
2020-05-30,11,1093,2021-08-27,0
2020-05-31,20,1113,2021-08-27,0
2020-06-01,23,1136,2021-08-27,0
2020-06-02,21,1157,2021-08-27,0
2020-06-03,25,1182,2021-08-27,0
2020-06-04,26,1208,2021-08-27,0
2020-06-05,18,1226,2021-08-27,0
2020-06-06,12,1238,2021-08-27,0
2020-06-07,22,1260,2021-08-27,0
2020-06-08,12,1272,2021-08-27,0
2020-06-09,13,1285,2021-08-27,0
2020-06-10,10,1295,2021-08-27,0
2020-06-11,12,1307,2021-08-27,0
2020-06-12,11,1318,2021-08-27,0
2020-06-13,13,1331,2021-08-27,0
2020-06-14,11,1342,2021-08-27,0
2020-06-15,8,1350,2021-08-27,0
2020-06-16,8,1358,2021-08-27,0
2020-06-17,17,1375,2021-08-27,0
2020-06-18,9,1384,2021-08-27,0
2020-06-19,8,1392,2021-08-27,0
2020-06-20,12,1404,2021-08-27,0
2020-06-21,11,1415,2021-08-27,0
2020-06-22,6,1421,2021-08-27,0
2020-06-23,10,1431,2021-08-27,0
2020-06-24,1,1432,2021-08-27,0
2020-06-25,9,1441,2021-08-27,0
2020-06-26,6,1447,2021-08-27,0
2020-06-27,5,1452,2021-08-27,0
2020-06-28,11,1463,2021-08-27,0
2020-06-29,7,1470,2021-08-27,0
2020-06-30,9,1479,2021-08-27,0
2020-07-01,2,1481,2021-08-27,0
2020-07-02,3,1484,2021-08-27,0
2020-07-03,5,1489,2021-08-27,0
2020-07-04,4,1493,2021-08-27,0
2020-07-05,6,1499,2021-08-27,0
2020-07-06,4,1503,2021-08-27,0
2020-07-07,2,1505,2021-08-27,0
2020-07-08,9,1514,2021-08-27,0
2020-07-09,4,1518,2021-08-27,0
2020-07-10,3,1521,2021-08-27,0
2020-07-11,4,1525,2021-08-27,0
2020-07-12,6,1531,2021-08-27,0
2020-07-13,2,1533,2021-08-27,0
2020-07-14,6,1539,2021-08-27,0
2020-07-15,7,1546,2021-08-27,0
2020-07-16,3,1549,2021-08-27,0
2020-07-17,7,1556,2021-08-27,0
2020-07-18,6,1562,2021-08-27,0
2020-07-19,5,1567,2021-08-27,0
2020-07-20,3,1570,2021-08-27,0
2020-07-21,6,1576,2021-08-27,0
2020-07-22,5,1581,2021-08-27,0
2020-07-23,8,1589,2021-08-27,0
2020-07-24,6,1595,2021-08-27,0
2020-07-25,2,1597,2021-08-27,0
2020-07-26,5,1602,2021-08-27,0
2020-07-27,5,1607,2021-08-27,0
2020-07-28,7,1614,2021-08-27,0
2020-07-29,3,1617,2021-08-27,0
2020-07-30,6,1623,2021-08-27,0
2020-07-31,9,1632,2021-08-27,0
2020-08-01,4,1636,2021-08-27,0
2020-08-02,7,1643,2021-08-27,0
2020-08-03,4,1647,2021-08-27,0
2020-08-04,7,1654,2021-08-27,0
2020-08-05,8,1662,2021-08-27,0
2020-08-06,9,1671,2021-08-27,0
2020-08-07,7,1678,2021-08-27,0
2020-08-08,6,1684,2021-08-27,0
2020-08-09,10,1694,2021-08-27,0
2020-08-10,3,1697,2021-08-27,0
2020-08-11,9,1706,2021-08-27,0
2020-08-12,7,1713,2021-08-27,0
2020-08-13,5,1718,2021-08-27,0
2020-08-14,9,1727,2021-08-27,0
2020-08-15,13,1740,2021-08-27,0
2020-08-16,13,1753,2021-08-27,0
2020-08-17,6,1759,2021-08-27,0
2020-08-18,11,1770,2021-08-27,0
2020-08-19,3,1773,2021-08-27,0
2020-08-20,10,1783,2021-08-27,0
2020-08-21,12,1795,2021-08-27,0
2020-08-22,9,1804,2021-08-27,0
2020-08-23,7,1811,2021-08-27,0
2020-08-24,9,1820,2021-08-27,0
2020-08-25,4,1824,2021-08-27,0
2020-08-26,3,1827,2021-08-27,0
2020-08-27,7,1834,2021-08-27,0
2020-08-28,6,1840,2021-08-27,0
2020-08-29,3,1843,2021-08-27,0
2020-08-30,5,1848,2021-08-27,0
2020-08-31,9,1857,2021-08-27,0
2020-09-01,2,1859,2021-08-27,0
2020-09-02,7,1866,2021-08-27,0
2020-09-03,12,1878,2021-08-27,0
2020-09-04,4,1882,2021-08-27,0
2020-09-05,6,1888,2021-08-27,0
2020-09-06,12,1900,2021-08-27,0
2020-09-07,3,1903,2021-08-27,0
2020-09-08,6,1909,2021-08-27,0
2020-09-09,10,1919,2021-08-27,0
2020-09-10,9,1928,2021-08-27,0
2020-09-11,11,1939,2021-08-27,0
2020-09-12,8,1947,2021-08-27,0
2020-09-13,8,1955,2021-08-27,0
2020-09-14,2,1957,2021-08-27,0
2020-09-15,6,1963,2021-08-27,0
2020-09-16,9,1972,2021-08-27,0
2020-09-17,5,1977,2021-08-27,0
2020-09-18,6,1983,2021-08-27,0
2020-09-19,4,1987,2021-08-27,0
2020-09-20,9,1996,2021-08-27,0
2020-09-21,7,2003,2021-08-27,0
2020-09-22,8,2011,2021-08-27,0
2020-09-23,9,2020,2021-08-27,0
2020-09-24,7,2027,2021-08-27,0
2020-09-25,11,2038,2021-08-27,0
2020-09-26,9,2047,2021-08-27,0
2020-09-27,14,2061,2021-08-27,0
2020-09-28,11,2072,2021-08-27,0
2020-09-29,5,2077,2021-08-27,0
2020-09-30,16,2093,2021-08-27,0
2020-10-01,7,2100,2021-08-27,0
2020-10-02,13,2113,2021-08-27,0
2020-10-03,9,2122,2021-08-27,0
2020-10-04,7,2129,2021-08-27,0
2020-10-05,10,2139,2021-08-27,0
2020-10-06,12,2151,2021-08-27,0
2020-10-07,19,2170,2021-08-27,0
2020-10-08,9,2179,2021-08-27,0
2020-10-09,17,2196,2021-08-27,0
2020-10-10,16,2212,2021-08-27,0
2020-10-11,16,2228,2021-08-27,0
2020-10-12,20,2248,2021-08-27,0
2020-10-13,14,2262,2021-08-27,0
2020-10-14,10,2272,2021-08-27,0
2020-10-15,9,2281,2021-08-27,0
2020-10-16,12,2293,2021-08-27,0
2020-10-17,18,2311,2021-08-27,0
2020-10-18,25,2336,2021-08-27,0
2020-10-19,18,2354,2021-08-27,0
2020-10-20,15,2369,2021-08-27,0
2020-10-21,24,2393,2021-08-27,0
2020-10-22,18,2411,2021-08-27,0
2020-10-23,19,2430,2021-08-27,0
2020-10-24,8,2438,2021-08-27,0
2020-10-25,17,2455,2021-08-27,0
2020-10-26,25,2480,2021-08-27,0
2020-10-27,23,2503,2021-08-27,0
2020-10-28,29,2532,2021-08-27,0
2020-10-29,18,2550,2021-08-27,0
2020-10-30,27,2577,2021-08-27,0
2020-10-31,25,2602,2021-08-27,0
2020-11-01,21,2623,2021-08-27,0
2020-11-02,25,2648,2021-08-27,0
2020-11-03,25,2673,2021-08-27,0
2020-11-04,33,2706,2021-08-27,0
2020-11-05,37,2743,2021-08-27,0
2020-11-06,39,2782,2021-08-27,0
2020-11-07,42,2824,2021-08-27,0
2020-11-08,47,2871,2021-08-27,0
2020-11-09,36,2907,2021-08-27,0
2020-11-10,35,2942,2021-08-27,0
2020-11-11,43,2985,2021-08-27,0
2020-11-12,45,3030,2021-08-27,0
2020-11-13,40,3070,2021-08-27,0
2020-11-14,47,3117,2021-08-27,0
2020-11-15,46,3163,2021-08-27,0
2020-11-16,62,3225,2021-08-27,0
2020-11-17,56,3281,2021-08-27,0
2020-11-18,61,3342,2021-08-27,0
2020-11-19,60,3402,2021-08-27,0
2020-11-20,63,3465,2021-08-27,0
2020-11-21,58,3523,2021-08-27,0
2020-11-22,67,3590,2021-08-27,0
2020-11-23,59,3649,2021-08-27,0
2020-11-24,68,3717,2021-08-27,0
2020-11-25,72,3789,2021-08-27,0
2020-11-26,54,3843,2021-08-27,0
2020-11-27,69,3912,2021-08-27,0
2020-11-28,60,3972,2021-08-27,0
2020-11-29,68,4040,2021-08-27,0
2020-11-30,60,4100,2021-08-27,0
2020-12-01,63,4163,2021-08-27,0
2020-12-02,73,4236,2021-08-27,0
2020-12-03,86,4322,2021-08-27,0
2020-12-04,67,4389,2021-08-27,0
2020-12-05,74,4463,2021-08-27,0
2020-12-06,80,4543,2021-08-27,0
2020-12-07,75,4618,2021-08-27,0
2020-12-08,61,4679,2021-08-27,0
2020-12-09,71,4750,2021-08-27,0
2020-12-10,71,4821,2021-08-27,0
2020-12-11,70,4891,2021-08-27,0
2020-12-12,71,4962,2021-08-27,0
2020-12-13,55,5017,2021-08-27,0
2020-12-14,43,5060,2021-08-27,0
2020-12-15,65,5125,2021-08-27,0
2020-12-16,70,5195,2021-08-27,0
2020-12-17,60,5255,2021-08-27,0
2020-12-18,59,5314,2021-08-27,0
2020-12-19,56,5370,2021-08-27,0
2020-12-20,59,5429,2021-08-27,0
2020-12-21,58,5487,2021-08-27,0
2020-12-22,33,5520,2021-08-27,0
2020-12-23,44,5564,2021-08-27,0
2020-12-24,50,5614,2021-08-27,0
2020-12-25,36,5650,2021-08-27,0
2020-12-26,43,5693,2021-08-27,0
2020-12-27,41,5734,2021-08-27,0
2020-12-28,33,5767,2021-08-27,0
2020-12-29,36,5803,2021-08-27,0
2020-12-30,47,5850,2021-08-27,0
2020-12-31,36,5886,2021-08-27,0
2021-01-01,28,5914,2021-08-27,0
2021-01-02,46,5960,2021-08-27,0
2021-01-03,36,5996,2021-08-27,0
2021-01-04,31,6027,2021-08-27,0
2021-01-05,40,6067,2021-08-27,0
2021-01-06,32,6099,2021-08-27,0
2021-01-07,37,6136,2021-08-27,0
2021-01-08,32,6168,2021-08-27,0
2021-01-09,25,6193,2021-08-27,0
2021-01-10,29,6222,2021-08-27,0
2021-01-11,26,6248,2021-08-27,0
2021-01-12,32,6280,2021-08-27,0
2021-01-13,23,6303,2021-08-27,0
2021-01-14,41,6344,2021-08-27,0
2021-01-15,26,6370,2021-08-27,0
2021-01-16,28,6398,2021-08-27,0
2021-01-17,21,6419,2021-08-27,0
2021-01-18,19,6438,2021-08-27,0
2021-01-19,14,6452,2021-08-27,0
2021-01-20,26,6478,2021-08-27,0
2021-01-21,16,6494,2021-08-27,0
2021-01-22,13,6507,2021-08-27,0
2021-01-23,17,6524,2021-08-27,0
2021-01-24,24,6548,2021-08-27,0
2021-01-25,17,6565,2021-08-27,0
2021-01-26,21,6586,2021-08-27,0
2021-01-27,11,6597,2021-08-27,0
2021-01-28,12,6609,2021-08-27,0
2021-01-29,15,6624,2021-08-27,0
2021-01-30,13,6637,2021-08-27,0
2021-01-31,16,6653,2021-08-27,0
2021-02-01,17,6670,2021-08-27,0
2021-02-02,10,6680,2021-08-27,0
2021-02-03,11,6691,2021-08-27,0
2021-02-04,11,6702,2021-08-27,0
2021-02-05,10,6712,2021-08-27,0
2021-02-06,12,6724,2021-08-27,0
2021-02-07,19,6743,2021-08-27,0
2021-02-08,11,6754,2021-08-27,0
2021-02-09,14,6768,2021-08-27,0
2021-02-10,13,6781,2021-08-27,0
2021-02-11,7,6788,2021-08-27,0
2021-02-12,12,6800,2021-08-27,0
2021-02-13,8,6808,2021-08-27,0
2021-02-14,9,6817,2021-08-27,0
2021-02-15,9,6826,2021-08-27,0
2021-02-16,12,6838,2021-08-27,0
2021-02-17,10,6848,2021-08-27,0
2021-02-18,7,6855,2021-08-27,0
2021-02-19,6,6861,2021-08-27,0
2021-02-20,7,6868,2021-08-27,0
2021-02-21,4,6872,2021-08-27,0
2021-02-22,5,6877,2021-08-27,0
2021-02-23,9,6886,2021-08-27,0
2021-02-24,4,6890,2021-08-27,0
2021-02-25,5,6895,2021-08-27,0
2021-02-26,7,6902,2021-08-27,0
2021-02-27,6,6908,2021-08-27,0
2021-02-28,8,6916,2021-08-27,0
2021-03-01,7,6923,2021-08-27,0
2021-03-02,2,6925,2021-08-27,0
2021-03-03,10,6935,2021-08-27,0
2021-03-04,6,6941,2021-08-27,0
2021-03-05,10,6951,2021-08-27,0
2021-03-06,5,6956,2021-08-27,0
2021-03-07,9,6965,2021-08-27,0
2021-03-08,5,6970,2021-08-27,0
2021-03-09,7,6977,2021-08-27,0
2021-03-10,5,6982,2021-08-27,0
2021-03-11,4,6986,2021-08-27,0
2021-03-12,11,6997,2021-08-27,0
2021-03-13,5,7002,2021-08-27,0
2021-03-14,4,7006,2021-08-27,0
2021-03-15,2,7008,2021-08-27,0
2021-03-16,5,7013,2021-08-27,0
2021-03-17,4,7017,2021-08-27,0
2021-03-18,5,7022,2021-08-27,0
2021-03-19,5,7027,2021-08-27,0
2021-03-20,9,7036,2021-08-27,0
2021-03-21,5,7041,2021-08-27,0
2021-03-22,4,7045,2021-08-27,0
2021-03-23,5,7050,2021-08-27,0
2021-03-24,1,7051,2021-08-27,0
2021-03-25,5,7056,2021-08-27,0
2021-03-26,3,7059,2021-08-27,0
2021-03-27,7,7066,2021-08-27,0
2021-03-28,6,7072,2021-08-27,0
2021-03-29,5,7077,2021-08-27,0
2021-03-30,6,7083,2021-08-27,0
2021-03-31,8,7091,2021-08-27,0
2021-04-01,6,7097,2021-08-27,0
2021-04-02,9,7106,2021-08-27,0
2021-04-03,8,7114,2021-08-27,0
2021-04-04,6,7120,2021-08-27,0
2021-04-05,8,7128,2021-08-27,0
2021-04-06,6,7134,2021-08-27,0
2021-04-07,6,7140,2021-08-27,0
2021-04-08,10,7150,2021-08-27,0
2021-04-09,6,7156,2021-08-27,0
2021-04-10,7,7163,2021-08-27,0
2021-04-11,8,7171,2021-08-27,0
2021-04-12,10,7181,2021-08-27,0
2021-04-13,6,7187,2021-08-27,0
2021-04-14,8,7195,2021-08-27,0
2021-04-15,14,7209,2021-08-27,0
2021-04-16,8,7217,2021-08-27,0
2021-04-17,8,7225,2021-08-27,0
2021-04-18,8,7233,2021-08-27,0
2021-04-19,10,7243,2021-08-27,0
2021-04-20,5,7248,2021-08-27,0
2021-04-21,8,7256,2021-08-27,0
2021-04-22,1,7257,2021-08-27,0
2021-04-23,15,7272,2021-08-27,0
2021-04-24,11,7283,2021-08-27,0
2021-04-25,15,7298,2021-08-27,0
2021-04-26,14,7312,2021-08-27,0
2021-04-27,7,7319,2021-08-27,0
2021-04-28,14,7333,2021-08-27,0
2021-04-29,8,7341,2021-08-27,0
2021-04-30,11,7352,2021-08-27,0
2021-05-01,7,7359,2021-08-27,0
2021-05-02,8,7367,2021-08-27,0
2021-05-03,5,7372,2021-08-27,0
2021-05-04,13,7385,2021-08-27,0
2021-05-05,8,7393,2021-08-27,0
2021-05-06,5,7398,2021-08-27,0
2021-05-07,8,7406,2021-08-27,0
2021-05-08,7,7413,2021-08-27,0
2021-05-09,9,7422,2021-08-27,0
2021-05-10,8,7430,2021-08-27,0
2021-05-11,6,7436,2021-08-27,0
2021-05-12,9,7445,2021-08-27,0
2021-05-13,9,7454,2021-08-27,0
2021-05-14,11,7465,2021-08-27,0
2021-05-15,9,7474,2021-08-27,0
2021-05-16,5,7479,2021-08-27,0
2021-05-17,5,7484,2021-08-27,0
2021-05-18,7,7491,2021-08-27,0
2021-05-19,2,7493,2021-08-27,0
2021-05-20,5,7498,2021-08-27,0
2021-05-21,7,7505,2021-08-27,0
2021-05-22,10,7515,2021-08-27,0
2021-05-23,5,7520,2021-08-27,0
2021-05-24,5,7525,2021-08-27,0
2021-05-25,6,7531,2021-08-27,0
2021-05-26,3,7534,2021-08-27,0
2021-05-27,7,7541,2021-08-27,0
2021-05-28,2,7543,2021-08-27,0
2021-05-29,6,7549,2021-08-27,0
2021-05-30,4,7553,2021-08-27,0
2021-05-31,3,7556,2021-08-27,0
2021-06-01,5,7561,2021-08-27,0
2021-06-02,8,7569,2021-08-27,0
2021-06-03,4,7573,2021-08-27,0
2021-06-04,4,7577,2021-08-27,0
2021-06-05,1,7578,2021-08-27,0
2021-06-06,5,7583,2021-08-27,0
2021-06-07,3,7586,2021-08-27,0
2021-06-08,5,7591,2021-08-27,0
2021-06-09,4,7595,2021-08-27,0
2021-06-10,6,7601,2021-08-27,0
2021-06-11,6,7607,2021-08-27,0
2021-06-12,4,7611,2021-08-27,0
2021-06-13,4,7615,2021-08-27,0
2021-06-14,3,7618,2021-08-27,0
2021-06-15,2,7620,2021-08-27,0
2021-06-16,2,7622,2021-08-27,0
2021-06-17,4,7626,2021-08-27,0
2021-06-18,1,7627,2021-08-27,0
2021-06-19,6,7633,2021-08-27,0
2021-06-20,1,7634,2021-08-27,0
2021-06-21,5,7639,2021-08-27,0
2021-06-22,3,7642,2021-08-27,0
2021-06-23,4,7646,2021-08-27,0
2021-06-24,3,7649,2021-08-27,0
2021-06-25,3,7652,2021-08-27,0
2021-06-26,4,7656,2021-08-27,0
2021-06-27,2,7658,2021-08-27,0
2021-06-28,2,7660,2021-08-27,0
2021-06-29,2,7662,2021-08-27,0
2021-06-30,2,7664,2021-08-27,0
2021-07-01,0,7664,2021-08-27,0
2021-07-02,2,7666,2021-08-27,0
2021-07-03,2,7668,2021-08-27,0
2021-07-04,3,7671,2021-08-27,0
2021-07-05,1,7672,2021-08-27,0
2021-07-06,4,7676,2021-08-27,0
2021-07-07,1,7677,2021-08-27,0
2021-07-08,1,7678,2021-08-27,0
2021-07-09,0,7678,2021-08-27,0
2021-07-10,1,7679,2021-08-27,0
2021-07-11,2,7681,2021-08-27,0
2021-07-12,1,7682,2021-08-27,0
2021-07-13,2,7684,2021-08-27,0
2021-07-14,2,7686,2021-08-27,0
2021-07-15,2,7688,2021-08-27,0
2021-07-16,1,7689,2021-08-27,0
2021-07-17,1,7690,2021-08-27,0
2021-07-18,0,7690,2021-08-27,0
2021-07-19,0,7690,2021-08-27,0
2021-07-20,2,7692,2021-08-27,0
2021-07-21,2,7694,2021-08-27,0
2021-07-22,2,7696,2021-08-27,0
2021-07-23,3,7699,2021-08-27,0
2021-07-24,0,7699,2021-08-27,0
2021-07-25,2,7701,2021-08-27,0
2021-07-26,1,7702,2021-08-27,0
2021-07-27,2,7704,2021-08-27,0
2021-07-28,3,7707,2021-08-27,0
2021-07-29,2,7709,2021-08-27,0
2021-07-30,5,7714,2021-08-27,0
2021-07-31,3,7717,2021-08-27,0
2021-08-01,1,7718,2021-08-27,0
2021-08-02,3,7721,2021-08-27,0
2021-08-03,2,7723,2021-08-27,0
2021-08-04,3,7726,2021-08-27,0
2021-08-05,2,7728,2021-08-27,0
2021-08-06,7,7735,2021-08-27,0
2021-08-07,3,7738,2021-08-27,0
2021-08-08,1,7739,2021-08-27,0
2021-08-09,3,7742,2021-08-27,0
2021-08-10,2,7744,2021-08-27,0
2021-08-11,2,7746,2021-08-27,0
2021-08-12,7,7753,2021-08-27,0
2021-08-13,5,7758,2021-08-27,0
2021-08-14,5,7763,2021-08-27,0
2021-08-15,0,7763,2021-08-27,0
2021-08-16,6,7769,2021-08-27,0
2021-08-17,7,7776,2021-08-27,0
2021-08-18,6,7782,2021-08-27,0
2021-08-19,2,7784,2021-08-27,0
2021-08-20,3,7787,2021-08-27,2
2021-08-21,4,7791,2021-08-27,0
2021-08-22,5,7796,2021-08-27,2
2021-08-23,0,7796,2021-08-27,0
2021-08-24,3,7799,2021-08-27,2
NA,0,7799,2021-08-27,0
2020-03-19,1,1,2021-08-30,0
2020-03-20,0,1,2021-08-30,0
2020-03-21,0,1,2021-08-30,0
2020-03-22,0,1,2021-08-30,0
2020-03-23,0,1,2021-08-30,0
2020-03-24,1,2,2021-08-30,0
2020-03-25,1,3,2021-08-30,0
2020-03-26,1,4,2021-08-30,0
2020-03-27,5,9,2021-08-30,0
2020-03-28,3,12,2021-08-30,0
2020-03-29,0,12,2021-08-30,0
2020-03-30,5,17,2021-08-30,0
2020-03-31,2,19,2021-08-30,0
2020-04-01,5,24,2021-08-30,0
2020-04-02,3,27,2021-08-30,0
2020-04-03,1,28,2021-08-30,0
2020-04-04,5,33,2021-08-30,0
2020-04-05,5,38,2021-08-30,0
2020-04-06,10,48,2021-08-30,0
2020-04-07,6,54,2021-08-30,0
2020-04-08,7,61,2021-08-30,0
2020-04-09,8,69,2021-08-30,0
2020-04-10,6,75,2021-08-30,0
2020-04-11,4,79,2021-08-30,0
2020-04-12,4,83,2021-08-30,0
2020-04-13,10,93,2021-08-30,0
2020-04-14,6,99,2021-08-30,0
2020-04-15,17,116,2021-08-30,0
2020-04-16,10,126,2021-08-30,0
2020-04-17,17,143,2021-08-30,0
2020-04-18,17,160,2021-08-30,0
2020-04-19,16,176,2021-08-30,0
2020-04-20,21,197,2021-08-30,0
2020-04-21,26,223,2021-08-30,0
2020-04-22,21,244,2021-08-30,0
2020-04-23,19,263,2021-08-30,0
2020-04-24,23,286,2021-08-30,0
2020-04-25,18,304,2021-08-30,0
2020-04-26,17,321,2021-08-30,0
2020-04-27,21,342,2021-08-30,0
2020-04-28,16,358,2021-08-30,0
2020-04-29,29,387,2021-08-30,0
2020-04-30,18,405,2021-08-30,0
2020-05-01,30,435,2021-08-30,0
2020-05-02,19,454,2021-08-30,0
2020-05-03,29,483,2021-08-30,0
2020-05-04,23,506,2021-08-30,0
2020-05-05,19,525,2021-08-30,0
2020-05-06,25,550,2021-08-30,0
2020-05-07,30,580,2021-08-30,0
2020-05-08,20,600,2021-08-30,0
2020-05-09,26,626,2021-08-30,0
2020-05-10,19,645,2021-08-30,0
2020-05-11,25,670,2021-08-30,0
2020-05-12,20,690,2021-08-30,0
2020-05-13,22,712,2021-08-30,0
2020-05-14,20,732,2021-08-30,0
2020-05-15,20,752,2021-08-30,0
2020-05-16,20,772,2021-08-30,0
2020-05-17,23,795,2021-08-30,0
2020-05-18,18,813,2021-08-30,0
2020-05-19,35,848,2021-08-30,0
2020-05-20,24,872,2021-08-30,0
2020-05-21,17,889,2021-08-30,0
2020-05-22,20,909,2021-08-30,0
2020-05-23,26,935,2021-08-30,0
2020-05-24,25,960,2021-08-30,0
2020-05-25,30,990,2021-08-30,0
2020-05-26,29,1019,2021-08-30,0
2020-05-27,25,1044,2021-08-30,0
2020-05-28,21,1065,2021-08-30,0
2020-05-29,17,1082,2021-08-30,0
2020-05-30,11,1093,2021-08-30,0
2020-05-31,20,1113,2021-08-30,0
2020-06-01,23,1136,2021-08-30,0
2020-06-02,21,1157,2021-08-30,0
2020-06-03,25,1182,2021-08-30,0
2020-06-04,26,1208,2021-08-30,0
2020-06-05,18,1226,2021-08-30,0
2020-06-06,12,1238,2021-08-30,0
2020-06-07,22,1260,2021-08-30,0
2020-06-08,12,1272,2021-08-30,0
2020-06-09,13,1285,2021-08-30,0
2020-06-10,10,1295,2021-08-30,0
2020-06-11,12,1307,2021-08-30,0
2020-06-12,11,1318,2021-08-30,0
2020-06-13,13,1331,2021-08-30,0
2020-06-14,11,1342,2021-08-30,0
2020-06-15,8,1350,2021-08-30,0
2020-06-16,8,1358,2021-08-30,0
2020-06-17,17,1375,2021-08-30,0
2020-06-18,9,1384,2021-08-30,0
2020-06-19,8,1392,2021-08-30,0
2020-06-20,12,1404,2021-08-30,0
2020-06-21,11,1415,2021-08-30,0
2020-06-22,6,1421,2021-08-30,0
2020-06-23,10,1431,2021-08-30,0
2020-06-24,1,1432,2021-08-30,0
2020-06-25,9,1441,2021-08-30,0
2020-06-26,6,1447,2021-08-30,0
2020-06-27,5,1452,2021-08-30,0
2020-06-28,11,1463,2021-08-30,0
2020-06-29,7,1470,2021-08-30,0
2020-06-30,9,1479,2021-08-30,0
2020-07-01,2,1481,2021-08-30,0
2020-07-02,3,1484,2021-08-30,0
2020-07-03,5,1489,2021-08-30,0
2020-07-04,4,1493,2021-08-30,0
2020-07-05,6,1499,2021-08-30,0
2020-07-06,4,1503,2021-08-30,0
2020-07-07,2,1505,2021-08-30,0
2020-07-08,9,1514,2021-08-30,0
2020-07-09,4,1518,2021-08-30,0
2020-07-10,3,1521,2021-08-30,0
2020-07-11,4,1525,2021-08-30,0
2020-07-12,6,1531,2021-08-30,0
2020-07-13,2,1533,2021-08-30,0
2020-07-14,6,1539,2021-08-30,0
2020-07-15,7,1546,2021-08-30,0
2020-07-16,3,1549,2021-08-30,0
2020-07-17,7,1556,2021-08-30,0
2020-07-18,6,1562,2021-08-30,0
2020-07-19,5,1567,2021-08-30,0
2020-07-20,3,1570,2021-08-30,0
2020-07-21,6,1576,2021-08-30,0
2020-07-22,5,1581,2021-08-30,0
2020-07-23,8,1589,2021-08-30,0
2020-07-24,6,1595,2021-08-30,0
2020-07-25,2,1597,2021-08-30,0
2020-07-26,5,1602,2021-08-30,0
2020-07-27,5,1607,2021-08-30,0
2020-07-28,7,1614,2021-08-30,0
2020-07-29,3,1617,2021-08-30,0
2020-07-30,6,1623,2021-08-30,0
2020-07-31,9,1632,2021-08-30,0
2020-08-01,4,1636,2021-08-30,0
2020-08-02,7,1643,2021-08-30,0
2020-08-03,4,1647,2021-08-30,0
2020-08-04,7,1654,2021-08-30,0
2020-08-05,8,1662,2021-08-30,0
2020-08-06,9,1671,2021-08-30,0
2020-08-07,7,1678,2021-08-30,0
2020-08-08,6,1684,2021-08-30,0
2020-08-09,10,1694,2021-08-30,0
2020-08-10,3,1697,2021-08-30,0
2020-08-11,9,1706,2021-08-30,0
2020-08-12,7,1713,2021-08-30,0
2020-08-13,5,1718,2021-08-30,0
2020-08-14,9,1727,2021-08-30,0
2020-08-15,13,1740,2021-08-30,0
2020-08-16,13,1753,2021-08-30,0
2020-08-17,6,1759,2021-08-30,0
2020-08-18,11,1770,2021-08-30,0
2020-08-19,3,1773,2021-08-30,0
2020-08-20,10,1783,2021-08-30,0
2020-08-21,12,1795,2021-08-30,0
2020-08-22,9,1804,2021-08-30,0
2020-08-23,7,1811,2021-08-30,0
2020-08-24,9,1820,2021-08-30,0
2020-08-25,4,1824,2021-08-30,0
2020-08-26,3,1827,2021-08-30,0
2020-08-27,7,1834,2021-08-30,0
2020-08-28,6,1840,2021-08-30,0
2020-08-29,3,1843,2021-08-30,0
2020-08-30,5,1848,2021-08-30,0
2020-08-31,9,1857,2021-08-30,0
2020-09-01,2,1859,2021-08-30,0
2020-09-02,7,1866,2021-08-30,0
2020-09-03,12,1878,2021-08-30,0
2020-09-04,4,1882,2021-08-30,0
2020-09-05,6,1888,2021-08-30,0
2020-09-06,12,1900,2021-08-30,0
2020-09-07,3,1903,2021-08-30,0
2020-09-08,6,1909,2021-08-30,0
2020-09-09,10,1919,2021-08-30,0
2020-09-10,9,1928,2021-08-30,0
2020-09-11,11,1939,2021-08-30,0
2020-09-12,8,1947,2021-08-30,0
2020-09-13,8,1955,2021-08-30,0
2020-09-14,2,1957,2021-08-30,0
2020-09-15,6,1963,2021-08-30,0
2020-09-16,9,1972,2021-08-30,0
2020-09-17,5,1977,2021-08-30,0
2020-09-18,6,1983,2021-08-30,0
2020-09-19,4,1987,2021-08-30,0
2020-09-20,9,1996,2021-08-30,0
2020-09-21,7,2003,2021-08-30,0
2020-09-22,8,2011,2021-08-30,0
2020-09-23,9,2020,2021-08-30,0
2020-09-24,7,2027,2021-08-30,0
2020-09-25,11,2038,2021-08-30,0
2020-09-26,9,2047,2021-08-30,0
2020-09-27,14,2061,2021-08-30,0
2020-09-28,11,2072,2021-08-30,0
2020-09-29,5,2077,2021-08-30,0
2020-09-30,16,2093,2021-08-30,0
2020-10-01,7,2100,2021-08-30,0
2020-10-02,13,2113,2021-08-30,0
2020-10-03,9,2122,2021-08-30,0
2020-10-04,7,2129,2021-08-30,0
2020-10-05,10,2139,2021-08-30,0
2020-10-06,12,2151,2021-08-30,0
2020-10-07,19,2170,2021-08-30,0
2020-10-08,9,2179,2021-08-30,0
2020-10-09,17,2196,2021-08-30,0
2020-10-10,16,2212,2021-08-30,0
2020-10-11,16,2228,2021-08-30,0
2020-10-12,20,2248,2021-08-30,0
2020-10-13,14,2262,2021-08-30,0
2020-10-14,10,2272,2021-08-30,0
2020-10-15,9,2281,2021-08-30,0
2020-10-16,12,2293,2021-08-30,0
2020-10-17,18,2311,2021-08-30,0
2020-10-18,25,2336,2021-08-30,0
2020-10-19,18,2354,2021-08-30,0
2020-10-20,15,2369,2021-08-30,0
2020-10-21,24,2393,2021-08-30,0
2020-10-22,18,2411,2021-08-30,0
2020-10-23,19,2430,2021-08-30,0
2020-10-24,8,2438,2021-08-30,0
2020-10-25,17,2455,2021-08-30,0
2020-10-26,25,2480,2021-08-30,0
2020-10-27,23,2503,2021-08-30,0
2020-10-28,29,2532,2021-08-30,0
2020-10-29,18,2550,2021-08-30,0
2020-10-30,27,2577,2021-08-30,0
2020-10-31,25,2602,2021-08-30,0
2020-11-01,21,2623,2021-08-30,0
2020-11-02,25,2648,2021-08-30,0
2020-11-03,25,2673,2021-08-30,0
2020-11-04,33,2706,2021-08-30,0
2020-11-05,37,2743,2021-08-30,0
2020-11-06,39,2782,2021-08-30,0
2020-11-07,42,2824,2021-08-30,0
2020-11-08,47,2871,2021-08-30,0
2020-11-09,36,2907,2021-08-30,0
2020-11-10,35,2942,2021-08-30,0
2020-11-11,43,2985,2021-08-30,0
2020-11-12,45,3030,2021-08-30,0
2020-11-13,40,3070,2021-08-30,0
2020-11-14,47,3117,2021-08-30,0
2020-11-15,46,3163,2021-08-30,0
2020-11-16,62,3225,2021-08-30,0
2020-11-17,56,3281,2021-08-30,0
2020-11-18,61,3342,2021-08-30,0
2020-11-19,60,3402,2021-08-30,0
2020-11-20,63,3465,2021-08-30,0
2020-11-21,58,3523,2021-08-30,0
2020-11-22,67,3590,2021-08-30,0
2020-11-23,59,3649,2021-08-30,0
2020-11-24,68,3717,2021-08-30,0
2020-11-25,72,3789,2021-08-30,0
2020-11-26,54,3843,2021-08-30,0
2020-11-27,69,3912,2021-08-30,0
2020-11-28,60,3972,2021-08-30,0
2020-11-29,68,4040,2021-08-30,0
2020-11-30,60,4100,2021-08-30,0
2020-12-01,63,4163,2021-08-30,0
2020-12-02,73,4236,2021-08-30,0
2020-12-03,86,4322,2021-08-30,0
2020-12-04,67,4389,2021-08-30,0
2020-12-05,74,4463,2021-08-30,0
2020-12-06,80,4543,2021-08-30,0
2020-12-07,75,4618,2021-08-30,0
2020-12-08,61,4679,2021-08-30,0
2020-12-09,71,4750,2021-08-30,0
2020-12-10,71,4821,2021-08-30,0
2020-12-11,70,4891,2021-08-30,0
2020-12-12,71,4962,2021-08-30,0
2020-12-13,55,5017,2021-08-30,0
2020-12-14,43,5060,2021-08-30,0
2020-12-15,65,5125,2021-08-30,0
2020-12-16,70,5195,2021-08-30,0
2020-12-17,60,5255,2021-08-30,0
2020-12-18,59,5314,2021-08-30,0
2020-12-19,56,5370,2021-08-30,0
2020-12-20,59,5429,2021-08-30,0
2020-12-21,58,5487,2021-08-30,0
2020-12-22,33,5520,2021-08-30,0
2020-12-23,44,5564,2021-08-30,0
2020-12-24,50,5614,2021-08-30,0
2020-12-25,36,5650,2021-08-30,0
2020-12-26,43,5693,2021-08-30,0
2020-12-27,41,5734,2021-08-30,0
2020-12-28,33,5767,2021-08-30,0
2020-12-29,36,5803,2021-08-30,0
2020-12-30,47,5850,2021-08-30,0
2020-12-31,36,5886,2021-08-30,0
2021-01-01,28,5914,2021-08-30,0
2021-01-02,46,5960,2021-08-30,0
2021-01-03,36,5996,2021-08-30,0
2021-01-04,31,6027,2021-08-30,0
2021-01-05,40,6067,2021-08-30,0
2021-01-06,32,6099,2021-08-30,0
2021-01-07,37,6136,2021-08-30,0
2021-01-08,32,6168,2021-08-30,0
2021-01-09,25,6193,2021-08-30,0
2021-01-10,29,6222,2021-08-30,0
2021-01-11,26,6248,2021-08-30,0
2021-01-12,32,6280,2021-08-30,0
2021-01-13,23,6303,2021-08-30,0
2021-01-14,41,6344,2021-08-30,0
2021-01-15,26,6370,2021-08-30,0
2021-01-16,28,6398,2021-08-30,0
2021-01-17,21,6419,2021-08-30,0
2021-01-18,19,6438,2021-08-30,0
2021-01-19,14,6452,2021-08-30,0
2021-01-20,26,6478,2021-08-30,0
2021-01-21,16,6494,2021-08-30,0
2021-01-22,13,6507,2021-08-30,0
2021-01-23,17,6524,2021-08-30,0
2021-01-24,24,6548,2021-08-30,0
2021-01-25,17,6565,2021-08-30,0
2021-01-26,21,6586,2021-08-30,0
2021-01-27,11,6597,2021-08-30,0
2021-01-28,12,6609,2021-08-30,0
2021-01-29,15,6624,2021-08-30,0
2021-01-30,13,6637,2021-08-30,0
2021-01-31,16,6653,2021-08-30,0
2021-02-01,17,6670,2021-08-30,0
2021-02-02,10,6680,2021-08-30,0
2021-02-03,11,6691,2021-08-30,0
2021-02-04,11,6702,2021-08-30,0
2021-02-05,10,6712,2021-08-30,0
2021-02-06,12,6724,2021-08-30,0
2021-02-07,19,6743,2021-08-30,0
2021-02-08,11,6754,2021-08-30,0
2021-02-09,14,6768,2021-08-30,0
2021-02-10,13,6781,2021-08-30,0
2021-02-11,7,6788,2021-08-30,0
2021-02-12,12,6800,2021-08-30,0
2021-02-13,8,6808,2021-08-30,0
2021-02-14,9,6817,2021-08-30,0
2021-02-15,9,6826,2021-08-30,0
2021-02-16,12,6838,2021-08-30,0
2021-02-17,10,6848,2021-08-30,0
2021-02-18,7,6855,2021-08-30,0
2021-02-19,6,6861,2021-08-30,0
2021-02-20,7,6868,2021-08-30,0
2021-02-21,4,6872,2021-08-30,0
2021-02-22,5,6877,2021-08-30,0
2021-02-23,9,6886,2021-08-30,0
2021-02-24,4,6890,2021-08-30,0
2021-02-25,5,6895,2021-08-30,0
2021-02-26,7,6902,2021-08-30,0
2021-02-27,6,6908,2021-08-30,0
2021-02-28,8,6916,2021-08-30,0
2021-03-01,7,6923,2021-08-30,0
2021-03-02,2,6925,2021-08-30,0
2021-03-03,10,6935,2021-08-30,0
2021-03-04,6,6941,2021-08-30,0
2021-03-05,10,6951,2021-08-30,0
2021-03-06,5,6956,2021-08-30,0
2021-03-07,9,6965,2021-08-30,0
2021-03-08,5,6970,2021-08-30,0
2021-03-09,7,6977,2021-08-30,0
2021-03-10,5,6982,2021-08-30,0
2021-03-11,4,6986,2021-08-30,0
2021-03-12,11,6997,2021-08-30,0
2021-03-13,5,7002,2021-08-30,0
2021-03-14,4,7006,2021-08-30,0
2021-03-15,2,7008,2021-08-30,0
2021-03-16,5,7013,2021-08-30,0
2021-03-17,4,7017,2021-08-30,0
2021-03-18,5,7022,2021-08-30,0
2021-03-19,5,7027,2021-08-30,0
2021-03-20,9,7036,2021-08-30,0
2021-03-21,5,7041,2021-08-30,0
2021-03-22,4,7045,2021-08-30,0
2021-03-23,5,7050,2021-08-30,0
2021-03-24,1,7051,2021-08-30,0
2021-03-25,5,7056,2021-08-30,0
2021-03-26,3,7059,2021-08-30,0
2021-03-27,7,7066,2021-08-30,0
2021-03-28,6,7072,2021-08-30,0
2021-03-29,5,7077,2021-08-30,0
2021-03-30,6,7083,2021-08-30,0
2021-03-31,8,7091,2021-08-30,0
2021-04-01,6,7097,2021-08-30,0
2021-04-02,9,7106,2021-08-30,0
2021-04-03,8,7114,2021-08-30,0
2021-04-04,6,7120,2021-08-30,0
2021-04-05,8,7128,2021-08-30,0
2021-04-06,6,7134,2021-08-30,0
2021-04-07,6,7140,2021-08-30,0
2021-04-08,10,7150,2021-08-30,0
2021-04-09,6,7156,2021-08-30,0
2021-04-10,7,7163,2021-08-30,0
2021-04-11,8,7171,2021-08-30,0
2021-04-12,10,7181,2021-08-30,0
2021-04-13,6,7187,2021-08-30,0
2021-04-14,8,7195,2021-08-30,0
2021-04-15,14,7209,2021-08-30,0
2021-04-16,8,7217,2021-08-30,0
2021-04-17,8,7225,2021-08-30,0
2021-04-18,8,7233,2021-08-30,0
2021-04-19,10,7243,2021-08-30,0
2021-04-20,5,7248,2021-08-30,0
2021-04-21,8,7256,2021-08-30,0
2021-04-22,1,7257,2021-08-30,0
2021-04-23,15,7272,2021-08-30,0
2021-04-24,11,7283,2021-08-30,0
2021-04-25,15,7298,2021-08-30,0
2021-04-26,14,7312,2021-08-30,0
2021-04-27,7,7319,2021-08-30,0
2021-04-28,14,7333,2021-08-30,0
2021-04-29,8,7341,2021-08-30,0
2021-04-30,11,7352,2021-08-30,0
2021-05-01,7,7359,2021-08-30,0
2021-05-02,8,7367,2021-08-30,0
2021-05-03,5,7372,2021-08-30,0
2021-05-04,13,7385,2021-08-30,0
2021-05-05,8,7393,2021-08-30,0
2021-05-06,5,7398,2021-08-30,0
2021-05-07,8,7406,2021-08-30,0
2021-05-08,7,7413,2021-08-30,0
2021-05-09,9,7422,2021-08-30,0
2021-05-10,8,7430,2021-08-30,0
2021-05-11,6,7436,2021-08-30,0
2021-05-12,9,7445,2021-08-30,0
2021-05-13,9,7454,2021-08-30,0
2021-05-14,11,7465,2021-08-30,0
2021-05-15,9,7474,2021-08-30,0
2021-05-16,5,7479,2021-08-30,0
2021-05-17,5,7484,2021-08-30,0
2021-05-18,7,7491,2021-08-30,0
2021-05-19,2,7493,2021-08-30,0
2021-05-20,5,7498,2021-08-30,0
2021-05-21,7,7505,2021-08-30,0
2021-05-22,10,7515,2021-08-30,0
2021-05-23,5,7520,2021-08-30,0
2021-05-24,5,7525,2021-08-30,0
2021-05-25,6,7531,2021-08-30,0
2021-05-26,3,7534,2021-08-30,0
2021-05-27,7,7541,2021-08-30,0
2021-05-28,2,7543,2021-08-30,0
2021-05-29,6,7549,2021-08-30,0
2021-05-30,4,7553,2021-08-30,0
2021-05-31,3,7556,2021-08-30,0
2021-06-01,5,7561,2021-08-30,0
2021-06-02,8,7569,2021-08-30,0
2021-06-03,4,7573,2021-08-30,0
2021-06-04,4,7577,2021-08-30,0
2021-06-05,1,7578,2021-08-30,0
2021-06-06,5,7583,2021-08-30,0
2021-06-07,3,7586,2021-08-30,0
2021-06-08,5,7591,2021-08-30,0
2021-06-09,4,7595,2021-08-30,0
2021-06-10,6,7601,2021-08-30,0
2021-06-11,6,7607,2021-08-30,0
2021-06-12,4,7611,2021-08-30,0
2021-06-13,4,7615,2021-08-30,0
2021-06-14,3,7618,2021-08-30,0
2021-06-15,2,7620,2021-08-30,0
2021-06-16,2,7622,2021-08-30,0
2021-06-17,4,7626,2021-08-30,0
2021-06-18,1,7627,2021-08-30,0
2021-06-19,6,7633,2021-08-30,0
2021-06-20,1,7634,2021-08-30,0
2021-06-21,5,7639,2021-08-30,0
2021-06-22,3,7642,2021-08-30,0
2021-06-23,4,7646,2021-08-30,0
2021-06-24,3,7649,2021-08-30,0
2021-06-25,3,7652,2021-08-30,0
2021-06-26,4,7656,2021-08-30,0
2021-06-27,2,7658,2021-08-30,0
2021-06-28,2,7660,2021-08-30,0
2021-06-29,2,7662,2021-08-30,0
2021-06-30,2,7664,2021-08-30,0
2021-07-01,0,7664,2021-08-30,0
2021-07-02,2,7666,2021-08-30,0
2021-07-03,2,7668,2021-08-30,0
2021-07-04,3,7671,2021-08-30,0
2021-07-05,1,7672,2021-08-30,0
2021-07-06,4,7676,2021-08-30,0
2021-07-07,1,7677,2021-08-30,0
2021-07-08,1,7678,2021-08-30,0
2021-07-09,0,7678,2021-08-30,0
2021-07-10,1,7679,2021-08-30,0
2021-07-11,2,7681,2021-08-30,0
2021-07-12,1,7682,2021-08-30,0
2021-07-13,2,7684,2021-08-30,0
2021-07-14,2,7686,2021-08-30,0
2021-07-15,2,7688,2021-08-30,0
2021-07-16,1,7689,2021-08-30,0
2021-07-17,1,7690,2021-08-30,0
2021-07-18,0,7690,2021-08-30,0
2021-07-19,0,7690,2021-08-30,0
2021-07-20,2,7692,2021-08-30,0
2021-07-21,2,7694,2021-08-30,0
2021-07-22,2,7696,2021-08-30,0
2021-07-23,3,7699,2021-08-30,0
2021-07-24,0,7699,2021-08-30,0
2021-07-25,2,7701,2021-08-30,0
2021-07-26,1,7702,2021-08-30,0
2021-07-27,2,7704,2021-08-30,0
2021-07-28,3,7707,2021-08-30,0
2021-07-29,2,7709,2021-08-30,0
2021-07-30,5,7714,2021-08-30,0
2021-07-31,3,7717,2021-08-30,0
2021-08-01,1,7718,2021-08-30,0
2021-08-02,3,7721,2021-08-30,0
2021-08-03,2,7723,2021-08-30,0
2021-08-04,3,7726,2021-08-30,0
2021-08-05,2,7728,2021-08-30,0
2021-08-06,7,7735,2021-08-30,0
2021-08-07,3,7738,2021-08-30,0
2021-08-08,1,7739,2021-08-30,0
2021-08-09,3,7742,2021-08-30,0
2021-08-10,2,7744,2021-08-30,0
2021-08-11,2,7746,2021-08-30,0
2021-08-12,7,7753,2021-08-30,0
2021-08-13,5,7758,2021-08-30,0
2021-08-14,5,7763,2021-08-30,0
2021-08-15,0,7763,2021-08-30,0
2021-08-16,6,7769,2021-08-30,0
2021-08-17,7,7776,2021-08-30,0
2021-08-18,6,7782,2021-08-30,0
2021-08-19,2,7784,2021-08-30,0
2021-08-20,3,7787,2021-08-30,0
2021-08-21,5,7792,2021-08-30,1
2021-08-22,6,7798,2021-08-30,1
2021-08-23,2,7800,2021-08-30,2
2021-08-24,4,7804,2021-08-30,1
2021-08-25,1,7805,2021-08-30,1
NA,0,7805,2021-08-30,0
2020-03-19,1,1,2021-08-31,0
2020-03-20,0,1,2021-08-31,0
2020-03-21,0,1,2021-08-31,0
2020-03-22,0,1,2021-08-31,0
2020-03-23,0,1,2021-08-31,0
2020-03-24,1,2,2021-08-31,0
2020-03-25,1,3,2021-08-31,0
2020-03-26,1,4,2021-08-31,0
2020-03-27,5,9,2021-08-31,0
2020-03-28,3,12,2021-08-31,0
2020-03-29,0,12,2021-08-31,0
2020-03-30,5,17,2021-08-31,0
2020-03-31,2,19,2021-08-31,0
2020-04-01,5,24,2021-08-31,0
2020-04-02,3,27,2021-08-31,0
2020-04-03,1,28,2021-08-31,0
2020-04-04,5,33,2021-08-31,0
2020-04-05,5,38,2021-08-31,0
2020-04-06,10,48,2021-08-31,0
2020-04-07,6,54,2021-08-31,0
2020-04-08,7,61,2021-08-31,0
2020-04-09,8,69,2021-08-31,0
2020-04-10,6,75,2021-08-31,0
2020-04-11,4,79,2021-08-31,0
2020-04-12,4,83,2021-08-31,0
2020-04-13,10,93,2021-08-31,0
2020-04-14,6,99,2021-08-31,0
2020-04-15,17,116,2021-08-31,0
2020-04-16,10,126,2021-08-31,0
2020-04-17,17,143,2021-08-31,0
2020-04-18,17,160,2021-08-31,0
2020-04-19,16,176,2021-08-31,0
2020-04-20,21,197,2021-08-31,0
2020-04-21,26,223,2021-08-31,0
2020-04-22,21,244,2021-08-31,0
2020-04-23,19,263,2021-08-31,0
2020-04-24,23,286,2021-08-31,0
2020-04-25,18,304,2021-08-31,0
2020-04-26,17,321,2021-08-31,0
2020-04-27,21,342,2021-08-31,0
2020-04-28,16,358,2021-08-31,0
2020-04-29,29,387,2021-08-31,0
2020-04-30,18,405,2021-08-31,0
2020-05-01,30,435,2021-08-31,0
2020-05-02,19,454,2021-08-31,0
2020-05-03,29,483,2021-08-31,0
2020-05-04,23,506,2021-08-31,0
2020-05-05,19,525,2021-08-31,0
2020-05-06,25,550,2021-08-31,0
2020-05-07,30,580,2021-08-31,0
2020-05-08,20,600,2021-08-31,0
2020-05-09,26,626,2021-08-31,0
2020-05-10,19,645,2021-08-31,0
2020-05-11,25,670,2021-08-31,0
2020-05-12,20,690,2021-08-31,0
2020-05-13,22,712,2021-08-31,0
2020-05-14,20,732,2021-08-31,0
2020-05-15,20,752,2021-08-31,0
2020-05-16,20,772,2021-08-31,0
2020-05-17,23,795,2021-08-31,0
2020-05-18,18,813,2021-08-31,0
2020-05-19,35,848,2021-08-31,0
2020-05-20,24,872,2021-08-31,0
2020-05-21,17,889,2021-08-31,0
2020-05-22,20,909,2021-08-31,0
2020-05-23,26,935,2021-08-31,0
2020-05-24,25,960,2021-08-31,0
2020-05-25,30,990,2021-08-31,0
2020-05-26,29,1019,2021-08-31,0
2020-05-27,25,1044,2021-08-31,0
2020-05-28,21,1065,2021-08-31,0
2020-05-29,17,1082,2021-08-31,0
2020-05-30,11,1093,2021-08-31,0
2020-05-31,20,1113,2021-08-31,0
2020-06-01,23,1136,2021-08-31,0
2020-06-02,21,1157,2021-08-31,0
2020-06-03,25,1182,2021-08-31,0
2020-06-04,26,1208,2021-08-31,0
2020-06-05,18,1226,2021-08-31,0
2020-06-06,12,1238,2021-08-31,0
2020-06-07,22,1260,2021-08-31,0
2020-06-08,12,1272,2021-08-31,0
2020-06-09,13,1285,2021-08-31,0
2020-06-10,10,1295,2021-08-31,0
2020-06-11,12,1307,2021-08-31,0
2020-06-12,11,1318,2021-08-31,0
2020-06-13,13,1331,2021-08-31,0
2020-06-14,11,1342,2021-08-31,0
2020-06-15,8,1350,2021-08-31,0
2020-06-16,8,1358,2021-08-31,0
2020-06-17,17,1375,2021-08-31,0
2020-06-18,9,1384,2021-08-31,0
2020-06-19,8,1392,2021-08-31,0
2020-06-20,12,1404,2021-08-31,0
2020-06-21,11,1415,2021-08-31,0
2020-06-22,6,1421,2021-08-31,0
2020-06-23,10,1431,2021-08-31,0
2020-06-24,1,1432,2021-08-31,0
2020-06-25,9,1441,2021-08-31,0
2020-06-26,6,1447,2021-08-31,0
2020-06-27,5,1452,2021-08-31,0
2020-06-28,11,1463,2021-08-31,0
2020-06-29,7,1470,2021-08-31,0
2020-06-30,9,1479,2021-08-31,0
2020-07-01,2,1481,2021-08-31,0
2020-07-02,3,1484,2021-08-31,0
2020-07-03,5,1489,2021-08-31,0
2020-07-04,4,1493,2021-08-31,0
2020-07-05,6,1499,2021-08-31,0
2020-07-06,4,1503,2021-08-31,0
2020-07-07,2,1505,2021-08-31,0
2020-07-08,9,1514,2021-08-31,0
2020-07-09,4,1518,2021-08-31,0
2020-07-10,3,1521,2021-08-31,0
2020-07-11,4,1525,2021-08-31,0
2020-07-12,6,1531,2021-08-31,0
2020-07-13,2,1533,2021-08-31,0
2020-07-14,6,1539,2021-08-31,0
2020-07-15,7,1546,2021-08-31,0
2020-07-16,3,1549,2021-08-31,0
2020-07-17,7,1556,2021-08-31,0
2020-07-18,6,1562,2021-08-31,0
2020-07-19,5,1567,2021-08-31,0
2020-07-20,3,1570,2021-08-31,0
2020-07-21,6,1576,2021-08-31,0
2020-07-22,5,1581,2021-08-31,0
2020-07-23,8,1589,2021-08-31,0
2020-07-24,6,1595,2021-08-31,0
2020-07-25,2,1597,2021-08-31,0
2020-07-26,5,1602,2021-08-31,0
2020-07-27,5,1607,2021-08-31,0
2020-07-28,7,1614,2021-08-31,0
2020-07-29,3,1617,2021-08-31,0
2020-07-30,6,1623,2021-08-31,0
2020-07-31,9,1632,2021-08-31,0
2020-08-01,4,1636,2021-08-31,0
2020-08-02,7,1643,2021-08-31,0
2020-08-03,4,1647,2021-08-31,0
2020-08-04,7,1654,2021-08-31,0
2020-08-05,8,1662,2021-08-31,0
2020-08-06,9,1671,2021-08-31,0
2020-08-07,7,1678,2021-08-31,0
2020-08-08,6,1684,2021-08-31,0
2020-08-09,10,1694,2021-08-31,0
2020-08-10,3,1697,2021-08-31,0
2020-08-11,9,1706,2021-08-31,0
2020-08-12,7,1713,2021-08-31,0
2020-08-13,5,1718,2021-08-31,0
2020-08-14,9,1727,2021-08-31,0
2020-08-15,13,1740,2021-08-31,0
2020-08-16,13,1753,2021-08-31,0
2020-08-17,6,1759,2021-08-31,0
2020-08-18,11,1770,2021-08-31,0
2020-08-19,3,1773,2021-08-31,0
2020-08-20,10,1783,2021-08-31,0
2020-08-21,12,1795,2021-08-31,0
2020-08-22,9,1804,2021-08-31,0
2020-08-23,7,1811,2021-08-31,0
2020-08-24,9,1820,2021-08-31,0
2020-08-25,4,1824,2021-08-31,0
2020-08-26,3,1827,2021-08-31,0
2020-08-27,7,1834,2021-08-31,0
2020-08-28,6,1840,2021-08-31,0
2020-08-29,3,1843,2021-08-31,0
2020-08-30,5,1848,2021-08-31,0
2020-08-31,9,1857,2021-08-31,0
2020-09-01,2,1859,2021-08-31,0
2020-09-02,7,1866,2021-08-31,0
2020-09-03,12,1878,2021-08-31,0
2020-09-04,4,1882,2021-08-31,0
2020-09-05,6,1888,2021-08-31,0
2020-09-06,12,1900,2021-08-31,0
2020-09-07,3,1903,2021-08-31,0
2020-09-08,6,1909,2021-08-31,0
2020-09-09,10,1919,2021-08-31,0
2020-09-10,9,1928,2021-08-31,0
2020-09-11,11,1939,2021-08-31,0
2020-09-12,8,1947,2021-08-31,0
2020-09-13,8,1955,2021-08-31,0
2020-09-14,2,1957,2021-08-31,0
2020-09-15,6,1963,2021-08-31,0
2020-09-16,9,1972,2021-08-31,0
2020-09-17,5,1977,2021-08-31,0
2020-09-18,6,1983,2021-08-31,0
2020-09-19,4,1987,2021-08-31,0
2020-09-20,9,1996,2021-08-31,0
2020-09-21,7,2003,2021-08-31,0
2020-09-22,8,2011,2021-08-31,0
2020-09-23,9,2020,2021-08-31,0
2020-09-24,7,2027,2021-08-31,0
2020-09-25,11,2038,2021-08-31,0
2020-09-26,9,2047,2021-08-31,0
2020-09-27,14,2061,2021-08-31,0
2020-09-28,11,2072,2021-08-31,0
2020-09-29,5,2077,2021-08-31,0
2020-09-30,16,2093,2021-08-31,0
2020-10-01,7,2100,2021-08-31,0
2020-10-02,13,2113,2021-08-31,0
2020-10-03,9,2122,2021-08-31,0
2020-10-04,7,2129,2021-08-31,0
2020-10-05,10,2139,2021-08-31,0
2020-10-06,12,2151,2021-08-31,0
2020-10-07,19,2170,2021-08-31,0
2020-10-08,9,2179,2021-08-31,0
2020-10-09,17,2196,2021-08-31,0
2020-10-10,16,2212,2021-08-31,0
2020-10-11,16,2228,2021-08-31,0
2020-10-12,20,2248,2021-08-31,0
2020-10-13,14,2262,2021-08-31,0
2020-10-14,10,2272,2021-08-31,0
2020-10-15,9,2281,2021-08-31,0
2020-10-16,12,2293,2021-08-31,0
2020-10-17,18,2311,2021-08-31,0
2020-10-18,25,2336,2021-08-31,0
2020-10-19,18,2354,2021-08-31,0
2020-10-20,15,2369,2021-08-31,0
2020-10-21,24,2393,2021-08-31,0
2020-10-22,18,2411,2021-08-31,0
2020-10-23,19,2430,2021-08-31,0
2020-10-24,8,2438,2021-08-31,0
2020-10-25,17,2455,2021-08-31,0
2020-10-26,25,2480,2021-08-31,0
2020-10-27,23,2503,2021-08-31,0
2020-10-28,29,2532,2021-08-31,0
2020-10-29,18,2550,2021-08-31,0
2020-10-30,27,2577,2021-08-31,0
2020-10-31,25,2602,2021-08-31,0
2020-11-01,21,2623,2021-08-31,0
2020-11-02,25,2648,2021-08-31,0
2020-11-03,25,2673,2021-08-31,0
2020-11-04,33,2706,2021-08-31,0
2020-11-05,37,2743,2021-08-31,0
2020-11-06,39,2782,2021-08-31,0
2020-11-07,42,2824,2021-08-31,0
2020-11-08,47,2871,2021-08-31,0
2020-11-09,36,2907,2021-08-31,0
2020-11-10,35,2942,2021-08-31,0
2020-11-11,43,2985,2021-08-31,0
2020-11-12,45,3030,2021-08-31,0
2020-11-13,40,3070,2021-08-31,0
2020-11-14,47,3117,2021-08-31,0
2020-11-15,46,3163,2021-08-31,0
2020-11-16,62,3225,2021-08-31,0
2020-11-17,56,3281,2021-08-31,0
2020-11-18,61,3342,2021-08-31,0
2020-11-19,60,3402,2021-08-31,0
2020-11-20,63,3465,2021-08-31,0
2020-11-21,58,3523,2021-08-31,0
2020-11-22,67,3590,2021-08-31,0
2020-11-23,59,3649,2021-08-31,0
2020-11-24,68,3717,2021-08-31,0
2020-11-25,72,3789,2021-08-31,0
2020-11-26,54,3843,2021-08-31,0
2020-11-27,69,3912,2021-08-31,0
2020-11-28,60,3972,2021-08-31,0
2020-11-29,68,4040,2021-08-31,0
2020-11-30,60,4100,2021-08-31,0
2020-12-01,63,4163,2021-08-31,0
2020-12-02,73,4236,2021-08-31,0
2020-12-03,86,4322,2021-08-31,0
2020-12-04,67,4389,2021-08-31,0
2020-12-05,74,4463,2021-08-31,0
2020-12-06,80,4543,2021-08-31,0
2020-12-07,75,4618,2021-08-31,0
2020-12-08,61,4679,2021-08-31,0
2020-12-09,71,4750,2021-08-31,0
2020-12-10,71,4821,2021-08-31,0
2020-12-11,70,4891,2021-08-31,0
2020-12-12,71,4962,2021-08-31,0
2020-12-13,55,5017,2021-08-31,0
2020-12-14,43,5060,2021-08-31,0
2020-12-15,65,5125,2021-08-31,0
2020-12-16,70,5195,2021-08-31,0
2020-12-17,60,5255,2021-08-31,0
2020-12-18,59,5314,2021-08-31,0
2020-12-19,56,5370,2021-08-31,0
2020-12-20,59,5429,2021-08-31,0
2020-12-21,58,5487,2021-08-31,0
2020-12-22,33,5520,2021-08-31,0
2020-12-23,44,5564,2021-08-31,0
2020-12-24,50,5614,2021-08-31,0
2020-12-25,36,5650,2021-08-31,0
2020-12-26,43,5693,2021-08-31,0
2020-12-27,41,5734,2021-08-31,0
2020-12-28,33,5767,2021-08-31,0
2020-12-29,36,5803,2021-08-31,0
2020-12-30,47,5850,2021-08-31,0
2020-12-31,36,5886,2021-08-31,0
2021-01-01,28,5914,2021-08-31,0
2021-01-02,46,5960,2021-08-31,0
2021-01-03,36,5996,2021-08-31,0
2021-01-04,31,6027,2021-08-31,0
2021-01-05,40,6067,2021-08-31,0
2021-01-06,32,6099,2021-08-31,0
2021-01-07,37,6136,2021-08-31,0
2021-01-08,32,6168,2021-08-31,0
2021-01-09,25,6193,2021-08-31,0
2021-01-10,29,6222,2021-08-31,0
2021-01-11,26,6248,2021-08-31,0
2021-01-12,32,6280,2021-08-31,0
2021-01-13,23,6303,2021-08-31,0
2021-01-14,41,6344,2021-08-31,0
2021-01-15,26,6370,2021-08-31,0
2021-01-16,28,6398,2021-08-31,0
2021-01-17,21,6419,2021-08-31,0
2021-01-18,19,6438,2021-08-31,0
2021-01-19,14,6452,2021-08-31,0
2021-01-20,26,6478,2021-08-31,0
2021-01-21,16,6494,2021-08-31,0
2021-01-22,13,6507,2021-08-31,0
2021-01-23,17,6524,2021-08-31,0
2021-01-24,24,6548,2021-08-31,0
2021-01-25,17,6565,2021-08-31,0
2021-01-26,21,6586,2021-08-31,0
2021-01-27,11,6597,2021-08-31,0
2021-01-28,12,6609,2021-08-31,0
2021-01-29,15,6624,2021-08-31,0
2021-01-30,13,6637,2021-08-31,0
2021-01-31,16,6653,2021-08-31,0
2021-02-01,17,6670,2021-08-31,0
2021-02-02,10,6680,2021-08-31,0
2021-02-03,11,6691,2021-08-31,0
2021-02-04,11,6702,2021-08-31,0
2021-02-05,10,6712,2021-08-31,0
2021-02-06,12,6724,2021-08-31,0
2021-02-07,19,6743,2021-08-31,0
2021-02-08,11,6754,2021-08-31,0
2021-02-09,14,6768,2021-08-31,0
2021-02-10,13,6781,2021-08-31,0
2021-02-11,7,6788,2021-08-31,0
2021-02-12,12,6800,2021-08-31,0
2021-02-13,8,6808,2021-08-31,0
2021-02-14,9,6817,2021-08-31,0
2021-02-15,9,6826,2021-08-31,0
2021-02-16,12,6838,2021-08-31,0
2021-02-17,10,6848,2021-08-31,0
2021-02-18,7,6855,2021-08-31,0
2021-02-19,6,6861,2021-08-31,0
2021-02-20,7,6868,2021-08-31,0
2021-02-21,4,6872,2021-08-31,0
2021-02-22,5,6877,2021-08-31,0
2021-02-23,9,6886,2021-08-31,0
2021-02-24,4,6890,2021-08-31,0
2021-02-25,5,6895,2021-08-31,0
2021-02-26,7,6902,2021-08-31,0
2021-02-27,6,6908,2021-08-31,0
2021-02-28,8,6916,2021-08-31,0
2021-03-01,7,6923,2021-08-31,0
2021-03-02,2,6925,2021-08-31,0
2021-03-03,10,6935,2021-08-31,0
2021-03-04,6,6941,2021-08-31,0
2021-03-05,10,6951,2021-08-31,0
2021-03-06,5,6956,2021-08-31,0
2021-03-07,9,6965,2021-08-31,0
2021-03-08,5,6970,2021-08-31,0
2021-03-09,7,6977,2021-08-31,0
2021-03-10,5,6982,2021-08-31,0
2021-03-11,4,6986,2021-08-31,0
2021-03-12,11,6997,2021-08-31,0
2021-03-13,5,7002,2021-08-31,0
2021-03-14,4,7006,2021-08-31,0
2021-03-15,2,7008,2021-08-31,0
2021-03-16,5,7013,2021-08-31,0
2021-03-17,4,7017,2021-08-31,0
2021-03-18,5,7022,2021-08-31,0
2021-03-19,5,7027,2021-08-31,0
2021-03-20,9,7036,2021-08-31,0
2021-03-21,5,7041,2021-08-31,0
2021-03-22,4,7045,2021-08-31,0
2021-03-23,5,7050,2021-08-31,0
2021-03-24,1,7051,2021-08-31,0
2021-03-25,5,7056,2021-08-31,0
2021-03-26,3,7059,2021-08-31,0
2021-03-27,7,7066,2021-08-31,0
2021-03-28,6,7072,2021-08-31,0
2021-03-29,5,7077,2021-08-31,0
2021-03-30,6,7083,2021-08-31,0
2021-03-31,8,7091,2021-08-31,0
2021-04-01,6,7097,2021-08-31,0
2021-04-02,9,7106,2021-08-31,0
2021-04-03,8,7114,2021-08-31,0
2021-04-04,6,7120,2021-08-31,0
2021-04-05,8,7128,2021-08-31,0
2021-04-06,6,7134,2021-08-31,0
2021-04-07,6,7140,2021-08-31,0
2021-04-08,10,7150,2021-08-31,0
2021-04-09,6,7156,2021-08-31,0
2021-04-10,7,7163,2021-08-31,0
2021-04-11,8,7171,2021-08-31,0
2021-04-12,10,7181,2021-08-31,0
2021-04-13,6,7187,2021-08-31,0
2021-04-14,8,7195,2021-08-31,0
2021-04-15,14,7209,2021-08-31,0
2021-04-16,8,7217,2021-08-31,0
2021-04-17,8,7225,2021-08-31,0
2021-04-18,8,7233,2021-08-31,0
2021-04-19,10,7243,2021-08-31,0
2021-04-20,5,7248,2021-08-31,0
2021-04-21,8,7256,2021-08-31,0
2021-04-22,1,7257,2021-08-31,0
2021-04-23,15,7272,2021-08-31,0
2021-04-24,11,7283,2021-08-31,0
2021-04-25,15,7298,2021-08-31,0
2021-04-26,14,7312,2021-08-31,0
2021-04-27,7,7319,2021-08-31,0
2021-04-28,14,7333,2021-08-31,0
2021-04-29,8,7341,2021-08-31,0
2021-04-30,11,7352,2021-08-31,0
2021-05-01,7,7359,2021-08-31,0
2021-05-02,8,7367,2021-08-31,0
2021-05-03,5,7372,2021-08-31,0
2021-05-04,13,7385,2021-08-31,0
2021-05-05,8,7393,2021-08-31,0
2021-05-06,5,7398,2021-08-31,0
2021-05-07,8,7406,2021-08-31,0
2021-05-08,7,7413,2021-08-31,0
2021-05-09,9,7422,2021-08-31,0
2021-05-10,8,7430,2021-08-31,0
2021-05-11,6,7436,2021-08-31,0
2021-05-12,9,7445,2021-08-31,0
2021-05-13,9,7454,2021-08-31,0
2021-05-14,11,7465,2021-08-31,0
2021-05-15,9,7474,2021-08-31,0
2021-05-16,5,7479,2021-08-31,0
2021-05-17,5,7484,2021-08-31,0
2021-05-18,7,7491,2021-08-31,0
2021-05-19,2,7493,2021-08-31,0
2021-05-20,5,7498,2021-08-31,0
2021-05-21,7,7505,2021-08-31,0
2021-05-22,10,7515,2021-08-31,0
2021-05-23,5,7520,2021-08-31,0
2021-05-24,5,7525,2021-08-31,0
2021-05-25,6,7531,2021-08-31,0
2021-05-26,3,7534,2021-08-31,0
2021-05-27,7,7541,2021-08-31,0
2021-05-28,2,7543,2021-08-31,0
2021-05-29,6,7549,2021-08-31,0
2021-05-30,4,7553,2021-08-31,0
2021-05-31,3,7556,2021-08-31,0
2021-06-01,5,7561,2021-08-31,0
2021-06-02,8,7569,2021-08-31,0
2021-06-03,4,7573,2021-08-31,0
2021-06-04,4,7577,2021-08-31,0
2021-06-05,1,7578,2021-08-31,0
2021-06-06,5,7583,2021-08-31,0
2021-06-07,3,7586,2021-08-31,0
2021-06-08,5,7591,2021-08-31,0
2021-06-09,4,7595,2021-08-31,0
2021-06-10,6,7601,2021-08-31,0
2021-06-11,6,7607,2021-08-31,0
2021-06-12,4,7611,2021-08-31,0
2021-06-13,4,7615,2021-08-31,0
2021-06-14,3,7618,2021-08-31,0
2021-06-15,2,7620,2021-08-31,0
2021-06-16,2,7622,2021-08-31,0
2021-06-17,4,7626,2021-08-31,0
2021-06-18,1,7627,2021-08-31,0
2021-06-19,6,7633,2021-08-31,0
2021-06-20,1,7634,2021-08-31,0
2021-06-21,5,7639,2021-08-31,0
2021-06-22,3,7642,2021-08-31,0
2021-06-23,4,7646,2021-08-31,0
2021-06-24,3,7649,2021-08-31,0
2021-06-25,3,7652,2021-08-31,0
2021-06-26,4,7656,2021-08-31,0
2021-06-27,2,7658,2021-08-31,0
2021-06-28,2,7660,2021-08-31,0
2021-06-29,2,7662,2021-08-31,0
2021-06-30,2,7664,2021-08-31,0
2021-07-01,0,7664,2021-08-31,0
2021-07-02,2,7666,2021-08-31,0
2021-07-03,2,7668,2021-08-31,0
2021-07-04,3,7671,2021-08-31,0
2021-07-05,1,7672,2021-08-31,0
2021-07-06,4,7676,2021-08-31,0
2021-07-07,1,7677,2021-08-31,0
2021-07-08,1,7678,2021-08-31,0
2021-07-09,0,7678,2021-08-31,0
2021-07-10,1,7679,2021-08-31,0
2021-07-11,2,7681,2021-08-31,0
2021-07-12,1,7682,2021-08-31,0
2021-07-13,2,7684,2021-08-31,0
2021-07-14,2,7686,2021-08-31,0
2021-07-15,2,7688,2021-08-31,0
2021-07-16,1,7689,2021-08-31,0
2021-07-17,1,7690,2021-08-31,0
2021-07-18,0,7690,2021-08-31,0
2021-07-19,0,7690,2021-08-31,0
2021-07-20,2,7692,2021-08-31,0
2021-07-21,2,7694,2021-08-31,0
2021-07-22,2,7696,2021-08-31,0
2021-07-23,3,7699,2021-08-31,0
2021-07-24,0,7699,2021-08-31,0
2021-07-25,2,7701,2021-08-31,0
2021-07-26,1,7702,2021-08-31,0
2021-07-27,2,7704,2021-08-31,0
2021-07-28,3,7707,2021-08-31,0
2021-07-29,2,7709,2021-08-31,0
2021-07-30,5,7714,2021-08-31,0
2021-07-31,3,7717,2021-08-31,0
2021-08-01,1,7718,2021-08-31,0
2021-08-02,3,7721,2021-08-31,0
2021-08-03,2,7723,2021-08-31,0
2021-08-04,3,7726,2021-08-31,0
2021-08-05,2,7728,2021-08-31,0
2021-08-06,7,7735,2021-08-31,0
2021-08-07,3,7738,2021-08-31,0
2021-08-08,1,7739,2021-08-31,0
2021-08-09,3,7742,2021-08-31,0
2021-08-10,2,7744,2021-08-31,0
2021-08-11,2,7746,2021-08-31,0
2021-08-12,7,7753,2021-08-31,0
2021-08-13,5,7758,2021-08-31,0
2021-08-14,5,7763,2021-08-31,0
2021-08-15,0,7763,2021-08-31,0
2021-08-16,6,7769,2021-08-31,0
2021-08-17,7,7776,2021-08-31,0
2021-08-18,7,7783,2021-08-31,1
2021-08-19,2,7785,2021-08-31,0
2021-08-20,3,7788,2021-08-31,0
2021-08-21,5,7793,2021-08-31,0
2021-08-22,7,7800,2021-08-31,1
2021-08-23,3,7803,2021-08-31,1
2021-08-24,5,7808,2021-08-31,1
2021-08-25,3,7811,2021-08-31,2
NA,0,7811,2021-08-31,0
2020-03-19,1,1,2021-09-01,0
2020-03-20,0,1,2021-09-01,0
2020-03-21,0,1,2021-09-01,0
2020-03-22,0,1,2021-09-01,0
2020-03-23,0,1,2021-09-01,0
2020-03-24,1,2,2021-09-01,0
2020-03-25,1,3,2021-09-01,0
2020-03-26,1,4,2021-09-01,0
2020-03-27,5,9,2021-09-01,0
2020-03-28,3,12,2021-09-01,0
2020-03-29,0,12,2021-09-01,0
2020-03-30,5,17,2021-09-01,0
2020-03-31,2,19,2021-09-01,0
2020-04-01,5,24,2021-09-01,0
2020-04-02,3,27,2021-09-01,0
2020-04-03,1,28,2021-09-01,0
2020-04-04,5,33,2021-09-01,0
2020-04-05,5,38,2021-09-01,0
2020-04-06,10,48,2021-09-01,0
2020-04-07,6,54,2021-09-01,0
2020-04-08,7,61,2021-09-01,0
2020-04-09,8,69,2021-09-01,0
2020-04-10,6,75,2021-09-01,0
2020-04-11,4,79,2021-09-01,0
2020-04-12,4,83,2021-09-01,0
2020-04-13,10,93,2021-09-01,0
2020-04-14,6,99,2021-09-01,0
2020-04-15,17,116,2021-09-01,0
2020-04-16,10,126,2021-09-01,0
2020-04-17,17,143,2021-09-01,0
2020-04-18,17,160,2021-09-01,0
2020-04-19,16,176,2021-09-01,0
2020-04-20,21,197,2021-09-01,0
2020-04-21,26,223,2021-09-01,0
2020-04-22,21,244,2021-09-01,0
2020-04-23,19,263,2021-09-01,0
2020-04-24,23,286,2021-09-01,0
2020-04-25,18,304,2021-09-01,0
2020-04-26,17,321,2021-09-01,0
2020-04-27,21,342,2021-09-01,0
2020-04-28,16,358,2021-09-01,0
2020-04-29,29,387,2021-09-01,0
2020-04-30,18,405,2021-09-01,0
2020-05-01,30,435,2021-09-01,0
2020-05-02,19,454,2021-09-01,0
2020-05-03,29,483,2021-09-01,0
2020-05-04,23,506,2021-09-01,0
2020-05-05,19,525,2021-09-01,0
2020-05-06,25,550,2021-09-01,0
2020-05-07,30,580,2021-09-01,0
2020-05-08,20,600,2021-09-01,0
2020-05-09,26,626,2021-09-01,0
2020-05-10,19,645,2021-09-01,0
2020-05-11,25,670,2021-09-01,0
2020-05-12,20,690,2021-09-01,0
2020-05-13,22,712,2021-09-01,0
2020-05-14,20,732,2021-09-01,0
2020-05-15,20,752,2021-09-01,0
2020-05-16,20,772,2021-09-01,0
2020-05-17,23,795,2021-09-01,0
2020-05-18,18,813,2021-09-01,0
2020-05-19,35,848,2021-09-01,0
2020-05-20,24,872,2021-09-01,0
2020-05-21,17,889,2021-09-01,0
2020-05-22,20,909,2021-09-01,0
2020-05-23,26,935,2021-09-01,0
2020-05-24,25,960,2021-09-01,0
2020-05-25,30,990,2021-09-01,0
2020-05-26,29,1019,2021-09-01,0
2020-05-27,25,1044,2021-09-01,0
2020-05-28,21,1065,2021-09-01,0
2020-05-29,17,1082,2021-09-01,0
2020-05-30,11,1093,2021-09-01,0
2020-05-31,20,1113,2021-09-01,0
2020-06-01,23,1136,2021-09-01,0
2020-06-02,21,1157,2021-09-01,0
2020-06-03,25,1182,2021-09-01,0
2020-06-04,26,1208,2021-09-01,0
2020-06-05,18,1226,2021-09-01,0
2020-06-06,12,1238,2021-09-01,0
2020-06-07,22,1260,2021-09-01,0
2020-06-08,12,1272,2021-09-01,0
2020-06-09,13,1285,2021-09-01,0
2020-06-10,10,1295,2021-09-01,0
2020-06-11,12,1307,2021-09-01,0
2020-06-12,11,1318,2021-09-01,0
2020-06-13,13,1331,2021-09-01,0
2020-06-14,11,1342,2021-09-01,0
2020-06-15,8,1350,2021-09-01,0
2020-06-16,8,1358,2021-09-01,0
2020-06-17,17,1375,2021-09-01,0
2020-06-18,9,1384,2021-09-01,0
2020-06-19,8,1392,2021-09-01,0
2020-06-20,12,1404,2021-09-01,0
2020-06-21,11,1415,2021-09-01,0
2020-06-22,6,1421,2021-09-01,0
2020-06-23,10,1431,2021-09-01,0
2020-06-24,1,1432,2021-09-01,0
2020-06-25,9,1441,2021-09-01,0
2020-06-26,6,1447,2021-09-01,0
2020-06-27,5,1452,2021-09-01,0
2020-06-28,11,1463,2021-09-01,0
2020-06-29,7,1470,2021-09-01,0
2020-06-30,9,1479,2021-09-01,0
2020-07-01,2,1481,2021-09-01,0
2020-07-02,3,1484,2021-09-01,0
2020-07-03,5,1489,2021-09-01,0
2020-07-04,4,1493,2021-09-01,0
2020-07-05,6,1499,2021-09-01,0
2020-07-06,4,1503,2021-09-01,0
2020-07-07,2,1505,2021-09-01,0
2020-07-08,9,1514,2021-09-01,0
2020-07-09,4,1518,2021-09-01,0
2020-07-10,3,1521,2021-09-01,0
2020-07-11,4,1525,2021-09-01,0
2020-07-12,6,1531,2021-09-01,0
2020-07-13,2,1533,2021-09-01,0
2020-07-14,6,1539,2021-09-01,0
2020-07-15,7,1546,2021-09-01,0
2020-07-16,3,1549,2021-09-01,0
2020-07-17,7,1556,2021-09-01,0
2020-07-18,6,1562,2021-09-01,0
2020-07-19,5,1567,2021-09-01,0
2020-07-20,3,1570,2021-09-01,0
2020-07-21,6,1576,2021-09-01,0
2020-07-22,5,1581,2021-09-01,0
2020-07-23,8,1589,2021-09-01,0
2020-07-24,6,1595,2021-09-01,0
2020-07-25,2,1597,2021-09-01,0
2020-07-26,5,1602,2021-09-01,0
2020-07-27,5,1607,2021-09-01,0
2020-07-28,7,1614,2021-09-01,0
2020-07-29,3,1617,2021-09-01,0
2020-07-30,6,1623,2021-09-01,0
2020-07-31,9,1632,2021-09-01,0
2020-08-01,4,1636,2021-09-01,0
2020-08-02,7,1643,2021-09-01,0
2020-08-03,4,1647,2021-09-01,0
2020-08-04,7,1654,2021-09-01,0
2020-08-05,8,1662,2021-09-01,0
2020-08-06,9,1671,2021-09-01,0
2020-08-07,7,1678,2021-09-01,0
2020-08-08,6,1684,2021-09-01,0
2020-08-09,10,1694,2021-09-01,0
2020-08-10,3,1697,2021-09-01,0
2020-08-11,9,1706,2021-09-01,0
2020-08-12,7,1713,2021-09-01,0
2020-08-13,5,1718,2021-09-01,0
2020-08-14,9,1727,2021-09-01,0
2020-08-15,13,1740,2021-09-01,0
2020-08-16,13,1753,2021-09-01,0
2020-08-17,6,1759,2021-09-01,0
2020-08-18,11,1770,2021-09-01,0
2020-08-19,3,1773,2021-09-01,0
2020-08-20,10,1783,2021-09-01,0
2020-08-21,12,1795,2021-09-01,0
2020-08-22,9,1804,2021-09-01,0
2020-08-23,7,1811,2021-09-01,0
2020-08-24,9,1820,2021-09-01,0
2020-08-25,4,1824,2021-09-01,0
2020-08-26,3,1827,2021-09-01,0
2020-08-27,7,1834,2021-09-01,0
2020-08-28,6,1840,2021-09-01,0
2020-08-29,3,1843,2021-09-01,0
2020-08-30,5,1848,2021-09-01,0
2020-08-31,9,1857,2021-09-01,0
2020-09-01,2,1859,2021-09-01,0
2020-09-02,7,1866,2021-09-01,0
2020-09-03,12,1878,2021-09-01,0
2020-09-04,4,1882,2021-09-01,0
2020-09-05,6,1888,2021-09-01,0
2020-09-06,12,1900,2021-09-01,0
2020-09-07,3,1903,2021-09-01,0
2020-09-08,6,1909,2021-09-01,0
2020-09-09,10,1919,2021-09-01,0
2020-09-10,9,1928,2021-09-01,0
2020-09-11,11,1939,2021-09-01,0
2020-09-12,8,1947,2021-09-01,0
2020-09-13,8,1955,2021-09-01,0
2020-09-14,2,1957,2021-09-01,0
2020-09-15,6,1963,2021-09-01,0
2020-09-16,9,1972,2021-09-01,0
2020-09-17,5,1977,2021-09-01,0
2020-09-18,6,1983,2021-09-01,0
2020-09-19,4,1987,2021-09-01,0
2020-09-20,9,1996,2021-09-01,0
2020-09-21,7,2003,2021-09-01,0
2020-09-22,8,2011,2021-09-01,0
2020-09-23,9,2020,2021-09-01,0
2020-09-24,7,2027,2021-09-01,0
2020-09-25,11,2038,2021-09-01,0
2020-09-26,9,2047,2021-09-01,0
2020-09-27,14,2061,2021-09-01,0
2020-09-28,11,2072,2021-09-01,0
2020-09-29,5,2077,2021-09-01,0
2020-09-30,16,2093,2021-09-01,0
2020-10-01,7,2100,2021-09-01,0
2020-10-02,13,2113,2021-09-01,0
2020-10-03,9,2122,2021-09-01,0
2020-10-04,7,2129,2021-09-01,0
2020-10-05,10,2139,2021-09-01,0
2020-10-06,12,2151,2021-09-01,0
2020-10-07,19,2170,2021-09-01,0
2020-10-08,9,2179,2021-09-01,0
2020-10-09,17,2196,2021-09-01,0
2020-10-10,16,2212,2021-09-01,0
2020-10-11,16,2228,2021-09-01,0
2020-10-12,20,2248,2021-09-01,0
2020-10-13,14,2262,2021-09-01,0
2020-10-14,10,2272,2021-09-01,0
2020-10-15,9,2281,2021-09-01,0
2020-10-16,12,2293,2021-09-01,0
2020-10-17,18,2311,2021-09-01,0
2020-10-18,25,2336,2021-09-01,0
2020-10-19,18,2354,2021-09-01,0
2020-10-20,15,2369,2021-09-01,0
2020-10-21,24,2393,2021-09-01,0
2020-10-22,18,2411,2021-09-01,0
2020-10-23,19,2430,2021-09-01,0
2020-10-24,8,2438,2021-09-01,0
2020-10-25,17,2455,2021-09-01,0
2020-10-26,25,2480,2021-09-01,0
2020-10-27,23,2503,2021-09-01,0
2020-10-28,29,2532,2021-09-01,0
2020-10-29,18,2550,2021-09-01,0
2020-10-30,27,2577,2021-09-01,0
2020-10-31,25,2602,2021-09-01,0
2020-11-01,21,2623,2021-09-01,0
2020-11-02,25,2648,2021-09-01,0
2020-11-03,25,2673,2021-09-01,0
2020-11-04,33,2706,2021-09-01,0
2020-11-05,37,2743,2021-09-01,0
2020-11-06,39,2782,2021-09-01,0
2020-11-07,42,2824,2021-09-01,0
2020-11-08,47,2871,2021-09-01,0
2020-11-09,36,2907,2021-09-01,0
2020-11-10,35,2942,2021-09-01,0
2020-11-11,43,2985,2021-09-01,0
2020-11-12,45,3030,2021-09-01,0
2020-11-13,40,3070,2021-09-01,0
2020-11-14,47,3117,2021-09-01,0
2020-11-15,46,3163,2021-09-01,0
2020-11-16,62,3225,2021-09-01,0
2020-11-17,56,3281,2021-09-01,0
2020-11-18,61,3342,2021-09-01,0
2020-11-19,60,3402,2021-09-01,0
2020-11-20,63,3465,2021-09-01,0
2020-11-21,58,3523,2021-09-01,0
2020-11-22,67,3590,2021-09-01,0
2020-11-23,59,3649,2021-09-01,0
2020-11-24,68,3717,2021-09-01,0
2020-11-25,72,3789,2021-09-01,0
2020-11-26,54,3843,2021-09-01,0
2020-11-27,69,3912,2021-09-01,0
2020-11-28,60,3972,2021-09-01,0
2020-11-29,68,4040,2021-09-01,0
2020-11-30,60,4100,2021-09-01,0
2020-12-01,63,4163,2021-09-01,0
2020-12-02,73,4236,2021-09-01,0
2020-12-03,86,4322,2021-09-01,0
2020-12-04,67,4389,2021-09-01,0
2020-12-05,74,4463,2021-09-01,0
2020-12-06,80,4543,2021-09-01,0
2020-12-07,75,4618,2021-09-01,0
2020-12-08,61,4679,2021-09-01,0
2020-12-09,71,4750,2021-09-01,0
2020-12-10,71,4821,2021-09-01,0
2020-12-11,70,4891,2021-09-01,0
2020-12-12,71,4962,2021-09-01,0
2020-12-13,55,5017,2021-09-01,0
2020-12-14,43,5060,2021-09-01,0
2020-12-15,65,5125,2021-09-01,0
2020-12-16,70,5195,2021-09-01,0
2020-12-17,60,5255,2021-09-01,0
2020-12-18,59,5314,2021-09-01,0
2020-12-19,56,5370,2021-09-01,0
2020-12-20,59,5429,2021-09-01,0
2020-12-21,58,5487,2021-09-01,0
2020-12-22,33,5520,2021-09-01,0
2020-12-23,44,5564,2021-09-01,0
2020-12-24,50,5614,2021-09-01,0
2020-12-25,36,5650,2021-09-01,0
2020-12-26,43,5693,2021-09-01,0
2020-12-27,41,5734,2021-09-01,0
2020-12-28,33,5767,2021-09-01,0
2020-12-29,36,5803,2021-09-01,0
2020-12-30,47,5850,2021-09-01,0
2020-12-31,36,5886,2021-09-01,0
2021-01-01,28,5914,2021-09-01,0
2021-01-02,46,5960,2021-09-01,0
2021-01-03,36,5996,2021-09-01,0
2021-01-04,31,6027,2021-09-01,0
2021-01-05,40,6067,2021-09-01,0
2021-01-06,32,6099,2021-09-01,0
2021-01-07,37,6136,2021-09-01,0
2021-01-08,32,6168,2021-09-01,0
2021-01-09,25,6193,2021-09-01,0
2021-01-10,29,6222,2021-09-01,0
2021-01-11,26,6248,2021-09-01,0
2021-01-12,32,6280,2021-09-01,0
2021-01-13,23,6303,2021-09-01,0
2021-01-14,41,6344,2021-09-01,0
2021-01-15,26,6370,2021-09-01,0
2021-01-16,28,6398,2021-09-01,0
2021-01-17,21,6419,2021-09-01,0
2021-01-18,19,6438,2021-09-01,0
2021-01-19,14,6452,2021-09-01,0
2021-01-20,26,6478,2021-09-01,0
2021-01-21,16,6494,2021-09-01,0
2021-01-22,13,6507,2021-09-01,0
2021-01-23,17,6524,2021-09-01,0
2021-01-24,24,6548,2021-09-01,0
2021-01-25,17,6565,2021-09-01,0
2021-01-26,21,6586,2021-09-01,0
2021-01-27,11,6597,2021-09-01,0
2021-01-28,12,6609,2021-09-01,0
2021-01-29,15,6624,2021-09-01,0
2021-01-30,13,6637,2021-09-01,0
2021-01-31,16,6653,2021-09-01,0
2021-02-01,17,6670,2021-09-01,0
2021-02-02,10,6680,2021-09-01,0
2021-02-03,11,6691,2021-09-01,0
2021-02-04,11,6702,2021-09-01,0
2021-02-05,10,6712,2021-09-01,0
2021-02-06,12,6724,2021-09-01,0
2021-02-07,19,6743,2021-09-01,0
2021-02-08,11,6754,2021-09-01,0
2021-02-09,14,6768,2021-09-01,0
2021-02-10,13,6781,2021-09-01,0
2021-02-11,7,6788,2021-09-01,0
2021-02-12,12,6800,2021-09-01,0
2021-02-13,8,6808,2021-09-01,0
2021-02-14,9,6817,2021-09-01,0
2021-02-15,9,6826,2021-09-01,0
2021-02-16,12,6838,2021-09-01,0
2021-02-17,10,6848,2021-09-01,0
2021-02-18,7,6855,2021-09-01,0
2021-02-19,6,6861,2021-09-01,0
2021-02-20,7,6868,2021-09-01,0
2021-02-21,4,6872,2021-09-01,0
2021-02-22,5,6877,2021-09-01,0
2021-02-23,9,6886,2021-09-01,0
2021-02-24,4,6890,2021-09-01,0
2021-02-25,5,6895,2021-09-01,0
2021-02-26,7,6902,2021-09-01,0
2021-02-27,6,6908,2021-09-01,0
2021-02-28,8,6916,2021-09-01,0
2021-03-01,7,6923,2021-09-01,0
2021-03-02,2,6925,2021-09-01,0
2021-03-03,10,6935,2021-09-01,0
2021-03-04,6,6941,2021-09-01,0
2021-03-05,10,6951,2021-09-01,0
2021-03-06,5,6956,2021-09-01,0
2021-03-07,9,6965,2021-09-01,0
2021-03-08,5,6970,2021-09-01,0
2021-03-09,7,6977,2021-09-01,0
2021-03-10,5,6982,2021-09-01,0
2021-03-11,4,6986,2021-09-01,0
2021-03-12,11,6997,2021-09-01,0
2021-03-13,5,7002,2021-09-01,0
2021-03-14,4,7006,2021-09-01,0
2021-03-15,2,7008,2021-09-01,0
2021-03-16,5,7013,2021-09-01,0
2021-03-17,4,7017,2021-09-01,0
2021-03-18,5,7022,2021-09-01,0
2021-03-19,5,7027,2021-09-01,0
2021-03-20,9,7036,2021-09-01,0
2021-03-21,5,7041,2021-09-01,0
2021-03-22,4,7045,2021-09-01,0
2021-03-23,5,7050,2021-09-01,0
2021-03-24,1,7051,2021-09-01,0
2021-03-25,5,7056,2021-09-01,0
2021-03-26,3,7059,2021-09-01,0
2021-03-27,7,7066,2021-09-01,0
2021-03-28,6,7072,2021-09-01,0
2021-03-29,5,7077,2021-09-01,0
2021-03-30,6,7083,2021-09-01,0
2021-03-31,8,7091,2021-09-01,0
2021-04-01,6,7097,2021-09-01,0
2021-04-02,9,7106,2021-09-01,0
2021-04-03,8,7114,2021-09-01,0
2021-04-04,6,7120,2021-09-01,0
2021-04-05,8,7128,2021-09-01,0
2021-04-06,6,7134,2021-09-01,0
2021-04-07,6,7140,2021-09-01,0
2021-04-08,10,7150,2021-09-01,0
2021-04-09,6,7156,2021-09-01,0
2021-04-10,7,7163,2021-09-01,0
2021-04-11,8,7171,2021-09-01,0
2021-04-12,10,7181,2021-09-01,0
2021-04-13,6,7187,2021-09-01,0
2021-04-14,8,7195,2021-09-01,0
2021-04-15,14,7209,2021-09-01,0
2021-04-16,8,7217,2021-09-01,0
2021-04-17,8,7225,2021-09-01,0
2021-04-18,8,7233,2021-09-01,0
2021-04-19,10,7243,2021-09-01,0
2021-04-20,5,7248,2021-09-01,0
2021-04-21,8,7256,2021-09-01,0
2021-04-22,1,7257,2021-09-01,0
2021-04-23,15,7272,2021-09-01,0
2021-04-24,11,7283,2021-09-01,0
2021-04-25,15,7298,2021-09-01,0
2021-04-26,14,7312,2021-09-01,0
2021-04-27,7,7319,2021-09-01,0
2021-04-28,14,7333,2021-09-01,0
2021-04-29,8,7341,2021-09-01,0
2021-04-30,11,7352,2021-09-01,0
2021-05-01,7,7359,2021-09-01,0
2021-05-02,8,7367,2021-09-01,0
2021-05-03,5,7372,2021-09-01,0
2021-05-04,13,7385,2021-09-01,0
2021-05-05,8,7393,2021-09-01,0
2021-05-06,5,7398,2021-09-01,0
2021-05-07,8,7406,2021-09-01,0
2021-05-08,7,7413,2021-09-01,0
2021-05-09,9,7422,2021-09-01,0
2021-05-10,8,7430,2021-09-01,0
2021-05-11,6,7436,2021-09-01,0
2021-05-12,9,7445,2021-09-01,0
2021-05-13,9,7454,2021-09-01,0
2021-05-14,11,7465,2021-09-01,0
2021-05-15,9,7474,2021-09-01,0
2021-05-16,5,7479,2021-09-01,0
2021-05-17,5,7484,2021-09-01,0
2021-05-18,7,7491,2021-09-01,0
2021-05-19,2,7493,2021-09-01,0
2021-05-20,5,7498,2021-09-01,0
2021-05-21,7,7505,2021-09-01,0
2021-05-22,10,7515,2021-09-01,0
2021-05-23,5,7520,2021-09-01,0
2021-05-24,5,7525,2021-09-01,0
2021-05-25,6,7531,2021-09-01,0
2021-05-26,3,7534,2021-09-01,0
2021-05-27,7,7541,2021-09-01,0
2021-05-28,2,7543,2021-09-01,0
2021-05-29,6,7549,2021-09-01,0
2021-05-30,4,7553,2021-09-01,0
2021-05-31,3,7556,2021-09-01,0
2021-06-01,5,7561,2021-09-01,0
2021-06-02,8,7569,2021-09-01,0
2021-06-03,4,7573,2021-09-01,0
2021-06-04,4,7577,2021-09-01,0
2021-06-05,1,7578,2021-09-01,0
2021-06-06,5,7583,2021-09-01,0
2021-06-07,3,7586,2021-09-01,0
2021-06-08,5,7591,2021-09-01,0
2021-06-09,4,7595,2021-09-01,0
2021-06-10,6,7601,2021-09-01,0
2021-06-11,6,7607,2021-09-01,0
2021-06-12,4,7611,2021-09-01,0
2021-06-13,4,7615,2021-09-01,0
2021-06-14,3,7618,2021-09-01,0
2021-06-15,2,7620,2021-09-01,0
2021-06-16,2,7622,2021-09-01,0
2021-06-17,4,7626,2021-09-01,0
2021-06-18,1,7627,2021-09-01,0
2021-06-19,6,7633,2021-09-01,0
2021-06-20,1,7634,2021-09-01,0
2021-06-21,5,7639,2021-09-01,0
2021-06-22,3,7642,2021-09-01,0
2021-06-23,4,7646,2021-09-01,0
2021-06-24,3,7649,2021-09-01,0
2021-06-25,3,7652,2021-09-01,0
2021-06-26,4,7656,2021-09-01,0
2021-06-27,2,7658,2021-09-01,0
2021-06-28,2,7660,2021-09-01,0
2021-06-29,2,7662,2021-09-01,0
2021-06-30,2,7664,2021-09-01,0
2021-07-01,0,7664,2021-09-01,0
2021-07-02,2,7666,2021-09-01,0
2021-07-03,2,7668,2021-09-01,0
2021-07-04,3,7671,2021-09-01,0
2021-07-05,1,7672,2021-09-01,0
2021-07-06,4,7676,2021-09-01,0
2021-07-07,1,7677,2021-09-01,0
2021-07-08,1,7678,2021-09-01,0
2021-07-09,0,7678,2021-09-01,0
2021-07-10,1,7679,2021-09-01,0
2021-07-11,2,7681,2021-09-01,0
2021-07-12,1,7682,2021-09-01,0
2021-07-13,2,7684,2021-09-01,0
2021-07-14,2,7686,2021-09-01,0
2021-07-15,2,7688,2021-09-01,0
2021-07-16,1,7689,2021-09-01,0
2021-07-17,1,7690,2021-09-01,0
2021-07-18,0,7690,2021-09-01,0
2021-07-19,0,7690,2021-09-01,0
2021-07-20,2,7692,2021-09-01,0
2021-07-21,2,7694,2021-09-01,0
2021-07-22,2,7696,2021-09-01,0
2021-07-23,3,7699,2021-09-01,0
2021-07-24,0,7699,2021-09-01,0
2021-07-25,2,7701,2021-09-01,0
2021-07-26,1,7702,2021-09-01,0
2021-07-27,2,7704,2021-09-01,0
2021-07-28,3,7707,2021-09-01,0
2021-07-29,2,7709,2021-09-01,0
2021-07-30,5,7714,2021-09-01,0
2021-07-31,3,7717,2021-09-01,0
2021-08-01,1,7718,2021-09-01,0
2021-08-02,3,7721,2021-09-01,0
2021-08-03,2,7723,2021-09-01,0
2021-08-04,3,7726,2021-09-01,0
2021-08-05,2,7728,2021-09-01,0
2021-08-06,7,7735,2021-09-01,0
2021-08-07,3,7738,2021-09-01,0
2021-08-08,1,7739,2021-09-01,0
2021-08-09,3,7742,2021-09-01,0
2021-08-10,2,7744,2021-09-01,0
2021-08-11,2,7746,2021-09-01,0
2021-08-12,7,7753,2021-09-01,0
2021-08-13,5,7758,2021-09-01,0
2021-08-14,0,7758,2021-09-01,-5
2021-08-15,5,7763,2021-09-01,5
2021-08-16,6,7769,2021-09-01,0
2021-08-17,7,7776,2021-09-01,0
2021-08-18,7,7783,2021-09-01,0
2021-08-19,2,7785,2021-09-01,0
2021-08-20,3,7788,2021-09-01,0
2021-08-21,5,7793,2021-09-01,0
2021-08-22,7,7800,2021-09-01,0
2021-08-23,3,7803,2021-09-01,0
2021-08-24,7,7810,2021-09-01,2
2021-08-25,3,7813,2021-09-01,0
2021-08-26,0,7813,2021-09-01,0
2021-08-27,2,7815,2021-09-01,2
2021-08-28,0,7815,2021-09-01,0
2021-08-29,2,7817,2021-09-01,2
NA,0,7817,2021-09-01,0
2020-03-19,1,1,2021-09-02,0
2020-03-20,0,1,2021-09-02,0
2020-03-21,0,1,2021-09-02,0
2020-03-22,0,1,2021-09-02,0
2020-03-23,0,1,2021-09-02,0
2020-03-24,1,2,2021-09-02,0
2020-03-25,1,3,2021-09-02,0
2020-03-26,1,4,2021-09-02,0
2020-03-27,5,9,2021-09-02,0
2020-03-28,3,12,2021-09-02,0
2020-03-29,0,12,2021-09-02,0
2020-03-30,5,17,2021-09-02,0
2020-03-31,2,19,2021-09-02,0
2020-04-01,5,24,2021-09-02,0
2020-04-02,3,27,2021-09-02,0
2020-04-03,1,28,2021-09-02,0
2020-04-04,5,33,2021-09-02,0
2020-04-05,5,38,2021-09-02,0
2020-04-06,10,48,2021-09-02,0
2020-04-07,6,54,2021-09-02,0
2020-04-08,7,61,2021-09-02,0
2020-04-09,8,69,2021-09-02,0
2020-04-10,6,75,2021-09-02,0
2020-04-11,4,79,2021-09-02,0
2020-04-12,4,83,2021-09-02,0
2020-04-13,10,93,2021-09-02,0
2020-04-14,6,99,2021-09-02,0
2020-04-15,17,116,2021-09-02,0
2020-04-16,10,126,2021-09-02,0
2020-04-17,17,143,2021-09-02,0
2020-04-18,17,160,2021-09-02,0
2020-04-19,16,176,2021-09-02,0
2020-04-20,21,197,2021-09-02,0
2020-04-21,26,223,2021-09-02,0
2020-04-22,21,244,2021-09-02,0
2020-04-23,19,263,2021-09-02,0
2020-04-24,23,286,2021-09-02,0
2020-04-25,18,304,2021-09-02,0
2020-04-26,17,321,2021-09-02,0
2020-04-27,21,342,2021-09-02,0
2020-04-28,16,358,2021-09-02,0
2020-04-29,29,387,2021-09-02,0
2020-04-30,18,405,2021-09-02,0
2020-05-01,30,435,2021-09-02,0
2020-05-02,19,454,2021-09-02,0
2020-05-03,29,483,2021-09-02,0
2020-05-04,23,506,2021-09-02,0
2020-05-05,19,525,2021-09-02,0
2020-05-06,25,550,2021-09-02,0
2020-05-07,30,580,2021-09-02,0
2020-05-08,20,600,2021-09-02,0
2020-05-09,26,626,2021-09-02,0
2020-05-10,19,645,2021-09-02,0
2020-05-11,25,670,2021-09-02,0
2020-05-12,20,690,2021-09-02,0
2020-05-13,22,712,2021-09-02,0
2020-05-14,20,732,2021-09-02,0
2020-05-15,20,752,2021-09-02,0
2020-05-16,20,772,2021-09-02,0
2020-05-17,23,795,2021-09-02,0
2020-05-18,18,813,2021-09-02,0
2020-05-19,35,848,2021-09-02,0
2020-05-20,24,872,2021-09-02,0
2020-05-21,17,889,2021-09-02,0
2020-05-22,20,909,2021-09-02,0
2020-05-23,26,935,2021-09-02,0
2020-05-24,25,960,2021-09-02,0
2020-05-25,30,990,2021-09-02,0
2020-05-26,29,1019,2021-09-02,0
2020-05-27,25,1044,2021-09-02,0
2020-05-28,21,1065,2021-09-02,0
2020-05-29,17,1082,2021-09-02,0
2020-05-30,11,1093,2021-09-02,0
2020-05-31,20,1113,2021-09-02,0
2020-06-01,23,1136,2021-09-02,0
2020-06-02,21,1157,2021-09-02,0
2020-06-03,25,1182,2021-09-02,0
2020-06-04,26,1208,2021-09-02,0
2020-06-05,18,1226,2021-09-02,0
2020-06-06,12,1238,2021-09-02,0
2020-06-07,22,1260,2021-09-02,0
2020-06-08,12,1272,2021-09-02,0
2020-06-09,13,1285,2021-09-02,0
2020-06-10,10,1295,2021-09-02,0
2020-06-11,12,1307,2021-09-02,0
2020-06-12,11,1318,2021-09-02,0
2020-06-13,13,1331,2021-09-02,0
2020-06-14,11,1342,2021-09-02,0
2020-06-15,8,1350,2021-09-02,0
2020-06-16,8,1358,2021-09-02,0
2020-06-17,17,1375,2021-09-02,0
2020-06-18,9,1384,2021-09-02,0
2020-06-19,8,1392,2021-09-02,0
2020-06-20,12,1404,2021-09-02,0
2020-06-21,11,1415,2021-09-02,0
2020-06-22,6,1421,2021-09-02,0
2020-06-23,10,1431,2021-09-02,0
2020-06-24,1,1432,2021-09-02,0
2020-06-25,9,1441,2021-09-02,0
2020-06-26,6,1447,2021-09-02,0
2020-06-27,5,1452,2021-09-02,0
2020-06-28,11,1463,2021-09-02,0
2020-06-29,7,1470,2021-09-02,0
2020-06-30,9,1479,2021-09-02,0
2020-07-01,2,1481,2021-09-02,0
2020-07-02,3,1484,2021-09-02,0
2020-07-03,5,1489,2021-09-02,0
2020-07-04,4,1493,2021-09-02,0
2020-07-05,6,1499,2021-09-02,0
2020-07-06,4,1503,2021-09-02,0
2020-07-07,2,1505,2021-09-02,0
2020-07-08,9,1514,2021-09-02,0
2020-07-09,4,1518,2021-09-02,0
2020-07-10,3,1521,2021-09-02,0
2020-07-11,4,1525,2021-09-02,0
2020-07-12,6,1531,2021-09-02,0
2020-07-13,2,1533,2021-09-02,0
2020-07-14,6,1539,2021-09-02,0
2020-07-15,7,1546,2021-09-02,0
2020-07-16,3,1549,2021-09-02,0
2020-07-17,7,1556,2021-09-02,0
2020-07-18,6,1562,2021-09-02,0
2020-07-19,5,1567,2021-09-02,0
2020-07-20,3,1570,2021-09-02,0
2020-07-21,6,1576,2021-09-02,0
2020-07-22,5,1581,2021-09-02,0
2020-07-23,8,1589,2021-09-02,0
2020-07-24,6,1595,2021-09-02,0
2020-07-25,2,1597,2021-09-02,0
2020-07-26,5,1602,2021-09-02,0
2020-07-27,5,1607,2021-09-02,0
2020-07-28,7,1614,2021-09-02,0
2020-07-29,3,1617,2021-09-02,0
2020-07-30,6,1623,2021-09-02,0
2020-07-31,9,1632,2021-09-02,0
2020-08-01,4,1636,2021-09-02,0
2020-08-02,7,1643,2021-09-02,0
2020-08-03,4,1647,2021-09-02,0
2020-08-04,7,1654,2021-09-02,0
2020-08-05,8,1662,2021-09-02,0
2020-08-06,9,1671,2021-09-02,0
2020-08-07,7,1678,2021-09-02,0
2020-08-08,6,1684,2021-09-02,0
2020-08-09,10,1694,2021-09-02,0
2020-08-10,3,1697,2021-09-02,0
2020-08-11,9,1706,2021-09-02,0
2020-08-12,7,1713,2021-09-02,0
2020-08-13,5,1718,2021-09-02,0
2020-08-14,9,1727,2021-09-02,0
2020-08-15,13,1740,2021-09-02,0
2020-08-16,13,1753,2021-09-02,0
2020-08-17,6,1759,2021-09-02,0
2020-08-18,11,1770,2021-09-02,0
2020-08-19,3,1773,2021-09-02,0
2020-08-20,10,1783,2021-09-02,0
2020-08-21,12,1795,2021-09-02,0
2020-08-22,9,1804,2021-09-02,0
2020-08-23,7,1811,2021-09-02,0
2020-08-24,9,1820,2021-09-02,0
2020-08-25,4,1824,2021-09-02,0
2020-08-26,3,1827,2021-09-02,0
2020-08-27,7,1834,2021-09-02,0
2020-08-28,6,1840,2021-09-02,0
2020-08-29,3,1843,2021-09-02,0
2020-08-30,5,1848,2021-09-02,0
2020-08-31,9,1857,2021-09-02,0
2020-09-01,2,1859,2021-09-02,0
2020-09-02,7,1866,2021-09-02,0
2020-09-03,12,1878,2021-09-02,0
2020-09-04,4,1882,2021-09-02,0
2020-09-05,6,1888,2021-09-02,0
2020-09-06,12,1900,2021-09-02,0
2020-09-07,3,1903,2021-09-02,0
2020-09-08,6,1909,2021-09-02,0
2020-09-09,10,1919,2021-09-02,0
2020-09-10,9,1928,2021-09-02,0
2020-09-11,11,1939,2021-09-02,0
2020-09-12,8,1947,2021-09-02,0
2020-09-13,8,1955,2021-09-02,0
2020-09-14,2,1957,2021-09-02,0
2020-09-15,6,1963,2021-09-02,0
2020-09-16,9,1972,2021-09-02,0
2020-09-17,5,1977,2021-09-02,0
2020-09-18,6,1983,2021-09-02,0
2020-09-19,4,1987,2021-09-02,0
2020-09-20,9,1996,2021-09-02,0
2020-09-21,7,2003,2021-09-02,0
2020-09-22,8,2011,2021-09-02,0
2020-09-23,9,2020,2021-09-02,0
2020-09-24,7,2027,2021-09-02,0
2020-09-25,11,2038,2021-09-02,0
2020-09-26,9,2047,2021-09-02,0
2020-09-27,14,2061,2021-09-02,0
2020-09-28,11,2072,2021-09-02,0
2020-09-29,5,2077,2021-09-02,0
2020-09-30,16,2093,2021-09-02,0
2020-10-01,7,2100,2021-09-02,0
2020-10-02,13,2113,2021-09-02,0
2020-10-03,9,2122,2021-09-02,0
2020-10-04,7,2129,2021-09-02,0
2020-10-05,10,2139,2021-09-02,0
2020-10-06,12,2151,2021-09-02,0
2020-10-07,19,2170,2021-09-02,0
2020-10-08,9,2179,2021-09-02,0
2020-10-09,17,2196,2021-09-02,0
2020-10-10,16,2212,2021-09-02,0
2020-10-11,16,2228,2021-09-02,0
2020-10-12,20,2248,2021-09-02,0
2020-10-13,14,2262,2021-09-02,0
2020-10-14,10,2272,2021-09-02,0
2020-10-15,9,2281,2021-09-02,0
2020-10-16,12,2293,2021-09-02,0
2020-10-17,18,2311,2021-09-02,0
2020-10-18,25,2336,2021-09-02,0
2020-10-19,18,2354,2021-09-02,0
2020-10-20,15,2369,2021-09-02,0
2020-10-21,24,2393,2021-09-02,0
2020-10-22,18,2411,2021-09-02,0
2020-10-23,19,2430,2021-09-02,0
2020-10-24,8,2438,2021-09-02,0
2020-10-25,17,2455,2021-09-02,0
2020-10-26,25,2480,2021-09-02,0
2020-10-27,23,2503,2021-09-02,0
2020-10-28,29,2532,2021-09-02,0
2020-10-29,18,2550,2021-09-02,0
2020-10-30,27,2577,2021-09-02,0
2020-10-31,25,2602,2021-09-02,0
2020-11-01,21,2623,2021-09-02,0
2020-11-02,25,2648,2021-09-02,0
2020-11-03,25,2673,2021-09-02,0
2020-11-04,33,2706,2021-09-02,0
2020-11-05,37,2743,2021-09-02,0
2020-11-06,39,2782,2021-09-02,0
2020-11-07,42,2824,2021-09-02,0
2020-11-08,47,2871,2021-09-02,0
2020-11-09,36,2907,2021-09-02,0
2020-11-10,35,2942,2021-09-02,0
2020-11-11,43,2985,2021-09-02,0
2020-11-12,45,3030,2021-09-02,0
2020-11-13,40,3070,2021-09-02,0
2020-11-14,47,3117,2021-09-02,0
2020-11-15,46,3163,2021-09-02,0
2020-11-16,62,3225,2021-09-02,0
2020-11-17,56,3281,2021-09-02,0
2020-11-18,61,3342,2021-09-02,0
2020-11-19,60,3402,2021-09-02,0
2020-11-20,63,3465,2021-09-02,0
2020-11-21,58,3523,2021-09-02,0
2020-11-22,67,3590,2021-09-02,0
2020-11-23,59,3649,2021-09-02,0
2020-11-24,68,3717,2021-09-02,0
2020-11-25,72,3789,2021-09-02,0
2020-11-26,54,3843,2021-09-02,0
2020-11-27,69,3912,2021-09-02,0
2020-11-28,60,3972,2021-09-02,0
2020-11-29,68,4040,2021-09-02,0
2020-11-30,60,4100,2021-09-02,0
2020-12-01,63,4163,2021-09-02,0
2020-12-02,73,4236,2021-09-02,0
2020-12-03,86,4322,2021-09-02,0
2020-12-04,67,4389,2021-09-02,0
2020-12-05,74,4463,2021-09-02,0
2020-12-06,80,4543,2021-09-02,0
2020-12-07,75,4618,2021-09-02,0
2020-12-08,61,4679,2021-09-02,0
2020-12-09,71,4750,2021-09-02,0
2020-12-10,71,4821,2021-09-02,0
2020-12-11,70,4891,2021-09-02,0
2020-12-12,71,4962,2021-09-02,0
2020-12-13,55,5017,2021-09-02,0
2020-12-14,43,5060,2021-09-02,0
2020-12-15,65,5125,2021-09-02,0
2020-12-16,70,5195,2021-09-02,0
2020-12-17,60,5255,2021-09-02,0
2020-12-18,59,5314,2021-09-02,0
2020-12-19,56,5370,2021-09-02,0
2020-12-20,59,5429,2021-09-02,0
2020-12-21,58,5487,2021-09-02,0
2020-12-22,33,5520,2021-09-02,0
2020-12-23,44,5564,2021-09-02,0
2020-12-24,50,5614,2021-09-02,0
2020-12-25,36,5650,2021-09-02,0
2020-12-26,43,5693,2021-09-02,0
2020-12-27,41,5734,2021-09-02,0
2020-12-28,33,5767,2021-09-02,0
2020-12-29,36,5803,2021-09-02,0
2020-12-30,47,5850,2021-09-02,0
2020-12-31,36,5886,2021-09-02,0
2021-01-01,28,5914,2021-09-02,0
2021-01-02,46,5960,2021-09-02,0
2021-01-03,36,5996,2021-09-02,0
2021-01-04,31,6027,2021-09-02,0
2021-01-05,40,6067,2021-09-02,0
2021-01-06,32,6099,2021-09-02,0
2021-01-07,37,6136,2021-09-02,0
2021-01-08,32,6168,2021-09-02,0
2021-01-09,25,6193,2021-09-02,0
2021-01-10,29,6222,2021-09-02,0
2021-01-11,26,6248,2021-09-02,0
2021-01-12,32,6280,2021-09-02,0
2021-01-13,23,6303,2021-09-02,0
2021-01-14,41,6344,2021-09-02,0
2021-01-15,26,6370,2021-09-02,0
2021-01-16,28,6398,2021-09-02,0
2021-01-17,21,6419,2021-09-02,0
2021-01-18,19,6438,2021-09-02,0
2021-01-19,14,6452,2021-09-02,0
2021-01-20,26,6478,2021-09-02,0
2021-01-21,16,6494,2021-09-02,0
2021-01-22,13,6507,2021-09-02,0
2021-01-23,17,6524,2021-09-02,0
2021-01-24,24,6548,2021-09-02,0
2021-01-25,17,6565,2021-09-02,0
2021-01-26,21,6586,2021-09-02,0
2021-01-27,11,6597,2021-09-02,0
2021-01-28,12,6609,2021-09-02,0
2021-01-29,15,6624,2021-09-02,0
2021-01-30,13,6637,2021-09-02,0
2021-01-31,16,6653,2021-09-02,0
2021-02-01,17,6670,2021-09-02,0
2021-02-02,10,6680,2021-09-02,0
2021-02-03,11,6691,2021-09-02,0
2021-02-04,11,6702,2021-09-02,0
2021-02-05,10,6712,2021-09-02,0
2021-02-06,12,6724,2021-09-02,0
2021-02-07,19,6743,2021-09-02,0
2021-02-08,11,6754,2021-09-02,0
2021-02-09,14,6768,2021-09-02,0
2021-02-10,13,6781,2021-09-02,0
2021-02-11,7,6788,2021-09-02,0
2021-02-12,12,6800,2021-09-02,0
2021-02-13,8,6808,2021-09-02,0
2021-02-14,9,6817,2021-09-02,0
2021-02-15,9,6826,2021-09-02,0
2021-02-16,12,6838,2021-09-02,0
2021-02-17,10,6848,2021-09-02,0
2021-02-18,7,6855,2021-09-02,0
2021-02-19,6,6861,2021-09-02,0
2021-02-20,7,6868,2021-09-02,0
2021-02-21,4,6872,2021-09-02,0
2021-02-22,5,6877,2021-09-02,0
2021-02-23,9,6886,2021-09-02,0
2021-02-24,4,6890,2021-09-02,0
2021-02-25,5,6895,2021-09-02,0
2021-02-26,7,6902,2021-09-02,0
2021-02-27,6,6908,2021-09-02,0
2021-02-28,8,6916,2021-09-02,0
2021-03-01,7,6923,2021-09-02,0
2021-03-02,2,6925,2021-09-02,0
2021-03-03,10,6935,2021-09-02,0
2021-03-04,6,6941,2021-09-02,0
2021-03-05,10,6951,2021-09-02,0
2021-03-06,5,6956,2021-09-02,0
2021-03-07,9,6965,2021-09-02,0
2021-03-08,5,6970,2021-09-02,0
2021-03-09,7,6977,2021-09-02,0
2021-03-10,5,6982,2021-09-02,0
2021-03-11,4,6986,2021-09-02,0
2021-03-12,11,6997,2021-09-02,0
2021-03-13,5,7002,2021-09-02,0
2021-03-14,4,7006,2021-09-02,0
2021-03-15,2,7008,2021-09-02,0
2021-03-16,5,7013,2021-09-02,0
2021-03-17,4,7017,2021-09-02,0
2021-03-18,5,7022,2021-09-02,0
2021-03-19,5,7027,2021-09-02,0
2021-03-20,9,7036,2021-09-02,0
2021-03-21,5,7041,2021-09-02,0
2021-03-22,4,7045,2021-09-02,0
2021-03-23,5,7050,2021-09-02,0
2021-03-24,1,7051,2021-09-02,0
2021-03-25,5,7056,2021-09-02,0
2021-03-26,3,7059,2021-09-02,0
2021-03-27,7,7066,2021-09-02,0
2021-03-28,6,7072,2021-09-02,0
2021-03-29,5,7077,2021-09-02,0
2021-03-30,6,7083,2021-09-02,0
2021-03-31,8,7091,2021-09-02,0
2021-04-01,6,7097,2021-09-02,0
2021-04-02,9,7106,2021-09-02,0
2021-04-03,8,7114,2021-09-02,0
2021-04-04,6,7120,2021-09-02,0
2021-04-05,8,7128,2021-09-02,0
2021-04-06,6,7134,2021-09-02,0
2021-04-07,6,7140,2021-09-02,0
2021-04-08,10,7150,2021-09-02,0
2021-04-09,6,7156,2021-09-02,0
2021-04-10,7,7163,2021-09-02,0
2021-04-11,8,7171,2021-09-02,0
2021-04-12,10,7181,2021-09-02,0
2021-04-13,6,7187,2021-09-02,0
2021-04-14,8,7195,2021-09-02,0
2021-04-15,14,7209,2021-09-02,0
2021-04-16,8,7217,2021-09-02,0
2021-04-17,8,7225,2021-09-02,0
2021-04-18,8,7233,2021-09-02,0
2021-04-19,10,7243,2021-09-02,0
2021-04-20,5,7248,2021-09-02,0
2021-04-21,8,7256,2021-09-02,0
2021-04-22,1,7257,2021-09-02,0
2021-04-23,15,7272,2021-09-02,0
2021-04-24,11,7283,2021-09-02,0
2021-04-25,15,7298,2021-09-02,0
2021-04-26,14,7312,2021-09-02,0
2021-04-27,7,7319,2021-09-02,0
2021-04-28,14,7333,2021-09-02,0
2021-04-29,8,7341,2021-09-02,0
2021-04-30,11,7352,2021-09-02,0
2021-05-01,7,7359,2021-09-02,0
2021-05-02,8,7367,2021-09-02,0
2021-05-03,5,7372,2021-09-02,0
2021-05-04,13,7385,2021-09-02,0
2021-05-05,8,7393,2021-09-02,0
2021-05-06,5,7398,2021-09-02,0
2021-05-07,8,7406,2021-09-02,0
2021-05-08,7,7413,2021-09-02,0
2021-05-09,9,7422,2021-09-02,0
2021-05-10,8,7430,2021-09-02,0
2021-05-11,6,7436,2021-09-02,0
2021-05-12,9,7445,2021-09-02,0
2021-05-13,9,7454,2021-09-02,0
2021-05-14,11,7465,2021-09-02,0
2021-05-15,9,7474,2021-09-02,0
2021-05-16,5,7479,2021-09-02,0
2021-05-17,5,7484,2021-09-02,0
2021-05-18,7,7491,2021-09-02,0
2021-05-19,2,7493,2021-09-02,0
2021-05-20,5,7498,2021-09-02,0
2021-05-21,7,7505,2021-09-02,0
2021-05-22,10,7515,2021-09-02,0
2021-05-23,5,7520,2021-09-02,0
2021-05-24,5,7525,2021-09-02,0
2021-05-25,6,7531,2021-09-02,0
2021-05-26,3,7534,2021-09-02,0
2021-05-27,7,7541,2021-09-02,0
2021-05-28,2,7543,2021-09-02,0
2021-05-29,6,7549,2021-09-02,0
2021-05-30,4,7553,2021-09-02,0
2021-05-31,3,7556,2021-09-02,0
2021-06-01,5,7561,2021-09-02,0
2021-06-02,8,7569,2021-09-02,0
2021-06-03,4,7573,2021-09-02,0
2021-06-04,4,7577,2021-09-02,0
2021-06-05,1,7578,2021-09-02,0
2021-06-06,5,7583,2021-09-02,0
2021-06-07,3,7586,2021-09-02,0
2021-06-08,5,7591,2021-09-02,0
2021-06-09,4,7595,2021-09-02,0
2021-06-10,6,7601,2021-09-02,0
2021-06-11,6,7607,2021-09-02,0
2021-06-12,4,7611,2021-09-02,0
2021-06-13,4,7615,2021-09-02,0
2021-06-14,3,7618,2021-09-02,0
2021-06-15,2,7620,2021-09-02,0
2021-06-16,2,7622,2021-09-02,0
2021-06-17,4,7626,2021-09-02,0
2021-06-18,1,7627,2021-09-02,0
2021-06-19,6,7633,2021-09-02,0
2021-06-20,1,7634,2021-09-02,0
2021-06-21,5,7639,2021-09-02,0
2021-06-22,3,7642,2021-09-02,0
2021-06-23,4,7646,2021-09-02,0
2021-06-24,3,7649,2021-09-02,0
2021-06-25,3,7652,2021-09-02,0
2021-06-26,4,7656,2021-09-02,0
2021-06-27,2,7658,2021-09-02,0
2021-06-28,2,7660,2021-09-02,0
2021-06-29,2,7662,2021-09-02,0
2021-06-30,2,7664,2021-09-02,0
2021-07-01,0,7664,2021-09-02,0
2021-07-02,2,7666,2021-09-02,0
2021-07-03,2,7668,2021-09-02,0
2021-07-04,3,7671,2021-09-02,0
2021-07-05,1,7672,2021-09-02,0
2021-07-06,4,7676,2021-09-02,0
2021-07-07,1,7677,2021-09-02,0
2021-07-08,1,7678,2021-09-02,0
2021-07-09,0,7678,2021-09-02,0
2021-07-10,1,7679,2021-09-02,0
2021-07-11,2,7681,2021-09-02,0
2021-07-12,1,7682,2021-09-02,0
2021-07-13,2,7684,2021-09-02,0
2021-07-14,2,7686,2021-09-02,0
2021-07-15,2,7688,2021-09-02,0
2021-07-16,1,7689,2021-09-02,0
2021-07-17,1,7690,2021-09-02,0
2021-07-18,0,7690,2021-09-02,0
2021-07-19,0,7690,2021-09-02,0
2021-07-20,2,7692,2021-09-02,0
2021-07-21,2,7694,2021-09-02,0
2021-07-22,2,7696,2021-09-02,0
2021-07-23,3,7699,2021-09-02,0
2021-07-24,0,7699,2021-09-02,0
2021-07-25,2,7701,2021-09-02,0
2021-07-26,1,7702,2021-09-02,0
2021-07-27,2,7704,2021-09-02,0
2021-07-28,3,7707,2021-09-02,0
2021-07-29,2,7709,2021-09-02,0
2021-07-30,5,7714,2021-09-02,0
2021-07-31,4,7718,2021-09-02,1
2021-08-01,1,7719,2021-09-02,0
2021-08-02,3,7722,2021-09-02,0
2021-08-03,2,7724,2021-09-02,0
2021-08-04,3,7727,2021-09-02,0
2021-08-05,2,7729,2021-09-02,0
2021-08-06,7,7736,2021-09-02,0
2021-08-07,3,7739,2021-09-02,0
2021-08-08,1,7740,2021-09-02,0
2021-08-09,3,7743,2021-09-02,0
2021-08-10,2,7745,2021-09-02,0
2021-08-11,2,7747,2021-09-02,0
2021-08-12,7,7754,2021-09-02,0
2021-08-13,5,7759,2021-09-02,0
2021-08-14,5,7764,2021-09-02,5
2021-08-15,6,7770,2021-09-02,1
2021-08-16,0,7770,2021-09-02,-6
2021-08-17,7,7777,2021-09-02,0
2021-08-18,7,7784,2021-09-02,0
2021-08-19,2,7786,2021-09-02,0
2021-08-20,3,7789,2021-09-02,0
2021-08-21,5,7794,2021-09-02,0
2021-08-22,7,7801,2021-09-02,0
2021-08-23,3,7804,2021-09-02,0
2021-08-24,12,7816,2021-09-02,5
2021-08-25,4,7820,2021-09-02,1
2021-08-26,1,7821,2021-09-02,1
2021-08-27,5,7826,2021-09-02,3
2021-08-28,3,7829,2021-09-02,3
2021-08-29,8,7837,2021-09-02,6
2021-08-30,2,7839,2021-09-02,2
NA,0,7839,2021-09-02,0
2020-03-19,1,1,2021-09-03,0
2020-03-20,0,1,2021-09-03,0
2020-03-21,0,1,2021-09-03,0
2020-03-22,0,1,2021-09-03,0
2020-03-23,0,1,2021-09-03,0
2020-03-24,1,2,2021-09-03,0
2020-03-25,1,3,2021-09-03,0
2020-03-26,1,4,2021-09-03,0
2020-03-27,5,9,2021-09-03,0
2020-03-28,3,12,2021-09-03,0
2020-03-29,0,12,2021-09-03,0
2020-03-30,5,17,2021-09-03,0
2020-03-31,2,19,2021-09-03,0
2020-04-01,5,24,2021-09-03,0
2020-04-02,3,27,2021-09-03,0
2020-04-03,1,28,2021-09-03,0
2020-04-04,5,33,2021-09-03,0
2020-04-05,5,38,2021-09-03,0
2020-04-06,10,48,2021-09-03,0
2020-04-07,6,54,2021-09-03,0
2020-04-08,7,61,2021-09-03,0
2020-04-09,8,69,2021-09-03,0
2020-04-10,6,75,2021-09-03,0
2020-04-11,4,79,2021-09-03,0
2020-04-12,4,83,2021-09-03,0
2020-04-13,10,93,2021-09-03,0
2020-04-14,6,99,2021-09-03,0
2020-04-15,17,116,2021-09-03,0
2020-04-16,10,126,2021-09-03,0
2020-04-17,17,143,2021-09-03,0
2020-04-18,17,160,2021-09-03,0
2020-04-19,16,176,2021-09-03,0
2020-04-20,21,197,2021-09-03,0
2020-04-21,26,223,2021-09-03,0
2020-04-22,21,244,2021-09-03,0
2020-04-23,19,263,2021-09-03,0
2020-04-24,23,286,2021-09-03,0
2020-04-25,18,304,2021-09-03,0
2020-04-26,17,321,2021-09-03,0
2020-04-27,21,342,2021-09-03,0
2020-04-28,16,358,2021-09-03,0
2020-04-29,29,387,2021-09-03,0
2020-04-30,18,405,2021-09-03,0
2020-05-01,30,435,2021-09-03,0
2020-05-02,19,454,2021-09-03,0
2020-05-03,29,483,2021-09-03,0
2020-05-04,23,506,2021-09-03,0
2020-05-05,19,525,2021-09-03,0
2020-05-06,25,550,2021-09-03,0
2020-05-07,30,580,2021-09-03,0
2020-05-08,20,600,2021-09-03,0
2020-05-09,26,626,2021-09-03,0
2020-05-10,19,645,2021-09-03,0
2020-05-11,25,670,2021-09-03,0
2020-05-12,20,690,2021-09-03,0
2020-05-13,22,712,2021-09-03,0
2020-05-14,20,732,2021-09-03,0
2020-05-15,20,752,2021-09-03,0
2020-05-16,20,772,2021-09-03,0
2020-05-17,23,795,2021-09-03,0
2020-05-18,18,813,2021-09-03,0
2020-05-19,35,848,2021-09-03,0
2020-05-20,24,872,2021-09-03,0
2020-05-21,17,889,2021-09-03,0
2020-05-22,20,909,2021-09-03,0
2020-05-23,26,935,2021-09-03,0
2020-05-24,25,960,2021-09-03,0
2020-05-25,30,990,2021-09-03,0
2020-05-26,29,1019,2021-09-03,0
2020-05-27,25,1044,2021-09-03,0
2020-05-28,21,1065,2021-09-03,0
2020-05-29,17,1082,2021-09-03,0
2020-05-30,11,1093,2021-09-03,0
2020-05-31,20,1113,2021-09-03,0
2020-06-01,23,1136,2021-09-03,0
2020-06-02,21,1157,2021-09-03,0
2020-06-03,25,1182,2021-09-03,0
2020-06-04,26,1208,2021-09-03,0
2020-06-05,18,1226,2021-09-03,0
2020-06-06,12,1238,2021-09-03,0
2020-06-07,22,1260,2021-09-03,0
2020-06-08,12,1272,2021-09-03,0
2020-06-09,13,1285,2021-09-03,0
2020-06-10,10,1295,2021-09-03,0
2020-06-11,12,1307,2021-09-03,0
2020-06-12,11,1318,2021-09-03,0
2020-06-13,13,1331,2021-09-03,0
2020-06-14,11,1342,2021-09-03,0
2020-06-15,8,1350,2021-09-03,0
2020-06-16,8,1358,2021-09-03,0
2020-06-17,17,1375,2021-09-03,0
2020-06-18,9,1384,2021-09-03,0
2020-06-19,8,1392,2021-09-03,0
2020-06-20,12,1404,2021-09-03,0
2020-06-21,11,1415,2021-09-03,0
2020-06-22,6,1421,2021-09-03,0
2020-06-23,10,1431,2021-09-03,0
2020-06-24,1,1432,2021-09-03,0
2020-06-25,9,1441,2021-09-03,0
2020-06-26,6,1447,2021-09-03,0
2020-06-27,5,1452,2021-09-03,0
2020-06-28,11,1463,2021-09-03,0
2020-06-29,7,1470,2021-09-03,0
2020-06-30,9,1479,2021-09-03,0
2020-07-01,2,1481,2021-09-03,0
2020-07-02,3,1484,2021-09-03,0
2020-07-03,5,1489,2021-09-03,0
2020-07-04,4,1493,2021-09-03,0
2020-07-05,6,1499,2021-09-03,0
2020-07-06,4,1503,2021-09-03,0
2020-07-07,2,1505,2021-09-03,0
2020-07-08,9,1514,2021-09-03,0
2020-07-09,4,1518,2021-09-03,0
2020-07-10,3,1521,2021-09-03,0
2020-07-11,4,1525,2021-09-03,0
2020-07-12,6,1531,2021-09-03,0
2020-07-13,2,1533,2021-09-03,0
2020-07-14,6,1539,2021-09-03,0
2020-07-15,7,1546,2021-09-03,0
2020-07-16,3,1549,2021-09-03,0
2020-07-17,7,1556,2021-09-03,0
2020-07-18,6,1562,2021-09-03,0
2020-07-19,5,1567,2021-09-03,0
2020-07-20,3,1570,2021-09-03,0
2020-07-21,6,1576,2021-09-03,0
2020-07-22,5,1581,2021-09-03,0
2020-07-23,8,1589,2021-09-03,0
2020-07-24,6,1595,2021-09-03,0
2020-07-25,2,1597,2021-09-03,0
2020-07-26,5,1602,2021-09-03,0
2020-07-27,5,1607,2021-09-03,0
2020-07-28,7,1614,2021-09-03,0
2020-07-29,3,1617,2021-09-03,0
2020-07-30,6,1623,2021-09-03,0
2020-07-31,9,1632,2021-09-03,0
2020-08-01,4,1636,2021-09-03,0
2020-08-02,7,1643,2021-09-03,0
2020-08-03,4,1647,2021-09-03,0
2020-08-04,7,1654,2021-09-03,0
2020-08-05,8,1662,2021-09-03,0
2020-08-06,9,1671,2021-09-03,0
2020-08-07,7,1678,2021-09-03,0
2020-08-08,6,1684,2021-09-03,0
2020-08-09,10,1694,2021-09-03,0
2020-08-10,3,1697,2021-09-03,0
2020-08-11,9,1706,2021-09-03,0
2020-08-12,7,1713,2021-09-03,0
2020-08-13,5,1718,2021-09-03,0
2020-08-14,9,1727,2021-09-03,0
2020-08-15,13,1740,2021-09-03,0
2020-08-16,13,1753,2021-09-03,0
2020-08-17,6,1759,2021-09-03,0
2020-08-18,11,1770,2021-09-03,0
2020-08-19,3,1773,2021-09-03,0
2020-08-20,10,1783,2021-09-03,0
2020-08-21,12,1795,2021-09-03,0
2020-08-22,9,1804,2021-09-03,0
2020-08-23,7,1811,2021-09-03,0
2020-08-24,9,1820,2021-09-03,0
2020-08-25,4,1824,2021-09-03,0
2020-08-26,3,1827,2021-09-03,0
2020-08-27,7,1834,2021-09-03,0
2020-08-28,6,1840,2021-09-03,0
2020-08-29,3,1843,2021-09-03,0
2020-08-30,5,1848,2021-09-03,0
2020-08-31,9,1857,2021-09-03,0
2020-09-01,2,1859,2021-09-03,0
2020-09-02,7,1866,2021-09-03,0
2020-09-03,12,1878,2021-09-03,0
2020-09-04,4,1882,2021-09-03,0
2020-09-05,6,1888,2021-09-03,0
2020-09-06,12,1900,2021-09-03,0
2020-09-07,3,1903,2021-09-03,0
2020-09-08,6,1909,2021-09-03,0
2020-09-09,10,1919,2021-09-03,0
2020-09-10,9,1928,2021-09-03,0
2020-09-11,11,1939,2021-09-03,0
2020-09-12,8,1947,2021-09-03,0
2020-09-13,8,1955,2021-09-03,0
2020-09-14,2,1957,2021-09-03,0
2020-09-15,6,1963,2021-09-03,0
2020-09-16,9,1972,2021-09-03,0
2020-09-17,5,1977,2021-09-03,0
2020-09-18,6,1983,2021-09-03,0
2020-09-19,4,1987,2021-09-03,0
2020-09-20,9,1996,2021-09-03,0
2020-09-21,7,2003,2021-09-03,0
2020-09-22,8,2011,2021-09-03,0
2020-09-23,9,2020,2021-09-03,0
2020-09-24,7,2027,2021-09-03,0
2020-09-25,11,2038,2021-09-03,0
2020-09-26,9,2047,2021-09-03,0
2020-09-27,14,2061,2021-09-03,0
2020-09-28,11,2072,2021-09-03,0
2020-09-29,5,2077,2021-09-03,0
2020-09-30,16,2093,2021-09-03,0
2020-10-01,7,2100,2021-09-03,0
2020-10-02,13,2113,2021-09-03,0
2020-10-03,9,2122,2021-09-03,0
2020-10-04,7,2129,2021-09-03,0
2020-10-05,10,2139,2021-09-03,0
2020-10-06,12,2151,2021-09-03,0
2020-10-07,19,2170,2021-09-03,0
2020-10-08,9,2179,2021-09-03,0
2020-10-09,17,2196,2021-09-03,0
2020-10-10,16,2212,2021-09-03,0
2020-10-11,16,2228,2021-09-03,0
2020-10-12,20,2248,2021-09-03,0
2020-10-13,14,2262,2021-09-03,0
2020-10-14,10,2272,2021-09-03,0
2020-10-15,9,2281,2021-09-03,0
2020-10-16,12,2293,2021-09-03,0
2020-10-17,18,2311,2021-09-03,0
2020-10-18,25,2336,2021-09-03,0
2020-10-19,18,2354,2021-09-03,0
2020-10-20,15,2369,2021-09-03,0
2020-10-21,24,2393,2021-09-03,0
2020-10-22,18,2411,2021-09-03,0
2020-10-23,19,2430,2021-09-03,0
2020-10-24,8,2438,2021-09-03,0
2020-10-25,17,2455,2021-09-03,0
2020-10-26,25,2480,2021-09-03,0
2020-10-27,23,2503,2021-09-03,0
2020-10-28,29,2532,2021-09-03,0
2020-10-29,18,2550,2021-09-03,0
2020-10-30,27,2577,2021-09-03,0
2020-10-31,25,2602,2021-09-03,0
2020-11-01,21,2623,2021-09-03,0
2020-11-02,25,2648,2021-09-03,0
2020-11-03,25,2673,2021-09-03,0
2020-11-04,33,2706,2021-09-03,0
2020-11-05,37,2743,2021-09-03,0
2020-11-06,39,2782,2021-09-03,0
2020-11-07,42,2824,2021-09-03,0
2020-11-08,47,2871,2021-09-03,0
2020-11-09,36,2907,2021-09-03,0
2020-11-10,35,2942,2021-09-03,0
2020-11-11,43,2985,2021-09-03,0
2020-11-12,45,3030,2021-09-03,0
2020-11-13,40,3070,2021-09-03,0
2020-11-14,47,3117,2021-09-03,0
2020-11-15,46,3163,2021-09-03,0
2020-11-16,62,3225,2021-09-03,0
2020-11-17,56,3281,2021-09-03,0
2020-11-18,61,3342,2021-09-03,0
2020-11-19,60,3402,2021-09-03,0
2020-11-20,63,3465,2021-09-03,0
2020-11-21,58,3523,2021-09-03,0
2020-11-22,67,3590,2021-09-03,0
2020-11-23,59,3649,2021-09-03,0
2020-11-24,68,3717,2021-09-03,0
2020-11-25,72,3789,2021-09-03,0
2020-11-26,54,3843,2021-09-03,0
2020-11-27,69,3912,2021-09-03,0
2020-11-28,60,3972,2021-09-03,0
2020-11-29,68,4040,2021-09-03,0
2020-11-30,60,4100,2021-09-03,0
2020-12-01,63,4163,2021-09-03,0
2020-12-02,73,4236,2021-09-03,0
2020-12-03,86,4322,2021-09-03,0
2020-12-04,67,4389,2021-09-03,0
2020-12-05,74,4463,2021-09-03,0
2020-12-06,80,4543,2021-09-03,0
2020-12-07,75,4618,2021-09-03,0
2020-12-08,61,4679,2021-09-03,0
2020-12-09,71,4750,2021-09-03,0
2020-12-10,71,4821,2021-09-03,0
2020-12-11,70,4891,2021-09-03,0
2020-12-12,71,4962,2021-09-03,0
2020-12-13,55,5017,2021-09-03,0
2020-12-14,43,5060,2021-09-03,0
2020-12-15,65,5125,2021-09-03,0
2020-12-16,70,5195,2021-09-03,0
2020-12-17,60,5255,2021-09-03,0
2020-12-18,59,5314,2021-09-03,0
2020-12-19,56,5370,2021-09-03,0
2020-12-20,59,5429,2021-09-03,0
2020-12-21,58,5487,2021-09-03,0
2020-12-22,33,5520,2021-09-03,0
2020-12-23,44,5564,2021-09-03,0
2020-12-24,50,5614,2021-09-03,0
2020-12-25,36,5650,2021-09-03,0
2020-12-26,43,5693,2021-09-03,0
2020-12-27,41,5734,2021-09-03,0
2020-12-28,33,5767,2021-09-03,0
2020-12-29,36,5803,2021-09-03,0
2020-12-30,47,5850,2021-09-03,0
2020-12-31,36,5886,2021-09-03,0
2021-01-01,28,5914,2021-09-03,0
2021-01-02,46,5960,2021-09-03,0
2021-01-03,36,5996,2021-09-03,0
2021-01-04,31,6027,2021-09-03,0
2021-01-05,40,6067,2021-09-03,0
2021-01-06,32,6099,2021-09-03,0
2021-01-07,37,6136,2021-09-03,0
2021-01-08,32,6168,2021-09-03,0
2021-01-09,25,6193,2021-09-03,0
2021-01-10,29,6222,2021-09-03,0
2021-01-11,26,6248,2021-09-03,0
2021-01-12,32,6280,2021-09-03,0
2021-01-13,23,6303,2021-09-03,0
2021-01-14,41,6344,2021-09-03,0
2021-01-15,26,6370,2021-09-03,0
2021-01-16,28,6398,2021-09-03,0
2021-01-17,21,6419,2021-09-03,0
2021-01-18,19,6438,2021-09-03,0
2021-01-19,14,6452,2021-09-03,0
2021-01-20,26,6478,2021-09-03,0
2021-01-21,16,6494,2021-09-03,0
2021-01-22,13,6507,2021-09-03,0
2021-01-23,17,6524,2021-09-03,0
2021-01-24,24,6548,2021-09-03,0
2021-01-25,17,6565,2021-09-03,0
2021-01-26,21,6586,2021-09-03,0
2021-01-27,11,6597,2021-09-03,0
2021-01-28,12,6609,2021-09-03,0
2021-01-29,15,6624,2021-09-03,0
2021-01-30,13,6637,2021-09-03,0
2021-01-31,16,6653,2021-09-03,0
2021-02-01,17,6670,2021-09-03,0
2021-02-02,10,6680,2021-09-03,0
2021-02-03,11,6691,2021-09-03,0
2021-02-04,11,6702,2021-09-03,0
2021-02-05,10,6712,2021-09-03,0
2021-02-06,12,6724,2021-09-03,0
2021-02-07,19,6743,2021-09-03,0
2021-02-08,11,6754,2021-09-03,0
2021-02-09,14,6768,2021-09-03,0
2021-02-10,13,6781,2021-09-03,0
2021-02-11,7,6788,2021-09-03,0
2021-02-12,12,6800,2021-09-03,0
2021-02-13,8,6808,2021-09-03,0
2021-02-14,9,6817,2021-09-03,0
2021-02-15,9,6826,2021-09-03,0
2021-02-16,12,6838,2021-09-03,0
2021-02-17,10,6848,2021-09-03,0
2021-02-18,7,6855,2021-09-03,0
2021-02-19,6,6861,2021-09-03,0
2021-02-20,7,6868,2021-09-03,0
2021-02-21,4,6872,2021-09-03,0
2021-02-22,5,6877,2021-09-03,0
2021-02-23,9,6886,2021-09-03,0
2021-02-24,4,6890,2021-09-03,0
2021-02-25,5,6895,2021-09-03,0
2021-02-26,7,6902,2021-09-03,0
2021-02-27,6,6908,2021-09-03,0
2021-02-28,8,6916,2021-09-03,0
2021-03-01,7,6923,2021-09-03,0
2021-03-02,2,6925,2021-09-03,0
2021-03-03,10,6935,2021-09-03,0
2021-03-04,6,6941,2021-09-03,0
2021-03-05,10,6951,2021-09-03,0
2021-03-06,5,6956,2021-09-03,0
2021-03-07,9,6965,2021-09-03,0
2021-03-08,5,6970,2021-09-03,0
2021-03-09,7,6977,2021-09-03,0
2021-03-10,5,6982,2021-09-03,0
2021-03-11,4,6986,2021-09-03,0
2021-03-12,11,6997,2021-09-03,0
2021-03-13,5,7002,2021-09-03,0
2021-03-14,4,7006,2021-09-03,0
2021-03-15,2,7008,2021-09-03,0
2021-03-16,5,7013,2021-09-03,0
2021-03-17,4,7017,2021-09-03,0
2021-03-18,5,7022,2021-09-03,0
2021-03-19,5,7027,2021-09-03,0
2021-03-20,9,7036,2021-09-03,0
2021-03-21,5,7041,2021-09-03,0
2021-03-22,4,7045,2021-09-03,0
2021-03-23,5,7050,2021-09-03,0
2021-03-24,1,7051,2021-09-03,0
2021-03-25,5,7056,2021-09-03,0
2021-03-26,3,7059,2021-09-03,0
2021-03-27,7,7066,2021-09-03,0
2021-03-28,6,7072,2021-09-03,0
2021-03-29,5,7077,2021-09-03,0
2021-03-30,6,7083,2021-09-03,0
2021-03-31,8,7091,2021-09-03,0
2021-04-01,6,7097,2021-09-03,0
2021-04-02,9,7106,2021-09-03,0
2021-04-03,8,7114,2021-09-03,0
2021-04-04,6,7120,2021-09-03,0
2021-04-05,8,7128,2021-09-03,0
2021-04-06,6,7134,2021-09-03,0
2021-04-07,6,7140,2021-09-03,0
2021-04-08,10,7150,2021-09-03,0
2021-04-09,6,7156,2021-09-03,0
2021-04-10,7,7163,2021-09-03,0
2021-04-11,8,7171,2021-09-03,0
2021-04-12,10,7181,2021-09-03,0
2021-04-13,6,7187,2021-09-03,0
2021-04-14,8,7195,2021-09-03,0
2021-04-15,14,7209,2021-09-03,0
2021-04-16,8,7217,2021-09-03,0
2021-04-17,8,7225,2021-09-03,0
2021-04-18,8,7233,2021-09-03,0
2021-04-19,10,7243,2021-09-03,0
2021-04-20,5,7248,2021-09-03,0
2021-04-21,8,7256,2021-09-03,0
2021-04-22,1,7257,2021-09-03,0
2021-04-23,15,7272,2021-09-03,0
2021-04-24,11,7283,2021-09-03,0
2021-04-25,15,7298,2021-09-03,0
2021-04-26,14,7312,2021-09-03,0
2021-04-27,7,7319,2021-09-03,0
2021-04-28,14,7333,2021-09-03,0
2021-04-29,8,7341,2021-09-03,0
2021-04-30,11,7352,2021-09-03,0
2021-05-01,7,7359,2021-09-03,0
2021-05-02,8,7367,2021-09-03,0
2021-05-03,5,7372,2021-09-03,0
2021-05-04,13,7385,2021-09-03,0
2021-05-05,8,7393,2021-09-03,0
2021-05-06,5,7398,2021-09-03,0
2021-05-07,8,7406,2021-09-03,0
2021-05-08,7,7413,2021-09-03,0
2021-05-09,9,7422,2021-09-03,0
2021-05-10,8,7430,2021-09-03,0
2021-05-11,6,7436,2021-09-03,0
2021-05-12,9,7445,2021-09-03,0
2021-05-13,9,7454,2021-09-03,0
2021-05-14,11,7465,2021-09-03,0
2021-05-15,9,7474,2021-09-03,0
2021-05-16,5,7479,2021-09-03,0
2021-05-17,5,7484,2021-09-03,0
2021-05-18,7,7491,2021-09-03,0
2021-05-19,2,7493,2021-09-03,0
2021-05-20,5,7498,2021-09-03,0
2021-05-21,7,7505,2021-09-03,0
2021-05-22,10,7515,2021-09-03,0
2021-05-23,5,7520,2021-09-03,0
2021-05-24,5,7525,2021-09-03,0
2021-05-25,6,7531,2021-09-03,0
2021-05-26,3,7534,2021-09-03,0
2021-05-27,7,7541,2021-09-03,0
2021-05-28,2,7543,2021-09-03,0
2021-05-29,6,7549,2021-09-03,0
2021-05-30,4,7553,2021-09-03,0
2021-05-31,3,7556,2021-09-03,0
2021-06-01,5,7561,2021-09-03,0
2021-06-02,8,7569,2021-09-03,0
2021-06-03,4,7573,2021-09-03,0
2021-06-04,4,7577,2021-09-03,0
2021-06-05,1,7578,2021-09-03,0
2021-06-06,5,7583,2021-09-03,0
2021-06-07,3,7586,2021-09-03,0
2021-06-08,5,7591,2021-09-03,0
2021-06-09,4,7595,2021-09-03,0
2021-06-10,6,7601,2021-09-03,0
2021-06-11,6,7607,2021-09-03,0
2021-06-12,4,7611,2021-09-03,0
2021-06-13,4,7615,2021-09-03,0
2021-06-14,3,7618,2021-09-03,0
2021-06-15,2,7620,2021-09-03,0
2021-06-16,2,7622,2021-09-03,0
2021-06-17,4,7626,2021-09-03,0
2021-06-18,1,7627,2021-09-03,0
2021-06-19,6,7633,2021-09-03,0
2021-06-20,1,7634,2021-09-03,0
2021-06-21,5,7639,2021-09-03,0
2021-06-22,3,7642,2021-09-03,0
2021-06-23,4,7646,2021-09-03,0
2021-06-24,3,7649,2021-09-03,0
2021-06-25,3,7652,2021-09-03,0
2021-06-26,4,7656,2021-09-03,0
2021-06-27,2,7658,2021-09-03,0
2021-06-28,2,7660,2021-09-03,0
2021-06-29,2,7662,2021-09-03,0
2021-06-30,2,7664,2021-09-03,0
2021-07-01,0,7664,2021-09-03,0
2021-07-02,2,7666,2021-09-03,0
2021-07-03,2,7668,2021-09-03,0
2021-07-04,3,7671,2021-09-03,0
2021-07-05,1,7672,2021-09-03,0
2021-07-06,4,7676,2021-09-03,0
2021-07-07,1,7677,2021-09-03,0
2021-07-08,1,7678,2021-09-03,0
2021-07-09,0,7678,2021-09-03,0
2021-07-10,1,7679,2021-09-03,0
2021-07-11,2,7681,2021-09-03,0
2021-07-12,1,7682,2021-09-03,0
2021-07-13,2,7684,2021-09-03,0
2021-07-14,2,7686,2021-09-03,0
2021-07-15,2,7688,2021-09-03,0
2021-07-16,1,7689,2021-09-03,0
2021-07-17,1,7690,2021-09-03,0
2021-07-18,0,7690,2021-09-03,0
2021-07-19,0,7690,2021-09-03,0
2021-07-20,2,7692,2021-09-03,0
2021-07-21,2,7694,2021-09-03,0
2021-07-22,2,7696,2021-09-03,0
2021-07-23,3,7699,2021-09-03,0
2021-07-24,0,7699,2021-09-03,0
2021-07-25,2,7701,2021-09-03,0
2021-07-26,1,7702,2021-09-03,0
2021-07-27,2,7704,2021-09-03,0
2021-07-28,3,7707,2021-09-03,0
2021-07-29,2,7709,2021-09-03,0
2021-07-30,5,7714,2021-09-03,0
2021-07-31,4,7718,2021-09-03,0
2021-08-01,1,7719,2021-09-03,0
2021-08-02,3,7722,2021-09-03,0
2021-08-03,2,7724,2021-09-03,0
2021-08-04,3,7727,2021-09-03,0
2021-08-05,2,7729,2021-09-03,0
2021-08-06,7,7736,2021-09-03,0
2021-08-07,3,7739,2021-09-03,0
2021-08-08,1,7740,2021-09-03,0
2021-08-09,3,7743,2021-09-03,0
2021-08-10,2,7745,2021-09-03,0
2021-08-11,2,7747,2021-09-03,0
2021-08-12,7,7754,2021-09-03,0
2021-08-13,5,7759,2021-09-03,0
2021-08-14,6,7765,2021-09-03,1
2021-08-15,0,7765,2021-09-03,-6
2021-08-16,6,7771,2021-09-03,6
2021-08-17,7,7778,2021-09-03,0
2021-08-18,7,7785,2021-09-03,0
2021-08-19,2,7787,2021-09-03,0
2021-08-20,3,7790,2021-09-03,0
2021-08-21,5,7795,2021-09-03,0
2021-08-22,7,7802,2021-09-03,0
2021-08-23,3,7805,2021-09-03,0
2021-08-24,12,7817,2021-09-03,0
2021-08-25,6,7823,2021-09-03,2
2021-08-26,1,7824,2021-09-03,0
2021-08-27,5,7829,2021-09-03,0
2021-08-28,4,7833,2021-09-03,1
2021-08-29,8,7841,2021-09-03,0
2021-08-30,2,7843,2021-09-03,0
2021-08-31,1,7844,2021-09-03,1
NA,0,7844,2021-09-03,0
2020-03-19,1,1,2021-09-07,0
2020-03-20,0,1,2021-09-07,0
2020-03-21,0,1,2021-09-07,0
2020-03-22,0,1,2021-09-07,0
2020-03-23,0,1,2021-09-07,0
2020-03-24,1,2,2021-09-07,0
2020-03-25,1,3,2021-09-07,0
2020-03-26,1,4,2021-09-07,0
2020-03-27,5,9,2021-09-07,0
2020-03-28,3,12,2021-09-07,0
2020-03-29,0,12,2021-09-07,0
2020-03-30,5,17,2021-09-07,0
2020-03-31,2,19,2021-09-07,0
2020-04-01,5,24,2021-09-07,0
2020-04-02,3,27,2021-09-07,0
2020-04-03,1,28,2021-09-07,0
2020-04-04,5,33,2021-09-07,0
2020-04-05,5,38,2021-09-07,0
2020-04-06,10,48,2021-09-07,0
2020-04-07,6,54,2021-09-07,0
2020-04-08,7,61,2021-09-07,0
2020-04-09,8,69,2021-09-07,0
2020-04-10,6,75,2021-09-07,0
2020-04-11,4,79,2021-09-07,0
2020-04-12,4,83,2021-09-07,0
2020-04-13,10,93,2021-09-07,0
2020-04-14,6,99,2021-09-07,0
2020-04-15,17,116,2021-09-07,0
2020-04-16,10,126,2021-09-07,0
2020-04-17,17,143,2021-09-07,0
2020-04-18,17,160,2021-09-07,0
2020-04-19,16,176,2021-09-07,0
2020-04-20,21,197,2021-09-07,0
2020-04-21,26,223,2021-09-07,0
2020-04-22,21,244,2021-09-07,0
2020-04-23,19,263,2021-09-07,0
2020-04-24,23,286,2021-09-07,0
2020-04-25,18,304,2021-09-07,0
2020-04-26,17,321,2021-09-07,0
2020-04-27,21,342,2021-09-07,0
2020-04-28,16,358,2021-09-07,0
2020-04-29,29,387,2021-09-07,0
2020-04-30,18,405,2021-09-07,0
2020-05-01,30,435,2021-09-07,0
2020-05-02,19,454,2021-09-07,0
2020-05-03,29,483,2021-09-07,0
2020-05-04,23,506,2021-09-07,0
2020-05-05,19,525,2021-09-07,0
2020-05-06,25,550,2021-09-07,0
2020-05-07,30,580,2021-09-07,0
2020-05-08,20,600,2021-09-07,0
2020-05-09,26,626,2021-09-07,0
2020-05-10,19,645,2021-09-07,0
2020-05-11,25,670,2021-09-07,0
2020-05-12,20,690,2021-09-07,0
2020-05-13,22,712,2021-09-07,0
2020-05-14,20,732,2021-09-07,0
2020-05-15,20,752,2021-09-07,0
2020-05-16,20,772,2021-09-07,0
2020-05-17,23,795,2021-09-07,0
2020-05-18,18,813,2021-09-07,0
2020-05-19,35,848,2021-09-07,0
2020-05-20,24,872,2021-09-07,0
2020-05-21,17,889,2021-09-07,0
2020-05-22,20,909,2021-09-07,0
2020-05-23,26,935,2021-09-07,0
2020-05-24,25,960,2021-09-07,0
2020-05-25,30,990,2021-09-07,0
2020-05-26,29,1019,2021-09-07,0
2020-05-27,25,1044,2021-09-07,0
2020-05-28,21,1065,2021-09-07,0
2020-05-29,17,1082,2021-09-07,0
2020-05-30,11,1093,2021-09-07,0
2020-05-31,20,1113,2021-09-07,0
2020-06-01,23,1136,2021-09-07,0
2020-06-02,21,1157,2021-09-07,0
2020-06-03,25,1182,2021-09-07,0
2020-06-04,26,1208,2021-09-07,0
2020-06-05,18,1226,2021-09-07,0
2020-06-06,12,1238,2021-09-07,0
2020-06-07,22,1260,2021-09-07,0
2020-06-08,12,1272,2021-09-07,0
2020-06-09,13,1285,2021-09-07,0
2020-06-10,10,1295,2021-09-07,0
2020-06-11,12,1307,2021-09-07,0
2020-06-12,11,1318,2021-09-07,0
2020-06-13,13,1331,2021-09-07,0
2020-06-14,11,1342,2021-09-07,0
2020-06-15,8,1350,2021-09-07,0
2020-06-16,8,1358,2021-09-07,0
2020-06-17,17,1375,2021-09-07,0
2020-06-18,9,1384,2021-09-07,0
2020-06-19,8,1392,2021-09-07,0
2020-06-20,12,1404,2021-09-07,0
2020-06-21,11,1415,2021-09-07,0
2020-06-22,6,1421,2021-09-07,0
2020-06-23,10,1431,2021-09-07,0
2020-06-24,1,1432,2021-09-07,0
2020-06-25,9,1441,2021-09-07,0
2020-06-26,6,1447,2021-09-07,0
2020-06-27,5,1452,2021-09-07,0
2020-06-28,11,1463,2021-09-07,0
2020-06-29,7,1470,2021-09-07,0
2020-06-30,9,1479,2021-09-07,0
2020-07-01,2,1481,2021-09-07,0
2020-07-02,3,1484,2021-09-07,0
2020-07-03,5,1489,2021-09-07,0
2020-07-04,4,1493,2021-09-07,0
2020-07-05,6,1499,2021-09-07,0
2020-07-06,4,1503,2021-09-07,0
2020-07-07,2,1505,2021-09-07,0
2020-07-08,9,1514,2021-09-07,0
2020-07-09,4,1518,2021-09-07,0
2020-07-10,3,1521,2021-09-07,0
2020-07-11,4,1525,2021-09-07,0
2020-07-12,6,1531,2021-09-07,0
2020-07-13,2,1533,2021-09-07,0
2020-07-14,6,1539,2021-09-07,0
2020-07-15,7,1546,2021-09-07,0
2020-07-16,3,1549,2021-09-07,0
2020-07-17,7,1556,2021-09-07,0
2020-07-18,6,1562,2021-09-07,0
2020-07-19,5,1567,2021-09-07,0
2020-07-20,3,1570,2021-09-07,0
2020-07-21,6,1576,2021-09-07,0
2020-07-22,5,1581,2021-09-07,0
2020-07-23,8,1589,2021-09-07,0
2020-07-24,6,1595,2021-09-07,0
2020-07-25,2,1597,2021-09-07,0
2020-07-26,5,1602,2021-09-07,0
2020-07-27,5,1607,2021-09-07,0
2020-07-28,7,1614,2021-09-07,0
2020-07-29,3,1617,2021-09-07,0
2020-07-30,6,1623,2021-09-07,0
2020-07-31,9,1632,2021-09-07,0
2020-08-01,4,1636,2021-09-07,0
2020-08-02,7,1643,2021-09-07,0
2020-08-03,4,1647,2021-09-07,0
2020-08-04,7,1654,2021-09-07,0
2020-08-05,8,1662,2021-09-07,0
2020-08-06,9,1671,2021-09-07,0
2020-08-07,7,1678,2021-09-07,0
2020-08-08,6,1684,2021-09-07,0
2020-08-09,10,1694,2021-09-07,0
2020-08-10,3,1697,2021-09-07,0
2020-08-11,9,1706,2021-09-07,0
2020-08-12,7,1713,2021-09-07,0
2020-08-13,5,1718,2021-09-07,0
2020-08-14,9,1727,2021-09-07,0
2020-08-15,13,1740,2021-09-07,0
2020-08-16,13,1753,2021-09-07,0
2020-08-17,6,1759,2021-09-07,0
2020-08-18,11,1770,2021-09-07,0
2020-08-19,3,1773,2021-09-07,0
2020-08-20,10,1783,2021-09-07,0
2020-08-21,12,1795,2021-09-07,0
2020-08-22,9,1804,2021-09-07,0
2020-08-23,7,1811,2021-09-07,0
2020-08-24,9,1820,2021-09-07,0
2020-08-25,4,1824,2021-09-07,0
2020-08-26,3,1827,2021-09-07,0
2020-08-27,7,1834,2021-09-07,0
2020-08-28,6,1840,2021-09-07,0
2020-08-29,3,1843,2021-09-07,0
2020-08-30,5,1848,2021-09-07,0
2020-08-31,9,1857,2021-09-07,0
2020-09-01,2,1859,2021-09-07,0
2020-09-02,7,1866,2021-09-07,0
2020-09-03,12,1878,2021-09-07,0
2020-09-04,4,1882,2021-09-07,0
2020-09-05,6,1888,2021-09-07,0
2020-09-06,12,1900,2021-09-07,0
2020-09-07,3,1903,2021-09-07,0
2020-09-08,6,1909,2021-09-07,0
2020-09-09,10,1919,2021-09-07,0
2020-09-10,9,1928,2021-09-07,0
2020-09-11,11,1939,2021-09-07,0
2020-09-12,8,1947,2021-09-07,0
2020-09-13,8,1955,2021-09-07,0
2020-09-14,2,1957,2021-09-07,0
2020-09-15,6,1963,2021-09-07,0
2020-09-16,9,1972,2021-09-07,0
2020-09-17,5,1977,2021-09-07,0
2020-09-18,6,1983,2021-09-07,0
2020-09-19,4,1987,2021-09-07,0
2020-09-20,9,1996,2021-09-07,0
2020-09-21,7,2003,2021-09-07,0
2020-09-22,8,2011,2021-09-07,0
2020-09-23,9,2020,2021-09-07,0
2020-09-24,7,2027,2021-09-07,0
2020-09-25,11,2038,2021-09-07,0
2020-09-26,9,2047,2021-09-07,0
2020-09-27,14,2061,2021-09-07,0
2020-09-28,11,2072,2021-09-07,0
2020-09-29,5,2077,2021-09-07,0
2020-09-30,16,2093,2021-09-07,0
2020-10-01,7,2100,2021-09-07,0
2020-10-02,13,2113,2021-09-07,0
2020-10-03,9,2122,2021-09-07,0
2020-10-04,7,2129,2021-09-07,0
2020-10-05,10,2139,2021-09-07,0
2020-10-06,12,2151,2021-09-07,0
2020-10-07,19,2170,2021-09-07,0
2020-10-08,9,2179,2021-09-07,0
2020-10-09,17,2196,2021-09-07,0
2020-10-10,16,2212,2021-09-07,0
2020-10-11,16,2228,2021-09-07,0
2020-10-12,20,2248,2021-09-07,0
2020-10-13,14,2262,2021-09-07,0
2020-10-14,10,2272,2021-09-07,0
2020-10-15,9,2281,2021-09-07,0
2020-10-16,12,2293,2021-09-07,0
2020-10-17,18,2311,2021-09-07,0
2020-10-18,25,2336,2021-09-07,0
2020-10-19,18,2354,2021-09-07,0
2020-10-20,15,2369,2021-09-07,0
2020-10-21,24,2393,2021-09-07,0
2020-10-22,18,2411,2021-09-07,0
2020-10-23,19,2430,2021-09-07,0
2020-10-24,8,2438,2021-09-07,0
2020-10-25,17,2455,2021-09-07,0
2020-10-26,25,2480,2021-09-07,0
2020-10-27,23,2503,2021-09-07,0
2020-10-28,29,2532,2021-09-07,0
2020-10-29,18,2550,2021-09-07,0
2020-10-30,27,2577,2021-09-07,0
2020-10-31,25,2602,2021-09-07,0
2020-11-01,21,2623,2021-09-07,0
2020-11-02,25,2648,2021-09-07,0
2020-11-03,25,2673,2021-09-07,0
2020-11-04,33,2706,2021-09-07,0
2020-11-05,37,2743,2021-09-07,0
2020-11-06,39,2782,2021-09-07,0
2020-11-07,42,2824,2021-09-07,0
2020-11-08,47,2871,2021-09-07,0
2020-11-09,36,2907,2021-09-07,0
2020-11-10,35,2942,2021-09-07,0
2020-11-11,43,2985,2021-09-07,0
2020-11-12,45,3030,2021-09-07,0
2020-11-13,40,3070,2021-09-07,0
2020-11-14,47,3117,2021-09-07,0
2020-11-15,46,3163,2021-09-07,0
2020-11-16,62,3225,2021-09-07,0
2020-11-17,56,3281,2021-09-07,0
2020-11-18,61,3342,2021-09-07,0
2020-11-19,60,3402,2021-09-07,0
2020-11-20,63,3465,2021-09-07,0
2020-11-21,58,3523,2021-09-07,0
2020-11-22,67,3590,2021-09-07,0
2020-11-23,59,3649,2021-09-07,0
2020-11-24,68,3717,2021-09-07,0
2020-11-25,72,3789,2021-09-07,0
2020-11-26,54,3843,2021-09-07,0
2020-11-27,69,3912,2021-09-07,0
2020-11-28,60,3972,2021-09-07,0
2020-11-29,68,4040,2021-09-07,0
2020-11-30,60,4100,2021-09-07,0
2020-12-01,63,4163,2021-09-07,0
2020-12-02,73,4236,2021-09-07,0
2020-12-03,86,4322,2021-09-07,0
2020-12-04,67,4389,2021-09-07,0
2020-12-05,74,4463,2021-09-07,0
2020-12-06,80,4543,2021-09-07,0
2020-12-07,75,4618,2021-09-07,0
2020-12-08,61,4679,2021-09-07,0
2020-12-09,71,4750,2021-09-07,0
2020-12-10,71,4821,2021-09-07,0
2020-12-11,70,4891,2021-09-07,0
2020-12-12,71,4962,2021-09-07,0
2020-12-13,55,5017,2021-09-07,0
2020-12-14,43,5060,2021-09-07,0
2020-12-15,65,5125,2021-09-07,0
2020-12-16,70,5195,2021-09-07,0
2020-12-17,60,5255,2021-09-07,0
2020-12-18,59,5314,2021-09-07,0
2020-12-19,56,5370,2021-09-07,0
2020-12-20,59,5429,2021-09-07,0
2020-12-21,58,5487,2021-09-07,0
2020-12-22,33,5520,2021-09-07,0
2020-12-23,44,5564,2021-09-07,0
2020-12-24,50,5614,2021-09-07,0
2020-12-25,36,5650,2021-09-07,0
2020-12-26,43,5693,2021-09-07,0
2020-12-27,41,5734,2021-09-07,0
2020-12-28,33,5767,2021-09-07,0
2020-12-29,36,5803,2021-09-07,0
2020-12-30,47,5850,2021-09-07,0
2020-12-31,36,5886,2021-09-07,0
2021-01-01,28,5914,2021-09-07,0
2021-01-02,46,5960,2021-09-07,0
2021-01-03,36,5996,2021-09-07,0
2021-01-04,31,6027,2021-09-07,0
2021-01-05,40,6067,2021-09-07,0
2021-01-06,32,6099,2021-09-07,0
2021-01-07,37,6136,2021-09-07,0
2021-01-08,32,6168,2021-09-07,0
2021-01-09,25,6193,2021-09-07,0
2021-01-10,29,6222,2021-09-07,0
2021-01-11,26,6248,2021-09-07,0
2021-01-12,32,6280,2021-09-07,0
2021-01-13,23,6303,2021-09-07,0
2021-01-14,41,6344,2021-09-07,0
2021-01-15,26,6370,2021-09-07,0
2021-01-16,28,6398,2021-09-07,0
2021-01-17,21,6419,2021-09-07,0
2021-01-18,19,6438,2021-09-07,0
2021-01-19,14,6452,2021-09-07,0
2021-01-20,26,6478,2021-09-07,0
2021-01-21,16,6494,2021-09-07,0
2021-01-22,13,6507,2021-09-07,0
2021-01-23,17,6524,2021-09-07,0
2021-01-24,24,6548,2021-09-07,0
2021-01-25,17,6565,2021-09-07,0
2021-01-26,21,6586,2021-09-07,0
2021-01-27,11,6597,2021-09-07,0
2021-01-28,12,6609,2021-09-07,0
2021-01-29,15,6624,2021-09-07,0
2021-01-30,13,6637,2021-09-07,0
2021-01-31,16,6653,2021-09-07,0
2021-02-01,17,6670,2021-09-07,0
2021-02-02,10,6680,2021-09-07,0
2021-02-03,11,6691,2021-09-07,0
2021-02-04,11,6702,2021-09-07,0
2021-02-05,10,6712,2021-09-07,0
2021-02-06,12,6724,2021-09-07,0
2021-02-07,19,6743,2021-09-07,0
2021-02-08,11,6754,2021-09-07,0
2021-02-09,14,6768,2021-09-07,0
2021-02-10,13,6781,2021-09-07,0
2021-02-11,7,6788,2021-09-07,0
2021-02-12,12,6800,2021-09-07,0
2021-02-13,8,6808,2021-09-07,0
2021-02-14,9,6817,2021-09-07,0
2021-02-15,9,6826,2021-09-07,0
2021-02-16,12,6838,2021-09-07,0
2021-02-17,10,6848,2021-09-07,0
2021-02-18,7,6855,2021-09-07,0
2021-02-19,6,6861,2021-09-07,0
2021-02-20,7,6868,2021-09-07,0
2021-02-21,4,6872,2021-09-07,0
2021-02-22,5,6877,2021-09-07,0
2021-02-23,9,6886,2021-09-07,0
2021-02-24,4,6890,2021-09-07,0
2021-02-25,5,6895,2021-09-07,0
2021-02-26,7,6902,2021-09-07,0
2021-02-27,6,6908,2021-09-07,0
2021-02-28,8,6916,2021-09-07,0
2021-03-01,7,6923,2021-09-07,0
2021-03-02,2,6925,2021-09-07,0
2021-03-03,10,6935,2021-09-07,0
2021-03-04,6,6941,2021-09-07,0
2021-03-05,10,6951,2021-09-07,0
2021-03-06,5,6956,2021-09-07,0
2021-03-07,9,6965,2021-09-07,0
2021-03-08,5,6970,2021-09-07,0
2021-03-09,7,6977,2021-09-07,0
2021-03-10,5,6982,2021-09-07,0
2021-03-11,4,6986,2021-09-07,0
2021-03-12,11,6997,2021-09-07,0
2021-03-13,5,7002,2021-09-07,0
2021-03-14,4,7006,2021-09-07,0
2021-03-15,2,7008,2021-09-07,0
2021-03-16,5,7013,2021-09-07,0
2021-03-17,4,7017,2021-09-07,0
2021-03-18,5,7022,2021-09-07,0
2021-03-19,5,7027,2021-09-07,0
2021-03-20,9,7036,2021-09-07,0
2021-03-21,5,7041,2021-09-07,0
2021-03-22,4,7045,2021-09-07,0
2021-03-23,5,7050,2021-09-07,0
2021-03-24,1,7051,2021-09-07,0
2021-03-25,5,7056,2021-09-07,0
2021-03-26,3,7059,2021-09-07,0
2021-03-27,7,7066,2021-09-07,0
2021-03-28,6,7072,2021-09-07,0
2021-03-29,5,7077,2021-09-07,0
2021-03-30,6,7083,2021-09-07,0
2021-03-31,8,7091,2021-09-07,0
2021-04-01,6,7097,2021-09-07,0
2021-04-02,9,7106,2021-09-07,0
2021-04-03,8,7114,2021-09-07,0
2021-04-04,6,7120,2021-09-07,0
2021-04-05,8,7128,2021-09-07,0
2021-04-06,6,7134,2021-09-07,0
2021-04-07,6,7140,2021-09-07,0
2021-04-08,10,7150,2021-09-07,0
2021-04-09,6,7156,2021-09-07,0
2021-04-10,7,7163,2021-09-07,0
2021-04-11,8,7171,2021-09-07,0
2021-04-12,10,7181,2021-09-07,0
2021-04-13,6,7187,2021-09-07,0
2021-04-14,8,7195,2021-09-07,0
2021-04-15,14,7209,2021-09-07,0
2021-04-16,8,7217,2021-09-07,0
2021-04-17,8,7225,2021-09-07,0
2021-04-18,8,7233,2021-09-07,0
2021-04-19,10,7243,2021-09-07,0
2021-04-20,5,7248,2021-09-07,0
2021-04-21,8,7256,2021-09-07,0
2021-04-22,1,7257,2021-09-07,0
2021-04-23,15,7272,2021-09-07,0
2021-04-24,11,7283,2021-09-07,0
2021-04-25,15,7298,2021-09-07,0
2021-04-26,14,7312,2021-09-07,0
2021-04-27,7,7319,2021-09-07,0
2021-04-28,14,7333,2021-09-07,0
2021-04-29,8,7341,2021-09-07,0
2021-04-30,11,7352,2021-09-07,0
2021-05-01,7,7359,2021-09-07,0
2021-05-02,8,7367,2021-09-07,0
2021-05-03,5,7372,2021-09-07,0
2021-05-04,13,7385,2021-09-07,0
2021-05-05,8,7393,2021-09-07,0
2021-05-06,5,7398,2021-09-07,0
2021-05-07,8,7406,2021-09-07,0
2021-05-08,7,7413,2021-09-07,0
2021-05-09,9,7422,2021-09-07,0
2021-05-10,8,7430,2021-09-07,0
2021-05-11,6,7436,2021-09-07,0
2021-05-12,9,7445,2021-09-07,0
2021-05-13,9,7454,2021-09-07,0
2021-05-14,11,7465,2021-09-07,0
2021-05-15,9,7474,2021-09-07,0
2021-05-16,5,7479,2021-09-07,0
2021-05-17,5,7484,2021-09-07,0
2021-05-18,7,7491,2021-09-07,0
2021-05-19,2,7493,2021-09-07,0
2021-05-20,5,7498,2021-09-07,0
2021-05-21,7,7505,2021-09-07,0
2021-05-22,10,7515,2021-09-07,0
2021-05-23,5,7520,2021-09-07,0
2021-05-24,5,7525,2021-09-07,0
2021-05-25,6,7531,2021-09-07,0
2021-05-26,3,7534,2021-09-07,0
2021-05-27,7,7541,2021-09-07,0
2021-05-28,2,7543,2021-09-07,0
2021-05-29,6,7549,2021-09-07,0
2021-05-30,4,7553,2021-09-07,0
2021-05-31,3,7556,2021-09-07,0
2021-06-01,5,7561,2021-09-07,0
2021-06-02,8,7569,2021-09-07,0
2021-06-03,4,7573,2021-09-07,0
2021-06-04,4,7577,2021-09-07,0
2021-06-05,1,7578,2021-09-07,0
2021-06-06,5,7583,2021-09-07,0
2021-06-07,3,7586,2021-09-07,0
2021-06-08,5,7591,2021-09-07,0
2021-06-09,4,7595,2021-09-07,0
2021-06-10,6,7601,2021-09-07,0
2021-06-11,6,7607,2021-09-07,0
2021-06-12,4,7611,2021-09-07,0
2021-06-13,4,7615,2021-09-07,0
2021-06-14,3,7618,2021-09-07,0
2021-06-15,2,7620,2021-09-07,0
2021-06-16,2,7622,2021-09-07,0
2021-06-17,4,7626,2021-09-07,0
2021-06-18,1,7627,2021-09-07,0
2021-06-19,6,7633,2021-09-07,0
2021-06-20,1,7634,2021-09-07,0
2021-06-21,5,7639,2021-09-07,0
2021-06-22,3,7642,2021-09-07,0
2021-06-23,4,7646,2021-09-07,0
2021-06-24,3,7649,2021-09-07,0
2021-06-25,3,7652,2021-09-07,0
2021-06-26,4,7656,2021-09-07,0
2021-06-27,2,7658,2021-09-07,0
2021-06-28,2,7660,2021-09-07,0
2021-06-29,2,7662,2021-09-07,0
2021-06-30,2,7664,2021-09-07,0
2021-07-01,0,7664,2021-09-07,0
2021-07-02,2,7666,2021-09-07,0
2021-07-03,2,7668,2021-09-07,0
2021-07-04,3,7671,2021-09-07,0
2021-07-05,1,7672,2021-09-07,0
2021-07-06,4,7676,2021-09-07,0
2021-07-07,1,7677,2021-09-07,0
2021-07-08,1,7678,2021-09-07,0
2021-07-09,0,7678,2021-09-07,0
2021-07-10,1,7679,2021-09-07,0
2021-07-11,2,7681,2021-09-07,0
2021-07-12,1,7682,2021-09-07,0
2021-07-13,2,7684,2021-09-07,0
2021-07-14,2,7686,2021-09-07,0
2021-07-15,2,7688,2021-09-07,0
2021-07-16,1,7689,2021-09-07,0
2021-07-17,1,7690,2021-09-07,0
2021-07-18,0,7690,2021-09-07,0
2021-07-19,0,7690,2021-09-07,0
2021-07-20,2,7692,2021-09-07,0
2021-07-21,2,7694,2021-09-07,0
2021-07-22,2,7696,2021-09-07,0
2021-07-23,3,7699,2021-09-07,0
2021-07-24,0,7699,2021-09-07,0
2021-07-25,2,7701,2021-09-07,0
2021-07-26,1,7702,2021-09-07,0
2021-07-27,2,7704,2021-09-07,0
2021-07-28,3,7707,2021-09-07,0
2021-07-29,2,7709,2021-09-07,0
2021-07-30,5,7714,2021-09-07,0
2021-07-31,4,7718,2021-09-07,0
2021-08-01,1,7719,2021-09-07,0
2021-08-02,3,7722,2021-09-07,0
2021-08-03,2,7724,2021-09-07,0
2021-08-04,3,7727,2021-09-07,0
2021-08-05,2,7729,2021-09-07,0
2021-08-06,7,7736,2021-09-07,0
2021-08-07,3,7739,2021-09-07,0
2021-08-08,1,7740,2021-09-07,0
2021-08-09,3,7743,2021-09-07,0
2021-08-10,2,7745,2021-09-07,0
2021-08-11,2,7747,2021-09-07,0
2021-08-12,7,7754,2021-09-07,0
2021-08-13,5,7759,2021-09-07,0
2021-08-14,6,7765,2021-09-07,0
2021-08-15,0,7765,2021-09-07,0
2021-08-16,6,7771,2021-09-07,0
2021-08-17,7,7778,2021-09-07,0
2021-08-18,7,7785,2021-09-07,0
2021-08-19,2,7787,2021-09-07,0
2021-08-20,3,7790,2021-09-07,0
2021-08-21,5,7795,2021-09-07,0
2021-08-22,7,7802,2021-09-07,0
2021-08-23,4,7806,2021-09-07,1
2021-08-24,12,7818,2021-09-07,0
2021-08-25,7,7825,2021-09-07,1
2021-08-26,1,7826,2021-09-07,0
2021-08-27,5,7831,2021-09-07,0
2021-08-28,6,7837,2021-09-07,2
2021-08-29,8,7845,2021-09-07,0
2021-08-30,7,7852,2021-09-07,5
2021-08-31,2,7854,2021-09-07,1
2021-09-01,2,7856,2021-09-07,2
NA,0,7856,2021-09-07,0
2020-03-19,1,1,2021-09-08,0
2020-03-20,0,1,2021-09-08,0
2020-03-21,0,1,2021-09-08,0
2020-03-22,0,1,2021-09-08,0
2020-03-23,0,1,2021-09-08,0
2020-03-24,1,2,2021-09-08,0
2020-03-25,1,3,2021-09-08,0
2020-03-26,1,4,2021-09-08,0
2020-03-27,5,9,2021-09-08,0
2020-03-28,3,12,2021-09-08,0
2020-03-29,0,12,2021-09-08,0
2020-03-30,5,17,2021-09-08,0
2020-03-31,2,19,2021-09-08,0
2020-04-01,5,24,2021-09-08,0
2020-04-02,3,27,2021-09-08,0
2020-04-03,1,28,2021-09-08,0
2020-04-04,5,33,2021-09-08,0
2020-04-05,5,38,2021-09-08,0
2020-04-06,10,48,2021-09-08,0
2020-04-07,6,54,2021-09-08,0
2020-04-08,7,61,2021-09-08,0
2020-04-09,8,69,2021-09-08,0
2020-04-10,6,75,2021-09-08,0
2020-04-11,4,79,2021-09-08,0
2020-04-12,4,83,2021-09-08,0
2020-04-13,10,93,2021-09-08,0
2020-04-14,6,99,2021-09-08,0
2020-04-15,17,116,2021-09-08,0
2020-04-16,10,126,2021-09-08,0
2020-04-17,17,143,2021-09-08,0
2020-04-18,17,160,2021-09-08,0
2020-04-19,16,176,2021-09-08,0
2020-04-20,21,197,2021-09-08,0
2020-04-21,26,223,2021-09-08,0
2020-04-22,21,244,2021-09-08,0
2020-04-23,19,263,2021-09-08,0
2020-04-24,23,286,2021-09-08,0
2020-04-25,18,304,2021-09-08,0
2020-04-26,17,321,2021-09-08,0
2020-04-27,21,342,2021-09-08,0
2020-04-28,16,358,2021-09-08,0
2020-04-29,29,387,2021-09-08,0
2020-04-30,18,405,2021-09-08,0
2020-05-01,30,435,2021-09-08,0
2020-05-02,19,454,2021-09-08,0
2020-05-03,29,483,2021-09-08,0
2020-05-04,23,506,2021-09-08,0
2020-05-05,19,525,2021-09-08,0
2020-05-06,25,550,2021-09-08,0
2020-05-07,30,580,2021-09-08,0
2020-05-08,20,600,2021-09-08,0
2020-05-09,26,626,2021-09-08,0
2020-05-10,19,645,2021-09-08,0
2020-05-11,25,670,2021-09-08,0
2020-05-12,20,690,2021-09-08,0
2020-05-13,22,712,2021-09-08,0
2020-05-14,20,732,2021-09-08,0
2020-05-15,20,752,2021-09-08,0
2020-05-16,20,772,2021-09-08,0
2020-05-17,23,795,2021-09-08,0
2020-05-18,18,813,2021-09-08,0
2020-05-19,35,848,2021-09-08,0
2020-05-20,24,872,2021-09-08,0
2020-05-21,17,889,2021-09-08,0
2020-05-22,20,909,2021-09-08,0
2020-05-23,26,935,2021-09-08,0
2020-05-24,25,960,2021-09-08,0
2020-05-25,30,990,2021-09-08,0
2020-05-26,29,1019,2021-09-08,0
2020-05-27,25,1044,2021-09-08,0
2020-05-28,21,1065,2021-09-08,0
2020-05-29,17,1082,2021-09-08,0
2020-05-30,11,1093,2021-09-08,0
2020-05-31,20,1113,2021-09-08,0
2020-06-01,23,1136,2021-09-08,0
2020-06-02,21,1157,2021-09-08,0
2020-06-03,25,1182,2021-09-08,0
2020-06-04,26,1208,2021-09-08,0
2020-06-05,18,1226,2021-09-08,0
2020-06-06,12,1238,2021-09-08,0
2020-06-07,22,1260,2021-09-08,0
2020-06-08,12,1272,2021-09-08,0
2020-06-09,13,1285,2021-09-08,0
2020-06-10,10,1295,2021-09-08,0
2020-06-11,12,1307,2021-09-08,0
2020-06-12,11,1318,2021-09-08,0
2020-06-13,13,1331,2021-09-08,0
2020-06-14,11,1342,2021-09-08,0
2020-06-15,8,1350,2021-09-08,0
2020-06-16,8,1358,2021-09-08,0
2020-06-17,17,1375,2021-09-08,0
2020-06-18,9,1384,2021-09-08,0
2020-06-19,8,1392,2021-09-08,0
2020-06-20,12,1404,2021-09-08,0
2020-06-21,11,1415,2021-09-08,0
2020-06-22,6,1421,2021-09-08,0
2020-06-23,10,1431,2021-09-08,0
2020-06-24,1,1432,2021-09-08,0
2020-06-25,9,1441,2021-09-08,0
2020-06-26,6,1447,2021-09-08,0
2020-06-27,5,1452,2021-09-08,0
2020-06-28,11,1463,2021-09-08,0
2020-06-29,7,1470,2021-09-08,0
2020-06-30,9,1479,2021-09-08,0
2020-07-01,2,1481,2021-09-08,0
2020-07-02,3,1484,2021-09-08,0
2020-07-03,5,1489,2021-09-08,0
2020-07-04,4,1493,2021-09-08,0
2020-07-05,6,1499,2021-09-08,0
2020-07-06,4,1503,2021-09-08,0
2020-07-07,2,1505,2021-09-08,0
2020-07-08,9,1514,2021-09-08,0
2020-07-09,4,1518,2021-09-08,0
2020-07-10,3,1521,2021-09-08,0
2020-07-11,4,1525,2021-09-08,0
2020-07-12,6,1531,2021-09-08,0
2020-07-13,2,1533,2021-09-08,0
2020-07-14,6,1539,2021-09-08,0
2020-07-15,7,1546,2021-09-08,0
2020-07-16,3,1549,2021-09-08,0
2020-07-17,7,1556,2021-09-08,0
2020-07-18,6,1562,2021-09-08,0
2020-07-19,5,1567,2021-09-08,0
2020-07-20,3,1570,2021-09-08,0
2020-07-21,6,1576,2021-09-08,0
2020-07-22,5,1581,2021-09-08,0
2020-07-23,8,1589,2021-09-08,0
2020-07-24,6,1595,2021-09-08,0
2020-07-25,2,1597,2021-09-08,0
2020-07-26,5,1602,2021-09-08,0
2020-07-27,5,1607,2021-09-08,0
2020-07-28,7,1614,2021-09-08,0
2020-07-29,3,1617,2021-09-08,0
2020-07-30,6,1623,2021-09-08,0
2020-07-31,9,1632,2021-09-08,0
2020-08-01,4,1636,2021-09-08,0
2020-08-02,7,1643,2021-09-08,0
2020-08-03,4,1647,2021-09-08,0
2020-08-04,7,1654,2021-09-08,0
2020-08-05,8,1662,2021-09-08,0
2020-08-06,9,1671,2021-09-08,0
2020-08-07,7,1678,2021-09-08,0
2020-08-08,6,1684,2021-09-08,0
2020-08-09,10,1694,2021-09-08,0
2020-08-10,3,1697,2021-09-08,0
2020-08-11,9,1706,2021-09-08,0
2020-08-12,7,1713,2021-09-08,0
2020-08-13,5,1718,2021-09-08,0
2020-08-14,9,1727,2021-09-08,0
2020-08-15,13,1740,2021-09-08,0
2020-08-16,13,1753,2021-09-08,0
2020-08-17,6,1759,2021-09-08,0
2020-08-18,11,1770,2021-09-08,0
2020-08-19,3,1773,2021-09-08,0
2020-08-20,10,1783,2021-09-08,0
2020-08-21,12,1795,2021-09-08,0
2020-08-22,9,1804,2021-09-08,0
2020-08-23,7,1811,2021-09-08,0
2020-08-24,9,1820,2021-09-08,0
2020-08-25,4,1824,2021-09-08,0
2020-08-26,3,1827,2021-09-08,0
2020-08-27,7,1834,2021-09-08,0
2020-08-28,6,1840,2021-09-08,0
2020-08-29,3,1843,2021-09-08,0
2020-08-30,5,1848,2021-09-08,0
2020-08-31,9,1857,2021-09-08,0
2020-09-01,2,1859,2021-09-08,0
2020-09-02,7,1866,2021-09-08,0
2020-09-03,12,1878,2021-09-08,0
2020-09-04,4,1882,2021-09-08,0
2020-09-05,6,1888,2021-09-08,0
2020-09-06,12,1900,2021-09-08,0
2020-09-07,3,1903,2021-09-08,0
2020-09-08,6,1909,2021-09-08,0
2020-09-09,10,1919,2021-09-08,0
2020-09-10,9,1928,2021-09-08,0
2020-09-11,11,1939,2021-09-08,0
2020-09-12,8,1947,2021-09-08,0
2020-09-13,8,1955,2021-09-08,0
2020-09-14,2,1957,2021-09-08,0
2020-09-15,6,1963,2021-09-08,0
2020-09-16,9,1972,2021-09-08,0
2020-09-17,5,1977,2021-09-08,0
2020-09-18,6,1983,2021-09-08,0
2020-09-19,4,1987,2021-09-08,0
2020-09-20,9,1996,2021-09-08,0
2020-09-21,7,2003,2021-09-08,0
2020-09-22,8,2011,2021-09-08,0
2020-09-23,9,2020,2021-09-08,0
2020-09-24,7,2027,2021-09-08,0
2020-09-25,11,2038,2021-09-08,0
2020-09-26,9,2047,2021-09-08,0
2020-09-27,14,2061,2021-09-08,0
2020-09-28,11,2072,2021-09-08,0
2020-09-29,5,2077,2021-09-08,0
2020-09-30,16,2093,2021-09-08,0
2020-10-01,7,2100,2021-09-08,0
2020-10-02,13,2113,2021-09-08,0
2020-10-03,9,2122,2021-09-08,0
2020-10-04,7,2129,2021-09-08,0
2020-10-05,10,2139,2021-09-08,0
2020-10-06,12,2151,2021-09-08,0
2020-10-07,19,2170,2021-09-08,0
2020-10-08,9,2179,2021-09-08,0
2020-10-09,17,2196,2021-09-08,0
2020-10-10,16,2212,2021-09-08,0
2020-10-11,16,2228,2021-09-08,0
2020-10-12,20,2248,2021-09-08,0
2020-10-13,14,2262,2021-09-08,0
2020-10-14,10,2272,2021-09-08,0
2020-10-15,9,2281,2021-09-08,0
2020-10-16,12,2293,2021-09-08,0
2020-10-17,18,2311,2021-09-08,0
2020-10-18,25,2336,2021-09-08,0
2020-10-19,18,2354,2021-09-08,0
2020-10-20,15,2369,2021-09-08,0
2020-10-21,24,2393,2021-09-08,0
2020-10-22,18,2411,2021-09-08,0
2020-10-23,19,2430,2021-09-08,0
2020-10-24,8,2438,2021-09-08,0
2020-10-25,17,2455,2021-09-08,0
2020-10-26,25,2480,2021-09-08,0
2020-10-27,23,2503,2021-09-08,0
2020-10-28,29,2532,2021-09-08,0
2020-10-29,18,2550,2021-09-08,0
2020-10-30,27,2577,2021-09-08,0
2020-10-31,25,2602,2021-09-08,0
2020-11-01,21,2623,2021-09-08,0
2020-11-02,25,2648,2021-09-08,0
2020-11-03,25,2673,2021-09-08,0
2020-11-04,33,2706,2021-09-08,0
2020-11-05,37,2743,2021-09-08,0
2020-11-06,39,2782,2021-09-08,0
2020-11-07,42,2824,2021-09-08,0
2020-11-08,47,2871,2021-09-08,0
2020-11-09,36,2907,2021-09-08,0
2020-11-10,35,2942,2021-09-08,0
2020-11-11,43,2985,2021-09-08,0
2020-11-12,45,3030,2021-09-08,0
2020-11-13,40,3070,2021-09-08,0
2020-11-14,47,3117,2021-09-08,0
2020-11-15,46,3163,2021-09-08,0
2020-11-16,62,3225,2021-09-08,0
2020-11-17,56,3281,2021-09-08,0
2020-11-18,61,3342,2021-09-08,0
2020-11-19,60,3402,2021-09-08,0
2020-11-20,63,3465,2021-09-08,0
2020-11-21,58,3523,2021-09-08,0
2020-11-22,67,3590,2021-09-08,0
2020-11-23,59,3649,2021-09-08,0
2020-11-24,68,3717,2021-09-08,0
2020-11-25,72,3789,2021-09-08,0
2020-11-26,54,3843,2021-09-08,0
2020-11-27,69,3912,2021-09-08,0
2020-11-28,60,3972,2021-09-08,0
2020-11-29,68,4040,2021-09-08,0
2020-11-30,60,4100,2021-09-08,0
2020-12-01,63,4163,2021-09-08,0
2020-12-02,73,4236,2021-09-08,0
2020-12-03,86,4322,2021-09-08,0
2020-12-04,67,4389,2021-09-08,0
2020-12-05,74,4463,2021-09-08,0
2020-12-06,80,4543,2021-09-08,0
2020-12-07,75,4618,2021-09-08,0
2020-12-08,61,4679,2021-09-08,0
2020-12-09,71,4750,2021-09-08,0
2020-12-10,71,4821,2021-09-08,0
2020-12-11,70,4891,2021-09-08,0
2020-12-12,71,4962,2021-09-08,0
2020-12-13,55,5017,2021-09-08,0
2020-12-14,43,5060,2021-09-08,0
2020-12-15,65,5125,2021-09-08,0
2020-12-16,70,5195,2021-09-08,0
2020-12-17,60,5255,2021-09-08,0
2020-12-18,59,5314,2021-09-08,0
2020-12-19,56,5370,2021-09-08,0
2020-12-20,59,5429,2021-09-08,0
2020-12-21,58,5487,2021-09-08,0
2020-12-22,33,5520,2021-09-08,0
2020-12-23,44,5564,2021-09-08,0
2020-12-24,50,5614,2021-09-08,0
2020-12-25,36,5650,2021-09-08,0
2020-12-26,43,5693,2021-09-08,0
2020-12-27,41,5734,2021-09-08,0
2020-12-28,33,5767,2021-09-08,0
2020-12-29,36,5803,2021-09-08,0
2020-12-30,47,5850,2021-09-08,0
2020-12-31,36,5886,2021-09-08,0
2021-01-01,28,5914,2021-09-08,0
2021-01-02,46,5960,2021-09-08,0
2021-01-03,36,5996,2021-09-08,0
2021-01-04,31,6027,2021-09-08,0
2021-01-05,40,6067,2021-09-08,0
2021-01-06,32,6099,2021-09-08,0
2021-01-07,37,6136,2021-09-08,0
2021-01-08,32,6168,2021-09-08,0
2021-01-09,25,6193,2021-09-08,0
2021-01-10,29,6222,2021-09-08,0
2021-01-11,26,6248,2021-09-08,0
2021-01-12,32,6280,2021-09-08,0
2021-01-13,23,6303,2021-09-08,0
2021-01-14,41,6344,2021-09-08,0
2021-01-15,26,6370,2021-09-08,0
2021-01-16,28,6398,2021-09-08,0
2021-01-17,21,6419,2021-09-08,0
2021-01-18,19,6438,2021-09-08,0
2021-01-19,14,6452,2021-09-08,0
2021-01-20,26,6478,2021-09-08,0
2021-01-21,16,6494,2021-09-08,0
2021-01-22,13,6507,2021-09-08,0
2021-01-23,17,6524,2021-09-08,0
2021-01-24,24,6548,2021-09-08,0
2021-01-25,17,6565,2021-09-08,0
2021-01-26,21,6586,2021-09-08,0
2021-01-27,11,6597,2021-09-08,0
2021-01-28,12,6609,2021-09-08,0
2021-01-29,15,6624,2021-09-08,0
2021-01-30,13,6637,2021-09-08,0
2021-01-31,16,6653,2021-09-08,0
2021-02-01,17,6670,2021-09-08,0
2021-02-02,10,6680,2021-09-08,0
2021-02-03,11,6691,2021-09-08,0
2021-02-04,11,6702,2021-09-08,0
2021-02-05,10,6712,2021-09-08,0
2021-02-06,12,6724,2021-09-08,0
2021-02-07,19,6743,2021-09-08,0
2021-02-08,11,6754,2021-09-08,0
2021-02-09,14,6768,2021-09-08,0
2021-02-10,13,6781,2021-09-08,0
2021-02-11,7,6788,2021-09-08,0
2021-02-12,12,6800,2021-09-08,0
2021-02-13,8,6808,2021-09-08,0
2021-02-14,9,6817,2021-09-08,0
2021-02-15,9,6826,2021-09-08,0
2021-02-16,12,6838,2021-09-08,0
2021-02-17,10,6848,2021-09-08,0
2021-02-18,7,6855,2021-09-08,0
2021-02-19,6,6861,2021-09-08,0
2021-02-20,7,6868,2021-09-08,0
2021-02-21,4,6872,2021-09-08,0
2021-02-22,5,6877,2021-09-08,0
2021-02-23,9,6886,2021-09-08,0
2021-02-24,4,6890,2021-09-08,0
2021-02-25,5,6895,2021-09-08,0
2021-02-26,7,6902,2021-09-08,0
2021-02-27,6,6908,2021-09-08,0
2021-02-28,8,6916,2021-09-08,0
2021-03-01,7,6923,2021-09-08,0
2021-03-02,2,6925,2021-09-08,0
2021-03-03,10,6935,2021-09-08,0
2021-03-04,6,6941,2021-09-08,0
2021-03-05,10,6951,2021-09-08,0
2021-03-06,5,6956,2021-09-08,0
2021-03-07,9,6965,2021-09-08,0
2021-03-08,5,6970,2021-09-08,0
2021-03-09,7,6977,2021-09-08,0
2021-03-10,5,6982,2021-09-08,0
2021-03-11,4,6986,2021-09-08,0
2021-03-12,11,6997,2021-09-08,0
2021-03-13,5,7002,2021-09-08,0
2021-03-14,4,7006,2021-09-08,0
2021-03-15,2,7008,2021-09-08,0
2021-03-16,5,7013,2021-09-08,0
2021-03-17,4,7017,2021-09-08,0
2021-03-18,5,7022,2021-09-08,0
2021-03-19,5,7027,2021-09-08,0
2021-03-20,9,7036,2021-09-08,0
2021-03-21,5,7041,2021-09-08,0
2021-03-22,4,7045,2021-09-08,0
2021-03-23,5,7050,2021-09-08,0
2021-03-24,1,7051,2021-09-08,0
2021-03-25,5,7056,2021-09-08,0
2021-03-26,3,7059,2021-09-08,0
2021-03-27,7,7066,2021-09-08,0
2021-03-28,6,7072,2021-09-08,0
2021-03-29,5,7077,2021-09-08,0
2021-03-30,6,7083,2021-09-08,0
2021-03-31,8,7091,2021-09-08,0
2021-04-01,6,7097,2021-09-08,0
2021-04-02,9,7106,2021-09-08,0
2021-04-03,8,7114,2021-09-08,0
2021-04-04,6,7120,2021-09-08,0
2021-04-05,8,7128,2021-09-08,0
2021-04-06,6,7134,2021-09-08,0
2021-04-07,6,7140,2021-09-08,0
2021-04-08,10,7150,2021-09-08,0
2021-04-09,6,7156,2021-09-08,0
2021-04-10,7,7163,2021-09-08,0
2021-04-11,8,7171,2021-09-08,0
2021-04-12,10,7181,2021-09-08,0
2021-04-13,6,7187,2021-09-08,0
2021-04-14,8,7195,2021-09-08,0
2021-04-15,14,7209,2021-09-08,0
2021-04-16,8,7217,2021-09-08,0
2021-04-17,8,7225,2021-09-08,0
2021-04-18,8,7233,2021-09-08,0
2021-04-19,10,7243,2021-09-08,0
2021-04-20,5,7248,2021-09-08,0
2021-04-21,8,7256,2021-09-08,0
2021-04-22,1,7257,2021-09-08,0
2021-04-23,15,7272,2021-09-08,0
2021-04-24,11,7283,2021-09-08,0
2021-04-25,15,7298,2021-09-08,0
2021-04-26,14,7312,2021-09-08,0
2021-04-27,7,7319,2021-09-08,0
2021-04-28,14,7333,2021-09-08,0
2021-04-29,8,7341,2021-09-08,0
2021-04-30,11,7352,2021-09-08,0
2021-05-01,7,7359,2021-09-08,0
2021-05-02,8,7367,2021-09-08,0
2021-05-03,5,7372,2021-09-08,0
2021-05-04,13,7385,2021-09-08,0
2021-05-05,8,7393,2021-09-08,0
2021-05-06,5,7398,2021-09-08,0
2021-05-07,8,7406,2021-09-08,0
2021-05-08,7,7413,2021-09-08,0
2021-05-09,9,7422,2021-09-08,0
2021-05-10,8,7430,2021-09-08,0
2021-05-11,6,7436,2021-09-08,0
2021-05-12,9,7445,2021-09-08,0
2021-05-13,9,7454,2021-09-08,0
2021-05-14,11,7465,2021-09-08,0
2021-05-15,9,7474,2021-09-08,0
2021-05-16,5,7479,2021-09-08,0
2021-05-17,5,7484,2021-09-08,0
2021-05-18,7,7491,2021-09-08,0
2021-05-19,2,7493,2021-09-08,0
2021-05-20,5,7498,2021-09-08,0
2021-05-21,7,7505,2021-09-08,0
2021-05-22,10,7515,2021-09-08,0
2021-05-23,5,7520,2021-09-08,0
2021-05-24,5,7525,2021-09-08,0
2021-05-25,6,7531,2021-09-08,0
2021-05-26,3,7534,2021-09-08,0
2021-05-27,7,7541,2021-09-08,0
2021-05-28,2,7543,2021-09-08,0
2021-05-29,6,7549,2021-09-08,0
2021-05-30,4,7553,2021-09-08,0
2021-05-31,3,7556,2021-09-08,0
2021-06-01,5,7561,2021-09-08,0
2021-06-02,8,7569,2021-09-08,0
2021-06-03,4,7573,2021-09-08,0
2021-06-04,4,7577,2021-09-08,0
2021-06-05,1,7578,2021-09-08,0
2021-06-06,5,7583,2021-09-08,0
2021-06-07,3,7586,2021-09-08,0
2021-06-08,5,7591,2021-09-08,0
2021-06-09,4,7595,2021-09-08,0
2021-06-10,6,7601,2021-09-08,0
2021-06-11,6,7607,2021-09-08,0
2021-06-12,4,7611,2021-09-08,0
2021-06-13,4,7615,2021-09-08,0
2021-06-14,3,7618,2021-09-08,0
2021-06-15,2,7620,2021-09-08,0
2021-06-16,2,7622,2021-09-08,0
2021-06-17,4,7626,2021-09-08,0
2021-06-18,1,7627,2021-09-08,0
2021-06-19,6,7633,2021-09-08,0
2021-06-20,1,7634,2021-09-08,0
2021-06-21,5,7639,2021-09-08,0
2021-06-22,3,7642,2021-09-08,0
2021-06-23,4,7646,2021-09-08,0
2021-06-24,3,7649,2021-09-08,0
2021-06-25,3,7652,2021-09-08,0
2021-06-26,4,7656,2021-09-08,0
2021-06-27,2,7658,2021-09-08,0
2021-06-28,2,7660,2021-09-08,0
2021-06-29,2,7662,2021-09-08,0
2021-06-30,2,7664,2021-09-08,0
2021-07-01,0,7664,2021-09-08,0
2021-07-02,2,7666,2021-09-08,0
2021-07-03,2,7668,2021-09-08,0
2021-07-04,3,7671,2021-09-08,0
2021-07-05,1,7672,2021-09-08,0
2021-07-06,4,7676,2021-09-08,0
2021-07-07,1,7677,2021-09-08,0
2021-07-08,1,7678,2021-09-08,0
2021-07-09,0,7678,2021-09-08,0
2021-07-10,1,7679,2021-09-08,0
2021-07-11,2,7681,2021-09-08,0
2021-07-12,1,7682,2021-09-08,0
2021-07-13,2,7684,2021-09-08,0
2021-07-14,2,7686,2021-09-08,0
2021-07-15,2,7688,2021-09-08,0
2021-07-16,1,7689,2021-09-08,0
2021-07-17,1,7690,2021-09-08,0
2021-07-18,0,7690,2021-09-08,0
2021-07-19,0,7690,2021-09-08,0
2021-07-20,2,7692,2021-09-08,0
2021-07-21,2,7694,2021-09-08,0
2021-07-22,2,7696,2021-09-08,0
2021-07-23,3,7699,2021-09-08,0
2021-07-24,0,7699,2021-09-08,0
2021-07-25,2,7701,2021-09-08,0
2021-07-26,1,7702,2021-09-08,0
2021-07-27,2,7704,2021-09-08,0
2021-07-28,3,7707,2021-09-08,0
2021-07-29,2,7709,2021-09-08,0
2021-07-30,5,7714,2021-09-08,0
2021-07-31,4,7718,2021-09-08,0
2021-08-01,1,7719,2021-09-08,0
2021-08-02,3,7722,2021-09-08,0
2021-08-03,2,7724,2021-09-08,0
2021-08-04,3,7727,2021-09-08,0
2021-08-05,2,7729,2021-09-08,0
2021-08-06,7,7736,2021-09-08,0
2021-08-07,3,7739,2021-09-08,0
2021-08-08,1,7740,2021-09-08,0
2021-08-09,3,7743,2021-09-08,0
2021-08-10,2,7745,2021-09-08,0
2021-08-11,2,7747,2021-09-08,0
2021-08-12,7,7754,2021-09-08,0
2021-08-13,5,7759,2021-09-08,0
2021-08-14,6,7765,2021-09-08,0
2021-08-15,0,7765,2021-09-08,0
2021-08-16,6,7771,2021-09-08,0
2021-08-17,7,7778,2021-09-08,0
2021-08-18,7,7785,2021-09-08,0
2021-08-19,2,7787,2021-09-08,0
2021-08-20,3,7790,2021-09-08,0
2021-08-21,5,7795,2021-09-08,0
2021-08-22,7,7802,2021-09-08,0
2021-08-23,4,7806,2021-09-08,0
2021-08-24,12,7818,2021-09-08,0
2021-08-25,7,7825,2021-09-08,0
2021-08-26,1,7826,2021-09-08,0
2021-08-27,6,7832,2021-09-08,1
2021-08-28,7,7839,2021-09-08,1
2021-08-29,9,7848,2021-09-08,1
2021-08-30,7,7855,2021-09-08,0
2021-08-31,6,7861,2021-09-08,4
2021-09-01,3,7864,2021-09-08,1
2021-09-02,0,7864,2021-09-08,0
2021-09-03,1,7865,2021-09-08,1
NA,0,7865,2021-09-08,0
2020-03-19,1,1,2021-09-09,0
2020-03-20,0,1,2021-09-09,0
2020-03-21,0,1,2021-09-09,0
2020-03-22,0,1,2021-09-09,0
2020-03-23,0,1,2021-09-09,0
2020-03-24,1,2,2021-09-09,0
2020-03-25,1,3,2021-09-09,0
2020-03-26,1,4,2021-09-09,0
2020-03-27,5,9,2021-09-09,0
2020-03-28,3,12,2021-09-09,0
2020-03-29,0,12,2021-09-09,0
2020-03-30,5,17,2021-09-09,0
2020-03-31,2,19,2021-09-09,0
2020-04-01,5,24,2021-09-09,0
2020-04-02,3,27,2021-09-09,0
2020-04-03,1,28,2021-09-09,0
2020-04-04,5,33,2021-09-09,0
2020-04-05,5,38,2021-09-09,0
2020-04-06,10,48,2021-09-09,0
2020-04-07,6,54,2021-09-09,0
2020-04-08,7,61,2021-09-09,0
2020-04-09,8,69,2021-09-09,0
2020-04-10,6,75,2021-09-09,0
2020-04-11,4,79,2021-09-09,0
2020-04-12,4,83,2021-09-09,0
2020-04-13,10,93,2021-09-09,0
2020-04-14,6,99,2021-09-09,0
2020-04-15,17,116,2021-09-09,0
2020-04-16,10,126,2021-09-09,0
2020-04-17,17,143,2021-09-09,0
2020-04-18,17,160,2021-09-09,0
2020-04-19,16,176,2021-09-09,0
2020-04-20,21,197,2021-09-09,0
2020-04-21,26,223,2021-09-09,0
2020-04-22,21,244,2021-09-09,0
2020-04-23,19,263,2021-09-09,0
2020-04-24,23,286,2021-09-09,0
2020-04-25,18,304,2021-09-09,0
2020-04-26,17,321,2021-09-09,0
2020-04-27,21,342,2021-09-09,0
2020-04-28,16,358,2021-09-09,0
2020-04-29,29,387,2021-09-09,0
2020-04-30,18,405,2021-09-09,0
2020-05-01,30,435,2021-09-09,0
2020-05-02,19,454,2021-09-09,0
2020-05-03,29,483,2021-09-09,0
2020-05-04,23,506,2021-09-09,0
2020-05-05,19,525,2021-09-09,0
2020-05-06,25,550,2021-09-09,0
2020-05-07,30,580,2021-09-09,0
2020-05-08,20,600,2021-09-09,0
2020-05-09,26,626,2021-09-09,0
2020-05-10,19,645,2021-09-09,0
2020-05-11,25,670,2021-09-09,0
2020-05-12,20,690,2021-09-09,0
2020-05-13,22,712,2021-09-09,0
2020-05-14,20,732,2021-09-09,0
2020-05-15,20,752,2021-09-09,0
2020-05-16,20,772,2021-09-09,0
2020-05-17,23,795,2021-09-09,0
2020-05-18,18,813,2021-09-09,0
2020-05-19,35,848,2021-09-09,0
2020-05-20,24,872,2021-09-09,0
2020-05-21,17,889,2021-09-09,0
2020-05-22,20,909,2021-09-09,0
2020-05-23,26,935,2021-09-09,0
2020-05-24,25,960,2021-09-09,0
2020-05-25,30,990,2021-09-09,0
2020-05-26,29,1019,2021-09-09,0
2020-05-27,25,1044,2021-09-09,0
2020-05-28,21,1065,2021-09-09,0
2020-05-29,17,1082,2021-09-09,0
2020-05-30,11,1093,2021-09-09,0
2020-05-31,20,1113,2021-09-09,0
2020-06-01,23,1136,2021-09-09,0
2020-06-02,21,1157,2021-09-09,0
2020-06-03,25,1182,2021-09-09,0
2020-06-04,26,1208,2021-09-09,0
2020-06-05,18,1226,2021-09-09,0
2020-06-06,12,1238,2021-09-09,0
2020-06-07,22,1260,2021-09-09,0
2020-06-08,12,1272,2021-09-09,0
2020-06-09,13,1285,2021-09-09,0
2020-06-10,10,1295,2021-09-09,0
2020-06-11,12,1307,2021-09-09,0
2020-06-12,11,1318,2021-09-09,0
2020-06-13,13,1331,2021-09-09,0
2020-06-14,11,1342,2021-09-09,0
2020-06-15,8,1350,2021-09-09,0
2020-06-16,8,1358,2021-09-09,0
2020-06-17,17,1375,2021-09-09,0
2020-06-18,9,1384,2021-09-09,0
2020-06-19,8,1392,2021-09-09,0
2020-06-20,12,1404,2021-09-09,0
2020-06-21,11,1415,2021-09-09,0
2020-06-22,6,1421,2021-09-09,0
2020-06-23,10,1431,2021-09-09,0
2020-06-24,1,1432,2021-09-09,0
2020-06-25,9,1441,2021-09-09,0
2020-06-26,6,1447,2021-09-09,0
2020-06-27,5,1452,2021-09-09,0
2020-06-28,11,1463,2021-09-09,0
2020-06-29,7,1470,2021-09-09,0
2020-06-30,9,1479,2021-09-09,0
2020-07-01,2,1481,2021-09-09,0
2020-07-02,3,1484,2021-09-09,0
2020-07-03,5,1489,2021-09-09,0
2020-07-04,4,1493,2021-09-09,0
2020-07-05,6,1499,2021-09-09,0
2020-07-06,4,1503,2021-09-09,0
2020-07-07,2,1505,2021-09-09,0
2020-07-08,9,1514,2021-09-09,0
2020-07-09,4,1518,2021-09-09,0
2020-07-10,3,1521,2021-09-09,0
2020-07-11,4,1525,2021-09-09,0
2020-07-12,6,1531,2021-09-09,0
2020-07-13,2,1533,2021-09-09,0
2020-07-14,6,1539,2021-09-09,0
2020-07-15,7,1546,2021-09-09,0
2020-07-16,3,1549,2021-09-09,0
2020-07-17,7,1556,2021-09-09,0
2020-07-18,6,1562,2021-09-09,0
2020-07-19,5,1567,2021-09-09,0
2020-07-20,3,1570,2021-09-09,0
2020-07-21,6,1576,2021-09-09,0
2020-07-22,5,1581,2021-09-09,0
2020-07-23,8,1589,2021-09-09,0
2020-07-24,6,1595,2021-09-09,0
2020-07-25,2,1597,2021-09-09,0
2020-07-26,5,1602,2021-09-09,0
2020-07-27,5,1607,2021-09-09,0
2020-07-28,7,1614,2021-09-09,0
2020-07-29,3,1617,2021-09-09,0
2020-07-30,6,1623,2021-09-09,0
2020-07-31,9,1632,2021-09-09,0
2020-08-01,4,1636,2021-09-09,0
2020-08-02,7,1643,2021-09-09,0
2020-08-03,4,1647,2021-09-09,0
2020-08-04,7,1654,2021-09-09,0
2020-08-05,8,1662,2021-09-09,0
2020-08-06,9,1671,2021-09-09,0
2020-08-07,7,1678,2021-09-09,0
2020-08-08,6,1684,2021-09-09,0
2020-08-09,10,1694,2021-09-09,0
2020-08-10,3,1697,2021-09-09,0
2020-08-11,9,1706,2021-09-09,0
2020-08-12,7,1713,2021-09-09,0
2020-08-13,5,1718,2021-09-09,0
2020-08-14,9,1727,2021-09-09,0
2020-08-15,13,1740,2021-09-09,0
2020-08-16,13,1753,2021-09-09,0
2020-08-17,6,1759,2021-09-09,0
2020-08-18,11,1770,2021-09-09,0
2020-08-19,3,1773,2021-09-09,0
2020-08-20,10,1783,2021-09-09,0
2020-08-21,12,1795,2021-09-09,0
2020-08-22,9,1804,2021-09-09,0
2020-08-23,7,1811,2021-09-09,0
2020-08-24,9,1820,2021-09-09,0
2020-08-25,4,1824,2021-09-09,0
2020-08-26,3,1827,2021-09-09,0
2020-08-27,7,1834,2021-09-09,0
2020-08-28,6,1840,2021-09-09,0
2020-08-29,3,1843,2021-09-09,0
2020-08-30,5,1848,2021-09-09,0
2020-08-31,9,1857,2021-09-09,0
2020-09-01,2,1859,2021-09-09,0
2020-09-02,7,1866,2021-09-09,0
2020-09-03,12,1878,2021-09-09,0
2020-09-04,4,1882,2021-09-09,0
2020-09-05,6,1888,2021-09-09,0
2020-09-06,12,1900,2021-09-09,0
2020-09-07,3,1903,2021-09-09,0
2020-09-08,6,1909,2021-09-09,0
2020-09-09,10,1919,2021-09-09,0
2020-09-10,9,1928,2021-09-09,0
2020-09-11,11,1939,2021-09-09,0
2020-09-12,8,1947,2021-09-09,0
2020-09-13,8,1955,2021-09-09,0
2020-09-14,2,1957,2021-09-09,0
2020-09-15,6,1963,2021-09-09,0
2020-09-16,9,1972,2021-09-09,0
2020-09-17,5,1977,2021-09-09,0
2020-09-18,6,1983,2021-09-09,0
2020-09-19,4,1987,2021-09-09,0
2020-09-20,9,1996,2021-09-09,0
2020-09-21,7,2003,2021-09-09,0
2020-09-22,8,2011,2021-09-09,0
2020-09-23,9,2020,2021-09-09,0
2020-09-24,7,2027,2021-09-09,0
2020-09-25,11,2038,2021-09-09,0
2020-09-26,9,2047,2021-09-09,0
2020-09-27,14,2061,2021-09-09,0
2020-09-28,11,2072,2021-09-09,0
2020-09-29,5,2077,2021-09-09,0
2020-09-30,16,2093,2021-09-09,0
2020-10-01,7,2100,2021-09-09,0
2020-10-02,13,2113,2021-09-09,0
2020-10-03,9,2122,2021-09-09,0
2020-10-04,7,2129,2021-09-09,0
2020-10-05,10,2139,2021-09-09,0
2020-10-06,12,2151,2021-09-09,0
2020-10-07,19,2170,2021-09-09,0
2020-10-08,9,2179,2021-09-09,0
2020-10-09,17,2196,2021-09-09,0
2020-10-10,16,2212,2021-09-09,0
2020-10-11,16,2228,2021-09-09,0
2020-10-12,20,2248,2021-09-09,0
2020-10-13,14,2262,2021-09-09,0
2020-10-14,10,2272,2021-09-09,0
2020-10-15,9,2281,2021-09-09,0
2020-10-16,12,2293,2021-09-09,0
2020-10-17,18,2311,2021-09-09,0
2020-10-18,25,2336,2021-09-09,0
2020-10-19,18,2354,2021-09-09,0
2020-10-20,15,2369,2021-09-09,0
2020-10-21,24,2393,2021-09-09,0
2020-10-22,18,2411,2021-09-09,0
2020-10-23,19,2430,2021-09-09,0
2020-10-24,8,2438,2021-09-09,0
2020-10-25,17,2455,2021-09-09,0
2020-10-26,25,2480,2021-09-09,0
2020-10-27,23,2503,2021-09-09,0
2020-10-28,29,2532,2021-09-09,0
2020-10-29,18,2550,2021-09-09,0
2020-10-30,27,2577,2021-09-09,0
2020-10-31,25,2602,2021-09-09,0
2020-11-01,21,2623,2021-09-09,0
2020-11-02,25,2648,2021-09-09,0
2020-11-03,25,2673,2021-09-09,0
2020-11-04,33,2706,2021-09-09,0
2020-11-05,37,2743,2021-09-09,0
2020-11-06,39,2782,2021-09-09,0
2020-11-07,42,2824,2021-09-09,0
2020-11-08,47,2871,2021-09-09,0
2020-11-09,36,2907,2021-09-09,0
2020-11-10,35,2942,2021-09-09,0
2020-11-11,43,2985,2021-09-09,0
2020-11-12,45,3030,2021-09-09,0
2020-11-13,40,3070,2021-09-09,0
2020-11-14,47,3117,2021-09-09,0
2020-11-15,46,3163,2021-09-09,0
2020-11-16,62,3225,2021-09-09,0
2020-11-17,56,3281,2021-09-09,0
2020-11-18,61,3342,2021-09-09,0
2020-11-19,60,3402,2021-09-09,0
2020-11-20,63,3465,2021-09-09,0
2020-11-21,58,3523,2021-09-09,0
2020-11-22,67,3590,2021-09-09,0
2020-11-23,59,3649,2021-09-09,0
2020-11-24,68,3717,2021-09-09,0
2020-11-25,72,3789,2021-09-09,0
2020-11-26,54,3843,2021-09-09,0
2020-11-27,69,3912,2021-09-09,0
2020-11-28,60,3972,2021-09-09,0
2020-11-29,68,4040,2021-09-09,0
2020-11-30,60,4100,2021-09-09,0
2020-12-01,63,4163,2021-09-09,0
2020-12-02,73,4236,2021-09-09,0
2020-12-03,86,4322,2021-09-09,0
2020-12-04,67,4389,2021-09-09,0
2020-12-05,74,4463,2021-09-09,0
2020-12-06,80,4543,2021-09-09,0
2020-12-07,75,4618,2021-09-09,0
2020-12-08,61,4679,2021-09-09,0
2020-12-09,71,4750,2021-09-09,0
2020-12-10,71,4821,2021-09-09,0
2020-12-11,70,4891,2021-09-09,0
2020-12-12,71,4962,2021-09-09,0
2020-12-13,55,5017,2021-09-09,0
2020-12-14,43,5060,2021-09-09,0
2020-12-15,65,5125,2021-09-09,0
2020-12-16,70,5195,2021-09-09,0
2020-12-17,60,5255,2021-09-09,0
2020-12-18,59,5314,2021-09-09,0
2020-12-19,56,5370,2021-09-09,0
2020-12-20,59,5429,2021-09-09,0
2020-12-21,58,5487,2021-09-09,0
2020-12-22,33,5520,2021-09-09,0
2020-12-23,44,5564,2021-09-09,0
2020-12-24,50,5614,2021-09-09,0
2020-12-25,36,5650,2021-09-09,0
2020-12-26,43,5693,2021-09-09,0
2020-12-27,41,5734,2021-09-09,0
2020-12-28,33,5767,2021-09-09,0
2020-12-29,36,5803,2021-09-09,0
2020-12-30,47,5850,2021-09-09,0
2020-12-31,36,5886,2021-09-09,0
2021-01-01,28,5914,2021-09-09,0
2021-01-02,46,5960,2021-09-09,0
2021-01-03,36,5996,2021-09-09,0
2021-01-04,31,6027,2021-09-09,0
2021-01-05,40,6067,2021-09-09,0
2021-01-06,32,6099,2021-09-09,0
2021-01-07,37,6136,2021-09-09,0
2021-01-08,32,6168,2021-09-09,0
2021-01-09,25,6193,2021-09-09,0
2021-01-10,29,6222,2021-09-09,0
2021-01-11,26,6248,2021-09-09,0
2021-01-12,32,6280,2021-09-09,0
2021-01-13,23,6303,2021-09-09,0
2021-01-14,41,6344,2021-09-09,0
2021-01-15,26,6370,2021-09-09,0
2021-01-16,28,6398,2021-09-09,0
2021-01-17,21,6419,2021-09-09,0
2021-01-18,19,6438,2021-09-09,0
2021-01-19,14,6452,2021-09-09,0
2021-01-20,26,6478,2021-09-09,0
2021-01-21,16,6494,2021-09-09,0
2021-01-22,13,6507,2021-09-09,0
2021-01-23,17,6524,2021-09-09,0
2021-01-24,24,6548,2021-09-09,0
2021-01-25,17,6565,2021-09-09,0
2021-01-26,21,6586,2021-09-09,0
2021-01-27,11,6597,2021-09-09,0
2021-01-28,12,6609,2021-09-09,0
2021-01-29,15,6624,2021-09-09,0
2021-01-30,13,6637,2021-09-09,0
2021-01-31,16,6653,2021-09-09,0
2021-02-01,17,6670,2021-09-09,0
2021-02-02,10,6680,2021-09-09,0
2021-02-03,11,6691,2021-09-09,0
2021-02-04,11,6702,2021-09-09,0
2021-02-05,10,6712,2021-09-09,0
2021-02-06,12,6724,2021-09-09,0
2021-02-07,19,6743,2021-09-09,0
2021-02-08,11,6754,2021-09-09,0
2021-02-09,14,6768,2021-09-09,0
2021-02-10,13,6781,2021-09-09,0
2021-02-11,7,6788,2021-09-09,0
2021-02-12,12,6800,2021-09-09,0
2021-02-13,8,6808,2021-09-09,0
2021-02-14,9,6817,2021-09-09,0
2021-02-15,9,6826,2021-09-09,0
2021-02-16,12,6838,2021-09-09,0
2021-02-17,10,6848,2021-09-09,0
2021-02-18,7,6855,2021-09-09,0
2021-02-19,6,6861,2021-09-09,0
2021-02-20,7,6868,2021-09-09,0
2021-02-21,4,6872,2021-09-09,0
2021-02-22,5,6877,2021-09-09,0
2021-02-23,9,6886,2021-09-09,0
2021-02-24,4,6890,2021-09-09,0
2021-02-25,5,6895,2021-09-09,0
2021-02-26,7,6902,2021-09-09,0
2021-02-27,6,6908,2021-09-09,0
2021-02-28,8,6916,2021-09-09,0
2021-03-01,7,6923,2021-09-09,0
2021-03-02,2,6925,2021-09-09,0
2021-03-03,10,6935,2021-09-09,0
2021-03-04,6,6941,2021-09-09,0
2021-03-05,10,6951,2021-09-09,0
2021-03-06,5,6956,2021-09-09,0
2021-03-07,9,6965,2021-09-09,0
2021-03-08,5,6970,2021-09-09,0
2021-03-09,7,6977,2021-09-09,0
2021-03-10,5,6982,2021-09-09,0
2021-03-11,4,6986,2021-09-09,0
2021-03-12,11,6997,2021-09-09,0
2021-03-13,5,7002,2021-09-09,0
2021-03-14,4,7006,2021-09-09,0
2021-03-15,2,7008,2021-09-09,0
2021-03-16,5,7013,2021-09-09,0
2021-03-17,4,7017,2021-09-09,0
2021-03-18,5,7022,2021-09-09,0
2021-03-19,5,7027,2021-09-09,0
2021-03-20,9,7036,2021-09-09,0
2021-03-21,5,7041,2021-09-09,0
2021-03-22,4,7045,2021-09-09,0
2021-03-23,5,7050,2021-09-09,0
2021-03-24,1,7051,2021-09-09,0
2021-03-25,5,7056,2021-09-09,0
2021-03-26,3,7059,2021-09-09,0
2021-03-27,7,7066,2021-09-09,0
2021-03-28,6,7072,2021-09-09,0
2021-03-29,5,7077,2021-09-09,0
2021-03-30,6,7083,2021-09-09,0
2021-03-31,8,7091,2021-09-09,0
2021-04-01,6,7097,2021-09-09,0
2021-04-02,9,7106,2021-09-09,0
2021-04-03,8,7114,2021-09-09,0
2021-04-04,6,7120,2021-09-09,0
2021-04-05,8,7128,2021-09-09,0
2021-04-06,6,7134,2021-09-09,0
2021-04-07,6,7140,2021-09-09,0
2021-04-08,10,7150,2021-09-09,0
2021-04-09,6,7156,2021-09-09,0
2021-04-10,7,7163,2021-09-09,0
2021-04-11,8,7171,2021-09-09,0
2021-04-12,10,7181,2021-09-09,0
2021-04-13,6,7187,2021-09-09,0
2021-04-14,8,7195,2021-09-09,0
2021-04-15,14,7209,2021-09-09,0
2021-04-16,8,7217,2021-09-09,0
2021-04-17,8,7225,2021-09-09,0
2021-04-18,8,7233,2021-09-09,0
2021-04-19,10,7243,2021-09-09,0
2021-04-20,5,7248,2021-09-09,0
2021-04-21,8,7256,2021-09-09,0
2021-04-22,1,7257,2021-09-09,0
2021-04-23,15,7272,2021-09-09,0
2021-04-24,11,7283,2021-09-09,0
2021-04-25,15,7298,2021-09-09,0
2021-04-26,14,7312,2021-09-09,0
2021-04-27,7,7319,2021-09-09,0
2021-04-28,14,7333,2021-09-09,0
2021-04-29,8,7341,2021-09-09,0
2021-04-30,11,7352,2021-09-09,0
2021-05-01,7,7359,2021-09-09,0
2021-05-02,8,7367,2021-09-09,0
2021-05-03,5,7372,2021-09-09,0
2021-05-04,13,7385,2021-09-09,0
2021-05-05,8,7393,2021-09-09,0
2021-05-06,5,7398,2021-09-09,0
2021-05-07,8,7406,2021-09-09,0
2021-05-08,7,7413,2021-09-09,0
2021-05-09,9,7422,2021-09-09,0
2021-05-10,8,7430,2021-09-09,0
2021-05-11,6,7436,2021-09-09,0
2021-05-12,9,7445,2021-09-09,0
2021-05-13,9,7454,2021-09-09,0
2021-05-14,11,7465,2021-09-09,0
2021-05-15,9,7474,2021-09-09,0
2021-05-16,5,7479,2021-09-09,0
2021-05-17,5,7484,2021-09-09,0
2021-05-18,7,7491,2021-09-09,0
2021-05-19,2,7493,2021-09-09,0
2021-05-20,5,7498,2021-09-09,0
2021-05-21,7,7505,2021-09-09,0
2021-05-22,10,7515,2021-09-09,0
2021-05-23,5,7520,2021-09-09,0
2021-05-24,5,7525,2021-09-09,0
2021-05-25,6,7531,2021-09-09,0
2021-05-26,3,7534,2021-09-09,0
2021-05-27,7,7541,2021-09-09,0
2021-05-28,2,7543,2021-09-09,0
2021-05-29,6,7549,2021-09-09,0
2021-05-30,4,7553,2021-09-09,0
2021-05-31,3,7556,2021-09-09,0
2021-06-01,5,7561,2021-09-09,0
2021-06-02,8,7569,2021-09-09,0
2021-06-03,4,7573,2021-09-09,0
2021-06-04,4,7577,2021-09-09,0
2021-06-05,1,7578,2021-09-09,0
2021-06-06,5,7583,2021-09-09,0
2021-06-07,3,7586,2021-09-09,0
2021-06-08,5,7591,2021-09-09,0
2021-06-09,4,7595,2021-09-09,0
2021-06-10,6,7601,2021-09-09,0
2021-06-11,6,7607,2021-09-09,0
2021-06-12,4,7611,2021-09-09,0
2021-06-13,4,7615,2021-09-09,0
2021-06-14,3,7618,2021-09-09,0
2021-06-15,2,7620,2021-09-09,0
2021-06-16,2,7622,2021-09-09,0
2021-06-17,4,7626,2021-09-09,0
2021-06-18,1,7627,2021-09-09,0
2021-06-19,6,7633,2021-09-09,0
2021-06-20,1,7634,2021-09-09,0
2021-06-21,5,7639,2021-09-09,0
2021-06-22,3,7642,2021-09-09,0
2021-06-23,4,7646,2021-09-09,0
2021-06-24,3,7649,2021-09-09,0
2021-06-25,3,7652,2021-09-09,0
2021-06-26,4,7656,2021-09-09,0
2021-06-27,2,7658,2021-09-09,0
2021-06-28,2,7660,2021-09-09,0
2021-06-29,2,7662,2021-09-09,0
2021-06-30,2,7664,2021-09-09,0
2021-07-01,0,7664,2021-09-09,0
2021-07-02,2,7666,2021-09-09,0
2021-07-03,2,7668,2021-09-09,0
2021-07-04,3,7671,2021-09-09,0
2021-07-05,1,7672,2021-09-09,0
2021-07-06,4,7676,2021-09-09,0
2021-07-07,1,7677,2021-09-09,0
2021-07-08,1,7678,2021-09-09,0
2021-07-09,0,7678,2021-09-09,0
2021-07-10,1,7679,2021-09-09,0
2021-07-11,2,7681,2021-09-09,0
2021-07-12,1,7682,2021-09-09,0
2021-07-13,2,7684,2021-09-09,0
2021-07-14,2,7686,2021-09-09,0
2021-07-15,2,7688,2021-09-09,0
2021-07-16,1,7689,2021-09-09,0
2021-07-17,1,7690,2021-09-09,0
2021-07-18,0,7690,2021-09-09,0
2021-07-19,0,7690,2021-09-09,0
2021-07-20,2,7692,2021-09-09,0
2021-07-21,2,7694,2021-09-09,0
2021-07-22,2,7696,2021-09-09,0
2021-07-23,3,7699,2021-09-09,0
2021-07-24,0,7699,2021-09-09,0
2021-07-25,2,7701,2021-09-09,0
2021-07-26,1,7702,2021-09-09,0
2021-07-27,2,7704,2021-09-09,0
2021-07-28,3,7707,2021-09-09,0
2021-07-29,2,7709,2021-09-09,0
2021-07-30,5,7714,2021-09-09,0
2021-07-31,4,7718,2021-09-09,0
2021-08-01,1,7719,2021-09-09,0
2021-08-02,3,7722,2021-09-09,0
2021-08-03,2,7724,2021-09-09,0
2021-08-04,3,7727,2021-09-09,0
2021-08-05,2,7729,2021-09-09,0
2021-08-06,7,7736,2021-09-09,0
2021-08-07,3,7739,2021-09-09,0
2021-08-08,1,7740,2021-09-09,0
2021-08-09,3,7743,2021-09-09,0
2021-08-10,2,7745,2021-09-09,0
2021-08-11,2,7747,2021-09-09,0
2021-08-12,7,7754,2021-09-09,0
2021-08-13,5,7759,2021-09-09,0
2021-08-14,6,7765,2021-09-09,0
2021-08-15,0,7765,2021-09-09,0
2021-08-16,6,7771,2021-09-09,0
2021-08-17,7,7778,2021-09-09,0
2021-08-18,7,7785,2021-09-09,0
2021-08-19,2,7787,2021-09-09,0
2021-08-20,3,7790,2021-09-09,0
2021-08-21,5,7795,2021-09-09,0
2021-08-22,7,7802,2021-09-09,0
2021-08-23,4,7806,2021-09-09,0
2021-08-24,12,7818,2021-09-09,0
2021-08-25,7,7825,2021-09-09,0
2021-08-26,1,7826,2021-09-09,0
2021-08-27,6,7832,2021-09-09,0
2021-08-28,7,7839,2021-09-09,0
2021-08-29,9,7848,2021-09-09,0
2021-08-30,7,7855,2021-09-09,0
2021-08-31,6,7861,2021-09-09,0
2021-09-01,5,7866,2021-09-09,2
2021-09-02,0,7866,2021-09-09,0
2021-09-03,4,7870,2021-09-09,3
2021-09-04,3,7873,2021-09-09,3
2021-09-05,0,7873,2021-09-09,0
2021-09-06,1,7874,2021-09-09,1
NA,0,7874,2021-09-09,0
2020-03-19,1,1,2021-09-10,0
2020-03-20,0,1,2021-09-10,0
2020-03-21,0,1,2021-09-10,0
2020-03-22,0,1,2021-09-10,0
2020-03-23,0,1,2021-09-10,0
2020-03-24,1,2,2021-09-10,0
2020-03-25,1,3,2021-09-10,0
2020-03-26,1,4,2021-09-10,0
2020-03-27,5,9,2021-09-10,0
2020-03-28,3,12,2021-09-10,0
2020-03-29,0,12,2021-09-10,0
2020-03-30,5,17,2021-09-10,0
2020-03-31,2,19,2021-09-10,0
2020-04-01,5,24,2021-09-10,0
2020-04-02,3,27,2021-09-10,0
2020-04-03,1,28,2021-09-10,0
2020-04-04,5,33,2021-09-10,0
2020-04-05,5,38,2021-09-10,0
2020-04-06,10,48,2021-09-10,0
2020-04-07,6,54,2021-09-10,0
2020-04-08,7,61,2021-09-10,0
2020-04-09,8,69,2021-09-10,0
2020-04-10,6,75,2021-09-10,0
2020-04-11,4,79,2021-09-10,0
2020-04-12,4,83,2021-09-10,0
2020-04-13,10,93,2021-09-10,0
2020-04-14,6,99,2021-09-10,0
2020-04-15,17,116,2021-09-10,0
2020-04-16,10,126,2021-09-10,0
2020-04-17,17,143,2021-09-10,0
2020-04-18,17,160,2021-09-10,0
2020-04-19,16,176,2021-09-10,0
2020-04-20,21,197,2021-09-10,0
2020-04-21,26,223,2021-09-10,0
2020-04-22,21,244,2021-09-10,0
2020-04-23,19,263,2021-09-10,0
2020-04-24,23,286,2021-09-10,0
2020-04-25,18,304,2021-09-10,0
2020-04-26,17,321,2021-09-10,0
2020-04-27,21,342,2021-09-10,0
2020-04-28,16,358,2021-09-10,0
2020-04-29,29,387,2021-09-10,0
2020-04-30,18,405,2021-09-10,0
2020-05-01,30,435,2021-09-10,0
2020-05-02,19,454,2021-09-10,0
2020-05-03,29,483,2021-09-10,0
2020-05-04,23,506,2021-09-10,0
2020-05-05,19,525,2021-09-10,0
2020-05-06,25,550,2021-09-10,0
2020-05-07,30,580,2021-09-10,0
2020-05-08,20,600,2021-09-10,0
2020-05-09,26,626,2021-09-10,0
2020-05-10,19,645,2021-09-10,0
2020-05-11,25,670,2021-09-10,0
2020-05-12,20,690,2021-09-10,0
2020-05-13,22,712,2021-09-10,0
2020-05-14,20,732,2021-09-10,0
2020-05-15,20,752,2021-09-10,0
2020-05-16,20,772,2021-09-10,0
2020-05-17,23,795,2021-09-10,0
2020-05-18,18,813,2021-09-10,0
2020-05-19,35,848,2021-09-10,0
2020-05-20,24,872,2021-09-10,0
2020-05-21,17,889,2021-09-10,0
2020-05-22,20,909,2021-09-10,0
2020-05-23,26,935,2021-09-10,0
2020-05-24,25,960,2021-09-10,0
2020-05-25,30,990,2021-09-10,0
2020-05-26,29,1019,2021-09-10,0
2020-05-27,25,1044,2021-09-10,0
2020-05-28,21,1065,2021-09-10,0
2020-05-29,17,1082,2021-09-10,0
2020-05-30,11,1093,2021-09-10,0
2020-05-31,20,1113,2021-09-10,0
2020-06-01,23,1136,2021-09-10,0
2020-06-02,21,1157,2021-09-10,0
2020-06-03,25,1182,2021-09-10,0
2020-06-04,26,1208,2021-09-10,0
2020-06-05,18,1226,2021-09-10,0
2020-06-06,12,1238,2021-09-10,0
2020-06-07,22,1260,2021-09-10,0
2020-06-08,12,1272,2021-09-10,0
2020-06-09,13,1285,2021-09-10,0
2020-06-10,10,1295,2021-09-10,0
2020-06-11,12,1307,2021-09-10,0
2020-06-12,11,1318,2021-09-10,0
2020-06-13,13,1331,2021-09-10,0
2020-06-14,11,1342,2021-09-10,0
2020-06-15,8,1350,2021-09-10,0
2020-06-16,8,1358,2021-09-10,0
2020-06-17,17,1375,2021-09-10,0
2020-06-18,9,1384,2021-09-10,0
2020-06-19,8,1392,2021-09-10,0
2020-06-20,12,1404,2021-09-10,0
2020-06-21,11,1415,2021-09-10,0
2020-06-22,6,1421,2021-09-10,0
2020-06-23,10,1431,2021-09-10,0
2020-06-24,1,1432,2021-09-10,0
2020-06-25,9,1441,2021-09-10,0
2020-06-26,6,1447,2021-09-10,0
2020-06-27,5,1452,2021-09-10,0
2020-06-28,11,1463,2021-09-10,0
2020-06-29,7,1470,2021-09-10,0
2020-06-30,9,1479,2021-09-10,0
2020-07-01,2,1481,2021-09-10,0
2020-07-02,3,1484,2021-09-10,0
2020-07-03,5,1489,2021-09-10,0
2020-07-04,4,1493,2021-09-10,0
2020-07-05,6,1499,2021-09-10,0
2020-07-06,4,1503,2021-09-10,0
2020-07-07,2,1505,2021-09-10,0
2020-07-08,9,1514,2021-09-10,0
2020-07-09,4,1518,2021-09-10,0
2020-07-10,3,1521,2021-09-10,0
2020-07-11,4,1525,2021-09-10,0
2020-07-12,6,1531,2021-09-10,0
2020-07-13,2,1533,2021-09-10,0
2020-07-14,6,1539,2021-09-10,0
2020-07-15,7,1546,2021-09-10,0
2020-07-16,3,1549,2021-09-10,0
2020-07-17,7,1556,2021-09-10,0
2020-07-18,6,1562,2021-09-10,0
2020-07-19,5,1567,2021-09-10,0
2020-07-20,3,1570,2021-09-10,0
2020-07-21,6,1576,2021-09-10,0
2020-07-22,5,1581,2021-09-10,0
2020-07-23,8,1589,2021-09-10,0
2020-07-24,6,1595,2021-09-10,0
2020-07-25,2,1597,2021-09-10,0
2020-07-26,5,1602,2021-09-10,0
2020-07-27,5,1607,2021-09-10,0
2020-07-28,7,1614,2021-09-10,0
2020-07-29,3,1617,2021-09-10,0
2020-07-30,6,1623,2021-09-10,0
2020-07-31,9,1632,2021-09-10,0
2020-08-01,4,1636,2021-09-10,0
2020-08-02,7,1643,2021-09-10,0
2020-08-03,4,1647,2021-09-10,0
2020-08-04,7,1654,2021-09-10,0
2020-08-05,8,1662,2021-09-10,0
2020-08-06,9,1671,2021-09-10,0
2020-08-07,7,1678,2021-09-10,0
2020-08-08,6,1684,2021-09-10,0
2020-08-09,10,1694,2021-09-10,0
2020-08-10,3,1697,2021-09-10,0
2020-08-11,9,1706,2021-09-10,0
2020-08-12,7,1713,2021-09-10,0
2020-08-13,5,1718,2021-09-10,0
2020-08-14,9,1727,2021-09-10,0
2020-08-15,13,1740,2021-09-10,0
2020-08-16,13,1753,2021-09-10,0
2020-08-17,6,1759,2021-09-10,0
2020-08-18,11,1770,2021-09-10,0
2020-08-19,3,1773,2021-09-10,0
2020-08-20,10,1783,2021-09-10,0
2020-08-21,12,1795,2021-09-10,0
2020-08-22,9,1804,2021-09-10,0
2020-08-23,7,1811,2021-09-10,0
2020-08-24,9,1820,2021-09-10,0
2020-08-25,4,1824,2021-09-10,0
2020-08-26,3,1827,2021-09-10,0
2020-08-27,7,1834,2021-09-10,0
2020-08-28,6,1840,2021-09-10,0
2020-08-29,3,1843,2021-09-10,0
2020-08-30,5,1848,2021-09-10,0
2020-08-31,9,1857,2021-09-10,0
2020-09-01,2,1859,2021-09-10,0
2020-09-02,7,1866,2021-09-10,0
2020-09-03,12,1878,2021-09-10,0
2020-09-04,4,1882,2021-09-10,0
2020-09-05,6,1888,2021-09-10,0
2020-09-06,12,1900,2021-09-10,0
2020-09-07,3,1903,2021-09-10,0
2020-09-08,6,1909,2021-09-10,0
2020-09-09,10,1919,2021-09-10,0
2020-09-10,9,1928,2021-09-10,0
2020-09-11,11,1939,2021-09-10,0
2020-09-12,8,1947,2021-09-10,0
2020-09-13,8,1955,2021-09-10,0
2020-09-14,2,1957,2021-09-10,0
2020-09-15,6,1963,2021-09-10,0
2020-09-16,9,1972,2021-09-10,0
2020-09-17,5,1977,2021-09-10,0
2020-09-18,6,1983,2021-09-10,0
2020-09-19,4,1987,2021-09-10,0
2020-09-20,9,1996,2021-09-10,0
2020-09-21,7,2003,2021-09-10,0
2020-09-22,8,2011,2021-09-10,0
2020-09-23,9,2020,2021-09-10,0
2020-09-24,7,2027,2021-09-10,0
2020-09-25,11,2038,2021-09-10,0
2020-09-26,9,2047,2021-09-10,0
2020-09-27,14,2061,2021-09-10,0
2020-09-28,11,2072,2021-09-10,0
2020-09-29,5,2077,2021-09-10,0
2020-09-30,16,2093,2021-09-10,0
2020-10-01,7,2100,2021-09-10,0
2020-10-02,13,2113,2021-09-10,0
2020-10-03,9,2122,2021-09-10,0
2020-10-04,7,2129,2021-09-10,0
2020-10-05,10,2139,2021-09-10,0
2020-10-06,12,2151,2021-09-10,0
2020-10-07,19,2170,2021-09-10,0
2020-10-08,9,2179,2021-09-10,0
2020-10-09,17,2196,2021-09-10,0
2020-10-10,16,2212,2021-09-10,0
2020-10-11,16,2228,2021-09-10,0
2020-10-12,20,2248,2021-09-10,0
2020-10-13,14,2262,2021-09-10,0
2020-10-14,10,2272,2021-09-10,0
2020-10-15,9,2281,2021-09-10,0
2020-10-16,12,2293,2021-09-10,0
2020-10-17,18,2311,2021-09-10,0
2020-10-18,25,2336,2021-09-10,0
2020-10-19,18,2354,2021-09-10,0
2020-10-20,15,2369,2021-09-10,0
2020-10-21,24,2393,2021-09-10,0
2020-10-22,18,2411,2021-09-10,0
2020-10-23,19,2430,2021-09-10,0
2020-10-24,8,2438,2021-09-10,0
2020-10-25,17,2455,2021-09-10,0
2020-10-26,25,2480,2021-09-10,0
2020-10-27,23,2503,2021-09-10,0
2020-10-28,29,2532,2021-09-10,0
2020-10-29,18,2550,2021-09-10,0
2020-10-30,27,2577,2021-09-10,0
2020-10-31,25,2602,2021-09-10,0
2020-11-01,21,2623,2021-09-10,0
2020-11-02,25,2648,2021-09-10,0
2020-11-03,25,2673,2021-09-10,0
2020-11-04,33,2706,2021-09-10,0
2020-11-05,37,2743,2021-09-10,0
2020-11-06,39,2782,2021-09-10,0
2020-11-07,42,2824,2021-09-10,0
2020-11-08,47,2871,2021-09-10,0
2020-11-09,36,2907,2021-09-10,0
2020-11-10,35,2942,2021-09-10,0
2020-11-11,43,2985,2021-09-10,0
2020-11-12,45,3030,2021-09-10,0
2020-11-13,40,3070,2021-09-10,0
2020-11-14,47,3117,2021-09-10,0
2020-11-15,46,3163,2021-09-10,0
2020-11-16,62,3225,2021-09-10,0
2020-11-17,56,3281,2021-09-10,0
2020-11-18,61,3342,2021-09-10,0
2020-11-19,60,3402,2021-09-10,0
2020-11-20,63,3465,2021-09-10,0
2020-11-21,58,3523,2021-09-10,0
2020-11-22,67,3590,2021-09-10,0
2020-11-23,59,3649,2021-09-10,0
2020-11-24,68,3717,2021-09-10,0
2020-11-25,72,3789,2021-09-10,0
2020-11-26,54,3843,2021-09-10,0
2020-11-27,69,3912,2021-09-10,0
2020-11-28,60,3972,2021-09-10,0
2020-11-29,68,4040,2021-09-10,0
2020-11-30,60,4100,2021-09-10,0
2020-12-01,63,4163,2021-09-10,0
2020-12-02,73,4236,2021-09-10,0
2020-12-03,86,4322,2021-09-10,0
2020-12-04,67,4389,2021-09-10,0
2020-12-05,74,4463,2021-09-10,0
2020-12-06,80,4543,2021-09-10,0
2020-12-07,75,4618,2021-09-10,0
2020-12-08,61,4679,2021-09-10,0
2020-12-09,71,4750,2021-09-10,0
2020-12-10,71,4821,2021-09-10,0
2020-12-11,70,4891,2021-09-10,0
2020-12-12,71,4962,2021-09-10,0
2020-12-13,55,5017,2021-09-10,0
2020-12-14,43,5060,2021-09-10,0
2020-12-15,65,5125,2021-09-10,0
2020-12-16,70,5195,2021-09-10,0
2020-12-17,60,5255,2021-09-10,0
2020-12-18,59,5314,2021-09-10,0
2020-12-19,56,5370,2021-09-10,0
2020-12-20,59,5429,2021-09-10,0
2020-12-21,58,5487,2021-09-10,0
2020-12-22,33,5520,2021-09-10,0
2020-12-23,44,5564,2021-09-10,0
2020-12-24,50,5614,2021-09-10,0
2020-12-25,36,5650,2021-09-10,0
2020-12-26,43,5693,2021-09-10,0
2020-12-27,41,5734,2021-09-10,0
2020-12-28,33,5767,2021-09-10,0
2020-12-29,36,5803,2021-09-10,0
2020-12-30,47,5850,2021-09-10,0
2020-12-31,36,5886,2021-09-10,0
2021-01-01,28,5914,2021-09-10,0
2021-01-02,46,5960,2021-09-10,0
2021-01-03,36,5996,2021-09-10,0
2021-01-04,31,6027,2021-09-10,0
2021-01-05,40,6067,2021-09-10,0
2021-01-06,32,6099,2021-09-10,0
2021-01-07,37,6136,2021-09-10,0
2021-01-08,32,6168,2021-09-10,0
2021-01-09,25,6193,2021-09-10,0
2021-01-10,29,6222,2021-09-10,0
2021-01-11,26,6248,2021-09-10,0
2021-01-12,32,6280,2021-09-10,0
2021-01-13,23,6303,2021-09-10,0
2021-01-14,41,6344,2021-09-10,0
2021-01-15,26,6370,2021-09-10,0
2021-01-16,28,6398,2021-09-10,0
2021-01-17,21,6419,2021-09-10,0
2021-01-18,19,6438,2021-09-10,0
2021-01-19,14,6452,2021-09-10,0
2021-01-20,26,6478,2021-09-10,0
2021-01-21,16,6494,2021-09-10,0
2021-01-22,13,6507,2021-09-10,0
2021-01-23,17,6524,2021-09-10,0
2021-01-24,24,6548,2021-09-10,0
2021-01-25,17,6565,2021-09-10,0
2021-01-26,21,6586,2021-09-10,0
2021-01-27,11,6597,2021-09-10,0
2021-01-28,12,6609,2021-09-10,0
2021-01-29,15,6624,2021-09-10,0
2021-01-30,13,6637,2021-09-10,0
2021-01-31,16,6653,2021-09-10,0
2021-02-01,17,6670,2021-09-10,0
2021-02-02,10,6680,2021-09-10,0
2021-02-03,11,6691,2021-09-10,0
2021-02-04,11,6702,2021-09-10,0
2021-02-05,10,6712,2021-09-10,0
2021-02-06,12,6724,2021-09-10,0
2021-02-07,19,6743,2021-09-10,0
2021-02-08,11,6754,2021-09-10,0
2021-02-09,14,6768,2021-09-10,0
2021-02-10,13,6781,2021-09-10,0
2021-02-11,7,6788,2021-09-10,0
2021-02-12,12,6800,2021-09-10,0
2021-02-13,8,6808,2021-09-10,0
2021-02-14,9,6817,2021-09-10,0
2021-02-15,9,6826,2021-09-10,0
2021-02-16,12,6838,2021-09-10,0
2021-02-17,10,6848,2021-09-10,0
2021-02-18,7,6855,2021-09-10,0
2021-02-19,6,6861,2021-09-10,0
2021-02-20,7,6868,2021-09-10,0
2021-02-21,4,6872,2021-09-10,0
2021-02-22,5,6877,2021-09-10,0
2021-02-23,9,6886,2021-09-10,0
2021-02-24,4,6890,2021-09-10,0
2021-02-25,5,6895,2021-09-10,0
2021-02-26,7,6902,2021-09-10,0
2021-02-27,6,6908,2021-09-10,0
2021-02-28,8,6916,2021-09-10,0
2021-03-01,7,6923,2021-09-10,0
2021-03-02,2,6925,2021-09-10,0
2021-03-03,10,6935,2021-09-10,0
2021-03-04,6,6941,2021-09-10,0
2021-03-05,10,6951,2021-09-10,0
2021-03-06,5,6956,2021-09-10,0
2021-03-07,9,6965,2021-09-10,0
2021-03-08,5,6970,2021-09-10,0
2021-03-09,7,6977,2021-09-10,0
2021-03-10,5,6982,2021-09-10,0
2021-03-11,4,6986,2021-09-10,0
2021-03-12,11,6997,2021-09-10,0
2021-03-13,5,7002,2021-09-10,0
2021-03-14,4,7006,2021-09-10,0
2021-03-15,2,7008,2021-09-10,0
2021-03-16,6,7014,2021-09-10,1
2021-03-17,4,7018,2021-09-10,0
2021-03-18,5,7023,2021-09-10,0
2021-03-19,5,7028,2021-09-10,0
2021-03-20,9,7037,2021-09-10,0
2021-03-21,5,7042,2021-09-10,0
2021-03-22,4,7046,2021-09-10,0
2021-03-23,5,7051,2021-09-10,0
2021-03-24,1,7052,2021-09-10,0
2021-03-25,5,7057,2021-09-10,0
2021-03-26,3,7060,2021-09-10,0
2021-03-27,7,7067,2021-09-10,0
2021-03-28,6,7073,2021-09-10,0
2021-03-29,5,7078,2021-09-10,0
2021-03-30,6,7084,2021-09-10,0
2021-03-31,8,7092,2021-09-10,0
2021-04-01,6,7098,2021-09-10,0
2021-04-02,9,7107,2021-09-10,0
2021-04-03,8,7115,2021-09-10,0
2021-04-04,6,7121,2021-09-10,0
2021-04-05,8,7129,2021-09-10,0
2021-04-06,6,7135,2021-09-10,0
2021-04-07,6,7141,2021-09-10,0
2021-04-08,10,7151,2021-09-10,0
2021-04-09,6,7157,2021-09-10,0
2021-04-10,7,7164,2021-09-10,0
2021-04-11,8,7172,2021-09-10,0
2021-04-12,10,7182,2021-09-10,0
2021-04-13,7,7189,2021-09-10,1
2021-04-14,8,7197,2021-09-10,0
2021-04-15,14,7211,2021-09-10,0
2021-04-16,8,7219,2021-09-10,0
2021-04-17,8,7227,2021-09-10,0
2021-04-18,8,7235,2021-09-10,0
2021-04-19,10,7245,2021-09-10,0
2021-04-20,5,7250,2021-09-10,0
2021-04-21,8,7258,2021-09-10,0
2021-04-22,1,7259,2021-09-10,0
2021-04-23,15,7274,2021-09-10,0
2021-04-24,11,7285,2021-09-10,0
2021-04-25,15,7300,2021-09-10,0
2021-04-26,14,7314,2021-09-10,0
2021-04-27,7,7321,2021-09-10,0
2021-04-28,14,7335,2021-09-10,0
2021-04-29,8,7343,2021-09-10,0
2021-04-30,11,7354,2021-09-10,0
2021-05-01,7,7361,2021-09-10,0
2021-05-02,8,7369,2021-09-10,0
2021-05-03,5,7374,2021-09-10,0
2021-05-04,13,7387,2021-09-10,0
2021-05-05,8,7395,2021-09-10,0
2021-05-06,5,7400,2021-09-10,0
2021-05-07,8,7408,2021-09-10,0
2021-05-08,7,7415,2021-09-10,0
2021-05-09,9,7424,2021-09-10,0
2021-05-10,8,7432,2021-09-10,0
2021-05-11,6,7438,2021-09-10,0
2021-05-12,9,7447,2021-09-10,0
2021-05-13,9,7456,2021-09-10,0
2021-05-14,11,7467,2021-09-10,0
2021-05-15,9,7476,2021-09-10,0
2021-05-16,6,7482,2021-09-10,1
2021-05-17,5,7487,2021-09-10,0
2021-05-18,7,7494,2021-09-10,0
2021-05-19,2,7496,2021-09-10,0
2021-05-20,5,7501,2021-09-10,0
2021-05-21,7,7508,2021-09-10,0
2021-05-22,10,7518,2021-09-10,0
2021-05-23,5,7523,2021-09-10,0
2021-05-24,5,7528,2021-09-10,0
2021-05-25,6,7534,2021-09-10,0
2021-05-26,3,7537,2021-09-10,0
2021-05-27,7,7544,2021-09-10,0
2021-05-28,2,7546,2021-09-10,0
2021-05-29,6,7552,2021-09-10,0
2021-05-30,4,7556,2021-09-10,0
2021-05-31,3,7559,2021-09-10,0
2021-06-01,5,7564,2021-09-10,0
2021-06-02,8,7572,2021-09-10,0
2021-06-03,4,7576,2021-09-10,0
2021-06-04,4,7580,2021-09-10,0
2021-06-05,2,7582,2021-09-10,1
2021-06-06,5,7587,2021-09-10,0
2021-06-07,3,7590,2021-09-10,0
2021-06-08,5,7595,2021-09-10,0
2021-06-09,4,7599,2021-09-10,0
2021-06-10,6,7605,2021-09-10,0
2021-06-11,6,7611,2021-09-10,0
2021-06-12,4,7615,2021-09-10,0
2021-06-13,4,7619,2021-09-10,0
2021-06-14,3,7622,2021-09-10,0
2021-06-15,2,7624,2021-09-10,0
2021-06-16,2,7626,2021-09-10,0
2021-06-17,4,7630,2021-09-10,0
2021-06-18,1,7631,2021-09-10,0
2021-06-19,6,7637,2021-09-10,0
2021-06-20,1,7638,2021-09-10,0
2021-06-21,5,7643,2021-09-10,0
2021-06-22,3,7646,2021-09-10,0
2021-06-23,4,7650,2021-09-10,0
2021-06-24,3,7653,2021-09-10,0
2021-06-25,3,7656,2021-09-10,0
2021-06-26,4,7660,2021-09-10,0
2021-06-27,2,7662,2021-09-10,0
2021-06-28,2,7664,2021-09-10,0
2021-06-29,2,7666,2021-09-10,0
2021-06-30,2,7668,2021-09-10,0
2021-07-01,0,7668,2021-09-10,0
2021-07-02,2,7670,2021-09-10,0
2021-07-03,2,7672,2021-09-10,0
2021-07-04,3,7675,2021-09-10,0
2021-07-05,1,7676,2021-09-10,0
2021-07-06,4,7680,2021-09-10,0
2021-07-07,1,7681,2021-09-10,0
2021-07-08,1,7682,2021-09-10,0
2021-07-09,0,7682,2021-09-10,0
2021-07-10,1,7683,2021-09-10,0
2021-07-11,2,7685,2021-09-10,0
2021-07-12,1,7686,2021-09-10,0
2021-07-13,2,7688,2021-09-10,0
2021-07-14,2,7690,2021-09-10,0
2021-07-15,2,7692,2021-09-10,0
2021-07-16,1,7693,2021-09-10,0
2021-07-17,1,7694,2021-09-10,0
2021-07-18,0,7694,2021-09-10,0
2021-07-19,0,7694,2021-09-10,0
2021-07-20,2,7696,2021-09-10,0
2021-07-21,2,7698,2021-09-10,0
2021-07-22,2,7700,2021-09-10,0
2021-07-23,3,7703,2021-09-10,0
2021-07-24,0,7703,2021-09-10,0
2021-07-25,2,7705,2021-09-10,0
2021-07-26,1,7706,2021-09-10,0
2021-07-27,2,7708,2021-09-10,0
2021-07-28,3,7711,2021-09-10,0
2021-07-29,2,7713,2021-09-10,0
2021-07-30,5,7718,2021-09-10,0
2021-07-31,4,7722,2021-09-10,0
2021-08-01,1,7723,2021-09-10,0
2021-08-02,3,7726,2021-09-10,0
2021-08-03,2,7728,2021-09-10,0
2021-08-04,3,7731,2021-09-10,0
2021-08-05,2,7733,2021-09-10,0
2021-08-06,7,7740,2021-09-10,0
2021-08-07,3,7743,2021-09-10,0
2021-08-08,1,7744,2021-09-10,0
2021-08-09,3,7747,2021-09-10,0
2021-08-10,2,7749,2021-09-10,0
2021-08-11,2,7751,2021-09-10,0
2021-08-12,7,7758,2021-09-10,0
2021-08-13,5,7763,2021-09-10,0
2021-08-14,6,7769,2021-09-10,0
2021-08-15,0,7769,2021-09-10,0
2021-08-16,6,7775,2021-09-10,0
2021-08-17,7,7782,2021-09-10,0
2021-08-18,7,7789,2021-09-10,0
2021-08-19,2,7791,2021-09-10,0
2021-08-20,3,7794,2021-09-10,0
2021-08-21,5,7799,2021-09-10,0
2021-08-22,7,7806,2021-09-10,0
2021-08-23,4,7810,2021-09-10,0
2021-08-24,12,7822,2021-09-10,0
2021-08-25,7,7829,2021-09-10,0
2021-08-26,1,7830,2021-09-10,0
2021-08-27,6,7836,2021-09-10,0
2021-08-28,8,7844,2021-09-10,1
2021-08-29,9,7853,2021-09-10,0
2021-08-30,7,7860,2021-09-10,0
2021-08-31,6,7866,2021-09-10,0
2021-09-01,5,7871,2021-09-10,0
2021-09-02,4,7875,2021-09-10,4
2021-09-03,5,7880,2021-09-10,1
2021-09-04,6,7886,2021-09-10,3
2021-09-05,3,7889,2021-09-10,3
2021-09-06,1,7890,2021-09-10,0
2021-09-07,2,7892,2021-09-10,2
NA,0,7892,2021-09-10,0
2020-03-19,1,1,2021-09-13,0
2020-03-20,0,1,2021-09-13,0
2020-03-21,0,1,2021-09-13,0
2020-03-22,0,1,2021-09-13,0
2020-03-23,0,1,2021-09-13,0
2020-03-24,1,2,2021-09-13,0
2020-03-25,1,3,2021-09-13,0
2020-03-26,1,4,2021-09-13,0
2020-03-27,5,9,2021-09-13,0
2020-03-28,3,12,2021-09-13,0
2020-03-29,0,12,2021-09-13,0
2020-03-30,5,17,2021-09-13,0
2020-03-31,2,19,2021-09-13,0
2020-04-01,5,24,2021-09-13,0
2020-04-02,3,27,2021-09-13,0
2020-04-03,1,28,2021-09-13,0
2020-04-04,5,33,2021-09-13,0
2020-04-05,5,38,2021-09-13,0
2020-04-06,10,48,2021-09-13,0
2020-04-07,6,54,2021-09-13,0
2020-04-08,7,61,2021-09-13,0
2020-04-09,8,69,2021-09-13,0
2020-04-10,6,75,2021-09-13,0
2020-04-11,4,79,2021-09-13,0
2020-04-12,4,83,2021-09-13,0
2020-04-13,10,93,2021-09-13,0
2020-04-14,6,99,2021-09-13,0
2020-04-15,17,116,2021-09-13,0
2020-04-16,10,126,2021-09-13,0
2020-04-17,17,143,2021-09-13,0
2020-04-18,17,160,2021-09-13,0
2020-04-19,16,176,2021-09-13,0
2020-04-20,21,197,2021-09-13,0
2020-04-21,26,223,2021-09-13,0
2020-04-22,21,244,2021-09-13,0
2020-04-23,19,263,2021-09-13,0
2020-04-24,23,286,2021-09-13,0
2020-04-25,18,304,2021-09-13,0
2020-04-26,17,321,2021-09-13,0
2020-04-27,21,342,2021-09-13,0
2020-04-28,16,358,2021-09-13,0
2020-04-29,29,387,2021-09-13,0
2020-04-30,18,405,2021-09-13,0
2020-05-01,30,435,2021-09-13,0
2020-05-02,19,454,2021-09-13,0
2020-05-03,29,483,2021-09-13,0
2020-05-04,23,506,2021-09-13,0
2020-05-05,19,525,2021-09-13,0
2020-05-06,25,550,2021-09-13,0
2020-05-07,30,580,2021-09-13,0
2020-05-08,20,600,2021-09-13,0
2020-05-09,26,626,2021-09-13,0
2020-05-10,19,645,2021-09-13,0
2020-05-11,25,670,2021-09-13,0
2020-05-12,20,690,2021-09-13,0
2020-05-13,22,712,2021-09-13,0
2020-05-14,20,732,2021-09-13,0
2020-05-15,20,752,2021-09-13,0
2020-05-16,20,772,2021-09-13,0
2020-05-17,23,795,2021-09-13,0
2020-05-18,18,813,2021-09-13,0
2020-05-19,35,848,2021-09-13,0
2020-05-20,24,872,2021-09-13,0
2020-05-21,17,889,2021-09-13,0
2020-05-22,20,909,2021-09-13,0
2020-05-23,26,935,2021-09-13,0
2020-05-24,25,960,2021-09-13,0
2020-05-25,30,990,2021-09-13,0
2020-05-26,29,1019,2021-09-13,0
2020-05-27,25,1044,2021-09-13,0
2020-05-28,21,1065,2021-09-13,0
2020-05-29,17,1082,2021-09-13,0
2020-05-30,11,1093,2021-09-13,0
2020-05-31,20,1113,2021-09-13,0
2020-06-01,23,1136,2021-09-13,0
2020-06-02,21,1157,2021-09-13,0
2020-06-03,25,1182,2021-09-13,0
2020-06-04,26,1208,2021-09-13,0
2020-06-05,18,1226,2021-09-13,0
2020-06-06,12,1238,2021-09-13,0
2020-06-07,22,1260,2021-09-13,0
2020-06-08,12,1272,2021-09-13,0
2020-06-09,13,1285,2021-09-13,0
2020-06-10,10,1295,2021-09-13,0
2020-06-11,12,1307,2021-09-13,0
2020-06-12,11,1318,2021-09-13,0
2020-06-13,13,1331,2021-09-13,0
2020-06-14,11,1342,2021-09-13,0
2020-06-15,8,1350,2021-09-13,0
2020-06-16,8,1358,2021-09-13,0
2020-06-17,17,1375,2021-09-13,0
2020-06-18,9,1384,2021-09-13,0
2020-06-19,8,1392,2021-09-13,0
2020-06-20,12,1404,2021-09-13,0
2020-06-21,11,1415,2021-09-13,0
2020-06-22,6,1421,2021-09-13,0
2020-06-23,10,1431,2021-09-13,0
2020-06-24,1,1432,2021-09-13,0
2020-06-25,9,1441,2021-09-13,0
2020-06-26,6,1447,2021-09-13,0
2020-06-27,5,1452,2021-09-13,0
2020-06-28,11,1463,2021-09-13,0
2020-06-29,7,1470,2021-09-13,0
2020-06-30,9,1479,2021-09-13,0
2020-07-01,2,1481,2021-09-13,0
2020-07-02,3,1484,2021-09-13,0
2020-07-03,5,1489,2021-09-13,0
2020-07-04,4,1493,2021-09-13,0
2020-07-05,6,1499,2021-09-13,0
2020-07-06,4,1503,2021-09-13,0
2020-07-07,2,1505,2021-09-13,0
2020-07-08,9,1514,2021-09-13,0
2020-07-09,4,1518,2021-09-13,0
2020-07-10,3,1521,2021-09-13,0
2020-07-11,4,1525,2021-09-13,0
2020-07-12,6,1531,2021-09-13,0
2020-07-13,2,1533,2021-09-13,0
2020-07-14,6,1539,2021-09-13,0
2020-07-15,7,1546,2021-09-13,0
2020-07-16,3,1549,2021-09-13,0
2020-07-17,7,1556,2021-09-13,0
2020-07-18,6,1562,2021-09-13,0
2020-07-19,5,1567,2021-09-13,0
2020-07-20,3,1570,2021-09-13,0
2020-07-21,6,1576,2021-09-13,0
2020-07-22,5,1581,2021-09-13,0
2020-07-23,8,1589,2021-09-13,0
2020-07-24,6,1595,2021-09-13,0
2020-07-25,2,1597,2021-09-13,0
2020-07-26,5,1602,2021-09-13,0
2020-07-27,5,1607,2021-09-13,0
2020-07-28,7,1614,2021-09-13,0
2020-07-29,3,1617,2021-09-13,0
2020-07-30,6,1623,2021-09-13,0
2020-07-31,9,1632,2021-09-13,0
2020-08-01,4,1636,2021-09-13,0
2020-08-02,7,1643,2021-09-13,0
2020-08-03,4,1647,2021-09-13,0
2020-08-04,7,1654,2021-09-13,0
2020-08-05,8,1662,2021-09-13,0
2020-08-06,9,1671,2021-09-13,0
2020-08-07,7,1678,2021-09-13,0
2020-08-08,6,1684,2021-09-13,0
2020-08-09,10,1694,2021-09-13,0
2020-08-10,3,1697,2021-09-13,0
2020-08-11,9,1706,2021-09-13,0
2020-08-12,7,1713,2021-09-13,0
2020-08-13,5,1718,2021-09-13,0
2020-08-14,9,1727,2021-09-13,0
2020-08-15,13,1740,2021-09-13,0
2020-08-16,13,1753,2021-09-13,0
2020-08-17,6,1759,2021-09-13,0
2020-08-18,11,1770,2021-09-13,0
2020-08-19,3,1773,2021-09-13,0
2020-08-20,10,1783,2021-09-13,0
2020-08-21,12,1795,2021-09-13,0
2020-08-22,9,1804,2021-09-13,0
2020-08-23,7,1811,2021-09-13,0
2020-08-24,9,1820,2021-09-13,0
2020-08-25,4,1824,2021-09-13,0
2020-08-26,3,1827,2021-09-13,0
2020-08-27,7,1834,2021-09-13,0
2020-08-28,6,1840,2021-09-13,0
2020-08-29,3,1843,2021-09-13,0
2020-08-30,5,1848,2021-09-13,0
2020-08-31,9,1857,2021-09-13,0
2020-09-01,2,1859,2021-09-13,0
2020-09-02,7,1866,2021-09-13,0
2020-09-03,12,1878,2021-09-13,0
2020-09-04,4,1882,2021-09-13,0
2020-09-05,6,1888,2021-09-13,0
2020-09-06,12,1900,2021-09-13,0
2020-09-07,3,1903,2021-09-13,0
2020-09-08,6,1909,2021-09-13,0
2020-09-09,10,1919,2021-09-13,0
2020-09-10,9,1928,2021-09-13,0
2020-09-11,11,1939,2021-09-13,0
2020-09-12,8,1947,2021-09-13,0
2020-09-13,8,1955,2021-09-13,0
2020-09-14,2,1957,2021-09-13,0
2020-09-15,6,1963,2021-09-13,0
2020-09-16,9,1972,2021-09-13,0
2020-09-17,5,1977,2021-09-13,0
2020-09-18,6,1983,2021-09-13,0
2020-09-19,4,1987,2021-09-13,0
2020-09-20,9,1996,2021-09-13,0
2020-09-21,7,2003,2021-09-13,0
2020-09-22,8,2011,2021-09-13,0
2020-09-23,9,2020,2021-09-13,0
2020-09-24,7,2027,2021-09-13,0
2020-09-25,11,2038,2021-09-13,0
2020-09-26,9,2047,2021-09-13,0
2020-09-27,14,2061,2021-09-13,0
2020-09-28,11,2072,2021-09-13,0
2020-09-29,5,2077,2021-09-13,0
2020-09-30,16,2093,2021-09-13,0
2020-10-01,7,2100,2021-09-13,0
2020-10-02,13,2113,2021-09-13,0
2020-10-03,9,2122,2021-09-13,0
2020-10-04,7,2129,2021-09-13,0
2020-10-05,10,2139,2021-09-13,0
2020-10-06,12,2151,2021-09-13,0
2020-10-07,19,2170,2021-09-13,0
2020-10-08,9,2179,2021-09-13,0
2020-10-09,17,2196,2021-09-13,0
2020-10-10,16,2212,2021-09-13,0
2020-10-11,16,2228,2021-09-13,0
2020-10-12,20,2248,2021-09-13,0
2020-10-13,14,2262,2021-09-13,0
2020-10-14,10,2272,2021-09-13,0
2020-10-15,9,2281,2021-09-13,0
2020-10-16,12,2293,2021-09-13,0
2020-10-17,18,2311,2021-09-13,0
2020-10-18,25,2336,2021-09-13,0
2020-10-19,18,2354,2021-09-13,0
2020-10-20,15,2369,2021-09-13,0
2020-10-21,24,2393,2021-09-13,0
2020-10-22,18,2411,2021-09-13,0
2020-10-23,19,2430,2021-09-13,0
2020-10-24,8,2438,2021-09-13,0
2020-10-25,17,2455,2021-09-13,0
2020-10-26,25,2480,2021-09-13,0
2020-10-27,23,2503,2021-09-13,0
2020-10-28,29,2532,2021-09-13,0
2020-10-29,18,2550,2021-09-13,0
2020-10-30,27,2577,2021-09-13,0
2020-10-31,25,2602,2021-09-13,0
2020-11-01,21,2623,2021-09-13,0
2020-11-02,25,2648,2021-09-13,0
2020-11-03,25,2673,2021-09-13,0
2020-11-04,33,2706,2021-09-13,0
2020-11-05,37,2743,2021-09-13,0
2020-11-06,39,2782,2021-09-13,0
2020-11-07,42,2824,2021-09-13,0
2020-11-08,47,2871,2021-09-13,0
2020-11-09,36,2907,2021-09-13,0
2020-11-10,35,2942,2021-09-13,0
2020-11-11,43,2985,2021-09-13,0
2020-11-12,45,3030,2021-09-13,0
2020-11-13,40,3070,2021-09-13,0
2020-11-14,47,3117,2021-09-13,0
2020-11-15,46,3163,2021-09-13,0
2020-11-16,62,3225,2021-09-13,0
2020-11-17,56,3281,2021-09-13,0
2020-11-18,61,3342,2021-09-13,0
2020-11-19,60,3402,2021-09-13,0
2020-11-20,63,3465,2021-09-13,0
2020-11-21,58,3523,2021-09-13,0
2020-11-22,67,3590,2021-09-13,0
2020-11-23,59,3649,2021-09-13,0
2020-11-24,68,3717,2021-09-13,0
2020-11-25,72,3789,2021-09-13,0
2020-11-26,54,3843,2021-09-13,0
2020-11-27,69,3912,2021-09-13,0
2020-11-28,60,3972,2021-09-13,0
2020-11-29,68,4040,2021-09-13,0
2020-11-30,60,4100,2021-09-13,0
2020-12-01,63,4163,2021-09-13,0
2020-12-02,73,4236,2021-09-13,0
2020-12-03,86,4322,2021-09-13,0
2020-12-04,67,4389,2021-09-13,0
2020-12-05,74,4463,2021-09-13,0
2020-12-06,80,4543,2021-09-13,0
2020-12-07,75,4618,2021-09-13,0
2020-12-08,61,4679,2021-09-13,0
2020-12-09,71,4750,2021-09-13,0
2020-12-10,71,4821,2021-09-13,0
2020-12-11,70,4891,2021-09-13,0
2020-12-12,71,4962,2021-09-13,0
2020-12-13,55,5017,2021-09-13,0
2020-12-14,43,5060,2021-09-13,0
2020-12-15,65,5125,2021-09-13,0
2020-12-16,70,5195,2021-09-13,0
2020-12-17,60,5255,2021-09-13,0
2020-12-18,59,5314,2021-09-13,0
2020-12-19,56,5370,2021-09-13,0
2020-12-20,59,5429,2021-09-13,0
2020-12-21,58,5487,2021-09-13,0
2020-12-22,33,5520,2021-09-13,0
2020-12-23,44,5564,2021-09-13,0
2020-12-24,50,5614,2021-09-13,0
2020-12-25,36,5650,2021-09-13,0
2020-12-26,43,5693,2021-09-13,0
2020-12-27,41,5734,2021-09-13,0
2020-12-28,33,5767,2021-09-13,0
2020-12-29,36,5803,2021-09-13,0
2020-12-30,47,5850,2021-09-13,0
2020-12-31,36,5886,2021-09-13,0
2021-01-01,28,5914,2021-09-13,0
2021-01-02,46,5960,2021-09-13,0
2021-01-03,36,5996,2021-09-13,0
2021-01-04,31,6027,2021-09-13,0
2021-01-05,40,6067,2021-09-13,0
2021-01-06,32,6099,2021-09-13,0
2021-01-07,37,6136,2021-09-13,0
2021-01-08,32,6168,2021-09-13,0
2021-01-09,25,6193,2021-09-13,0
2021-01-10,29,6222,2021-09-13,0
2021-01-11,26,6248,2021-09-13,0
2021-01-12,32,6280,2021-09-13,0
2021-01-13,23,6303,2021-09-13,0
2021-01-14,41,6344,2021-09-13,0
2021-01-15,26,6370,2021-09-13,0
2021-01-16,28,6398,2021-09-13,0
2021-01-17,21,6419,2021-09-13,0
2021-01-18,19,6438,2021-09-13,0
2021-01-19,14,6452,2021-09-13,0
2021-01-20,26,6478,2021-09-13,0
2021-01-21,16,6494,2021-09-13,0
2021-01-22,13,6507,2021-09-13,0
2021-01-23,17,6524,2021-09-13,0
2021-01-24,24,6548,2021-09-13,0
2021-01-25,17,6565,2021-09-13,0
2021-01-26,21,6586,2021-09-13,0
2021-01-27,11,6597,2021-09-13,0
2021-01-28,12,6609,2021-09-13,0
2021-01-29,15,6624,2021-09-13,0
2021-01-30,13,6637,2021-09-13,0
2021-01-31,16,6653,2021-09-13,0
2021-02-01,17,6670,2021-09-13,0
2021-02-02,10,6680,2021-09-13,0
2021-02-03,11,6691,2021-09-13,0
2021-02-04,11,6702,2021-09-13,0
2021-02-05,10,6712,2021-09-13,0
2021-02-06,12,6724,2021-09-13,0
2021-02-07,19,6743,2021-09-13,0
2021-02-08,11,6754,2021-09-13,0
2021-02-09,14,6768,2021-09-13,0
2021-02-10,13,6781,2021-09-13,0
2021-02-11,7,6788,2021-09-13,0
2021-02-12,12,6800,2021-09-13,0
2021-02-13,8,6808,2021-09-13,0
2021-02-14,9,6817,2021-09-13,0
2021-02-15,9,6826,2021-09-13,0
2021-02-16,12,6838,2021-09-13,0
2021-02-17,10,6848,2021-09-13,0
2021-02-18,7,6855,2021-09-13,0
2021-02-19,6,6861,2021-09-13,0
2021-02-20,7,6868,2021-09-13,0
2021-02-21,4,6872,2021-09-13,0
2021-02-22,5,6877,2021-09-13,0
2021-02-23,9,6886,2021-09-13,0
2021-02-24,4,6890,2021-09-13,0
2021-02-25,5,6895,2021-09-13,0
2021-02-26,7,6902,2021-09-13,0
2021-02-27,6,6908,2021-09-13,0
2021-02-28,8,6916,2021-09-13,0
2021-03-01,7,6923,2021-09-13,0
2021-03-02,2,6925,2021-09-13,0
2021-03-03,10,6935,2021-09-13,0
2021-03-04,6,6941,2021-09-13,0
2021-03-05,10,6951,2021-09-13,0
2021-03-06,5,6956,2021-09-13,0
2021-03-07,9,6965,2021-09-13,0
2021-03-08,5,6970,2021-09-13,0
2021-03-09,7,6977,2021-09-13,0
2021-03-10,5,6982,2021-09-13,0
2021-03-11,4,6986,2021-09-13,0
2021-03-12,11,6997,2021-09-13,0
2021-03-13,5,7002,2021-09-13,0
2021-03-14,4,7006,2021-09-13,0
2021-03-15,2,7008,2021-09-13,0
2021-03-16,6,7014,2021-09-13,0
2021-03-17,4,7018,2021-09-13,0
2021-03-18,5,7023,2021-09-13,0
2021-03-19,5,7028,2021-09-13,0
2021-03-20,9,7037,2021-09-13,0
2021-03-21,5,7042,2021-09-13,0
2021-03-22,4,7046,2021-09-13,0
2021-03-23,5,7051,2021-09-13,0
2021-03-24,1,7052,2021-09-13,0
2021-03-25,5,7057,2021-09-13,0
2021-03-26,3,7060,2021-09-13,0
2021-03-27,7,7067,2021-09-13,0
2021-03-28,6,7073,2021-09-13,0
2021-03-29,5,7078,2021-09-13,0
2021-03-30,6,7084,2021-09-13,0
2021-03-31,8,7092,2021-09-13,0
2021-04-01,6,7098,2021-09-13,0
2021-04-02,9,7107,2021-09-13,0
2021-04-03,8,7115,2021-09-13,0
2021-04-04,6,7121,2021-09-13,0
2021-04-05,8,7129,2021-09-13,0
2021-04-06,6,7135,2021-09-13,0
2021-04-07,6,7141,2021-09-13,0
2021-04-08,10,7151,2021-09-13,0
2021-04-09,6,7157,2021-09-13,0
2021-04-10,7,7164,2021-09-13,0
2021-04-11,8,7172,2021-09-13,0
2021-04-12,10,7182,2021-09-13,0
2021-04-13,7,7189,2021-09-13,0
2021-04-14,8,7197,2021-09-13,0
2021-04-15,14,7211,2021-09-13,0
2021-04-16,8,7219,2021-09-13,0
2021-04-17,8,7227,2021-09-13,0
2021-04-18,8,7235,2021-09-13,0
2021-04-19,10,7245,2021-09-13,0
2021-04-20,5,7250,2021-09-13,0
2021-04-21,8,7258,2021-09-13,0
2021-04-22,1,7259,2021-09-13,0
2021-04-23,15,7274,2021-09-13,0
2021-04-24,11,7285,2021-09-13,0
2021-04-25,15,7300,2021-09-13,0
2021-04-26,14,7314,2021-09-13,0
2021-04-27,7,7321,2021-09-13,0
2021-04-28,14,7335,2021-09-13,0
2021-04-29,8,7343,2021-09-13,0
2021-04-30,11,7354,2021-09-13,0
2021-05-01,7,7361,2021-09-13,0
2021-05-02,8,7369,2021-09-13,0
2021-05-03,5,7374,2021-09-13,0
2021-05-04,13,7387,2021-09-13,0
2021-05-05,8,7395,2021-09-13,0
2021-05-06,5,7400,2021-09-13,0
2021-05-07,8,7408,2021-09-13,0
2021-05-08,7,7415,2021-09-13,0
2021-05-09,9,7424,2021-09-13,0
2021-05-10,8,7432,2021-09-13,0
2021-05-11,6,7438,2021-09-13,0
2021-05-12,9,7447,2021-09-13,0
2021-05-13,9,7456,2021-09-13,0
2021-05-14,11,7467,2021-09-13,0
2021-05-15,9,7476,2021-09-13,0
2021-05-16,6,7482,2021-09-13,0
2021-05-17,5,7487,2021-09-13,0
2021-05-18,7,7494,2021-09-13,0
2021-05-19,2,7496,2021-09-13,0
2021-05-20,5,7501,2021-09-13,0
2021-05-21,7,7508,2021-09-13,0
2021-05-22,10,7518,2021-09-13,0
2021-05-23,5,7523,2021-09-13,0
2021-05-24,5,7528,2021-09-13,0
2021-05-25,6,7534,2021-09-13,0
2021-05-26,3,7537,2021-09-13,0
2021-05-27,7,7544,2021-09-13,0
2021-05-28,2,7546,2021-09-13,0
2021-05-29,6,7552,2021-09-13,0
2021-05-30,4,7556,2021-09-13,0
2021-05-31,3,7559,2021-09-13,0
2021-06-01,5,7564,2021-09-13,0
2021-06-02,8,7572,2021-09-13,0
2021-06-03,4,7576,2021-09-13,0
2021-06-04,4,7580,2021-09-13,0
2021-06-05,2,7582,2021-09-13,0
2021-06-06,5,7587,2021-09-13,0
2021-06-07,3,7590,2021-09-13,0
2021-06-08,5,7595,2021-09-13,0
2021-06-09,4,7599,2021-09-13,0
2021-06-10,6,7605,2021-09-13,0
2021-06-11,6,7611,2021-09-13,0
2021-06-12,4,7615,2021-09-13,0
2021-06-13,4,7619,2021-09-13,0
2021-06-14,3,7622,2021-09-13,0
2021-06-15,2,7624,2021-09-13,0
2021-06-16,2,7626,2021-09-13,0
2021-06-17,4,7630,2021-09-13,0
2021-06-18,1,7631,2021-09-13,0
2021-06-19,6,7637,2021-09-13,0
2021-06-20,1,7638,2021-09-13,0
2021-06-21,5,7643,2021-09-13,0
2021-06-22,3,7646,2021-09-13,0
2021-06-23,4,7650,2021-09-13,0
2021-06-24,3,7653,2021-09-13,0
2021-06-25,3,7656,2021-09-13,0
2021-06-26,4,7660,2021-09-13,0
2021-06-27,2,7662,2021-09-13,0
2021-06-28,2,7664,2021-09-13,0
2021-06-29,2,7666,2021-09-13,0
2021-06-30,2,7668,2021-09-13,0
2021-07-01,0,7668,2021-09-13,0
2021-07-02,2,7670,2021-09-13,0
2021-07-03,2,7672,2021-09-13,0
2021-07-04,3,7675,2021-09-13,0
2021-07-05,1,7676,2021-09-13,0
2021-07-06,4,7680,2021-09-13,0
2021-07-07,1,7681,2021-09-13,0
2021-07-08,1,7682,2021-09-13,0
2021-07-09,0,7682,2021-09-13,0
2021-07-10,1,7683,2021-09-13,0
2021-07-11,2,7685,2021-09-13,0
2021-07-12,1,7686,2021-09-13,0
2021-07-13,2,7688,2021-09-13,0
2021-07-14,2,7690,2021-09-13,0
2021-07-15,2,7692,2021-09-13,0
2021-07-16,1,7693,2021-09-13,0
2021-07-17,1,7694,2021-09-13,0
2021-07-18,0,7694,2021-09-13,0
2021-07-19,0,7694,2021-09-13,0
2021-07-20,2,7696,2021-09-13,0
2021-07-21,2,7698,2021-09-13,0
2021-07-22,2,7700,2021-09-13,0
2021-07-23,3,7703,2021-09-13,0
2021-07-24,0,7703,2021-09-13,0
2021-07-25,2,7705,2021-09-13,0
2021-07-26,1,7706,2021-09-13,0
2021-07-27,2,7708,2021-09-13,0
2021-07-28,3,7711,2021-09-13,0
2021-07-29,2,7713,2021-09-13,0
2021-07-30,5,7718,2021-09-13,0
2021-07-31,4,7722,2021-09-13,0
2021-08-01,1,7723,2021-09-13,0
2021-08-02,3,7726,2021-09-13,0
2021-08-03,2,7728,2021-09-13,0
2021-08-04,3,7731,2021-09-13,0
2021-08-05,2,7733,2021-09-13,0
2021-08-06,7,7740,2021-09-13,0
2021-08-07,3,7743,2021-09-13,0
2021-08-08,1,7744,2021-09-13,0
2021-08-09,3,7747,2021-09-13,0
2021-08-10,2,7749,2021-09-13,0
2021-08-11,2,7751,2021-09-13,0
2021-08-12,7,7758,2021-09-13,0
2021-08-13,5,7763,2021-09-13,0
2021-08-14,6,7769,2021-09-13,0
2021-08-15,0,7769,2021-09-13,0
2021-08-16,6,7775,2021-09-13,0
2021-08-17,7,7782,2021-09-13,0
2021-08-18,8,7790,2021-09-13,1
2021-08-19,2,7792,2021-09-13,0
2021-08-20,3,7795,2021-09-13,0
2021-08-21,5,7800,2021-09-13,0
2021-08-22,7,7807,2021-09-13,0
2021-08-23,4,7811,2021-09-13,0
2021-08-24,12,7823,2021-09-13,0
2021-08-25,7,7830,2021-09-13,0
2021-08-26,1,7831,2021-09-13,0
2021-08-27,6,7837,2021-09-13,0
2021-08-28,8,7845,2021-09-13,0
2021-08-29,9,7854,2021-09-13,0
2021-08-30,7,7861,2021-09-13,0
2021-08-31,6,7867,2021-09-13,0
2021-09-01,5,7872,2021-09-13,0
2021-09-02,4,7876,2021-09-13,0
2021-09-03,6,7882,2021-09-13,1
2021-09-04,8,7890,2021-09-13,2
2021-09-05,5,7895,2021-09-13,2
2021-09-06,4,7899,2021-09-13,3
2021-09-07,3,7902,2021-09-13,1
2021-09-08,1,7903,2021-09-13,1
NA,0,7903,2021-09-13,0
2020-03-19,1,1,2021-09-14,0
2020-03-20,0,1,2021-09-14,0
2020-03-21,0,1,2021-09-14,0
2020-03-22,0,1,2021-09-14,0
2020-03-23,0,1,2021-09-14,0
2020-03-24,1,2,2021-09-14,0
2020-03-25,1,3,2021-09-14,0
2020-03-26,1,4,2021-09-14,0
2020-03-27,5,9,2021-09-14,0
2020-03-28,3,12,2021-09-14,0
2020-03-29,0,12,2021-09-14,0
2020-03-30,5,17,2021-09-14,0
2020-03-31,2,19,2021-09-14,0
2020-04-01,5,24,2021-09-14,0
2020-04-02,3,27,2021-09-14,0
2020-04-03,1,28,2021-09-14,0
2020-04-04,5,33,2021-09-14,0
2020-04-05,5,38,2021-09-14,0
2020-04-06,10,48,2021-09-14,0
2020-04-07,6,54,2021-09-14,0
2020-04-08,7,61,2021-09-14,0
2020-04-09,8,69,2021-09-14,0
2020-04-10,6,75,2021-09-14,0
2020-04-11,4,79,2021-09-14,0
2020-04-12,4,83,2021-09-14,0
2020-04-13,10,93,2021-09-14,0
2020-04-14,6,99,2021-09-14,0
2020-04-15,17,116,2021-09-14,0
2020-04-16,10,126,2021-09-14,0
2020-04-17,17,143,2021-09-14,0
2020-04-18,17,160,2021-09-14,0
2020-04-19,16,176,2021-09-14,0
2020-04-20,21,197,2021-09-14,0
2020-04-21,26,223,2021-09-14,0
2020-04-22,21,244,2021-09-14,0
2020-04-23,19,263,2021-09-14,0
2020-04-24,23,286,2021-09-14,0
2020-04-25,18,304,2021-09-14,0
2020-04-26,17,321,2021-09-14,0
2020-04-27,21,342,2021-09-14,0
2020-04-28,16,358,2021-09-14,0
2020-04-29,29,387,2021-09-14,0
2020-04-30,18,405,2021-09-14,0
2020-05-01,30,435,2021-09-14,0
2020-05-02,19,454,2021-09-14,0
2020-05-03,29,483,2021-09-14,0
2020-05-04,23,506,2021-09-14,0
2020-05-05,19,525,2021-09-14,0
2020-05-06,25,550,2021-09-14,0
2020-05-07,30,580,2021-09-14,0
2020-05-08,20,600,2021-09-14,0
2020-05-09,26,626,2021-09-14,0
2020-05-10,19,645,2021-09-14,0
2020-05-11,25,670,2021-09-14,0
2020-05-12,20,690,2021-09-14,0
2020-05-13,22,712,2021-09-14,0
2020-05-14,20,732,2021-09-14,0
2020-05-15,20,752,2021-09-14,0
2020-05-16,20,772,2021-09-14,0
2020-05-17,23,795,2021-09-14,0
2020-05-18,18,813,2021-09-14,0
2020-05-19,35,848,2021-09-14,0
2020-05-20,24,872,2021-09-14,0
2020-05-21,17,889,2021-09-14,0
2020-05-22,20,909,2021-09-14,0
2020-05-23,26,935,2021-09-14,0
2020-05-24,25,960,2021-09-14,0
2020-05-25,30,990,2021-09-14,0
2020-05-26,29,1019,2021-09-14,0
2020-05-27,25,1044,2021-09-14,0
2020-05-28,21,1065,2021-09-14,0
2020-05-29,17,1082,2021-09-14,0
2020-05-30,11,1093,2021-09-14,0
2020-05-31,20,1113,2021-09-14,0
2020-06-01,23,1136,2021-09-14,0
2020-06-02,21,1157,2021-09-14,0
2020-06-03,25,1182,2021-09-14,0
2020-06-04,26,1208,2021-09-14,0
2020-06-05,18,1226,2021-09-14,0
2020-06-06,12,1238,2021-09-14,0
2020-06-07,22,1260,2021-09-14,0
2020-06-08,12,1272,2021-09-14,0
2020-06-09,13,1285,2021-09-14,0
2020-06-10,10,1295,2021-09-14,0
2020-06-11,12,1307,2021-09-14,0
2020-06-12,11,1318,2021-09-14,0
2020-06-13,13,1331,2021-09-14,0
2020-06-14,11,1342,2021-09-14,0
2020-06-15,8,1350,2021-09-14,0
2020-06-16,8,1358,2021-09-14,0
2020-06-17,17,1375,2021-09-14,0
2020-06-18,9,1384,2021-09-14,0
2020-06-19,8,1392,2021-09-14,0
2020-06-20,12,1404,2021-09-14,0
2020-06-21,11,1415,2021-09-14,0
2020-06-22,6,1421,2021-09-14,0
2020-06-23,10,1431,2021-09-14,0
2020-06-24,1,1432,2021-09-14,0
2020-06-25,9,1441,2021-09-14,0
2020-06-26,6,1447,2021-09-14,0
2020-06-27,5,1452,2021-09-14,0
2020-06-28,11,1463,2021-09-14,0
2020-06-29,7,1470,2021-09-14,0
2020-06-30,9,1479,2021-09-14,0
2020-07-01,2,1481,2021-09-14,0
2020-07-02,3,1484,2021-09-14,0
2020-07-03,5,1489,2021-09-14,0
2020-07-04,4,1493,2021-09-14,0
2020-07-05,6,1499,2021-09-14,0
2020-07-06,4,1503,2021-09-14,0
2020-07-07,2,1505,2021-09-14,0
2020-07-08,9,1514,2021-09-14,0
2020-07-09,4,1518,2021-09-14,0
2020-07-10,3,1521,2021-09-14,0
2020-07-11,4,1525,2021-09-14,0
2020-07-12,6,1531,2021-09-14,0
2020-07-13,2,1533,2021-09-14,0
2020-07-14,6,1539,2021-09-14,0
2020-07-15,7,1546,2021-09-14,0
2020-07-16,3,1549,2021-09-14,0
2020-07-17,7,1556,2021-09-14,0
2020-07-18,6,1562,2021-09-14,0
2020-07-19,5,1567,2021-09-14,0
2020-07-20,3,1570,2021-09-14,0
2020-07-21,6,1576,2021-09-14,0
2020-07-22,5,1581,2021-09-14,0
2020-07-23,8,1589,2021-09-14,0
2020-07-24,6,1595,2021-09-14,0
2020-07-25,2,1597,2021-09-14,0
2020-07-26,5,1602,2021-09-14,0
2020-07-27,5,1607,2021-09-14,0
2020-07-28,7,1614,2021-09-14,0
2020-07-29,3,1617,2021-09-14,0
2020-07-30,6,1623,2021-09-14,0
2020-07-31,9,1632,2021-09-14,0
2020-08-01,4,1636,2021-09-14,0
2020-08-02,7,1643,2021-09-14,0
2020-08-03,4,1647,2021-09-14,0
2020-08-04,7,1654,2021-09-14,0
2020-08-05,8,1662,2021-09-14,0
2020-08-06,9,1671,2021-09-14,0
2020-08-07,7,1678,2021-09-14,0
2020-08-08,6,1684,2021-09-14,0
2020-08-09,10,1694,2021-09-14,0
2020-08-10,3,1697,2021-09-14,0
2020-08-11,9,1706,2021-09-14,0
2020-08-12,7,1713,2021-09-14,0
2020-08-13,5,1718,2021-09-14,0
2020-08-14,9,1727,2021-09-14,0
2020-08-15,13,1740,2021-09-14,0
2020-08-16,13,1753,2021-09-14,0
2020-08-17,6,1759,2021-09-14,0
2020-08-18,11,1770,2021-09-14,0
2020-08-19,3,1773,2021-09-14,0
2020-08-20,10,1783,2021-09-14,0
2020-08-21,12,1795,2021-09-14,0
2020-08-22,9,1804,2021-09-14,0
2020-08-23,7,1811,2021-09-14,0
2020-08-24,9,1820,2021-09-14,0
2020-08-25,4,1824,2021-09-14,0
2020-08-26,3,1827,2021-09-14,0
2020-08-27,7,1834,2021-09-14,0
2020-08-28,6,1840,2021-09-14,0
2020-08-29,3,1843,2021-09-14,0
2020-08-30,5,1848,2021-09-14,0
2020-08-31,9,1857,2021-09-14,0
2020-09-01,2,1859,2021-09-14,0
2020-09-02,7,1866,2021-09-14,0
2020-09-03,12,1878,2021-09-14,0
2020-09-04,4,1882,2021-09-14,0
2020-09-05,6,1888,2021-09-14,0
2020-09-06,12,1900,2021-09-14,0
2020-09-07,3,1903,2021-09-14,0
2020-09-08,6,1909,2021-09-14,0
2020-09-09,10,1919,2021-09-14,0
2020-09-10,9,1928,2021-09-14,0
2020-09-11,11,1939,2021-09-14,0
2020-09-12,8,1947,2021-09-14,0
2020-09-13,8,1955,2021-09-14,0
2020-09-14,2,1957,2021-09-14,0
2020-09-15,6,1963,2021-09-14,0
2020-09-16,9,1972,2021-09-14,0
2020-09-17,5,1977,2021-09-14,0
2020-09-18,6,1983,2021-09-14,0
2020-09-19,4,1987,2021-09-14,0
2020-09-20,9,1996,2021-09-14,0
2020-09-21,7,2003,2021-09-14,0
2020-09-22,8,2011,2021-09-14,0
2020-09-23,9,2020,2021-09-14,0
2020-09-24,7,2027,2021-09-14,0
2020-09-25,11,2038,2021-09-14,0
2020-09-26,9,2047,2021-09-14,0
2020-09-27,14,2061,2021-09-14,0
2020-09-28,11,2072,2021-09-14,0
2020-09-29,5,2077,2021-09-14,0
2020-09-30,16,2093,2021-09-14,0
2020-10-01,7,2100,2021-09-14,0
2020-10-02,13,2113,2021-09-14,0
2020-10-03,9,2122,2021-09-14,0
2020-10-04,7,2129,2021-09-14,0
2020-10-05,10,2139,2021-09-14,0
2020-10-06,12,2151,2021-09-14,0
2020-10-07,19,2170,2021-09-14,0
2020-10-08,9,2179,2021-09-14,0
2020-10-09,17,2196,2021-09-14,0
2020-10-10,16,2212,2021-09-14,0
2020-10-11,16,2228,2021-09-14,0
2020-10-12,20,2248,2021-09-14,0
2020-10-13,14,2262,2021-09-14,0
2020-10-14,10,2272,2021-09-14,0
2020-10-15,9,2281,2021-09-14,0
2020-10-16,12,2293,2021-09-14,0
2020-10-17,18,2311,2021-09-14,0
2020-10-18,25,2336,2021-09-14,0
2020-10-19,18,2354,2021-09-14,0
2020-10-20,15,2369,2021-09-14,0
2020-10-21,24,2393,2021-09-14,0
2020-10-22,18,2411,2021-09-14,0
2020-10-23,19,2430,2021-09-14,0
2020-10-24,8,2438,2021-09-14,0
2020-10-25,17,2455,2021-09-14,0
2020-10-26,25,2480,2021-09-14,0
2020-10-27,23,2503,2021-09-14,0
2020-10-28,29,2532,2021-09-14,0
2020-10-29,18,2550,2021-09-14,0
2020-10-30,27,2577,2021-09-14,0
2020-10-31,25,2602,2021-09-14,0
2020-11-01,21,2623,2021-09-14,0
2020-11-02,25,2648,2021-09-14,0
2020-11-03,25,2673,2021-09-14,0
2020-11-04,33,2706,2021-09-14,0
2020-11-05,37,2743,2021-09-14,0
2020-11-06,39,2782,2021-09-14,0
2020-11-07,42,2824,2021-09-14,0
2020-11-08,47,2871,2021-09-14,0
2020-11-09,36,2907,2021-09-14,0
2020-11-10,35,2942,2021-09-14,0
2020-11-11,43,2985,2021-09-14,0
2020-11-12,45,3030,2021-09-14,0
2020-11-13,40,3070,2021-09-14,0
2020-11-14,47,3117,2021-09-14,0
2020-11-15,46,3163,2021-09-14,0
2020-11-16,62,3225,2021-09-14,0
2020-11-17,56,3281,2021-09-14,0
2020-11-18,61,3342,2021-09-14,0
2020-11-19,60,3402,2021-09-14,0
2020-11-20,63,3465,2021-09-14,0
2020-11-21,58,3523,2021-09-14,0
2020-11-22,67,3590,2021-09-14,0
2020-11-23,59,3649,2021-09-14,0
2020-11-24,68,3717,2021-09-14,0
2020-11-25,72,3789,2021-09-14,0
2020-11-26,54,3843,2021-09-14,0
2020-11-27,69,3912,2021-09-14,0
2020-11-28,60,3972,2021-09-14,0
2020-11-29,68,4040,2021-09-14,0
2020-11-30,60,4100,2021-09-14,0
2020-12-01,63,4163,2021-09-14,0
2020-12-02,73,4236,2021-09-14,0
2020-12-03,86,4322,2021-09-14,0
2020-12-04,67,4389,2021-09-14,0
2020-12-05,74,4463,2021-09-14,0
2020-12-06,80,4543,2021-09-14,0
2020-12-07,75,4618,2021-09-14,0
2020-12-08,61,4679,2021-09-14,0
2020-12-09,71,4750,2021-09-14,0
2020-12-10,71,4821,2021-09-14,0
2020-12-11,70,4891,2021-09-14,0
2020-12-12,71,4962,2021-09-14,0
2020-12-13,55,5017,2021-09-14,0
2020-12-14,43,5060,2021-09-14,0
2020-12-15,65,5125,2021-09-14,0
2020-12-16,70,5195,2021-09-14,0
2020-12-17,60,5255,2021-09-14,0
2020-12-18,59,5314,2021-09-14,0
2020-12-19,56,5370,2021-09-14,0
2020-12-20,59,5429,2021-09-14,0
2020-12-21,58,5487,2021-09-14,0
2020-12-22,33,5520,2021-09-14,0
2020-12-23,44,5564,2021-09-14,0
2020-12-24,50,5614,2021-09-14,0
2020-12-25,36,5650,2021-09-14,0
2020-12-26,43,5693,2021-09-14,0
2020-12-27,41,5734,2021-09-14,0
2020-12-28,33,5767,2021-09-14,0
2020-12-29,36,5803,2021-09-14,0
2020-12-30,47,5850,2021-09-14,0
2020-12-31,36,5886,2021-09-14,0
2021-01-01,28,5914,2021-09-14,0
2021-01-02,46,5960,2021-09-14,0
2021-01-03,36,5996,2021-09-14,0
2021-01-04,31,6027,2021-09-14,0
2021-01-05,40,6067,2021-09-14,0
2021-01-06,32,6099,2021-09-14,0
2021-01-07,37,6136,2021-09-14,0
2021-01-08,32,6168,2021-09-14,0
2021-01-09,25,6193,2021-09-14,0
2021-01-10,29,6222,2021-09-14,0
2021-01-11,26,6248,2021-09-14,0
2021-01-12,32,6280,2021-09-14,0
2021-01-13,23,6303,2021-09-14,0
2021-01-14,41,6344,2021-09-14,0
2021-01-15,26,6370,2021-09-14,0
2021-01-16,28,6398,2021-09-14,0
2021-01-17,21,6419,2021-09-14,0
2021-01-18,19,6438,2021-09-14,0
2021-01-19,14,6452,2021-09-14,0
2021-01-20,26,6478,2021-09-14,0
2021-01-21,16,6494,2021-09-14,0
2021-01-22,13,6507,2021-09-14,0
2021-01-23,17,6524,2021-09-14,0
2021-01-24,24,6548,2021-09-14,0
2021-01-25,17,6565,2021-09-14,0
2021-01-26,21,6586,2021-09-14,0
2021-01-27,11,6597,2021-09-14,0
2021-01-28,12,6609,2021-09-14,0
2021-01-29,15,6624,2021-09-14,0
2021-01-30,13,6637,2021-09-14,0
2021-01-31,16,6653,2021-09-14,0
2021-02-01,17,6670,2021-09-14,0
2021-02-02,10,6680,2021-09-14,0
2021-02-03,11,6691,2021-09-14,0
2021-02-04,11,6702,2021-09-14,0
2021-02-05,10,6712,2021-09-14,0
2021-02-06,12,6724,2021-09-14,0
2021-02-07,19,6743,2021-09-14,0
2021-02-08,11,6754,2021-09-14,0
2021-02-09,14,6768,2021-09-14,0
2021-02-10,13,6781,2021-09-14,0
2021-02-11,7,6788,2021-09-14,0
2021-02-12,12,6800,2021-09-14,0
2021-02-13,8,6808,2021-09-14,0
2021-02-14,9,6817,2021-09-14,0
2021-02-15,9,6826,2021-09-14,0
2021-02-16,12,6838,2021-09-14,0
2021-02-17,10,6848,2021-09-14,0
2021-02-18,7,6855,2021-09-14,0
2021-02-19,6,6861,2021-09-14,0
2021-02-20,7,6868,2021-09-14,0
2021-02-21,4,6872,2021-09-14,0
2021-02-22,5,6877,2021-09-14,0
2021-02-23,9,6886,2021-09-14,0
2021-02-24,4,6890,2021-09-14,0
2021-02-25,5,6895,2021-09-14,0
2021-02-26,7,6902,2021-09-14,0
2021-02-27,6,6908,2021-09-14,0
2021-02-28,8,6916,2021-09-14,0
2021-03-01,7,6923,2021-09-14,0
2021-03-02,2,6925,2021-09-14,0
2021-03-03,10,6935,2021-09-14,0
2021-03-04,6,6941,2021-09-14,0
2021-03-05,10,6951,2021-09-14,0
2021-03-06,5,6956,2021-09-14,0
2021-03-07,9,6965,2021-09-14,0
2021-03-08,5,6970,2021-09-14,0
2021-03-09,7,6977,2021-09-14,0
2021-03-10,5,6982,2021-09-14,0
2021-03-11,4,6986,2021-09-14,0
2021-03-12,11,6997,2021-09-14,0
2021-03-13,5,7002,2021-09-14,0
2021-03-14,4,7006,2021-09-14,0
2021-03-15,2,7008,2021-09-14,0
2021-03-16,6,7014,2021-09-14,0
2021-03-17,4,7018,2021-09-14,0
2021-03-18,5,7023,2021-09-14,0
2021-03-19,5,7028,2021-09-14,0
2021-03-20,9,7037,2021-09-14,0
2021-03-21,5,7042,2021-09-14,0
2021-03-22,4,7046,2021-09-14,0
2021-03-23,5,7051,2021-09-14,0
2021-03-24,1,7052,2021-09-14,0
2021-03-25,5,7057,2021-09-14,0
2021-03-26,3,7060,2021-09-14,0
2021-03-27,7,7067,2021-09-14,0
2021-03-28,6,7073,2021-09-14,0
2021-03-29,5,7078,2021-09-14,0
2021-03-30,6,7084,2021-09-14,0
2021-03-31,8,7092,2021-09-14,0
2021-04-01,6,7098,2021-09-14,0
2021-04-02,9,7107,2021-09-14,0
2021-04-03,8,7115,2021-09-14,0
2021-04-04,6,7121,2021-09-14,0
2021-04-05,8,7129,2021-09-14,0
2021-04-06,6,7135,2021-09-14,0
2021-04-07,6,7141,2021-09-14,0
2021-04-08,10,7151,2021-09-14,0
2021-04-09,6,7157,2021-09-14,0
2021-04-10,7,7164,2021-09-14,0
2021-04-11,8,7172,2021-09-14,0
2021-04-12,10,7182,2021-09-14,0
2021-04-13,7,7189,2021-09-14,0
2021-04-14,8,7197,2021-09-14,0
2021-04-15,14,7211,2021-09-14,0
2021-04-16,8,7219,2021-09-14,0
2021-04-17,8,7227,2021-09-14,0
2021-04-18,8,7235,2021-09-14,0
2021-04-19,10,7245,2021-09-14,0
2021-04-20,5,7250,2021-09-14,0
2021-04-21,8,7258,2021-09-14,0
2021-04-22,1,7259,2021-09-14,0
2021-04-23,15,7274,2021-09-14,0
2021-04-24,11,7285,2021-09-14,0
2021-04-25,15,7300,2021-09-14,0
2021-04-26,14,7314,2021-09-14,0
2021-04-27,7,7321,2021-09-14,0
2021-04-28,14,7335,2021-09-14,0
2021-04-29,8,7343,2021-09-14,0
2021-04-30,11,7354,2021-09-14,0
2021-05-01,7,7361,2021-09-14,0
2021-05-02,8,7369,2021-09-14,0
2021-05-03,5,7374,2021-09-14,0
2021-05-04,13,7387,2021-09-14,0
2021-05-05,8,7395,2021-09-14,0
2021-05-06,5,7400,2021-09-14,0
2021-05-07,8,7408,2021-09-14,0
2021-05-08,7,7415,2021-09-14,0
2021-05-09,9,7424,2021-09-14,0
2021-05-10,8,7432,2021-09-14,0
2021-05-11,6,7438,2021-09-14,0
2021-05-12,9,7447,2021-09-14,0
2021-05-13,9,7456,2021-09-14,0
2021-05-14,11,7467,2021-09-14,0
2021-05-15,9,7476,2021-09-14,0
2021-05-16,6,7482,2021-09-14,0
2021-05-17,5,7487,2021-09-14,0
2021-05-18,7,7494,2021-09-14,0
2021-05-19,2,7496,2021-09-14,0
2021-05-20,5,7501,2021-09-14,0
2021-05-21,7,7508,2021-09-14,0
2021-05-22,10,7518,2021-09-14,0
2021-05-23,5,7523,2021-09-14,0
2021-05-24,5,7528,2021-09-14,0
2021-05-25,6,7534,2021-09-14,0
2021-05-26,3,7537,2021-09-14,0
2021-05-27,7,7544,2021-09-14,0
2021-05-28,2,7546,2021-09-14,0
2021-05-29,6,7552,2021-09-14,0
2021-05-30,4,7556,2021-09-14,0
2021-05-31,3,7559,2021-09-14,0
2021-06-01,5,7564,2021-09-14,0
2021-06-02,8,7572,2021-09-14,0
2021-06-03,4,7576,2021-09-14,0
2021-06-04,4,7580,2021-09-14,0
2021-06-05,2,7582,2021-09-14,0
2021-06-06,5,7587,2021-09-14,0
2021-06-07,3,7590,2021-09-14,0
2021-06-08,5,7595,2021-09-14,0
2021-06-09,4,7599,2021-09-14,0
2021-06-10,6,7605,2021-09-14,0
2021-06-11,6,7611,2021-09-14,0
2021-06-12,4,7615,2021-09-14,0
2021-06-13,4,7619,2021-09-14,0
2021-06-14,3,7622,2021-09-14,0
2021-06-15,2,7624,2021-09-14,0
2021-06-16,2,7626,2021-09-14,0
2021-06-17,4,7630,2021-09-14,0
2021-06-18,1,7631,2021-09-14,0
2021-06-19,6,7637,2021-09-14,0
2021-06-20,1,7638,2021-09-14,0
2021-06-21,5,7643,2021-09-14,0
2021-06-22,3,7646,2021-09-14,0
2021-06-23,4,7650,2021-09-14,0
2021-06-24,3,7653,2021-09-14,0
2021-06-25,3,7656,2021-09-14,0
2021-06-26,4,7660,2021-09-14,0
2021-06-27,2,7662,2021-09-14,0
2021-06-28,2,7664,2021-09-14,0
2021-06-29,2,7666,2021-09-14,0
2021-06-30,2,7668,2021-09-14,0
2021-07-01,0,7668,2021-09-14,0
2021-07-02,2,7670,2021-09-14,0
2021-07-03,2,7672,2021-09-14,0
2021-07-04,3,7675,2021-09-14,0
2021-07-05,1,7676,2021-09-14,0
2021-07-06,4,7680,2021-09-14,0
2021-07-07,1,7681,2021-09-14,0
2021-07-08,1,7682,2021-09-14,0
2021-07-09,0,7682,2021-09-14,0
2021-07-10,1,7683,2021-09-14,0
2021-07-11,2,7685,2021-09-14,0
2021-07-12,1,7686,2021-09-14,0
2021-07-13,2,7688,2021-09-14,0
2021-07-14,2,7690,2021-09-14,0
2021-07-15,2,7692,2021-09-14,0
2021-07-16,1,7693,2021-09-14,0
2021-07-17,1,7694,2021-09-14,0
2021-07-18,0,7694,2021-09-14,0
2021-07-19,0,7694,2021-09-14,0
2021-07-20,2,7696,2021-09-14,0
2021-07-21,2,7698,2021-09-14,0
2021-07-22,2,7700,2021-09-14,0
2021-07-23,3,7703,2021-09-14,0
2021-07-24,0,7703,2021-09-14,0
2021-07-25,2,7705,2021-09-14,0
2021-07-26,1,7706,2021-09-14,0
2021-07-27,2,7708,2021-09-14,0
2021-07-28,3,7711,2021-09-14,0
2021-07-29,2,7713,2021-09-14,0
2021-07-30,5,7718,2021-09-14,0
2021-07-31,4,7722,2021-09-14,0
2021-08-01,1,7723,2021-09-14,0
2021-08-02,3,7726,2021-09-14,0
2021-08-03,2,7728,2021-09-14,0
2021-08-04,3,7731,2021-09-14,0
2021-08-05,2,7733,2021-09-14,0
2021-08-06,7,7740,2021-09-14,0
2021-08-07,3,7743,2021-09-14,0
2021-08-08,1,7744,2021-09-14,0
2021-08-09,3,7747,2021-09-14,0
2021-08-10,2,7749,2021-09-14,0
2021-08-11,2,7751,2021-09-14,0
2021-08-12,7,7758,2021-09-14,0
2021-08-13,5,7763,2021-09-14,0
2021-08-14,6,7769,2021-09-14,0
2021-08-15,0,7769,2021-09-14,0
2021-08-16,6,7775,2021-09-14,0
2021-08-17,7,7782,2021-09-14,0
2021-08-18,8,7790,2021-09-14,0
2021-08-19,2,7792,2021-09-14,0
2021-08-20,3,7795,2021-09-14,0
2021-08-21,5,7800,2021-09-14,0
2021-08-22,7,7807,2021-09-14,0
2021-08-23,4,7811,2021-09-14,0
2021-08-24,12,7823,2021-09-14,0
2021-08-25,7,7830,2021-09-14,0
2021-08-26,1,7831,2021-09-14,0
2021-08-27,6,7837,2021-09-14,0
2021-08-28,8,7845,2021-09-14,0
2021-08-29,10,7855,2021-09-14,1
2021-08-30,7,7862,2021-09-14,0
2021-08-31,6,7868,2021-09-14,0
2021-09-01,5,7873,2021-09-14,0
2021-09-02,5,7878,2021-09-14,1
2021-09-03,7,7885,2021-09-14,1
2021-09-04,8,7893,2021-09-14,0
2021-09-05,8,7901,2021-09-14,3
2021-09-06,5,7906,2021-09-14,1
2021-09-07,3,7909,2021-09-14,0
2021-09-08,4,7913,2021-09-14,3
2021-09-09,2,7915,2021-09-14,2
NA,0,7915,2021-09-14,0
2020-03-19,1,1,2021-09-15,0
2020-03-20,0,1,2021-09-15,0
2020-03-21,0,1,2021-09-15,0
2020-03-22,0,1,2021-09-15,0
2020-03-23,0,1,2021-09-15,0
2020-03-24,1,2,2021-09-15,0
2020-03-25,1,3,2021-09-15,0
2020-03-26,1,4,2021-09-15,0
2020-03-27,5,9,2021-09-15,0
2020-03-28,3,12,2021-09-15,0
2020-03-29,0,12,2021-09-15,0
2020-03-30,5,17,2021-09-15,0
2020-03-31,2,19,2021-09-15,0
2020-04-01,5,24,2021-09-15,0
2020-04-02,3,27,2021-09-15,0
2020-04-03,1,28,2021-09-15,0
2020-04-04,5,33,2021-09-15,0
2020-04-05,5,38,2021-09-15,0
2020-04-06,10,48,2021-09-15,0
2020-04-07,6,54,2021-09-15,0
2020-04-08,7,61,2021-09-15,0
2020-04-09,8,69,2021-09-15,0
2020-04-10,6,75,2021-09-15,0
2020-04-11,4,79,2021-09-15,0
2020-04-12,4,83,2021-09-15,0
2020-04-13,10,93,2021-09-15,0
2020-04-14,6,99,2021-09-15,0
2020-04-15,17,116,2021-09-15,0
2020-04-16,10,126,2021-09-15,0
2020-04-17,17,143,2021-09-15,0
2020-04-18,17,160,2021-09-15,0
2020-04-19,16,176,2021-09-15,0
2020-04-20,21,197,2021-09-15,0
2020-04-21,26,223,2021-09-15,0
2020-04-22,21,244,2021-09-15,0
2020-04-23,19,263,2021-09-15,0
2020-04-24,23,286,2021-09-15,0
2020-04-25,18,304,2021-09-15,0
2020-04-26,17,321,2021-09-15,0
2020-04-27,21,342,2021-09-15,0
2020-04-28,16,358,2021-09-15,0
2020-04-29,29,387,2021-09-15,0
2020-04-30,18,405,2021-09-15,0
2020-05-01,30,435,2021-09-15,0
2020-05-02,19,454,2021-09-15,0
2020-05-03,29,483,2021-09-15,0
2020-05-04,23,506,2021-09-15,0
2020-05-05,19,525,2021-09-15,0
2020-05-06,25,550,2021-09-15,0
2020-05-07,30,580,2021-09-15,0
2020-05-08,20,600,2021-09-15,0
2020-05-09,26,626,2021-09-15,0
2020-05-10,19,645,2021-09-15,0
2020-05-11,25,670,2021-09-15,0
2020-05-12,20,690,2021-09-15,0
2020-05-13,22,712,2021-09-15,0
2020-05-14,20,732,2021-09-15,0
2020-05-15,20,752,2021-09-15,0
2020-05-16,20,772,2021-09-15,0
2020-05-17,23,795,2021-09-15,0
2020-05-18,18,813,2021-09-15,0
2020-05-19,35,848,2021-09-15,0
2020-05-20,24,872,2021-09-15,0
2020-05-21,17,889,2021-09-15,0
2020-05-22,20,909,2021-09-15,0
2020-05-23,26,935,2021-09-15,0
2020-05-24,25,960,2021-09-15,0
2020-05-25,30,990,2021-09-15,0
2020-05-26,29,1019,2021-09-15,0
2020-05-27,25,1044,2021-09-15,0
2020-05-28,21,1065,2021-09-15,0
2020-05-29,17,1082,2021-09-15,0
2020-05-30,11,1093,2021-09-15,0
2020-05-31,20,1113,2021-09-15,0
2020-06-01,23,1136,2021-09-15,0
2020-06-02,21,1157,2021-09-15,0
2020-06-03,25,1182,2021-09-15,0
2020-06-04,26,1208,2021-09-15,0
2020-06-05,18,1226,2021-09-15,0
2020-06-06,12,1238,2021-09-15,0
2020-06-07,22,1260,2021-09-15,0
2020-06-08,12,1272,2021-09-15,0
2020-06-09,13,1285,2021-09-15,0
2020-06-10,10,1295,2021-09-15,0
2020-06-11,12,1307,2021-09-15,0
2020-06-12,11,1318,2021-09-15,0
2020-06-13,13,1331,2021-09-15,0
2020-06-14,11,1342,2021-09-15,0
2020-06-15,8,1350,2021-09-15,0
2020-06-16,9,1359,2021-09-15,1
2020-06-17,17,1376,2021-09-15,0
2020-06-18,9,1385,2021-09-15,0
2020-06-19,8,1393,2021-09-15,0
2020-06-20,12,1405,2021-09-15,0
2020-06-21,11,1416,2021-09-15,0
2020-06-22,6,1422,2021-09-15,0
2020-06-23,10,1432,2021-09-15,0
2020-06-24,1,1433,2021-09-15,0
2020-06-25,9,1442,2021-09-15,0
2020-06-26,6,1448,2021-09-15,0
2020-06-27,5,1453,2021-09-15,0
2020-06-28,11,1464,2021-09-15,0
2020-06-29,7,1471,2021-09-15,0
2020-06-30,9,1480,2021-09-15,0
2020-07-01,2,1482,2021-09-15,0
2020-07-02,3,1485,2021-09-15,0
2020-07-03,5,1490,2021-09-15,0
2020-07-04,4,1494,2021-09-15,0
2020-07-05,6,1500,2021-09-15,0
2020-07-06,4,1504,2021-09-15,0
2020-07-07,2,1506,2021-09-15,0
2020-07-08,9,1515,2021-09-15,0
2020-07-09,4,1519,2021-09-15,0
2020-07-10,3,1522,2021-09-15,0
2020-07-11,4,1526,2021-09-15,0
2020-07-12,6,1532,2021-09-15,0
2020-07-13,2,1534,2021-09-15,0
2020-07-14,6,1540,2021-09-15,0
2020-07-15,7,1547,2021-09-15,0
2020-07-16,3,1550,2021-09-15,0
2020-07-17,7,1557,2021-09-15,0
2020-07-18,6,1563,2021-09-15,0
2020-07-19,5,1568,2021-09-15,0
2020-07-20,3,1571,2021-09-15,0
2020-07-21,6,1577,2021-09-15,0
2020-07-22,5,1582,2021-09-15,0
2020-07-23,8,1590,2021-09-15,0
2020-07-24,6,1596,2021-09-15,0
2020-07-25,2,1598,2021-09-15,0
2020-07-26,5,1603,2021-09-15,0
2020-07-27,5,1608,2021-09-15,0
2020-07-28,7,1615,2021-09-15,0
2020-07-29,3,1618,2021-09-15,0
2020-07-30,6,1624,2021-09-15,0
2020-07-31,9,1633,2021-09-15,0
2020-08-01,4,1637,2021-09-15,0
2020-08-02,7,1644,2021-09-15,0
2020-08-03,4,1648,2021-09-15,0
2020-08-04,7,1655,2021-09-15,0
2020-08-05,8,1663,2021-09-15,0
2020-08-06,9,1672,2021-09-15,0
2020-08-07,7,1679,2021-09-15,0
2020-08-08,6,1685,2021-09-15,0
2020-08-09,10,1695,2021-09-15,0
2020-08-10,3,1698,2021-09-15,0
2020-08-11,9,1707,2021-09-15,0
2020-08-12,7,1714,2021-09-15,0
2020-08-13,5,1719,2021-09-15,0
2020-08-14,9,1728,2021-09-15,0
2020-08-15,13,1741,2021-09-15,0
2020-08-16,13,1754,2021-09-15,0
2020-08-17,6,1760,2021-09-15,0
2020-08-18,11,1771,2021-09-15,0
2020-08-19,3,1774,2021-09-15,0
2020-08-20,10,1784,2021-09-15,0
2020-08-21,12,1796,2021-09-15,0
2020-08-22,9,1805,2021-09-15,0
2020-08-23,7,1812,2021-09-15,0
2020-08-24,9,1821,2021-09-15,0
2020-08-25,4,1825,2021-09-15,0
2020-08-26,3,1828,2021-09-15,0
2020-08-27,7,1835,2021-09-15,0
2020-08-28,6,1841,2021-09-15,0
2020-08-29,3,1844,2021-09-15,0
2020-08-30,5,1849,2021-09-15,0
2020-08-31,9,1858,2021-09-15,0
2020-09-01,2,1860,2021-09-15,0
2020-09-02,7,1867,2021-09-15,0
2020-09-03,12,1879,2021-09-15,0
2020-09-04,4,1883,2021-09-15,0
2020-09-05,6,1889,2021-09-15,0
2020-09-06,12,1901,2021-09-15,0
2020-09-07,3,1904,2021-09-15,0
2020-09-08,6,1910,2021-09-15,0
2020-09-09,10,1920,2021-09-15,0
2020-09-10,9,1929,2021-09-15,0
2020-09-11,11,1940,2021-09-15,0
2020-09-12,8,1948,2021-09-15,0
2020-09-13,8,1956,2021-09-15,0
2020-09-14,2,1958,2021-09-15,0
2020-09-15,7,1965,2021-09-15,1
2020-09-16,9,1974,2021-09-15,0
2020-09-17,5,1979,2021-09-15,0
2020-09-18,6,1985,2021-09-15,0
2020-09-19,4,1989,2021-09-15,0
2020-09-20,9,1998,2021-09-15,0
2020-09-21,7,2005,2021-09-15,0
2020-09-22,8,2013,2021-09-15,0
2020-09-23,9,2022,2021-09-15,0
2020-09-24,8,2030,2021-09-15,1
2020-09-25,11,2041,2021-09-15,0
2020-09-26,9,2050,2021-09-15,0
2020-09-27,14,2064,2021-09-15,0
2020-09-28,11,2075,2021-09-15,0
2020-09-29,5,2080,2021-09-15,0
2020-09-30,16,2096,2021-09-15,0
2020-10-01,7,2103,2021-09-15,0
2020-10-02,13,2116,2021-09-15,0
2020-10-03,9,2125,2021-09-15,0
2020-10-04,7,2132,2021-09-15,0
2020-10-05,10,2142,2021-09-15,0
2020-10-06,13,2155,2021-09-15,1
2020-10-07,19,2174,2021-09-15,0
2020-10-08,9,2183,2021-09-15,0
2020-10-09,17,2200,2021-09-15,0
2020-10-10,16,2216,2021-09-15,0
2020-10-11,16,2232,2021-09-15,0
2020-10-12,20,2252,2021-09-15,0
2020-10-13,14,2266,2021-09-15,0
2020-10-14,10,2276,2021-09-15,0
2020-10-15,9,2285,2021-09-15,0
2020-10-16,12,2297,2021-09-15,0
2020-10-17,18,2315,2021-09-15,0
2020-10-18,25,2340,2021-09-15,0
2020-10-19,18,2358,2021-09-15,0
2020-10-20,15,2373,2021-09-15,0
2020-10-21,24,2397,2021-09-15,0
2020-10-22,18,2415,2021-09-15,0
2020-10-23,19,2434,2021-09-15,0
2020-10-24,8,2442,2021-09-15,0
2020-10-25,17,2459,2021-09-15,0
2020-10-26,25,2484,2021-09-15,0
2020-10-27,23,2507,2021-09-15,0
2020-10-28,29,2536,2021-09-15,0
2020-10-29,18,2554,2021-09-15,0
2020-10-30,27,2581,2021-09-15,0
2020-10-31,25,2606,2021-09-15,0
2020-11-01,21,2627,2021-09-15,0
2020-11-02,25,2652,2021-09-15,0
2020-11-03,25,2677,2021-09-15,0
2020-11-04,33,2710,2021-09-15,0
2020-11-05,38,2748,2021-09-15,1
2020-11-06,39,2787,2021-09-15,0
2020-11-07,42,2829,2021-09-15,0
2020-11-08,47,2876,2021-09-15,0
2020-11-09,36,2912,2021-09-15,0
2020-11-10,35,2947,2021-09-15,0
2020-11-11,43,2990,2021-09-15,0
2020-11-12,45,3035,2021-09-15,0
2020-11-13,40,3075,2021-09-15,0
2020-11-14,47,3122,2021-09-15,0
2020-11-15,46,3168,2021-09-15,0
2020-11-16,62,3230,2021-09-15,0
2020-11-17,56,3286,2021-09-15,0
2020-11-18,61,3347,2021-09-15,0
2020-11-19,60,3407,2021-09-15,0
2020-11-20,63,3470,2021-09-15,0
2020-11-21,58,3528,2021-09-15,0
2020-11-22,67,3595,2021-09-15,0
2020-11-23,59,3654,2021-09-15,0
2020-11-24,69,3723,2021-09-15,1
2020-11-25,72,3795,2021-09-15,0
2020-11-26,54,3849,2021-09-15,0
2020-11-27,69,3918,2021-09-15,0
2020-11-28,61,3979,2021-09-15,1
2020-11-29,68,4047,2021-09-15,0
2020-11-30,61,4108,2021-09-15,1
2020-12-01,63,4171,2021-09-15,0
2020-12-02,73,4244,2021-09-15,0
2020-12-03,86,4330,2021-09-15,0
2020-12-04,67,4397,2021-09-15,0
2020-12-05,74,4471,2021-09-15,0
2020-12-06,80,4551,2021-09-15,0
2020-12-07,75,4626,2021-09-15,0
2020-12-08,61,4687,2021-09-15,0
2020-12-09,71,4758,2021-09-15,0
2020-12-10,72,4830,2021-09-15,1
2020-12-11,71,4901,2021-09-15,1
2020-12-12,71,4972,2021-09-15,0
2020-12-13,56,5028,2021-09-15,1
2020-12-14,43,5071,2021-09-15,0
2020-12-15,65,5136,2021-09-15,0
2020-12-16,72,5208,2021-09-15,2
2020-12-17,60,5268,2021-09-15,0
2020-12-18,59,5327,2021-09-15,0
2020-12-19,56,5383,2021-09-15,0
2020-12-20,60,5443,2021-09-15,1
2020-12-21,58,5501,2021-09-15,0
2020-12-22,33,5534,2021-09-15,0
2020-12-23,46,5580,2021-09-15,2
2020-12-24,50,5630,2021-09-15,0
2020-12-25,36,5666,2021-09-15,0
2020-12-26,43,5709,2021-09-15,0
2020-12-27,41,5750,2021-09-15,0
2020-12-28,34,5784,2021-09-15,1
2020-12-29,37,5821,2021-09-15,1
2020-12-30,47,5868,2021-09-15,0
2020-12-31,36,5904,2021-09-15,0
2021-01-01,28,5932,2021-09-15,0
2021-01-02,46,5978,2021-09-15,0
2021-01-03,37,6015,2021-09-15,1
2021-01-04,32,6047,2021-09-15,1
2021-01-05,40,6087,2021-09-15,0
2021-01-06,32,6119,2021-09-15,0
2021-01-07,37,6156,2021-09-15,0
2021-01-08,32,6188,2021-09-15,0
2021-01-09,25,6213,2021-09-15,0
2021-01-10,29,6242,2021-09-15,0
2021-01-11,26,6268,2021-09-15,0
2021-01-12,32,6300,2021-09-15,0
2021-01-13,23,6323,2021-09-15,0
2021-01-14,41,6364,2021-09-15,0
2021-01-15,26,6390,2021-09-15,0
2021-01-16,30,6420,2021-09-15,2
2021-01-17,21,6441,2021-09-15,0
2021-01-18,19,6460,2021-09-15,0
2021-01-19,14,6474,2021-09-15,0
2021-01-20,26,6500,2021-09-15,0
2021-01-21,16,6516,2021-09-15,0
2021-01-22,13,6529,2021-09-15,0
2021-01-23,17,6546,2021-09-15,0
2021-01-24,24,6570,2021-09-15,0
2021-01-25,18,6588,2021-09-15,1
2021-01-26,21,6609,2021-09-15,0
2021-01-27,11,6620,2021-09-15,0
2021-01-28,12,6632,2021-09-15,0
2021-01-29,15,6647,2021-09-15,0
2021-01-30,13,6660,2021-09-15,0
2021-01-31,16,6676,2021-09-15,0
2021-02-01,17,6693,2021-09-15,0
2021-02-02,10,6703,2021-09-15,0
2021-02-03,11,6714,2021-09-15,0
2021-02-04,11,6725,2021-09-15,0
2021-02-05,12,6737,2021-09-15,2
2021-02-06,12,6749,2021-09-15,0
2021-02-07,19,6768,2021-09-15,0
2021-02-08,11,6779,2021-09-15,0
2021-02-09,15,6794,2021-09-15,1
2021-02-10,13,6807,2021-09-15,0
2021-02-11,7,6814,2021-09-15,0
2021-02-12,12,6826,2021-09-15,0
2021-02-13,8,6834,2021-09-15,0
2021-02-14,10,6844,2021-09-15,1
2021-02-15,9,6853,2021-09-15,0
2021-02-16,12,6865,2021-09-15,0
2021-02-17,10,6875,2021-09-15,0
2021-02-18,7,6882,2021-09-15,0
2021-02-19,6,6888,2021-09-15,0
2021-02-20,7,6895,2021-09-15,0
2021-02-21,4,6899,2021-09-15,0
2021-02-22,5,6904,2021-09-15,0
2021-02-23,9,6913,2021-09-15,0
2021-02-24,5,6918,2021-09-15,1
2021-02-25,5,6923,2021-09-15,0
2021-02-26,7,6930,2021-09-15,0
2021-02-27,6,6936,2021-09-15,0
2021-02-28,8,6944,2021-09-15,0
2021-03-01,7,6951,2021-09-15,0
2021-03-02,2,6953,2021-09-15,0
2021-03-03,10,6963,2021-09-15,0
2021-03-04,6,6969,2021-09-15,0
2021-03-05,10,6979,2021-09-15,0
2021-03-06,5,6984,2021-09-15,0
2021-03-07,9,6993,2021-09-15,0
2021-03-08,5,6998,2021-09-15,0
2021-03-09,7,7005,2021-09-15,0
2021-03-10,5,7010,2021-09-15,0
2021-03-11,4,7014,2021-09-15,0
2021-03-12,11,7025,2021-09-15,0
2021-03-13,5,7030,2021-09-15,0
2021-03-14,4,7034,2021-09-15,0
2021-03-15,2,7036,2021-09-15,0
2021-03-16,6,7042,2021-09-15,0
2021-03-17,4,7046,2021-09-15,0
2021-03-18,5,7051,2021-09-15,0
2021-03-19,5,7056,2021-09-15,0
2021-03-20,9,7065,2021-09-15,0
2021-03-21,5,7070,2021-09-15,0
2021-03-22,4,7074,2021-09-15,0
2021-03-23,5,7079,2021-09-15,0
2021-03-24,1,7080,2021-09-15,0
2021-03-25,5,7085,2021-09-15,0
2021-03-26,3,7088,2021-09-15,0
2021-03-27,7,7095,2021-09-15,0
2021-03-28,6,7101,2021-09-15,0
2021-03-29,5,7106,2021-09-15,0
2021-03-30,6,7112,2021-09-15,0
2021-03-31,8,7120,2021-09-15,0
2021-04-01,6,7126,2021-09-15,0
2021-04-02,9,7135,2021-09-15,0
2021-04-03,8,7143,2021-09-15,0
2021-04-04,6,7149,2021-09-15,0
2021-04-05,8,7157,2021-09-15,0
2021-04-06,6,7163,2021-09-15,0
2021-04-07,6,7169,2021-09-15,0
2021-04-08,10,7179,2021-09-15,0
2021-04-09,6,7185,2021-09-15,0
2021-04-10,7,7192,2021-09-15,0
2021-04-11,8,7200,2021-09-15,0
2021-04-12,10,7210,2021-09-15,0
2021-04-13,7,7217,2021-09-15,0
2021-04-14,8,7225,2021-09-15,0
2021-04-15,14,7239,2021-09-15,0
2021-04-16,8,7247,2021-09-15,0
2021-04-17,8,7255,2021-09-15,0
2021-04-18,8,7263,2021-09-15,0
2021-04-19,10,7273,2021-09-15,0
2021-04-20,5,7278,2021-09-15,0
2021-04-21,8,7286,2021-09-15,0
2021-04-22,1,7287,2021-09-15,0
2021-04-23,15,7302,2021-09-15,0
2021-04-24,11,7313,2021-09-15,0
2021-04-25,15,7328,2021-09-15,0
2021-04-26,14,7342,2021-09-15,0
2021-04-27,7,7349,2021-09-15,0
2021-04-28,14,7363,2021-09-15,0
2021-04-29,8,7371,2021-09-15,0
2021-04-30,11,7382,2021-09-15,0
2021-05-01,7,7389,2021-09-15,0
2021-05-02,8,7397,2021-09-15,0
2021-05-03,5,7402,2021-09-15,0
2021-05-04,13,7415,2021-09-15,0
2021-05-05,8,7423,2021-09-15,0
2021-05-06,5,7428,2021-09-15,0
2021-05-07,8,7436,2021-09-15,0
2021-05-08,7,7443,2021-09-15,0
2021-05-09,9,7452,2021-09-15,0
2021-05-10,8,7460,2021-09-15,0
2021-05-11,6,7466,2021-09-15,0
2021-05-12,9,7475,2021-09-15,0
2021-05-13,9,7484,2021-09-15,0
2021-05-14,11,7495,2021-09-15,0
2021-05-15,9,7504,2021-09-15,0
2021-05-16,6,7510,2021-09-15,0
2021-05-17,5,7515,2021-09-15,0
2021-05-18,7,7522,2021-09-15,0
2021-05-19,2,7524,2021-09-15,0
2021-05-20,5,7529,2021-09-15,0
2021-05-21,7,7536,2021-09-15,0
2021-05-22,10,7546,2021-09-15,0
2021-05-23,5,7551,2021-09-15,0
2021-05-24,5,7556,2021-09-15,0
2021-05-25,6,7562,2021-09-15,0
2021-05-26,3,7565,2021-09-15,0
2021-05-27,7,7572,2021-09-15,0
2021-05-28,2,7574,2021-09-15,0
2021-05-29,6,7580,2021-09-15,0
2021-05-30,4,7584,2021-09-15,0
2021-05-31,3,7587,2021-09-15,0
2021-06-01,5,7592,2021-09-15,0
2021-06-02,8,7600,2021-09-15,0
2021-06-03,4,7604,2021-09-15,0
2021-06-04,4,7608,2021-09-15,0
2021-06-05,2,7610,2021-09-15,0
2021-06-06,5,7615,2021-09-15,0
2021-06-07,3,7618,2021-09-15,0
2021-06-08,5,7623,2021-09-15,0
2021-06-09,4,7627,2021-09-15,0
2021-06-10,6,7633,2021-09-15,0
2021-06-11,6,7639,2021-09-15,0
2021-06-12,4,7643,2021-09-15,0
2021-06-13,4,7647,2021-09-15,0
2021-06-14,3,7650,2021-09-15,0
2021-06-15,2,7652,2021-09-15,0
2021-06-16,2,7654,2021-09-15,0
2021-06-17,4,7658,2021-09-15,0
2021-06-18,1,7659,2021-09-15,0
2021-06-19,6,7665,2021-09-15,0
2021-06-20,1,7666,2021-09-15,0
2021-06-21,5,7671,2021-09-15,0
2021-06-22,3,7674,2021-09-15,0
2021-06-23,4,7678,2021-09-15,0
2021-06-24,3,7681,2021-09-15,0
2021-06-25,3,7684,2021-09-15,0
2021-06-26,4,7688,2021-09-15,0
2021-06-27,2,7690,2021-09-15,0
2021-06-28,2,7692,2021-09-15,0
2021-06-29,2,7694,2021-09-15,0
2021-06-30,2,7696,2021-09-15,0
2021-07-01,0,7696,2021-09-15,0
2021-07-02,2,7698,2021-09-15,0
2021-07-03,2,7700,2021-09-15,0
2021-07-04,3,7703,2021-09-15,0
2021-07-05,1,7704,2021-09-15,0
2021-07-06,4,7708,2021-09-15,0
2021-07-07,1,7709,2021-09-15,0
2021-07-08,0,7709,2021-09-15,-1
2021-07-09,1,7710,2021-09-15,1
2021-07-10,1,7711,2021-09-15,0
2021-07-11,2,7713,2021-09-15,0
2021-07-12,1,7714,2021-09-15,0
2021-07-13,2,7716,2021-09-15,0
2021-07-14,2,7718,2021-09-15,0
2021-07-15,2,7720,2021-09-15,0
2021-07-16,1,7721,2021-09-15,0
2021-07-17,1,7722,2021-09-15,0
2021-07-18,0,7722,2021-09-15,0
2021-07-19,0,7722,2021-09-15,0
2021-07-20,2,7724,2021-09-15,0
2021-07-21,2,7726,2021-09-15,0
2021-07-22,2,7728,2021-09-15,0
2021-07-23,3,7731,2021-09-15,0
2021-07-24,0,7731,2021-09-15,0
2021-07-25,2,7733,2021-09-15,0
2021-07-26,1,7734,2021-09-15,0
2021-07-27,2,7736,2021-09-15,0
2021-07-28,3,7739,2021-09-15,0
2021-07-29,2,7741,2021-09-15,0
2021-07-30,5,7746,2021-09-15,0
2021-07-31,4,7750,2021-09-15,0
2021-08-01,1,7751,2021-09-15,0
2021-08-02,3,7754,2021-09-15,0
2021-08-03,2,7756,2021-09-15,0
2021-08-04,3,7759,2021-09-15,0
2021-08-05,2,7761,2021-09-15,0
2021-08-06,7,7768,2021-09-15,0
2021-08-07,3,7771,2021-09-15,0
2021-08-08,1,7772,2021-09-15,0
2021-08-09,3,7775,2021-09-15,0
2021-08-10,2,7777,2021-09-15,0
2021-08-11,2,7779,2021-09-15,0
2021-08-12,7,7786,2021-09-15,0
2021-08-13,5,7791,2021-09-15,0
2021-08-14,6,7797,2021-09-15,0
2021-08-15,0,7797,2021-09-15,0
2021-08-16,6,7803,2021-09-15,0
2021-08-17,7,7810,2021-09-15,0
2021-08-18,8,7818,2021-09-15,0
2021-08-19,2,7820,2021-09-15,0
2021-08-20,3,7823,2021-09-15,0
2021-08-21,5,7828,2021-09-15,0
2021-08-22,7,7835,2021-09-15,0
2021-08-23,4,7839,2021-09-15,0
2021-08-24,12,7851,2021-09-15,0
2021-08-25,7,7858,2021-09-15,0
2021-08-26,1,7859,2021-09-15,0
2021-08-27,6,7865,2021-09-15,0
2021-08-28,8,7873,2021-09-15,0
2021-08-29,11,7884,2021-09-15,1
2021-08-30,7,7891,2021-09-15,0
2021-08-31,6,7897,2021-09-15,0
2021-09-01,5,7902,2021-09-15,0
2021-09-02,5,7907,2021-09-15,0
2021-09-03,7,7914,2021-09-15,0
2021-09-04,8,7922,2021-09-15,0
2021-09-05,10,7932,2021-09-15,2
2021-09-06,5,7937,2021-09-15,0
2021-09-07,4,7941,2021-09-15,1
2021-09-08,6,7947,2021-09-15,2
2021-09-09,2,7949,2021-09-15,0
2021-09-10,2,7951,2021-09-15,2
2021-09-11,4,7955,2021-09-15,4
2021-09-12,0,7955,2021-09-15,0
2021-09-13,1,7956,2021-09-15,1
NA,0,7956,2021-09-15,0
2020-03-19,1,1,2021-09-16,0
2020-03-20,0,1,2021-09-16,0
2020-03-21,0,1,2021-09-16,0
2020-03-22,0,1,2021-09-16,0
2020-03-23,0,1,2021-09-16,0
2020-03-24,1,2,2021-09-16,0
2020-03-25,1,3,2021-09-16,0
2020-03-26,1,4,2021-09-16,0
2020-03-27,5,9,2021-09-16,0
2020-03-28,3,12,2021-09-16,0
2020-03-29,0,12,2021-09-16,0
2020-03-30,5,17,2021-09-16,0
2020-03-31,2,19,2021-09-16,0
2020-04-01,5,24,2021-09-16,0
2020-04-02,3,27,2021-09-16,0
2020-04-03,1,28,2021-09-16,0
2020-04-04,5,33,2021-09-16,0
2020-04-05,5,38,2021-09-16,0
2020-04-06,10,48,2021-09-16,0
2020-04-07,6,54,2021-09-16,0
2020-04-08,7,61,2021-09-16,0
2020-04-09,8,69,2021-09-16,0
2020-04-10,6,75,2021-09-16,0
2020-04-11,4,79,2021-09-16,0
2020-04-12,4,83,2021-09-16,0
2020-04-13,10,93,2021-09-16,0
2020-04-14,6,99,2021-09-16,0
2020-04-15,17,116,2021-09-16,0
2020-04-16,10,126,2021-09-16,0
2020-04-17,17,143,2021-09-16,0
2020-04-18,17,160,2021-09-16,0
2020-04-19,16,176,2021-09-16,0
2020-04-20,21,197,2021-09-16,0
2020-04-21,26,223,2021-09-16,0
2020-04-22,21,244,2021-09-16,0
2020-04-23,19,263,2021-09-16,0
2020-04-24,23,286,2021-09-16,0
2020-04-25,18,304,2021-09-16,0
2020-04-26,17,321,2021-09-16,0
2020-04-27,21,342,2021-09-16,0
2020-04-28,16,358,2021-09-16,0
2020-04-29,29,387,2021-09-16,0
2020-04-30,18,405,2021-09-16,0
2020-05-01,30,435,2021-09-16,0
2020-05-02,19,454,2021-09-16,0
2020-05-03,29,483,2021-09-16,0
2020-05-04,23,506,2021-09-16,0
2020-05-05,19,525,2021-09-16,0
2020-05-06,25,550,2021-09-16,0
2020-05-07,30,580,2021-09-16,0
2020-05-08,20,600,2021-09-16,0
2020-05-09,26,626,2021-09-16,0
2020-05-10,19,645,2021-09-16,0
2020-05-11,25,670,2021-09-16,0
2020-05-12,20,690,2021-09-16,0
2020-05-13,22,712,2021-09-16,0
2020-05-14,20,732,2021-09-16,0
2020-05-15,20,752,2021-09-16,0
2020-05-16,20,772,2021-09-16,0
2020-05-17,23,795,2021-09-16,0
2020-05-18,18,813,2021-09-16,0
2020-05-19,35,848,2021-09-16,0
2020-05-20,24,872,2021-09-16,0
2020-05-21,17,889,2021-09-16,0
2020-05-22,20,909,2021-09-16,0
2020-05-23,26,935,2021-09-16,0
2020-05-24,25,960,2021-09-16,0
2020-05-25,30,990,2021-09-16,0
2020-05-26,29,1019,2021-09-16,0
2020-05-27,25,1044,2021-09-16,0
2020-05-28,21,1065,2021-09-16,0
2020-05-29,17,1082,2021-09-16,0
2020-05-30,11,1093,2021-09-16,0
2020-05-31,20,1113,2021-09-16,0
2020-06-01,23,1136,2021-09-16,0
2020-06-02,21,1157,2021-09-16,0
2020-06-03,25,1182,2021-09-16,0
2020-06-04,26,1208,2021-09-16,0
2020-06-05,18,1226,2021-09-16,0
2020-06-06,12,1238,2021-09-16,0
2020-06-07,22,1260,2021-09-16,0
2020-06-08,12,1272,2021-09-16,0
2020-06-09,13,1285,2021-09-16,0
2020-06-10,10,1295,2021-09-16,0
2020-06-11,12,1307,2021-09-16,0
2020-06-12,11,1318,2021-09-16,0
2020-06-13,13,1331,2021-09-16,0
2020-06-14,11,1342,2021-09-16,0
2020-06-15,8,1350,2021-09-16,0
2020-06-16,9,1359,2021-09-16,0
2020-06-17,17,1376,2021-09-16,0
2020-06-18,9,1385,2021-09-16,0
2020-06-19,8,1393,2021-09-16,0
2020-06-20,12,1405,2021-09-16,0
2020-06-21,11,1416,2021-09-16,0
2020-06-22,6,1422,2021-09-16,0
2020-06-23,10,1432,2021-09-16,0
2020-06-24,1,1433,2021-09-16,0
2020-06-25,9,1442,2021-09-16,0
2020-06-26,6,1448,2021-09-16,0
2020-06-27,5,1453,2021-09-16,0
2020-06-28,11,1464,2021-09-16,0
2020-06-29,7,1471,2021-09-16,0
2020-06-30,9,1480,2021-09-16,0
2020-07-01,2,1482,2021-09-16,0
2020-07-02,3,1485,2021-09-16,0
2020-07-03,5,1490,2021-09-16,0
2020-07-04,4,1494,2021-09-16,0
2020-07-05,6,1500,2021-09-16,0
2020-07-06,4,1504,2021-09-16,0
2020-07-07,2,1506,2021-09-16,0
2020-07-08,9,1515,2021-09-16,0
2020-07-09,4,1519,2021-09-16,0
2020-07-10,3,1522,2021-09-16,0
2020-07-11,4,1526,2021-09-16,0
2020-07-12,6,1532,2021-09-16,0
2020-07-13,2,1534,2021-09-16,0
2020-07-14,6,1540,2021-09-16,0
2020-07-15,7,1547,2021-09-16,0
2020-07-16,3,1550,2021-09-16,0
2020-07-17,7,1557,2021-09-16,0
2020-07-18,6,1563,2021-09-16,0
2020-07-19,5,1568,2021-09-16,0
2020-07-20,3,1571,2021-09-16,0
2020-07-21,6,1577,2021-09-16,0
2020-07-22,5,1582,2021-09-16,0
2020-07-23,8,1590,2021-09-16,0
2020-07-24,6,1596,2021-09-16,0
2020-07-25,2,1598,2021-09-16,0
2020-07-26,5,1603,2021-09-16,0
2020-07-27,5,1608,2021-09-16,0
2020-07-28,7,1615,2021-09-16,0
2020-07-29,3,1618,2021-09-16,0
2020-07-30,6,1624,2021-09-16,0
2020-07-31,9,1633,2021-09-16,0
2020-08-01,4,1637,2021-09-16,0
2020-08-02,7,1644,2021-09-16,0
2020-08-03,4,1648,2021-09-16,0
2020-08-04,7,1655,2021-09-16,0
2020-08-05,8,1663,2021-09-16,0
2020-08-06,9,1672,2021-09-16,0
2020-08-07,7,1679,2021-09-16,0
2020-08-08,6,1685,2021-09-16,0
2020-08-09,10,1695,2021-09-16,0
2020-08-10,3,1698,2021-09-16,0
2020-08-11,9,1707,2021-09-16,0
2020-08-12,7,1714,2021-09-16,0
2020-08-13,5,1719,2021-09-16,0
2020-08-14,9,1728,2021-09-16,0
2020-08-15,13,1741,2021-09-16,0
2020-08-16,13,1754,2021-09-16,0
2020-08-17,6,1760,2021-09-16,0
2020-08-18,11,1771,2021-09-16,0
2020-08-19,3,1774,2021-09-16,0
2020-08-20,10,1784,2021-09-16,0
2020-08-21,12,1796,2021-09-16,0
2020-08-22,9,1805,2021-09-16,0
2020-08-23,7,1812,2021-09-16,0
2020-08-24,9,1821,2021-09-16,0
2020-08-25,4,1825,2021-09-16,0
2020-08-26,3,1828,2021-09-16,0
2020-08-27,7,1835,2021-09-16,0
2020-08-28,6,1841,2021-09-16,0
2020-08-29,3,1844,2021-09-16,0
2020-08-30,5,1849,2021-09-16,0
2020-08-31,9,1858,2021-09-16,0
2020-09-01,2,1860,2021-09-16,0
2020-09-02,7,1867,2021-09-16,0
2020-09-03,12,1879,2021-09-16,0
2020-09-04,4,1883,2021-09-16,0
2020-09-05,6,1889,2021-09-16,0
2020-09-06,12,1901,2021-09-16,0
2020-09-07,3,1904,2021-09-16,0
2020-09-08,6,1910,2021-09-16,0
2020-09-09,10,1920,2021-09-16,0
2020-09-10,9,1929,2021-09-16,0
2020-09-11,11,1940,2021-09-16,0
2020-09-12,8,1948,2021-09-16,0
2020-09-13,8,1956,2021-09-16,0
2020-09-14,2,1958,2021-09-16,0
2020-09-15,7,1965,2021-09-16,0
2020-09-16,9,1974,2021-09-16,0
2020-09-17,5,1979,2021-09-16,0
2020-09-18,6,1985,2021-09-16,0
2020-09-19,4,1989,2021-09-16,0
2020-09-20,9,1998,2021-09-16,0
2020-09-21,7,2005,2021-09-16,0
2020-09-22,8,2013,2021-09-16,0
2020-09-23,9,2022,2021-09-16,0
2020-09-24,8,2030,2021-09-16,0
2020-09-25,11,2041,2021-09-16,0
2020-09-26,9,2050,2021-09-16,0
2020-09-27,14,2064,2021-09-16,0
2020-09-28,11,2075,2021-09-16,0
2020-09-29,5,2080,2021-09-16,0
2020-09-30,16,2096,2021-09-16,0
2020-10-01,7,2103,2021-09-16,0
2020-10-02,13,2116,2021-09-16,0
2020-10-03,9,2125,2021-09-16,0
2020-10-04,7,2132,2021-09-16,0
2020-10-05,10,2142,2021-09-16,0
2020-10-06,13,2155,2021-09-16,0
2020-10-07,19,2174,2021-09-16,0
2020-10-08,9,2183,2021-09-16,0
2020-10-09,17,2200,2021-09-16,0
2020-10-10,16,2216,2021-09-16,0
2020-10-11,16,2232,2021-09-16,0
2020-10-12,20,2252,2021-09-16,0
2020-10-13,14,2266,2021-09-16,0
2020-10-14,10,2276,2021-09-16,0
2020-10-15,9,2285,2021-09-16,0
2020-10-16,12,2297,2021-09-16,0
2020-10-17,18,2315,2021-09-16,0
2020-10-18,25,2340,2021-09-16,0
2020-10-19,18,2358,2021-09-16,0
2020-10-20,15,2373,2021-09-16,0
2020-10-21,24,2397,2021-09-16,0
2020-10-22,18,2415,2021-09-16,0
2020-10-23,19,2434,2021-09-16,0
2020-10-24,8,2442,2021-09-16,0
2020-10-25,17,2459,2021-09-16,0
2020-10-26,25,2484,2021-09-16,0
2020-10-27,23,2507,2021-09-16,0
2020-10-28,29,2536,2021-09-16,0
2020-10-29,18,2554,2021-09-16,0
2020-10-30,27,2581,2021-09-16,0
2020-10-31,25,2606,2021-09-16,0
2020-11-01,21,2627,2021-09-16,0
2020-11-02,25,2652,2021-09-16,0
2020-11-03,25,2677,2021-09-16,0
2020-11-04,33,2710,2021-09-16,0
2020-11-05,38,2748,2021-09-16,0
2020-11-06,39,2787,2021-09-16,0
2020-11-07,42,2829,2021-09-16,0
2020-11-08,47,2876,2021-09-16,0
2020-11-09,36,2912,2021-09-16,0
2020-11-10,35,2947,2021-09-16,0
2020-11-11,43,2990,2021-09-16,0
2020-11-12,45,3035,2021-09-16,0
2020-11-13,40,3075,2021-09-16,0
2020-11-14,47,3122,2021-09-16,0
2020-11-15,46,3168,2021-09-16,0
2020-11-16,62,3230,2021-09-16,0
2020-11-17,56,3286,2021-09-16,0
2020-11-18,61,3347,2021-09-16,0
2020-11-19,60,3407,2021-09-16,0
2020-11-20,63,3470,2021-09-16,0
2020-11-21,58,3528,2021-09-16,0
2020-11-22,67,3595,2021-09-16,0
2020-11-23,59,3654,2021-09-16,0
2020-11-24,69,3723,2021-09-16,0
2020-11-25,72,3795,2021-09-16,0
2020-11-26,54,3849,2021-09-16,0
2020-11-27,69,3918,2021-09-16,0
2020-11-28,61,3979,2021-09-16,0
2020-11-29,68,4047,2021-09-16,0
2020-11-30,61,4108,2021-09-16,0
2020-12-01,63,4171,2021-09-16,0
2020-12-02,73,4244,2021-09-16,0
2020-12-03,86,4330,2021-09-16,0
2020-12-04,67,4397,2021-09-16,0
2020-12-05,74,4471,2021-09-16,0
2020-12-06,80,4551,2021-09-16,0
2020-12-07,75,4626,2021-09-16,0
2020-12-08,61,4687,2021-09-16,0
2020-12-09,71,4758,2021-09-16,0
2020-12-10,72,4830,2021-09-16,0
2020-12-11,71,4901,2021-09-16,0
2020-12-12,71,4972,2021-09-16,0
2020-12-13,56,5028,2021-09-16,0
2020-12-14,43,5071,2021-09-16,0
2020-12-15,65,5136,2021-09-16,0
2020-12-16,72,5208,2021-09-16,0
2020-12-17,60,5268,2021-09-16,0
2020-12-18,59,5327,2021-09-16,0
2020-12-19,56,5383,2021-09-16,0
2020-12-20,60,5443,2021-09-16,0
2020-12-21,58,5501,2021-09-16,0
2020-12-22,33,5534,2021-09-16,0
2020-12-23,46,5580,2021-09-16,0
2020-12-24,50,5630,2021-09-16,0
2020-12-25,36,5666,2021-09-16,0
2020-12-26,43,5709,2021-09-16,0
2020-12-27,41,5750,2021-09-16,0
2020-12-28,34,5784,2021-09-16,0
2020-12-29,37,5821,2021-09-16,0
2020-12-30,47,5868,2021-09-16,0
2020-12-31,36,5904,2021-09-16,0
2021-01-01,28,5932,2021-09-16,0
2021-01-02,46,5978,2021-09-16,0
2021-01-03,37,6015,2021-09-16,0
2021-01-04,32,6047,2021-09-16,0
2021-01-05,40,6087,2021-09-16,0
2021-01-06,32,6119,2021-09-16,0
2021-01-07,37,6156,2021-09-16,0
2021-01-08,32,6188,2021-09-16,0
2021-01-09,25,6213,2021-09-16,0
2021-01-10,29,6242,2021-09-16,0
2021-01-11,26,6268,2021-09-16,0
2021-01-12,32,6300,2021-09-16,0
2021-01-13,23,6323,2021-09-16,0
2021-01-14,41,6364,2021-09-16,0
2021-01-15,26,6390,2021-09-16,0
2021-01-16,30,6420,2021-09-16,0
2021-01-17,21,6441,2021-09-16,0
2021-01-18,19,6460,2021-09-16,0
2021-01-19,14,6474,2021-09-16,0
2021-01-20,26,6500,2021-09-16,0
2021-01-21,16,6516,2021-09-16,0
2021-01-22,13,6529,2021-09-16,0
2021-01-23,17,6546,2021-09-16,0
2021-01-24,24,6570,2021-09-16,0
2021-01-25,18,6588,2021-09-16,0
2021-01-26,21,6609,2021-09-16,0
2021-01-27,11,6620,2021-09-16,0
2021-01-28,12,6632,2021-09-16,0
2021-01-29,15,6647,2021-09-16,0
2021-01-30,13,6660,2021-09-16,0
2021-01-31,16,6676,2021-09-16,0
2021-02-01,17,6693,2021-09-16,0
2021-02-02,10,6703,2021-09-16,0
2021-02-03,11,6714,2021-09-16,0
2021-02-04,11,6725,2021-09-16,0
2021-02-05,12,6737,2021-09-16,0
2021-02-06,12,6749,2021-09-16,0
2021-02-07,19,6768,2021-09-16,0
2021-02-08,11,6779,2021-09-16,0
2021-02-09,15,6794,2021-09-16,0
2021-02-10,13,6807,2021-09-16,0
2021-02-11,7,6814,2021-09-16,0
2021-02-12,12,6826,2021-09-16,0
2021-02-13,8,6834,2021-09-16,0
2021-02-14,10,6844,2021-09-16,0
2021-02-15,9,6853,2021-09-16,0
2021-02-16,12,6865,2021-09-16,0
2021-02-17,10,6875,2021-09-16,0
2021-02-18,7,6882,2021-09-16,0
2021-02-19,6,6888,2021-09-16,0
2021-02-20,7,6895,2021-09-16,0
2021-02-21,4,6899,2021-09-16,0
2021-02-22,5,6904,2021-09-16,0
2021-02-23,9,6913,2021-09-16,0
2021-02-24,5,6918,2021-09-16,0
2021-02-25,5,6923,2021-09-16,0
2021-02-26,7,6930,2021-09-16,0
2021-02-27,6,6936,2021-09-16,0
2021-02-28,8,6944,2021-09-16,0
2021-03-01,7,6951,2021-09-16,0
2021-03-02,2,6953,2021-09-16,0
2021-03-03,10,6963,2021-09-16,0
2021-03-04,6,6969,2021-09-16,0
2021-03-05,10,6979,2021-09-16,0
2021-03-06,5,6984,2021-09-16,0
2021-03-07,9,6993,2021-09-16,0
2021-03-08,5,6998,2021-09-16,0
2021-03-09,7,7005,2021-09-16,0
2021-03-10,5,7010,2021-09-16,0
2021-03-11,4,7014,2021-09-16,0
2021-03-12,11,7025,2021-09-16,0
2021-03-13,5,7030,2021-09-16,0
2021-03-14,4,7034,2021-09-16,0
2021-03-15,2,7036,2021-09-16,0
2021-03-16,6,7042,2021-09-16,0
2021-03-17,4,7046,2021-09-16,0
2021-03-18,5,7051,2021-09-16,0
2021-03-19,5,7056,2021-09-16,0
2021-03-20,9,7065,2021-09-16,0
2021-03-21,5,7070,2021-09-16,0
2021-03-22,4,7074,2021-09-16,0
2021-03-23,5,7079,2021-09-16,0
2021-03-24,1,7080,2021-09-16,0
2021-03-25,5,7085,2021-09-16,0
2021-03-26,3,7088,2021-09-16,0
2021-03-27,7,7095,2021-09-16,0
2021-03-28,6,7101,2021-09-16,0
2021-03-29,5,7106,2021-09-16,0
2021-03-30,6,7112,2021-09-16,0
2021-03-31,8,7120,2021-09-16,0
2021-04-01,6,7126,2021-09-16,0
2021-04-02,9,7135,2021-09-16,0
2021-04-03,8,7143,2021-09-16,0
2021-04-04,6,7149,2021-09-16,0
2021-04-05,8,7157,2021-09-16,0
2021-04-06,6,7163,2021-09-16,0
2021-04-07,6,7169,2021-09-16,0
2021-04-08,10,7179,2021-09-16,0
2021-04-09,6,7185,2021-09-16,0
2021-04-10,7,7192,2021-09-16,0
2021-04-11,8,7200,2021-09-16,0
2021-04-12,10,7210,2021-09-16,0
2021-04-13,7,7217,2021-09-16,0
2021-04-14,8,7225,2021-09-16,0
2021-04-15,14,7239,2021-09-16,0
2021-04-16,8,7247,2021-09-16,0
2021-04-17,8,7255,2021-09-16,0
2021-04-18,8,7263,2021-09-16,0
2021-04-19,10,7273,2021-09-16,0
2021-04-20,5,7278,2021-09-16,0
2021-04-21,8,7286,2021-09-16,0
2021-04-22,1,7287,2021-09-16,0
2021-04-23,15,7302,2021-09-16,0
2021-04-24,11,7313,2021-09-16,0
2021-04-25,15,7328,2021-09-16,0
2021-04-26,14,7342,2021-09-16,0
2021-04-27,7,7349,2021-09-16,0
2021-04-28,14,7363,2021-09-16,0
2021-04-29,8,7371,2021-09-16,0
2021-04-30,11,7382,2021-09-16,0
2021-05-01,7,7389,2021-09-16,0
2021-05-02,8,7397,2021-09-16,0
2021-05-03,5,7402,2021-09-16,0
2021-05-04,13,7415,2021-09-16,0
2021-05-05,8,7423,2021-09-16,0
2021-05-06,5,7428,2021-09-16,0
2021-05-07,8,7436,2021-09-16,0
2021-05-08,7,7443,2021-09-16,0
2021-05-09,9,7452,2021-09-16,0
2021-05-10,8,7460,2021-09-16,0
2021-05-11,6,7466,2021-09-16,0
2021-05-12,9,7475,2021-09-16,0
2021-05-13,9,7484,2021-09-16,0
2021-05-14,11,7495,2021-09-16,0
2021-05-15,9,7504,2021-09-16,0
2021-05-16,6,7510,2021-09-16,0
2021-05-17,5,7515,2021-09-16,0
2021-05-18,7,7522,2021-09-16,0
2021-05-19,2,7524,2021-09-16,0
2021-05-20,5,7529,2021-09-16,0
2021-05-21,7,7536,2021-09-16,0
2021-05-22,10,7546,2021-09-16,0
2021-05-23,5,7551,2021-09-16,0
2021-05-24,5,7556,2021-09-16,0
2021-05-25,6,7562,2021-09-16,0
2021-05-26,3,7565,2021-09-16,0
2021-05-27,7,7572,2021-09-16,0
2021-05-28,2,7574,2021-09-16,0
2021-05-29,6,7580,2021-09-16,0
2021-05-30,4,7584,2021-09-16,0
2021-05-31,3,7587,2021-09-16,0
2021-06-01,5,7592,2021-09-16,0
2021-06-02,8,7600,2021-09-16,0
2021-06-03,4,7604,2021-09-16,0
2021-06-04,4,7608,2021-09-16,0
2021-06-05,2,7610,2021-09-16,0
2021-06-06,5,7615,2021-09-16,0
2021-06-07,3,7618,2021-09-16,0
2021-06-08,5,7623,2021-09-16,0
2021-06-09,4,7627,2021-09-16,0
2021-06-10,6,7633,2021-09-16,0
2021-06-11,6,7639,2021-09-16,0
2021-06-12,4,7643,2021-09-16,0
2021-06-13,4,7647,2021-09-16,0
2021-06-14,3,7650,2021-09-16,0
2021-06-15,2,7652,2021-09-16,0
2021-06-16,2,7654,2021-09-16,0
2021-06-17,4,7658,2021-09-16,0
2021-06-18,1,7659,2021-09-16,0
2021-06-19,6,7665,2021-09-16,0
2021-06-20,1,7666,2021-09-16,0
2021-06-21,5,7671,2021-09-16,0
2021-06-22,3,7674,2021-09-16,0
2021-06-23,4,7678,2021-09-16,0
2021-06-24,3,7681,2021-09-16,0
2021-06-25,3,7684,2021-09-16,0
2021-06-26,4,7688,2021-09-16,0
2021-06-27,2,7690,2021-09-16,0
2021-06-28,2,7692,2021-09-16,0
2021-06-29,2,7694,2021-09-16,0
2021-06-30,2,7696,2021-09-16,0
2021-07-01,0,7696,2021-09-16,0
2021-07-02,2,7698,2021-09-16,0
2021-07-03,2,7700,2021-09-16,0
2021-07-04,3,7703,2021-09-16,0
2021-07-05,1,7704,2021-09-16,0
2021-07-06,4,7708,2021-09-16,0
2021-07-07,1,7709,2021-09-16,0
2021-07-08,0,7709,2021-09-16,0
2021-07-09,1,7710,2021-09-16,0
2021-07-10,1,7711,2021-09-16,0
2021-07-11,2,7713,2021-09-16,0
2021-07-12,1,7714,2021-09-16,0
2021-07-13,2,7716,2021-09-16,0
2021-07-14,2,7718,2021-09-16,0
2021-07-15,2,7720,2021-09-16,0
2021-07-16,1,7721,2021-09-16,0
2021-07-17,1,7722,2021-09-16,0
2021-07-18,0,7722,2021-09-16,0
2021-07-19,0,7722,2021-09-16,0
2021-07-20,2,7724,2021-09-16,0
2021-07-21,2,7726,2021-09-16,0
2021-07-22,2,7728,2021-09-16,0
2021-07-23,3,7731,2021-09-16,0
2021-07-24,0,7731,2021-09-16,0
2021-07-25,2,7733,2021-09-16,0
2021-07-26,1,7734,2021-09-16,0
2021-07-27,2,7736,2021-09-16,0
2021-07-28,3,7739,2021-09-16,0
2021-07-29,2,7741,2021-09-16,0
2021-07-30,5,7746,2021-09-16,0
2021-07-31,4,7750,2021-09-16,0
2021-08-01,1,7751,2021-09-16,0
2021-08-02,3,7754,2021-09-16,0
2021-08-03,2,7756,2021-09-16,0
2021-08-04,3,7759,2021-09-16,0
2021-08-05,2,7761,2021-09-16,0
2021-08-06,7,7768,2021-09-16,0
2021-08-07,3,7771,2021-09-16,0
2021-08-08,1,7772,2021-09-16,0
2021-08-09,3,7775,2021-09-16,0
2021-08-10,2,7777,2021-09-16,0
2021-08-11,2,7779,2021-09-16,0
2021-08-12,7,7786,2021-09-16,0
2021-08-13,5,7791,2021-09-16,0
2021-08-14,6,7797,2021-09-16,0
2021-08-15,0,7797,2021-09-16,0
2021-08-16,6,7803,2021-09-16,0
2021-08-17,7,7810,2021-09-16,0
2021-08-18,8,7818,2021-09-16,0
2021-08-19,2,7820,2021-09-16,0
2021-08-20,3,7823,2021-09-16,0
2021-08-21,5,7828,2021-09-16,0
2021-08-22,7,7835,2021-09-16,0
2021-08-23,4,7839,2021-09-16,0
2021-08-24,12,7851,2021-09-16,0
2021-08-25,7,7858,2021-09-16,0
2021-08-26,1,7859,2021-09-16,0
2021-08-27,6,7865,2021-09-16,0
2021-08-28,8,7873,2021-09-16,0
2021-08-29,11,7884,2021-09-16,0
2021-08-30,7,7891,2021-09-16,0
2021-08-31,6,7897,2021-09-16,0
2021-09-01,5,7902,2021-09-16,0
2021-09-02,5,7907,2021-09-16,0
2021-09-03,8,7915,2021-09-16,1
2021-09-04,8,7923,2021-09-16,0
2021-09-05,10,7933,2021-09-16,0
2021-09-06,6,7939,2021-09-16,1
2021-09-07,5,7944,2021-09-16,1
2021-09-08,8,7952,2021-09-16,2
2021-09-09,2,7954,2021-09-16,0
2021-09-10,5,7959,2021-09-16,3
2021-09-11,6,7965,2021-09-16,2
2021-09-12,2,7967,2021-09-16,2
2021-09-13,3,7970,2021-09-16,2
NA,0,7970,2021-09-16,0
2020-03-19,1,1,2021-09-17,0
2020-03-20,0,1,2021-09-17,0
2020-03-21,0,1,2021-09-17,0
2020-03-22,0,1,2021-09-17,0
2020-03-23,0,1,2021-09-17,0
2020-03-24,1,2,2021-09-17,0
2020-03-25,1,3,2021-09-17,0
2020-03-26,1,4,2021-09-17,0
2020-03-27,5,9,2021-09-17,0
2020-03-28,3,12,2021-09-17,0
2020-03-29,0,12,2021-09-17,0
2020-03-30,5,17,2021-09-17,0
2020-03-31,2,19,2021-09-17,0
2020-04-01,5,24,2021-09-17,0
2020-04-02,3,27,2021-09-17,0
2020-04-03,1,28,2021-09-17,0
2020-04-04,5,33,2021-09-17,0
2020-04-05,5,38,2021-09-17,0
2020-04-06,10,48,2021-09-17,0
2020-04-07,6,54,2021-09-17,0
2020-04-08,7,61,2021-09-17,0
2020-04-09,8,69,2021-09-17,0
2020-04-10,6,75,2021-09-17,0
2020-04-11,4,79,2021-09-17,0
2020-04-12,4,83,2021-09-17,0
2020-04-13,10,93,2021-09-17,0
2020-04-14,6,99,2021-09-17,0
2020-04-15,17,116,2021-09-17,0
2020-04-16,10,126,2021-09-17,0
2020-04-17,17,143,2021-09-17,0
2020-04-18,17,160,2021-09-17,0
2020-04-19,16,176,2021-09-17,0
2020-04-20,21,197,2021-09-17,0
2020-04-21,26,223,2021-09-17,0
2020-04-22,21,244,2021-09-17,0
2020-04-23,19,263,2021-09-17,0
2020-04-24,23,286,2021-09-17,0
2020-04-25,18,304,2021-09-17,0
2020-04-26,17,321,2021-09-17,0
2020-04-27,21,342,2021-09-17,0
2020-04-28,16,358,2021-09-17,0
2020-04-29,29,387,2021-09-17,0
2020-04-30,18,405,2021-09-17,0
2020-05-01,30,435,2021-09-17,0
2020-05-02,19,454,2021-09-17,0
2020-05-03,29,483,2021-09-17,0
2020-05-04,23,506,2021-09-17,0
2020-05-05,19,525,2021-09-17,0
2020-05-06,25,550,2021-09-17,0
2020-05-07,30,580,2021-09-17,0
2020-05-08,20,600,2021-09-17,0
2020-05-09,26,626,2021-09-17,0
2020-05-10,19,645,2021-09-17,0
2020-05-11,25,670,2021-09-17,0
2020-05-12,20,690,2021-09-17,0
2020-05-13,22,712,2021-09-17,0
2020-05-14,20,732,2021-09-17,0
2020-05-15,20,752,2021-09-17,0
2020-05-16,20,772,2021-09-17,0
2020-05-17,23,795,2021-09-17,0
2020-05-18,18,813,2021-09-17,0
2020-05-19,35,848,2021-09-17,0
2020-05-20,24,872,2021-09-17,0
2020-05-21,17,889,2021-09-17,0
2020-05-22,20,909,2021-09-17,0
2020-05-23,26,935,2021-09-17,0
2020-05-24,25,960,2021-09-17,0
2020-05-25,30,990,2021-09-17,0
2020-05-26,29,1019,2021-09-17,0
2020-05-27,25,1044,2021-09-17,0
2020-05-28,21,1065,2021-09-17,0
2020-05-29,17,1082,2021-09-17,0
2020-05-30,11,1093,2021-09-17,0
2020-05-31,20,1113,2021-09-17,0
2020-06-01,23,1136,2021-09-17,0
2020-06-02,21,1157,2021-09-17,0
2020-06-03,25,1182,2021-09-17,0
2020-06-04,26,1208,2021-09-17,0
2020-06-05,18,1226,2021-09-17,0
2020-06-06,12,1238,2021-09-17,0
2020-06-07,22,1260,2021-09-17,0
2020-06-08,12,1272,2021-09-17,0
2020-06-09,13,1285,2021-09-17,0
2020-06-10,10,1295,2021-09-17,0
2020-06-11,12,1307,2021-09-17,0
2020-06-12,11,1318,2021-09-17,0
2020-06-13,13,1331,2021-09-17,0
2020-06-14,11,1342,2021-09-17,0
2020-06-15,8,1350,2021-09-17,0
2020-06-16,9,1359,2021-09-17,0
2020-06-17,17,1376,2021-09-17,0
2020-06-18,9,1385,2021-09-17,0
2020-06-19,8,1393,2021-09-17,0
2020-06-20,12,1405,2021-09-17,0
2020-06-21,11,1416,2021-09-17,0
2020-06-22,6,1422,2021-09-17,0
2020-06-23,10,1432,2021-09-17,0
2020-06-24,1,1433,2021-09-17,0
2020-06-25,9,1442,2021-09-17,0
2020-06-26,6,1448,2021-09-17,0
2020-06-27,5,1453,2021-09-17,0
2020-06-28,11,1464,2021-09-17,0
2020-06-29,7,1471,2021-09-17,0
2020-06-30,9,1480,2021-09-17,0
2020-07-01,2,1482,2021-09-17,0
2020-07-02,3,1485,2021-09-17,0
2020-07-03,5,1490,2021-09-17,0
2020-07-04,4,1494,2021-09-17,0
2020-07-05,6,1500,2021-09-17,0
2020-07-06,4,1504,2021-09-17,0
2020-07-07,2,1506,2021-09-17,0
2020-07-08,9,1515,2021-09-17,0
2020-07-09,4,1519,2021-09-17,0
2020-07-10,3,1522,2021-09-17,0
2020-07-11,4,1526,2021-09-17,0
2020-07-12,6,1532,2021-09-17,0
2020-07-13,2,1534,2021-09-17,0
2020-07-14,6,1540,2021-09-17,0
2020-07-15,7,1547,2021-09-17,0
2020-07-16,3,1550,2021-09-17,0
2020-07-17,7,1557,2021-09-17,0
2020-07-18,6,1563,2021-09-17,0
2020-07-19,5,1568,2021-09-17,0
2020-07-20,3,1571,2021-09-17,0
2020-07-21,6,1577,2021-09-17,0
2020-07-22,5,1582,2021-09-17,0
2020-07-23,8,1590,2021-09-17,0
2020-07-24,6,1596,2021-09-17,0
2020-07-25,2,1598,2021-09-17,0
2020-07-26,5,1603,2021-09-17,0
2020-07-27,5,1608,2021-09-17,0
2020-07-28,7,1615,2021-09-17,0
2020-07-29,3,1618,2021-09-17,0
2020-07-30,6,1624,2021-09-17,0
2020-07-31,9,1633,2021-09-17,0
2020-08-01,4,1637,2021-09-17,0
2020-08-02,7,1644,2021-09-17,0
2020-08-03,4,1648,2021-09-17,0
2020-08-04,7,1655,2021-09-17,0
2020-08-05,8,1663,2021-09-17,0
2020-08-06,9,1672,2021-09-17,0
2020-08-07,7,1679,2021-09-17,0
2020-08-08,6,1685,2021-09-17,0
2020-08-09,10,1695,2021-09-17,0
2020-08-10,3,1698,2021-09-17,0
2020-08-11,9,1707,2021-09-17,0
2020-08-12,7,1714,2021-09-17,0
2020-08-13,5,1719,2021-09-17,0
2020-08-14,9,1728,2021-09-17,0
2020-08-15,13,1741,2021-09-17,0
2020-08-16,13,1754,2021-09-17,0
2020-08-17,6,1760,2021-09-17,0
2020-08-18,11,1771,2021-09-17,0
2020-08-19,3,1774,2021-09-17,0
2020-08-20,10,1784,2021-09-17,0
2020-08-21,12,1796,2021-09-17,0
2020-08-22,9,1805,2021-09-17,0
2020-08-23,7,1812,2021-09-17,0
2020-08-24,9,1821,2021-09-17,0
2020-08-25,4,1825,2021-09-17,0
2020-08-26,3,1828,2021-09-17,0
2020-08-27,7,1835,2021-09-17,0
2020-08-28,6,1841,2021-09-17,0
2020-08-29,3,1844,2021-09-17,0
2020-08-30,5,1849,2021-09-17,0
2020-08-31,9,1858,2021-09-17,0
2020-09-01,2,1860,2021-09-17,0
2020-09-02,7,1867,2021-09-17,0
2020-09-03,12,1879,2021-09-17,0
2020-09-04,4,1883,2021-09-17,0
2020-09-05,6,1889,2021-09-17,0
2020-09-06,12,1901,2021-09-17,0
2020-09-07,3,1904,2021-09-17,0
2020-09-08,6,1910,2021-09-17,0
2020-09-09,10,1920,2021-09-17,0
2020-09-10,9,1929,2021-09-17,0
2020-09-11,11,1940,2021-09-17,0
2020-09-12,8,1948,2021-09-17,0
2020-09-13,8,1956,2021-09-17,0
2020-09-14,2,1958,2021-09-17,0
2020-09-15,7,1965,2021-09-17,0
2020-09-16,9,1974,2021-09-17,0
2020-09-17,5,1979,2021-09-17,0
2020-09-18,6,1985,2021-09-17,0
2020-09-19,4,1989,2021-09-17,0
2020-09-20,9,1998,2021-09-17,0
2020-09-21,7,2005,2021-09-17,0
2020-09-22,8,2013,2021-09-17,0
2020-09-23,9,2022,2021-09-17,0
2020-09-24,8,2030,2021-09-17,0
2020-09-25,11,2041,2021-09-17,0
2020-09-26,9,2050,2021-09-17,0
2020-09-27,14,2064,2021-09-17,0
2020-09-28,11,2075,2021-09-17,0
2020-09-29,5,2080,2021-09-17,0
2020-09-30,16,2096,2021-09-17,0
2020-10-01,7,2103,2021-09-17,0
2020-10-02,13,2116,2021-09-17,0
2020-10-03,9,2125,2021-09-17,0
2020-10-04,7,2132,2021-09-17,0
2020-10-05,10,2142,2021-09-17,0
2020-10-06,13,2155,2021-09-17,0
2020-10-07,19,2174,2021-09-17,0
2020-10-08,9,2183,2021-09-17,0
2020-10-09,17,2200,2021-09-17,0
2020-10-10,16,2216,2021-09-17,0
2020-10-11,16,2232,2021-09-17,0
2020-10-12,20,2252,2021-09-17,0
2020-10-13,14,2266,2021-09-17,0
2020-10-14,10,2276,2021-09-17,0
2020-10-15,9,2285,2021-09-17,0
2020-10-16,12,2297,2021-09-17,0
2020-10-17,18,2315,2021-09-17,0
2020-10-18,25,2340,2021-09-17,0
2020-10-19,18,2358,2021-09-17,0
2020-10-20,15,2373,2021-09-17,0
2020-10-21,24,2397,2021-09-17,0
2020-10-22,18,2415,2021-09-17,0
2020-10-23,19,2434,2021-09-17,0
2020-10-24,8,2442,2021-09-17,0
2020-10-25,17,2459,2021-09-17,0
2020-10-26,25,2484,2021-09-17,0
2020-10-27,23,2507,2021-09-17,0
2020-10-28,29,2536,2021-09-17,0
2020-10-29,18,2554,2021-09-17,0
2020-10-30,27,2581,2021-09-17,0
2020-10-31,25,2606,2021-09-17,0
2020-11-01,21,2627,2021-09-17,0
2020-11-02,25,2652,2021-09-17,0
2020-11-03,25,2677,2021-09-17,0
2020-11-04,33,2710,2021-09-17,0
2020-11-05,38,2748,2021-09-17,0
2020-11-06,39,2787,2021-09-17,0
2020-11-07,42,2829,2021-09-17,0
2020-11-08,47,2876,2021-09-17,0
2020-11-09,36,2912,2021-09-17,0
2020-11-10,35,2947,2021-09-17,0
2020-11-11,43,2990,2021-09-17,0
2020-11-12,45,3035,2021-09-17,0
2020-11-13,40,3075,2021-09-17,0
2020-11-14,47,3122,2021-09-17,0
2020-11-15,46,3168,2021-09-17,0
2020-11-16,62,3230,2021-09-17,0
2020-11-17,56,3286,2021-09-17,0
2020-11-18,61,3347,2021-09-17,0
2020-11-19,60,3407,2021-09-17,0
2020-11-20,63,3470,2021-09-17,0
2020-11-21,58,3528,2021-09-17,0
2020-11-22,67,3595,2021-09-17,0
2020-11-23,59,3654,2021-09-17,0
2020-11-24,69,3723,2021-09-17,0
2020-11-25,72,3795,2021-09-17,0
2020-11-26,54,3849,2021-09-17,0
2020-11-27,69,3918,2021-09-17,0
2020-11-28,61,3979,2021-09-17,0
2020-11-29,68,4047,2021-09-17,0
2020-11-30,61,4108,2021-09-17,0
2020-12-01,63,4171,2021-09-17,0
2020-12-02,73,4244,2021-09-17,0
2020-12-03,86,4330,2021-09-17,0
2020-12-04,67,4397,2021-09-17,0
2020-12-05,74,4471,2021-09-17,0
2020-12-06,80,4551,2021-09-17,0
2020-12-07,75,4626,2021-09-17,0
2020-12-08,61,4687,2021-09-17,0
2020-12-09,71,4758,2021-09-17,0
2020-12-10,72,4830,2021-09-17,0
2020-12-11,71,4901,2021-09-17,0
2020-12-12,71,4972,2021-09-17,0
2020-12-13,56,5028,2021-09-17,0
2020-12-14,43,5071,2021-09-17,0
2020-12-15,65,5136,2021-09-17,0
2020-12-16,72,5208,2021-09-17,0
2020-12-17,60,5268,2021-09-17,0
2020-12-18,59,5327,2021-09-17,0
2020-12-19,56,5383,2021-09-17,0
2020-12-20,60,5443,2021-09-17,0
2020-12-21,58,5501,2021-09-17,0
2020-12-22,33,5534,2021-09-17,0
2020-12-23,46,5580,2021-09-17,0
2020-12-24,50,5630,2021-09-17,0
2020-12-25,36,5666,2021-09-17,0
2020-12-26,43,5709,2021-09-17,0
2020-12-27,41,5750,2021-09-17,0
2020-12-28,34,5784,2021-09-17,0
2020-12-29,37,5821,2021-09-17,0
2020-12-30,47,5868,2021-09-17,0
2020-12-31,36,5904,2021-09-17,0
2021-01-01,28,5932,2021-09-17,0
2021-01-02,46,5978,2021-09-17,0
2021-01-03,37,6015,2021-09-17,0
2021-01-04,32,6047,2021-09-17,0
2021-01-05,40,6087,2021-09-17,0
2021-01-06,32,6119,2021-09-17,0
2021-01-07,37,6156,2021-09-17,0
2021-01-08,32,6188,2021-09-17,0
2021-01-09,25,6213,2021-09-17,0
2021-01-10,29,6242,2021-09-17,0
2021-01-11,26,6268,2021-09-17,0
2021-01-12,32,6300,2021-09-17,0
2021-01-13,23,6323,2021-09-17,0
2021-01-14,41,6364,2021-09-17,0
2021-01-15,26,6390,2021-09-17,0
2021-01-16,30,6420,2021-09-17,0
2021-01-17,21,6441,2021-09-17,0
2021-01-18,19,6460,2021-09-17,0
2021-01-19,14,6474,2021-09-17,0
2021-01-20,26,6500,2021-09-17,0
2021-01-21,16,6516,2021-09-17,0
2021-01-22,13,6529,2021-09-17,0
2021-01-23,17,6546,2021-09-17,0
2021-01-24,24,6570,2021-09-17,0
2021-01-25,18,6588,2021-09-17,0
2021-01-26,21,6609,2021-09-17,0
2021-01-27,11,6620,2021-09-17,0
2021-01-28,12,6632,2021-09-17,0
2021-01-29,15,6647,2021-09-17,0
2021-01-30,13,6660,2021-09-17,0
2021-01-31,16,6676,2021-09-17,0
2021-02-01,17,6693,2021-09-17,0
2021-02-02,10,6703,2021-09-17,0
2021-02-03,11,6714,2021-09-17,0
2021-02-04,11,6725,2021-09-17,0
2021-02-05,12,6737,2021-09-17,0
2021-02-06,12,6749,2021-09-17,0
2021-02-07,19,6768,2021-09-17,0
2021-02-08,11,6779,2021-09-17,0
2021-02-09,15,6794,2021-09-17,0
2021-02-10,13,6807,2021-09-17,0
2021-02-11,7,6814,2021-09-17,0
2021-02-12,13,6827,2021-09-17,1
2021-02-13,8,6835,2021-09-17,0
2021-02-14,10,6845,2021-09-17,0
2021-02-15,9,6854,2021-09-17,0
2021-02-16,12,6866,2021-09-17,0
2021-02-17,10,6876,2021-09-17,0
2021-02-18,7,6883,2021-09-17,0
2021-02-19,6,6889,2021-09-17,0
2021-02-20,7,6896,2021-09-17,0
2021-02-21,4,6900,2021-09-17,0
2021-02-22,5,6905,2021-09-17,0
2021-02-23,9,6914,2021-09-17,0
2021-02-24,5,6919,2021-09-17,0
2021-02-25,5,6924,2021-09-17,0
2021-02-26,7,6931,2021-09-17,0
2021-02-27,6,6937,2021-09-17,0
2021-02-28,8,6945,2021-09-17,0
2021-03-01,7,6952,2021-09-17,0
2021-03-02,2,6954,2021-09-17,0
2021-03-03,10,6964,2021-09-17,0
2021-03-04,6,6970,2021-09-17,0
2021-03-05,10,6980,2021-09-17,0
2021-03-06,5,6985,2021-09-17,0
2021-03-07,9,6994,2021-09-17,0
2021-03-08,5,6999,2021-09-17,0
2021-03-09,7,7006,2021-09-17,0
2021-03-10,5,7011,2021-09-17,0
2021-03-11,4,7015,2021-09-17,0
2021-03-12,11,7026,2021-09-17,0
2021-03-13,5,7031,2021-09-17,0
2021-03-14,4,7035,2021-09-17,0
2021-03-15,2,7037,2021-09-17,0
2021-03-16,6,7043,2021-09-17,0
2021-03-17,4,7047,2021-09-17,0
2021-03-18,5,7052,2021-09-17,0
2021-03-19,5,7057,2021-09-17,0
2021-03-20,9,7066,2021-09-17,0
2021-03-21,5,7071,2021-09-17,0
2021-03-22,4,7075,2021-09-17,0
2021-03-23,5,7080,2021-09-17,0
2021-03-24,1,7081,2021-09-17,0
2021-03-25,5,7086,2021-09-17,0
2021-03-26,3,7089,2021-09-17,0
2021-03-27,7,7096,2021-09-17,0
2021-03-28,6,7102,2021-09-17,0
2021-03-29,5,7107,2021-09-17,0
2021-03-30,6,7113,2021-09-17,0
2021-03-31,8,7121,2021-09-17,0
2021-04-01,6,7127,2021-09-17,0
2021-04-02,9,7136,2021-09-17,0
2021-04-03,8,7144,2021-09-17,0
2021-04-04,6,7150,2021-09-17,0
2021-04-05,8,7158,2021-09-17,0
2021-04-06,6,7164,2021-09-17,0
2021-04-07,6,7170,2021-09-17,0
2021-04-08,10,7180,2021-09-17,0
2021-04-09,6,7186,2021-09-17,0
2021-04-10,7,7193,2021-09-17,0
2021-04-11,8,7201,2021-09-17,0
2021-04-12,10,7211,2021-09-17,0
2021-04-13,7,7218,2021-09-17,0
2021-04-14,8,7226,2021-09-17,0
2021-04-15,14,7240,2021-09-17,0
2021-04-16,8,7248,2021-09-17,0
2021-04-17,8,7256,2021-09-17,0
2021-04-18,8,7264,2021-09-17,0
2021-04-19,10,7274,2021-09-17,0
2021-04-20,5,7279,2021-09-17,0
2021-04-21,8,7287,2021-09-17,0
2021-04-22,1,7288,2021-09-17,0
2021-04-23,15,7303,2021-09-17,0
2021-04-24,11,7314,2021-09-17,0
2021-04-25,15,7329,2021-09-17,0
2021-04-26,14,7343,2021-09-17,0
2021-04-27,7,7350,2021-09-17,0
2021-04-28,14,7364,2021-09-17,0
2021-04-29,8,7372,2021-09-17,0
2021-04-30,11,7383,2021-09-17,0
2021-05-01,7,7390,2021-09-17,0
2021-05-02,8,7398,2021-09-17,0
2021-05-03,5,7403,2021-09-17,0
2021-05-04,13,7416,2021-09-17,0
2021-05-05,8,7424,2021-09-17,0
2021-05-06,5,7429,2021-09-17,0
2021-05-07,8,7437,2021-09-17,0
2021-05-08,7,7444,2021-09-17,0
2021-05-09,9,7453,2021-09-17,0
2021-05-10,8,7461,2021-09-17,0
2021-05-11,6,7467,2021-09-17,0
2021-05-12,9,7476,2021-09-17,0
2021-05-13,9,7485,2021-09-17,0
2021-05-14,11,7496,2021-09-17,0
2021-05-15,9,7505,2021-09-17,0
2021-05-16,6,7511,2021-09-17,0
2021-05-17,5,7516,2021-09-17,0
2021-05-18,7,7523,2021-09-17,0
2021-05-19,2,7525,2021-09-17,0
2021-05-20,5,7530,2021-09-17,0
2021-05-21,7,7537,2021-09-17,0
2021-05-22,10,7547,2021-09-17,0
2021-05-23,5,7552,2021-09-17,0
2021-05-24,5,7557,2021-09-17,0
2021-05-25,6,7563,2021-09-17,0
2021-05-26,3,7566,2021-09-17,0
2021-05-27,7,7573,2021-09-17,0
2021-05-28,2,7575,2021-09-17,0
2021-05-29,6,7581,2021-09-17,0
2021-05-30,4,7585,2021-09-17,0
2021-05-31,3,7588,2021-09-17,0
2021-06-01,5,7593,2021-09-17,0
2021-06-02,8,7601,2021-09-17,0
2021-06-03,4,7605,2021-09-17,0
2021-06-04,4,7609,2021-09-17,0
2021-06-05,2,7611,2021-09-17,0
2021-06-06,5,7616,2021-09-17,0
2021-06-07,3,7619,2021-09-17,0
2021-06-08,5,7624,2021-09-17,0
2021-06-09,4,7628,2021-09-17,0
2021-06-10,6,7634,2021-09-17,0
2021-06-11,6,7640,2021-09-17,0
2021-06-12,4,7644,2021-09-17,0
2021-06-13,4,7648,2021-09-17,0
2021-06-14,3,7651,2021-09-17,0
2021-06-15,2,7653,2021-09-17,0
2021-06-16,2,7655,2021-09-17,0
2021-06-17,4,7659,2021-09-17,0
2021-06-18,1,7660,2021-09-17,0
2021-06-19,6,7666,2021-09-17,0
2021-06-20,1,7667,2021-09-17,0
2021-06-21,5,7672,2021-09-17,0
2021-06-22,3,7675,2021-09-17,0
2021-06-23,4,7679,2021-09-17,0
2021-06-24,3,7682,2021-09-17,0
2021-06-25,3,7685,2021-09-17,0
2021-06-26,4,7689,2021-09-17,0
2021-06-27,2,7691,2021-09-17,0
2021-06-28,2,7693,2021-09-17,0
2021-06-29,2,7695,2021-09-17,0
2021-06-30,2,7697,2021-09-17,0
2021-07-01,0,7697,2021-09-17,0
2021-07-02,2,7699,2021-09-17,0
2021-07-03,2,7701,2021-09-17,0
2021-07-04,3,7704,2021-09-17,0
2021-07-05,1,7705,2021-09-17,0
2021-07-06,4,7709,2021-09-17,0
2021-07-07,1,7710,2021-09-17,0
2021-07-08,0,7710,2021-09-17,0
2021-07-09,1,7711,2021-09-17,0
2021-07-10,1,7712,2021-09-17,0
2021-07-11,2,7714,2021-09-17,0
2021-07-12,1,7715,2021-09-17,0
2021-07-13,2,7717,2021-09-17,0
2021-07-14,2,7719,2021-09-17,0
2021-07-15,2,7721,2021-09-17,0
2021-07-16,1,7722,2021-09-17,0
2021-07-17,1,7723,2021-09-17,0
2021-07-18,0,7723,2021-09-17,0
2021-07-19,0,7723,2021-09-17,0
2021-07-20,2,7725,2021-09-17,0
2021-07-21,2,7727,2021-09-17,0
2021-07-22,2,7729,2021-09-17,0
2021-07-23,3,7732,2021-09-17,0
2021-07-24,0,7732,2021-09-17,0
2021-07-25,2,7734,2021-09-17,0
2021-07-26,1,7735,2021-09-17,0
2021-07-27,2,7737,2021-09-17,0
2021-07-28,3,7740,2021-09-17,0
2021-07-29,2,7742,2021-09-17,0
2021-07-30,5,7747,2021-09-17,0
2021-07-31,4,7751,2021-09-17,0
2021-08-01,1,7752,2021-09-17,0
2021-08-02,3,7755,2021-09-17,0
2021-08-03,2,7757,2021-09-17,0
2021-08-04,3,7760,2021-09-17,0
2021-08-05,2,7762,2021-09-17,0
2021-08-06,7,7769,2021-09-17,0
2021-08-07,3,7772,2021-09-17,0
2021-08-08,1,7773,2021-09-17,0
2021-08-09,3,7776,2021-09-17,0
2021-08-10,2,7778,2021-09-17,0
2021-08-11,2,7780,2021-09-17,0
2021-08-12,7,7787,2021-09-17,0
2021-08-13,5,7792,2021-09-17,0
2021-08-14,6,7798,2021-09-17,0
2021-08-15,0,7798,2021-09-17,0
2021-08-16,6,7804,2021-09-17,0
2021-08-17,7,7811,2021-09-17,0
2021-08-18,8,7819,2021-09-17,0
2021-08-19,2,7821,2021-09-17,0
2021-08-20,3,7824,2021-09-17,0
2021-08-21,5,7829,2021-09-17,0
2021-08-22,7,7836,2021-09-17,0
2021-08-23,4,7840,2021-09-17,0
2021-08-24,12,7852,2021-09-17,0
2021-08-25,7,7859,2021-09-17,0
2021-08-26,1,7860,2021-09-17,0
2021-08-27,6,7866,2021-09-17,0
2021-08-28,8,7874,2021-09-17,0
2021-08-29,11,7885,2021-09-17,0
2021-08-30,7,7892,2021-09-17,0
2021-08-31,6,7898,2021-09-17,0
2021-09-01,5,7903,2021-09-17,0
2021-09-02,5,7908,2021-09-17,0
2021-09-03,8,7916,2021-09-17,0
2021-09-04,8,7924,2021-09-17,0
2021-09-05,10,7934,2021-09-17,0
2021-09-06,6,7940,2021-09-17,0
2021-09-07,5,7945,2021-09-17,0
2021-09-08,9,7954,2021-09-17,1
2021-09-09,2,7956,2021-09-17,0
2021-09-10,7,7963,2021-09-17,2
2021-09-11,9,7972,2021-09-17,3
2021-09-12,6,7978,2021-09-17,4
2021-09-13,3,7981,2021-09-17,0
2021-09-14,2,7983,2021-09-17,2
NA,0,7983,2021-09-17,0
2020-03-19,1,1,2021-09-20,0
2020-03-20,0,1,2021-09-20,0
2020-03-21,0,1,2021-09-20,0
2020-03-22,0,1,2021-09-20,0
2020-03-23,0,1,2021-09-20,0
2020-03-24,1,2,2021-09-20,0
2020-03-25,1,3,2021-09-20,0
2020-03-26,1,4,2021-09-20,0
2020-03-27,5,9,2021-09-20,0
2020-03-28,3,12,2021-09-20,0
2020-03-29,0,12,2021-09-20,0
2020-03-30,5,17,2021-09-20,0
2020-03-31,2,19,2021-09-20,0
2020-04-01,5,24,2021-09-20,0
2020-04-02,3,27,2021-09-20,0
2020-04-03,1,28,2021-09-20,0
2020-04-04,5,33,2021-09-20,0
2020-04-05,5,38,2021-09-20,0
2020-04-06,10,48,2021-09-20,0
2020-04-07,6,54,2021-09-20,0
2020-04-08,7,61,2021-09-20,0
2020-04-09,8,69,2021-09-20,0
2020-04-10,6,75,2021-09-20,0
2020-04-11,4,79,2021-09-20,0
2020-04-12,4,83,2021-09-20,0
2020-04-13,10,93,2021-09-20,0
2020-04-14,6,99,2021-09-20,0
2020-04-15,17,116,2021-09-20,0
2020-04-16,10,126,2021-09-20,0
2020-04-17,17,143,2021-09-20,0
2020-04-18,17,160,2021-09-20,0
2020-04-19,16,176,2021-09-20,0
2020-04-20,21,197,2021-09-20,0
2020-04-21,26,223,2021-09-20,0
2020-04-22,21,244,2021-09-20,0
2020-04-23,19,263,2021-09-20,0
2020-04-24,23,286,2021-09-20,0
2020-04-25,18,304,2021-09-20,0
2020-04-26,17,321,2021-09-20,0
2020-04-27,21,342,2021-09-20,0
2020-04-28,16,358,2021-09-20,0
2020-04-29,29,387,2021-09-20,0
2020-04-30,18,405,2021-09-20,0
2020-05-01,30,435,2021-09-20,0
2020-05-02,19,454,2021-09-20,0
2020-05-03,29,483,2021-09-20,0
2020-05-04,23,506,2021-09-20,0
2020-05-05,19,525,2021-09-20,0
2020-05-06,25,550,2021-09-20,0
2020-05-07,30,580,2021-09-20,0
2020-05-08,20,600,2021-09-20,0
2020-05-09,26,626,2021-09-20,0
2020-05-10,19,645,2021-09-20,0
2020-05-11,25,670,2021-09-20,0
2020-05-12,20,690,2021-09-20,0
2020-05-13,22,712,2021-09-20,0
2020-05-14,20,732,2021-09-20,0
2020-05-15,20,752,2021-09-20,0
2020-05-16,20,772,2021-09-20,0
2020-05-17,23,795,2021-09-20,0
2020-05-18,18,813,2021-09-20,0
2020-05-19,35,848,2021-09-20,0
2020-05-20,24,872,2021-09-20,0
2020-05-21,17,889,2021-09-20,0
2020-05-22,20,909,2021-09-20,0
2020-05-23,26,935,2021-09-20,0
2020-05-24,25,960,2021-09-20,0
2020-05-25,30,990,2021-09-20,0
2020-05-26,29,1019,2021-09-20,0
2020-05-27,25,1044,2021-09-20,0
2020-05-28,21,1065,2021-09-20,0
2020-05-29,17,1082,2021-09-20,0
2020-05-30,11,1093,2021-09-20,0
2020-05-31,20,1113,2021-09-20,0
2020-06-01,23,1136,2021-09-20,0
2020-06-02,21,1157,2021-09-20,0
2020-06-03,25,1182,2021-09-20,0
2020-06-04,26,1208,2021-09-20,0
2020-06-05,18,1226,2021-09-20,0
2020-06-06,12,1238,2021-09-20,0
2020-06-07,22,1260,2021-09-20,0
2020-06-08,12,1272,2021-09-20,0
2020-06-09,13,1285,2021-09-20,0
2020-06-10,10,1295,2021-09-20,0
2020-06-11,12,1307,2021-09-20,0
2020-06-12,11,1318,2021-09-20,0
2020-06-13,13,1331,2021-09-20,0
2020-06-14,11,1342,2021-09-20,0
2020-06-15,8,1350,2021-09-20,0
2020-06-16,9,1359,2021-09-20,0
2020-06-17,17,1376,2021-09-20,0
2020-06-18,9,1385,2021-09-20,0
2020-06-19,8,1393,2021-09-20,0
2020-06-20,12,1405,2021-09-20,0
2020-06-21,11,1416,2021-09-20,0
2020-06-22,6,1422,2021-09-20,0
2020-06-23,10,1432,2021-09-20,0
2020-06-24,1,1433,2021-09-20,0
2020-06-25,9,1442,2021-09-20,0
2020-06-26,6,1448,2021-09-20,0
2020-06-27,5,1453,2021-09-20,0
2020-06-28,11,1464,2021-09-20,0
2020-06-29,7,1471,2021-09-20,0
2020-06-30,9,1480,2021-09-20,0
2020-07-01,2,1482,2021-09-20,0
2020-07-02,3,1485,2021-09-20,0
2020-07-03,5,1490,2021-09-20,0
2020-07-04,4,1494,2021-09-20,0
2020-07-05,6,1500,2021-09-20,0
2020-07-06,4,1504,2021-09-20,0
2020-07-07,2,1506,2021-09-20,0
2020-07-08,9,1515,2021-09-20,0
2020-07-09,4,1519,2021-09-20,0
2020-07-10,3,1522,2021-09-20,0
2020-07-11,4,1526,2021-09-20,0
2020-07-12,6,1532,2021-09-20,0
2020-07-13,2,1534,2021-09-20,0
2020-07-14,6,1540,2021-09-20,0
2020-07-15,7,1547,2021-09-20,0
2020-07-16,3,1550,2021-09-20,0
2020-07-17,7,1557,2021-09-20,0
2020-07-18,6,1563,2021-09-20,0
2020-07-19,5,1568,2021-09-20,0
2020-07-20,3,1571,2021-09-20,0
2020-07-21,6,1577,2021-09-20,0
2020-07-22,5,1582,2021-09-20,0
2020-07-23,8,1590,2021-09-20,0
2020-07-24,6,1596,2021-09-20,0
2020-07-25,2,1598,2021-09-20,0
2020-07-26,5,1603,2021-09-20,0
2020-07-27,5,1608,2021-09-20,0
2020-07-28,7,1615,2021-09-20,0
2020-07-29,3,1618,2021-09-20,0
2020-07-30,6,1624,2021-09-20,0
2020-07-31,9,1633,2021-09-20,0
2020-08-01,4,1637,2021-09-20,0
2020-08-02,7,1644,2021-09-20,0
2020-08-03,4,1648,2021-09-20,0
2020-08-04,7,1655,2021-09-20,0
2020-08-05,8,1663,2021-09-20,0
2020-08-06,9,1672,2021-09-20,0
2020-08-07,7,1679,2021-09-20,0
2020-08-08,6,1685,2021-09-20,0
2020-08-09,10,1695,2021-09-20,0
2020-08-10,3,1698,2021-09-20,0
2020-08-11,9,1707,2021-09-20,0
2020-08-12,7,1714,2021-09-20,0
2020-08-13,5,1719,2021-09-20,0
2020-08-14,9,1728,2021-09-20,0
2020-08-15,13,1741,2021-09-20,0
2020-08-16,13,1754,2021-09-20,0
2020-08-17,6,1760,2021-09-20,0
2020-08-18,11,1771,2021-09-20,0
2020-08-19,3,1774,2021-09-20,0
2020-08-20,10,1784,2021-09-20,0
2020-08-21,12,1796,2021-09-20,0
2020-08-22,9,1805,2021-09-20,0
2020-08-23,7,1812,2021-09-20,0
2020-08-24,9,1821,2021-09-20,0
2020-08-25,4,1825,2021-09-20,0
2020-08-26,3,1828,2021-09-20,0
2020-08-27,7,1835,2021-09-20,0
2020-08-28,6,1841,2021-09-20,0
2020-08-29,3,1844,2021-09-20,0
2020-08-30,5,1849,2021-09-20,0
2020-08-31,9,1858,2021-09-20,0
2020-09-01,2,1860,2021-09-20,0
2020-09-02,7,1867,2021-09-20,0
2020-09-03,12,1879,2021-09-20,0
2020-09-04,4,1883,2021-09-20,0
2020-09-05,6,1889,2021-09-20,0
2020-09-06,12,1901,2021-09-20,0
2020-09-07,3,1904,2021-09-20,0
2020-09-08,6,1910,2021-09-20,0
2020-09-09,10,1920,2021-09-20,0
2020-09-10,9,1929,2021-09-20,0
2020-09-11,11,1940,2021-09-20,0
2020-09-12,8,1948,2021-09-20,0
2020-09-13,8,1956,2021-09-20,0
2020-09-14,2,1958,2021-09-20,0
2020-09-15,7,1965,2021-09-20,0
2020-09-16,9,1974,2021-09-20,0
2020-09-17,5,1979,2021-09-20,0
2020-09-18,6,1985,2021-09-20,0
2020-09-19,4,1989,2021-09-20,0
2020-09-20,9,1998,2021-09-20,0
2020-09-21,7,2005,2021-09-20,0
2020-09-22,8,2013,2021-09-20,0
2020-09-23,9,2022,2021-09-20,0
2020-09-24,8,2030,2021-09-20,0
2020-09-25,11,2041,2021-09-20,0
2020-09-26,9,2050,2021-09-20,0
2020-09-27,14,2064,2021-09-20,0
2020-09-28,11,2075,2021-09-20,0
2020-09-29,5,2080,2021-09-20,0
2020-09-30,16,2096,2021-09-20,0
2020-10-01,7,2103,2021-09-20,0
2020-10-02,13,2116,2021-09-20,0
2020-10-03,9,2125,2021-09-20,0
2020-10-04,7,2132,2021-09-20,0
2020-10-05,10,2142,2021-09-20,0
2020-10-06,13,2155,2021-09-20,0
2020-10-07,19,2174,2021-09-20,0
2020-10-08,9,2183,2021-09-20,0
2020-10-09,17,2200,2021-09-20,0
2020-10-10,16,2216,2021-09-20,0
2020-10-11,16,2232,2021-09-20,0
2020-10-12,20,2252,2021-09-20,0
2020-10-13,14,2266,2021-09-20,0
2020-10-14,10,2276,2021-09-20,0
2020-10-15,9,2285,2021-09-20,0
2020-10-16,12,2297,2021-09-20,0
2020-10-17,18,2315,2021-09-20,0
2020-10-18,25,2340,2021-09-20,0
2020-10-19,18,2358,2021-09-20,0
2020-10-20,15,2373,2021-09-20,0
2020-10-21,24,2397,2021-09-20,0
2020-10-22,18,2415,2021-09-20,0
2020-10-23,19,2434,2021-09-20,0
2020-10-24,8,2442,2021-09-20,0
2020-10-25,17,2459,2021-09-20,0
2020-10-26,25,2484,2021-09-20,0
2020-10-27,23,2507,2021-09-20,0
2020-10-28,29,2536,2021-09-20,0
2020-10-29,18,2554,2021-09-20,0
2020-10-30,27,2581,2021-09-20,0
2020-10-31,25,2606,2021-09-20,0
2020-11-01,21,2627,2021-09-20,0
2020-11-02,25,2652,2021-09-20,0
2020-11-03,25,2677,2021-09-20,0
2020-11-04,33,2710,2021-09-20,0
2020-11-05,38,2748,2021-09-20,0
2020-11-06,39,2787,2021-09-20,0
2020-11-07,42,2829,2021-09-20,0
2020-11-08,47,2876,2021-09-20,0
2020-11-09,36,2912,2021-09-20,0
2020-11-10,35,2947,2021-09-20,0
2020-11-11,43,2990,2021-09-20,0
2020-11-12,45,3035,2021-09-20,0
2020-11-13,40,3075,2021-09-20,0
2020-11-14,47,3122,2021-09-20,0
2020-11-15,46,3168,2021-09-20,0
2020-11-16,62,3230,2021-09-20,0
2020-11-17,56,3286,2021-09-20,0
2020-11-18,61,3347,2021-09-20,0
2020-11-19,60,3407,2021-09-20,0
2020-11-20,63,3470,2021-09-20,0
2020-11-21,58,3528,2021-09-20,0
2020-11-22,67,3595,2021-09-20,0
2020-11-23,59,3654,2021-09-20,0
2020-11-24,69,3723,2021-09-20,0
2020-11-25,72,3795,2021-09-20,0
2020-11-26,54,3849,2021-09-20,0
2020-11-27,69,3918,2021-09-20,0
2020-11-28,61,3979,2021-09-20,0
2020-11-29,68,4047,2021-09-20,0
2020-11-30,61,4108,2021-09-20,0
2020-12-01,63,4171,2021-09-20,0
2020-12-02,73,4244,2021-09-20,0
2020-12-03,86,4330,2021-09-20,0
2020-12-04,67,4397,2021-09-20,0
2020-12-05,74,4471,2021-09-20,0
2020-12-06,80,4551,2021-09-20,0
2020-12-07,75,4626,2021-09-20,0
2020-12-08,61,4687,2021-09-20,0
2020-12-09,71,4758,2021-09-20,0
2020-12-10,72,4830,2021-09-20,0
2020-12-11,71,4901,2021-09-20,0
2020-12-12,71,4972,2021-09-20,0
2020-12-13,56,5028,2021-09-20,0
2020-12-14,43,5071,2021-09-20,0
2020-12-15,65,5136,2021-09-20,0
2020-12-16,72,5208,2021-09-20,0
2020-12-17,60,5268,2021-09-20,0
2020-12-18,59,5327,2021-09-20,0
2020-12-19,56,5383,2021-09-20,0
2020-12-20,60,5443,2021-09-20,0
2020-12-21,58,5501,2021-09-20,0
2020-12-22,33,5534,2021-09-20,0
2020-12-23,46,5580,2021-09-20,0
2020-12-24,50,5630,2021-09-20,0
2020-12-25,36,5666,2021-09-20,0
2020-12-26,43,5709,2021-09-20,0
2020-12-27,41,5750,2021-09-20,0
2020-12-28,34,5784,2021-09-20,0
2020-12-29,37,5821,2021-09-20,0
2020-12-30,47,5868,2021-09-20,0
2020-12-31,36,5904,2021-09-20,0
2021-01-01,28,5932,2021-09-20,0
2021-01-02,46,5978,2021-09-20,0
2021-01-03,37,6015,2021-09-20,0
2021-01-04,32,6047,2021-09-20,0
2021-01-05,40,6087,2021-09-20,0
2021-01-06,32,6119,2021-09-20,0
2021-01-07,37,6156,2021-09-20,0
2021-01-08,32,6188,2021-09-20,0
2021-01-09,25,6213,2021-09-20,0
2021-01-10,29,6242,2021-09-20,0
2021-01-11,26,6268,2021-09-20,0
2021-01-12,32,6300,2021-09-20,0
2021-01-13,23,6323,2021-09-20,0
2021-01-14,41,6364,2021-09-20,0
2021-01-15,26,6390,2021-09-20,0
2021-01-16,30,6420,2021-09-20,0
2021-01-17,21,6441,2021-09-20,0
2021-01-18,19,6460,2021-09-20,0
2021-01-19,14,6474,2021-09-20,0
2021-01-20,26,6500,2021-09-20,0
2021-01-21,16,6516,2021-09-20,0
2021-01-22,13,6529,2021-09-20,0
2021-01-23,17,6546,2021-09-20,0
2021-01-24,24,6570,2021-09-20,0
2021-01-25,18,6588,2021-09-20,0
2021-01-26,21,6609,2021-09-20,0
2021-01-27,11,6620,2021-09-20,0
2021-01-28,12,6632,2021-09-20,0
2021-01-29,15,6647,2021-09-20,0
2021-01-30,13,6660,2021-09-20,0
2021-01-31,16,6676,2021-09-20,0
2021-02-01,17,6693,2021-09-20,0
2021-02-02,10,6703,2021-09-20,0
2021-02-03,11,6714,2021-09-20,0
2021-02-04,11,6725,2021-09-20,0
2021-02-05,12,6737,2021-09-20,0
2021-02-06,12,6749,2021-09-20,0
2021-02-07,19,6768,2021-09-20,0
2021-02-08,11,6779,2021-09-20,0
2021-02-09,15,6794,2021-09-20,0
2021-02-10,13,6807,2021-09-20,0
2021-02-11,7,6814,2021-09-20,0
2021-02-12,13,6827,2021-09-20,0
2021-02-13,8,6835,2021-09-20,0
2021-02-14,10,6845,2021-09-20,0
2021-02-15,9,6854,2021-09-20,0
2021-02-16,12,6866,2021-09-20,0
2021-02-17,10,6876,2021-09-20,0
2021-02-18,7,6883,2021-09-20,0
2021-02-19,6,6889,2021-09-20,0
2021-02-20,7,6896,2021-09-20,0
2021-02-21,4,6900,2021-09-20,0
2021-02-22,5,6905,2021-09-20,0
2021-02-23,9,6914,2021-09-20,0
2021-02-24,5,6919,2021-09-20,0
2021-02-25,5,6924,2021-09-20,0
2021-02-26,7,6931,2021-09-20,0
2021-02-27,6,6937,2021-09-20,0
2021-02-28,8,6945,2021-09-20,0
2021-03-01,7,6952,2021-09-20,0
2021-03-02,2,6954,2021-09-20,0
2021-03-03,10,6964,2021-09-20,0
2021-03-04,6,6970,2021-09-20,0
2021-03-05,10,6980,2021-09-20,0
2021-03-06,5,6985,2021-09-20,0
2021-03-07,9,6994,2021-09-20,0
2021-03-08,5,6999,2021-09-20,0
2021-03-09,7,7006,2021-09-20,0
2021-03-10,5,7011,2021-09-20,0
2021-03-11,4,7015,2021-09-20,0
2021-03-12,11,7026,2021-09-20,0
2021-03-13,5,7031,2021-09-20,0
2021-03-14,4,7035,2021-09-20,0
2021-03-15,2,7037,2021-09-20,0
2021-03-16,6,7043,2021-09-20,0
2021-03-17,4,7047,2021-09-20,0
2021-03-18,5,7052,2021-09-20,0
2021-03-19,5,7057,2021-09-20,0
2021-03-20,9,7066,2021-09-20,0
2021-03-21,5,7071,2021-09-20,0
2021-03-22,4,7075,2021-09-20,0
2021-03-23,5,7080,2021-09-20,0
2021-03-24,1,7081,2021-09-20,0
2021-03-25,5,7086,2021-09-20,0
2021-03-26,3,7089,2021-09-20,0
2021-03-27,7,7096,2021-09-20,0
2021-03-28,6,7102,2021-09-20,0
2021-03-29,5,7107,2021-09-20,0
2021-03-30,6,7113,2021-09-20,0
2021-03-31,8,7121,2021-09-20,0
2021-04-01,6,7127,2021-09-20,0
2021-04-02,9,7136,2021-09-20,0
2021-04-03,8,7144,2021-09-20,0
2021-04-04,6,7150,2021-09-20,0
2021-04-05,8,7158,2021-09-20,0
2021-04-06,6,7164,2021-09-20,0
2021-04-07,6,7170,2021-09-20,0
2021-04-08,10,7180,2021-09-20,0
2021-04-09,6,7186,2021-09-20,0
2021-04-10,7,7193,2021-09-20,0
2021-04-11,8,7201,2021-09-20,0
2021-04-12,10,7211,2021-09-20,0
2021-04-13,7,7218,2021-09-20,0
2021-04-14,8,7226,2021-09-20,0
2021-04-15,14,7240,2021-09-20,0
2021-04-16,8,7248,2021-09-20,0
2021-04-17,8,7256,2021-09-20,0
2021-04-18,8,7264,2021-09-20,0
2021-04-19,10,7274,2021-09-20,0
2021-04-20,5,7279,2021-09-20,0
2021-04-21,8,7287,2021-09-20,0
2021-04-22,1,7288,2021-09-20,0
2021-04-23,15,7303,2021-09-20,0
2021-04-24,11,7314,2021-09-20,0
2021-04-25,15,7329,2021-09-20,0
2021-04-26,14,7343,2021-09-20,0
2021-04-27,7,7350,2021-09-20,0
2021-04-28,14,7364,2021-09-20,0
2021-04-29,8,7372,2021-09-20,0
2021-04-30,11,7383,2021-09-20,0
2021-05-01,7,7390,2021-09-20,0
2021-05-02,8,7398,2021-09-20,0
2021-05-03,5,7403,2021-09-20,0
2021-05-04,13,7416,2021-09-20,0
2021-05-05,8,7424,2021-09-20,0
2021-05-06,5,7429,2021-09-20,0
2021-05-07,8,7437,2021-09-20,0
2021-05-08,7,7444,2021-09-20,0
2021-05-09,9,7453,2021-09-20,0
2021-05-10,8,7461,2021-09-20,0
2021-05-11,6,7467,2021-09-20,0
2021-05-12,9,7476,2021-09-20,0
2021-05-13,9,7485,2021-09-20,0
2021-05-14,11,7496,2021-09-20,0
2021-05-15,9,7505,2021-09-20,0
2021-05-16,6,7511,2021-09-20,0
2021-05-17,5,7516,2021-09-20,0
2021-05-18,7,7523,2021-09-20,0
2021-05-19,2,7525,2021-09-20,0
2021-05-20,5,7530,2021-09-20,0
2021-05-21,7,7537,2021-09-20,0
2021-05-22,10,7547,2021-09-20,0
2021-05-23,5,7552,2021-09-20,0
2021-05-24,5,7557,2021-09-20,0
2021-05-25,6,7563,2021-09-20,0
2021-05-26,3,7566,2021-09-20,0
2021-05-27,7,7573,2021-09-20,0
2021-05-28,2,7575,2021-09-20,0
2021-05-29,6,7581,2021-09-20,0
2021-05-30,4,7585,2021-09-20,0
2021-05-31,3,7588,2021-09-20,0
2021-06-01,5,7593,2021-09-20,0
2021-06-02,8,7601,2021-09-20,0
2021-06-03,4,7605,2021-09-20,0
2021-06-04,4,7609,2021-09-20,0
2021-06-05,2,7611,2021-09-20,0
2021-06-06,5,7616,2021-09-20,0
2021-06-07,3,7619,2021-09-20,0
2021-06-08,5,7624,2021-09-20,0
2021-06-09,4,7628,2021-09-20,0
2021-06-10,6,7634,2021-09-20,0
2021-06-11,6,7640,2021-09-20,0
2021-06-12,4,7644,2021-09-20,0
2021-06-13,4,7648,2021-09-20,0
2021-06-14,3,7651,2021-09-20,0
2021-06-15,2,7653,2021-09-20,0
2021-06-16,2,7655,2021-09-20,0
2021-06-17,4,7659,2021-09-20,0
2021-06-18,1,7660,2021-09-20,0
2021-06-19,6,7666,2021-09-20,0
2021-06-20,1,7667,2021-09-20,0
2021-06-21,5,7672,2021-09-20,0
2021-06-22,3,7675,2021-09-20,0
2021-06-23,4,7679,2021-09-20,0
2021-06-24,3,7682,2021-09-20,0
2021-06-25,3,7685,2021-09-20,0
2021-06-26,4,7689,2021-09-20,0
2021-06-27,2,7691,2021-09-20,0
2021-06-28,2,7693,2021-09-20,0
2021-06-29,2,7695,2021-09-20,0
2021-06-30,2,7697,2021-09-20,0
2021-07-01,0,7697,2021-09-20,0
2021-07-02,2,7699,2021-09-20,0
2021-07-03,2,7701,2021-09-20,0
2021-07-04,3,7704,2021-09-20,0
2021-07-05,1,7705,2021-09-20,0
2021-07-06,4,7709,2021-09-20,0
2021-07-07,1,7710,2021-09-20,0
2021-07-08,0,7710,2021-09-20,0
2021-07-09,1,7711,2021-09-20,0
2021-07-10,1,7712,2021-09-20,0
2021-07-11,2,7714,2021-09-20,0
2021-07-12,1,7715,2021-09-20,0
2021-07-13,2,7717,2021-09-20,0
2021-07-14,2,7719,2021-09-20,0
2021-07-15,2,7721,2021-09-20,0
2021-07-16,1,7722,2021-09-20,0
2021-07-17,1,7723,2021-09-20,0
2021-07-18,0,7723,2021-09-20,0
2021-07-19,0,7723,2021-09-20,0
2021-07-20,2,7725,2021-09-20,0
2021-07-21,2,7727,2021-09-20,0
2021-07-22,2,7729,2021-09-20,0
2021-07-23,3,7732,2021-09-20,0
2021-07-24,0,7732,2021-09-20,0
2021-07-25,2,7734,2021-09-20,0
2021-07-26,1,7735,2021-09-20,0
2021-07-27,2,7737,2021-09-20,0
2021-07-28,3,7740,2021-09-20,0
2021-07-29,2,7742,2021-09-20,0
2021-07-30,5,7747,2021-09-20,0
2021-07-31,4,7751,2021-09-20,0
2021-08-01,1,7752,2021-09-20,0
2021-08-02,3,7755,2021-09-20,0
2021-08-03,2,7757,2021-09-20,0
2021-08-04,3,7760,2021-09-20,0
2021-08-05,2,7762,2021-09-20,0
2021-08-06,7,7769,2021-09-20,0
2021-08-07,3,7772,2021-09-20,0
2021-08-08,1,7773,2021-09-20,0
2021-08-09,3,7776,2021-09-20,0
2021-08-10,2,7778,2021-09-20,0
2021-08-11,2,7780,2021-09-20,0
2021-08-12,7,7787,2021-09-20,0
2021-08-13,5,7792,2021-09-20,0
2021-08-14,6,7798,2021-09-20,0
2021-08-15,0,7798,2021-09-20,0
2021-08-16,6,7804,2021-09-20,0
2021-08-17,7,7811,2021-09-20,0
2021-08-18,8,7819,2021-09-20,0
2021-08-19,2,7821,2021-09-20,0
2021-08-20,3,7824,2021-09-20,0
2021-08-21,5,7829,2021-09-20,0
2021-08-22,7,7836,2021-09-20,0
2021-08-23,4,7840,2021-09-20,0
2021-08-24,12,7852,2021-09-20,0
2021-08-25,7,7859,2021-09-20,0
2021-08-26,1,7860,2021-09-20,0
2021-08-27,6,7866,2021-09-20,0
2021-08-28,9,7875,2021-09-20,1
2021-08-29,11,7886,2021-09-20,0
2021-08-30,7,7893,2021-09-20,0
2021-08-31,6,7899,2021-09-20,0
2021-09-01,5,7904,2021-09-20,0
2021-09-02,5,7909,2021-09-20,0
2021-09-03,8,7917,2021-09-20,0
2021-09-04,8,7925,2021-09-20,0
2021-09-05,10,7935,2021-09-20,0
2021-09-06,6,7941,2021-09-20,0
2021-09-07,5,7946,2021-09-20,0
2021-09-08,9,7955,2021-09-20,0
2021-09-09,2,7957,2021-09-20,0
2021-09-10,7,7964,2021-09-20,0
2021-09-11,10,7974,2021-09-20,1
2021-09-12,6,7980,2021-09-20,0
2021-09-13,4,7984,2021-09-20,1
2021-09-14,4,7988,2021-09-20,2
2021-09-15,5,7993,2021-09-20,5
NA,0,7993,2021-09-20,0
2020-03-19,1,1,2021-09-21,0
2020-03-20,0,1,2021-09-21,0
2020-03-21,0,1,2021-09-21,0
2020-03-22,0,1,2021-09-21,0
2020-03-23,0,1,2021-09-21,0
2020-03-24,1,2,2021-09-21,0
2020-03-25,1,3,2021-09-21,0
2020-03-26,1,4,2021-09-21,0
2020-03-27,5,9,2021-09-21,0
2020-03-28,3,12,2021-09-21,0
2020-03-29,0,12,2021-09-21,0
2020-03-30,5,17,2021-09-21,0
2020-03-31,2,19,2021-09-21,0
2020-04-01,5,24,2021-09-21,0
2020-04-02,3,27,2021-09-21,0
2020-04-03,1,28,2021-09-21,0
2020-04-04,5,33,2021-09-21,0
2020-04-05,5,38,2021-09-21,0
2020-04-06,10,48,2021-09-21,0
2020-04-07,6,54,2021-09-21,0
2020-04-08,7,61,2021-09-21,0
2020-04-09,8,69,2021-09-21,0
2020-04-10,6,75,2021-09-21,0
2020-04-11,4,79,2021-09-21,0
2020-04-12,4,83,2021-09-21,0
2020-04-13,10,93,2021-09-21,0
2020-04-14,6,99,2021-09-21,0
2020-04-15,17,116,2021-09-21,0
2020-04-16,10,126,2021-09-21,0
2020-04-17,17,143,2021-09-21,0
2020-04-18,17,160,2021-09-21,0
2020-04-19,16,176,2021-09-21,0
2020-04-20,21,197,2021-09-21,0
2020-04-21,26,223,2021-09-21,0
2020-04-22,21,244,2021-09-21,0
2020-04-23,19,263,2021-09-21,0
2020-04-24,23,286,2021-09-21,0
2020-04-25,18,304,2021-09-21,0
2020-04-26,17,321,2021-09-21,0
2020-04-27,21,342,2021-09-21,0
2020-04-28,16,358,2021-09-21,0
2020-04-29,29,387,2021-09-21,0
2020-04-30,18,405,2021-09-21,0
2020-05-01,30,435,2021-09-21,0
2020-05-02,19,454,2021-09-21,0
2020-05-03,29,483,2021-09-21,0
2020-05-04,23,506,2021-09-21,0
2020-05-05,19,525,2021-09-21,0
2020-05-06,25,550,2021-09-21,0
2020-05-07,30,580,2021-09-21,0
2020-05-08,20,600,2021-09-21,0
2020-05-09,26,626,2021-09-21,0
2020-05-10,19,645,2021-09-21,0
2020-05-11,25,670,2021-09-21,0
2020-05-12,20,690,2021-09-21,0
2020-05-13,22,712,2021-09-21,0
2020-05-14,20,732,2021-09-21,0
2020-05-15,20,752,2021-09-21,0
2020-05-16,20,772,2021-09-21,0
2020-05-17,23,795,2021-09-21,0
2020-05-18,18,813,2021-09-21,0
2020-05-19,35,848,2021-09-21,0
2020-05-20,24,872,2021-09-21,0
2020-05-21,17,889,2021-09-21,0
2020-05-22,20,909,2021-09-21,0
2020-05-23,26,935,2021-09-21,0
2020-05-24,25,960,2021-09-21,0
2020-05-25,30,990,2021-09-21,0
2020-05-26,29,1019,2021-09-21,0
2020-05-27,25,1044,2021-09-21,0
2020-05-28,21,1065,2021-09-21,0
2020-05-29,17,1082,2021-09-21,0
2020-05-30,11,1093,2021-09-21,0
2020-05-31,20,1113,2021-09-21,0
2020-06-01,23,1136,2021-09-21,0
2020-06-02,21,1157,2021-09-21,0
2020-06-03,25,1182,2021-09-21,0
2020-06-04,26,1208,2021-09-21,0
2020-06-05,18,1226,2021-09-21,0
2020-06-06,12,1238,2021-09-21,0
2020-06-07,22,1260,2021-09-21,0
2020-06-08,12,1272,2021-09-21,0
2020-06-09,13,1285,2021-09-21,0
2020-06-10,10,1295,2021-09-21,0
2020-06-11,12,1307,2021-09-21,0
2020-06-12,11,1318,2021-09-21,0
2020-06-13,13,1331,2021-09-21,0
2020-06-14,11,1342,2021-09-21,0
2020-06-15,8,1350,2021-09-21,0
2020-06-16,9,1359,2021-09-21,0
2020-06-17,17,1376,2021-09-21,0
2020-06-18,9,1385,2021-09-21,0
2020-06-19,8,1393,2021-09-21,0
2020-06-20,12,1405,2021-09-21,0
2020-06-21,11,1416,2021-09-21,0
2020-06-22,6,1422,2021-09-21,0
2020-06-23,10,1432,2021-09-21,0
2020-06-24,1,1433,2021-09-21,0
2020-06-25,9,1442,2021-09-21,0
2020-06-26,6,1448,2021-09-21,0
2020-06-27,5,1453,2021-09-21,0
2020-06-28,11,1464,2021-09-21,0
2020-06-29,7,1471,2021-09-21,0
2020-06-30,9,1480,2021-09-21,0
2020-07-01,2,1482,2021-09-21,0
2020-07-02,3,1485,2021-09-21,0
2020-07-03,5,1490,2021-09-21,0
2020-07-04,4,1494,2021-09-21,0
2020-07-05,6,1500,2021-09-21,0
2020-07-06,4,1504,2021-09-21,0
2020-07-07,2,1506,2021-09-21,0
2020-07-08,9,1515,2021-09-21,0
2020-07-09,4,1519,2021-09-21,0
2020-07-10,3,1522,2021-09-21,0
2020-07-11,4,1526,2021-09-21,0
2020-07-12,6,1532,2021-09-21,0
2020-07-13,2,1534,2021-09-21,0
2020-07-14,6,1540,2021-09-21,0
2020-07-15,7,1547,2021-09-21,0
2020-07-16,3,1550,2021-09-21,0
2020-07-17,7,1557,2021-09-21,0
2020-07-18,6,1563,2021-09-21,0
2020-07-19,5,1568,2021-09-21,0
2020-07-20,3,1571,2021-09-21,0
2020-07-21,6,1577,2021-09-21,0
2020-07-22,5,1582,2021-09-21,0
2020-07-23,8,1590,2021-09-21,0
2020-07-24,6,1596,2021-09-21,0
2020-07-25,2,1598,2021-09-21,0
2020-07-26,5,1603,2021-09-21,0
2020-07-27,5,1608,2021-09-21,0
2020-07-28,7,1615,2021-09-21,0
2020-07-29,3,1618,2021-09-21,0
2020-07-30,6,1624,2021-09-21,0
2020-07-31,9,1633,2021-09-21,0
2020-08-01,4,1637,2021-09-21,0
2020-08-02,7,1644,2021-09-21,0
2020-08-03,4,1648,2021-09-21,0
2020-08-04,7,1655,2021-09-21,0
2020-08-05,8,1663,2021-09-21,0
2020-08-06,9,1672,2021-09-21,0
2020-08-07,7,1679,2021-09-21,0
2020-08-08,6,1685,2021-09-21,0
2020-08-09,10,1695,2021-09-21,0
2020-08-10,3,1698,2021-09-21,0
2020-08-11,9,1707,2021-09-21,0
2020-08-12,7,1714,2021-09-21,0
2020-08-13,5,1719,2021-09-21,0
2020-08-14,9,1728,2021-09-21,0
2020-08-15,13,1741,2021-09-21,0
2020-08-16,13,1754,2021-09-21,0
2020-08-17,6,1760,2021-09-21,0
2020-08-18,11,1771,2021-09-21,0
2020-08-19,3,1774,2021-09-21,0
2020-08-20,10,1784,2021-09-21,0
2020-08-21,12,1796,2021-09-21,0
2020-08-22,9,1805,2021-09-21,0
2020-08-23,7,1812,2021-09-21,0
2020-08-24,9,1821,2021-09-21,0
2020-08-25,4,1825,2021-09-21,0
2020-08-26,3,1828,2021-09-21,0
2020-08-27,7,1835,2021-09-21,0
2020-08-28,6,1841,2021-09-21,0
2020-08-29,3,1844,2021-09-21,0
2020-08-30,5,1849,2021-09-21,0
2020-08-31,9,1858,2021-09-21,0
2020-09-01,2,1860,2021-09-21,0
2020-09-02,7,1867,2021-09-21,0
2020-09-03,12,1879,2021-09-21,0
2020-09-04,4,1883,2021-09-21,0
2020-09-05,6,1889,2021-09-21,0
2020-09-06,12,1901,2021-09-21,0
2020-09-07,3,1904,2021-09-21,0
2020-09-08,6,1910,2021-09-21,0
2020-09-09,10,1920,2021-09-21,0
2020-09-10,9,1929,2021-09-21,0
2020-09-11,11,1940,2021-09-21,0
2020-09-12,8,1948,2021-09-21,0
2020-09-13,8,1956,2021-09-21,0
2020-09-14,2,1958,2021-09-21,0
2020-09-15,7,1965,2021-09-21,0
2020-09-16,9,1974,2021-09-21,0
2020-09-17,5,1979,2021-09-21,0
2020-09-18,6,1985,2021-09-21,0
2020-09-19,4,1989,2021-09-21,0
2020-09-20,9,1998,2021-09-21,0
2020-09-21,7,2005,2021-09-21,0
2020-09-22,8,2013,2021-09-21,0
2020-09-23,9,2022,2021-09-21,0
2020-09-24,8,2030,2021-09-21,0
2020-09-25,11,2041,2021-09-21,0
2020-09-26,9,2050,2021-09-21,0
2020-09-27,14,2064,2021-09-21,0
2020-09-28,11,2075,2021-09-21,0
2020-09-29,5,2080,2021-09-21,0
2020-09-30,16,2096,2021-09-21,0
2020-10-01,7,2103,2021-09-21,0
2020-10-02,13,2116,2021-09-21,0
2020-10-03,9,2125,2021-09-21,0
2020-10-04,7,2132,2021-09-21,0
2020-10-05,10,2142,2021-09-21,0
2020-10-06,13,2155,2021-09-21,0
2020-10-07,19,2174,2021-09-21,0
2020-10-08,9,2183,2021-09-21,0
2020-10-09,17,2200,2021-09-21,0
2020-10-10,16,2216,2021-09-21,0
2020-10-11,16,2232,2021-09-21,0
2020-10-12,20,2252,2021-09-21,0
2020-10-13,14,2266,2021-09-21,0
2020-10-14,10,2276,2021-09-21,0
2020-10-15,9,2285,2021-09-21,0
2020-10-16,12,2297,2021-09-21,0
2020-10-17,18,2315,2021-09-21,0
2020-10-18,25,2340,2021-09-21,0
2020-10-19,18,2358,2021-09-21,0
2020-10-20,15,2373,2021-09-21,0
2020-10-21,24,2397,2021-09-21,0
2020-10-22,18,2415,2021-09-21,0
2020-10-23,19,2434,2021-09-21,0
2020-10-24,8,2442,2021-09-21,0
2020-10-25,17,2459,2021-09-21,0
2020-10-26,25,2484,2021-09-21,0
2020-10-27,23,2507,2021-09-21,0
2020-10-28,29,2536,2021-09-21,0
2020-10-29,18,2554,2021-09-21,0
2020-10-30,27,2581,2021-09-21,0
2020-10-31,25,2606,2021-09-21,0
2020-11-01,21,2627,2021-09-21,0
2020-11-02,25,2652,2021-09-21,0
2020-11-03,25,2677,2021-09-21,0
2020-11-04,33,2710,2021-09-21,0
2020-11-05,38,2748,2021-09-21,0
2020-11-06,39,2787,2021-09-21,0
2020-11-07,42,2829,2021-09-21,0
2020-11-08,47,2876,2021-09-21,0
2020-11-09,36,2912,2021-09-21,0
2020-11-10,35,2947,2021-09-21,0
2020-11-11,43,2990,2021-09-21,0
2020-11-12,45,3035,2021-09-21,0
2020-11-13,40,3075,2021-09-21,0
2020-11-14,47,3122,2021-09-21,0
2020-11-15,46,3168,2021-09-21,0
2020-11-16,62,3230,2021-09-21,0
2020-11-17,56,3286,2021-09-21,0
2020-11-18,61,3347,2021-09-21,0
2020-11-19,60,3407,2021-09-21,0
2020-11-20,63,3470,2021-09-21,0
2020-11-21,58,3528,2021-09-21,0
2020-11-22,67,3595,2021-09-21,0
2020-11-23,59,3654,2021-09-21,0
2020-11-24,69,3723,2021-09-21,0
2020-11-25,72,3795,2021-09-21,0
2020-11-26,54,3849,2021-09-21,0
2020-11-27,69,3918,2021-09-21,0
2020-11-28,61,3979,2021-09-21,0
2020-11-29,68,4047,2021-09-21,0
2020-11-30,61,4108,2021-09-21,0
2020-12-01,63,4171,2021-09-21,0
2020-12-02,73,4244,2021-09-21,0
2020-12-03,86,4330,2021-09-21,0
2020-12-04,67,4397,2021-09-21,0
2020-12-05,74,4471,2021-09-21,0
2020-12-06,80,4551,2021-09-21,0
2020-12-07,75,4626,2021-09-21,0
2020-12-08,61,4687,2021-09-21,0
2020-12-09,71,4758,2021-09-21,0
2020-12-10,72,4830,2021-09-21,0
2020-12-11,71,4901,2021-09-21,0
2020-12-12,72,4973,2021-09-21,1
2020-12-13,56,5029,2021-09-21,0
2020-12-14,43,5072,2021-09-21,0
2020-12-15,65,5137,2021-09-21,0
2020-12-16,72,5209,2021-09-21,0
2020-12-17,60,5269,2021-09-21,0
2020-12-18,59,5328,2021-09-21,0
2020-12-19,56,5384,2021-09-21,0
2020-12-20,60,5444,2021-09-21,0
2020-12-21,58,5502,2021-09-21,0
2020-12-22,33,5535,2021-09-21,0
2020-12-23,46,5581,2021-09-21,0
2020-12-24,50,5631,2021-09-21,0
2020-12-25,36,5667,2021-09-21,0
2020-12-26,43,5710,2021-09-21,0
2020-12-27,41,5751,2021-09-21,0
2020-12-28,34,5785,2021-09-21,0
2020-12-29,37,5822,2021-09-21,0
2020-12-30,47,5869,2021-09-21,0
2020-12-31,36,5905,2021-09-21,0
2021-01-01,28,5933,2021-09-21,0
2021-01-02,46,5979,2021-09-21,0
2021-01-03,37,6016,2021-09-21,0
2021-01-04,32,6048,2021-09-21,0
2021-01-05,40,6088,2021-09-21,0
2021-01-06,32,6120,2021-09-21,0
2021-01-07,37,6157,2021-09-21,0
2021-01-08,32,6189,2021-09-21,0
2021-01-09,25,6214,2021-09-21,0
2021-01-10,29,6243,2021-09-21,0
2021-01-11,26,6269,2021-09-21,0
2021-01-12,32,6301,2021-09-21,0
2021-01-13,23,6324,2021-09-21,0
2021-01-14,41,6365,2021-09-21,0
2021-01-15,26,6391,2021-09-21,0
2021-01-16,30,6421,2021-09-21,0
2021-01-17,21,6442,2021-09-21,0
2021-01-18,19,6461,2021-09-21,0
2021-01-19,14,6475,2021-09-21,0
2021-01-20,26,6501,2021-09-21,0
2021-01-21,16,6517,2021-09-21,0
2021-01-22,13,6530,2021-09-21,0
2021-01-23,17,6547,2021-09-21,0
2021-01-24,24,6571,2021-09-21,0
2021-01-25,18,6589,2021-09-21,0
2021-01-26,21,6610,2021-09-21,0
2021-01-27,11,6621,2021-09-21,0
2021-01-28,12,6633,2021-09-21,0
2021-01-29,15,6648,2021-09-21,0
2021-01-30,13,6661,2021-09-21,0
2021-01-31,16,6677,2021-09-21,0
2021-02-01,17,6694,2021-09-21,0
2021-02-02,10,6704,2021-09-21,0
2021-02-03,11,6715,2021-09-21,0
2021-02-04,11,6726,2021-09-21,0
2021-02-05,12,6738,2021-09-21,0
2021-02-06,12,6750,2021-09-21,0
2021-02-07,19,6769,2021-09-21,0
2021-02-08,11,6780,2021-09-21,0
2021-02-09,15,6795,2021-09-21,0
2021-02-10,13,6808,2021-09-21,0
2021-02-11,7,6815,2021-09-21,0
2021-02-12,13,6828,2021-09-21,0
2021-02-13,8,6836,2021-09-21,0
2021-02-14,10,6846,2021-09-21,0
2021-02-15,9,6855,2021-09-21,0
2021-02-16,12,6867,2021-09-21,0
2021-02-17,10,6877,2021-09-21,0
2021-02-18,7,6884,2021-09-21,0
2021-02-19,6,6890,2021-09-21,0
2021-02-20,7,6897,2021-09-21,0
2021-02-21,4,6901,2021-09-21,0
2021-02-22,5,6906,2021-09-21,0
2021-02-23,9,6915,2021-09-21,0
2021-02-24,5,6920,2021-09-21,0
2021-02-25,5,6925,2021-09-21,0
2021-02-26,7,6932,2021-09-21,0
2021-02-27,6,6938,2021-09-21,0
2021-02-28,8,6946,2021-09-21,0
2021-03-01,7,6953,2021-09-21,0
2021-03-02,2,6955,2021-09-21,0
2021-03-03,10,6965,2021-09-21,0
2021-03-04,6,6971,2021-09-21,0
2021-03-05,10,6981,2021-09-21,0
2021-03-06,5,6986,2021-09-21,0
2021-03-07,9,6995,2021-09-21,0
2021-03-08,5,7000,2021-09-21,0
2021-03-09,7,7007,2021-09-21,0
2021-03-10,5,7012,2021-09-21,0
2021-03-11,4,7016,2021-09-21,0
2021-03-12,11,7027,2021-09-21,0
2021-03-13,5,7032,2021-09-21,0
2021-03-14,4,7036,2021-09-21,0
2021-03-15,2,7038,2021-09-21,0
2021-03-16,6,7044,2021-09-21,0
2021-03-17,4,7048,2021-09-21,0
2021-03-18,5,7053,2021-09-21,0
2021-03-19,5,7058,2021-09-21,0
2021-03-20,9,7067,2021-09-21,0
2021-03-21,5,7072,2021-09-21,0
2021-03-22,4,7076,2021-09-21,0
2021-03-23,5,7081,2021-09-21,0
2021-03-24,1,7082,2021-09-21,0
2021-03-25,5,7087,2021-09-21,0
2021-03-26,3,7090,2021-09-21,0
2021-03-27,7,7097,2021-09-21,0
2021-03-28,6,7103,2021-09-21,0
2021-03-29,5,7108,2021-09-21,0
2021-03-30,6,7114,2021-09-21,0
2021-03-31,8,7122,2021-09-21,0
2021-04-01,6,7128,2021-09-21,0
2021-04-02,9,7137,2021-09-21,0
2021-04-03,8,7145,2021-09-21,0
2021-04-04,6,7151,2021-09-21,0
2021-04-05,8,7159,2021-09-21,0
2021-04-06,6,7165,2021-09-21,0
2021-04-07,6,7171,2021-09-21,0
2021-04-08,10,7181,2021-09-21,0
2021-04-09,6,7187,2021-09-21,0
2021-04-10,7,7194,2021-09-21,0
2021-04-11,8,7202,2021-09-21,0
2021-04-12,10,7212,2021-09-21,0
2021-04-13,7,7219,2021-09-21,0
2021-04-14,8,7227,2021-09-21,0
2021-04-15,14,7241,2021-09-21,0
2021-04-16,8,7249,2021-09-21,0
2021-04-17,8,7257,2021-09-21,0
2021-04-18,8,7265,2021-09-21,0
2021-04-19,10,7275,2021-09-21,0
2021-04-20,5,7280,2021-09-21,0
2021-04-21,8,7288,2021-09-21,0
2021-04-22,1,7289,2021-09-21,0
2021-04-23,15,7304,2021-09-21,0
2021-04-24,11,7315,2021-09-21,0
2021-04-25,15,7330,2021-09-21,0
2021-04-26,14,7344,2021-09-21,0
2021-04-27,7,7351,2021-09-21,0
2021-04-28,14,7365,2021-09-21,0
2021-04-29,8,7373,2021-09-21,0
2021-04-30,11,7384,2021-09-21,0
2021-05-01,7,7391,2021-09-21,0
2021-05-02,8,7399,2021-09-21,0
2021-05-03,5,7404,2021-09-21,0
2021-05-04,13,7417,2021-09-21,0
2021-05-05,8,7425,2021-09-21,0
2021-05-06,5,7430,2021-09-21,0
2021-05-07,8,7438,2021-09-21,0
2021-05-08,7,7445,2021-09-21,0
2021-05-09,9,7454,2021-09-21,0
2021-05-10,8,7462,2021-09-21,0
2021-05-11,6,7468,2021-09-21,0
2021-05-12,9,7477,2021-09-21,0
2021-05-13,9,7486,2021-09-21,0
2021-05-14,11,7497,2021-09-21,0
2021-05-15,9,7506,2021-09-21,0
2021-05-16,6,7512,2021-09-21,0
2021-05-17,5,7517,2021-09-21,0
2021-05-18,7,7524,2021-09-21,0
2021-05-19,2,7526,2021-09-21,0
2021-05-20,5,7531,2021-09-21,0
2021-05-21,7,7538,2021-09-21,0
2021-05-22,10,7548,2021-09-21,0
2021-05-23,5,7553,2021-09-21,0
2021-05-24,5,7558,2021-09-21,0
2021-05-25,6,7564,2021-09-21,0
2021-05-26,3,7567,2021-09-21,0
2021-05-27,7,7574,2021-09-21,0
2021-05-28,2,7576,2021-09-21,0
2021-05-29,6,7582,2021-09-21,0
2021-05-30,4,7586,2021-09-21,0
2021-05-31,3,7589,2021-09-21,0
2021-06-01,5,7594,2021-09-21,0
2021-06-02,8,7602,2021-09-21,0
2021-06-03,4,7606,2021-09-21,0
2021-06-04,4,7610,2021-09-21,0
2021-06-05,2,7612,2021-09-21,0
2021-06-06,5,7617,2021-09-21,0
2021-06-07,3,7620,2021-09-21,0
2021-06-08,5,7625,2021-09-21,0
2021-06-09,4,7629,2021-09-21,0
2021-06-10,6,7635,2021-09-21,0
2021-06-11,6,7641,2021-09-21,0
2021-06-12,4,7645,2021-09-21,0
2021-06-13,4,7649,2021-09-21,0
2021-06-14,3,7652,2021-09-21,0
2021-06-15,2,7654,2021-09-21,0
2021-06-16,2,7656,2021-09-21,0
2021-06-17,4,7660,2021-09-21,0
2021-06-18,1,7661,2021-09-21,0
2021-06-19,6,7667,2021-09-21,0
2021-06-20,1,7668,2021-09-21,0
2021-06-21,5,7673,2021-09-21,0
2021-06-22,3,7676,2021-09-21,0
2021-06-23,4,7680,2021-09-21,0
2021-06-24,3,7683,2021-09-21,0
2021-06-25,3,7686,2021-09-21,0
2021-06-26,4,7690,2021-09-21,0
2021-06-27,2,7692,2021-09-21,0
2021-06-28,2,7694,2021-09-21,0
2021-06-29,2,7696,2021-09-21,0
2021-06-30,2,7698,2021-09-21,0
2021-07-01,0,7698,2021-09-21,0
2021-07-02,2,7700,2021-09-21,0
2021-07-03,2,7702,2021-09-21,0
2021-07-04,3,7705,2021-09-21,0
2021-07-05,1,7706,2021-09-21,0
2021-07-06,4,7710,2021-09-21,0
2021-07-07,1,7711,2021-09-21,0
2021-07-08,1,7712,2021-09-21,1
2021-07-09,0,7712,2021-09-21,-1
2021-07-10,1,7713,2021-09-21,0
2021-07-11,2,7715,2021-09-21,0
2021-07-12,1,7716,2021-09-21,0
2021-07-13,2,7718,2021-09-21,0
2021-07-14,2,7720,2021-09-21,0
2021-07-15,2,7722,2021-09-21,0
2021-07-16,1,7723,2021-09-21,0
2021-07-17,1,7724,2021-09-21,0
2021-07-18,0,7724,2021-09-21,0
2021-07-19,0,7724,2021-09-21,0
2021-07-20,2,7726,2021-09-21,0
2021-07-21,2,7728,2021-09-21,0
2021-07-22,2,7730,2021-09-21,0
2021-07-23,3,7733,2021-09-21,0
2021-07-24,0,7733,2021-09-21,0
2021-07-25,2,7735,2021-09-21,0
2021-07-26,1,7736,2021-09-21,0
2021-07-27,2,7738,2021-09-21,0
2021-07-28,3,7741,2021-09-21,0
2021-07-29,2,7743,2021-09-21,0
2021-07-30,5,7748,2021-09-21,0
2021-07-31,4,7752,2021-09-21,0
2021-08-01,1,7753,2021-09-21,0
2021-08-02,3,7756,2021-09-21,0
2021-08-03,2,7758,2021-09-21,0
2021-08-04,3,7761,2021-09-21,0
2021-08-05,2,7763,2021-09-21,0
2021-08-06,7,7770,2021-09-21,0
2021-08-07,3,7773,2021-09-21,0
2021-08-08,1,7774,2021-09-21,0
2021-08-09,3,7777,2021-09-21,0
2021-08-10,2,7779,2021-09-21,0
2021-08-11,2,7781,2021-09-21,0
2021-08-12,7,7788,2021-09-21,0
2021-08-13,5,7793,2021-09-21,0
2021-08-14,6,7799,2021-09-21,0
2021-08-15,0,7799,2021-09-21,0
2021-08-16,6,7805,2021-09-21,0
2021-08-17,7,7812,2021-09-21,0
2021-08-18,8,7820,2021-09-21,0
2021-08-19,2,7822,2021-09-21,0
2021-08-20,3,7825,2021-09-21,0
2021-08-21,5,7830,2021-09-21,0
2021-08-22,7,7837,2021-09-21,0
2021-08-23,4,7841,2021-09-21,0
2021-08-24,12,7853,2021-09-21,0
2021-08-25,7,7860,2021-09-21,0
2021-08-26,1,7861,2021-09-21,0
2021-08-27,6,7867,2021-09-21,0
2021-08-28,10,7877,2021-09-21,1
2021-08-29,11,7888,2021-09-21,0
2021-08-30,7,7895,2021-09-21,0
2021-08-31,6,7901,2021-09-21,0
2021-09-01,5,7906,2021-09-21,0
2021-09-02,5,7911,2021-09-21,0
2021-09-03,8,7919,2021-09-21,0
2021-09-04,8,7927,2021-09-21,0
2021-09-05,10,7937,2021-09-21,0
2021-09-06,6,7943,2021-09-21,0
2021-09-07,5,7948,2021-09-21,0
2021-09-08,9,7957,2021-09-21,0
2021-09-09,3,7960,2021-09-21,1
2021-09-10,7,7967,2021-09-21,0
2021-09-11,12,7979,2021-09-21,2
2021-09-12,8,7987,2021-09-21,2
2021-09-13,4,7991,2021-09-21,0
2021-09-14,8,7999,2021-09-21,4
2021-09-15,8,8007,2021-09-21,3
2021-09-16,4,8011,2021-09-21,4
NA,0,8011,2021-09-21,0
2020-03-19,1,1,2021-09-22,0
2020-03-20,0,1,2021-09-22,0
2020-03-21,0,1,2021-09-22,0
2020-03-22,0,1,2021-09-22,0
2020-03-23,0,1,2021-09-22,0
2020-03-24,1,2,2021-09-22,0
2020-03-25,1,3,2021-09-22,0
2020-03-26,1,4,2021-09-22,0
2020-03-27,5,9,2021-09-22,0
2020-03-28,3,12,2021-09-22,0
2020-03-29,0,12,2021-09-22,0
2020-03-30,5,17,2021-09-22,0
2020-03-31,2,19,2021-09-22,0
2020-04-01,5,24,2021-09-22,0
2020-04-02,3,27,2021-09-22,0
2020-04-03,1,28,2021-09-22,0
2020-04-04,5,33,2021-09-22,0
2020-04-05,5,38,2021-09-22,0
2020-04-06,10,48,2021-09-22,0
2020-04-07,6,54,2021-09-22,0
2020-04-08,7,61,2021-09-22,0
2020-04-09,8,69,2021-09-22,0
2020-04-10,6,75,2021-09-22,0
2020-04-11,4,79,2021-09-22,0
2020-04-12,4,83,2021-09-22,0
2020-04-13,10,93,2021-09-22,0
2020-04-14,6,99,2021-09-22,0
2020-04-15,17,116,2021-09-22,0
2020-04-16,10,126,2021-09-22,0
2020-04-17,17,143,2021-09-22,0
2020-04-18,17,160,2021-09-22,0
2020-04-19,16,176,2021-09-22,0
2020-04-20,21,197,2021-09-22,0
2020-04-21,26,223,2021-09-22,0
2020-04-22,21,244,2021-09-22,0
2020-04-23,19,263,2021-09-22,0
2020-04-24,23,286,2021-09-22,0
2020-04-25,18,304,2021-09-22,0
2020-04-26,17,321,2021-09-22,0
2020-04-27,21,342,2021-09-22,0
2020-04-28,16,358,2021-09-22,0
2020-04-29,29,387,2021-09-22,0
2020-04-30,18,405,2021-09-22,0
2020-05-01,30,435,2021-09-22,0
2020-05-02,19,454,2021-09-22,0
2020-05-03,29,483,2021-09-22,0
2020-05-04,23,506,2021-09-22,0
2020-05-05,19,525,2021-09-22,0
2020-05-06,25,550,2021-09-22,0
2020-05-07,30,580,2021-09-22,0
2020-05-08,20,600,2021-09-22,0
2020-05-09,26,626,2021-09-22,0
2020-05-10,19,645,2021-09-22,0
2020-05-11,25,670,2021-09-22,0
2020-05-12,20,690,2021-09-22,0
2020-05-13,22,712,2021-09-22,0
2020-05-14,20,732,2021-09-22,0
2020-05-15,20,752,2021-09-22,0
2020-05-16,20,772,2021-09-22,0
2020-05-17,23,795,2021-09-22,0
2020-05-18,18,813,2021-09-22,0
2020-05-19,35,848,2021-09-22,0
2020-05-20,24,872,2021-09-22,0
2020-05-21,17,889,2021-09-22,0
2020-05-22,20,909,2021-09-22,0
2020-05-23,26,935,2021-09-22,0
2020-05-24,25,960,2021-09-22,0
2020-05-25,30,990,2021-09-22,0
2020-05-26,29,1019,2021-09-22,0
2020-05-27,25,1044,2021-09-22,0
2020-05-28,21,1065,2021-09-22,0
2020-05-29,17,1082,2021-09-22,0
2020-05-30,11,1093,2021-09-22,0
2020-05-31,20,1113,2021-09-22,0
2020-06-01,23,1136,2021-09-22,0
2020-06-02,21,1157,2021-09-22,0
2020-06-03,25,1182,2021-09-22,0
2020-06-04,26,1208,2021-09-22,0
2020-06-05,18,1226,2021-09-22,0
2020-06-06,12,1238,2021-09-22,0
2020-06-07,22,1260,2021-09-22,0
2020-06-08,12,1272,2021-09-22,0
2020-06-09,13,1285,2021-09-22,0
2020-06-10,10,1295,2021-09-22,0
2020-06-11,12,1307,2021-09-22,0
2020-06-12,11,1318,2021-09-22,0
2020-06-13,13,1331,2021-09-22,0
2020-06-14,11,1342,2021-09-22,0
2020-06-15,8,1350,2021-09-22,0
2020-06-16,9,1359,2021-09-22,0
2020-06-17,17,1376,2021-09-22,0
2020-06-18,9,1385,2021-09-22,0
2020-06-19,8,1393,2021-09-22,0
2020-06-20,12,1405,2021-09-22,0
2020-06-21,11,1416,2021-09-22,0
2020-06-22,6,1422,2021-09-22,0
2020-06-23,10,1432,2021-09-22,0
2020-06-24,1,1433,2021-09-22,0
2020-06-25,9,1442,2021-09-22,0
2020-06-26,6,1448,2021-09-22,0
2020-06-27,5,1453,2021-09-22,0
2020-06-28,11,1464,2021-09-22,0
2020-06-29,7,1471,2021-09-22,0
2020-06-30,9,1480,2021-09-22,0
2020-07-01,2,1482,2021-09-22,0
2020-07-02,3,1485,2021-09-22,0
2020-07-03,5,1490,2021-09-22,0
2020-07-04,4,1494,2021-09-22,0
2020-07-05,6,1500,2021-09-22,0
2020-07-06,4,1504,2021-09-22,0
2020-07-07,2,1506,2021-09-22,0
2020-07-08,9,1515,2021-09-22,0
2020-07-09,4,1519,2021-09-22,0
2020-07-10,3,1522,2021-09-22,0
2020-07-11,4,1526,2021-09-22,0
2020-07-12,6,1532,2021-09-22,0
2020-07-13,2,1534,2021-09-22,0
2020-07-14,6,1540,2021-09-22,0
2020-07-15,7,1547,2021-09-22,0
2020-07-16,3,1550,2021-09-22,0
2020-07-17,7,1557,2021-09-22,0
2020-07-18,6,1563,2021-09-22,0
2020-07-19,5,1568,2021-09-22,0
2020-07-20,3,1571,2021-09-22,0
2020-07-21,6,1577,2021-09-22,0
2020-07-22,5,1582,2021-09-22,0
2020-07-23,8,1590,2021-09-22,0
2020-07-24,6,1596,2021-09-22,0
2020-07-25,2,1598,2021-09-22,0
2020-07-26,5,1603,2021-09-22,0
2020-07-27,5,1608,2021-09-22,0
2020-07-28,7,1615,2021-09-22,0
2020-07-29,3,1618,2021-09-22,0
2020-07-30,6,1624,2021-09-22,0
2020-07-31,9,1633,2021-09-22,0
2020-08-01,4,1637,2021-09-22,0
2020-08-02,7,1644,2021-09-22,0
2020-08-03,4,1648,2021-09-22,0
2020-08-04,7,1655,2021-09-22,0
2020-08-05,8,1663,2021-09-22,0
2020-08-06,9,1672,2021-09-22,0
2020-08-07,7,1679,2021-09-22,0
2020-08-08,6,1685,2021-09-22,0
2020-08-09,10,1695,2021-09-22,0
2020-08-10,3,1698,2021-09-22,0
2020-08-11,9,1707,2021-09-22,0
2020-08-12,7,1714,2021-09-22,0
2020-08-13,5,1719,2021-09-22,0
2020-08-14,9,1728,2021-09-22,0
2020-08-15,13,1741,2021-09-22,0
2020-08-16,13,1754,2021-09-22,0
2020-08-17,6,1760,2021-09-22,0
2020-08-18,11,1771,2021-09-22,0
2020-08-19,3,1774,2021-09-22,0
2020-08-20,10,1784,2021-09-22,0
2020-08-21,12,1796,2021-09-22,0
2020-08-22,9,1805,2021-09-22,0
2020-08-23,7,1812,2021-09-22,0
2020-08-24,9,1821,2021-09-22,0
2020-08-25,4,1825,2021-09-22,0
2020-08-26,3,1828,2021-09-22,0
2020-08-27,7,1835,2021-09-22,0
2020-08-28,6,1841,2021-09-22,0
2020-08-29,3,1844,2021-09-22,0
2020-08-30,5,1849,2021-09-22,0
2020-08-31,9,1858,2021-09-22,0
2020-09-01,2,1860,2021-09-22,0
2020-09-02,7,1867,2021-09-22,0
2020-09-03,12,1879,2021-09-22,0
2020-09-04,4,1883,2021-09-22,0
2020-09-05,6,1889,2021-09-22,0
2020-09-06,12,1901,2021-09-22,0
2020-09-07,3,1904,2021-09-22,0
2020-09-08,6,1910,2021-09-22,0
2020-09-09,10,1920,2021-09-22,0
2020-09-10,9,1929,2021-09-22,0
2020-09-11,11,1940,2021-09-22,0
2020-09-12,8,1948,2021-09-22,0
2020-09-13,8,1956,2021-09-22,0
2020-09-14,2,1958,2021-09-22,0
2020-09-15,7,1965,2021-09-22,0
2020-09-16,9,1974,2021-09-22,0
2020-09-17,5,1979,2021-09-22,0
2020-09-18,6,1985,2021-09-22,0
2020-09-19,4,1989,2021-09-22,0
2020-09-20,9,1998,2021-09-22,0
2020-09-21,7,2005,2021-09-22,0
2020-09-22,8,2013,2021-09-22,0
2020-09-23,9,2022,2021-09-22,0
2020-09-24,8,2030,2021-09-22,0
2020-09-25,11,2041,2021-09-22,0
2020-09-26,9,2050,2021-09-22,0
2020-09-27,14,2064,2021-09-22,0
2020-09-28,11,2075,2021-09-22,0
2020-09-29,5,2080,2021-09-22,0
2020-09-30,16,2096,2021-09-22,0
2020-10-01,7,2103,2021-09-22,0
2020-10-02,13,2116,2021-09-22,0
2020-10-03,9,2125,2021-09-22,0
2020-10-04,7,2132,2021-09-22,0
2020-10-05,10,2142,2021-09-22,0
2020-10-06,13,2155,2021-09-22,0
2020-10-07,19,2174,2021-09-22,0
2020-10-08,9,2183,2021-09-22,0
2020-10-09,17,2200,2021-09-22,0
2020-10-10,16,2216,2021-09-22,0
2020-10-11,16,2232,2021-09-22,0
2020-10-12,20,2252,2021-09-22,0
2020-10-13,14,2266,2021-09-22,0
2020-10-14,10,2276,2021-09-22,0
2020-10-15,9,2285,2021-09-22,0
2020-10-16,12,2297,2021-09-22,0
2020-10-17,18,2315,2021-09-22,0
2020-10-18,25,2340,2021-09-22,0
2020-10-19,18,2358,2021-09-22,0
2020-10-20,15,2373,2021-09-22,0
2020-10-21,24,2397,2021-09-22,0
2020-10-22,18,2415,2021-09-22,0
2020-10-23,19,2434,2021-09-22,0
2020-10-24,8,2442,2021-09-22,0
2020-10-25,17,2459,2021-09-22,0
2020-10-26,25,2484,2021-09-22,0
2020-10-27,23,2507,2021-09-22,0
2020-10-28,29,2536,2021-09-22,0
2020-10-29,18,2554,2021-09-22,0
2020-10-30,27,2581,2021-09-22,0
2020-10-31,25,2606,2021-09-22,0
2020-11-01,21,2627,2021-09-22,0
2020-11-02,25,2652,2021-09-22,0
2020-11-03,25,2677,2021-09-22,0
2020-11-04,33,2710,2021-09-22,0
2020-11-05,38,2748,2021-09-22,0
2020-11-06,39,2787,2021-09-22,0
2020-11-07,42,2829,2021-09-22,0
2020-11-08,47,2876,2021-09-22,0
2020-11-09,36,2912,2021-09-22,0
2020-11-10,35,2947,2021-09-22,0
2020-11-11,43,2990,2021-09-22,0
2020-11-12,45,3035,2021-09-22,0
2020-11-13,40,3075,2021-09-22,0
2020-11-14,47,3122,2021-09-22,0
2020-11-15,46,3168,2021-09-22,0
2020-11-16,62,3230,2021-09-22,0
2020-11-17,56,3286,2021-09-22,0
2020-11-18,61,3347,2021-09-22,0
2020-11-19,60,3407,2021-09-22,0
2020-11-20,63,3470,2021-09-22,0
2020-11-21,58,3528,2021-09-22,0
2020-11-22,67,3595,2021-09-22,0
2020-11-23,59,3654,2021-09-22,0
2020-11-24,69,3723,2021-09-22,0
2020-11-25,72,3795,2021-09-22,0
2020-11-26,54,3849,2021-09-22,0
2020-11-27,69,3918,2021-09-22,0
2020-11-28,61,3979,2021-09-22,0
2020-11-29,68,4047,2021-09-22,0
2020-11-30,61,4108,2021-09-22,0
2020-12-01,63,4171,2021-09-22,0
2020-12-02,73,4244,2021-09-22,0
2020-12-03,86,4330,2021-09-22,0
2020-12-04,67,4397,2021-09-22,0
2020-12-05,74,4471,2021-09-22,0
2020-12-06,80,4551,2021-09-22,0
2020-12-07,75,4626,2021-09-22,0
2020-12-08,61,4687,2021-09-22,0
2020-12-09,71,4758,2021-09-22,0
2020-12-10,72,4830,2021-09-22,0
2020-12-11,71,4901,2021-09-22,0
2020-12-12,72,4973,2021-09-22,0
2020-12-13,56,5029,2021-09-22,0
2020-12-14,43,5072,2021-09-22,0
2020-12-15,65,5137,2021-09-22,0
2020-12-16,72,5209,2021-09-22,0
2020-12-17,60,5269,2021-09-22,0
2020-12-18,59,5328,2021-09-22,0
2020-12-19,56,5384,2021-09-22,0
2020-12-20,60,5444,2021-09-22,0
2020-12-21,58,5502,2021-09-22,0
2020-12-22,33,5535,2021-09-22,0
2020-12-23,46,5581,2021-09-22,0
2020-12-24,50,5631,2021-09-22,0
2020-12-25,36,5667,2021-09-22,0
2020-12-26,43,5710,2021-09-22,0
2020-12-27,41,5751,2021-09-22,0
2020-12-28,34,5785,2021-09-22,0
2020-12-29,37,5822,2021-09-22,0
2020-12-30,47,5869,2021-09-22,0
2020-12-31,36,5905,2021-09-22,0
2021-01-01,28,5933,2021-09-22,0
2021-01-02,46,5979,2021-09-22,0
2021-01-03,37,6016,2021-09-22,0
2021-01-04,32,6048,2021-09-22,0
2021-01-05,40,6088,2021-09-22,0
2021-01-06,32,6120,2021-09-22,0
2021-01-07,37,6157,2021-09-22,0
2021-01-08,32,6189,2021-09-22,0
2021-01-09,25,6214,2021-09-22,0
2021-01-10,29,6243,2021-09-22,0
2021-01-11,26,6269,2021-09-22,0
2021-01-12,32,6301,2021-09-22,0
2021-01-13,23,6324,2021-09-22,0
2021-01-14,41,6365,2021-09-22,0
2021-01-15,26,6391,2021-09-22,0
2021-01-16,30,6421,2021-09-22,0
2021-01-17,21,6442,2021-09-22,0
2021-01-18,19,6461,2021-09-22,0
2021-01-19,14,6475,2021-09-22,0
2021-01-20,26,6501,2021-09-22,0
2021-01-21,16,6517,2021-09-22,0
2021-01-22,13,6530,2021-09-22,0
2021-01-23,17,6547,2021-09-22,0
2021-01-24,24,6571,2021-09-22,0
2021-01-25,18,6589,2021-09-22,0
2021-01-26,21,6610,2021-09-22,0
2021-01-27,11,6621,2021-09-22,0
2021-01-28,12,6633,2021-09-22,0
2021-01-29,15,6648,2021-09-22,0
2021-01-30,13,6661,2021-09-22,0
2021-01-31,16,6677,2021-09-22,0
2021-02-01,17,6694,2021-09-22,0
2021-02-02,10,6704,2021-09-22,0
2021-02-03,11,6715,2021-09-22,0
2021-02-04,11,6726,2021-09-22,0
2021-02-05,12,6738,2021-09-22,0
2021-02-06,12,6750,2021-09-22,0
2021-02-07,19,6769,2021-09-22,0
2021-02-08,11,6780,2021-09-22,0
2021-02-09,15,6795,2021-09-22,0
2021-02-10,13,6808,2021-09-22,0
2021-02-11,7,6815,2021-09-22,0
2021-02-12,13,6828,2021-09-22,0
2021-02-13,8,6836,2021-09-22,0
2021-02-14,10,6846,2021-09-22,0
2021-02-15,9,6855,2021-09-22,0
2021-02-16,12,6867,2021-09-22,0
2021-02-17,10,6877,2021-09-22,0
2021-02-18,7,6884,2021-09-22,0
2021-02-19,6,6890,2021-09-22,0
2021-02-20,7,6897,2021-09-22,0
2021-02-21,4,6901,2021-09-22,0
2021-02-22,5,6906,2021-09-22,0
2021-02-23,9,6915,2021-09-22,0
2021-02-24,5,6920,2021-09-22,0
2021-02-25,5,6925,2021-09-22,0
2021-02-26,7,6932,2021-09-22,0
2021-02-27,6,6938,2021-09-22,0
2021-02-28,8,6946,2021-09-22,0
2021-03-01,7,6953,2021-09-22,0
2021-03-02,2,6955,2021-09-22,0
2021-03-03,10,6965,2021-09-22,0
2021-03-04,6,6971,2021-09-22,0
2021-03-05,10,6981,2021-09-22,0
2021-03-06,5,6986,2021-09-22,0
2021-03-07,9,6995,2021-09-22,0
2021-03-08,5,7000,2021-09-22,0
2021-03-09,7,7007,2021-09-22,0
2021-03-10,5,7012,2021-09-22,0
2021-03-11,4,7016,2021-09-22,0
2021-03-12,11,7027,2021-09-22,0
2021-03-13,5,7032,2021-09-22,0
2021-03-14,4,7036,2021-09-22,0
2021-03-15,2,7038,2021-09-22,0
2021-03-16,6,7044,2021-09-22,0
2021-03-17,4,7048,2021-09-22,0
2021-03-18,5,7053,2021-09-22,0
2021-03-19,5,7058,2021-09-22,0
2021-03-20,9,7067,2021-09-22,0
2021-03-21,5,7072,2021-09-22,0
2021-03-22,4,7076,2021-09-22,0
2021-03-23,5,7081,2021-09-22,0
2021-03-24,1,7082,2021-09-22,0
2021-03-25,5,7087,2021-09-22,0
2021-03-26,3,7090,2021-09-22,0
2021-03-27,7,7097,2021-09-22,0
2021-03-28,6,7103,2021-09-22,0
2021-03-29,5,7108,2021-09-22,0
2021-03-30,6,7114,2021-09-22,0
2021-03-31,8,7122,2021-09-22,0
2021-04-01,6,7128,2021-09-22,0
2021-04-02,9,7137,2021-09-22,0
2021-04-03,8,7145,2021-09-22,0
2021-04-04,6,7151,2021-09-22,0
2021-04-05,8,7159,2021-09-22,0
2021-04-06,6,7165,2021-09-22,0
2021-04-07,6,7171,2021-09-22,0
2021-04-08,10,7181,2021-09-22,0
2021-04-09,6,7187,2021-09-22,0
2021-04-10,7,7194,2021-09-22,0
2021-04-11,8,7202,2021-09-22,0
2021-04-12,10,7212,2021-09-22,0
2021-04-13,7,7219,2021-09-22,0
2021-04-14,8,7227,2021-09-22,0
2021-04-15,14,7241,2021-09-22,0
2021-04-16,8,7249,2021-09-22,0
2021-04-17,8,7257,2021-09-22,0
2021-04-18,8,7265,2021-09-22,0
2021-04-19,10,7275,2021-09-22,0
2021-04-20,5,7280,2021-09-22,0
2021-04-21,8,7288,2021-09-22,0
2021-04-22,1,7289,2021-09-22,0
2021-04-23,15,7304,2021-09-22,0
2021-04-24,11,7315,2021-09-22,0
2021-04-25,15,7330,2021-09-22,0
2021-04-26,14,7344,2021-09-22,0
2021-04-27,7,7351,2021-09-22,0
2021-04-28,14,7365,2021-09-22,0
2021-04-29,8,7373,2021-09-22,0
2021-04-30,11,7384,2021-09-22,0
2021-05-01,7,7391,2021-09-22,0
2021-05-02,8,7399,2021-09-22,0
2021-05-03,5,7404,2021-09-22,0
2021-05-04,13,7417,2021-09-22,0
2021-05-05,8,7425,2021-09-22,0
2021-05-06,5,7430,2021-09-22,0
2021-05-07,8,7438,2021-09-22,0
2021-05-08,7,7445,2021-09-22,0
2021-05-09,9,7454,2021-09-22,0
2021-05-10,8,7462,2021-09-22,0
2021-05-11,6,7468,2021-09-22,0
2021-05-12,9,7477,2021-09-22,0
2021-05-13,9,7486,2021-09-22,0
2021-05-14,11,7497,2021-09-22,0
2021-05-15,9,7506,2021-09-22,0
2021-05-16,6,7512,2021-09-22,0
2021-05-17,5,7517,2021-09-22,0
2021-05-18,7,7524,2021-09-22,0
2021-05-19,2,7526,2021-09-22,0
2021-05-20,5,7531,2021-09-22,0
2021-05-21,7,7538,2021-09-22,0
2021-05-22,10,7548,2021-09-22,0
2021-05-23,5,7553,2021-09-22,0
2021-05-24,5,7558,2021-09-22,0
2021-05-25,6,7564,2021-09-22,0
2021-05-26,3,7567,2021-09-22,0
2021-05-27,7,7574,2021-09-22,0
2021-05-28,2,7576,2021-09-22,0
2021-05-29,6,7582,2021-09-22,0
2021-05-30,4,7586,2021-09-22,0
2021-05-31,3,7589,2021-09-22,0
2021-06-01,5,7594,2021-09-22,0
2021-06-02,8,7602,2021-09-22,0
2021-06-03,4,7606,2021-09-22,0
2021-06-04,4,7610,2021-09-22,0
2021-06-05,2,7612,2021-09-22,0
2021-06-06,5,7617,2021-09-22,0
2021-06-07,3,7620,2021-09-22,0
2021-06-08,5,7625,2021-09-22,0
2021-06-09,4,7629,2021-09-22,0
2021-06-10,6,7635,2021-09-22,0
2021-06-11,6,7641,2021-09-22,0
2021-06-12,4,7645,2021-09-22,0
2021-06-13,4,7649,2021-09-22,0
2021-06-14,3,7652,2021-09-22,0
2021-06-15,2,7654,2021-09-22,0
2021-06-16,2,7656,2021-09-22,0
2021-06-17,4,7660,2021-09-22,0
2021-06-18,1,7661,2021-09-22,0
2021-06-19,6,7667,2021-09-22,0
2021-06-20,1,7668,2021-09-22,0
2021-06-21,5,7673,2021-09-22,0
2021-06-22,3,7676,2021-09-22,0
2021-06-23,4,7680,2021-09-22,0
2021-06-24,3,7683,2021-09-22,0
2021-06-25,3,7686,2021-09-22,0
2021-06-26,4,7690,2021-09-22,0
2021-06-27,2,7692,2021-09-22,0
2021-06-28,2,7694,2021-09-22,0
2021-06-29,2,7696,2021-09-22,0
2021-06-30,2,7698,2021-09-22,0
2021-07-01,0,7698,2021-09-22,0
2021-07-02,2,7700,2021-09-22,0
2021-07-03,2,7702,2021-09-22,0
2021-07-04,3,7705,2021-09-22,0
2021-07-05,1,7706,2021-09-22,0
2021-07-06,4,7710,2021-09-22,0
2021-07-07,1,7711,2021-09-22,0
2021-07-08,1,7712,2021-09-22,0
2021-07-09,0,7712,2021-09-22,0
2021-07-10,1,7713,2021-09-22,0
2021-07-11,2,7715,2021-09-22,0
2021-07-12,1,7716,2021-09-22,0
2021-07-13,2,7718,2021-09-22,0
2021-07-14,2,7720,2021-09-22,0
2021-07-15,2,7722,2021-09-22,0
2021-07-16,1,7723,2021-09-22,0
2021-07-17,1,7724,2021-09-22,0
2021-07-18,0,7724,2021-09-22,0
2021-07-19,0,7724,2021-09-22,0
2021-07-20,2,7726,2021-09-22,0
2021-07-21,2,7728,2021-09-22,0
2021-07-22,2,7730,2021-09-22,0
2021-07-23,3,7733,2021-09-22,0
2021-07-24,0,7733,2021-09-22,0
2021-07-25,2,7735,2021-09-22,0
2021-07-26,1,7736,2021-09-22,0
2021-07-27,2,7738,2021-09-22,0
2021-07-28,3,7741,2021-09-22,0
2021-07-29,2,7743,2021-09-22,0
2021-07-30,5,7748,2021-09-22,0
2021-07-31,4,7752,2021-09-22,0
2021-08-01,1,7753,2021-09-22,0
2021-08-02,3,7756,2021-09-22,0
2021-08-03,2,7758,2021-09-22,0
2021-08-04,3,7761,2021-09-22,0
2021-08-05,2,7763,2021-09-22,0
2021-08-06,7,7770,2021-09-22,0
2021-08-07,3,7773,2021-09-22,0
2021-08-08,1,7774,2021-09-22,0
2021-08-09,3,7777,2021-09-22,0
2021-08-10,2,7779,2021-09-22,0
2021-08-11,2,7781,2021-09-22,0
2021-08-12,7,7788,2021-09-22,0
2021-08-13,5,7793,2021-09-22,0
2021-08-14,6,7799,2021-09-22,0
2021-08-15,0,7799,2021-09-22,0
2021-08-16,6,7805,2021-09-22,0
2021-08-17,7,7812,2021-09-22,0
2021-08-18,8,7820,2021-09-22,0
2021-08-19,2,7822,2021-09-22,0
2021-08-20,3,7825,2021-09-22,0
2021-08-21,5,7830,2021-09-22,0
2021-08-22,7,7837,2021-09-22,0
2021-08-23,4,7841,2021-09-22,0
2021-08-24,12,7853,2021-09-22,0
2021-08-25,7,7860,2021-09-22,0
2021-08-26,1,7861,2021-09-22,0
2021-08-27,6,7867,2021-09-22,0
2021-08-28,10,7877,2021-09-22,0
2021-08-29,11,7888,2021-09-22,0
2021-08-30,7,7895,2021-09-22,0
2021-08-31,6,7901,2021-09-22,0
2021-09-01,5,7906,2021-09-22,0
2021-09-02,5,7911,2021-09-22,0
2021-09-03,8,7919,2021-09-22,0
2021-09-04,8,7927,2021-09-22,0
2021-09-05,10,7937,2021-09-22,0
2021-09-06,6,7943,2021-09-22,0
2021-09-07,6,7949,2021-09-22,1
2021-09-08,9,7958,2021-09-22,0
2021-09-09,3,7961,2021-09-22,0
2021-09-10,7,7968,2021-09-22,0
2021-09-11,13,7981,2021-09-22,1
2021-09-12,8,7989,2021-09-22,0
2021-09-13,5,7994,2021-09-22,1
2021-09-14,9,8003,2021-09-22,1
2021-09-15,9,8012,2021-09-22,1
2021-09-16,4,8016,2021-09-22,0
2021-09-17,3,8019,2021-09-22,3
2021-09-18,2,8021,2021-09-22,2
2021-09-19,4,8025,2021-09-22,4
NA,0,8025,2021-09-22,0
2020-03-19,1,1,2021-09-23,0
2020-03-20,0,1,2021-09-23,0
2020-03-21,0,1,2021-09-23,0
2020-03-22,0,1,2021-09-23,0
2020-03-23,0,1,2021-09-23,0
2020-03-24,1,2,2021-09-23,0
2020-03-25,1,3,2021-09-23,0
2020-03-26,1,4,2021-09-23,0
2020-03-27,5,9,2021-09-23,0
2020-03-28,3,12,2021-09-23,0
2020-03-29,0,12,2021-09-23,0
2020-03-30,5,17,2021-09-23,0
2020-03-31,2,19,2021-09-23,0
2020-04-01,5,24,2021-09-23,0
2020-04-02,3,27,2021-09-23,0
2020-04-03,1,28,2021-09-23,0
2020-04-04,5,33,2021-09-23,0
2020-04-05,5,38,2021-09-23,0
2020-04-06,10,48,2021-09-23,0
2020-04-07,6,54,2021-09-23,0
2020-04-08,7,61,2021-09-23,0
2020-04-09,8,69,2021-09-23,0
2020-04-10,6,75,2021-09-23,0
2020-04-11,4,79,2021-09-23,0
2020-04-12,4,83,2021-09-23,0
2020-04-13,10,93,2021-09-23,0
2020-04-14,6,99,2021-09-23,0
2020-04-15,17,116,2021-09-23,0
2020-04-16,10,126,2021-09-23,0
2020-04-17,17,143,2021-09-23,0
2020-04-18,17,160,2021-09-23,0
2020-04-19,16,176,2021-09-23,0
2020-04-20,21,197,2021-09-23,0
2020-04-21,26,223,2021-09-23,0
2020-04-22,21,244,2021-09-23,0
2020-04-23,19,263,2021-09-23,0
2020-04-24,23,286,2021-09-23,0
2020-04-25,18,304,2021-09-23,0
2020-04-26,17,321,2021-09-23,0
2020-04-27,21,342,2021-09-23,0
2020-04-28,16,358,2021-09-23,0
2020-04-29,29,387,2021-09-23,0
2020-04-30,18,405,2021-09-23,0
2020-05-01,30,435,2021-09-23,0
2020-05-02,19,454,2021-09-23,0
2020-05-03,29,483,2021-09-23,0
2020-05-04,23,506,2021-09-23,0
2020-05-05,19,525,2021-09-23,0
2020-05-06,25,550,2021-09-23,0
2020-05-07,30,580,2021-09-23,0
2020-05-08,20,600,2021-09-23,0
2020-05-09,26,626,2021-09-23,0
2020-05-10,19,645,2021-09-23,0
2020-05-11,25,670,2021-09-23,0
2020-05-12,20,690,2021-09-23,0
2020-05-13,22,712,2021-09-23,0
2020-05-14,20,732,2021-09-23,0
2020-05-15,20,752,2021-09-23,0
2020-05-16,20,772,2021-09-23,0
2020-05-17,23,795,2021-09-23,0
2020-05-18,18,813,2021-09-23,0
2020-05-19,35,848,2021-09-23,0
2020-05-20,24,872,2021-09-23,0
2020-05-21,17,889,2021-09-23,0
2020-05-22,20,909,2021-09-23,0
2020-05-23,26,935,2021-09-23,0
2020-05-24,25,960,2021-09-23,0
2020-05-25,30,990,2021-09-23,0
2020-05-26,29,1019,2021-09-23,0
2020-05-27,25,1044,2021-09-23,0
2020-05-28,21,1065,2021-09-23,0
2020-05-29,17,1082,2021-09-23,0
2020-05-30,11,1093,2021-09-23,0
2020-05-31,20,1113,2021-09-23,0
2020-06-01,23,1136,2021-09-23,0
2020-06-02,21,1157,2021-09-23,0
2020-06-03,25,1182,2021-09-23,0
2020-06-04,26,1208,2021-09-23,0
2020-06-05,18,1226,2021-09-23,0
2020-06-06,12,1238,2021-09-23,0
2020-06-07,22,1260,2021-09-23,0
2020-06-08,12,1272,2021-09-23,0
2020-06-09,13,1285,2021-09-23,0
2020-06-10,10,1295,2021-09-23,0
2020-06-11,12,1307,2021-09-23,0
2020-06-12,11,1318,2021-09-23,0
2020-06-13,13,1331,2021-09-23,0
2020-06-14,11,1342,2021-09-23,0
2020-06-15,8,1350,2021-09-23,0
2020-06-16,9,1359,2021-09-23,0
2020-06-17,17,1376,2021-09-23,0
2020-06-18,9,1385,2021-09-23,0
2020-06-19,8,1393,2021-09-23,0
2020-06-20,12,1405,2021-09-23,0
2020-06-21,11,1416,2021-09-23,0
2020-06-22,6,1422,2021-09-23,0
2020-06-23,10,1432,2021-09-23,0
2020-06-24,1,1433,2021-09-23,0
2020-06-25,9,1442,2021-09-23,0
2020-06-26,6,1448,2021-09-23,0
2020-06-27,5,1453,2021-09-23,0
2020-06-28,11,1464,2021-09-23,0
2020-06-29,7,1471,2021-09-23,0
2020-06-30,9,1480,2021-09-23,0
2020-07-01,2,1482,2021-09-23,0
2020-07-02,3,1485,2021-09-23,0
2020-07-03,5,1490,2021-09-23,0
2020-07-04,4,1494,2021-09-23,0
2020-07-05,6,1500,2021-09-23,0
2020-07-06,4,1504,2021-09-23,0
2020-07-07,2,1506,2021-09-23,0
2020-07-08,9,1515,2021-09-23,0
2020-07-09,4,1519,2021-09-23,0
2020-07-10,3,1522,2021-09-23,0
2020-07-11,4,1526,2021-09-23,0
2020-07-12,6,1532,2021-09-23,0
2020-07-13,2,1534,2021-09-23,0
2020-07-14,6,1540,2021-09-23,0
2020-07-15,7,1547,2021-09-23,0
2020-07-16,3,1550,2021-09-23,0
2020-07-17,7,1557,2021-09-23,0
2020-07-18,6,1563,2021-09-23,0
2020-07-19,5,1568,2021-09-23,0
2020-07-20,3,1571,2021-09-23,0
2020-07-21,6,1577,2021-09-23,0
2020-07-22,5,1582,2021-09-23,0
2020-07-23,8,1590,2021-09-23,0
2020-07-24,6,1596,2021-09-23,0
2020-07-25,2,1598,2021-09-23,0
2020-07-26,5,1603,2021-09-23,0
2020-07-27,5,1608,2021-09-23,0
2020-07-28,7,1615,2021-09-23,0
2020-07-29,3,1618,2021-09-23,0
2020-07-30,6,1624,2021-09-23,0
2020-07-31,9,1633,2021-09-23,0
2020-08-01,4,1637,2021-09-23,0
2020-08-02,7,1644,2021-09-23,0
2020-08-03,4,1648,2021-09-23,0
2020-08-04,7,1655,2021-09-23,0
2020-08-05,8,1663,2021-09-23,0
2020-08-06,9,1672,2021-09-23,0
2020-08-07,7,1679,2021-09-23,0
2020-08-08,6,1685,2021-09-23,0
2020-08-09,10,1695,2021-09-23,0
2020-08-10,3,1698,2021-09-23,0
2020-08-11,9,1707,2021-09-23,0
2020-08-12,7,1714,2021-09-23,0
2020-08-13,5,1719,2021-09-23,0
2020-08-14,9,1728,2021-09-23,0
2020-08-15,13,1741,2021-09-23,0
2020-08-16,13,1754,2021-09-23,0
2020-08-17,6,1760,2021-09-23,0
2020-08-18,11,1771,2021-09-23,0
2020-08-19,3,1774,2021-09-23,0
2020-08-20,10,1784,2021-09-23,0
2020-08-21,12,1796,2021-09-23,0
2020-08-22,9,1805,2021-09-23,0
2020-08-23,7,1812,2021-09-23,0
2020-08-24,9,1821,2021-09-23,0
2020-08-25,4,1825,2021-09-23,0
2020-08-26,3,1828,2021-09-23,0
2020-08-27,7,1835,2021-09-23,0
2020-08-28,6,1841,2021-09-23,0
2020-08-29,3,1844,2021-09-23,0
2020-08-30,5,1849,2021-09-23,0
2020-08-31,9,1858,2021-09-23,0
2020-09-01,2,1860,2021-09-23,0
2020-09-02,7,1867,2021-09-23,0
2020-09-03,12,1879,2021-09-23,0
2020-09-04,4,1883,2021-09-23,0
2020-09-05,6,1889,2021-09-23,0
2020-09-06,12,1901,2021-09-23,0
2020-09-07,3,1904,2021-09-23,0
2020-09-08,6,1910,2021-09-23,0
2020-09-09,10,1920,2021-09-23,0
2020-09-10,9,1929,2021-09-23,0
2020-09-11,11,1940,2021-09-23,0
2020-09-12,8,1948,2021-09-23,0
2020-09-13,8,1956,2021-09-23,0
2020-09-14,2,1958,2021-09-23,0
2020-09-15,7,1965,2021-09-23,0
2020-09-16,9,1974,2021-09-23,0
2020-09-17,5,1979,2021-09-23,0
2020-09-18,6,1985,2021-09-23,0
2020-09-19,4,1989,2021-09-23,0
2020-09-20,9,1998,2021-09-23,0
2020-09-21,7,2005,2021-09-23,0
2020-09-22,8,2013,2021-09-23,0
2020-09-23,9,2022,2021-09-23,0
2020-09-24,8,2030,2021-09-23,0
2020-09-25,11,2041,2021-09-23,0
2020-09-26,9,2050,2021-09-23,0
2020-09-27,14,2064,2021-09-23,0
2020-09-28,11,2075,2021-09-23,0
2020-09-29,5,2080,2021-09-23,0
2020-09-30,16,2096,2021-09-23,0
2020-10-01,7,2103,2021-09-23,0
2020-10-02,13,2116,2021-09-23,0
2020-10-03,9,2125,2021-09-23,0
2020-10-04,7,2132,2021-09-23,0
2020-10-05,10,2142,2021-09-23,0
2020-10-06,13,2155,2021-09-23,0
2020-10-07,19,2174,2021-09-23,0
2020-10-08,9,2183,2021-09-23,0
2020-10-09,17,2200,2021-09-23,0
2020-10-10,16,2216,2021-09-23,0
2020-10-11,16,2232,2021-09-23,0
2020-10-12,20,2252,2021-09-23,0
2020-10-13,14,2266,2021-09-23,0
2020-10-14,10,2276,2021-09-23,0
2020-10-15,9,2285,2021-09-23,0
2020-10-16,12,2297,2021-09-23,0
2020-10-17,18,2315,2021-09-23,0
2020-10-18,25,2340,2021-09-23,0
2020-10-19,18,2358,2021-09-23,0
2020-10-20,15,2373,2021-09-23,0
2020-10-21,24,2397,2021-09-23,0
2020-10-22,18,2415,2021-09-23,0
2020-10-23,19,2434,2021-09-23,0
2020-10-24,8,2442,2021-09-23,0
2020-10-25,17,2459,2021-09-23,0
2020-10-26,25,2484,2021-09-23,0
2020-10-27,23,2507,2021-09-23,0
2020-10-28,29,2536,2021-09-23,0
2020-10-29,18,2554,2021-09-23,0
2020-10-30,27,2581,2021-09-23,0
2020-10-31,25,2606,2021-09-23,0
2020-11-01,21,2627,2021-09-23,0
2020-11-02,25,2652,2021-09-23,0
2020-11-03,25,2677,2021-09-23,0
2020-11-04,33,2710,2021-09-23,0
2020-11-05,38,2748,2021-09-23,0
2020-11-06,39,2787,2021-09-23,0
2020-11-07,42,2829,2021-09-23,0
2020-11-08,47,2876,2021-09-23,0
2020-11-09,36,2912,2021-09-23,0
2020-11-10,35,2947,2021-09-23,0
2020-11-11,43,2990,2021-09-23,0
2020-11-12,45,3035,2021-09-23,0
2020-11-13,40,3075,2021-09-23,0
2020-11-14,47,3122,2021-09-23,0
2020-11-15,46,3168,2021-09-23,0
2020-11-16,62,3230,2021-09-23,0
2020-11-17,56,3286,2021-09-23,0
2020-11-18,61,3347,2021-09-23,0
2020-11-19,60,3407,2021-09-23,0
2020-11-20,63,3470,2021-09-23,0
2020-11-21,58,3528,2021-09-23,0
2020-11-22,67,3595,2021-09-23,0
2020-11-23,59,3654,2021-09-23,0
2020-11-24,69,3723,2021-09-23,0
2020-11-25,72,3795,2021-09-23,0
2020-11-26,54,3849,2021-09-23,0
2020-11-27,69,3918,2021-09-23,0
2020-11-28,61,3979,2021-09-23,0
2020-11-29,68,4047,2021-09-23,0
2020-11-30,61,4108,2021-09-23,0
2020-12-01,64,4172,2021-09-23,1
2020-12-02,73,4245,2021-09-23,0
2020-12-03,86,4331,2021-09-23,0
2020-12-04,67,4398,2021-09-23,0
2020-12-05,74,4472,2021-09-23,0
2020-12-06,80,4552,2021-09-23,0
2020-12-07,75,4627,2021-09-23,0
2020-12-08,61,4688,2021-09-23,0
2020-12-09,71,4759,2021-09-23,0
2020-12-10,72,4831,2021-09-23,0
2020-12-11,71,4902,2021-09-23,0
2020-12-12,72,4974,2021-09-23,0
2020-12-13,56,5030,2021-09-23,0
2020-12-14,43,5073,2021-09-23,0
2020-12-15,65,5138,2021-09-23,0
2020-12-16,72,5210,2021-09-23,0
2020-12-17,60,5270,2021-09-23,0
2020-12-18,59,5329,2021-09-23,0
2020-12-19,56,5385,2021-09-23,0
2020-12-20,60,5445,2021-09-23,0
2020-12-21,58,5503,2021-09-23,0
2020-12-22,33,5536,2021-09-23,0
2020-12-23,46,5582,2021-09-23,0
2020-12-24,50,5632,2021-09-23,0
2020-12-25,36,5668,2021-09-23,0
2020-12-26,43,5711,2021-09-23,0
2020-12-27,41,5752,2021-09-23,0
2020-12-28,34,5786,2021-09-23,0
2020-12-29,37,5823,2021-09-23,0
2020-12-30,47,5870,2021-09-23,0
2020-12-31,36,5906,2021-09-23,0
2021-01-01,28,5934,2021-09-23,0
2021-01-02,46,5980,2021-09-23,0
2021-01-03,37,6017,2021-09-23,0
2021-01-04,32,6049,2021-09-23,0
2021-01-05,40,6089,2021-09-23,0
2021-01-06,32,6121,2021-09-23,0
2021-01-07,37,6158,2021-09-23,0
2021-01-08,32,6190,2021-09-23,0
2021-01-09,26,6216,2021-09-23,1
2021-01-10,29,6245,2021-09-23,0
2021-01-11,26,6271,2021-09-23,0
2021-01-12,32,6303,2021-09-23,0
2021-01-13,23,6326,2021-09-23,0
2021-01-14,41,6367,2021-09-23,0
2021-01-15,26,6393,2021-09-23,0
2021-01-16,30,6423,2021-09-23,0
2021-01-17,21,6444,2021-09-23,0
2021-01-18,19,6463,2021-09-23,0
2021-01-19,14,6477,2021-09-23,0
2021-01-20,26,6503,2021-09-23,0
2021-01-21,16,6519,2021-09-23,0
2021-01-22,13,6532,2021-09-23,0
2021-01-23,17,6549,2021-09-23,0
2021-01-24,24,6573,2021-09-23,0
2021-01-25,18,6591,2021-09-23,0
2021-01-26,21,6612,2021-09-23,0
2021-01-27,11,6623,2021-09-23,0
2021-01-28,12,6635,2021-09-23,0
2021-01-29,15,6650,2021-09-23,0
2021-01-30,13,6663,2021-09-23,0
2021-01-31,16,6679,2021-09-23,0
2021-02-01,17,6696,2021-09-23,0
2021-02-02,10,6706,2021-09-23,0
2021-02-03,11,6717,2021-09-23,0
2021-02-04,11,6728,2021-09-23,0
2021-02-05,12,6740,2021-09-23,0
2021-02-06,12,6752,2021-09-23,0
2021-02-07,19,6771,2021-09-23,0
2021-02-08,11,6782,2021-09-23,0
2021-02-09,15,6797,2021-09-23,0
2021-02-10,13,6810,2021-09-23,0
2021-02-11,7,6817,2021-09-23,0
2021-02-12,13,6830,2021-09-23,0
2021-02-13,8,6838,2021-09-23,0
2021-02-14,10,6848,2021-09-23,0
2021-02-15,9,6857,2021-09-23,0
2021-02-16,12,6869,2021-09-23,0
2021-02-17,10,6879,2021-09-23,0
2021-02-18,7,6886,2021-09-23,0
2021-02-19,6,6892,2021-09-23,0
2021-02-20,7,6899,2021-09-23,0
2021-02-21,4,6903,2021-09-23,0
2021-02-22,5,6908,2021-09-23,0
2021-02-23,9,6917,2021-09-23,0
2021-02-24,5,6922,2021-09-23,0
2021-02-25,5,6927,2021-09-23,0
2021-02-26,7,6934,2021-09-23,0
2021-02-27,6,6940,2021-09-23,0
2021-02-28,8,6948,2021-09-23,0
2021-03-01,7,6955,2021-09-23,0
2021-03-02,2,6957,2021-09-23,0
2021-03-03,10,6967,2021-09-23,0
2021-03-04,6,6973,2021-09-23,0
2021-03-05,10,6983,2021-09-23,0
2021-03-06,5,6988,2021-09-23,0
2021-03-07,9,6997,2021-09-23,0
2021-03-08,5,7002,2021-09-23,0
2021-03-09,7,7009,2021-09-23,0
2021-03-10,5,7014,2021-09-23,0
2021-03-11,4,7018,2021-09-23,0
2021-03-12,11,7029,2021-09-23,0
2021-03-13,5,7034,2021-09-23,0
2021-03-14,4,7038,2021-09-23,0
2021-03-15,2,7040,2021-09-23,0
2021-03-16,6,7046,2021-09-23,0
2021-03-17,4,7050,2021-09-23,0
2021-03-18,5,7055,2021-09-23,0
2021-03-19,5,7060,2021-09-23,0
2021-03-20,9,7069,2021-09-23,0
2021-03-21,5,7074,2021-09-23,0
2021-03-22,4,7078,2021-09-23,0
2021-03-23,5,7083,2021-09-23,0
2021-03-24,1,7084,2021-09-23,0
2021-03-25,5,7089,2021-09-23,0
2021-03-26,3,7092,2021-09-23,0
2021-03-27,7,7099,2021-09-23,0
2021-03-28,6,7105,2021-09-23,0
2021-03-29,5,7110,2021-09-23,0
2021-03-30,6,7116,2021-09-23,0
2021-03-31,8,7124,2021-09-23,0
2021-04-01,6,7130,2021-09-23,0
2021-04-02,9,7139,2021-09-23,0
2021-04-03,8,7147,2021-09-23,0
2021-04-04,6,7153,2021-09-23,0
2021-04-05,8,7161,2021-09-23,0
2021-04-06,6,7167,2021-09-23,0
2021-04-07,6,7173,2021-09-23,0
2021-04-08,10,7183,2021-09-23,0
2021-04-09,6,7189,2021-09-23,0
2021-04-10,7,7196,2021-09-23,0
2021-04-11,8,7204,2021-09-23,0
2021-04-12,10,7214,2021-09-23,0
2021-04-13,7,7221,2021-09-23,0
2021-04-14,8,7229,2021-09-23,0
2021-04-15,14,7243,2021-09-23,0
2021-04-16,8,7251,2021-09-23,0
2021-04-17,8,7259,2021-09-23,0
2021-04-18,8,7267,2021-09-23,0
2021-04-19,10,7277,2021-09-23,0
2021-04-20,5,7282,2021-09-23,0
2021-04-21,8,7290,2021-09-23,0
2021-04-22,1,7291,2021-09-23,0
2021-04-23,15,7306,2021-09-23,0
2021-04-24,11,7317,2021-09-23,0
2021-04-25,15,7332,2021-09-23,0
2021-04-26,14,7346,2021-09-23,0
2021-04-27,7,7353,2021-09-23,0
2021-04-28,14,7367,2021-09-23,0
2021-04-29,8,7375,2021-09-23,0
2021-04-30,11,7386,2021-09-23,0
2021-05-01,7,7393,2021-09-23,0
2021-05-02,8,7401,2021-09-23,0
2021-05-03,5,7406,2021-09-23,0
2021-05-04,13,7419,2021-09-23,0
2021-05-05,8,7427,2021-09-23,0
2021-05-06,5,7432,2021-09-23,0
2021-05-07,8,7440,2021-09-23,0
2021-05-08,7,7447,2021-09-23,0
2021-05-09,9,7456,2021-09-23,0
2021-05-10,8,7464,2021-09-23,0
2021-05-11,6,7470,2021-09-23,0
2021-05-12,9,7479,2021-09-23,0
2021-05-13,9,7488,2021-09-23,0
2021-05-14,11,7499,2021-09-23,0
2021-05-15,9,7508,2021-09-23,0
2021-05-16,6,7514,2021-09-23,0
2021-05-17,5,7519,2021-09-23,0
2021-05-18,7,7526,2021-09-23,0
2021-05-19,2,7528,2021-09-23,0
2021-05-20,5,7533,2021-09-23,0
2021-05-21,7,7540,2021-09-23,0
2021-05-22,10,7550,2021-09-23,0
2021-05-23,5,7555,2021-09-23,0
2021-05-24,5,7560,2021-09-23,0
2021-05-25,6,7566,2021-09-23,0
2021-05-26,3,7569,2021-09-23,0
2021-05-27,7,7576,2021-09-23,0
2021-05-28,2,7578,2021-09-23,0
2021-05-29,6,7584,2021-09-23,0
2021-05-30,4,7588,2021-09-23,0
2021-05-31,3,7591,2021-09-23,0
2021-06-01,5,7596,2021-09-23,0
2021-06-02,8,7604,2021-09-23,0
2021-06-03,4,7608,2021-09-23,0
2021-06-04,4,7612,2021-09-23,0
2021-06-05,2,7614,2021-09-23,0
2021-06-06,5,7619,2021-09-23,0
2021-06-07,3,7622,2021-09-23,0
2021-06-08,5,7627,2021-09-23,0
2021-06-09,4,7631,2021-09-23,0
2021-06-10,6,7637,2021-09-23,0
2021-06-11,6,7643,2021-09-23,0
2021-06-12,4,7647,2021-09-23,0
2021-06-13,4,7651,2021-09-23,0
2021-06-14,3,7654,2021-09-23,0
2021-06-15,2,7656,2021-09-23,0
2021-06-16,2,7658,2021-09-23,0
2021-06-17,4,7662,2021-09-23,0
2021-06-18,1,7663,2021-09-23,0
2021-06-19,6,7669,2021-09-23,0
2021-06-20,1,7670,2021-09-23,0
2021-06-21,5,7675,2021-09-23,0
2021-06-22,3,7678,2021-09-23,0
2021-06-23,4,7682,2021-09-23,0
2021-06-24,3,7685,2021-09-23,0
2021-06-25,3,7688,2021-09-23,0
2021-06-26,4,7692,2021-09-23,0
2021-06-27,2,7694,2021-09-23,0
2021-06-28,2,7696,2021-09-23,0
2021-06-29,2,7698,2021-09-23,0
2021-06-30,2,7700,2021-09-23,0
2021-07-01,0,7700,2021-09-23,0
2021-07-02,2,7702,2021-09-23,0
2021-07-03,2,7704,2021-09-23,0
2021-07-04,3,7707,2021-09-23,0
2021-07-05,1,7708,2021-09-23,0
2021-07-06,4,7712,2021-09-23,0
2021-07-07,1,7713,2021-09-23,0
2021-07-08,1,7714,2021-09-23,0
2021-07-09,0,7714,2021-09-23,0
2021-07-10,1,7715,2021-09-23,0
2021-07-11,2,7717,2021-09-23,0
2021-07-12,1,7718,2021-09-23,0
2021-07-13,2,7720,2021-09-23,0
2021-07-14,2,7722,2021-09-23,0
2021-07-15,2,7724,2021-09-23,0
2021-07-16,1,7725,2021-09-23,0
2021-07-17,1,7726,2021-09-23,0
2021-07-18,0,7726,2021-09-23,0
2021-07-19,0,7726,2021-09-23,0
2021-07-20,2,7728,2021-09-23,0
2021-07-21,2,7730,2021-09-23,0
2021-07-22,2,7732,2021-09-23,0
2021-07-23,3,7735,2021-09-23,0
2021-07-24,0,7735,2021-09-23,0
2021-07-25,2,7737,2021-09-23,0
2021-07-26,1,7738,2021-09-23,0
2021-07-27,2,7740,2021-09-23,0
2021-07-28,3,7743,2021-09-23,0
2021-07-29,2,7745,2021-09-23,0
2021-07-30,5,7750,2021-09-23,0
2021-07-31,4,7754,2021-09-23,0
2021-08-01,1,7755,2021-09-23,0
2021-08-02,3,7758,2021-09-23,0
2021-08-03,2,7760,2021-09-23,0
2021-08-04,3,7763,2021-09-23,0
2021-08-05,2,7765,2021-09-23,0
2021-08-06,7,7772,2021-09-23,0
2021-08-07,3,7775,2021-09-23,0
2021-08-08,1,7776,2021-09-23,0
2021-08-09,3,7779,2021-09-23,0
2021-08-10,2,7781,2021-09-23,0
2021-08-11,2,7783,2021-09-23,0
2021-08-12,7,7790,2021-09-23,0
2021-08-13,5,7795,2021-09-23,0
2021-08-14,6,7801,2021-09-23,0
2021-08-15,0,7801,2021-09-23,0
2021-08-16,6,7807,2021-09-23,0
2021-08-17,7,7814,2021-09-23,0
2021-08-18,8,7822,2021-09-23,0
2021-08-19,2,7824,2021-09-23,0
2021-08-20,3,7827,2021-09-23,0
2021-08-21,5,7832,2021-09-23,0
2021-08-22,7,7839,2021-09-23,0
2021-08-23,4,7843,2021-09-23,0
2021-08-24,12,7855,2021-09-23,0
2021-08-25,7,7862,2021-09-23,0
2021-08-26,2,7864,2021-09-23,1
2021-08-27,6,7870,2021-09-23,0
2021-08-28,10,7880,2021-09-23,0
2021-08-29,11,7891,2021-09-23,0
2021-08-30,7,7898,2021-09-23,0
2021-08-31,6,7904,2021-09-23,0
2021-09-01,5,7909,2021-09-23,0
2021-09-02,5,7914,2021-09-23,0
2021-09-03,9,7923,2021-09-23,1
2021-09-04,8,7931,2021-09-23,0
2021-09-05,10,7941,2021-09-23,0
2021-09-06,6,7947,2021-09-23,0
2021-09-07,6,7953,2021-09-23,0
2021-09-08,9,7962,2021-09-23,0
2021-09-09,3,7965,2021-09-23,0
2021-09-10,7,7972,2021-09-23,0
2021-09-11,13,7985,2021-09-23,0
2021-09-12,9,7994,2021-09-23,1
2021-09-13,6,8000,2021-09-23,1
2021-09-14,9,8009,2021-09-23,0
2021-09-15,11,8020,2021-09-23,2
2021-09-16,9,8029,2021-09-23,5
2021-09-17,5,8034,2021-09-23,2
2021-09-18,6,8040,2021-09-23,4
2021-09-19,6,8046,2021-09-23,2
2021-09-20,3,8049,2021-09-23,3
NA,0,8049,2021-09-23,0
2020-03-19,1,1,2021-09-24,0
2020-03-20,0,1,2021-09-24,0
2020-03-21,0,1,2021-09-24,0
2020-03-22,0,1,2021-09-24,0
2020-03-23,0,1,2021-09-24,0
2020-03-24,1,2,2021-09-24,0
2020-03-25,1,3,2021-09-24,0
2020-03-26,1,4,2021-09-24,0
2020-03-27,5,9,2021-09-24,0
2020-03-28,3,12,2021-09-24,0
2020-03-29,0,12,2021-09-24,0
2020-03-30,5,17,2021-09-24,0
2020-03-31,2,19,2021-09-24,0
2020-04-01,5,24,2021-09-24,0
2020-04-02,3,27,2021-09-24,0
2020-04-03,1,28,2021-09-24,0
2020-04-04,5,33,2021-09-24,0
2020-04-05,5,38,2021-09-24,0
2020-04-06,10,48,2021-09-24,0
2020-04-07,6,54,2021-09-24,0
2020-04-08,7,61,2021-09-24,0
2020-04-09,8,69,2021-09-24,0
2020-04-10,6,75,2021-09-24,0
2020-04-11,4,79,2021-09-24,0
2020-04-12,4,83,2021-09-24,0
2020-04-13,10,93,2021-09-24,0
2020-04-14,6,99,2021-09-24,0
2020-04-15,17,116,2021-09-24,0
2020-04-16,10,126,2021-09-24,0
2020-04-17,17,143,2021-09-24,0
2020-04-18,17,160,2021-09-24,0
2020-04-19,16,176,2021-09-24,0
2020-04-20,21,197,2021-09-24,0
2020-04-21,26,223,2021-09-24,0
2020-04-22,21,244,2021-09-24,0
2020-04-23,19,263,2021-09-24,0
2020-04-24,23,286,2021-09-24,0
2020-04-25,18,304,2021-09-24,0
2020-04-26,17,321,2021-09-24,0
2020-04-27,21,342,2021-09-24,0
2020-04-28,16,358,2021-09-24,0
2020-04-29,29,387,2021-09-24,0
2020-04-30,18,405,2021-09-24,0
2020-05-01,30,435,2021-09-24,0
2020-05-02,19,454,2021-09-24,0
2020-05-03,29,483,2021-09-24,0
2020-05-04,23,506,2021-09-24,0
2020-05-05,19,525,2021-09-24,0
2020-05-06,25,550,2021-09-24,0
2020-05-07,30,580,2021-09-24,0
2020-05-08,20,600,2021-09-24,0
2020-05-09,26,626,2021-09-24,0
2020-05-10,19,645,2021-09-24,0
2020-05-11,25,670,2021-09-24,0
2020-05-12,20,690,2021-09-24,0
2020-05-13,22,712,2021-09-24,0
2020-05-14,20,732,2021-09-24,0
2020-05-15,20,752,2021-09-24,0
2020-05-16,20,772,2021-09-24,0
2020-05-17,23,795,2021-09-24,0
2020-05-18,18,813,2021-09-24,0
2020-05-19,35,848,2021-09-24,0
2020-05-20,24,872,2021-09-24,0
2020-05-21,17,889,2021-09-24,0
2020-05-22,20,909,2021-09-24,0
2020-05-23,26,935,2021-09-24,0
2020-05-24,25,960,2021-09-24,0
2020-05-25,30,990,2021-09-24,0
2020-05-26,29,1019,2021-09-24,0
2020-05-27,25,1044,2021-09-24,0
2020-05-28,21,1065,2021-09-24,0
2020-05-29,17,1082,2021-09-24,0
2020-05-30,11,1093,2021-09-24,0
2020-05-31,20,1113,2021-09-24,0
2020-06-01,23,1136,2021-09-24,0
2020-06-02,21,1157,2021-09-24,0
2020-06-03,25,1182,2021-09-24,0
2020-06-04,26,1208,2021-09-24,0
2020-06-05,18,1226,2021-09-24,0
2020-06-06,12,1238,2021-09-24,0
2020-06-07,22,1260,2021-09-24,0
2020-06-08,12,1272,2021-09-24,0
2020-06-09,13,1285,2021-09-24,0
2020-06-10,10,1295,2021-09-24,0
2020-06-11,12,1307,2021-09-24,0
2020-06-12,11,1318,2021-09-24,0
2020-06-13,13,1331,2021-09-24,0
2020-06-14,11,1342,2021-09-24,0
2020-06-15,8,1350,2021-09-24,0
2020-06-16,9,1359,2021-09-24,0
2020-06-17,17,1376,2021-09-24,0
2020-06-18,9,1385,2021-09-24,0
2020-06-19,8,1393,2021-09-24,0
2020-06-20,12,1405,2021-09-24,0
2020-06-21,11,1416,2021-09-24,0
2020-06-22,6,1422,2021-09-24,0
2020-06-23,10,1432,2021-09-24,0
2020-06-24,1,1433,2021-09-24,0
2020-06-25,9,1442,2021-09-24,0
2020-06-26,6,1448,2021-09-24,0
2020-06-27,5,1453,2021-09-24,0
2020-06-28,11,1464,2021-09-24,0
2020-06-29,7,1471,2021-09-24,0
2020-06-30,9,1480,2021-09-24,0
2020-07-01,2,1482,2021-09-24,0
2020-07-02,3,1485,2021-09-24,0
2020-07-03,5,1490,2021-09-24,0
2020-07-04,4,1494,2021-09-24,0
2020-07-05,6,1500,2021-09-24,0
2020-07-06,4,1504,2021-09-24,0
2020-07-07,2,1506,2021-09-24,0
2020-07-08,9,1515,2021-09-24,0
2020-07-09,4,1519,2021-09-24,0
2020-07-10,3,1522,2021-09-24,0
2020-07-11,4,1526,2021-09-24,0
2020-07-12,6,1532,2021-09-24,0
2020-07-13,2,1534,2021-09-24,0
2020-07-14,6,1540,2021-09-24,0
2020-07-15,7,1547,2021-09-24,0
2020-07-16,3,1550,2021-09-24,0
2020-07-17,7,1557,2021-09-24,0
2020-07-18,6,1563,2021-09-24,0
2020-07-19,5,1568,2021-09-24,0
2020-07-20,3,1571,2021-09-24,0
2020-07-21,6,1577,2021-09-24,0
2020-07-22,5,1582,2021-09-24,0
2020-07-23,8,1590,2021-09-24,0
2020-07-24,6,1596,2021-09-24,0
2020-07-25,2,1598,2021-09-24,0
2020-07-26,5,1603,2021-09-24,0
2020-07-27,5,1608,2021-09-24,0
2020-07-28,7,1615,2021-09-24,0
2020-07-29,3,1618,2021-09-24,0
2020-07-30,6,1624,2021-09-24,0
2020-07-31,9,1633,2021-09-24,0
2020-08-01,4,1637,2021-09-24,0
2020-08-02,7,1644,2021-09-24,0
2020-08-03,4,1648,2021-09-24,0
2020-08-04,7,1655,2021-09-24,0
2020-08-05,8,1663,2021-09-24,0
2020-08-06,9,1672,2021-09-24,0
2020-08-07,7,1679,2021-09-24,0
2020-08-08,6,1685,2021-09-24,0
2020-08-09,10,1695,2021-09-24,0
2020-08-10,3,1698,2021-09-24,0
2020-08-11,9,1707,2021-09-24,0
2020-08-12,7,1714,2021-09-24,0
2020-08-13,5,1719,2021-09-24,0
2020-08-14,9,1728,2021-09-24,0
2020-08-15,13,1741,2021-09-24,0
2020-08-16,13,1754,2021-09-24,0
2020-08-17,6,1760,2021-09-24,0
2020-08-18,11,1771,2021-09-24,0
2020-08-19,3,1774,2021-09-24,0
2020-08-20,10,1784,2021-09-24,0
2020-08-21,12,1796,2021-09-24,0
2020-08-22,9,1805,2021-09-24,0
2020-08-23,7,1812,2021-09-24,0
2020-08-24,9,1821,2021-09-24,0
2020-08-25,4,1825,2021-09-24,0
2020-08-26,3,1828,2021-09-24,0
2020-08-27,7,1835,2021-09-24,0
2020-08-28,6,1841,2021-09-24,0
2020-08-29,3,1844,2021-09-24,0
2020-08-30,5,1849,2021-09-24,0
2020-08-31,9,1858,2021-09-24,0
2020-09-01,2,1860,2021-09-24,0
2020-09-02,7,1867,2021-09-24,0
2020-09-03,12,1879,2021-09-24,0
2020-09-04,4,1883,2021-09-24,0
2020-09-05,6,1889,2021-09-24,0
2020-09-06,12,1901,2021-09-24,0
2020-09-07,3,1904,2021-09-24,0
2020-09-08,6,1910,2021-09-24,0
2020-09-09,10,1920,2021-09-24,0
2020-09-10,9,1929,2021-09-24,0
2020-09-11,11,1940,2021-09-24,0
2020-09-12,8,1948,2021-09-24,0
2020-09-13,8,1956,2021-09-24,0
2020-09-14,2,1958,2021-09-24,0
2020-09-15,7,1965,2021-09-24,0
2020-09-16,9,1974,2021-09-24,0
2020-09-17,5,1979,2021-09-24,0
2020-09-18,6,1985,2021-09-24,0
2020-09-19,4,1989,2021-09-24,0
2020-09-20,9,1998,2021-09-24,0
2020-09-21,7,2005,2021-09-24,0
2020-09-22,8,2013,2021-09-24,0
2020-09-23,9,2022,2021-09-24,0
2020-09-24,8,2030,2021-09-24,0
2020-09-25,11,2041,2021-09-24,0
2020-09-26,9,2050,2021-09-24,0
2020-09-27,14,2064,2021-09-24,0
2020-09-28,11,2075,2021-09-24,0
2020-09-29,5,2080,2021-09-24,0
2020-09-30,16,2096,2021-09-24,0
2020-10-01,7,2103,2021-09-24,0
2020-10-02,13,2116,2021-09-24,0
2020-10-03,9,2125,2021-09-24,0
2020-10-04,7,2132,2021-09-24,0
2020-10-05,10,2142,2021-09-24,0
2020-10-06,13,2155,2021-09-24,0
2020-10-07,19,2174,2021-09-24,0
2020-10-08,9,2183,2021-09-24,0
2020-10-09,17,2200,2021-09-24,0
2020-10-10,16,2216,2021-09-24,0
2020-10-11,16,2232,2021-09-24,0
2020-10-12,20,2252,2021-09-24,0
2020-10-13,14,2266,2021-09-24,0
2020-10-14,10,2276,2021-09-24,0
2020-10-15,9,2285,2021-09-24,0
2020-10-16,12,2297,2021-09-24,0
2020-10-17,18,2315,2021-09-24,0
2020-10-18,25,2340,2021-09-24,0
2020-10-19,18,2358,2021-09-24,0
2020-10-20,15,2373,2021-09-24,0
2020-10-21,24,2397,2021-09-24,0
2020-10-22,18,2415,2021-09-24,0
2020-10-23,19,2434,2021-09-24,0
2020-10-24,8,2442,2021-09-24,0
2020-10-25,17,2459,2021-09-24,0
2020-10-26,25,2484,2021-09-24,0
2020-10-27,23,2507,2021-09-24,0
2020-10-28,29,2536,2021-09-24,0
2020-10-29,18,2554,2021-09-24,0
2020-10-30,27,2581,2021-09-24,0
2020-10-31,25,2606,2021-09-24,0
2020-11-01,21,2627,2021-09-24,0
2020-11-02,25,2652,2021-09-24,0
2020-11-03,25,2677,2021-09-24,0
2020-11-04,33,2710,2021-09-24,0
2020-11-05,38,2748,2021-09-24,0
2020-11-06,39,2787,2021-09-24,0
2020-11-07,42,2829,2021-09-24,0
2020-11-08,47,2876,2021-09-24,0
2020-11-09,36,2912,2021-09-24,0
2020-11-10,35,2947,2021-09-24,0
2020-11-11,43,2990,2021-09-24,0
2020-11-12,45,3035,2021-09-24,0
2020-11-13,40,3075,2021-09-24,0
2020-11-14,47,3122,2021-09-24,0
2020-11-15,46,3168,2021-09-24,0
2020-11-16,62,3230,2021-09-24,0
2020-11-17,56,3286,2021-09-24,0
2020-11-18,61,3347,2021-09-24,0
2020-11-19,60,3407,2021-09-24,0
2020-11-20,63,3470,2021-09-24,0
2020-11-21,58,3528,2021-09-24,0
2020-11-22,67,3595,2021-09-24,0
2020-11-23,59,3654,2021-09-24,0
2020-11-24,69,3723,2021-09-24,0
2020-11-25,72,3795,2021-09-24,0
2020-11-26,54,3849,2021-09-24,0
2020-11-27,69,3918,2021-09-24,0
2020-11-28,61,3979,2021-09-24,0
2020-11-29,68,4047,2021-09-24,0
2020-11-30,61,4108,2021-09-24,0
2020-12-01,64,4172,2021-09-24,0
2020-12-02,73,4245,2021-09-24,0
2020-12-03,86,4331,2021-09-24,0
2020-12-04,67,4398,2021-09-24,0
2020-12-05,74,4472,2021-09-24,0
2020-12-06,80,4552,2021-09-24,0
2020-12-07,75,4627,2021-09-24,0
2020-12-08,61,4688,2021-09-24,0
2020-12-09,71,4759,2021-09-24,0
2020-12-10,72,4831,2021-09-24,0
2020-12-11,71,4902,2021-09-24,0
2020-12-12,72,4974,2021-09-24,0
2020-12-13,56,5030,2021-09-24,0
2020-12-14,43,5073,2021-09-24,0
2020-12-15,65,5138,2021-09-24,0
2020-12-16,72,5210,2021-09-24,0
2020-12-17,60,5270,2021-09-24,0
2020-12-18,59,5329,2021-09-24,0
2020-12-19,56,5385,2021-09-24,0
2020-12-20,60,5445,2021-09-24,0
2020-12-21,58,5503,2021-09-24,0
2020-12-22,33,5536,2021-09-24,0
2020-12-23,46,5582,2021-09-24,0
2020-12-24,50,5632,2021-09-24,0
2020-12-25,36,5668,2021-09-24,0
2020-12-26,43,5711,2021-09-24,0
2020-12-27,41,5752,2021-09-24,0
2020-12-28,34,5786,2021-09-24,0
2020-12-29,37,5823,2021-09-24,0
2020-12-30,47,5870,2021-09-24,0
2020-12-31,36,5906,2021-09-24,0
2021-01-01,28,5934,2021-09-24,0
2021-01-02,46,5980,2021-09-24,0
2021-01-03,37,6017,2021-09-24,0
2021-01-04,32,6049,2021-09-24,0
2021-01-05,40,6089,2021-09-24,0
2021-01-06,32,6121,2021-09-24,0
2021-01-07,37,6158,2021-09-24,0
2021-01-08,32,6190,2021-09-24,0
2021-01-09,26,6216,2021-09-24,0
2021-01-10,29,6245,2021-09-24,0
2021-01-11,26,6271,2021-09-24,0
2021-01-12,32,6303,2021-09-24,0
2021-01-13,23,6326,2021-09-24,0
2021-01-14,41,6367,2021-09-24,0
2021-01-15,26,6393,2021-09-24,0
2021-01-16,30,6423,2021-09-24,0
2021-01-17,21,6444,2021-09-24,0
2021-01-18,19,6463,2021-09-24,0
2021-01-19,14,6477,2021-09-24,0
2021-01-20,26,6503,2021-09-24,0
2021-01-21,16,6519,2021-09-24,0
2021-01-22,13,6532,2021-09-24,0
2021-01-23,17,6549,2021-09-24,0
2021-01-24,24,6573,2021-09-24,0
2021-01-25,18,6591,2021-09-24,0
2021-01-26,21,6612,2021-09-24,0
2021-01-27,11,6623,2021-09-24,0
2021-01-28,12,6635,2021-09-24,0
2021-01-29,15,6650,2021-09-24,0
2021-01-30,13,6663,2021-09-24,0
2021-01-31,16,6679,2021-09-24,0
2021-02-01,17,6696,2021-09-24,0
2021-02-02,10,6706,2021-09-24,0
2021-02-03,11,6717,2021-09-24,0
2021-02-04,11,6728,2021-09-24,0
2021-02-05,12,6740,2021-09-24,0
2021-02-06,12,6752,2021-09-24,0
2021-02-07,19,6771,2021-09-24,0
2021-02-08,11,6782,2021-09-24,0
2021-02-09,15,6797,2021-09-24,0
2021-02-10,13,6810,2021-09-24,0
2021-02-11,7,6817,2021-09-24,0
2021-02-12,13,6830,2021-09-24,0
2021-02-13,8,6838,2021-09-24,0
2021-02-14,10,6848,2021-09-24,0
2021-02-15,9,6857,2021-09-24,0
2021-02-16,12,6869,2021-09-24,0
2021-02-17,10,6879,2021-09-24,0
2021-02-18,7,6886,2021-09-24,0
2021-02-19,6,6892,2021-09-24,0
2021-02-20,7,6899,2021-09-24,0
2021-02-21,4,6903,2021-09-24,0
2021-02-22,5,6908,2021-09-24,0
2021-02-23,9,6917,2021-09-24,0
2021-02-24,5,6922,2021-09-24,0
2021-02-25,5,6927,2021-09-24,0
2021-02-26,7,6934,2021-09-24,0
2021-02-27,6,6940,2021-09-24,0
2021-02-28,8,6948,2021-09-24,0
2021-03-01,7,6955,2021-09-24,0
2021-03-02,3,6958,2021-09-24,1
2021-03-03,10,6968,2021-09-24,0
2021-03-04,6,6974,2021-09-24,0
2021-03-05,10,6984,2021-09-24,0
2021-03-06,5,6989,2021-09-24,0
2021-03-07,9,6998,2021-09-24,0
2021-03-08,5,7003,2021-09-24,0
2021-03-09,7,7010,2021-09-24,0
2021-03-10,5,7015,2021-09-24,0
2021-03-11,4,7019,2021-09-24,0
2021-03-12,11,7030,2021-09-24,0
2021-03-13,5,7035,2021-09-24,0
2021-03-14,4,7039,2021-09-24,0
2021-03-15,2,7041,2021-09-24,0
2021-03-16,6,7047,2021-09-24,0
2021-03-17,4,7051,2021-09-24,0
2021-03-18,5,7056,2021-09-24,0
2021-03-19,5,7061,2021-09-24,0
2021-03-20,9,7070,2021-09-24,0
2021-03-21,5,7075,2021-09-24,0
2021-03-22,4,7079,2021-09-24,0
2021-03-23,5,7084,2021-09-24,0
2021-03-24,1,7085,2021-09-24,0
2021-03-25,5,7090,2021-09-24,0
2021-03-26,3,7093,2021-09-24,0
2021-03-27,7,7100,2021-09-24,0
2021-03-28,6,7106,2021-09-24,0
2021-03-29,5,7111,2021-09-24,0
2021-03-30,6,7117,2021-09-24,0
2021-03-31,8,7125,2021-09-24,0
2021-04-01,6,7131,2021-09-24,0
2021-04-02,9,7140,2021-09-24,0
2021-04-03,8,7148,2021-09-24,0
2021-04-04,6,7154,2021-09-24,0
2021-04-05,8,7162,2021-09-24,0
2021-04-06,6,7168,2021-09-24,0
2021-04-07,6,7174,2021-09-24,0
2021-04-08,10,7184,2021-09-24,0
2021-04-09,7,7191,2021-09-24,1
2021-04-10,7,7198,2021-09-24,0
2021-04-11,8,7206,2021-09-24,0
2021-04-12,10,7216,2021-09-24,0
2021-04-13,7,7223,2021-09-24,0
2021-04-14,8,7231,2021-09-24,0
2021-04-15,14,7245,2021-09-24,0
2021-04-16,8,7253,2021-09-24,0
2021-04-17,8,7261,2021-09-24,0
2021-04-18,8,7269,2021-09-24,0
2021-04-19,10,7279,2021-09-24,0
2021-04-20,5,7284,2021-09-24,0
2021-04-21,8,7292,2021-09-24,0
2021-04-22,1,7293,2021-09-24,0
2021-04-23,15,7308,2021-09-24,0
2021-04-24,11,7319,2021-09-24,0
2021-04-25,15,7334,2021-09-24,0
2021-04-26,14,7348,2021-09-24,0
2021-04-27,7,7355,2021-09-24,0
2021-04-28,14,7369,2021-09-24,0
2021-04-29,8,7377,2021-09-24,0
2021-04-30,11,7388,2021-09-24,0
2021-05-01,7,7395,2021-09-24,0
2021-05-02,8,7403,2021-09-24,0
2021-05-03,5,7408,2021-09-24,0
2021-05-04,13,7421,2021-09-24,0
2021-05-05,8,7429,2021-09-24,0
2021-05-06,5,7434,2021-09-24,0
2021-05-07,8,7442,2021-09-24,0
2021-05-08,7,7449,2021-09-24,0
2021-05-09,9,7458,2021-09-24,0
2021-05-10,8,7466,2021-09-24,0
2021-05-11,6,7472,2021-09-24,0
2021-05-12,9,7481,2021-09-24,0
2021-05-13,9,7490,2021-09-24,0
2021-05-14,11,7501,2021-09-24,0
2021-05-15,9,7510,2021-09-24,0
2021-05-16,6,7516,2021-09-24,0
2021-05-17,5,7521,2021-09-24,0
2021-05-18,7,7528,2021-09-24,0
2021-05-19,2,7530,2021-09-24,0
2021-05-20,5,7535,2021-09-24,0
2021-05-21,7,7542,2021-09-24,0
2021-05-22,11,7553,2021-09-24,1
2021-05-23,5,7558,2021-09-24,0
2021-05-24,5,7563,2021-09-24,0
2021-05-25,6,7569,2021-09-24,0
2021-05-26,3,7572,2021-09-24,0
2021-05-27,7,7579,2021-09-24,0
2021-05-28,2,7581,2021-09-24,0
2021-05-29,6,7587,2021-09-24,0
2021-05-30,4,7591,2021-09-24,0
2021-05-31,3,7594,2021-09-24,0
2021-06-01,5,7599,2021-09-24,0
2021-06-02,8,7607,2021-09-24,0
2021-06-03,4,7611,2021-09-24,0
2021-06-04,4,7615,2021-09-24,0
2021-06-05,2,7617,2021-09-24,0
2021-06-06,5,7622,2021-09-24,0
2021-06-07,3,7625,2021-09-24,0
2021-06-08,5,7630,2021-09-24,0
2021-06-09,4,7634,2021-09-24,0
2021-06-10,6,7640,2021-09-24,0
2021-06-11,6,7646,2021-09-24,0
2021-06-12,4,7650,2021-09-24,0
2021-06-13,4,7654,2021-09-24,0
2021-06-14,3,7657,2021-09-24,0
2021-06-15,2,7659,2021-09-24,0
2021-06-16,2,7661,2021-09-24,0
2021-06-17,4,7665,2021-09-24,0
2021-06-18,1,7666,2021-09-24,0
2021-06-19,6,7672,2021-09-24,0
2021-06-20,1,7673,2021-09-24,0
2021-06-21,5,7678,2021-09-24,0
2021-06-22,3,7681,2021-09-24,0
2021-06-23,4,7685,2021-09-24,0
2021-06-24,3,7688,2021-09-24,0
2021-06-25,3,7691,2021-09-24,0
2021-06-26,4,7695,2021-09-24,0
2021-06-27,2,7697,2021-09-24,0
2021-06-28,2,7699,2021-09-24,0
2021-06-29,2,7701,2021-09-24,0
2021-06-30,2,7703,2021-09-24,0
2021-07-01,0,7703,2021-09-24,0
2021-07-02,2,7705,2021-09-24,0
2021-07-03,2,7707,2021-09-24,0
2021-07-04,3,7710,2021-09-24,0
2021-07-05,1,7711,2021-09-24,0
2021-07-06,4,7715,2021-09-24,0
2021-07-07,1,7716,2021-09-24,0
2021-07-08,1,7717,2021-09-24,0
2021-07-09,0,7717,2021-09-24,0
2021-07-10,1,7718,2021-09-24,0
2021-07-11,2,7720,2021-09-24,0
2021-07-12,1,7721,2021-09-24,0
2021-07-13,2,7723,2021-09-24,0
2021-07-14,2,7725,2021-09-24,0
2021-07-15,2,7727,2021-09-24,0
2021-07-16,1,7728,2021-09-24,0
2021-07-17,1,7729,2021-09-24,0
2021-07-18,0,7729,2021-09-24,0
2021-07-19,0,7729,2021-09-24,0
2021-07-20,2,7731,2021-09-24,0
2021-07-21,2,7733,2021-09-24,0
2021-07-22,2,7735,2021-09-24,0
2021-07-23,3,7738,2021-09-24,0
2021-07-24,0,7738,2021-09-24,0
2021-07-25,2,7740,2021-09-24,0
2021-07-26,1,7741,2021-09-24,0
2021-07-27,2,7743,2021-09-24,0
2021-07-28,3,7746,2021-09-24,0
2021-07-29,2,7748,2021-09-24,0
2021-07-30,5,7753,2021-09-24,0
2021-07-31,4,7757,2021-09-24,0
2021-08-01,1,7758,2021-09-24,0
2021-08-02,3,7761,2021-09-24,0
2021-08-03,2,7763,2021-09-24,0
2021-08-04,3,7766,2021-09-24,0
2021-08-05,2,7768,2021-09-24,0
2021-08-06,7,7775,2021-09-24,0
2021-08-07,3,7778,2021-09-24,0
2021-08-08,2,7780,2021-09-24,1
2021-08-09,3,7783,2021-09-24,0
2021-08-10,2,7785,2021-09-24,0
2021-08-11,2,7787,2021-09-24,0
2021-08-12,7,7794,2021-09-24,0
2021-08-13,5,7799,2021-09-24,0
2021-08-14,6,7805,2021-09-24,0
2021-08-15,0,7805,2021-09-24,0
2021-08-16,6,7811,2021-09-24,0
2021-08-17,7,7818,2021-09-24,0
2021-08-18,9,7827,2021-09-24,1
2021-08-19,2,7829,2021-09-24,0
2021-08-20,3,7832,2021-09-24,0
2021-08-21,5,7837,2021-09-24,0
2021-08-22,7,7844,2021-09-24,0
2021-08-23,4,7848,2021-09-24,0
2021-08-24,12,7860,2021-09-24,0
2021-08-25,7,7867,2021-09-24,0
2021-08-26,2,7869,2021-09-24,0
2021-08-27,6,7875,2021-09-24,0
2021-08-28,10,7885,2021-09-24,0
2021-08-29,11,7896,2021-09-24,0
2021-08-30,7,7903,2021-09-24,0
2021-08-31,6,7909,2021-09-24,0
2021-09-01,5,7914,2021-09-24,0
2021-09-02,6,7920,2021-09-24,1
2021-09-03,9,7929,2021-09-24,0
2021-09-04,8,7937,2021-09-24,0
2021-09-05,10,7947,2021-09-24,0
2021-09-06,6,7953,2021-09-24,0
2021-09-07,6,7959,2021-09-24,0
2021-09-08,9,7968,2021-09-24,0
2021-09-09,3,7971,2021-09-24,0
2021-09-10,7,7978,2021-09-24,0
2021-09-11,15,7993,2021-09-24,2
2021-09-12,9,8002,2021-09-24,0
2021-09-13,6,8008,2021-09-24,0
2021-09-14,9,8017,2021-09-24,0
2021-09-15,12,8029,2021-09-24,1
2021-09-16,10,8039,2021-09-24,1
2021-09-17,6,8045,2021-09-24,1
2021-09-18,10,8055,2021-09-24,4
2021-09-19,8,8063,2021-09-24,2
2021-09-20,10,8073,2021-09-24,7
2021-09-21,3,8076,2021-09-24,3
NA,0,8076,2021-09-24,0
2020-03-19,1,1,2021-09-27,0
2020-03-20,0,1,2021-09-27,0
2020-03-21,0,1,2021-09-27,0
2020-03-22,0,1,2021-09-27,0
2020-03-23,0,1,2021-09-27,0
2020-03-24,1,2,2021-09-27,0
2020-03-25,1,3,2021-09-27,0
2020-03-26,1,4,2021-09-27,0
2020-03-27,5,9,2021-09-27,0
2020-03-28,3,12,2021-09-27,0
2020-03-29,0,12,2021-09-27,0
2020-03-30,5,17,2021-09-27,0
2020-03-31,2,19,2021-09-27,0
2020-04-01,5,24,2021-09-27,0
2020-04-02,3,27,2021-09-27,0
2020-04-03,1,28,2021-09-27,0
2020-04-04,5,33,2021-09-27,0
2020-04-05,5,38,2021-09-27,0
2020-04-06,10,48,2021-09-27,0
2020-04-07,6,54,2021-09-27,0
2020-04-08,7,61,2021-09-27,0
2020-04-09,8,69,2021-09-27,0
2020-04-10,6,75,2021-09-27,0
2020-04-11,4,79,2021-09-27,0
2020-04-12,4,83,2021-09-27,0
2020-04-13,10,93,2021-09-27,0
2020-04-14,6,99,2021-09-27,0
2020-04-15,17,116,2021-09-27,0
2020-04-16,10,126,2021-09-27,0
2020-04-17,17,143,2021-09-27,0
2020-04-18,17,160,2021-09-27,0
2020-04-19,16,176,2021-09-27,0
2020-04-20,21,197,2021-09-27,0
2020-04-21,26,223,2021-09-27,0
2020-04-22,21,244,2021-09-27,0
2020-04-23,19,263,2021-09-27,0
2020-04-24,23,286,2021-09-27,0
2020-04-25,18,304,2021-09-27,0
2020-04-26,17,321,2021-09-27,0
2020-04-27,21,342,2021-09-27,0
2020-04-28,16,358,2021-09-27,0
2020-04-29,29,387,2021-09-27,0
2020-04-30,18,405,2021-09-27,0
2020-05-01,30,435,2021-09-27,0
2020-05-02,19,454,2021-09-27,0
2020-05-03,29,483,2021-09-27,0
2020-05-04,23,506,2021-09-27,0
2020-05-05,19,525,2021-09-27,0
2020-05-06,25,550,2021-09-27,0
2020-05-07,30,580,2021-09-27,0
2020-05-08,20,600,2021-09-27,0
2020-05-09,26,626,2021-09-27,0
2020-05-10,19,645,2021-09-27,0
2020-05-11,25,670,2021-09-27,0
2020-05-12,20,690,2021-09-27,0
2020-05-13,22,712,2021-09-27,0
2020-05-14,20,732,2021-09-27,0
2020-05-15,20,752,2021-09-27,0
2020-05-16,20,772,2021-09-27,0
2020-05-17,23,795,2021-09-27,0
2020-05-18,18,813,2021-09-27,0
2020-05-19,35,848,2021-09-27,0
2020-05-20,24,872,2021-09-27,0
2020-05-21,17,889,2021-09-27,0
2020-05-22,20,909,2021-09-27,0
2020-05-23,26,935,2021-09-27,0
2020-05-24,25,960,2021-09-27,0
2020-05-25,30,990,2021-09-27,0
2020-05-26,29,1019,2021-09-27,0
2020-05-27,25,1044,2021-09-27,0
2020-05-28,21,1065,2021-09-27,0
2020-05-29,17,1082,2021-09-27,0
2020-05-30,11,1093,2021-09-27,0
2020-05-31,20,1113,2021-09-27,0
2020-06-01,23,1136,2021-09-27,0
2020-06-02,21,1157,2021-09-27,0
2020-06-03,25,1182,2021-09-27,0
2020-06-04,26,1208,2021-09-27,0
2020-06-05,18,1226,2021-09-27,0
2020-06-06,12,1238,2021-09-27,0
2020-06-07,22,1260,2021-09-27,0
2020-06-08,12,1272,2021-09-27,0
2020-06-09,13,1285,2021-09-27,0
2020-06-10,10,1295,2021-09-27,0
2020-06-11,12,1307,2021-09-27,0
2020-06-12,11,1318,2021-09-27,0
2020-06-13,13,1331,2021-09-27,0
2020-06-14,11,1342,2021-09-27,0
2020-06-15,8,1350,2021-09-27,0
2020-06-16,9,1359,2021-09-27,0
2020-06-17,17,1376,2021-09-27,0
2020-06-18,9,1385,2021-09-27,0
2020-06-19,8,1393,2021-09-27,0
2020-06-20,12,1405,2021-09-27,0
2020-06-21,11,1416,2021-09-27,0
2020-06-22,6,1422,2021-09-27,0
2020-06-23,10,1432,2021-09-27,0
2020-06-24,1,1433,2021-09-27,0
2020-06-25,9,1442,2021-09-27,0
2020-06-26,6,1448,2021-09-27,0
2020-06-27,5,1453,2021-09-27,0
2020-06-28,11,1464,2021-09-27,0
2020-06-29,7,1471,2021-09-27,0
2020-06-30,9,1480,2021-09-27,0
2020-07-01,2,1482,2021-09-27,0
2020-07-02,3,1485,2021-09-27,0
2020-07-03,5,1490,2021-09-27,0
2020-07-04,4,1494,2021-09-27,0
2020-07-05,6,1500,2021-09-27,0
2020-07-06,4,1504,2021-09-27,0
2020-07-07,2,1506,2021-09-27,0
2020-07-08,9,1515,2021-09-27,0
2020-07-09,4,1519,2021-09-27,0
2020-07-10,3,1522,2021-09-27,0
2020-07-11,4,1526,2021-09-27,0
2020-07-12,6,1532,2021-09-27,0
2020-07-13,2,1534,2021-09-27,0
2020-07-14,6,1540,2021-09-27,0
2020-07-15,7,1547,2021-09-27,0
2020-07-16,3,1550,2021-09-27,0
2020-07-17,7,1557,2021-09-27,0
2020-07-18,6,1563,2021-09-27,0
2020-07-19,5,1568,2021-09-27,0
2020-07-20,3,1571,2021-09-27,0
2020-07-21,6,1577,2021-09-27,0
2020-07-22,5,1582,2021-09-27,0
2020-07-23,8,1590,2021-09-27,0
2020-07-24,6,1596,2021-09-27,0
2020-07-25,2,1598,2021-09-27,0
2020-07-26,5,1603,2021-09-27,0
2020-07-27,5,1608,2021-09-27,0
2020-07-28,7,1615,2021-09-27,0
2020-07-29,3,1618,2021-09-27,0
2020-07-30,6,1624,2021-09-27,0
2020-07-31,9,1633,2021-09-27,0
2020-08-01,4,1637,2021-09-27,0
2020-08-02,7,1644,2021-09-27,0
2020-08-03,4,1648,2021-09-27,0
2020-08-04,7,1655,2021-09-27,0
2020-08-05,8,1663,2021-09-27,0
2020-08-06,9,1672,2021-09-27,0
2020-08-07,7,1679,2021-09-27,0
2020-08-08,6,1685,2021-09-27,0
2020-08-09,10,1695,2021-09-27,0
2020-08-10,3,1698,2021-09-27,0
2020-08-11,9,1707,2021-09-27,0
2020-08-12,7,1714,2021-09-27,0
2020-08-13,5,1719,2021-09-27,0
2020-08-14,9,1728,2021-09-27,0
2020-08-15,13,1741,2021-09-27,0
2020-08-16,13,1754,2021-09-27,0
2020-08-17,6,1760,2021-09-27,0
2020-08-18,11,1771,2021-09-27,0
2020-08-19,3,1774,2021-09-27,0
2020-08-20,10,1784,2021-09-27,0
2020-08-21,12,1796,2021-09-27,0
2020-08-22,9,1805,2021-09-27,0
2020-08-23,7,1812,2021-09-27,0
2020-08-24,9,1821,2021-09-27,0
2020-08-25,4,1825,2021-09-27,0
2020-08-26,3,1828,2021-09-27,0
2020-08-27,7,1835,2021-09-27,0
2020-08-28,6,1841,2021-09-27,0
2020-08-29,3,1844,2021-09-27,0
2020-08-30,5,1849,2021-09-27,0
2020-08-31,9,1858,2021-09-27,0
2020-09-01,2,1860,2021-09-27,0
2020-09-02,7,1867,2021-09-27,0
2020-09-03,12,1879,2021-09-27,0
2020-09-04,4,1883,2021-09-27,0
2020-09-05,6,1889,2021-09-27,0
2020-09-06,12,1901,2021-09-27,0
2020-09-07,3,1904,2021-09-27,0
2020-09-08,6,1910,2021-09-27,0
2020-09-09,10,1920,2021-09-27,0
2020-09-10,9,1929,2021-09-27,0
2020-09-11,11,1940,2021-09-27,0
2020-09-12,8,1948,2021-09-27,0
2020-09-13,8,1956,2021-09-27,0
2020-09-14,2,1958,2021-09-27,0
2020-09-15,7,1965,2021-09-27,0
2020-09-16,9,1974,2021-09-27,0
2020-09-17,5,1979,2021-09-27,0
2020-09-18,6,1985,2021-09-27,0
2020-09-19,4,1989,2021-09-27,0
2020-09-20,9,1998,2021-09-27,0
2020-09-21,7,2005,2021-09-27,0
2020-09-22,8,2013,2021-09-27,0
2020-09-23,9,2022,2021-09-27,0
2020-09-24,8,2030,2021-09-27,0
2020-09-25,11,2041,2021-09-27,0
2020-09-26,9,2050,2021-09-27,0
2020-09-27,14,2064,2021-09-27,0
2020-09-28,11,2075,2021-09-27,0
2020-09-29,5,2080,2021-09-27,0
2020-09-30,16,2096,2021-09-27,0
2020-10-01,7,2103,2021-09-27,0
2020-10-02,13,2116,2021-09-27,0
2020-10-03,9,2125,2021-09-27,0
2020-10-04,7,2132,2021-09-27,0
2020-10-05,10,2142,2021-09-27,0
2020-10-06,13,2155,2021-09-27,0
2020-10-07,19,2174,2021-09-27,0
2020-10-08,9,2183,2021-09-27,0
2020-10-09,17,2200,2021-09-27,0
2020-10-10,16,2216,2021-09-27,0
2020-10-11,16,2232,2021-09-27,0
2020-10-12,20,2252,2021-09-27,0
2020-10-13,14,2266,2021-09-27,0
2020-10-14,10,2276,2021-09-27,0
2020-10-15,9,2285,2021-09-27,0
2020-10-16,12,2297,2021-09-27,0
2020-10-17,18,2315,2021-09-27,0
2020-10-18,25,2340,2021-09-27,0
2020-10-19,18,2358,2021-09-27,0
2020-10-20,15,2373,2021-09-27,0
2020-10-21,24,2397,2021-09-27,0
2020-10-22,18,2415,2021-09-27,0
2020-10-23,19,2434,2021-09-27,0
2020-10-24,8,2442,2021-09-27,0
2020-10-25,17,2459,2021-09-27,0
2020-10-26,25,2484,2021-09-27,0
2020-10-27,23,2507,2021-09-27,0
2020-10-28,29,2536,2021-09-27,0
2020-10-29,18,2554,2021-09-27,0
2020-10-30,27,2581,2021-09-27,0
2020-10-31,25,2606,2021-09-27,0
2020-11-01,21,2627,2021-09-27,0
2020-11-02,25,2652,2021-09-27,0
2020-11-03,25,2677,2021-09-27,0
2020-11-04,33,2710,2021-09-27,0
2020-11-05,38,2748,2021-09-27,0
2020-11-06,39,2787,2021-09-27,0
2020-11-07,42,2829,2021-09-27,0
2020-11-08,47,2876,2021-09-27,0
2020-11-09,36,2912,2021-09-27,0
2020-11-10,35,2947,2021-09-27,0
2020-11-11,43,2990,2021-09-27,0
2020-11-12,45,3035,2021-09-27,0
2020-11-13,40,3075,2021-09-27,0
2020-11-14,47,3122,2021-09-27,0
2020-11-15,46,3168,2021-09-27,0
2020-11-16,62,3230,2021-09-27,0
2020-11-17,56,3286,2021-09-27,0
2020-11-18,61,3347,2021-09-27,0
2020-11-19,60,3407,2021-09-27,0
2020-11-20,63,3470,2021-09-27,0
2020-11-21,58,3528,2021-09-27,0
2020-11-22,67,3595,2021-09-27,0
2020-11-23,59,3654,2021-09-27,0
2020-11-24,69,3723,2021-09-27,0
2020-11-25,72,3795,2021-09-27,0
2020-11-26,54,3849,2021-09-27,0
2020-11-27,69,3918,2021-09-27,0
2020-11-28,61,3979,2021-09-27,0
2020-11-29,68,4047,2021-09-27,0
2020-11-30,61,4108,2021-09-27,0
2020-12-01,64,4172,2021-09-27,0
2020-12-02,73,4245,2021-09-27,0
2020-12-03,86,4331,2021-09-27,0
2020-12-04,67,4398,2021-09-27,0
2020-12-05,74,4472,2021-09-27,0
2020-12-06,80,4552,2021-09-27,0
2020-12-07,75,4627,2021-09-27,0
2020-12-08,61,4688,2021-09-27,0
2020-12-09,71,4759,2021-09-27,0
2020-12-10,72,4831,2021-09-27,0
2020-12-11,71,4902,2021-09-27,0
2020-12-12,72,4974,2021-09-27,0
2020-12-13,56,5030,2021-09-27,0
2020-12-14,43,5073,2021-09-27,0
2020-12-15,65,5138,2021-09-27,0
2020-12-16,72,5210,2021-09-27,0
2020-12-17,60,5270,2021-09-27,0
2020-12-18,59,5329,2021-09-27,0
2020-12-19,56,5385,2021-09-27,0
2020-12-20,60,5445,2021-09-27,0
2020-12-21,58,5503,2021-09-27,0
2020-12-22,33,5536,2021-09-27,0
2020-12-23,46,5582,2021-09-27,0
2020-12-24,50,5632,2021-09-27,0
2020-12-25,36,5668,2021-09-27,0
2020-12-26,43,5711,2021-09-27,0
2020-12-27,41,5752,2021-09-27,0
2020-12-28,34,5786,2021-09-27,0
2020-12-29,37,5823,2021-09-27,0
2020-12-30,47,5870,2021-09-27,0
2020-12-31,36,5906,2021-09-27,0
2021-01-01,28,5934,2021-09-27,0
2021-01-02,46,5980,2021-09-27,0
2021-01-03,37,6017,2021-09-27,0
2021-01-04,32,6049,2021-09-27,0
2021-01-05,40,6089,2021-09-27,0
2021-01-06,32,6121,2021-09-27,0
2021-01-07,37,6158,2021-09-27,0
2021-01-08,32,6190,2021-09-27,0
2021-01-09,26,6216,2021-09-27,0
2021-01-10,29,6245,2021-09-27,0
2021-01-11,26,6271,2021-09-27,0
2021-01-12,32,6303,2021-09-27,0
2021-01-13,23,6326,2021-09-27,0
2021-01-14,41,6367,2021-09-27,0
2021-01-15,26,6393,2021-09-27,0
2021-01-16,30,6423,2021-09-27,0
2021-01-17,21,6444,2021-09-27,0
2021-01-18,19,6463,2021-09-27,0
2021-01-19,14,6477,2021-09-27,0
2021-01-20,26,6503,2021-09-27,0
2021-01-21,16,6519,2021-09-27,0
2021-01-22,13,6532,2021-09-27,0
2021-01-23,17,6549,2021-09-27,0
2021-01-24,24,6573,2021-09-27,0
2021-01-25,18,6591,2021-09-27,0
2021-01-26,21,6612,2021-09-27,0
2021-01-27,11,6623,2021-09-27,0
2021-01-28,12,6635,2021-09-27,0
2021-01-29,15,6650,2021-09-27,0
2021-01-30,13,6663,2021-09-27,0
2021-01-31,16,6679,2021-09-27,0
2021-02-01,17,6696,2021-09-27,0
2021-02-02,10,6706,2021-09-27,0
2021-02-03,11,6717,2021-09-27,0
2021-02-04,11,6728,2021-09-27,0
2021-02-05,12,6740,2021-09-27,0
2021-02-06,12,6752,2021-09-27,0
2021-02-07,19,6771,2021-09-27,0
2021-02-08,11,6782,2021-09-27,0
2021-02-09,15,6797,2021-09-27,0
2021-02-10,13,6810,2021-09-27,0
2021-02-11,7,6817,2021-09-27,0
2021-02-12,13,6830,2021-09-27,0
2021-02-13,8,6838,2021-09-27,0
2021-02-14,10,6848,2021-09-27,0
2021-02-15,9,6857,2021-09-27,0
2021-02-16,12,6869,2021-09-27,0
2021-02-17,10,6879,2021-09-27,0
2021-02-18,7,6886,2021-09-27,0
2021-02-19,6,6892,2021-09-27,0
2021-02-20,7,6899,2021-09-27,0
2021-02-21,4,6903,2021-09-27,0
2021-02-22,5,6908,2021-09-27,0
2021-02-23,9,6917,2021-09-27,0
2021-02-24,5,6922,2021-09-27,0
2021-02-25,5,6927,2021-09-27,0
2021-02-26,7,6934,2021-09-27,0
2021-02-27,6,6940,2021-09-27,0
2021-02-28,8,6948,2021-09-27,0
2021-03-01,7,6955,2021-09-27,0
2021-03-02,3,6958,2021-09-27,0
2021-03-03,10,6968,2021-09-27,0
2021-03-04,6,6974,2021-09-27,0
2021-03-05,10,6984,2021-09-27,0
2021-03-06,5,6989,2021-09-27,0
2021-03-07,9,6998,2021-09-27,0
2021-03-08,5,7003,2021-09-27,0
2021-03-09,7,7010,2021-09-27,0
2021-03-10,5,7015,2021-09-27,0
2021-03-11,4,7019,2021-09-27,0
2021-03-12,11,7030,2021-09-27,0
2021-03-13,5,7035,2021-09-27,0
2021-03-14,4,7039,2021-09-27,0
2021-03-15,2,7041,2021-09-27,0
2021-03-16,6,7047,2021-09-27,0
2021-03-17,4,7051,2021-09-27,0
2021-03-18,5,7056,2021-09-27,0
2021-03-19,5,7061,2021-09-27,0
2021-03-20,9,7070,2021-09-27,0
2021-03-21,5,7075,2021-09-27,0
2021-03-22,4,7079,2021-09-27,0
2021-03-23,5,7084,2021-09-27,0
2021-03-24,1,7085,2021-09-27,0
2021-03-25,5,7090,2021-09-27,0
2021-03-26,3,7093,2021-09-27,0
2021-03-27,7,7100,2021-09-27,0
2021-03-28,6,7106,2021-09-27,0
2021-03-29,5,7111,2021-09-27,0
2021-03-30,6,7117,2021-09-27,0
2021-03-31,8,7125,2021-09-27,0
2021-04-01,6,7131,2021-09-27,0
2021-04-02,9,7140,2021-09-27,0
2021-04-03,8,7148,2021-09-27,0
2021-04-04,6,7154,2021-09-27,0
2021-04-05,8,7162,2021-09-27,0
2021-04-06,6,7168,2021-09-27,0
2021-04-07,6,7174,2021-09-27,0
2021-04-08,10,7184,2021-09-27,0
2021-04-09,7,7191,2021-09-27,0
2021-04-10,7,7198,2021-09-27,0
2021-04-11,8,7206,2021-09-27,0
2021-04-12,10,7216,2021-09-27,0
2021-04-13,7,7223,2021-09-27,0
2021-04-14,8,7231,2021-09-27,0
2021-04-15,14,7245,2021-09-27,0
2021-04-16,8,7253,2021-09-27,0
2021-04-17,8,7261,2021-09-27,0
2021-04-18,8,7269,2021-09-27,0
2021-04-19,10,7279,2021-09-27,0
2021-04-20,5,7284,2021-09-27,0
2021-04-21,8,7292,2021-09-27,0
2021-04-22,1,7293,2021-09-27,0
2021-04-23,15,7308,2021-09-27,0
2021-04-24,11,7319,2021-09-27,0
2021-04-25,15,7334,2021-09-27,0
2021-04-26,14,7348,2021-09-27,0
2021-04-27,7,7355,2021-09-27,0
2021-04-28,14,7369,2021-09-27,0
2021-04-29,8,7377,2021-09-27,0
2021-04-30,11,7388,2021-09-27,0
2021-05-01,7,7395,2021-09-27,0
2021-05-02,8,7403,2021-09-27,0
2021-05-03,5,7408,2021-09-27,0
2021-05-04,13,7421,2021-09-27,0
2021-05-05,8,7429,2021-09-27,0
2021-05-06,5,7434,2021-09-27,0
2021-05-07,8,7442,2021-09-27,0
2021-05-08,7,7449,2021-09-27,0
2021-05-09,9,7458,2021-09-27,0
2021-05-10,8,7466,2021-09-27,0
2021-05-11,6,7472,2021-09-27,0
2021-05-12,9,7481,2021-09-27,0
2021-05-13,9,7490,2021-09-27,0
2021-05-14,11,7501,2021-09-27,0
2021-05-15,9,7510,2021-09-27,0
2021-05-16,6,7516,2021-09-27,0
2021-05-17,5,7521,2021-09-27,0
2021-05-18,7,7528,2021-09-27,0
2021-05-19,2,7530,2021-09-27,0
2021-05-20,5,7535,2021-09-27,0
2021-05-21,7,7542,2021-09-27,0
2021-05-22,11,7553,2021-09-27,0
2021-05-23,5,7558,2021-09-27,0
2021-05-24,5,7563,2021-09-27,0
2021-05-25,6,7569,2021-09-27,0
2021-05-26,3,7572,2021-09-27,0
2021-05-27,7,7579,2021-09-27,0
2021-05-28,2,7581,2021-09-27,0
2021-05-29,6,7587,2021-09-27,0
2021-05-30,4,7591,2021-09-27,0
2021-05-31,3,7594,2021-09-27,0
2021-06-01,5,7599,2021-09-27,0
2021-06-02,8,7607,2021-09-27,0
2021-06-03,4,7611,2021-09-27,0
2021-06-04,4,7615,2021-09-27,0
2021-06-05,2,7617,2021-09-27,0
2021-06-06,5,7622,2021-09-27,0
2021-06-07,3,7625,2021-09-27,0
2021-06-08,5,7630,2021-09-27,0
2021-06-09,4,7634,2021-09-27,0
2021-06-10,6,7640,2021-09-27,0
2021-06-11,6,7646,2021-09-27,0
2021-06-12,4,7650,2021-09-27,0
2021-06-13,4,7654,2021-09-27,0
2021-06-14,3,7657,2021-09-27,0
2021-06-15,2,7659,2021-09-27,0
2021-06-16,2,7661,2021-09-27,0
2021-06-17,4,7665,2021-09-27,0
2021-06-18,1,7666,2021-09-27,0
2021-06-19,6,7672,2021-09-27,0
2021-06-20,1,7673,2021-09-27,0
2021-06-21,5,7678,2021-09-27,0
2021-06-22,3,7681,2021-09-27,0
2021-06-23,4,7685,2021-09-27,0
2021-06-24,3,7688,2021-09-27,0
2021-06-25,3,7691,2021-09-27,0
2021-06-26,4,7695,2021-09-27,0
2021-06-27,2,7697,2021-09-27,0
2021-06-28,2,7699,2021-09-27,0
2021-06-29,2,7701,2021-09-27,0
2021-06-30,2,7703,2021-09-27,0
2021-07-01,0,7703,2021-09-27,0
2021-07-02,2,7705,2021-09-27,0
2021-07-03,2,7707,2021-09-27,0
2021-07-04,3,7710,2021-09-27,0
2021-07-05,1,7711,2021-09-27,0
2021-07-06,4,7715,2021-09-27,0
2021-07-07,1,7716,2021-09-27,0
2021-07-08,1,7717,2021-09-27,0
2021-07-09,0,7717,2021-09-27,0
2021-07-10,1,7718,2021-09-27,0
2021-07-11,2,7720,2021-09-27,0
2021-07-12,1,7721,2021-09-27,0
2021-07-13,2,7723,2021-09-27,0
2021-07-14,2,7725,2021-09-27,0
2021-07-15,2,7727,2021-09-27,0
2021-07-16,1,7728,2021-09-27,0
2021-07-17,1,7729,2021-09-27,0
2021-07-18,0,7729,2021-09-27,0
2021-07-19,0,7729,2021-09-27,0
2021-07-20,2,7731,2021-09-27,0
2021-07-21,2,7733,2021-09-27,0
2021-07-22,2,7735,2021-09-27,0
2021-07-23,3,7738,2021-09-27,0
2021-07-24,0,7738,2021-09-27,0
2021-07-25,2,7740,2021-09-27,0
2021-07-26,1,7741,2021-09-27,0
2021-07-27,2,7743,2021-09-27,0
2021-07-28,3,7746,2021-09-27,0
2021-07-29,2,7748,2021-09-27,0
2021-07-30,5,7753,2021-09-27,0
2021-07-31,4,7757,2021-09-27,0
2021-08-01,1,7758,2021-09-27,0
2021-08-02,3,7761,2021-09-27,0
2021-08-03,2,7763,2021-09-27,0
2021-08-04,3,7766,2021-09-27,0
2021-08-05,2,7768,2021-09-27,0
2021-08-06,7,7775,2021-09-27,0
2021-08-07,3,7778,2021-09-27,0
2021-08-08,2,7780,2021-09-27,0
2021-08-09,3,7783,2021-09-27,0
2021-08-10,2,7785,2021-09-27,0
2021-08-11,2,7787,2021-09-27,0
2021-08-12,7,7794,2021-09-27,0
2021-08-13,5,7799,2021-09-27,0
2021-08-14,6,7805,2021-09-27,0
2021-08-15,0,7805,2021-09-27,0
2021-08-16,6,7811,2021-09-27,0
2021-08-17,7,7818,2021-09-27,0
2021-08-18,9,7827,2021-09-27,0
2021-08-19,2,7829,2021-09-27,0
2021-08-20,3,7832,2021-09-27,0
2021-08-21,5,7837,2021-09-27,0
2021-08-22,7,7844,2021-09-27,0
2021-08-23,4,7848,2021-09-27,0
2021-08-24,12,7860,2021-09-27,0
2021-08-25,7,7867,2021-09-27,0
2021-08-26,2,7869,2021-09-27,0
2021-08-27,6,7875,2021-09-27,0
2021-08-28,10,7885,2021-09-27,0
2021-08-29,11,7896,2021-09-27,0
2021-08-30,7,7903,2021-09-27,0
2021-08-31,6,7909,2021-09-27,0
2021-09-01,5,7914,2021-09-27,0
2021-09-02,6,7920,2021-09-27,0
2021-09-03,9,7929,2021-09-27,0
2021-09-04,8,7937,2021-09-27,0
2021-09-05,10,7947,2021-09-27,0
2021-09-06,6,7953,2021-09-27,0
2021-09-07,7,7960,2021-09-27,1
2021-09-08,9,7969,2021-09-27,0
2021-09-09,3,7972,2021-09-27,0
2021-09-10,7,7979,2021-09-27,0
2021-09-11,15,7994,2021-09-27,0
2021-09-12,10,8004,2021-09-27,1
2021-09-13,6,8010,2021-09-27,0
2021-09-14,10,8020,2021-09-27,1
2021-09-15,12,8032,2021-09-27,0
2021-09-16,12,8044,2021-09-27,2
2021-09-17,7,8051,2021-09-27,1
2021-09-18,12,8063,2021-09-27,2
2021-09-19,9,8072,2021-09-27,1
2021-09-20,12,8084,2021-09-27,2
2021-09-21,6,8090,2021-09-27,3
2021-09-22,8,8098,2021-09-27,8
NA,0,8098,2021-09-27,0
2020-03-19,1,1,2021-09-28,0
2020-03-20,0,1,2021-09-28,0
2020-03-21,0,1,2021-09-28,0
2020-03-22,0,1,2021-09-28,0
2020-03-23,0,1,2021-09-28,0
2020-03-24,1,2,2021-09-28,0
2020-03-25,1,3,2021-09-28,0
2020-03-26,1,4,2021-09-28,0
2020-03-27,5,9,2021-09-28,0
2020-03-28,3,12,2021-09-28,0
2020-03-29,0,12,2021-09-28,0
2020-03-30,5,17,2021-09-28,0
2020-03-31,2,19,2021-09-28,0
2020-04-01,5,24,2021-09-28,0
2020-04-02,3,27,2021-09-28,0
2020-04-03,1,28,2021-09-28,0
2020-04-04,5,33,2021-09-28,0
2020-04-05,5,38,2021-09-28,0
2020-04-06,10,48,2021-09-28,0
2020-04-07,6,54,2021-09-28,0
2020-04-08,7,61,2021-09-28,0
2020-04-09,8,69,2021-09-28,0
2020-04-10,6,75,2021-09-28,0
2020-04-11,4,79,2021-09-28,0
2020-04-12,4,83,2021-09-28,0
2020-04-13,10,93,2021-09-28,0
2020-04-14,6,99,2021-09-28,0
2020-04-15,17,116,2021-09-28,0
2020-04-16,10,126,2021-09-28,0
2020-04-17,17,143,2021-09-28,0
2020-04-18,17,160,2021-09-28,0
2020-04-19,16,176,2021-09-28,0
2020-04-20,21,197,2021-09-28,0
2020-04-21,26,223,2021-09-28,0
2020-04-22,21,244,2021-09-28,0
2020-04-23,19,263,2021-09-28,0
2020-04-24,23,286,2021-09-28,0
2020-04-25,18,304,2021-09-28,0
2020-04-26,17,321,2021-09-28,0
2020-04-27,21,342,2021-09-28,0
2020-04-28,16,358,2021-09-28,0
2020-04-29,29,387,2021-09-28,0
2020-04-30,18,405,2021-09-28,0
2020-05-01,30,435,2021-09-28,0
2020-05-02,19,454,2021-09-28,0
2020-05-03,29,483,2021-09-28,0
2020-05-04,23,506,2021-09-28,0
2020-05-05,19,525,2021-09-28,0
2020-05-06,25,550,2021-09-28,0
2020-05-07,30,580,2021-09-28,0
2020-05-08,20,600,2021-09-28,0
2020-05-09,26,626,2021-09-28,0
2020-05-10,19,645,2021-09-28,0
2020-05-11,25,670,2021-09-28,0
2020-05-12,20,690,2021-09-28,0
2020-05-13,22,712,2021-09-28,0
2020-05-14,20,732,2021-09-28,0
2020-05-15,20,752,2021-09-28,0
2020-05-16,20,772,2021-09-28,0
2020-05-17,23,795,2021-09-28,0
2020-05-18,18,813,2021-09-28,0
2020-05-19,35,848,2021-09-28,0
2020-05-20,24,872,2021-09-28,0
2020-05-21,17,889,2021-09-28,0
2020-05-22,20,909,2021-09-28,0
2020-05-23,26,935,2021-09-28,0
2020-05-24,25,960,2021-09-28,0
2020-05-25,30,990,2021-09-28,0
2020-05-26,29,1019,2021-09-28,0
2020-05-27,25,1044,2021-09-28,0
2020-05-28,21,1065,2021-09-28,0
2020-05-29,17,1082,2021-09-28,0
2020-05-30,11,1093,2021-09-28,0
2020-05-31,20,1113,2021-09-28,0
2020-06-01,23,1136,2021-09-28,0
2020-06-02,21,1157,2021-09-28,0
2020-06-03,25,1182,2021-09-28,0
2020-06-04,26,1208,2021-09-28,0
2020-06-05,18,1226,2021-09-28,0
2020-06-06,12,1238,2021-09-28,0
2020-06-07,22,1260,2021-09-28,0
2020-06-08,12,1272,2021-09-28,0
2020-06-09,13,1285,2021-09-28,0
2020-06-10,10,1295,2021-09-28,0
2020-06-11,12,1307,2021-09-28,0
2020-06-12,11,1318,2021-09-28,0
2020-06-13,13,1331,2021-09-28,0
2020-06-14,11,1342,2021-09-28,0
2020-06-15,8,1350,2021-09-28,0
2020-06-16,9,1359,2021-09-28,0
2020-06-17,17,1376,2021-09-28,0
2020-06-18,9,1385,2021-09-28,0
2020-06-19,8,1393,2021-09-28,0
2020-06-20,12,1405,2021-09-28,0
2020-06-21,11,1416,2021-09-28,0
2020-06-22,6,1422,2021-09-28,0
2020-06-23,10,1432,2021-09-28,0
2020-06-24,1,1433,2021-09-28,0
2020-06-25,9,1442,2021-09-28,0
2020-06-26,6,1448,2021-09-28,0
2020-06-27,5,1453,2021-09-28,0
2020-06-28,11,1464,2021-09-28,0
2020-06-29,7,1471,2021-09-28,0
2020-06-30,9,1480,2021-09-28,0
2020-07-01,2,1482,2021-09-28,0
2020-07-02,3,1485,2021-09-28,0
2020-07-03,5,1490,2021-09-28,0
2020-07-04,4,1494,2021-09-28,0
2020-07-05,6,1500,2021-09-28,0
2020-07-06,4,1504,2021-09-28,0
2020-07-07,2,1506,2021-09-28,0
2020-07-08,9,1515,2021-09-28,0
2020-07-09,4,1519,2021-09-28,0
2020-07-10,3,1522,2021-09-28,0
2020-07-11,4,1526,2021-09-28,0
2020-07-12,6,1532,2021-09-28,0
2020-07-13,2,1534,2021-09-28,0
2020-07-14,6,1540,2021-09-28,0
2020-07-15,7,1547,2021-09-28,0
2020-07-16,3,1550,2021-09-28,0
2020-07-17,7,1557,2021-09-28,0
2020-07-18,6,1563,2021-09-28,0
2020-07-19,5,1568,2021-09-28,0
2020-07-20,3,1571,2021-09-28,0
2020-07-21,6,1577,2021-09-28,0
2020-07-22,5,1582,2021-09-28,0
2020-07-23,8,1590,2021-09-28,0
2020-07-24,6,1596,2021-09-28,0
2020-07-25,2,1598,2021-09-28,0
2020-07-26,5,1603,2021-09-28,0
2020-07-27,5,1608,2021-09-28,0
2020-07-28,7,1615,2021-09-28,0
2020-07-29,3,1618,2021-09-28,0
2020-07-30,6,1624,2021-09-28,0
2020-07-31,9,1633,2021-09-28,0
2020-08-01,4,1637,2021-09-28,0
2020-08-02,7,1644,2021-09-28,0
2020-08-03,4,1648,2021-09-28,0
2020-08-04,7,1655,2021-09-28,0
2020-08-05,8,1663,2021-09-28,0
2020-08-06,9,1672,2021-09-28,0
2020-08-07,7,1679,2021-09-28,0
2020-08-08,6,1685,2021-09-28,0
2020-08-09,10,1695,2021-09-28,0
2020-08-10,3,1698,2021-09-28,0
2020-08-11,9,1707,2021-09-28,0
2020-08-12,7,1714,2021-09-28,0
2020-08-13,5,1719,2021-09-28,0
2020-08-14,9,1728,2021-09-28,0
2020-08-15,13,1741,2021-09-28,0
2020-08-16,13,1754,2021-09-28,0
2020-08-17,6,1760,2021-09-28,0
2020-08-18,11,1771,2021-09-28,0
2020-08-19,3,1774,2021-09-28,0
2020-08-20,10,1784,2021-09-28,0
2020-08-21,12,1796,2021-09-28,0
2020-08-22,9,1805,2021-09-28,0
2020-08-23,7,1812,2021-09-28,0
2020-08-24,9,1821,2021-09-28,0
2020-08-25,4,1825,2021-09-28,0
2020-08-26,3,1828,2021-09-28,0
2020-08-27,7,1835,2021-09-28,0
2020-08-28,6,1841,2021-09-28,0
2020-08-29,3,1844,2021-09-28,0
2020-08-30,5,1849,2021-09-28,0
2020-08-31,9,1858,2021-09-28,0
2020-09-01,2,1860,2021-09-28,0
2020-09-02,7,1867,2021-09-28,0
2020-09-03,12,1879,2021-09-28,0
2020-09-04,4,1883,2021-09-28,0
2020-09-05,6,1889,2021-09-28,0
2020-09-06,12,1901,2021-09-28,0
2020-09-07,3,1904,2021-09-28,0
2020-09-08,6,1910,2021-09-28,0
2020-09-09,10,1920,2021-09-28,0
2020-09-10,9,1929,2021-09-28,0
2020-09-11,11,1940,2021-09-28,0
2020-09-12,8,1948,2021-09-28,0
2020-09-13,8,1956,2021-09-28,0
2020-09-14,2,1958,2021-09-28,0
2020-09-15,7,1965,2021-09-28,0
2020-09-16,9,1974,2021-09-28,0
2020-09-17,5,1979,2021-09-28,0
2020-09-18,6,1985,2021-09-28,0
2020-09-19,4,1989,2021-09-28,0
2020-09-20,9,1998,2021-09-28,0
2020-09-21,7,2005,2021-09-28,0
2020-09-22,8,2013,2021-09-28,0
2020-09-23,9,2022,2021-09-28,0
2020-09-24,8,2030,2021-09-28,0
2020-09-25,11,2041,2021-09-28,0
2020-09-26,9,2050,2021-09-28,0
2020-09-27,14,2064,2021-09-28,0
2020-09-28,11,2075,2021-09-28,0
2020-09-29,5,2080,2021-09-28,0
2020-09-30,16,2096,2021-09-28,0
2020-10-01,7,2103,2021-09-28,0
2020-10-02,13,2116,2021-09-28,0
2020-10-03,9,2125,2021-09-28,0
2020-10-04,7,2132,2021-09-28,0
2020-10-05,10,2142,2021-09-28,0
2020-10-06,13,2155,2021-09-28,0
2020-10-07,19,2174,2021-09-28,0
2020-10-08,9,2183,2021-09-28,0
2020-10-09,17,2200,2021-09-28,0
2020-10-10,16,2216,2021-09-28,0
2020-10-11,16,2232,2021-09-28,0
2020-10-12,20,2252,2021-09-28,0
2020-10-13,14,2266,2021-09-28,0
2020-10-14,10,2276,2021-09-28,0
2020-10-15,9,2285,2021-09-28,0
2020-10-16,12,2297,2021-09-28,0
2020-10-17,18,2315,2021-09-28,0
2020-10-18,25,2340,2021-09-28,0
2020-10-19,18,2358,2021-09-28,0
2020-10-20,15,2373,2021-09-28,0
2020-10-21,24,2397,2021-09-28,0
2020-10-22,18,2415,2021-09-28,0
2020-10-23,19,2434,2021-09-28,0
2020-10-24,8,2442,2021-09-28,0
2020-10-25,17,2459,2021-09-28,0
2020-10-26,25,2484,2021-09-28,0
2020-10-27,23,2507,2021-09-28,0
2020-10-28,29,2536,2021-09-28,0
2020-10-29,18,2554,2021-09-28,0
2020-10-30,27,2581,2021-09-28,0
2020-10-31,25,2606,2021-09-28,0
2020-11-01,21,2627,2021-09-28,0
2020-11-02,25,2652,2021-09-28,0
2020-11-03,25,2677,2021-09-28,0
2020-11-04,33,2710,2021-09-28,0
2020-11-05,38,2748,2021-09-28,0
2020-11-06,39,2787,2021-09-28,0
2020-11-07,42,2829,2021-09-28,0
2020-11-08,47,2876,2021-09-28,0
2020-11-09,36,2912,2021-09-28,0
2020-11-10,35,2947,2021-09-28,0
2020-11-11,43,2990,2021-09-28,0
2020-11-12,45,3035,2021-09-28,0
2020-11-13,40,3075,2021-09-28,0
2020-11-14,47,3122,2021-09-28,0
2020-11-15,46,3168,2021-09-28,0
2020-11-16,62,3230,2021-09-28,0
2020-11-17,56,3286,2021-09-28,0
2020-11-18,61,3347,2021-09-28,0
2020-11-19,60,3407,2021-09-28,0
2020-11-20,63,3470,2021-09-28,0
2020-11-21,58,3528,2021-09-28,0
2020-11-22,67,3595,2021-09-28,0
2020-11-23,59,3654,2021-09-28,0
2020-11-24,69,3723,2021-09-28,0
2020-11-25,72,3795,2021-09-28,0
2020-11-26,54,3849,2021-09-28,0
2020-11-27,69,3918,2021-09-28,0
2020-11-28,61,3979,2021-09-28,0
2020-11-29,68,4047,2021-09-28,0
2020-11-30,61,4108,2021-09-28,0
2020-12-01,64,4172,2021-09-28,0
2020-12-02,73,4245,2021-09-28,0
2020-12-03,86,4331,2021-09-28,0
2020-12-04,67,4398,2021-09-28,0
2020-12-05,74,4472,2021-09-28,0
2020-12-06,80,4552,2021-09-28,0
2020-12-07,75,4627,2021-09-28,0
2020-12-08,61,4688,2021-09-28,0
2020-12-09,71,4759,2021-09-28,0
2020-12-10,72,4831,2021-09-28,0
2020-12-11,71,4902,2021-09-28,0
2020-12-12,72,4974,2021-09-28,0
2020-12-13,56,5030,2021-09-28,0
2020-12-14,43,5073,2021-09-28,0
2020-12-15,65,5138,2021-09-28,0
2020-12-16,72,5210,2021-09-28,0
2020-12-17,60,5270,2021-09-28,0
2020-12-18,59,5329,2021-09-28,0
2020-12-19,56,5385,2021-09-28,0
2020-12-20,60,5445,2021-09-28,0
2020-12-21,58,5503,2021-09-28,0
2020-12-22,33,5536,2021-09-28,0
2020-12-23,46,5582,2021-09-28,0
2020-12-24,50,5632,2021-09-28,0
2020-12-25,36,5668,2021-09-28,0
2020-12-26,43,5711,2021-09-28,0
2020-12-27,41,5752,2021-09-28,0
2020-12-28,34,5786,2021-09-28,0
2020-12-29,37,5823,2021-09-28,0
2020-12-30,47,5870,2021-09-28,0
2020-12-31,36,5906,2021-09-28,0
2021-01-01,28,5934,2021-09-28,0
2021-01-02,46,5980,2021-09-28,0
2021-01-03,37,6017,2021-09-28,0
2021-01-04,32,6049,2021-09-28,0
2021-01-05,40,6089,2021-09-28,0
2021-01-06,32,6121,2021-09-28,0
2021-01-07,37,6158,2021-09-28,0
2021-01-08,32,6190,2021-09-28,0
2021-01-09,26,6216,2021-09-28,0
2021-01-10,29,6245,2021-09-28,0
2021-01-11,26,6271,2021-09-28,0
2021-01-12,32,6303,2021-09-28,0
2021-01-13,23,6326,2021-09-28,0
2021-01-14,41,6367,2021-09-28,0
2021-01-15,26,6393,2021-09-28,0
2021-01-16,30,6423,2021-09-28,0
2021-01-17,21,6444,2021-09-28,0
2021-01-18,19,6463,2021-09-28,0
2021-01-19,14,6477,2021-09-28,0
2021-01-20,26,6503,2021-09-28,0
2021-01-21,16,6519,2021-09-28,0
2021-01-22,13,6532,2021-09-28,0
2021-01-23,17,6549,2021-09-28,0
2021-01-24,24,6573,2021-09-28,0
2021-01-25,18,6591,2021-09-28,0
2021-01-26,21,6612,2021-09-28,0
2021-01-27,11,6623,2021-09-28,0
2021-01-28,12,6635,2021-09-28,0
2021-01-29,15,6650,2021-09-28,0
2021-01-30,13,6663,2021-09-28,0
2021-01-31,16,6679,2021-09-28,0
2021-02-01,17,6696,2021-09-28,0
2021-02-02,10,6706,2021-09-28,0
2021-02-03,11,6717,2021-09-28,0
2021-02-04,11,6728,2021-09-28,0
2021-02-05,12,6740,2021-09-28,0
2021-02-06,12,6752,2021-09-28,0
2021-02-07,19,6771,2021-09-28,0
2021-02-08,11,6782,2021-09-28,0
2021-02-09,15,6797,2021-09-28,0
2021-02-10,13,6810,2021-09-28,0
2021-02-11,7,6817,2021-09-28,0
2021-02-12,13,6830,2021-09-28,0
2021-02-13,8,6838,2021-09-28,0
2021-02-14,10,6848,2021-09-28,0
2021-02-15,9,6857,2021-09-28,0
2021-02-16,12,6869,2021-09-28,0
2021-02-17,10,6879,2021-09-28,0
2021-02-18,7,6886,2021-09-28,0
2021-02-19,6,6892,2021-09-28,0
2021-02-20,7,6899,2021-09-28,0
2021-02-21,4,6903,2021-09-28,0
2021-02-22,5,6908,2021-09-28,0
2021-02-23,9,6917,2021-09-28,0
2021-02-24,5,6922,2021-09-28,0
2021-02-25,5,6927,2021-09-28,0
2021-02-26,7,6934,2021-09-28,0
2021-02-27,6,6940,2021-09-28,0
2021-02-28,8,6948,2021-09-28,0
2021-03-01,7,6955,2021-09-28,0
2021-03-02,3,6958,2021-09-28,0
2021-03-03,10,6968,2021-09-28,0
2021-03-04,6,6974,2021-09-28,0
2021-03-05,10,6984,2021-09-28,0
2021-03-06,5,6989,2021-09-28,0
2021-03-07,9,6998,2021-09-28,0
2021-03-08,5,7003,2021-09-28,0
2021-03-09,7,7010,2021-09-28,0
2021-03-10,5,7015,2021-09-28,0
2021-03-11,4,7019,2021-09-28,0
2021-03-12,11,7030,2021-09-28,0
2021-03-13,5,7035,2021-09-28,0
2021-03-14,4,7039,2021-09-28,0
2021-03-15,2,7041,2021-09-28,0
2021-03-16,6,7047,2021-09-28,0
2021-03-17,4,7051,2021-09-28,0
2021-03-18,5,7056,2021-09-28,0
2021-03-19,5,7061,2021-09-28,0
2021-03-20,9,7070,2021-09-28,0
2021-03-21,5,7075,2021-09-28,0
2021-03-22,4,7079,2021-09-28,0
2021-03-23,5,7084,2021-09-28,0
2021-03-24,1,7085,2021-09-28,0
2021-03-25,5,7090,2021-09-28,0
2021-03-26,3,7093,2021-09-28,0
2021-03-27,7,7100,2021-09-28,0
2021-03-28,6,7106,2021-09-28,0
2021-03-29,5,7111,2021-09-28,0
2021-03-30,6,7117,2021-09-28,0
2021-03-31,8,7125,2021-09-28,0
2021-04-01,6,7131,2021-09-28,0
2021-04-02,9,7140,2021-09-28,0
2021-04-03,8,7148,2021-09-28,0
2021-04-04,6,7154,2021-09-28,0
2021-04-05,8,7162,2021-09-28,0
2021-04-06,6,7168,2021-09-28,0
2021-04-07,6,7174,2021-09-28,0
2021-04-08,10,7184,2021-09-28,0
2021-04-09,7,7191,2021-09-28,0
2021-04-10,7,7198,2021-09-28,0
2021-04-11,8,7206,2021-09-28,0
2021-04-12,10,7216,2021-09-28,0
2021-04-13,7,7223,2021-09-28,0
2021-04-14,8,7231,2021-09-28,0
2021-04-15,14,7245,2021-09-28,0
2021-04-16,8,7253,2021-09-28,0
2021-04-17,8,7261,2021-09-28,0
2021-04-18,8,7269,2021-09-28,0
2021-04-19,10,7279,2021-09-28,0
2021-04-20,5,7284,2021-09-28,0
2021-04-21,8,7292,2021-09-28,0
2021-04-22,1,7293,2021-09-28,0
2021-04-23,15,7308,2021-09-28,0
2021-04-24,11,7319,2021-09-28,0
2021-04-25,15,7334,2021-09-28,0
2021-04-26,14,7348,2021-09-28,0
2021-04-27,7,7355,2021-09-28,0
2021-04-28,14,7369,2021-09-28,0
2021-04-29,8,7377,2021-09-28,0
2021-04-30,11,7388,2021-09-28,0
2021-05-01,7,7395,2021-09-28,0
2021-05-02,8,7403,2021-09-28,0
2021-05-03,5,7408,2021-09-28,0
2021-05-04,13,7421,2021-09-28,0
2021-05-05,8,7429,2021-09-28,0
2021-05-06,5,7434,2021-09-28,0
2021-05-07,8,7442,2021-09-28,0
2021-05-08,7,7449,2021-09-28,0
2021-05-09,9,7458,2021-09-28,0
2021-05-10,8,7466,2021-09-28,0
2021-05-11,6,7472,2021-09-28,0
2021-05-12,9,7481,2021-09-28,0
2021-05-13,9,7490,2021-09-28,0
2021-05-14,11,7501,2021-09-28,0
2021-05-15,9,7510,2021-09-28,0
2021-05-16,6,7516,2021-09-28,0
2021-05-17,5,7521,2021-09-28,0
2021-05-18,7,7528,2021-09-28,0
2021-05-19,2,7530,2021-09-28,0
2021-05-20,5,7535,2021-09-28,0
2021-05-21,7,7542,2021-09-28,0
2021-05-22,11,7553,2021-09-28,0
2021-05-23,5,7558,2021-09-28,0
2021-05-24,5,7563,2021-09-28,0
2021-05-25,6,7569,2021-09-28,0
2021-05-26,3,7572,2021-09-28,0
2021-05-27,7,7579,2021-09-28,0
2021-05-28,2,7581,2021-09-28,0
2021-05-29,6,7587,2021-09-28,0
2021-05-30,4,7591,2021-09-28,0
2021-05-31,3,7594,2021-09-28,0
2021-06-01,5,7599,2021-09-28,0
2021-06-02,8,7607,2021-09-28,0
2021-06-03,4,7611,2021-09-28,0
2021-06-04,4,7615,2021-09-28,0
2021-06-05,2,7617,2021-09-28,0
2021-06-06,5,7622,2021-09-28,0
2021-06-07,3,7625,2021-09-28,0
2021-06-08,5,7630,2021-09-28,0
2021-06-09,4,7634,2021-09-28,0
2021-06-10,6,7640,2021-09-28,0
2021-06-11,6,7646,2021-09-28,0
2021-06-12,4,7650,2021-09-28,0
2021-06-13,4,7654,2021-09-28,0
2021-06-14,3,7657,2021-09-28,0
2021-06-15,2,7659,2021-09-28,0
2021-06-16,2,7661,2021-09-28,0
2021-06-17,4,7665,2021-09-28,0
2021-06-18,1,7666,2021-09-28,0
2021-06-19,6,7672,2021-09-28,0
2021-06-20,1,7673,2021-09-28,0
2021-06-21,5,7678,2021-09-28,0
2021-06-22,3,7681,2021-09-28,0
2021-06-23,4,7685,2021-09-28,0
2021-06-24,3,7688,2021-09-28,0
2021-06-25,3,7691,2021-09-28,0
2021-06-26,4,7695,2021-09-28,0
2021-06-27,2,7697,2021-09-28,0
2021-06-28,2,7699,2021-09-28,0
2021-06-29,2,7701,2021-09-28,0
2021-06-30,2,7703,2021-09-28,0
2021-07-01,0,7703,2021-09-28,0
2021-07-02,2,7705,2021-09-28,0
2021-07-03,2,7707,2021-09-28,0
2021-07-04,3,7710,2021-09-28,0
2021-07-05,1,7711,2021-09-28,0
2021-07-06,4,7715,2021-09-28,0
2021-07-07,1,7716,2021-09-28,0
2021-07-08,1,7717,2021-09-28,0
2021-07-09,0,7717,2021-09-28,0
2021-07-10,1,7718,2021-09-28,0
2021-07-11,2,7720,2021-09-28,0
2021-07-12,1,7721,2021-09-28,0
2021-07-13,2,7723,2021-09-28,0
2021-07-14,2,7725,2021-09-28,0
2021-07-15,2,7727,2021-09-28,0
2021-07-16,1,7728,2021-09-28,0
2021-07-17,1,7729,2021-09-28,0
2021-07-18,0,7729,2021-09-28,0
2021-07-19,0,7729,2021-09-28,0
2021-07-20,2,7731,2021-09-28,0
2021-07-21,2,7733,2021-09-28,0
2021-07-22,2,7735,2021-09-28,0
2021-07-23,3,7738,2021-09-28,0
2021-07-24,0,7738,2021-09-28,0
2021-07-25,2,7740,2021-09-28,0
2021-07-26,1,7741,2021-09-28,0
2021-07-27,2,7743,2021-09-28,0
2021-07-28,3,7746,2021-09-28,0
2021-07-29,2,7748,2021-09-28,0
2021-07-30,5,7753,2021-09-28,0
2021-07-31,4,7757,2021-09-28,0
2021-08-01,1,7758,2021-09-28,0
2021-08-02,3,7761,2021-09-28,0
2021-08-03,2,7763,2021-09-28,0
2021-08-04,3,7766,2021-09-28,0
2021-08-05,2,7768,2021-09-28,0
2021-08-06,7,7775,2021-09-28,0
2021-08-07,3,7778,2021-09-28,0
2021-08-08,2,7780,2021-09-28,0
2021-08-09,3,7783,2021-09-28,0
2021-08-10,2,7785,2021-09-28,0
2021-08-11,2,7787,2021-09-28,0
2021-08-12,7,7794,2021-09-28,0
2021-08-13,5,7799,2021-09-28,0
2021-08-14,6,7805,2021-09-28,0
2021-08-15,0,7805,2021-09-28,0
2021-08-16,6,7811,2021-09-28,0
2021-08-17,7,7818,2021-09-28,0
2021-08-18,9,7827,2021-09-28,0
2021-08-19,2,7829,2021-09-28,0
2021-08-20,3,7832,2021-09-28,0
2021-08-21,5,7837,2021-09-28,0
2021-08-22,7,7844,2021-09-28,0
2021-08-23,4,7848,2021-09-28,0
2021-08-24,12,7860,2021-09-28,0
2021-08-25,7,7867,2021-09-28,0
2021-08-26,2,7869,2021-09-28,0
2021-08-27,6,7875,2021-09-28,0
2021-08-28,10,7885,2021-09-28,0
2021-08-29,11,7896,2021-09-28,0
2021-08-30,7,7903,2021-09-28,0
2021-08-31,6,7909,2021-09-28,0
2021-09-01,5,7914,2021-09-28,0
2021-09-02,6,7920,2021-09-28,0
2021-09-03,9,7929,2021-09-28,0
2021-09-04,8,7937,2021-09-28,0
2021-09-05,10,7947,2021-09-28,0
2021-09-06,6,7953,2021-09-28,0
2021-09-07,7,7960,2021-09-28,0
2021-09-08,9,7969,2021-09-28,0
2021-09-09,3,7972,2021-09-28,0
2021-09-10,8,7980,2021-09-28,1
2021-09-11,16,7996,2021-09-28,1
2021-09-12,10,8006,2021-09-28,0
2021-09-13,7,8013,2021-09-28,1
2021-09-14,10,8023,2021-09-28,0
2021-09-15,13,8036,2021-09-28,1
2021-09-16,13,8049,2021-09-28,1
2021-09-17,7,8056,2021-09-28,0
2021-09-18,12,8068,2021-09-28,0
2021-09-19,11,8079,2021-09-28,2
2021-09-20,12,8091,2021-09-28,0
2021-09-21,7,8098,2021-09-28,1
2021-09-22,8,8106,2021-09-28,0
2021-09-23,3,8109,2021-09-28,3
NA,0,8109,2021-09-28,0
2020-03-19,1,1,2021-09-29,0
2020-03-20,0,1,2021-09-29,0
2020-03-21,0,1,2021-09-29,0
2020-03-22,0,1,2021-09-29,0
2020-03-23,0,1,2021-09-29,0
2020-03-24,1,2,2021-09-29,0
2020-03-25,1,3,2021-09-29,0
2020-03-26,1,4,2021-09-29,0
2020-03-27,5,9,2021-09-29,0
2020-03-28,3,12,2021-09-29,0
2020-03-29,0,12,2021-09-29,0
2020-03-30,5,17,2021-09-29,0
2020-03-31,2,19,2021-09-29,0
2020-04-01,5,24,2021-09-29,0
2020-04-02,3,27,2021-09-29,0
2020-04-03,1,28,2021-09-29,0
2020-04-04,5,33,2021-09-29,0
2020-04-05,5,38,2021-09-29,0
2020-04-06,10,48,2021-09-29,0
2020-04-07,6,54,2021-09-29,0
2020-04-08,7,61,2021-09-29,0
2020-04-09,8,69,2021-09-29,0
2020-04-10,6,75,2021-09-29,0
2020-04-11,4,79,2021-09-29,0
2020-04-12,4,83,2021-09-29,0
2020-04-13,10,93,2021-09-29,0
2020-04-14,6,99,2021-09-29,0
2020-04-15,17,116,2021-09-29,0
2020-04-16,10,126,2021-09-29,0
2020-04-17,17,143,2021-09-29,0
2020-04-18,17,160,2021-09-29,0
2020-04-19,16,176,2021-09-29,0
2020-04-20,21,197,2021-09-29,0
2020-04-21,26,223,2021-09-29,0
2020-04-22,21,244,2021-09-29,0
2020-04-23,19,263,2021-09-29,0
2020-04-24,23,286,2021-09-29,0
2020-04-25,18,304,2021-09-29,0
2020-04-26,17,321,2021-09-29,0
2020-04-27,21,342,2021-09-29,0
2020-04-28,16,358,2021-09-29,0
2020-04-29,29,387,2021-09-29,0
2020-04-30,18,405,2021-09-29,0
2020-05-01,30,435,2021-09-29,0
2020-05-02,19,454,2021-09-29,0
2020-05-03,29,483,2021-09-29,0
2020-05-04,23,506,2021-09-29,0
2020-05-05,19,525,2021-09-29,0
2020-05-06,25,550,2021-09-29,0
2020-05-07,30,580,2021-09-29,0
2020-05-08,20,600,2021-09-29,0
2020-05-09,26,626,2021-09-29,0
2020-05-10,19,645,2021-09-29,0
2020-05-11,25,670,2021-09-29,0
2020-05-12,20,690,2021-09-29,0
2020-05-13,22,712,2021-09-29,0
2020-05-14,20,732,2021-09-29,0
2020-05-15,20,752,2021-09-29,0
2020-05-16,20,772,2021-09-29,0
2020-05-17,23,795,2021-09-29,0
2020-05-18,18,813,2021-09-29,0
2020-05-19,35,848,2021-09-29,0
2020-05-20,24,872,2021-09-29,0
2020-05-21,17,889,2021-09-29,0
2020-05-22,20,909,2021-09-29,0
2020-05-23,26,935,2021-09-29,0
2020-05-24,25,960,2021-09-29,0
2020-05-25,30,990,2021-09-29,0
2020-05-26,29,1019,2021-09-29,0
2020-05-27,25,1044,2021-09-29,0
2020-05-28,21,1065,2021-09-29,0
2020-05-29,17,1082,2021-09-29,0
2020-05-30,11,1093,2021-09-29,0
2020-05-31,20,1113,2021-09-29,0
2020-06-01,23,1136,2021-09-29,0
2020-06-02,21,1157,2021-09-29,0
2020-06-03,25,1182,2021-09-29,0
2020-06-04,26,1208,2021-09-29,0
2020-06-05,18,1226,2021-09-29,0
2020-06-06,12,1238,2021-09-29,0
2020-06-07,22,1260,2021-09-29,0
2020-06-08,12,1272,2021-09-29,0
2020-06-09,13,1285,2021-09-29,0
2020-06-10,10,1295,2021-09-29,0
2020-06-11,12,1307,2021-09-29,0
2020-06-12,11,1318,2021-09-29,0
2020-06-13,13,1331,2021-09-29,0
2020-06-14,11,1342,2021-09-29,0
2020-06-15,8,1350,2021-09-29,0
2020-06-16,9,1359,2021-09-29,0
2020-06-17,17,1376,2021-09-29,0
2020-06-18,9,1385,2021-09-29,0
2020-06-19,8,1393,2021-09-29,0
2020-06-20,12,1405,2021-09-29,0
2020-06-21,11,1416,2021-09-29,0
2020-06-22,6,1422,2021-09-29,0
2020-06-23,10,1432,2021-09-29,0
2020-06-24,1,1433,2021-09-29,0
2020-06-25,9,1442,2021-09-29,0
2020-06-26,6,1448,2021-09-29,0
2020-06-27,5,1453,2021-09-29,0
2020-06-28,11,1464,2021-09-29,0
2020-06-29,7,1471,2021-09-29,0
2020-06-30,9,1480,2021-09-29,0
2020-07-01,2,1482,2021-09-29,0
2020-07-02,3,1485,2021-09-29,0
2020-07-03,5,1490,2021-09-29,0
2020-07-04,4,1494,2021-09-29,0
2020-07-05,6,1500,2021-09-29,0
2020-07-06,4,1504,2021-09-29,0
2020-07-07,2,1506,2021-09-29,0
2020-07-08,9,1515,2021-09-29,0
2020-07-09,4,1519,2021-09-29,0
2020-07-10,3,1522,2021-09-29,0
2020-07-11,4,1526,2021-09-29,0
2020-07-12,6,1532,2021-09-29,0
2020-07-13,2,1534,2021-09-29,0
2020-07-14,6,1540,2021-09-29,0
2020-07-15,7,1547,2021-09-29,0
2020-07-16,3,1550,2021-09-29,0
2020-07-17,7,1557,2021-09-29,0
2020-07-18,6,1563,2021-09-29,0
2020-07-19,5,1568,2021-09-29,0
2020-07-20,3,1571,2021-09-29,0
2020-07-21,6,1577,2021-09-29,0
2020-07-22,5,1582,2021-09-29,0
2020-07-23,8,1590,2021-09-29,0
2020-07-24,6,1596,2021-09-29,0
2020-07-25,2,1598,2021-09-29,0
2020-07-26,5,1603,2021-09-29,0
2020-07-27,5,1608,2021-09-29,0
2020-07-28,7,1615,2021-09-29,0
2020-07-29,3,1618,2021-09-29,0
2020-07-30,6,1624,2021-09-29,0
2020-07-31,9,1633,2021-09-29,0
2020-08-01,4,1637,2021-09-29,0
2020-08-02,7,1644,2021-09-29,0
2020-08-03,4,1648,2021-09-29,0
2020-08-04,7,1655,2021-09-29,0
2020-08-05,8,1663,2021-09-29,0
2020-08-06,9,1672,2021-09-29,0
2020-08-07,7,1679,2021-09-29,0
2020-08-08,6,1685,2021-09-29,0
2020-08-09,10,1695,2021-09-29,0
2020-08-10,3,1698,2021-09-29,0
2020-08-11,9,1707,2021-09-29,0
2020-08-12,7,1714,2021-09-29,0
2020-08-13,5,1719,2021-09-29,0
2020-08-14,9,1728,2021-09-29,0
2020-08-15,13,1741,2021-09-29,0
2020-08-16,13,1754,2021-09-29,0
2020-08-17,6,1760,2021-09-29,0
2020-08-18,11,1771,2021-09-29,0
2020-08-19,3,1774,2021-09-29,0
2020-08-20,10,1784,2021-09-29,0
2020-08-21,12,1796,2021-09-29,0
2020-08-22,9,1805,2021-09-29,0
2020-08-23,7,1812,2021-09-29,0
2020-08-24,9,1821,2021-09-29,0
2020-08-25,4,1825,2021-09-29,0
2020-08-26,3,1828,2021-09-29,0
2020-08-27,7,1835,2021-09-29,0
2020-08-28,6,1841,2021-09-29,0
2020-08-29,3,1844,2021-09-29,0
2020-08-30,5,1849,2021-09-29,0
2020-08-31,9,1858,2021-09-29,0
2020-09-01,2,1860,2021-09-29,0
2020-09-02,7,1867,2021-09-29,0
2020-09-03,12,1879,2021-09-29,0
2020-09-04,4,1883,2021-09-29,0
2020-09-05,6,1889,2021-09-29,0
2020-09-06,12,1901,2021-09-29,0
2020-09-07,3,1904,2021-09-29,0
2020-09-08,6,1910,2021-09-29,0
2020-09-09,10,1920,2021-09-29,0
2020-09-10,9,1929,2021-09-29,0
2020-09-11,11,1940,2021-09-29,0
2020-09-12,8,1948,2021-09-29,0
2020-09-13,8,1956,2021-09-29,0
2020-09-14,2,1958,2021-09-29,0
2020-09-15,7,1965,2021-09-29,0
2020-09-16,9,1974,2021-09-29,0
2020-09-17,5,1979,2021-09-29,0
2020-09-18,6,1985,2021-09-29,0
2020-09-19,4,1989,2021-09-29,0
2020-09-20,9,1998,2021-09-29,0
2020-09-21,7,2005,2021-09-29,0
2020-09-22,8,2013,2021-09-29,0
2020-09-23,9,2022,2021-09-29,0
2020-09-24,8,2030,2021-09-29,0
2020-09-25,11,2041,2021-09-29,0
2020-09-26,9,2050,2021-09-29,0
2020-09-27,14,2064,2021-09-29,0
2020-09-28,11,2075,2021-09-29,0
2020-09-29,5,2080,2021-09-29,0
2020-09-30,16,2096,2021-09-29,0
2020-10-01,7,2103,2021-09-29,0
2020-10-02,13,2116,2021-09-29,0
2020-10-03,9,2125,2021-09-29,0
2020-10-04,7,2132,2021-09-29,0
2020-10-05,10,2142,2021-09-29,0
2020-10-06,13,2155,2021-09-29,0
2020-10-07,19,2174,2021-09-29,0
2020-10-08,9,2183,2021-09-29,0
2020-10-09,17,2200,2021-09-29,0
2020-10-10,16,2216,2021-09-29,0
2020-10-11,16,2232,2021-09-29,0
2020-10-12,20,2252,2021-09-29,0
2020-10-13,14,2266,2021-09-29,0
2020-10-14,10,2276,2021-09-29,0
2020-10-15,9,2285,2021-09-29,0
2020-10-16,12,2297,2021-09-29,0
2020-10-17,18,2315,2021-09-29,0
2020-10-18,25,2340,2021-09-29,0
2020-10-19,18,2358,2021-09-29,0
2020-10-20,15,2373,2021-09-29,0
2020-10-21,24,2397,2021-09-29,0
2020-10-22,18,2415,2021-09-29,0
2020-10-23,19,2434,2021-09-29,0
2020-10-24,8,2442,2021-09-29,0
2020-10-25,17,2459,2021-09-29,0
2020-10-26,25,2484,2021-09-29,0
2020-10-27,23,2507,2021-09-29,0
2020-10-28,29,2536,2021-09-29,0
2020-10-29,18,2554,2021-09-29,0
2020-10-30,27,2581,2021-09-29,0
2020-10-31,25,2606,2021-09-29,0
2020-11-01,21,2627,2021-09-29,0
2020-11-02,25,2652,2021-09-29,0
2020-11-03,25,2677,2021-09-29,0
2020-11-04,33,2710,2021-09-29,0
2020-11-05,38,2748,2021-09-29,0
2020-11-06,39,2787,2021-09-29,0
2020-11-07,42,2829,2021-09-29,0
2020-11-08,47,2876,2021-09-29,0
2020-11-09,36,2912,2021-09-29,0
2020-11-10,35,2947,2021-09-29,0
2020-11-11,43,2990,2021-09-29,0
2020-11-12,45,3035,2021-09-29,0
2020-11-13,40,3075,2021-09-29,0
2020-11-14,47,3122,2021-09-29,0
2020-11-15,46,3168,2021-09-29,0
2020-11-16,62,3230,2021-09-29,0
2020-11-17,56,3286,2021-09-29,0
2020-11-18,61,3347,2021-09-29,0
2020-11-19,60,3407,2021-09-29,0
2020-11-20,63,3470,2021-09-29,0
2020-11-21,58,3528,2021-09-29,0
2020-11-22,67,3595,2021-09-29,0
2020-11-23,59,3654,2021-09-29,0
2020-11-24,69,3723,2021-09-29,0
2020-11-25,72,3795,2021-09-29,0
2020-11-26,54,3849,2021-09-29,0
2020-11-27,69,3918,2021-09-29,0
2020-11-28,62,3980,2021-09-29,1
2020-11-29,68,4048,2021-09-29,0
2020-11-30,61,4109,2021-09-29,0
2020-12-01,64,4173,2021-09-29,0
2020-12-02,73,4246,2021-09-29,0
2020-12-03,86,4332,2021-09-29,0
2020-12-04,67,4399,2021-09-29,0
2020-12-05,74,4473,2021-09-29,0
2020-12-06,80,4553,2021-09-29,0
2020-12-07,75,4628,2021-09-29,0
2020-12-08,61,4689,2021-09-29,0
2020-12-09,71,4760,2021-09-29,0
2020-12-10,72,4832,2021-09-29,0
2020-12-11,71,4903,2021-09-29,0
2020-12-12,72,4975,2021-09-29,0
2020-12-13,56,5031,2021-09-29,0
2020-12-14,43,5074,2021-09-29,0
2020-12-15,65,5139,2021-09-29,0
2020-12-16,72,5211,2021-09-29,0
2020-12-17,60,5271,2021-09-29,0
2020-12-18,59,5330,2021-09-29,0
2020-12-19,56,5386,2021-09-29,0
2020-12-20,60,5446,2021-09-29,0
2020-12-21,58,5504,2021-09-29,0
2020-12-22,33,5537,2021-09-29,0
2020-12-23,46,5583,2021-09-29,0
2020-12-24,50,5633,2021-09-29,0
2020-12-25,36,5669,2021-09-29,0
2020-12-26,43,5712,2021-09-29,0
2020-12-27,41,5753,2021-09-29,0
2020-12-28,34,5787,2021-09-29,0
2020-12-29,37,5824,2021-09-29,0
2020-12-30,47,5871,2021-09-29,0
2020-12-31,36,5907,2021-09-29,0
2021-01-01,28,5935,2021-09-29,0
2021-01-02,46,5981,2021-09-29,0
2021-01-03,37,6018,2021-09-29,0
2021-01-04,32,6050,2021-09-29,0
2021-01-05,40,6090,2021-09-29,0
2021-01-06,32,6122,2021-09-29,0
2021-01-07,37,6159,2021-09-29,0
2021-01-08,32,6191,2021-09-29,0
2021-01-09,26,6217,2021-09-29,0
2021-01-10,29,6246,2021-09-29,0
2021-01-11,26,6272,2021-09-29,0
2021-01-12,32,6304,2021-09-29,0
2021-01-13,23,6327,2021-09-29,0
2021-01-14,41,6368,2021-09-29,0
2021-01-15,26,6394,2021-09-29,0
2021-01-16,30,6424,2021-09-29,0
2021-01-17,21,6445,2021-09-29,0
2021-01-18,19,6464,2021-09-29,0
2021-01-19,14,6478,2021-09-29,0
2021-01-20,26,6504,2021-09-29,0
2021-01-21,16,6520,2021-09-29,0
2021-01-22,13,6533,2021-09-29,0
2021-01-23,17,6550,2021-09-29,0
2021-01-24,24,6574,2021-09-29,0
2021-01-25,18,6592,2021-09-29,0
2021-01-26,21,6613,2021-09-29,0
2021-01-27,11,6624,2021-09-29,0
2021-01-28,12,6636,2021-09-29,0
2021-01-29,15,6651,2021-09-29,0
2021-01-30,13,6664,2021-09-29,0
2021-01-31,16,6680,2021-09-29,0
2021-02-01,17,6697,2021-09-29,0
2021-02-02,10,6707,2021-09-29,0
2021-02-03,11,6718,2021-09-29,0
2021-02-04,11,6729,2021-09-29,0
2021-02-05,12,6741,2021-09-29,0
2021-02-06,12,6753,2021-09-29,0
2021-02-07,19,6772,2021-09-29,0
2021-02-08,11,6783,2021-09-29,0
2021-02-09,15,6798,2021-09-29,0
2021-02-10,13,6811,2021-09-29,0
2021-02-11,7,6818,2021-09-29,0
2021-02-12,13,6831,2021-09-29,0
2021-02-13,8,6839,2021-09-29,0
2021-02-14,10,6849,2021-09-29,0
2021-02-15,9,6858,2021-09-29,0
2021-02-16,12,6870,2021-09-29,0
2021-02-17,10,6880,2021-09-29,0
2021-02-18,7,6887,2021-09-29,0
2021-02-19,6,6893,2021-09-29,0
2021-02-20,7,6900,2021-09-29,0
2021-02-21,4,6904,2021-09-29,0
2021-02-22,5,6909,2021-09-29,0
2021-02-23,9,6918,2021-09-29,0
2021-02-24,5,6923,2021-09-29,0
2021-02-25,5,6928,2021-09-29,0
2021-02-26,7,6935,2021-09-29,0
2021-02-27,6,6941,2021-09-29,0
2021-02-28,8,6949,2021-09-29,0
2021-03-01,7,6956,2021-09-29,0
2021-03-02,3,6959,2021-09-29,0
2021-03-03,10,6969,2021-09-29,0
2021-03-04,6,6975,2021-09-29,0
2021-03-05,10,6985,2021-09-29,0
2021-03-06,5,6990,2021-09-29,0
2021-03-07,9,6999,2021-09-29,0
2021-03-08,5,7004,2021-09-29,0
2021-03-09,7,7011,2021-09-29,0
2021-03-10,5,7016,2021-09-29,0
2021-03-11,4,7020,2021-09-29,0
2021-03-12,11,7031,2021-09-29,0
2021-03-13,5,7036,2021-09-29,0
2021-03-14,4,7040,2021-09-29,0
2021-03-15,2,7042,2021-09-29,0
2021-03-16,6,7048,2021-09-29,0
2021-03-17,4,7052,2021-09-29,0
2021-03-18,5,7057,2021-09-29,0
2021-03-19,5,7062,2021-09-29,0
2021-03-20,9,7071,2021-09-29,0
2021-03-21,5,7076,2021-09-29,0
2021-03-22,4,7080,2021-09-29,0
2021-03-23,5,7085,2021-09-29,0
2021-03-24,1,7086,2021-09-29,0
2021-03-25,5,7091,2021-09-29,0
2021-03-26,3,7094,2021-09-29,0
2021-03-27,7,7101,2021-09-29,0
2021-03-28,6,7107,2021-09-29,0
2021-03-29,5,7112,2021-09-29,0
2021-03-30,6,7118,2021-09-29,0
2021-03-31,8,7126,2021-09-29,0
2021-04-01,6,7132,2021-09-29,0
2021-04-02,9,7141,2021-09-29,0
2021-04-03,8,7149,2021-09-29,0
2021-04-04,6,7155,2021-09-29,0
2021-04-05,8,7163,2021-09-29,0
2021-04-06,6,7169,2021-09-29,0
2021-04-07,6,7175,2021-09-29,0
2021-04-08,10,7185,2021-09-29,0
2021-04-09,7,7192,2021-09-29,0
2021-04-10,7,7199,2021-09-29,0
2021-04-11,8,7207,2021-09-29,0
2021-04-12,10,7217,2021-09-29,0
2021-04-13,7,7224,2021-09-29,0
2021-04-14,8,7232,2021-09-29,0
2021-04-15,14,7246,2021-09-29,0
2021-04-16,8,7254,2021-09-29,0
2021-04-17,8,7262,2021-09-29,0
2021-04-18,8,7270,2021-09-29,0
2021-04-19,10,7280,2021-09-29,0
2021-04-20,5,7285,2021-09-29,0
2021-04-21,8,7293,2021-09-29,0
2021-04-22,1,7294,2021-09-29,0
2021-04-23,15,7309,2021-09-29,0
2021-04-24,11,7320,2021-09-29,0
2021-04-25,15,7335,2021-09-29,0
2021-04-26,14,7349,2021-09-29,0
2021-04-27,7,7356,2021-09-29,0
2021-04-28,14,7370,2021-09-29,0
2021-04-29,8,7378,2021-09-29,0
2021-04-30,11,7389,2021-09-29,0
2021-05-01,7,7396,2021-09-29,0
2021-05-02,8,7404,2021-09-29,0
2021-05-03,5,7409,2021-09-29,0
2021-05-04,13,7422,2021-09-29,0
2021-05-05,8,7430,2021-09-29,0
2021-05-06,5,7435,2021-09-29,0
2021-05-07,8,7443,2021-09-29,0
2021-05-08,7,7450,2021-09-29,0
2021-05-09,9,7459,2021-09-29,0
2021-05-10,8,7467,2021-09-29,0
2021-05-11,6,7473,2021-09-29,0
2021-05-12,9,7482,2021-09-29,0
2021-05-13,9,7491,2021-09-29,0
2021-05-14,11,7502,2021-09-29,0
2021-05-15,9,7511,2021-09-29,0
2021-05-16,6,7517,2021-09-29,0
2021-05-17,5,7522,2021-09-29,0
2021-05-18,7,7529,2021-09-29,0
2021-05-19,2,7531,2021-09-29,0
2021-05-20,5,7536,2021-09-29,0
2021-05-21,7,7543,2021-09-29,0
2021-05-22,11,7554,2021-09-29,0
2021-05-23,5,7559,2021-09-29,0
2021-05-24,5,7564,2021-09-29,0
2021-05-25,6,7570,2021-09-29,0
2021-05-26,3,7573,2021-09-29,0
2021-05-27,7,7580,2021-09-29,0
2021-05-28,2,7582,2021-09-29,0
2021-05-29,6,7588,2021-09-29,0
2021-05-30,4,7592,2021-09-29,0
2021-05-31,3,7595,2021-09-29,0
2021-06-01,5,7600,2021-09-29,0
2021-06-02,8,7608,2021-09-29,0
2021-06-03,4,7612,2021-09-29,0
2021-06-04,4,7616,2021-09-29,0
2021-06-05,2,7618,2021-09-29,0
2021-06-06,5,7623,2021-09-29,0
2021-06-07,3,7626,2021-09-29,0
2021-06-08,5,7631,2021-09-29,0
2021-06-09,4,7635,2021-09-29,0
2021-06-10,6,7641,2021-09-29,0
2021-06-11,6,7647,2021-09-29,0
2021-06-12,4,7651,2021-09-29,0
2021-06-13,4,7655,2021-09-29,0
2021-06-14,3,7658,2021-09-29,0
2021-06-15,2,7660,2021-09-29,0
2021-06-16,2,7662,2021-09-29,0
2021-06-17,4,7666,2021-09-29,0
2021-06-18,1,7667,2021-09-29,0
2021-06-19,6,7673,2021-09-29,0
2021-06-20,1,7674,2021-09-29,0
2021-06-21,5,7679,2021-09-29,0
2021-06-22,3,7682,2021-09-29,0
2021-06-23,4,7686,2021-09-29,0
2021-06-24,3,7689,2021-09-29,0
2021-06-25,3,7692,2021-09-29,0
2021-06-26,4,7696,2021-09-29,0
2021-06-27,2,7698,2021-09-29,0
2021-06-28,2,7700,2021-09-29,0
2021-06-29,2,7702,2021-09-29,0
2021-06-30,2,7704,2021-09-29,0
2021-07-01,0,7704,2021-09-29,0
2021-07-02,2,7706,2021-09-29,0
2021-07-03,2,7708,2021-09-29,0
2021-07-04,3,7711,2021-09-29,0
2021-07-05,1,7712,2021-09-29,0
2021-07-06,4,7716,2021-09-29,0
2021-07-07,1,7717,2021-09-29,0
2021-07-08,1,7718,2021-09-29,0
2021-07-09,0,7718,2021-09-29,0
2021-07-10,1,7719,2021-09-29,0
2021-07-11,2,7721,2021-09-29,0
2021-07-12,1,7722,2021-09-29,0
2021-07-13,2,7724,2021-09-29,0
2021-07-14,2,7726,2021-09-29,0
2021-07-15,2,7728,2021-09-29,0
2021-07-16,1,7729,2021-09-29,0
2021-07-17,1,7730,2021-09-29,0
2021-07-18,0,7730,2021-09-29,0
2021-07-19,0,7730,2021-09-29,0
2021-07-20,2,7732,2021-09-29,0
2021-07-21,2,7734,2021-09-29,0
2021-07-22,2,7736,2021-09-29,0
2021-07-23,3,7739,2021-09-29,0
2021-07-24,0,7739,2021-09-29,0
2021-07-25,2,7741,2021-09-29,0
2021-07-26,1,7742,2021-09-29,0
2021-07-27,2,7744,2021-09-29,0
2021-07-28,3,7747,2021-09-29,0
2021-07-29,2,7749,2021-09-29,0
2021-07-30,5,7754,2021-09-29,0
2021-07-31,4,7758,2021-09-29,0
2021-08-01,1,7759,2021-09-29,0
2021-08-02,3,7762,2021-09-29,0
2021-08-03,2,7764,2021-09-29,0
2021-08-04,3,7767,2021-09-29,0
2021-08-05,2,7769,2021-09-29,0
2021-08-06,7,7776,2021-09-29,0
2021-08-07,3,7779,2021-09-29,0
2021-08-08,2,7781,2021-09-29,0
2021-08-09,3,7784,2021-09-29,0
2021-08-10,2,7786,2021-09-29,0
2021-08-11,2,7788,2021-09-29,0
2021-08-12,7,7795,2021-09-29,0
2021-08-13,5,7800,2021-09-29,0
2021-08-14,6,7806,2021-09-29,0
2021-08-15,0,7806,2021-09-29,0
2021-08-16,7,7813,2021-09-29,1
2021-08-17,7,7820,2021-09-29,0
2021-08-18,9,7829,2021-09-29,0
2021-08-19,2,7831,2021-09-29,0
2021-08-20,3,7834,2021-09-29,0
2021-08-21,5,7839,2021-09-29,0
2021-08-22,7,7846,2021-09-29,0
2021-08-23,5,7851,2021-09-29,1
2021-08-24,12,7863,2021-09-29,0
2021-08-25,7,7870,2021-09-29,0
2021-08-26,2,7872,2021-09-29,0
2021-08-27,6,7878,2021-09-29,0
2021-08-28,10,7888,2021-09-29,0
2021-08-29,11,7899,2021-09-29,0
2021-08-30,7,7906,2021-09-29,0
2021-08-31,6,7912,2021-09-29,0
2021-09-01,5,7917,2021-09-29,0
2021-09-02,6,7923,2021-09-29,0
2021-09-03,9,7932,2021-09-29,0
2021-09-04,8,7940,2021-09-29,0
2021-09-05,10,7950,2021-09-29,0
2021-09-06,6,7956,2021-09-29,0
2021-09-07,7,7963,2021-09-29,0
2021-09-08,9,7972,2021-09-29,0
2021-09-09,3,7975,2021-09-29,0
2021-09-10,8,7983,2021-09-29,0
2021-09-11,16,7999,2021-09-29,0
2021-09-12,10,8009,2021-09-29,0
2021-09-13,7,8016,2021-09-29,0
2021-09-14,10,8026,2021-09-29,0
2021-09-15,13,8039,2021-09-29,0
2021-09-16,14,8053,2021-09-29,1
2021-09-17,8,8061,2021-09-29,1
2021-09-18,12,8073,2021-09-29,0
2021-09-19,11,8084,2021-09-29,0
2021-09-20,14,8098,2021-09-29,2
2021-09-21,9,8107,2021-09-29,2
2021-09-22,10,8117,2021-09-29,2
2021-09-23,6,8123,2021-09-29,3
2021-09-24,8,8131,2021-09-29,8
2021-09-25,6,8137,2021-09-29,6
2021-09-26,2,8139,2021-09-29,2
2021-09-27,1,8140,2021-09-29,1
NA,0,8140,2021-09-29,0
2020-03-19,1,1,2021-09-30,0
2020-03-20,0,1,2021-09-30,0
2020-03-21,0,1,2021-09-30,0
2020-03-22,0,1,2021-09-30,0
2020-03-23,0,1,2021-09-30,0
2020-03-24,1,2,2021-09-30,0
2020-03-25,1,3,2021-09-30,0
2020-03-26,1,4,2021-09-30,0
2020-03-27,5,9,2021-09-30,0
2020-03-28,3,12,2021-09-30,0
2020-03-29,0,12,2021-09-30,0
2020-03-30,5,17,2021-09-30,0
2020-03-31,2,19,2021-09-30,0
2020-04-01,5,24,2021-09-30,0
2020-04-02,3,27,2021-09-30,0
2020-04-03,1,28,2021-09-30,0
2020-04-04,5,33,2021-09-30,0
2020-04-05,5,38,2021-09-30,0
2020-04-06,10,48,2021-09-30,0
2020-04-07,6,54,2021-09-30,0
2020-04-08,7,61,2021-09-30,0
2020-04-09,8,69,2021-09-30,0
2020-04-10,6,75,2021-09-30,0
2020-04-11,4,79,2021-09-30,0
2020-04-12,4,83,2021-09-30,0
2020-04-13,10,93,2021-09-30,0
2020-04-14,6,99,2021-09-30,0
2020-04-15,17,116,2021-09-30,0
2020-04-16,10,126,2021-09-30,0
2020-04-17,17,143,2021-09-30,0
2020-04-18,17,160,2021-09-30,0
2020-04-19,16,176,2021-09-30,0
2020-04-20,21,197,2021-09-30,0
2020-04-21,26,223,2021-09-30,0
2020-04-22,21,244,2021-09-30,0
2020-04-23,19,263,2021-09-30,0
2020-04-24,23,286,2021-09-30,0
2020-04-25,18,304,2021-09-30,0
2020-04-26,17,321,2021-09-30,0
2020-04-27,21,342,2021-09-30,0
2020-04-28,16,358,2021-09-30,0
2020-04-29,29,387,2021-09-30,0
2020-04-30,18,405,2021-09-30,0
2020-05-01,30,435,2021-09-30,0
2020-05-02,19,454,2021-09-30,0
2020-05-03,29,483,2021-09-30,0
2020-05-04,23,506,2021-09-30,0
2020-05-05,19,525,2021-09-30,0
2020-05-06,25,550,2021-09-30,0
2020-05-07,30,580,2021-09-30,0
2020-05-08,20,600,2021-09-30,0
2020-05-09,26,626,2021-09-30,0
2020-05-10,19,645,2021-09-30,0
2020-05-11,25,670,2021-09-30,0
2020-05-12,20,690,2021-09-30,0
2020-05-13,22,712,2021-09-30,0
2020-05-14,20,732,2021-09-30,0
2020-05-15,20,752,2021-09-30,0
2020-05-16,20,772,2021-09-30,0
2020-05-17,23,795,2021-09-30,0
2020-05-18,18,813,2021-09-30,0
2020-05-19,35,848,2021-09-30,0
2020-05-20,24,872,2021-09-30,0
2020-05-21,17,889,2021-09-30,0
2020-05-22,20,909,2021-09-30,0
2020-05-23,26,935,2021-09-30,0
2020-05-24,25,960,2021-09-30,0
2020-05-25,30,990,2021-09-30,0
2020-05-26,29,1019,2021-09-30,0
2020-05-27,25,1044,2021-09-30,0
2020-05-28,21,1065,2021-09-30,0
2020-05-29,17,1082,2021-09-30,0
2020-05-30,11,1093,2021-09-30,0
2020-05-31,20,1113,2021-09-30,0
2020-06-01,23,1136,2021-09-30,0
2020-06-02,21,1157,2021-09-30,0
2020-06-03,25,1182,2021-09-30,0
2020-06-04,26,1208,2021-09-30,0
2020-06-05,18,1226,2021-09-30,0
2020-06-06,12,1238,2021-09-30,0
2020-06-07,22,1260,2021-09-30,0
2020-06-08,12,1272,2021-09-30,0
2020-06-09,13,1285,2021-09-30,0
2020-06-10,10,1295,2021-09-30,0
2020-06-11,12,1307,2021-09-30,0
2020-06-12,11,1318,2021-09-30,0
2020-06-13,13,1331,2021-09-30,0
2020-06-14,11,1342,2021-09-30,0
2020-06-15,8,1350,2021-09-30,0
2020-06-16,9,1359,2021-09-30,0
2020-06-17,17,1376,2021-09-30,0
2020-06-18,9,1385,2021-09-30,0
2020-06-19,8,1393,2021-09-30,0
2020-06-20,12,1405,2021-09-30,0
2020-06-21,11,1416,2021-09-30,0
2020-06-22,6,1422,2021-09-30,0
2020-06-23,10,1432,2021-09-30,0
2020-06-24,1,1433,2021-09-30,0
2020-06-25,9,1442,2021-09-30,0
2020-06-26,6,1448,2021-09-30,0
2020-06-27,5,1453,2021-09-30,0
2020-06-28,11,1464,2021-09-30,0
2020-06-29,7,1471,2021-09-30,0
2020-06-30,9,1480,2021-09-30,0
2020-07-01,2,1482,2021-09-30,0
2020-07-02,3,1485,2021-09-30,0
2020-07-03,5,1490,2021-09-30,0
2020-07-04,4,1494,2021-09-30,0
2020-07-05,6,1500,2021-09-30,0
2020-07-06,4,1504,2021-09-30,0
2020-07-07,2,1506,2021-09-30,0
2020-07-08,9,1515,2021-09-30,0
2020-07-09,4,1519,2021-09-30,0
2020-07-10,3,1522,2021-09-30,0
2020-07-11,4,1526,2021-09-30,0
2020-07-12,6,1532,2021-09-30,0
2020-07-13,2,1534,2021-09-30,0
2020-07-14,6,1540,2021-09-30,0
2020-07-15,7,1547,2021-09-30,0
2020-07-16,3,1550,2021-09-30,0
2020-07-17,7,1557,2021-09-30,0
2020-07-18,6,1563,2021-09-30,0
2020-07-19,5,1568,2021-09-30,0
2020-07-20,3,1571,2021-09-30,0
2020-07-21,6,1577,2021-09-30,0
2020-07-22,5,1582,2021-09-30,0
2020-07-23,8,1590,2021-09-30,0
2020-07-24,6,1596,2021-09-30,0
2020-07-25,2,1598,2021-09-30,0
2020-07-26,5,1603,2021-09-30,0
2020-07-27,5,1608,2021-09-30,0
2020-07-28,7,1615,2021-09-30,0
2020-07-29,3,1618,2021-09-30,0
2020-07-30,6,1624,2021-09-30,0
2020-07-31,9,1633,2021-09-30,0
2020-08-01,4,1637,2021-09-30,0
2020-08-02,7,1644,2021-09-30,0
2020-08-03,4,1648,2021-09-30,0
2020-08-04,7,1655,2021-09-30,0
2020-08-05,8,1663,2021-09-30,0
2020-08-06,9,1672,2021-09-30,0
2020-08-07,7,1679,2021-09-30,0
2020-08-08,6,1685,2021-09-30,0
2020-08-09,10,1695,2021-09-30,0
2020-08-10,3,1698,2021-09-30,0
2020-08-11,9,1707,2021-09-30,0
2020-08-12,7,1714,2021-09-30,0
2020-08-13,5,1719,2021-09-30,0
2020-08-14,9,1728,2021-09-30,0
2020-08-15,13,1741,2021-09-30,0
2020-08-16,13,1754,2021-09-30,0
2020-08-17,6,1760,2021-09-30,0
2020-08-18,11,1771,2021-09-30,0
2020-08-19,3,1774,2021-09-30,0
2020-08-20,10,1784,2021-09-30,0
2020-08-21,12,1796,2021-09-30,0
2020-08-22,9,1805,2021-09-30,0
2020-08-23,7,1812,2021-09-30,0
2020-08-24,9,1821,2021-09-30,0
2020-08-25,4,1825,2021-09-30,0
2020-08-26,3,1828,2021-09-30,0
2020-08-27,7,1835,2021-09-30,0
2020-08-28,6,1841,2021-09-30,0
2020-08-29,3,1844,2021-09-30,0
2020-08-30,5,1849,2021-09-30,0
2020-08-31,9,1858,2021-09-30,0
2020-09-01,2,1860,2021-09-30,0
2020-09-02,7,1867,2021-09-30,0
2020-09-03,12,1879,2021-09-30,0
2020-09-04,4,1883,2021-09-30,0
2020-09-05,6,1889,2021-09-30,0
2020-09-06,12,1901,2021-09-30,0
2020-09-07,3,1904,2021-09-30,0
2020-09-08,6,1910,2021-09-30,0
2020-09-09,10,1920,2021-09-30,0
2020-09-10,9,1929,2021-09-30,0
2020-09-11,11,1940,2021-09-30,0
2020-09-12,8,1948,2021-09-30,0
2020-09-13,8,1956,2021-09-30,0
2020-09-14,2,1958,2021-09-30,0
2020-09-15,7,1965,2021-09-30,0
2020-09-16,9,1974,2021-09-30,0
2020-09-17,5,1979,2021-09-30,0
2020-09-18,6,1985,2021-09-30,0
2020-09-19,4,1989,2021-09-30,0
2020-09-20,9,1998,2021-09-30,0
2020-09-21,7,2005,2021-09-30,0
2020-09-22,8,2013,2021-09-30,0
2020-09-23,9,2022,2021-09-30,0
2020-09-24,8,2030,2021-09-30,0
2020-09-25,11,2041,2021-09-30,0
2020-09-26,9,2050,2021-09-30,0
2020-09-27,14,2064,2021-09-30,0
2020-09-28,11,2075,2021-09-30,0
2020-09-29,5,2080,2021-09-30,0
2020-09-30,16,2096,2021-09-30,0
2020-10-01,7,2103,2021-09-30,0
2020-10-02,13,2116,2021-09-30,0
2020-10-03,9,2125,2021-09-30,0
2020-10-04,7,2132,2021-09-30,0
2020-10-05,10,2142,2021-09-30,0
2020-10-06,13,2155,2021-09-30,0
2020-10-07,19,2174,2021-09-30,0
2020-10-08,9,2183,2021-09-30,0
2020-10-09,17,2200,2021-09-30,0
2020-10-10,16,2216,2021-09-30,0
2020-10-11,16,2232,2021-09-30,0
2020-10-12,20,2252,2021-09-30,0
2020-10-13,14,2266,2021-09-30,0
2020-10-14,10,2276,2021-09-30,0
2020-10-15,9,2285,2021-09-30,0
2020-10-16,12,2297,2021-09-30,0
2020-10-17,18,2315,2021-09-30,0
2020-10-18,25,2340,2021-09-30,0
2020-10-19,18,2358,2021-09-30,0
2020-10-20,15,2373,2021-09-30,0
2020-10-21,24,2397,2021-09-30,0
2020-10-22,18,2415,2021-09-30,0
2020-10-23,19,2434,2021-09-30,0
2020-10-24,8,2442,2021-09-30,0
2020-10-25,17,2459,2021-09-30,0
2020-10-26,25,2484,2021-09-30,0
2020-10-27,23,2507,2021-09-30,0
2020-10-28,29,2536,2021-09-30,0
2020-10-29,18,2554,2021-09-30,0
2020-10-30,27,2581,2021-09-30,0
2020-10-31,25,2606,2021-09-30,0
2020-11-01,21,2627,2021-09-30,0
2020-11-02,25,2652,2021-09-30,0
2020-11-03,25,2677,2021-09-30,0
2020-11-04,33,2710,2021-09-30,0
2020-11-05,38,2748,2021-09-30,0
2020-11-06,39,2787,2021-09-30,0
2020-11-07,42,2829,2021-09-30,0
2020-11-08,47,2876,2021-09-30,0
2020-11-09,36,2912,2021-09-30,0
2020-11-10,35,2947,2021-09-30,0
2020-11-11,43,2990,2021-09-30,0
2020-11-12,45,3035,2021-09-30,0
2020-11-13,40,3075,2021-09-30,0
2020-11-14,47,3122,2021-09-30,0
2020-11-15,46,3168,2021-09-30,0
2020-11-16,62,3230,2021-09-30,0
2020-11-17,56,3286,2021-09-30,0
2020-11-18,61,3347,2021-09-30,0
2020-11-19,60,3407,2021-09-30,0
2020-11-20,63,3470,2021-09-30,0
2020-11-21,58,3528,2021-09-30,0
2020-11-22,67,3595,2021-09-30,0
2020-11-23,59,3654,2021-09-30,0
2020-11-24,69,3723,2021-09-30,0
2020-11-25,72,3795,2021-09-30,0
2020-11-26,54,3849,2021-09-30,0
2020-11-27,69,3918,2021-09-30,0
2020-11-28,62,3980,2021-09-30,0
2020-11-29,68,4048,2021-09-30,0
2020-11-30,61,4109,2021-09-30,0
2020-12-01,64,4173,2021-09-30,0
2020-12-02,73,4246,2021-09-30,0
2020-12-03,86,4332,2021-09-30,0
2020-12-04,67,4399,2021-09-30,0
2020-12-05,74,4473,2021-09-30,0
2020-12-06,80,4553,2021-09-30,0
2020-12-07,75,4628,2021-09-30,0
2020-12-08,61,4689,2021-09-30,0
2020-12-09,71,4760,2021-09-30,0
2020-12-10,72,4832,2021-09-30,0
2020-12-11,71,4903,2021-09-30,0
2020-12-12,72,4975,2021-09-30,0
2020-12-13,56,5031,2021-09-30,0
2020-12-14,43,5074,2021-09-30,0
2020-12-15,65,5139,2021-09-30,0
2020-12-16,72,5211,2021-09-30,0
2020-12-17,60,5271,2021-09-30,0
2020-12-18,59,5330,2021-09-30,0
2020-12-19,56,5386,2021-09-30,0
2020-12-20,60,5446,2021-09-30,0
2020-12-21,58,5504,2021-09-30,0
2020-12-22,33,5537,2021-09-30,0
2020-12-23,46,5583,2021-09-30,0
2020-12-24,50,5633,2021-09-30,0
2020-12-25,36,5669,2021-09-30,0
2020-12-26,43,5712,2021-09-30,0
2020-12-27,41,5753,2021-09-30,0
2020-12-28,34,5787,2021-09-30,0
2020-12-29,37,5824,2021-09-30,0
2020-12-30,47,5871,2021-09-30,0
2020-12-31,36,5907,2021-09-30,0
2021-01-01,28,5935,2021-09-30,0
2021-01-02,46,5981,2021-09-30,0
2021-01-03,37,6018,2021-09-30,0
2021-01-04,32,6050,2021-09-30,0
2021-01-05,40,6090,2021-09-30,0
2021-01-06,32,6122,2021-09-30,0
2021-01-07,37,6159,2021-09-30,0
2021-01-08,32,6191,2021-09-30,0
2021-01-09,26,6217,2021-09-30,0
2021-01-10,29,6246,2021-09-30,0
2021-01-11,26,6272,2021-09-30,0
2021-01-12,32,6304,2021-09-30,0
2021-01-13,23,6327,2021-09-30,0
2021-01-14,41,6368,2021-09-30,0
2021-01-15,26,6394,2021-09-30,0
2021-01-16,30,6424,2021-09-30,0
2021-01-17,21,6445,2021-09-30,0
2021-01-18,19,6464,2021-09-30,0
2021-01-19,14,6478,2021-09-30,0
2021-01-20,26,6504,2021-09-30,0
2021-01-21,16,6520,2021-09-30,0
2021-01-22,13,6533,2021-09-30,0
2021-01-23,17,6550,2021-09-30,0
2021-01-24,24,6574,2021-09-30,0
2021-01-25,18,6592,2021-09-30,0
2021-01-26,21,6613,2021-09-30,0
2021-01-27,11,6624,2021-09-30,0
2021-01-28,12,6636,2021-09-30,0
2021-01-29,15,6651,2021-09-30,0
2021-01-30,13,6664,2021-09-30,0
2021-01-31,16,6680,2021-09-30,0
2021-02-01,17,6697,2021-09-30,0
2021-02-02,10,6707,2021-09-30,0
2021-02-03,11,6718,2021-09-30,0
2021-02-04,11,6729,2021-09-30,0
2021-02-05,12,6741,2021-09-30,0
2021-02-06,12,6753,2021-09-30,0
2021-02-07,19,6772,2021-09-30,0
2021-02-08,11,6783,2021-09-30,0
2021-02-09,15,6798,2021-09-30,0
2021-02-10,13,6811,2021-09-30,0
2021-02-11,7,6818,2021-09-30,0
2021-02-12,13,6831,2021-09-30,0
2021-02-13,8,6839,2021-09-30,0
2021-02-14,10,6849,2021-09-30,0
2021-02-15,9,6858,2021-09-30,0
2021-02-16,12,6870,2021-09-30,0
2021-02-17,10,6880,2021-09-30,0
2021-02-18,7,6887,2021-09-30,0
2021-02-19,6,6893,2021-09-30,0
2021-02-20,7,6900,2021-09-30,0
2021-02-21,4,6904,2021-09-30,0
2021-02-22,5,6909,2021-09-30,0
2021-02-23,9,6918,2021-09-30,0
2021-02-24,5,6923,2021-09-30,0
2021-02-25,5,6928,2021-09-30,0
2021-02-26,7,6935,2021-09-30,0
2021-02-27,6,6941,2021-09-30,0
2021-02-28,8,6949,2021-09-30,0
2021-03-01,7,6956,2021-09-30,0
2021-03-02,3,6959,2021-09-30,0
2021-03-03,10,6969,2021-09-30,0
2021-03-04,6,6975,2021-09-30,0
2021-03-05,10,6985,2021-09-30,0
2021-03-06,5,6990,2021-09-30,0
2021-03-07,9,6999,2021-09-30,0
2021-03-08,5,7004,2021-09-30,0
2021-03-09,7,7011,2021-09-30,0
2021-03-10,5,7016,2021-09-30,0
2021-03-11,4,7020,2021-09-30,0
2021-03-12,11,7031,2021-09-30,0
2021-03-13,5,7036,2021-09-30,0
2021-03-14,4,7040,2021-09-30,0
2021-03-15,2,7042,2021-09-30,0
2021-03-16,6,7048,2021-09-30,0
2021-03-17,4,7052,2021-09-30,0
2021-03-18,5,7057,2021-09-30,0
2021-03-19,5,7062,2021-09-30,0
2021-03-20,9,7071,2021-09-30,0
2021-03-21,5,7076,2021-09-30,0
2021-03-22,4,7080,2021-09-30,0
2021-03-23,5,7085,2021-09-30,0
2021-03-24,1,7086,2021-09-30,0
2021-03-25,5,7091,2021-09-30,0
2021-03-26,3,7094,2021-09-30,0
2021-03-27,7,7101,2021-09-30,0
2021-03-28,6,7107,2021-09-30,0
2021-03-29,5,7112,2021-09-30,0
2021-03-30,6,7118,2021-09-30,0
2021-03-31,8,7126,2021-09-30,0
2021-04-01,6,7132,2021-09-30,0
2021-04-02,9,7141,2021-09-30,0
2021-04-03,8,7149,2021-09-30,0
2021-04-04,6,7155,2021-09-30,0
2021-04-05,8,7163,2021-09-30,0
2021-04-06,6,7169,2021-09-30,0
2021-04-07,6,7175,2021-09-30,0
2021-04-08,10,7185,2021-09-30,0
2021-04-09,7,7192,2021-09-30,0
2021-04-10,7,7199,2021-09-30,0
2021-04-11,8,7207,2021-09-30,0
2021-04-12,10,7217,2021-09-30,0
2021-04-13,7,7224,2021-09-30,0
2021-04-14,8,7232,2021-09-30,0
2021-04-15,14,7246,2021-09-30,0
2021-04-16,8,7254,2021-09-30,0
2021-04-17,8,7262,2021-09-30,0
2021-04-18,8,7270,2021-09-30,0
2021-04-19,10,7280,2021-09-30,0
2021-04-20,5,7285,2021-09-30,0
2021-04-21,8,7293,2021-09-30,0
2021-04-22,1,7294,2021-09-30,0
2021-04-23,15,7309,2021-09-30,0
2021-04-24,11,7320,2021-09-30,0
2021-04-25,15,7335,2021-09-30,0
2021-04-26,14,7349,2021-09-30,0
2021-04-27,7,7356,2021-09-30,0
2021-04-28,14,7370,2021-09-30,0
2021-04-29,8,7378,2021-09-30,0
2021-04-30,11,7389,2021-09-30,0
2021-05-01,7,7396,2021-09-30,0
2021-05-02,8,7404,2021-09-30,0
2021-05-03,5,7409,2021-09-30,0
2021-05-04,13,7422,2021-09-30,0
2021-05-05,8,7430,2021-09-30,0
2021-05-06,5,7435,2021-09-30,0
2021-05-07,8,7443,2021-09-30,0
2021-05-08,7,7450,2021-09-30,0
2021-05-09,9,7459,2021-09-30,0
2021-05-10,8,7467,2021-09-30,0
2021-05-11,6,7473,2021-09-30,0
2021-05-12,9,7482,2021-09-30,0
2021-05-13,9,7491,2021-09-30,0
2021-05-14,11,7502,2021-09-30,0
2021-05-15,9,7511,2021-09-30,0
2021-05-16,6,7517,2021-09-30,0
2021-05-17,5,7522,2021-09-30,0
2021-05-18,7,7529,2021-09-30,0
2021-05-19,2,7531,2021-09-30,0
2021-05-20,5,7536,2021-09-30,0
2021-05-21,7,7543,2021-09-30,0
2021-05-22,11,7554,2021-09-30,0
2021-05-23,5,7559,2021-09-30,0
2021-05-24,5,7564,2021-09-30,0
2021-05-25,6,7570,2021-09-30,0
2021-05-26,3,7573,2021-09-30,0
2021-05-27,7,7580,2021-09-30,0
2021-05-28,2,7582,2021-09-30,0
2021-05-29,6,7588,2021-09-30,0
2021-05-30,4,7592,2021-09-30,0
2021-05-31,3,7595,2021-09-30,0
2021-06-01,5,7600,2021-09-30,0
2021-06-02,8,7608,2021-09-30,0
2021-06-03,4,7612,2021-09-30,0
2021-06-04,4,7616,2021-09-30,0
2021-06-05,2,7618,2021-09-30,0
2021-06-06,5,7623,2021-09-30,0
2021-06-07,3,7626,2021-09-30,0
2021-06-08,5,7631,2021-09-30,0
2021-06-09,4,7635,2021-09-30,0
2021-06-10,6,7641,2021-09-30,0
2021-06-11,6,7647,2021-09-30,0
2021-06-12,4,7651,2021-09-30,0
2021-06-13,4,7655,2021-09-30,0
2021-06-14,3,7658,2021-09-30,0
2021-06-15,2,7660,2021-09-30,0
2021-06-16,2,7662,2021-09-30,0
2021-06-17,4,7666,2021-09-30,0
2021-06-18,1,7667,2021-09-30,0
2021-06-19,6,7673,2021-09-30,0
2021-06-20,1,7674,2021-09-30,0
2021-06-21,5,7679,2021-09-30,0
2021-06-22,3,7682,2021-09-30,0
2021-06-23,4,7686,2021-09-30,0
2021-06-24,3,7689,2021-09-30,0
2021-06-25,3,7692,2021-09-30,0
2021-06-26,4,7696,2021-09-30,0
2021-06-27,2,7698,2021-09-30,0
2021-06-28,2,7700,2021-09-30,0
2021-06-29,2,7702,2021-09-30,0
2021-06-30,2,7704,2021-09-30,0
2021-07-01,0,7704,2021-09-30,0
2021-07-02,2,7706,2021-09-30,0
2021-07-03,2,7708,2021-09-30,0
2021-07-04,3,7711,2021-09-30,0
2021-07-05,1,7712,2021-09-30,0
2021-07-06,4,7716,2021-09-30,0
2021-07-07,1,7717,2021-09-30,0
2021-07-08,1,7718,2021-09-30,0
2021-07-09,0,7718,2021-09-30,0
2021-07-10,1,7719,2021-09-30,0
2021-07-11,2,7721,2021-09-30,0
2021-07-12,1,7722,2021-09-30,0
2021-07-13,2,7724,2021-09-30,0
2021-07-14,2,7726,2021-09-30,0
2021-07-15,2,7728,2021-09-30,0
2021-07-16,1,7729,2021-09-30,0
2021-07-17,1,7730,2021-09-30,0
2021-07-18,0,7730,2021-09-30,0
2021-07-19,0,7730,2021-09-30,0
2021-07-20,2,7732,2021-09-30,0
2021-07-21,2,7734,2021-09-30,0
2021-07-22,2,7736,2021-09-30,0
2021-07-23,3,7739,2021-09-30,0
2021-07-24,0,7739,2021-09-30,0
2021-07-25,2,7741,2021-09-30,0
2021-07-26,1,7742,2021-09-30,0
2021-07-27,2,7744,2021-09-30,0
2021-07-28,3,7747,2021-09-30,0
2021-07-29,2,7749,2021-09-30,0
2021-07-30,5,7754,2021-09-30,0
2021-07-31,4,7758,2021-09-30,0
2021-08-01,1,7759,2021-09-30,0
2021-08-02,3,7762,2021-09-30,0
2021-08-03,2,7764,2021-09-30,0
2021-08-04,3,7767,2021-09-30,0
2021-08-05,2,7769,2021-09-30,0
2021-08-06,7,7776,2021-09-30,0
2021-08-07,3,7779,2021-09-30,0
2021-08-08,2,7781,2021-09-30,0
2021-08-09,3,7784,2021-09-30,0
2021-08-10,2,7786,2021-09-30,0
2021-08-11,2,7788,2021-09-30,0
2021-08-12,7,7795,2021-09-30,0
2021-08-13,5,7800,2021-09-30,0
2021-08-14,6,7806,2021-09-30,0
2021-08-15,0,7806,2021-09-30,0
2021-08-16,7,7813,2021-09-30,0
2021-08-17,7,7820,2021-09-30,0
2021-08-18,9,7829,2021-09-30,0
2021-08-19,2,7831,2021-09-30,0
2021-08-20,3,7834,2021-09-30,0
2021-08-21,5,7839,2021-09-30,0
2021-08-22,7,7846,2021-09-30,0
2021-08-23,5,7851,2021-09-30,0
2021-08-24,12,7863,2021-09-30,0
2021-08-25,7,7870,2021-09-30,0
2021-08-26,2,7872,2021-09-30,0
2021-08-27,6,7878,2021-09-30,0
2021-08-28,10,7888,2021-09-30,0
2021-08-29,11,7899,2021-09-30,0
2021-08-30,7,7906,2021-09-30,0
2021-08-31,6,7912,2021-09-30,0
2021-09-01,5,7917,2021-09-30,0
2021-09-02,6,7923,2021-09-30,0
2021-09-03,9,7932,2021-09-30,0
2021-09-04,8,7940,2021-09-30,0
2021-09-05,10,7950,2021-09-30,0
2021-09-06,6,7956,2021-09-30,0
2021-09-07,7,7963,2021-09-30,0
2021-09-08,9,7972,2021-09-30,0
2021-09-09,3,7975,2021-09-30,0
2021-09-10,8,7983,2021-09-30,0
2021-09-11,16,7999,2021-09-30,0
2021-09-12,10,8009,2021-09-30,0
2021-09-13,7,8016,2021-09-30,0
2021-09-14,10,8026,2021-09-30,0
2021-09-15,13,8039,2021-09-30,0
2021-09-16,14,8053,2021-09-30,0
2021-09-17,8,8061,2021-09-30,0
2021-09-18,12,8073,2021-09-30,0
2021-09-19,11,8084,2021-09-30,0
2021-09-20,14,8098,2021-09-30,0
2021-09-21,10,8108,2021-09-30,1
2021-09-22,11,8119,2021-09-30,1
2021-09-23,8,8127,2021-09-30,2
2021-09-24,10,8137,2021-09-30,2
2021-09-25,9,8146,2021-09-30,3
2021-09-26,5,8151,2021-09-30,3
2021-09-27,2,8153,2021-09-30,1
NA,0,8153,2021-09-30,0
2020-03-19,1,1,2021-10-01,0
2020-03-20,0,1,2021-10-01,0
2020-03-21,0,1,2021-10-01,0
2020-03-22,0,1,2021-10-01,0
2020-03-23,0,1,2021-10-01,0
2020-03-24,1,2,2021-10-01,0
2020-03-25,1,3,2021-10-01,0
2020-03-26,1,4,2021-10-01,0
2020-03-27,5,9,2021-10-01,0
2020-03-28,3,12,2021-10-01,0
2020-03-29,0,12,2021-10-01,0
2020-03-30,5,17,2021-10-01,0
2020-03-31,2,19,2021-10-01,0
2020-04-01,5,24,2021-10-01,0
2020-04-02,3,27,2021-10-01,0
2020-04-03,1,28,2021-10-01,0
2020-04-04,5,33,2021-10-01,0
2020-04-05,5,38,2021-10-01,0
2020-04-06,10,48,2021-10-01,0
2020-04-07,6,54,2021-10-01,0
2020-04-08,7,61,2021-10-01,0
2020-04-09,8,69,2021-10-01,0
2020-04-10,6,75,2021-10-01,0
2020-04-11,4,79,2021-10-01,0
2020-04-12,4,83,2021-10-01,0
2020-04-13,10,93,2021-10-01,0
2020-04-14,6,99,2021-10-01,0
2020-04-15,17,116,2021-10-01,0
2020-04-16,10,126,2021-10-01,0
2020-04-17,17,143,2021-10-01,0
2020-04-18,17,160,2021-10-01,0
2020-04-19,16,176,2021-10-01,0
2020-04-20,21,197,2021-10-01,0
2020-04-21,26,223,2021-10-01,0
2020-04-22,21,244,2021-10-01,0
2020-04-23,19,263,2021-10-01,0
2020-04-24,23,286,2021-10-01,0
2020-04-25,18,304,2021-10-01,0
2020-04-26,17,321,2021-10-01,0
2020-04-27,21,342,2021-10-01,0
2020-04-28,16,358,2021-10-01,0
2020-04-29,29,387,2021-10-01,0
2020-04-30,18,405,2021-10-01,0
2020-05-01,30,435,2021-10-01,0
2020-05-02,19,454,2021-10-01,0
2020-05-03,29,483,2021-10-01,0
2020-05-04,23,506,2021-10-01,0
2020-05-05,19,525,2021-10-01,0
2020-05-06,25,550,2021-10-01,0
2020-05-07,30,580,2021-10-01,0
2020-05-08,20,600,2021-10-01,0
2020-05-09,26,626,2021-10-01,0
2020-05-10,19,645,2021-10-01,0
2020-05-11,25,670,2021-10-01,0
2020-05-12,20,690,2021-10-01,0
2020-05-13,22,712,2021-10-01,0
2020-05-14,20,732,2021-10-01,0
2020-05-15,20,752,2021-10-01,0
2020-05-16,20,772,2021-10-01,0
2020-05-17,23,795,2021-10-01,0
2020-05-18,18,813,2021-10-01,0
2020-05-19,35,848,2021-10-01,0
2020-05-20,24,872,2021-10-01,0
2020-05-21,17,889,2021-10-01,0
2020-05-22,20,909,2021-10-01,0
2020-05-23,26,935,2021-10-01,0
2020-05-24,25,960,2021-10-01,0
2020-05-25,30,990,2021-10-01,0
2020-05-26,29,1019,2021-10-01,0
2020-05-27,25,1044,2021-10-01,0
2020-05-28,21,1065,2021-10-01,0
2020-05-29,17,1082,2021-10-01,0
2020-05-30,11,1093,2021-10-01,0
2020-05-31,20,1113,2021-10-01,0
2020-06-01,23,1136,2021-10-01,0
2020-06-02,21,1157,2021-10-01,0
2020-06-03,25,1182,2021-10-01,0
2020-06-04,26,1208,2021-10-01,0
2020-06-05,18,1226,2021-10-01,0
2020-06-06,12,1238,2021-10-01,0
2020-06-07,22,1260,2021-10-01,0
2020-06-08,12,1272,2021-10-01,0
2020-06-09,13,1285,2021-10-01,0
2020-06-10,10,1295,2021-10-01,0
2020-06-11,12,1307,2021-10-01,0
2020-06-12,11,1318,2021-10-01,0
2020-06-13,13,1331,2021-10-01,0
2020-06-14,11,1342,2021-10-01,0
2020-06-15,8,1350,2021-10-01,0
2020-06-16,9,1359,2021-10-01,0
2020-06-17,17,1376,2021-10-01,0
2020-06-18,9,1385,2021-10-01,0
2020-06-19,8,1393,2021-10-01,0
2020-06-20,12,1405,2021-10-01,0
2020-06-21,11,1416,2021-10-01,0
2020-06-22,6,1422,2021-10-01,0
2020-06-23,10,1432,2021-10-01,0
2020-06-24,1,1433,2021-10-01,0
2020-06-25,9,1442,2021-10-01,0
2020-06-26,6,1448,2021-10-01,0
2020-06-27,5,1453,2021-10-01,0
2020-06-28,11,1464,2021-10-01,0
2020-06-29,7,1471,2021-10-01,0
2020-06-30,9,1480,2021-10-01,0
2020-07-01,2,1482,2021-10-01,0
2020-07-02,3,1485,2021-10-01,0
2020-07-03,5,1490,2021-10-01,0
2020-07-04,4,1494,2021-10-01,0
2020-07-05,6,1500,2021-10-01,0
2020-07-06,4,1504,2021-10-01,0
2020-07-07,2,1506,2021-10-01,0
2020-07-08,9,1515,2021-10-01,0
2020-07-09,4,1519,2021-10-01,0
2020-07-10,3,1522,2021-10-01,0
2020-07-11,4,1526,2021-10-01,0
2020-07-12,6,1532,2021-10-01,0
2020-07-13,2,1534,2021-10-01,0
2020-07-14,6,1540,2021-10-01,0
2020-07-15,7,1547,2021-10-01,0
2020-07-16,3,1550,2021-10-01,0
2020-07-17,7,1557,2021-10-01,0
2020-07-18,6,1563,2021-10-01,0
2020-07-19,5,1568,2021-10-01,0
2020-07-20,3,1571,2021-10-01,0
2020-07-21,6,1577,2021-10-01,0
2020-07-22,5,1582,2021-10-01,0
2020-07-23,8,1590,2021-10-01,0
2020-07-24,6,1596,2021-10-01,0
2020-07-25,2,1598,2021-10-01,0
2020-07-26,5,1603,2021-10-01,0
2020-07-27,5,1608,2021-10-01,0
2020-07-28,7,1615,2021-10-01,0
2020-07-29,3,1618,2021-10-01,0
2020-07-30,6,1624,2021-10-01,0
2020-07-31,9,1633,2021-10-01,0
2020-08-01,4,1637,2021-10-01,0
2020-08-02,7,1644,2021-10-01,0
2020-08-03,4,1648,2021-10-01,0
2020-08-04,7,1655,2021-10-01,0
2020-08-05,8,1663,2021-10-01,0
2020-08-06,9,1672,2021-10-01,0
2020-08-07,7,1679,2021-10-01,0
2020-08-08,6,1685,2021-10-01,0
2020-08-09,10,1695,2021-10-01,0
2020-08-10,3,1698,2021-10-01,0
2020-08-11,9,1707,2021-10-01,0
2020-08-12,7,1714,2021-10-01,0
2020-08-13,5,1719,2021-10-01,0
2020-08-14,9,1728,2021-10-01,0
2020-08-15,13,1741,2021-10-01,0
2020-08-16,13,1754,2021-10-01,0
2020-08-17,6,1760,2021-10-01,0
2020-08-18,11,1771,2021-10-01,0
2020-08-19,3,1774,2021-10-01,0
2020-08-20,10,1784,2021-10-01,0
2020-08-21,12,1796,2021-10-01,0
2020-08-22,9,1805,2021-10-01,0
2020-08-23,7,1812,2021-10-01,0
2020-08-24,9,1821,2021-10-01,0
2020-08-25,4,1825,2021-10-01,0
2020-08-26,3,1828,2021-10-01,0
2020-08-27,7,1835,2021-10-01,0
2020-08-28,6,1841,2021-10-01,0
2020-08-29,3,1844,2021-10-01,0
2020-08-30,5,1849,2021-10-01,0
2020-08-31,9,1858,2021-10-01,0
2020-09-01,2,1860,2021-10-01,0
2020-09-02,7,1867,2021-10-01,0
2020-09-03,12,1879,2021-10-01,0
2020-09-04,4,1883,2021-10-01,0
2020-09-05,6,1889,2021-10-01,0
2020-09-06,12,1901,2021-10-01,0
2020-09-07,3,1904,2021-10-01,0
2020-09-08,6,1910,2021-10-01,0
2020-09-09,10,1920,2021-10-01,0
2020-09-10,9,1929,2021-10-01,0
2020-09-11,11,1940,2021-10-01,0
2020-09-12,8,1948,2021-10-01,0
2020-09-13,8,1956,2021-10-01,0
2020-09-14,2,1958,2021-10-01,0
2020-09-15,7,1965,2021-10-01,0
2020-09-16,9,1974,2021-10-01,0
2020-09-17,5,1979,2021-10-01,0
2020-09-18,6,1985,2021-10-01,0
2020-09-19,4,1989,2021-10-01,0
2020-09-20,9,1998,2021-10-01,0
2020-09-21,7,2005,2021-10-01,0
2020-09-22,8,2013,2021-10-01,0
2020-09-23,9,2022,2021-10-01,0
2020-09-24,8,2030,2021-10-01,0
2020-09-25,11,2041,2021-10-01,0
2020-09-26,9,2050,2021-10-01,0
2020-09-27,14,2064,2021-10-01,0
2020-09-28,11,2075,2021-10-01,0
2020-09-29,5,2080,2021-10-01,0
2020-09-30,16,2096,2021-10-01,0
2020-10-01,7,2103,2021-10-01,0
2020-10-02,13,2116,2021-10-01,0
2020-10-03,9,2125,2021-10-01,0
2020-10-04,7,2132,2021-10-01,0
2020-10-05,10,2142,2021-10-01,0
2020-10-06,13,2155,2021-10-01,0
2020-10-07,19,2174,2021-10-01,0
2020-10-08,9,2183,2021-10-01,0
2020-10-09,17,2200,2021-10-01,0
2020-10-10,16,2216,2021-10-01,0
2020-10-11,16,2232,2021-10-01,0
2020-10-12,20,2252,2021-10-01,0
2020-10-13,14,2266,2021-10-01,0
2020-10-14,10,2276,2021-10-01,0
2020-10-15,9,2285,2021-10-01,0
2020-10-16,12,2297,2021-10-01,0
2020-10-17,18,2315,2021-10-01,0
2020-10-18,25,2340,2021-10-01,0
2020-10-19,18,2358,2021-10-01,0
2020-10-20,15,2373,2021-10-01,0
2020-10-21,24,2397,2021-10-01,0
2020-10-22,18,2415,2021-10-01,0
2020-10-23,19,2434,2021-10-01,0
2020-10-24,8,2442,2021-10-01,0
2020-10-25,17,2459,2021-10-01,0
2020-10-26,25,2484,2021-10-01,0
2020-10-27,23,2507,2021-10-01,0
2020-10-28,29,2536,2021-10-01,0
2020-10-29,18,2554,2021-10-01,0
2020-10-30,27,2581,2021-10-01,0
2020-10-31,25,2606,2021-10-01,0
2020-11-01,21,2627,2021-10-01,0
2020-11-02,25,2652,2021-10-01,0
2020-11-03,25,2677,2021-10-01,0
2020-11-04,33,2710,2021-10-01,0
2020-11-05,38,2748,2021-10-01,0
2020-11-06,39,2787,2021-10-01,0
2020-11-07,42,2829,2021-10-01,0
2020-11-08,47,2876,2021-10-01,0
2020-11-09,36,2912,2021-10-01,0
2020-11-10,35,2947,2021-10-01,0
2020-11-11,43,2990,2021-10-01,0
2020-11-12,45,3035,2021-10-01,0
2020-11-13,40,3075,2021-10-01,0
2020-11-14,47,3122,2021-10-01,0
2020-11-15,46,3168,2021-10-01,0
2020-11-16,62,3230,2021-10-01,0
2020-11-17,56,3286,2021-10-01,0
2020-11-18,61,3347,2021-10-01,0
2020-11-19,60,3407,2021-10-01,0
2020-11-20,63,3470,2021-10-01,0
2020-11-21,58,3528,2021-10-01,0
2020-11-22,67,3595,2021-10-01,0
2020-11-23,59,3654,2021-10-01,0
2020-11-24,69,3723,2021-10-01,0
2020-11-25,72,3795,2021-10-01,0
2020-11-26,54,3849,2021-10-01,0
2020-11-27,69,3918,2021-10-01,0
2020-11-28,62,3980,2021-10-01,0
2020-11-29,68,4048,2021-10-01,0
2020-11-30,61,4109,2021-10-01,0
2020-12-01,64,4173,2021-10-01,0
2020-12-02,73,4246,2021-10-01,0
2020-12-03,86,4332,2021-10-01,0
2020-12-04,67,4399,2021-10-01,0
2020-12-05,74,4473,2021-10-01,0
2020-12-06,80,4553,2021-10-01,0
2020-12-07,75,4628,2021-10-01,0
2020-12-08,61,4689,2021-10-01,0
2020-12-09,71,4760,2021-10-01,0
2020-12-10,72,4832,2021-10-01,0
2020-12-11,71,4903,2021-10-01,0
2020-12-12,72,4975,2021-10-01,0
2020-12-13,56,5031,2021-10-01,0
2020-12-14,43,5074,2021-10-01,0
2020-12-15,65,5139,2021-10-01,0
2020-12-16,72,5211,2021-10-01,0
2020-12-17,60,5271,2021-10-01,0
2020-12-18,59,5330,2021-10-01,0
2020-12-19,56,5386,2021-10-01,0
2020-12-20,60,5446,2021-10-01,0
2020-12-21,58,5504,2021-10-01,0
2020-12-22,33,5537,2021-10-01,0
2020-12-23,46,5583,2021-10-01,0
2020-12-24,50,5633,2021-10-01,0
2020-12-25,36,5669,2021-10-01,0
2020-12-26,43,5712,2021-10-01,0
2020-12-27,41,5753,2021-10-01,0
2020-12-28,34,5787,2021-10-01,0
2020-12-29,37,5824,2021-10-01,0
2020-12-30,47,5871,2021-10-01,0
2020-12-31,36,5907,2021-10-01,0
2021-01-01,28,5935,2021-10-01,0
2021-01-02,47,5982,2021-10-01,1
2021-01-03,37,6019,2021-10-01,0
2021-01-04,32,6051,2021-10-01,0
2021-01-05,40,6091,2021-10-01,0
2021-01-06,32,6123,2021-10-01,0
2021-01-07,37,6160,2021-10-01,0
2021-01-08,32,6192,2021-10-01,0
2021-01-09,26,6218,2021-10-01,0
2021-01-10,29,6247,2021-10-01,0
2021-01-11,26,6273,2021-10-01,0
2021-01-12,32,6305,2021-10-01,0
2021-01-13,23,6328,2021-10-01,0
2021-01-14,41,6369,2021-10-01,0
2021-01-15,26,6395,2021-10-01,0
2021-01-16,30,6425,2021-10-01,0
2021-01-17,21,6446,2021-10-01,0
2021-01-18,19,6465,2021-10-01,0
2021-01-19,14,6479,2021-10-01,0
2021-01-20,26,6505,2021-10-01,0
2021-01-21,16,6521,2021-10-01,0
2021-01-22,13,6534,2021-10-01,0
2021-01-23,17,6551,2021-10-01,0
2021-01-24,24,6575,2021-10-01,0
2021-01-25,19,6594,2021-10-01,1
2021-01-26,21,6615,2021-10-01,0
2021-01-27,11,6626,2021-10-01,0
2021-01-28,12,6638,2021-10-01,0
2021-01-29,15,6653,2021-10-01,0
2021-01-30,13,6666,2021-10-01,0
2021-01-31,16,6682,2021-10-01,0
2021-02-01,17,6699,2021-10-01,0
2021-02-02,10,6709,2021-10-01,0
2021-02-03,11,6720,2021-10-01,0
2021-02-04,11,6731,2021-10-01,0
2021-02-05,12,6743,2021-10-01,0
2021-02-06,12,6755,2021-10-01,0
2021-02-07,19,6774,2021-10-01,0
2021-02-08,11,6785,2021-10-01,0
2021-02-09,15,6800,2021-10-01,0
2021-02-10,13,6813,2021-10-01,0
2021-02-11,7,6820,2021-10-01,0
2021-02-12,13,6833,2021-10-01,0
2021-02-13,8,6841,2021-10-01,0
2021-02-14,10,6851,2021-10-01,0
2021-02-15,9,6860,2021-10-01,0
2021-02-16,12,6872,2021-10-01,0
2021-02-17,10,6882,2021-10-01,0
2021-02-18,7,6889,2021-10-01,0
2021-02-19,6,6895,2021-10-01,0
2021-02-20,7,6902,2021-10-01,0
2021-02-21,4,6906,2021-10-01,0
2021-02-22,5,6911,2021-10-01,0
2021-02-23,9,6920,2021-10-01,0
2021-02-24,5,6925,2021-10-01,0
2021-02-25,5,6930,2021-10-01,0
2021-02-26,7,6937,2021-10-01,0
2021-02-27,6,6943,2021-10-01,0
2021-02-28,8,6951,2021-10-01,0
2021-03-01,7,6958,2021-10-01,0
2021-03-02,3,6961,2021-10-01,0
2021-03-03,10,6971,2021-10-01,0
2021-03-04,6,6977,2021-10-01,0
2021-03-05,10,6987,2021-10-01,0
2021-03-06,5,6992,2021-10-01,0
2021-03-07,9,7001,2021-10-01,0
2021-03-08,5,7006,2021-10-01,0
2021-03-09,7,7013,2021-10-01,0
2021-03-10,5,7018,2021-10-01,0
2021-03-11,4,7022,2021-10-01,0
2021-03-12,11,7033,2021-10-01,0
2021-03-13,5,7038,2021-10-01,0
2021-03-14,4,7042,2021-10-01,0
2021-03-15,2,7044,2021-10-01,0
2021-03-16,6,7050,2021-10-01,0
2021-03-17,4,7054,2021-10-01,0
2021-03-18,5,7059,2021-10-01,0
2021-03-19,5,7064,2021-10-01,0
2021-03-20,9,7073,2021-10-01,0
2021-03-21,5,7078,2021-10-01,0
2021-03-22,4,7082,2021-10-01,0
2021-03-23,5,7087,2021-10-01,0
2021-03-24,1,7088,2021-10-01,0
2021-03-25,5,7093,2021-10-01,0
2021-03-26,3,7096,2021-10-01,0
2021-03-27,7,7103,2021-10-01,0
2021-03-28,6,7109,2021-10-01,0
2021-03-29,5,7114,2021-10-01,0
2021-03-30,6,7120,2021-10-01,0
2021-03-31,8,7128,2021-10-01,0
2021-04-01,6,7134,2021-10-01,0
2021-04-02,9,7143,2021-10-01,0
2021-04-03,8,7151,2021-10-01,0
2021-04-04,6,7157,2021-10-01,0
2021-04-05,8,7165,2021-10-01,0
2021-04-06,6,7171,2021-10-01,0
2021-04-07,6,7177,2021-10-01,0
2021-04-08,10,7187,2021-10-01,0
2021-04-09,7,7194,2021-10-01,0
2021-04-10,7,7201,2021-10-01,0
2021-04-11,8,7209,2021-10-01,0
2021-04-12,10,7219,2021-10-01,0
2021-04-13,7,7226,2021-10-01,0
2021-04-14,8,7234,2021-10-01,0
2021-04-15,14,7248,2021-10-01,0
2021-04-16,8,7256,2021-10-01,0
2021-04-17,8,7264,2021-10-01,0
2021-04-18,8,7272,2021-10-01,0
2021-04-19,10,7282,2021-10-01,0
2021-04-20,5,7287,2021-10-01,0
2021-04-21,8,7295,2021-10-01,0
2021-04-22,1,7296,2021-10-01,0
2021-04-23,15,7311,2021-10-01,0
2021-04-24,11,7322,2021-10-01,0
2021-04-25,15,7337,2021-10-01,0
2021-04-26,14,7351,2021-10-01,0
2021-04-27,7,7358,2021-10-01,0
2021-04-28,14,7372,2021-10-01,0
2021-04-29,8,7380,2021-10-01,0
2021-04-30,11,7391,2021-10-01,0
2021-05-01,7,7398,2021-10-01,0
2021-05-02,8,7406,2021-10-01,0
2021-05-03,5,7411,2021-10-01,0
2021-05-04,13,7424,2021-10-01,0
2021-05-05,8,7432,2021-10-01,0
2021-05-06,5,7437,2021-10-01,0
2021-05-07,8,7445,2021-10-01,0
2021-05-08,7,7452,2021-10-01,0
2021-05-09,9,7461,2021-10-01,0
2021-05-10,8,7469,2021-10-01,0
2021-05-11,6,7475,2021-10-01,0
2021-05-12,9,7484,2021-10-01,0
2021-05-13,9,7493,2021-10-01,0
2021-05-14,11,7504,2021-10-01,0
2021-05-15,9,7513,2021-10-01,0
2021-05-16,6,7519,2021-10-01,0
2021-05-17,5,7524,2021-10-01,0
2021-05-18,7,7531,2021-10-01,0
2021-05-19,2,7533,2021-10-01,0
2021-05-20,5,7538,2021-10-01,0
2021-05-21,7,7545,2021-10-01,0
2021-05-22,11,7556,2021-10-01,0
2021-05-23,5,7561,2021-10-01,0
2021-05-24,5,7566,2021-10-01,0
2021-05-25,6,7572,2021-10-01,0
2021-05-26,3,7575,2021-10-01,0
2021-05-27,7,7582,2021-10-01,0
2021-05-28,2,7584,2021-10-01,0
2021-05-29,6,7590,2021-10-01,0
2021-05-30,4,7594,2021-10-01,0
2021-05-31,3,7597,2021-10-01,0
2021-06-01,5,7602,2021-10-01,0
2021-06-02,8,7610,2021-10-01,0
2021-06-03,4,7614,2021-10-01,0
2021-06-04,4,7618,2021-10-01,0
2021-06-05,2,7620,2021-10-01,0
2021-06-06,5,7625,2021-10-01,0
2021-06-07,3,7628,2021-10-01,0
2021-06-08,5,7633,2021-10-01,0
2021-06-09,4,7637,2021-10-01,0
2021-06-10,6,7643,2021-10-01,0
2021-06-11,6,7649,2021-10-01,0
2021-06-12,4,7653,2021-10-01,0
2021-06-13,4,7657,2021-10-01,0
2021-06-14,3,7660,2021-10-01,0
2021-06-15,2,7662,2021-10-01,0
2021-06-16,2,7664,2021-10-01,0
2021-06-17,4,7668,2021-10-01,0
2021-06-18,1,7669,2021-10-01,0
2021-06-19,6,7675,2021-10-01,0
2021-06-20,1,7676,2021-10-01,0
2021-06-21,5,7681,2021-10-01,0
2021-06-22,3,7684,2021-10-01,0
2021-06-23,4,7688,2021-10-01,0
2021-06-24,3,7691,2021-10-01,0
2021-06-25,3,7694,2021-10-01,0
2021-06-26,4,7698,2021-10-01,0
2021-06-27,2,7700,2021-10-01,0
2021-06-28,2,7702,2021-10-01,0
2021-06-29,2,7704,2021-10-01,0
2021-06-30,2,7706,2021-10-01,0
2021-07-01,0,7706,2021-10-01,0
2021-07-02,2,7708,2021-10-01,0
2021-07-03,2,7710,2021-10-01,0
2021-07-04,3,7713,2021-10-01,0
2021-07-05,1,7714,2021-10-01,0
2021-07-06,4,7718,2021-10-01,0
2021-07-07,1,7719,2021-10-01,0
2021-07-08,1,7720,2021-10-01,0
2021-07-09,0,7720,2021-10-01,0
2021-07-10,1,7721,2021-10-01,0
2021-07-11,2,7723,2021-10-01,0
2021-07-12,1,7724,2021-10-01,0
2021-07-13,2,7726,2021-10-01,0
2021-07-14,2,7728,2021-10-01,0
2021-07-15,2,7730,2021-10-01,0
2021-07-16,1,7731,2021-10-01,0
2021-07-17,1,7732,2021-10-01,0
2021-07-18,0,7732,2021-10-01,0
2021-07-19,0,7732,2021-10-01,0
2021-07-20,2,7734,2021-10-01,0
2021-07-21,2,7736,2021-10-01,0
2021-07-22,2,7738,2021-10-01,0
2021-07-23,3,7741,2021-10-01,0
2021-07-24,0,7741,2021-10-01,0
2021-07-25,2,7743,2021-10-01,0
2021-07-26,1,7744,2021-10-01,0
2021-07-27,2,7746,2021-10-01,0
2021-07-28,3,7749,2021-10-01,0
2021-07-29,2,7751,2021-10-01,0
2021-07-30,5,7756,2021-10-01,0
2021-07-31,4,7760,2021-10-01,0
2021-08-01,1,7761,2021-10-01,0
2021-08-02,3,7764,2021-10-01,0
2021-08-03,2,7766,2021-10-01,0
2021-08-04,3,7769,2021-10-01,0
2021-08-05,2,7771,2021-10-01,0
2021-08-06,7,7778,2021-10-01,0
2021-08-07,3,7781,2021-10-01,0
2021-08-08,2,7783,2021-10-01,0
2021-08-09,3,7786,2021-10-01,0
2021-08-10,2,7788,2021-10-01,0
2021-08-11,2,7790,2021-10-01,0
2021-08-12,7,7797,2021-10-01,0
2021-08-13,5,7802,2021-10-01,0
2021-08-14,6,7808,2021-10-01,0
2021-08-15,0,7808,2021-10-01,0
2021-08-16,7,7815,2021-10-01,0
2021-08-17,7,7822,2021-10-01,0
2021-08-18,9,7831,2021-10-01,0
2021-08-19,2,7833,2021-10-01,0
2021-08-20,3,7836,2021-10-01,0
2021-08-21,5,7841,2021-10-01,0
2021-08-22,7,7848,2021-10-01,0
2021-08-23,5,7853,2021-10-01,0
2021-08-24,12,7865,2021-10-01,0
2021-08-25,7,7872,2021-10-01,0
2021-08-26,2,7874,2021-10-01,0
2021-08-27,6,7880,2021-10-01,0
2021-08-28,10,7890,2021-10-01,0
2021-08-29,11,7901,2021-10-01,0
2021-08-30,8,7909,2021-10-01,1
2021-08-31,6,7915,2021-10-01,0
2021-09-01,5,7920,2021-10-01,0
2021-09-02,6,7926,2021-10-01,0
2021-09-03,9,7935,2021-10-01,0
2021-09-04,8,7943,2021-10-01,0
2021-09-05,10,7953,2021-10-01,0
2021-09-06,6,7959,2021-10-01,0
2021-09-07,7,7966,2021-10-01,0
2021-09-08,9,7975,2021-10-01,0
2021-09-09,4,7979,2021-10-01,1
2021-09-10,8,7987,2021-10-01,0
2021-09-11,16,8003,2021-10-01,0
2021-09-12,10,8013,2021-10-01,0
2021-09-13,7,8020,2021-10-01,0
2021-09-14,10,8030,2021-10-01,0
2021-09-15,13,8043,2021-10-01,0
2021-09-16,14,8057,2021-10-01,0
2021-09-17,8,8065,2021-10-01,0
2021-09-18,12,8077,2021-10-01,0
2021-09-19,11,8088,2021-10-01,0
2021-09-20,14,8102,2021-10-01,0
2021-09-21,10,8112,2021-10-01,0
2021-09-22,13,8125,2021-10-01,2
2021-09-23,9,8134,2021-10-01,1
2021-09-24,11,8145,2021-10-01,1
2021-09-25,10,8155,2021-10-01,1
2021-09-26,9,8164,2021-10-01,4
2021-09-27,3,8167,2021-10-01,1
2021-09-28,3,8170,2021-10-01,3
NA,0,8170,2021-10-01,0
2020-03-19,1,1,2021-10-04,0
2020-03-20,0,1,2021-10-04,0
2020-03-21,0,1,2021-10-04,0
2020-03-22,0,1,2021-10-04,0
2020-03-23,0,1,2021-10-04,0
2020-03-24,1,2,2021-10-04,0
2020-03-25,1,3,2021-10-04,0
2020-03-26,1,4,2021-10-04,0
2020-03-27,5,9,2021-10-04,0
2020-03-28,3,12,2021-10-04,0
2020-03-29,0,12,2021-10-04,0
2020-03-30,5,17,2021-10-04,0
2020-03-31,2,19,2021-10-04,0
2020-04-01,5,24,2021-10-04,0
2020-04-02,3,27,2021-10-04,0
2020-04-03,1,28,2021-10-04,0
2020-04-04,5,33,2021-10-04,0
2020-04-05,5,38,2021-10-04,0
2020-04-06,10,48,2021-10-04,0
2020-04-07,6,54,2021-10-04,0
2020-04-08,7,61,2021-10-04,0
2020-04-09,8,69,2021-10-04,0
2020-04-10,6,75,2021-10-04,0
2020-04-11,4,79,2021-10-04,0
2020-04-12,4,83,2021-10-04,0
2020-04-13,10,93,2021-10-04,0
2020-04-14,6,99,2021-10-04,0
2020-04-15,17,116,2021-10-04,0
2020-04-16,10,126,2021-10-04,0
2020-04-17,17,143,2021-10-04,0
2020-04-18,17,160,2021-10-04,0
2020-04-19,16,176,2021-10-04,0
2020-04-20,21,197,2021-10-04,0
2020-04-21,26,223,2021-10-04,0
2020-04-22,21,244,2021-10-04,0
2020-04-23,19,263,2021-10-04,0
2020-04-24,23,286,2021-10-04,0
2020-04-25,18,304,2021-10-04,0
2020-04-26,17,321,2021-10-04,0
2020-04-27,21,342,2021-10-04,0
2020-04-28,16,358,2021-10-04,0
2020-04-29,29,387,2021-10-04,0
2020-04-30,18,405,2021-10-04,0
2020-05-01,30,435,2021-10-04,0
2020-05-02,19,454,2021-10-04,0
2020-05-03,29,483,2021-10-04,0
2020-05-04,23,506,2021-10-04,0
2020-05-05,19,525,2021-10-04,0
2020-05-06,25,550,2021-10-04,0
2020-05-07,30,580,2021-10-04,0
2020-05-08,20,600,2021-10-04,0
2020-05-09,26,626,2021-10-04,0
2020-05-10,19,645,2021-10-04,0
2020-05-11,25,670,2021-10-04,0
2020-05-12,20,690,2021-10-04,0
2020-05-13,22,712,2021-10-04,0
2020-05-14,20,732,2021-10-04,0
2020-05-15,20,752,2021-10-04,0
2020-05-16,20,772,2021-10-04,0
2020-05-17,23,795,2021-10-04,0
2020-05-18,18,813,2021-10-04,0
2020-05-19,35,848,2021-10-04,0
2020-05-20,24,872,2021-10-04,0
2020-05-21,17,889,2021-10-04,0
2020-05-22,20,909,2021-10-04,0
2020-05-23,26,935,2021-10-04,0
2020-05-24,25,960,2021-10-04,0
2020-05-25,30,990,2021-10-04,0
2020-05-26,29,1019,2021-10-04,0
2020-05-27,25,1044,2021-10-04,0
2020-05-28,21,1065,2021-10-04,0
2020-05-29,17,1082,2021-10-04,0
2020-05-30,11,1093,2021-10-04,0
2020-05-31,20,1113,2021-10-04,0
2020-06-01,23,1136,2021-10-04,0
2020-06-02,21,1157,2021-10-04,0
2020-06-03,25,1182,2021-10-04,0
2020-06-04,26,1208,2021-10-04,0
2020-06-05,18,1226,2021-10-04,0
2020-06-06,12,1238,2021-10-04,0
2020-06-07,22,1260,2021-10-04,0
2020-06-08,12,1272,2021-10-04,0
2020-06-09,13,1285,2021-10-04,0
2020-06-10,10,1295,2021-10-04,0
2020-06-11,12,1307,2021-10-04,0
2020-06-12,11,1318,2021-10-04,0
2020-06-13,13,1331,2021-10-04,0
2020-06-14,11,1342,2021-10-04,0
2020-06-15,8,1350,2021-10-04,0
2020-06-16,9,1359,2021-10-04,0
2020-06-17,17,1376,2021-10-04,0
2020-06-18,9,1385,2021-10-04,0
2020-06-19,8,1393,2021-10-04,0
2020-06-20,12,1405,2021-10-04,0
2020-06-21,11,1416,2021-10-04,0
2020-06-22,6,1422,2021-10-04,0
2020-06-23,10,1432,2021-10-04,0
2020-06-24,1,1433,2021-10-04,0
2020-06-25,9,1442,2021-10-04,0
2020-06-26,6,1448,2021-10-04,0
2020-06-27,5,1453,2021-10-04,0
2020-06-28,11,1464,2021-10-04,0
2020-06-29,7,1471,2021-10-04,0
2020-06-30,9,1480,2021-10-04,0
2020-07-01,2,1482,2021-10-04,0
2020-07-02,3,1485,2021-10-04,0
2020-07-03,5,1490,2021-10-04,0
2020-07-04,4,1494,2021-10-04,0
2020-07-05,6,1500,2021-10-04,0
2020-07-06,4,1504,2021-10-04,0
2020-07-07,2,1506,2021-10-04,0
2020-07-08,9,1515,2021-10-04,0
2020-07-09,4,1519,2021-10-04,0
2020-07-10,3,1522,2021-10-04,0
2020-07-11,4,1526,2021-10-04,0
2020-07-12,6,1532,2021-10-04,0
2020-07-13,2,1534,2021-10-04,0
2020-07-14,6,1540,2021-10-04,0
2020-07-15,7,1547,2021-10-04,0
2020-07-16,3,1550,2021-10-04,0
2020-07-17,7,1557,2021-10-04,0
2020-07-18,6,1563,2021-10-04,0
2020-07-19,5,1568,2021-10-04,0
2020-07-20,3,1571,2021-10-04,0
2020-07-21,6,1577,2021-10-04,0
2020-07-22,5,1582,2021-10-04,0
2020-07-23,8,1590,2021-10-04,0
2020-07-24,6,1596,2021-10-04,0
2020-07-25,2,1598,2021-10-04,0
2020-07-26,5,1603,2021-10-04,0
2020-07-27,5,1608,2021-10-04,0
2020-07-28,7,1615,2021-10-04,0
2020-07-29,3,1618,2021-10-04,0
2020-07-30,6,1624,2021-10-04,0
2020-07-31,9,1633,2021-10-04,0
2020-08-01,4,1637,2021-10-04,0
2020-08-02,7,1644,2021-10-04,0
2020-08-03,4,1648,2021-10-04,0
2020-08-04,7,1655,2021-10-04,0
2020-08-05,8,1663,2021-10-04,0
2020-08-06,9,1672,2021-10-04,0
2020-08-07,7,1679,2021-10-04,0
2020-08-08,6,1685,2021-10-04,0
2020-08-09,10,1695,2021-10-04,0
2020-08-10,3,1698,2021-10-04,0
2020-08-11,9,1707,2021-10-04,0
2020-08-12,7,1714,2021-10-04,0
2020-08-13,5,1719,2021-10-04,0
2020-08-14,9,1728,2021-10-04,0
2020-08-15,13,1741,2021-10-04,0
2020-08-16,13,1754,2021-10-04,0
2020-08-17,6,1760,2021-10-04,0
2020-08-18,11,1771,2021-10-04,0
2020-08-19,3,1774,2021-10-04,0
2020-08-20,10,1784,2021-10-04,0
2020-08-21,12,1796,2021-10-04,0
2020-08-22,9,1805,2021-10-04,0
2020-08-23,7,1812,2021-10-04,0
2020-08-24,9,1821,2021-10-04,0
2020-08-25,4,1825,2021-10-04,0
2020-08-26,3,1828,2021-10-04,0
2020-08-27,7,1835,2021-10-04,0
2020-08-28,6,1841,2021-10-04,0
2020-08-29,3,1844,2021-10-04,0
2020-08-30,5,1849,2021-10-04,0
2020-08-31,9,1858,2021-10-04,0
2020-09-01,2,1860,2021-10-04,0
2020-09-02,7,1867,2021-10-04,0
2020-09-03,12,1879,2021-10-04,0
2020-09-04,4,1883,2021-10-04,0
2020-09-05,6,1889,2021-10-04,0
2020-09-06,12,1901,2021-10-04,0
2020-09-07,3,1904,2021-10-04,0
2020-09-08,6,1910,2021-10-04,0
2020-09-09,10,1920,2021-10-04,0
2020-09-10,9,1929,2021-10-04,0
2020-09-11,11,1940,2021-10-04,0
2020-09-12,8,1948,2021-10-04,0
2020-09-13,8,1956,2021-10-04,0
2020-09-14,2,1958,2021-10-04,0
2020-09-15,7,1965,2021-10-04,0
2020-09-16,9,1974,2021-10-04,0
2020-09-17,5,1979,2021-10-04,0
2020-09-18,6,1985,2021-10-04,0
2020-09-19,4,1989,2021-10-04,0
2020-09-20,9,1998,2021-10-04,0
2020-09-21,7,2005,2021-10-04,0
2020-09-22,8,2013,2021-10-04,0
2020-09-23,9,2022,2021-10-04,0
2020-09-24,8,2030,2021-10-04,0
2020-09-25,11,2041,2021-10-04,0
2020-09-26,9,2050,2021-10-04,0
2020-09-27,14,2064,2021-10-04,0
2020-09-28,11,2075,2021-10-04,0
2020-09-29,5,2080,2021-10-04,0
2020-09-30,16,2096,2021-10-04,0
2020-10-01,7,2103,2021-10-04,0
2020-10-02,13,2116,2021-10-04,0
2020-10-03,9,2125,2021-10-04,0
2020-10-04,7,2132,2021-10-04,0
2020-10-05,10,2142,2021-10-04,0
2020-10-06,13,2155,2021-10-04,0
2020-10-07,19,2174,2021-10-04,0
2020-10-08,9,2183,2021-10-04,0
2020-10-09,17,2200,2021-10-04,0
2020-10-10,16,2216,2021-10-04,0
2020-10-11,16,2232,2021-10-04,0
2020-10-12,20,2252,2021-10-04,0
2020-10-13,14,2266,2021-10-04,0
2020-10-14,10,2276,2021-10-04,0
2020-10-15,9,2285,2021-10-04,0
2020-10-16,12,2297,2021-10-04,0
2020-10-17,18,2315,2021-10-04,0
2020-10-18,25,2340,2021-10-04,0
2020-10-19,18,2358,2021-10-04,0
2020-10-20,15,2373,2021-10-04,0
2020-10-21,24,2397,2021-10-04,0
2020-10-22,18,2415,2021-10-04,0
2020-10-23,19,2434,2021-10-04,0
2020-10-24,8,2442,2021-10-04,0
2020-10-25,17,2459,2021-10-04,0
2020-10-26,25,2484,2021-10-04,0
2020-10-27,23,2507,2021-10-04,0
2020-10-28,29,2536,2021-10-04,0
2020-10-29,18,2554,2021-10-04,0
2020-10-30,27,2581,2021-10-04,0
2020-10-31,25,2606,2021-10-04,0
2020-11-01,21,2627,2021-10-04,0
2020-11-02,25,2652,2021-10-04,0
2020-11-03,25,2677,2021-10-04,0
2020-11-04,33,2710,2021-10-04,0
2020-11-05,38,2748,2021-10-04,0
2020-11-06,39,2787,2021-10-04,0
2020-11-07,42,2829,2021-10-04,0
2020-11-08,47,2876,2021-10-04,0
2020-11-09,36,2912,2021-10-04,0
2020-11-10,35,2947,2021-10-04,0
2020-11-11,43,2990,2021-10-04,0
2020-11-12,45,3035,2021-10-04,0
2020-11-13,40,3075,2021-10-04,0
2020-11-14,47,3122,2021-10-04,0
2020-11-15,46,3168,2021-10-04,0
2020-11-16,62,3230,2021-10-04,0
2020-11-17,56,3286,2021-10-04,0
2020-11-18,61,3347,2021-10-04,0
2020-11-19,60,3407,2021-10-04,0
2020-11-20,63,3470,2021-10-04,0
2020-11-21,58,3528,2021-10-04,0
2020-11-22,67,3595,2021-10-04,0
2020-11-23,59,3654,2021-10-04,0
2020-11-24,69,3723,2021-10-04,0
2020-11-25,72,3795,2021-10-04,0
2020-11-26,54,3849,2021-10-04,0
2020-11-27,69,3918,2021-10-04,0
2020-11-28,62,3980,2021-10-04,0
2020-11-29,68,4048,2021-10-04,0
2020-11-30,61,4109,2021-10-04,0
2020-12-01,64,4173,2021-10-04,0
2020-12-02,73,4246,2021-10-04,0
2020-12-03,86,4332,2021-10-04,0
2020-12-04,67,4399,2021-10-04,0
2020-12-05,74,4473,2021-10-04,0
2020-12-06,80,4553,2021-10-04,0
2020-12-07,75,4628,2021-10-04,0
2020-12-08,61,4689,2021-10-04,0
2020-12-09,71,4760,2021-10-04,0
2020-12-10,72,4832,2021-10-04,0
2020-12-11,71,4903,2021-10-04,0
2020-12-12,72,4975,2021-10-04,0
2020-12-13,56,5031,2021-10-04,0
2020-12-14,43,5074,2021-10-04,0
2020-12-15,65,5139,2021-10-04,0
2020-12-16,72,5211,2021-10-04,0
2020-12-17,60,5271,2021-10-04,0
2020-12-18,59,5330,2021-10-04,0
2020-12-19,56,5386,2021-10-04,0
2020-12-20,60,5446,2021-10-04,0
2020-12-21,58,5504,2021-10-04,0
2020-12-22,33,5537,2021-10-04,0
2020-12-23,46,5583,2021-10-04,0
2020-12-24,50,5633,2021-10-04,0
2020-12-25,36,5669,2021-10-04,0
2020-12-26,43,5712,2021-10-04,0
2020-12-27,41,5753,2021-10-04,0
2020-12-28,34,5787,2021-10-04,0
2020-12-29,37,5824,2021-10-04,0
2020-12-30,47,5871,2021-10-04,0
2020-12-31,36,5907,2021-10-04,0
2021-01-01,28,5935,2021-10-04,0
2021-01-02,47,5982,2021-10-04,0
2021-01-03,37,6019,2021-10-04,0
2021-01-04,32,6051,2021-10-04,0
2021-01-05,40,6091,2021-10-04,0
2021-01-06,32,6123,2021-10-04,0
2021-01-07,37,6160,2021-10-04,0
2021-01-08,32,6192,2021-10-04,0
2021-01-09,26,6218,2021-10-04,0
2021-01-10,29,6247,2021-10-04,0
2021-01-11,26,6273,2021-10-04,0
2021-01-12,32,6305,2021-10-04,0
2021-01-13,23,6328,2021-10-04,0
2021-01-14,41,6369,2021-10-04,0
2021-01-15,26,6395,2021-10-04,0
2021-01-16,30,6425,2021-10-04,0
2021-01-17,21,6446,2021-10-04,0
2021-01-18,19,6465,2021-10-04,0
2021-01-19,14,6479,2021-10-04,0
2021-01-20,26,6505,2021-10-04,0
2021-01-21,16,6521,2021-10-04,0
2021-01-22,13,6534,2021-10-04,0
2021-01-23,17,6551,2021-10-04,0
2021-01-24,24,6575,2021-10-04,0
2021-01-25,19,6594,2021-10-04,0
2021-01-26,21,6615,2021-10-04,0
2021-01-27,11,6626,2021-10-04,0
2021-01-28,12,6638,2021-10-04,0
2021-01-29,15,6653,2021-10-04,0
2021-01-30,13,6666,2021-10-04,0
2021-01-31,16,6682,2021-10-04,0
2021-02-01,17,6699,2021-10-04,0
2021-02-02,10,6709,2021-10-04,0
2021-02-03,11,6720,2021-10-04,0
2021-02-04,11,6731,2021-10-04,0
2021-02-05,12,6743,2021-10-04,0
2021-02-06,12,6755,2021-10-04,0
2021-02-07,19,6774,2021-10-04,0
2021-02-08,11,6785,2021-10-04,0
2021-02-09,15,6800,2021-10-04,0
2021-02-10,13,6813,2021-10-04,0
2021-02-11,7,6820,2021-10-04,0
2021-02-12,13,6833,2021-10-04,0
2021-02-13,8,6841,2021-10-04,0
2021-02-14,10,6851,2021-10-04,0
2021-02-15,9,6860,2021-10-04,0
2021-02-16,12,6872,2021-10-04,0
2021-02-17,10,6882,2021-10-04,0
2021-02-18,7,6889,2021-10-04,0
2021-02-19,6,6895,2021-10-04,0
2021-02-20,7,6902,2021-10-04,0
2021-02-21,4,6906,2021-10-04,0
2021-02-22,5,6911,2021-10-04,0
2021-02-23,9,6920,2021-10-04,0
2021-02-24,5,6925,2021-10-04,0
2021-02-25,5,6930,2021-10-04,0
2021-02-26,7,6937,2021-10-04,0
2021-02-27,6,6943,2021-10-04,0
2021-02-28,8,6951,2021-10-04,0
2021-03-01,7,6958,2021-10-04,0
2021-03-02,3,6961,2021-10-04,0
2021-03-03,10,6971,2021-10-04,0
2021-03-04,6,6977,2021-10-04,0
2021-03-05,10,6987,2021-10-04,0
2021-03-06,5,6992,2021-10-04,0
2021-03-07,9,7001,2021-10-04,0
2021-03-08,5,7006,2021-10-04,0
2021-03-09,7,7013,2021-10-04,0
2021-03-10,5,7018,2021-10-04,0
2021-03-11,4,7022,2021-10-04,0
2021-03-12,11,7033,2021-10-04,0
2021-03-13,5,7038,2021-10-04,0
2021-03-14,4,7042,2021-10-04,0
2021-03-15,2,7044,2021-10-04,0
2021-03-16,6,7050,2021-10-04,0
2021-03-17,4,7054,2021-10-04,0
2021-03-18,5,7059,2021-10-04,0
2021-03-19,5,7064,2021-10-04,0
2021-03-20,9,7073,2021-10-04,0
2021-03-21,5,7078,2021-10-04,0
2021-03-22,4,7082,2021-10-04,0
2021-03-23,5,7087,2021-10-04,0
2021-03-24,1,7088,2021-10-04,0
2021-03-25,5,7093,2021-10-04,0
2021-03-26,3,7096,2021-10-04,0
2021-03-27,7,7103,2021-10-04,0
2021-03-28,6,7109,2021-10-04,0
2021-03-29,5,7114,2021-10-04,0
2021-03-30,6,7120,2021-10-04,0
2021-03-31,8,7128,2021-10-04,0
2021-04-01,6,7134,2021-10-04,0
2021-04-02,9,7143,2021-10-04,0
2021-04-03,8,7151,2021-10-04,0
2021-04-04,6,7157,2021-10-04,0
2021-04-05,8,7165,2021-10-04,0
2021-04-06,6,7171,2021-10-04,0
2021-04-07,6,7177,2021-10-04,0
2021-04-08,10,7187,2021-10-04,0
2021-04-09,7,7194,2021-10-04,0
2021-04-10,7,7201,2021-10-04,0
2021-04-11,8,7209,2021-10-04,0
2021-04-12,10,7219,2021-10-04,0
2021-04-13,7,7226,2021-10-04,0
2021-04-14,8,7234,2021-10-04,0
2021-04-15,14,7248,2021-10-04,0
2021-04-16,8,7256,2021-10-04,0
2021-04-17,8,7264,2021-10-04,0
2021-04-18,8,7272,2021-10-04,0
2021-04-19,10,7282,2021-10-04,0
2021-04-20,5,7287,2021-10-04,0
2021-04-21,8,7295,2021-10-04,0
2021-04-22,1,7296,2021-10-04,0
2021-04-23,15,7311,2021-10-04,0
2021-04-24,11,7322,2021-10-04,0
2021-04-25,15,7337,2021-10-04,0
2021-04-26,14,7351,2021-10-04,0
2021-04-27,7,7358,2021-10-04,0
2021-04-28,14,7372,2021-10-04,0
2021-04-29,8,7380,2021-10-04,0
2021-04-30,11,7391,2021-10-04,0
2021-05-01,7,7398,2021-10-04,0
2021-05-02,8,7406,2021-10-04,0
2021-05-03,5,7411,2021-10-04,0
2021-05-04,13,7424,2021-10-04,0
2021-05-05,8,7432,2021-10-04,0
2021-05-06,5,7437,2021-10-04,0
2021-05-07,8,7445,2021-10-04,0
2021-05-08,7,7452,2021-10-04,0
2021-05-09,9,7461,2021-10-04,0
2021-05-10,8,7469,2021-10-04,0
2021-05-11,6,7475,2021-10-04,0
2021-05-12,9,7484,2021-10-04,0
2021-05-13,9,7493,2021-10-04,0
2021-05-14,11,7504,2021-10-04,0
2021-05-15,9,7513,2021-10-04,0
2021-05-16,6,7519,2021-10-04,0
2021-05-17,5,7524,2021-10-04,0
2021-05-18,7,7531,2021-10-04,0
2021-05-19,2,7533,2021-10-04,0
2021-05-20,5,7538,2021-10-04,0
2021-05-21,7,7545,2021-10-04,0
2021-05-22,11,7556,2021-10-04,0
2021-05-23,5,7561,2021-10-04,0
2021-05-24,5,7566,2021-10-04,0
2021-05-25,6,7572,2021-10-04,0
2021-05-26,3,7575,2021-10-04,0
2021-05-27,7,7582,2021-10-04,0
2021-05-28,2,7584,2021-10-04,0
2021-05-29,6,7590,2021-10-04,0
2021-05-30,4,7594,2021-10-04,0
2021-05-31,3,7597,2021-10-04,0
2021-06-01,5,7602,2021-10-04,0
2021-06-02,8,7610,2021-10-04,0
2021-06-03,4,7614,2021-10-04,0
2021-06-04,4,7618,2021-10-04,0
2021-06-05,2,7620,2021-10-04,0
2021-06-06,5,7625,2021-10-04,0
2021-06-07,3,7628,2021-10-04,0
2021-06-08,5,7633,2021-10-04,0
2021-06-09,4,7637,2021-10-04,0
2021-06-10,6,7643,2021-10-04,0
2021-06-11,6,7649,2021-10-04,0
2021-06-12,4,7653,2021-10-04,0
2021-06-13,4,7657,2021-10-04,0
2021-06-14,3,7660,2021-10-04,0
2021-06-15,2,7662,2021-10-04,0
2021-06-16,2,7664,2021-10-04,0
2021-06-17,4,7668,2021-10-04,0
2021-06-18,1,7669,2021-10-04,0
2021-06-19,6,7675,2021-10-04,0
2021-06-20,1,7676,2021-10-04,0
2021-06-21,5,7681,2021-10-04,0
2021-06-22,3,7684,2021-10-04,0
2021-06-23,4,7688,2021-10-04,0
2021-06-24,3,7691,2021-10-04,0
2021-06-25,3,7694,2021-10-04,0
2021-06-26,4,7698,2021-10-04,0
2021-06-27,2,7700,2021-10-04,0
2021-06-28,2,7702,2021-10-04,0
2021-06-29,2,7704,2021-10-04,0
2021-06-30,2,7706,2021-10-04,0
2021-07-01,0,7706,2021-10-04,0
2021-07-02,2,7708,2021-10-04,0
2021-07-03,2,7710,2021-10-04,0
2021-07-04,3,7713,2021-10-04,0
2021-07-05,1,7714,2021-10-04,0
2021-07-06,4,7718,2021-10-04,0
2021-07-07,1,7719,2021-10-04,0
2021-07-08,1,7720,2021-10-04,0
2021-07-09,0,7720,2021-10-04,0
2021-07-10,1,7721,2021-10-04,0
2021-07-11,2,7723,2021-10-04,0
2021-07-12,1,7724,2021-10-04,0
2021-07-13,2,7726,2021-10-04,0
2021-07-14,2,7728,2021-10-04,0
2021-07-15,2,7730,2021-10-04,0
2021-07-16,1,7731,2021-10-04,0
2021-07-17,1,7732,2021-10-04,0
2021-07-18,0,7732,2021-10-04,0
2021-07-19,0,7732,2021-10-04,0
2021-07-20,2,7734,2021-10-04,0
2021-07-21,2,7736,2021-10-04,0
2021-07-22,2,7738,2021-10-04,0
2021-07-23,3,7741,2021-10-04,0
2021-07-24,0,7741,2021-10-04,0
2021-07-25,2,7743,2021-10-04,0
2021-07-26,1,7744,2021-10-04,0
2021-07-27,2,7746,2021-10-04,0
2021-07-28,3,7749,2021-10-04,0
2021-07-29,2,7751,2021-10-04,0
2021-07-30,5,7756,2021-10-04,0
2021-07-31,4,7760,2021-10-04,0
2021-08-01,1,7761,2021-10-04,0
2021-08-02,3,7764,2021-10-04,0
2021-08-03,2,7766,2021-10-04,0
2021-08-04,3,7769,2021-10-04,0
2021-08-05,2,7771,2021-10-04,0
2021-08-06,7,7778,2021-10-04,0
2021-08-07,3,7781,2021-10-04,0
2021-08-08,2,7783,2021-10-04,0
2021-08-09,3,7786,2021-10-04,0
2021-08-10,2,7788,2021-10-04,0
2021-08-11,2,7790,2021-10-04,0
2021-08-12,7,7797,2021-10-04,0
2021-08-13,5,7802,2021-10-04,0
2021-08-14,6,7808,2021-10-04,0
2021-08-15,0,7808,2021-10-04,0
2021-08-16,7,7815,2021-10-04,0
2021-08-17,7,7822,2021-10-04,0
2021-08-18,9,7831,2021-10-04,0
2021-08-19,2,7833,2021-10-04,0
2021-08-20,3,7836,2021-10-04,0
2021-08-21,5,7841,2021-10-04,0
2021-08-22,7,7848,2021-10-04,0
2021-08-23,5,7853,2021-10-04,0
2021-08-24,12,7865,2021-10-04,0
2021-08-25,7,7872,2021-10-04,0
2021-08-26,2,7874,2021-10-04,0
2021-08-27,6,7880,2021-10-04,0
2021-08-28,10,7890,2021-10-04,0
2021-08-29,11,7901,2021-10-04,0
2021-08-30,8,7909,2021-10-04,0
2021-08-31,6,7915,2021-10-04,0
2021-09-01,6,7921,2021-10-04,1
2021-09-02,6,7927,2021-10-04,0
2021-09-03,9,7936,2021-10-04,0
2021-09-04,8,7944,2021-10-04,0
2021-09-05,10,7954,2021-10-04,0
2021-09-06,6,7960,2021-10-04,0
2021-09-07,7,7967,2021-10-04,0
2021-09-08,9,7976,2021-10-04,0
2021-09-09,4,7980,2021-10-04,0
2021-09-10,9,7989,2021-10-04,1
2021-09-11,16,8005,2021-10-04,0
2021-09-12,10,8015,2021-10-04,0
2021-09-13,7,8022,2021-10-04,0
2021-09-14,10,8032,2021-10-04,0
2021-09-15,13,8045,2021-10-04,0
2021-09-16,14,8059,2021-10-04,0
2021-09-17,8,8067,2021-10-04,0
2021-09-18,12,8079,2021-10-04,0
2021-09-19,11,8090,2021-10-04,0
2021-09-20,14,8104,2021-10-04,0
2021-09-21,12,8116,2021-10-04,2
2021-09-22,14,8130,2021-10-04,1
2021-09-23,9,8139,2021-10-04,0
2021-09-24,11,8150,2021-10-04,0
2021-09-25,13,8163,2021-10-04,3
2021-09-26,11,8174,2021-10-04,2
2021-09-27,5,8179,2021-10-04,2
2021-09-28,5,8184,2021-10-04,2
2021-09-29,7,8191,2021-10-04,7
NA,0,8191,2021-10-04,0
2020-03-19,1,1,2021-10-05,0
2020-03-20,0,1,2021-10-05,0
2020-03-21,0,1,2021-10-05,0
2020-03-22,0,1,2021-10-05,0
2020-03-23,0,1,2021-10-05,0
2020-03-24,1,2,2021-10-05,0
2020-03-25,1,3,2021-10-05,0
2020-03-26,1,4,2021-10-05,0
2020-03-27,5,9,2021-10-05,0
2020-03-28,3,12,2021-10-05,0
2020-03-29,0,12,2021-10-05,0
2020-03-30,5,17,2021-10-05,0
2020-03-31,2,19,2021-10-05,0
2020-04-01,5,24,2021-10-05,0
2020-04-02,3,27,2021-10-05,0
2020-04-03,1,28,2021-10-05,0
2020-04-04,5,33,2021-10-05,0
2020-04-05,5,38,2021-10-05,0
2020-04-06,10,48,2021-10-05,0
2020-04-07,6,54,2021-10-05,0
2020-04-08,7,61,2021-10-05,0
2020-04-09,8,69,2021-10-05,0
2020-04-10,6,75,2021-10-05,0
2020-04-11,4,79,2021-10-05,0
2020-04-12,4,83,2021-10-05,0
2020-04-13,10,93,2021-10-05,0
2020-04-14,6,99,2021-10-05,0
2020-04-15,17,116,2021-10-05,0
2020-04-16,10,126,2021-10-05,0
2020-04-17,17,143,2021-10-05,0
2020-04-18,17,160,2021-10-05,0
2020-04-19,16,176,2021-10-05,0
2020-04-20,21,197,2021-10-05,0
2020-04-21,26,223,2021-10-05,0
2020-04-22,21,244,2021-10-05,0
2020-04-23,19,263,2021-10-05,0
2020-04-24,23,286,2021-10-05,0
2020-04-25,18,304,2021-10-05,0
2020-04-26,17,321,2021-10-05,0
2020-04-27,21,342,2021-10-05,0
2020-04-28,16,358,2021-10-05,0
2020-04-29,29,387,2021-10-05,0
2020-04-30,18,405,2021-10-05,0
2020-05-01,30,435,2021-10-05,0
2020-05-02,19,454,2021-10-05,0
2020-05-03,29,483,2021-10-05,0
2020-05-04,23,506,2021-10-05,0
2020-05-05,19,525,2021-10-05,0
2020-05-06,25,550,2021-10-05,0
2020-05-07,30,580,2021-10-05,0
2020-05-08,20,600,2021-10-05,0
2020-05-09,26,626,2021-10-05,0
2020-05-10,19,645,2021-10-05,0
2020-05-11,25,670,2021-10-05,0
2020-05-12,20,690,2021-10-05,0
2020-05-13,22,712,2021-10-05,0
2020-05-14,20,732,2021-10-05,0
2020-05-15,20,752,2021-10-05,0
2020-05-16,20,772,2021-10-05,0
2020-05-17,23,795,2021-10-05,0
2020-05-18,18,813,2021-10-05,0
2020-05-19,35,848,2021-10-05,0
2020-05-20,24,872,2021-10-05,0
2020-05-21,17,889,2021-10-05,0
2020-05-22,20,909,2021-10-05,0
2020-05-23,26,935,2021-10-05,0
2020-05-24,25,960,2021-10-05,0
2020-05-25,30,990,2021-10-05,0
2020-05-26,29,1019,2021-10-05,0
2020-05-27,25,1044,2021-10-05,0
2020-05-28,21,1065,2021-10-05,0
2020-05-29,17,1082,2021-10-05,0
2020-05-30,11,1093,2021-10-05,0
2020-05-31,20,1113,2021-10-05,0
2020-06-01,23,1136,2021-10-05,0
2020-06-02,21,1157,2021-10-05,0
2020-06-03,25,1182,2021-10-05,0
2020-06-04,26,1208,2021-10-05,0
2020-06-05,18,1226,2021-10-05,0
2020-06-06,12,1238,2021-10-05,0
2020-06-07,22,1260,2021-10-05,0
2020-06-08,12,1272,2021-10-05,0
2020-06-09,13,1285,2021-10-05,0
2020-06-10,10,1295,2021-10-05,0
2020-06-11,12,1307,2021-10-05,0
2020-06-12,11,1318,2021-10-05,0
2020-06-13,13,1331,2021-10-05,0
2020-06-14,11,1342,2021-10-05,0
2020-06-15,8,1350,2021-10-05,0
2020-06-16,9,1359,2021-10-05,0
2020-06-17,17,1376,2021-10-05,0
2020-06-18,9,1385,2021-10-05,0
2020-06-19,8,1393,2021-10-05,0
2020-06-20,12,1405,2021-10-05,0
2020-06-21,11,1416,2021-10-05,0
2020-06-22,6,1422,2021-10-05,0
2020-06-23,10,1432,2021-10-05,0
2020-06-24,1,1433,2021-10-05,0
2020-06-25,9,1442,2021-10-05,0
2020-06-26,6,1448,2021-10-05,0
2020-06-27,5,1453,2021-10-05,0
2020-06-28,11,1464,2021-10-05,0
2020-06-29,7,1471,2021-10-05,0
2020-06-30,9,1480,2021-10-05,0
2020-07-01,2,1482,2021-10-05,0
2020-07-02,3,1485,2021-10-05,0
2020-07-03,5,1490,2021-10-05,0
2020-07-04,4,1494,2021-10-05,0
2020-07-05,6,1500,2021-10-05,0
2020-07-06,4,1504,2021-10-05,0
2020-07-07,2,1506,2021-10-05,0
2020-07-08,9,1515,2021-10-05,0
2020-07-09,4,1519,2021-10-05,0
2020-07-10,3,1522,2021-10-05,0
2020-07-11,4,1526,2021-10-05,0
2020-07-12,6,1532,2021-10-05,0
2020-07-13,2,1534,2021-10-05,0
2020-07-14,6,1540,2021-10-05,0
2020-07-15,7,1547,2021-10-05,0
2020-07-16,3,1550,2021-10-05,0
2020-07-17,7,1557,2021-10-05,0
2020-07-18,6,1563,2021-10-05,0
2020-07-19,5,1568,2021-10-05,0
2020-07-20,3,1571,2021-10-05,0
2020-07-21,6,1577,2021-10-05,0
2020-07-22,5,1582,2021-10-05,0
2020-07-23,8,1590,2021-10-05,0
2020-07-24,6,1596,2021-10-05,0
2020-07-25,2,1598,2021-10-05,0
2020-07-26,5,1603,2021-10-05,0
2020-07-27,5,1608,2021-10-05,0
2020-07-28,7,1615,2021-10-05,0
2020-07-29,3,1618,2021-10-05,0
2020-07-30,6,1624,2021-10-05,0
2020-07-31,9,1633,2021-10-05,0
2020-08-01,4,1637,2021-10-05,0
2020-08-02,7,1644,2021-10-05,0
2020-08-03,4,1648,2021-10-05,0
2020-08-04,7,1655,2021-10-05,0
2020-08-05,8,1663,2021-10-05,0
2020-08-06,9,1672,2021-10-05,0
2020-08-07,7,1679,2021-10-05,0
2020-08-08,6,1685,2021-10-05,0
2020-08-09,10,1695,2021-10-05,0
2020-08-10,3,1698,2021-10-05,0
2020-08-11,9,1707,2021-10-05,0
2020-08-12,7,1714,2021-10-05,0
2020-08-13,5,1719,2021-10-05,0
2020-08-14,9,1728,2021-10-05,0
2020-08-15,13,1741,2021-10-05,0
2020-08-16,13,1754,2021-10-05,0
2020-08-17,6,1760,2021-10-05,0
2020-08-18,11,1771,2021-10-05,0
2020-08-19,3,1774,2021-10-05,0
2020-08-20,10,1784,2021-10-05,0
2020-08-21,12,1796,2021-10-05,0
2020-08-22,9,1805,2021-10-05,0
2020-08-23,7,1812,2021-10-05,0
2020-08-24,9,1821,2021-10-05,0
2020-08-25,4,1825,2021-10-05,0
2020-08-26,3,1828,2021-10-05,0
2020-08-27,7,1835,2021-10-05,0
2020-08-28,6,1841,2021-10-05,0
2020-08-29,3,1844,2021-10-05,0
2020-08-30,5,1849,2021-10-05,0
2020-08-31,9,1858,2021-10-05,0
2020-09-01,2,1860,2021-10-05,0
2020-09-02,7,1867,2021-10-05,0
2020-09-03,12,1879,2021-10-05,0
2020-09-04,4,1883,2021-10-05,0
2020-09-05,6,1889,2021-10-05,0
2020-09-06,12,1901,2021-10-05,0
2020-09-07,3,1904,2021-10-05,0
2020-09-08,6,1910,2021-10-05,0
2020-09-09,10,1920,2021-10-05,0
2020-09-10,9,1929,2021-10-05,0
2020-09-11,11,1940,2021-10-05,0
2020-09-12,8,1948,2021-10-05,0
2020-09-13,8,1956,2021-10-05,0
2020-09-14,2,1958,2021-10-05,0
2020-09-15,7,1965,2021-10-05,0
2020-09-16,9,1974,2021-10-05,0
2020-09-17,5,1979,2021-10-05,0
2020-09-18,6,1985,2021-10-05,0
2020-09-19,4,1989,2021-10-05,0
2020-09-20,9,1998,2021-10-05,0
2020-09-21,7,2005,2021-10-05,0
2020-09-22,8,2013,2021-10-05,0
2020-09-23,9,2022,2021-10-05,0
2020-09-24,8,2030,2021-10-05,0
2020-09-25,11,2041,2021-10-05,0
2020-09-26,9,2050,2021-10-05,0
2020-09-27,14,2064,2021-10-05,0
2020-09-28,11,2075,2021-10-05,0
2020-09-29,5,2080,2021-10-05,0
2020-09-30,16,2096,2021-10-05,0
2020-10-01,7,2103,2021-10-05,0
2020-10-02,13,2116,2021-10-05,0
2020-10-03,9,2125,2021-10-05,0
2020-10-04,7,2132,2021-10-05,0
2020-10-05,10,2142,2021-10-05,0
2020-10-06,13,2155,2021-10-05,0
2020-10-07,19,2174,2021-10-05,0
2020-10-08,9,2183,2021-10-05,0
2020-10-09,17,2200,2021-10-05,0
2020-10-10,16,2216,2021-10-05,0
2020-10-11,16,2232,2021-10-05,0
2020-10-12,20,2252,2021-10-05,0
2020-10-13,14,2266,2021-10-05,0
2020-10-14,10,2276,2021-10-05,0
2020-10-15,9,2285,2021-10-05,0
2020-10-16,12,2297,2021-10-05,0
2020-10-17,18,2315,2021-10-05,0
2020-10-18,25,2340,2021-10-05,0
2020-10-19,18,2358,2021-10-05,0
2020-10-20,15,2373,2021-10-05,0
2020-10-21,24,2397,2021-10-05,0
2020-10-22,18,2415,2021-10-05,0
2020-10-23,19,2434,2021-10-05,0
2020-10-24,8,2442,2021-10-05,0
2020-10-25,17,2459,2021-10-05,0
2020-10-26,25,2484,2021-10-05,0
2020-10-27,23,2507,2021-10-05,0
2020-10-28,29,2536,2021-10-05,0
2020-10-29,18,2554,2021-10-05,0
2020-10-30,27,2581,2021-10-05,0
2020-10-31,25,2606,2021-10-05,0
2020-11-01,21,2627,2021-10-05,0
2020-11-02,25,2652,2021-10-05,0
2020-11-03,25,2677,2021-10-05,0
2020-11-04,33,2710,2021-10-05,0
2020-11-05,38,2748,2021-10-05,0
2020-11-06,39,2787,2021-10-05,0
2020-11-07,42,2829,2021-10-05,0
2020-11-08,47,2876,2021-10-05,0
2020-11-09,36,2912,2021-10-05,0
2020-11-10,35,2947,2021-10-05,0
2020-11-11,43,2990,2021-10-05,0
2020-11-12,45,3035,2021-10-05,0
2020-11-13,40,3075,2021-10-05,0
2020-11-14,47,3122,2021-10-05,0
2020-11-15,46,3168,2021-10-05,0
2020-11-16,62,3230,2021-10-05,0
2020-11-17,56,3286,2021-10-05,0
2020-11-18,61,3347,2021-10-05,0
2020-11-19,60,3407,2021-10-05,0
2020-11-20,63,3470,2021-10-05,0
2020-11-21,58,3528,2021-10-05,0
2020-11-22,67,3595,2021-10-05,0
2020-11-23,59,3654,2021-10-05,0
2020-11-24,69,3723,2021-10-05,0
2020-11-25,72,3795,2021-10-05,0
2020-11-26,54,3849,2021-10-05,0
2020-11-27,69,3918,2021-10-05,0
2020-11-28,62,3980,2021-10-05,0
2020-11-29,68,4048,2021-10-05,0
2020-11-30,61,4109,2021-10-05,0
2020-12-01,64,4173,2021-10-05,0
2020-12-02,73,4246,2021-10-05,0
2020-12-03,86,4332,2021-10-05,0
2020-12-04,67,4399,2021-10-05,0
2020-12-05,74,4473,2021-10-05,0
2020-12-06,80,4553,2021-10-05,0
2020-12-07,75,4628,2021-10-05,0
2020-12-08,61,4689,2021-10-05,0
2020-12-09,71,4760,2021-10-05,0
2020-12-10,72,4832,2021-10-05,0
2020-12-11,71,4903,2021-10-05,0
2020-12-12,72,4975,2021-10-05,0
2020-12-13,56,5031,2021-10-05,0
2020-12-14,43,5074,2021-10-05,0
2020-12-15,65,5139,2021-10-05,0
2020-12-16,72,5211,2021-10-05,0
2020-12-17,60,5271,2021-10-05,0
2020-12-18,59,5330,2021-10-05,0
2020-12-19,56,5386,2021-10-05,0
2020-12-20,60,5446,2021-10-05,0
2020-12-21,58,5504,2021-10-05,0
2020-12-22,33,5537,2021-10-05,0
2020-12-23,46,5583,2021-10-05,0
2020-12-24,50,5633,2021-10-05,0
2020-12-25,36,5669,2021-10-05,0
2020-12-26,43,5712,2021-10-05,0
2020-12-27,41,5753,2021-10-05,0
2020-12-28,34,5787,2021-10-05,0
2020-12-29,37,5824,2021-10-05,0
2020-12-30,47,5871,2021-10-05,0
2020-12-31,36,5907,2021-10-05,0
2021-01-01,28,5935,2021-10-05,0
2021-01-02,47,5982,2021-10-05,0
2021-01-03,37,6019,2021-10-05,0
2021-01-04,32,6051,2021-10-05,0
2021-01-05,40,6091,2021-10-05,0
2021-01-06,32,6123,2021-10-05,0
2021-01-07,37,6160,2021-10-05,0
2021-01-08,32,6192,2021-10-05,0
2021-01-09,26,6218,2021-10-05,0
2021-01-10,29,6247,2021-10-05,0
2021-01-11,26,6273,2021-10-05,0
2021-01-12,32,6305,2021-10-05,0
2021-01-13,23,6328,2021-10-05,0
2021-01-14,41,6369,2021-10-05,0
2021-01-15,26,6395,2021-10-05,0
2021-01-16,30,6425,2021-10-05,0
2021-01-17,21,6446,2021-10-05,0
2021-01-18,19,6465,2021-10-05,0
2021-01-19,14,6479,2021-10-05,0
2021-01-20,26,6505,2021-10-05,0
2021-01-21,16,6521,2021-10-05,0
2021-01-22,13,6534,2021-10-05,0
2021-01-23,17,6551,2021-10-05,0
2021-01-24,24,6575,2021-10-05,0
2021-01-25,19,6594,2021-10-05,0
2021-01-26,21,6615,2021-10-05,0
2021-01-27,11,6626,2021-10-05,0
2021-01-28,12,6638,2021-10-05,0
2021-01-29,15,6653,2021-10-05,0
2021-01-30,13,6666,2021-10-05,0
2021-01-31,16,6682,2021-10-05,0
2021-02-01,17,6699,2021-10-05,0
2021-02-02,10,6709,2021-10-05,0
2021-02-03,11,6720,2021-10-05,0
2021-02-04,11,6731,2021-10-05,0
2021-02-05,12,6743,2021-10-05,0
2021-02-06,12,6755,2021-10-05,0
2021-02-07,19,6774,2021-10-05,0
2021-02-08,11,6785,2021-10-05,0
2021-02-09,15,6800,2021-10-05,0
2021-02-10,13,6813,2021-10-05,0
2021-02-11,7,6820,2021-10-05,0
2021-02-12,13,6833,2021-10-05,0
2021-02-13,8,6841,2021-10-05,0
2021-02-14,10,6851,2021-10-05,0
2021-02-15,9,6860,2021-10-05,0
2021-02-16,12,6872,2021-10-05,0
2021-02-17,10,6882,2021-10-05,0
2021-02-18,7,6889,2021-10-05,0
2021-02-19,6,6895,2021-10-05,0
2021-02-20,7,6902,2021-10-05,0
2021-02-21,4,6906,2021-10-05,0
2021-02-22,5,6911,2021-10-05,0
2021-02-23,9,6920,2021-10-05,0
2021-02-24,5,6925,2021-10-05,0
2021-02-25,5,6930,2021-10-05,0
2021-02-26,7,6937,2021-10-05,0
2021-02-27,6,6943,2021-10-05,0
2021-02-28,8,6951,2021-10-05,0
2021-03-01,7,6958,2021-10-05,0
2021-03-02,3,6961,2021-10-05,0
2021-03-03,10,6971,2021-10-05,0
2021-03-04,6,6977,2021-10-05,0
2021-03-05,10,6987,2021-10-05,0
2021-03-06,5,6992,2021-10-05,0
2021-03-07,9,7001,2021-10-05,0
2021-03-08,5,7006,2021-10-05,0
2021-03-09,7,7013,2021-10-05,0
2021-03-10,5,7018,2021-10-05,0
2021-03-11,4,7022,2021-10-05,0
2021-03-12,11,7033,2021-10-05,0
2021-03-13,5,7038,2021-10-05,0
2021-03-14,4,7042,2021-10-05,0
2021-03-15,2,7044,2021-10-05,0
2021-03-16,6,7050,2021-10-05,0
2021-03-17,4,7054,2021-10-05,0
2021-03-18,5,7059,2021-10-05,0
2021-03-19,5,7064,2021-10-05,0
2021-03-20,9,7073,2021-10-05,0
2021-03-21,5,7078,2021-10-05,0
2021-03-22,4,7082,2021-10-05,0
2021-03-23,5,7087,2021-10-05,0
2021-03-24,1,7088,2021-10-05,0
2021-03-25,5,7093,2021-10-05,0
2021-03-26,3,7096,2021-10-05,0
2021-03-27,7,7103,2021-10-05,0
2021-03-28,6,7109,2021-10-05,0
2021-03-29,5,7114,2021-10-05,0
2021-03-30,6,7120,2021-10-05,0
2021-03-31,8,7128,2021-10-05,0
2021-04-01,6,7134,2021-10-05,0
2021-04-02,9,7143,2021-10-05,0
2021-04-03,8,7151,2021-10-05,0
2021-04-04,6,7157,2021-10-05,0
2021-04-05,8,7165,2021-10-05,0
2021-04-06,6,7171,2021-10-05,0
2021-04-07,6,7177,2021-10-05,0
2021-04-08,10,7187,2021-10-05,0
2021-04-09,7,7194,2021-10-05,0
2021-04-10,7,7201,2021-10-05,0
2021-04-11,8,7209,2021-10-05,0
2021-04-12,10,7219,2021-10-05,0
2021-04-13,7,7226,2021-10-05,0
2021-04-14,8,7234,2021-10-05,0
2021-04-15,14,7248,2021-10-05,0
2021-04-16,8,7256,2021-10-05,0
2021-04-17,8,7264,2021-10-05,0
2021-04-18,8,7272,2021-10-05,0
2021-04-19,10,7282,2021-10-05,0
2021-04-20,5,7287,2021-10-05,0
2021-04-21,8,7295,2021-10-05,0
2021-04-22,1,7296,2021-10-05,0
2021-04-23,15,7311,2021-10-05,0
2021-04-24,11,7322,2021-10-05,0
2021-04-25,15,7337,2021-10-05,0
2021-04-26,14,7351,2021-10-05,0
2021-04-27,7,7358,2021-10-05,0
2021-04-28,14,7372,2021-10-05,0
2021-04-29,8,7380,2021-10-05,0
2021-04-30,11,7391,2021-10-05,0
2021-05-01,7,7398,2021-10-05,0
2021-05-02,8,7406,2021-10-05,0
2021-05-03,5,7411,2021-10-05,0
2021-05-04,13,7424,2021-10-05,0
2021-05-05,8,7432,2021-10-05,0
2021-05-06,5,7437,2021-10-05,0
2021-05-07,8,7445,2021-10-05,0
2021-05-08,7,7452,2021-10-05,0
2021-05-09,9,7461,2021-10-05,0
2021-05-10,8,7469,2021-10-05,0
2021-05-11,6,7475,2021-10-05,0
2021-05-12,9,7484,2021-10-05,0
2021-05-13,9,7493,2021-10-05,0
2021-05-14,11,7504,2021-10-05,0
2021-05-15,9,7513,2021-10-05,0
2021-05-16,6,7519,2021-10-05,0
2021-05-17,5,7524,2021-10-05,0
2021-05-18,7,7531,2021-10-05,0
2021-05-19,2,7533,2021-10-05,0
2021-05-20,5,7538,2021-10-05,0
2021-05-21,7,7545,2021-10-05,0
2021-05-22,11,7556,2021-10-05,0
2021-05-23,5,7561,2021-10-05,0
2021-05-24,5,7566,2021-10-05,0
2021-05-25,6,7572,2021-10-05,0
2021-05-26,3,7575,2021-10-05,0
2021-05-27,7,7582,2021-10-05,0
2021-05-28,2,7584,2021-10-05,0
2021-05-29,6,7590,2021-10-05,0
2021-05-30,4,7594,2021-10-05,0
2021-05-31,3,7597,2021-10-05,0
2021-06-01,5,7602,2021-10-05,0
2021-06-02,8,7610,2021-10-05,0
2021-06-03,4,7614,2021-10-05,0
2021-06-04,4,7618,2021-10-05,0
2021-06-05,2,7620,2021-10-05,0
2021-06-06,5,7625,2021-10-05,0
2021-06-07,3,7628,2021-10-05,0
2021-06-08,5,7633,2021-10-05,0
2021-06-09,4,7637,2021-10-05,0
2021-06-10,6,7643,2021-10-05,0
2021-06-11,6,7649,2021-10-05,0
2021-06-12,4,7653,2021-10-05,0
2021-06-13,4,7657,2021-10-05,0
2021-06-14,3,7660,2021-10-05,0
2021-06-15,2,7662,2021-10-05,0
2021-06-16,2,7664,2021-10-05,0
2021-06-17,4,7668,2021-10-05,0
2021-06-18,1,7669,2021-10-05,0
2021-06-19,6,7675,2021-10-05,0
2021-06-20,1,7676,2021-10-05,0
2021-06-21,5,7681,2021-10-05,0
2021-06-22,3,7684,2021-10-05,0
2021-06-23,4,7688,2021-10-05,0
2021-06-24,3,7691,2021-10-05,0
2021-06-25,3,7694,2021-10-05,0
2021-06-26,4,7698,2021-10-05,0
2021-06-27,2,7700,2021-10-05,0
2021-06-28,2,7702,2021-10-05,0
2021-06-29,2,7704,2021-10-05,0
2021-06-30,2,7706,2021-10-05,0
2021-07-01,0,7706,2021-10-05,0
2021-07-02,2,7708,2021-10-05,0
2021-07-03,2,7710,2021-10-05,0
2021-07-04,3,7713,2021-10-05,0
2021-07-05,1,7714,2021-10-05,0
2021-07-06,4,7718,2021-10-05,0
2021-07-07,1,7719,2021-10-05,0
2021-07-08,1,7720,2021-10-05,0
2021-07-09,0,7720,2021-10-05,0
2021-07-10,1,7721,2021-10-05,0
2021-07-11,2,7723,2021-10-05,0
2021-07-12,1,7724,2021-10-05,0
2021-07-13,2,7726,2021-10-05,0
2021-07-14,2,7728,2021-10-05,0
2021-07-15,2,7730,2021-10-05,0
2021-07-16,1,7731,2021-10-05,0
2021-07-17,1,7732,2021-10-05,0
2021-07-18,0,7732,2021-10-05,0
2021-07-19,0,7732,2021-10-05,0
2021-07-20,2,7734,2021-10-05,0
2021-07-21,2,7736,2021-10-05,0
2021-07-22,2,7738,2021-10-05,0
2021-07-23,3,7741,2021-10-05,0
2021-07-24,0,7741,2021-10-05,0
2021-07-25,2,7743,2021-10-05,0
2021-07-26,1,7744,2021-10-05,0
2021-07-27,2,7746,2021-10-05,0
2021-07-28,3,7749,2021-10-05,0
2021-07-29,2,7751,2021-10-05,0
2021-07-30,5,7756,2021-10-05,0
2021-07-31,4,7760,2021-10-05,0
2021-08-01,1,7761,2021-10-05,0
2021-08-02,3,7764,2021-10-05,0
2021-08-03,2,7766,2021-10-05,0
2021-08-04,3,7769,2021-10-05,0
2021-08-05,2,7771,2021-10-05,0
2021-08-06,7,7778,2021-10-05,0
2021-08-07,3,7781,2021-10-05,0
2021-08-08,2,7783,2021-10-05,0
2021-08-09,3,7786,2021-10-05,0
2021-08-10,2,7788,2021-10-05,0
2021-08-11,2,7790,2021-10-05,0
2021-08-12,7,7797,2021-10-05,0
2021-08-13,5,7802,2021-10-05,0
2021-08-14,6,7808,2021-10-05,0
2021-08-15,0,7808,2021-10-05,0
2021-08-16,7,7815,2021-10-05,0
2021-08-17,7,7822,2021-10-05,0
2021-08-18,9,7831,2021-10-05,0
2021-08-19,2,7833,2021-10-05,0
2021-08-20,3,7836,2021-10-05,0
2021-08-21,5,7841,2021-10-05,0
2021-08-22,7,7848,2021-10-05,0
2021-08-23,5,7853,2021-10-05,0
2021-08-24,12,7865,2021-10-05,0
2021-08-25,7,7872,2021-10-05,0
2021-08-26,2,7874,2021-10-05,0
2021-08-27,6,7880,2021-10-05,0
2021-08-28,10,7890,2021-10-05,0
2021-08-29,11,7901,2021-10-05,0
2021-08-30,8,7909,2021-10-05,0
2021-08-31,6,7915,2021-10-05,0
2021-09-01,6,7921,2021-10-05,0
2021-09-02,6,7927,2021-10-05,0
2021-09-03,9,7936,2021-10-05,0
2021-09-04,8,7944,2021-10-05,0
2021-09-05,10,7954,2021-10-05,0
2021-09-06,7,7961,2021-10-05,1
2021-09-07,7,7968,2021-10-05,0
2021-09-08,9,7977,2021-10-05,0
2021-09-09,4,7981,2021-10-05,0
2021-09-10,9,7990,2021-10-05,0
2021-09-11,16,8006,2021-10-05,0
2021-09-12,10,8016,2021-10-05,0
2021-09-13,7,8023,2021-10-05,0
2021-09-14,10,8033,2021-10-05,0
2021-09-15,13,8046,2021-10-05,0
2021-09-16,14,8060,2021-10-05,0
2021-09-17,8,8068,2021-10-05,0
2021-09-18,12,8080,2021-10-05,0
2021-09-19,11,8091,2021-10-05,0
2021-09-20,14,8105,2021-10-05,0
2021-09-21,12,8117,2021-10-05,0
2021-09-22,14,8131,2021-10-05,0
2021-09-23,9,8140,2021-10-05,0
2021-09-24,11,8151,2021-10-05,0
2021-09-25,14,8165,2021-10-05,1
2021-09-26,12,8177,2021-10-05,1
2021-09-27,6,8183,2021-10-05,1
2021-09-28,5,8188,2021-10-05,0
2021-09-29,11,8199,2021-10-05,4
2021-09-30,4,8203,2021-10-05,4
NA,0,8203,2021-10-05,0
2020-03-19,1,1,2021-10-06,0
2020-03-20,0,1,2021-10-06,0
2020-03-21,0,1,2021-10-06,0
2020-03-22,0,1,2021-10-06,0
2020-03-23,0,1,2021-10-06,0
2020-03-24,1,2,2021-10-06,0
2020-03-25,1,3,2021-10-06,0
2020-03-26,1,4,2021-10-06,0
2020-03-27,5,9,2021-10-06,0
2020-03-28,3,12,2021-10-06,0
2020-03-29,0,12,2021-10-06,0
2020-03-30,5,17,2021-10-06,0
2020-03-31,2,19,2021-10-06,0
2020-04-01,5,24,2021-10-06,0
2020-04-02,3,27,2021-10-06,0
2020-04-03,1,28,2021-10-06,0
2020-04-04,5,33,2021-10-06,0
2020-04-05,5,38,2021-10-06,0
2020-04-06,10,48,2021-10-06,0
2020-04-07,6,54,2021-10-06,0
2020-04-08,7,61,2021-10-06,0
2020-04-09,8,69,2021-10-06,0
2020-04-10,6,75,2021-10-06,0
2020-04-11,4,79,2021-10-06,0
2020-04-12,4,83,2021-10-06,0
2020-04-13,10,93,2021-10-06,0
2020-04-14,6,99,2021-10-06,0
2020-04-15,17,116,2021-10-06,0
2020-04-16,10,126,2021-10-06,0
2020-04-17,17,143,2021-10-06,0
2020-04-18,17,160,2021-10-06,0
2020-04-19,16,176,2021-10-06,0
2020-04-20,21,197,2021-10-06,0
2020-04-21,26,223,2021-10-06,0
2020-04-22,21,244,2021-10-06,0
2020-04-23,19,263,2021-10-06,0
2020-04-24,23,286,2021-10-06,0
2020-04-25,18,304,2021-10-06,0
2020-04-26,17,321,2021-10-06,0
2020-04-27,21,342,2021-10-06,0
2020-04-28,16,358,2021-10-06,0
2020-04-29,29,387,2021-10-06,0
2020-04-30,18,405,2021-10-06,0
2020-05-01,30,435,2021-10-06,0
2020-05-02,19,454,2021-10-06,0
2020-05-03,29,483,2021-10-06,0
2020-05-04,23,506,2021-10-06,0
2020-05-05,19,525,2021-10-06,0
2020-05-06,25,550,2021-10-06,0
2020-05-07,30,580,2021-10-06,0
2020-05-08,20,600,2021-10-06,0
2020-05-09,26,626,2021-10-06,0
2020-05-10,19,645,2021-10-06,0
2020-05-11,25,670,2021-10-06,0
2020-05-12,20,690,2021-10-06,0
2020-05-13,22,712,2021-10-06,0
2020-05-14,20,732,2021-10-06,0
2020-05-15,20,752,2021-10-06,0
2020-05-16,20,772,2021-10-06,0
2020-05-17,23,795,2021-10-06,0
2020-05-18,18,813,2021-10-06,0
2020-05-19,35,848,2021-10-06,0
2020-05-20,24,872,2021-10-06,0
2020-05-21,17,889,2021-10-06,0
2020-05-22,20,909,2021-10-06,0
2020-05-23,26,935,2021-10-06,0
2020-05-24,25,960,2021-10-06,0
2020-05-25,30,990,2021-10-06,0
2020-05-26,29,1019,2021-10-06,0
2020-05-27,25,1044,2021-10-06,0
2020-05-28,21,1065,2021-10-06,0
2020-05-29,17,1082,2021-10-06,0
2020-05-30,11,1093,2021-10-06,0
2020-05-31,20,1113,2021-10-06,0
2020-06-01,23,1136,2021-10-06,0
2020-06-02,21,1157,2021-10-06,0
2020-06-03,25,1182,2021-10-06,0
2020-06-04,26,1208,2021-10-06,0
2020-06-05,18,1226,2021-10-06,0
2020-06-06,12,1238,2021-10-06,0
2020-06-07,22,1260,2021-10-06,0
2020-06-08,12,1272,2021-10-06,0
2020-06-09,13,1285,2021-10-06,0
2020-06-10,10,1295,2021-10-06,0
2020-06-11,12,1307,2021-10-06,0
2020-06-12,11,1318,2021-10-06,0
2020-06-13,13,1331,2021-10-06,0
2020-06-14,11,1342,2021-10-06,0
2020-06-15,8,1350,2021-10-06,0
2020-06-16,9,1359,2021-10-06,0
2020-06-17,17,1376,2021-10-06,0
2020-06-18,9,1385,2021-10-06,0
2020-06-19,8,1393,2021-10-06,0
2020-06-20,12,1405,2021-10-06,0
2020-06-21,11,1416,2021-10-06,0
2020-06-22,6,1422,2021-10-06,0
2020-06-23,10,1432,2021-10-06,0
2020-06-24,1,1433,2021-10-06,0
2020-06-25,9,1442,2021-10-06,0
2020-06-26,6,1448,2021-10-06,0
2020-06-27,5,1453,2021-10-06,0
2020-06-28,11,1464,2021-10-06,0
2020-06-29,7,1471,2021-10-06,0
2020-06-30,9,1480,2021-10-06,0
2020-07-01,2,1482,2021-10-06,0
2020-07-02,3,1485,2021-10-06,0
2020-07-03,5,1490,2021-10-06,0
2020-07-04,4,1494,2021-10-06,0
2020-07-05,6,1500,2021-10-06,0
2020-07-06,4,1504,2021-10-06,0
2020-07-07,2,1506,2021-10-06,0
2020-07-08,9,1515,2021-10-06,0
2020-07-09,4,1519,2021-10-06,0
2020-07-10,3,1522,2021-10-06,0
2020-07-11,4,1526,2021-10-06,0
2020-07-12,6,1532,2021-10-06,0
2020-07-13,2,1534,2021-10-06,0
2020-07-14,6,1540,2021-10-06,0
2020-07-15,7,1547,2021-10-06,0
2020-07-16,3,1550,2021-10-06,0
2020-07-17,7,1557,2021-10-06,0
2020-07-18,6,1563,2021-10-06,0
2020-07-19,5,1568,2021-10-06,0
2020-07-20,3,1571,2021-10-06,0
2020-07-21,6,1577,2021-10-06,0
2020-07-22,5,1582,2021-10-06,0
2020-07-23,8,1590,2021-10-06,0
2020-07-24,6,1596,2021-10-06,0
2020-07-25,2,1598,2021-10-06,0
2020-07-26,5,1603,2021-10-06,0
2020-07-27,5,1608,2021-10-06,0
2020-07-28,7,1615,2021-10-06,0
2020-07-29,3,1618,2021-10-06,0
2020-07-30,6,1624,2021-10-06,0
2020-07-31,9,1633,2021-10-06,0
2020-08-01,4,1637,2021-10-06,0
2020-08-02,7,1644,2021-10-06,0
2020-08-03,4,1648,2021-10-06,0
2020-08-04,7,1655,2021-10-06,0
2020-08-05,8,1663,2021-10-06,0
2020-08-06,9,1672,2021-10-06,0
2020-08-07,7,1679,2021-10-06,0
2020-08-08,6,1685,2021-10-06,0
2020-08-09,10,1695,2021-10-06,0
2020-08-10,3,1698,2021-10-06,0
2020-08-11,9,1707,2021-10-06,0
2020-08-12,7,1714,2021-10-06,0
2020-08-13,5,1719,2021-10-06,0
2020-08-14,9,1728,2021-10-06,0
2020-08-15,13,1741,2021-10-06,0
2020-08-16,13,1754,2021-10-06,0
2020-08-17,6,1760,2021-10-06,0
2020-08-18,11,1771,2021-10-06,0
2020-08-19,3,1774,2021-10-06,0
2020-08-20,10,1784,2021-10-06,0
2020-08-21,12,1796,2021-10-06,0
2020-08-22,9,1805,2021-10-06,0
2020-08-23,7,1812,2021-10-06,0
2020-08-24,9,1821,2021-10-06,0
2020-08-25,4,1825,2021-10-06,0
2020-08-26,3,1828,2021-10-06,0
2020-08-27,7,1835,2021-10-06,0
2020-08-28,6,1841,2021-10-06,0
2020-08-29,3,1844,2021-10-06,0
2020-08-30,5,1849,2021-10-06,0
2020-08-31,9,1858,2021-10-06,0
2020-09-01,2,1860,2021-10-06,0
2020-09-02,7,1867,2021-10-06,0
2020-09-03,12,1879,2021-10-06,0
2020-09-04,4,1883,2021-10-06,0
2020-09-05,6,1889,2021-10-06,0
2020-09-06,12,1901,2021-10-06,0
2020-09-07,3,1904,2021-10-06,0
2020-09-08,6,1910,2021-10-06,0
2020-09-09,10,1920,2021-10-06,0
2020-09-10,9,1929,2021-10-06,0
2020-09-11,11,1940,2021-10-06,0
2020-09-12,8,1948,2021-10-06,0
2020-09-13,8,1956,2021-10-06,0
2020-09-14,2,1958,2021-10-06,0
2020-09-15,7,1965,2021-10-06,0
2020-09-16,9,1974,2021-10-06,0
2020-09-17,5,1979,2021-10-06,0
2020-09-18,6,1985,2021-10-06,0
2020-09-19,4,1989,2021-10-06,0
2020-09-20,9,1998,2021-10-06,0
2020-09-21,7,2005,2021-10-06,0
2020-09-22,8,2013,2021-10-06,0
2020-09-23,9,2022,2021-10-06,0
2020-09-24,8,2030,2021-10-06,0
2020-09-25,11,2041,2021-10-06,0
2020-09-26,9,2050,2021-10-06,0
2020-09-27,14,2064,2021-10-06,0
2020-09-28,11,2075,2021-10-06,0
2020-09-29,5,2080,2021-10-06,0
2020-09-30,16,2096,2021-10-06,0
2020-10-01,7,2103,2021-10-06,0
2020-10-02,13,2116,2021-10-06,0
2020-10-03,9,2125,2021-10-06,0
2020-10-04,7,2132,2021-10-06,0
2020-10-05,10,2142,2021-10-06,0
2020-10-06,13,2155,2021-10-06,0
2020-10-07,19,2174,2021-10-06,0
2020-10-08,9,2183,2021-10-06,0
2020-10-09,17,2200,2021-10-06,0
2020-10-10,16,2216,2021-10-06,0
2020-10-11,16,2232,2021-10-06,0
2020-10-12,20,2252,2021-10-06,0
2020-10-13,14,2266,2021-10-06,0
2020-10-14,10,2276,2021-10-06,0
2020-10-15,9,2285,2021-10-06,0
2020-10-16,12,2297,2021-10-06,0
2020-10-17,18,2315,2021-10-06,0
2020-10-18,25,2340,2021-10-06,0
2020-10-19,18,2358,2021-10-06,0
2020-10-20,15,2373,2021-10-06,0
2020-10-21,24,2397,2021-10-06,0
2020-10-22,18,2415,2021-10-06,0
2020-10-23,19,2434,2021-10-06,0
2020-10-24,8,2442,2021-10-06,0
2020-10-25,17,2459,2021-10-06,0
2020-10-26,25,2484,2021-10-06,0
2020-10-27,23,2507,2021-10-06,0
2020-10-28,29,2536,2021-10-06,0
2020-10-29,18,2554,2021-10-06,0
2020-10-30,27,2581,2021-10-06,0
2020-10-31,25,2606,2021-10-06,0
2020-11-01,21,2627,2021-10-06,0
2020-11-02,25,2652,2021-10-06,0
2020-11-03,25,2677,2021-10-06,0
2020-11-04,33,2710,2021-10-06,0
2020-11-05,38,2748,2021-10-06,0
2020-11-06,39,2787,2021-10-06,0
2020-11-07,42,2829,2021-10-06,0
2020-11-08,47,2876,2021-10-06,0
2020-11-09,36,2912,2021-10-06,0
2020-11-10,35,2947,2021-10-06,0
2020-11-11,43,2990,2021-10-06,0
2020-11-12,45,3035,2021-10-06,0
2020-11-13,40,3075,2021-10-06,0
2020-11-14,47,3122,2021-10-06,0
2020-11-15,46,3168,2021-10-06,0
2020-11-16,62,3230,2021-10-06,0
2020-11-17,56,3286,2021-10-06,0
2020-11-18,61,3347,2021-10-06,0
2020-11-19,60,3407,2021-10-06,0
2020-11-20,63,3470,2021-10-06,0
2020-11-21,58,3528,2021-10-06,0
2020-11-22,67,3595,2021-10-06,0
2020-11-23,59,3654,2021-10-06,0
2020-11-24,69,3723,2021-10-06,0
2020-11-25,72,3795,2021-10-06,0
2020-11-26,54,3849,2021-10-06,0
2020-11-27,69,3918,2021-10-06,0
2020-11-28,62,3980,2021-10-06,0
2020-11-29,68,4048,2021-10-06,0
2020-11-30,61,4109,2021-10-06,0
2020-12-01,64,4173,2021-10-06,0
2020-12-02,73,4246,2021-10-06,0
2020-12-03,86,4332,2021-10-06,0
2020-12-04,67,4399,2021-10-06,0
2020-12-05,74,4473,2021-10-06,0
2020-12-06,80,4553,2021-10-06,0
2020-12-07,75,4628,2021-10-06,0
2020-12-08,61,4689,2021-10-06,0
2020-12-09,71,4760,2021-10-06,0
2020-12-10,72,4832,2021-10-06,0
2020-12-11,71,4903,2021-10-06,0
2020-12-12,72,4975,2021-10-06,0
2020-12-13,56,5031,2021-10-06,0
2020-12-14,43,5074,2021-10-06,0
2020-12-15,65,5139,2021-10-06,0
2020-12-16,73,5212,2021-10-06,1
2020-12-17,60,5272,2021-10-06,0
2020-12-18,59,5331,2021-10-06,0
2020-12-19,56,5387,2021-10-06,0
2020-12-20,60,5447,2021-10-06,0
2020-12-21,58,5505,2021-10-06,0
2020-12-22,33,5538,2021-10-06,0
2020-12-23,46,5584,2021-10-06,0
2020-12-24,50,5634,2021-10-06,0
2020-12-25,36,5670,2021-10-06,0
2020-12-26,43,5713,2021-10-06,0
2020-12-27,41,5754,2021-10-06,0
2020-12-28,34,5788,2021-10-06,0
2020-12-29,37,5825,2021-10-06,0
2020-12-30,47,5872,2021-10-06,0
2020-12-31,36,5908,2021-10-06,0
2021-01-01,28,5936,2021-10-06,0
2021-01-02,47,5983,2021-10-06,0
2021-01-03,37,6020,2021-10-06,0
2021-01-04,32,6052,2021-10-06,0
2021-01-05,40,6092,2021-10-06,0
2021-01-06,32,6124,2021-10-06,0
2021-01-07,37,6161,2021-10-06,0
2021-01-08,32,6193,2021-10-06,0
2021-01-09,26,6219,2021-10-06,0
2021-01-10,29,6248,2021-10-06,0
2021-01-11,26,6274,2021-10-06,0
2021-01-12,32,6306,2021-10-06,0
2021-01-13,23,6329,2021-10-06,0
2021-01-14,41,6370,2021-10-06,0
2021-01-15,26,6396,2021-10-06,0
2021-01-16,30,6426,2021-10-06,0
2021-01-17,21,6447,2021-10-06,0
2021-01-18,19,6466,2021-10-06,0
2021-01-19,14,6480,2021-10-06,0
2021-01-20,26,6506,2021-10-06,0
2021-01-21,16,6522,2021-10-06,0
2021-01-22,13,6535,2021-10-06,0
2021-01-23,17,6552,2021-10-06,0
2021-01-24,24,6576,2021-10-06,0
2021-01-25,19,6595,2021-10-06,0
2021-01-26,21,6616,2021-10-06,0
2021-01-27,11,6627,2021-10-06,0
2021-01-28,12,6639,2021-10-06,0
2021-01-29,15,6654,2021-10-06,0
2021-01-30,13,6667,2021-10-06,0
2021-01-31,16,6683,2021-10-06,0
2021-02-01,17,6700,2021-10-06,0
2021-02-02,10,6710,2021-10-06,0
2021-02-03,11,6721,2021-10-06,0
2021-02-04,11,6732,2021-10-06,0
2021-02-05,12,6744,2021-10-06,0
2021-02-06,12,6756,2021-10-06,0
2021-02-07,19,6775,2021-10-06,0
2021-02-08,11,6786,2021-10-06,0
2021-02-09,15,6801,2021-10-06,0
2021-02-10,13,6814,2021-10-06,0
2021-02-11,7,6821,2021-10-06,0
2021-02-12,13,6834,2021-10-06,0
2021-02-13,8,6842,2021-10-06,0
2021-02-14,10,6852,2021-10-06,0
2021-02-15,9,6861,2021-10-06,0
2021-02-16,12,6873,2021-10-06,0
2021-02-17,10,6883,2021-10-06,0
2021-02-18,7,6890,2021-10-06,0
2021-02-19,6,6896,2021-10-06,0
2021-02-20,7,6903,2021-10-06,0
2021-02-21,4,6907,2021-10-06,0
2021-02-22,5,6912,2021-10-06,0
2021-02-23,9,6921,2021-10-06,0
2021-02-24,5,6926,2021-10-06,0
2021-02-25,5,6931,2021-10-06,0
2021-02-26,7,6938,2021-10-06,0
2021-02-27,6,6944,2021-10-06,0
2021-02-28,8,6952,2021-10-06,0
2021-03-01,7,6959,2021-10-06,0
2021-03-02,3,6962,2021-10-06,0
2021-03-03,10,6972,2021-10-06,0
2021-03-04,6,6978,2021-10-06,0
2021-03-05,10,6988,2021-10-06,0
2021-03-06,5,6993,2021-10-06,0
2021-03-07,9,7002,2021-10-06,0
2021-03-08,5,7007,2021-10-06,0
2021-03-09,7,7014,2021-10-06,0
2021-03-10,5,7019,2021-10-06,0
2021-03-11,4,7023,2021-10-06,0
2021-03-12,11,7034,2021-10-06,0
2021-03-13,5,7039,2021-10-06,0
2021-03-14,4,7043,2021-10-06,0
2021-03-15,2,7045,2021-10-06,0
2021-03-16,6,7051,2021-10-06,0
2021-03-17,4,7055,2021-10-06,0
2021-03-18,5,7060,2021-10-06,0
2021-03-19,5,7065,2021-10-06,0
2021-03-20,9,7074,2021-10-06,0
2021-03-21,5,7079,2021-10-06,0
2021-03-22,4,7083,2021-10-06,0
2021-03-23,5,7088,2021-10-06,0
2021-03-24,1,7089,2021-10-06,0
2021-03-25,5,7094,2021-10-06,0
2021-03-26,3,7097,2021-10-06,0
2021-03-27,7,7104,2021-10-06,0
2021-03-28,6,7110,2021-10-06,0
2021-03-29,5,7115,2021-10-06,0
2021-03-30,6,7121,2021-10-06,0
2021-03-31,8,7129,2021-10-06,0
2021-04-01,6,7135,2021-10-06,0
2021-04-02,9,7144,2021-10-06,0
2021-04-03,8,7152,2021-10-06,0
2021-04-04,6,7158,2021-10-06,0
2021-04-05,8,7166,2021-10-06,0
2021-04-06,6,7172,2021-10-06,0
2021-04-07,6,7178,2021-10-06,0
2021-04-08,10,7188,2021-10-06,0
2021-04-09,7,7195,2021-10-06,0
2021-04-10,7,7202,2021-10-06,0
2021-04-11,8,7210,2021-10-06,0
2021-04-12,10,7220,2021-10-06,0
2021-04-13,7,7227,2021-10-06,0
2021-04-14,8,7235,2021-10-06,0
2021-04-15,14,7249,2021-10-06,0
2021-04-16,8,7257,2021-10-06,0
2021-04-17,8,7265,2021-10-06,0
2021-04-18,8,7273,2021-10-06,0
2021-04-19,10,7283,2021-10-06,0
2021-04-20,5,7288,2021-10-06,0
2021-04-21,8,7296,2021-10-06,0
2021-04-22,1,7297,2021-10-06,0
2021-04-23,15,7312,2021-10-06,0
2021-04-24,11,7323,2021-10-06,0
2021-04-25,15,7338,2021-10-06,0
2021-04-26,14,7352,2021-10-06,0
2021-04-27,7,7359,2021-10-06,0
2021-04-28,14,7373,2021-10-06,0
2021-04-29,8,7381,2021-10-06,0
2021-04-30,11,7392,2021-10-06,0
2021-05-01,7,7399,2021-10-06,0
2021-05-02,8,7407,2021-10-06,0
2021-05-03,5,7412,2021-10-06,0
2021-05-04,13,7425,2021-10-06,0
2021-05-05,8,7433,2021-10-06,0
2021-05-06,5,7438,2021-10-06,0
2021-05-07,8,7446,2021-10-06,0
2021-05-08,7,7453,2021-10-06,0
2021-05-09,9,7462,2021-10-06,0
2021-05-10,8,7470,2021-10-06,0
2021-05-11,6,7476,2021-10-06,0
2021-05-12,9,7485,2021-10-06,0
2021-05-13,9,7494,2021-10-06,0
2021-05-14,11,7505,2021-10-06,0
2021-05-15,9,7514,2021-10-06,0
2021-05-16,6,7520,2021-10-06,0
2021-05-17,5,7525,2021-10-06,0
2021-05-18,7,7532,2021-10-06,0
2021-05-19,2,7534,2021-10-06,0
2021-05-20,5,7539,2021-10-06,0
2021-05-21,7,7546,2021-10-06,0
2021-05-22,11,7557,2021-10-06,0
2021-05-23,5,7562,2021-10-06,0
2021-05-24,5,7567,2021-10-06,0
2021-05-25,6,7573,2021-10-06,0
2021-05-26,3,7576,2021-10-06,0
2021-05-27,7,7583,2021-10-06,0
2021-05-28,2,7585,2021-10-06,0
2021-05-29,6,7591,2021-10-06,0
2021-05-30,4,7595,2021-10-06,0
2021-05-31,3,7598,2021-10-06,0
2021-06-01,5,7603,2021-10-06,0
2021-06-02,8,7611,2021-10-06,0
2021-06-03,4,7615,2021-10-06,0
2021-06-04,4,7619,2021-10-06,0
2021-06-05,2,7621,2021-10-06,0
2021-06-06,5,7626,2021-10-06,0
2021-06-07,3,7629,2021-10-06,0
2021-06-08,5,7634,2021-10-06,0
2021-06-09,4,7638,2021-10-06,0
2021-06-10,6,7644,2021-10-06,0
2021-06-11,6,7650,2021-10-06,0
2021-06-12,4,7654,2021-10-06,0
2021-06-13,4,7658,2021-10-06,0
2021-06-14,3,7661,2021-10-06,0
2021-06-15,2,7663,2021-10-06,0
2021-06-16,2,7665,2021-10-06,0
2021-06-17,4,7669,2021-10-06,0
2021-06-18,1,7670,2021-10-06,0
2021-06-19,6,7676,2021-10-06,0
2021-06-20,1,7677,2021-10-06,0
2021-06-21,5,7682,2021-10-06,0
2021-06-22,3,7685,2021-10-06,0
2021-06-23,4,7689,2021-10-06,0
2021-06-24,3,7692,2021-10-06,0
2021-06-25,3,7695,2021-10-06,0
2021-06-26,4,7699,2021-10-06,0
2021-06-27,2,7701,2021-10-06,0
2021-06-28,2,7703,2021-10-06,0
2021-06-29,2,7705,2021-10-06,0
2021-06-30,2,7707,2021-10-06,0
2021-07-01,0,7707,2021-10-06,0
2021-07-02,2,7709,2021-10-06,0
2021-07-03,2,7711,2021-10-06,0
2021-07-04,3,7714,2021-10-06,0
2021-07-05,1,7715,2021-10-06,0
2021-07-06,4,7719,2021-10-06,0
2021-07-07,1,7720,2021-10-06,0
2021-07-08,1,7721,2021-10-06,0
2021-07-09,0,7721,2021-10-06,0
2021-07-10,1,7722,2021-10-06,0
2021-07-11,3,7725,2021-10-06,1
2021-07-12,1,7726,2021-10-06,0
2021-07-13,2,7728,2021-10-06,0
2021-07-14,2,7730,2021-10-06,0
2021-07-15,2,7732,2021-10-06,0
2021-07-16,1,7733,2021-10-06,0
2021-07-17,1,7734,2021-10-06,0
2021-07-18,0,7734,2021-10-06,0
2021-07-19,0,7734,2021-10-06,0
2021-07-20,2,7736,2021-10-06,0
2021-07-21,2,7738,2021-10-06,0
2021-07-22,2,7740,2021-10-06,0
2021-07-23,3,7743,2021-10-06,0
2021-07-24,0,7743,2021-10-06,0
2021-07-25,2,7745,2021-10-06,0
2021-07-26,1,7746,2021-10-06,0
2021-07-27,2,7748,2021-10-06,0
2021-07-28,3,7751,2021-10-06,0
2021-07-29,2,7753,2021-10-06,0
2021-07-30,5,7758,2021-10-06,0
2021-07-31,4,7762,2021-10-06,0
2021-08-01,1,7763,2021-10-06,0
2021-08-02,3,7766,2021-10-06,0
2021-08-03,2,7768,2021-10-06,0
2021-08-04,3,7771,2021-10-06,0
2021-08-05,2,7773,2021-10-06,0
2021-08-06,7,7780,2021-10-06,0
2021-08-07,3,7783,2021-10-06,0
2021-08-08,2,7785,2021-10-06,0
2021-08-09,3,7788,2021-10-06,0
2021-08-10,2,7790,2021-10-06,0
2021-08-11,2,7792,2021-10-06,0
2021-08-12,7,7799,2021-10-06,0
2021-08-13,5,7804,2021-10-06,0
2021-08-14,6,7810,2021-10-06,0
2021-08-15,0,7810,2021-10-06,0
2021-08-16,7,7817,2021-10-06,0
2021-08-17,7,7824,2021-10-06,0
2021-08-18,9,7833,2021-10-06,0
2021-08-19,2,7835,2021-10-06,0
2021-08-20,3,7838,2021-10-06,0
2021-08-21,5,7843,2021-10-06,0
2021-08-22,7,7850,2021-10-06,0
2021-08-23,5,7855,2021-10-06,0
2021-08-24,12,7867,2021-10-06,0
2021-08-25,7,7874,2021-10-06,0
2021-08-26,2,7876,2021-10-06,0
2021-08-27,6,7882,2021-10-06,0
2021-08-28,10,7892,2021-10-06,0
2021-08-29,11,7903,2021-10-06,0
2021-08-30,8,7911,2021-10-06,0
2021-08-31,6,7917,2021-10-06,0
2021-09-01,6,7923,2021-10-06,0
2021-09-02,6,7929,2021-10-06,0
2021-09-03,9,7938,2021-10-06,0
2021-09-04,8,7946,2021-10-06,0
2021-09-05,10,7956,2021-10-06,0
2021-09-06,7,7963,2021-10-06,0
2021-09-07,7,7970,2021-10-06,0
2021-09-08,9,7979,2021-10-06,0
2021-09-09,4,7983,2021-10-06,0
2021-09-10,9,7992,2021-10-06,0
2021-09-11,17,8009,2021-10-06,1
2021-09-12,10,8019,2021-10-06,0
2021-09-13,7,8026,2021-10-06,0
2021-09-14,10,8036,2021-10-06,0
2021-09-15,13,8049,2021-10-06,0
2021-09-16,14,8063,2021-10-06,0
2021-09-17,8,8071,2021-10-06,0
2021-09-18,12,8083,2021-10-06,0
2021-09-19,11,8094,2021-10-06,0
2021-09-20,14,8108,2021-10-06,0
2021-09-21,12,8120,2021-10-06,0
2021-09-22,14,8134,2021-10-06,0
2021-09-23,11,8145,2021-10-06,2
2021-09-24,12,8157,2021-10-06,1
2021-09-25,14,8171,2021-10-06,0
2021-09-26,13,8184,2021-10-06,1
2021-09-27,11,8195,2021-10-06,5
2021-09-28,6,8201,2021-10-06,1
2021-09-29,15,8216,2021-10-06,4
2021-09-30,12,8228,2021-10-06,8
2021-10-01,4,8232,2021-10-06,4
2021-10-02,4,8236,2021-10-06,4
2021-10-03,7,8243,2021-10-06,7
NA,0,8243,2021-10-06,0
2020-03-19,1,1,2021-10-07,0
2020-03-20,0,1,2021-10-07,0
2020-03-21,0,1,2021-10-07,0
2020-03-22,0,1,2021-10-07,0
2020-03-23,0,1,2021-10-07,0
2020-03-24,1,2,2021-10-07,0
2020-03-25,1,3,2021-10-07,0
2020-03-26,1,4,2021-10-07,0
2020-03-27,5,9,2021-10-07,0
2020-03-28,3,12,2021-10-07,0
2020-03-29,0,12,2021-10-07,0
2020-03-30,5,17,2021-10-07,0
2020-03-31,2,19,2021-10-07,0
2020-04-01,5,24,2021-10-07,0
2020-04-02,3,27,2021-10-07,0
2020-04-03,1,28,2021-10-07,0
2020-04-04,5,33,2021-10-07,0
2020-04-05,5,38,2021-10-07,0
2020-04-06,10,48,2021-10-07,0
2020-04-07,6,54,2021-10-07,0
2020-04-08,7,61,2021-10-07,0
2020-04-09,8,69,2021-10-07,0
2020-04-10,6,75,2021-10-07,0
2020-04-11,4,79,2021-10-07,0
2020-04-12,4,83,2021-10-07,0
2020-04-13,10,93,2021-10-07,0
2020-04-14,6,99,2021-10-07,0
2020-04-15,17,116,2021-10-07,0
2020-04-16,10,126,2021-10-07,0
2020-04-17,17,143,2021-10-07,0
2020-04-18,17,160,2021-10-07,0
2020-04-19,16,176,2021-10-07,0
2020-04-20,21,197,2021-10-07,0
2020-04-21,26,223,2021-10-07,0
2020-04-22,21,244,2021-10-07,0
2020-04-23,19,263,2021-10-07,0
2020-04-24,23,286,2021-10-07,0
2020-04-25,18,304,2021-10-07,0
2020-04-26,17,321,2021-10-07,0
2020-04-27,21,342,2021-10-07,0
2020-04-28,16,358,2021-10-07,0
2020-04-29,29,387,2021-10-07,0
2020-04-30,18,405,2021-10-07,0
2020-05-01,30,435,2021-10-07,0
2020-05-02,19,454,2021-10-07,0
2020-05-03,29,483,2021-10-07,0
2020-05-04,23,506,2021-10-07,0
2020-05-05,19,525,2021-10-07,0
2020-05-06,25,550,2021-10-07,0
2020-05-07,30,580,2021-10-07,0
2020-05-08,20,600,2021-10-07,0
2020-05-09,26,626,2021-10-07,0
2020-05-10,19,645,2021-10-07,0
2020-05-11,25,670,2021-10-07,0
2020-05-12,20,690,2021-10-07,0
2020-05-13,22,712,2021-10-07,0
2020-05-14,20,732,2021-10-07,0
2020-05-15,20,752,2021-10-07,0
2020-05-16,20,772,2021-10-07,0
2020-05-17,23,795,2021-10-07,0
2020-05-18,18,813,2021-10-07,0
2020-05-19,35,848,2021-10-07,0
2020-05-20,24,872,2021-10-07,0
2020-05-21,17,889,2021-10-07,0
2020-05-22,20,909,2021-10-07,0
2020-05-23,26,935,2021-10-07,0
2020-05-24,25,960,2021-10-07,0
2020-05-25,30,990,2021-10-07,0
2020-05-26,29,1019,2021-10-07,0
2020-05-27,25,1044,2021-10-07,0
2020-05-28,21,1065,2021-10-07,0
2020-05-29,17,1082,2021-10-07,0
2020-05-30,11,1093,2021-10-07,0
2020-05-31,20,1113,2021-10-07,0
2020-06-01,23,1136,2021-10-07,0
2020-06-02,21,1157,2021-10-07,0
2020-06-03,25,1182,2021-10-07,0
2020-06-04,26,1208,2021-10-07,0
2020-06-05,18,1226,2021-10-07,0
2020-06-06,12,1238,2021-10-07,0
2020-06-07,22,1260,2021-10-07,0
2020-06-08,12,1272,2021-10-07,0
2020-06-09,13,1285,2021-10-07,0
2020-06-10,10,1295,2021-10-07,0
2020-06-11,12,1307,2021-10-07,0
2020-06-12,11,1318,2021-10-07,0
2020-06-13,13,1331,2021-10-07,0
2020-06-14,11,1342,2021-10-07,0
2020-06-15,8,1350,2021-10-07,0
2020-06-16,9,1359,2021-10-07,0
2020-06-17,17,1376,2021-10-07,0
2020-06-18,9,1385,2021-10-07,0
2020-06-19,8,1393,2021-10-07,0
2020-06-20,12,1405,2021-10-07,0
2020-06-21,11,1416,2021-10-07,0
2020-06-22,6,1422,2021-10-07,0
2020-06-23,10,1432,2021-10-07,0
2020-06-24,1,1433,2021-10-07,0
2020-06-25,9,1442,2021-10-07,0
2020-06-26,6,1448,2021-10-07,0
2020-06-27,5,1453,2021-10-07,0
2020-06-28,11,1464,2021-10-07,0
2020-06-29,7,1471,2021-10-07,0
2020-06-30,9,1480,2021-10-07,0
2020-07-01,2,1482,2021-10-07,0
2020-07-02,3,1485,2021-10-07,0
2020-07-03,5,1490,2021-10-07,0
2020-07-04,4,1494,2021-10-07,0
2020-07-05,6,1500,2021-10-07,0
2020-07-06,4,1504,2021-10-07,0
2020-07-07,2,1506,2021-10-07,0
2020-07-08,9,1515,2021-10-07,0
2020-07-09,4,1519,2021-10-07,0
2020-07-10,3,1522,2021-10-07,0
2020-07-11,4,1526,2021-10-07,0
2020-07-12,6,1532,2021-10-07,0
2020-07-13,2,1534,2021-10-07,0
2020-07-14,6,1540,2021-10-07,0
2020-07-15,7,1547,2021-10-07,0
2020-07-16,3,1550,2021-10-07,0
2020-07-17,7,1557,2021-10-07,0
2020-07-18,6,1563,2021-10-07,0
2020-07-19,5,1568,2021-10-07,0
2020-07-20,3,1571,2021-10-07,0
2020-07-21,6,1577,2021-10-07,0
2020-07-22,5,1582,2021-10-07,0
2020-07-23,8,1590,2021-10-07,0
2020-07-24,6,1596,2021-10-07,0
2020-07-25,2,1598,2021-10-07,0
2020-07-26,5,1603,2021-10-07,0
2020-07-27,5,1608,2021-10-07,0
2020-07-28,7,1615,2021-10-07,0
2020-07-29,3,1618,2021-10-07,0
2020-07-30,6,1624,2021-10-07,0
2020-07-31,9,1633,2021-10-07,0
2020-08-01,4,1637,2021-10-07,0
2020-08-02,7,1644,2021-10-07,0
2020-08-03,4,1648,2021-10-07,0
2020-08-04,7,1655,2021-10-07,0
2020-08-05,8,1663,2021-10-07,0
2020-08-06,9,1672,2021-10-07,0
2020-08-07,7,1679,2021-10-07,0
2020-08-08,6,1685,2021-10-07,0
2020-08-09,10,1695,2021-10-07,0
2020-08-10,3,1698,2021-10-07,0
2020-08-11,9,1707,2021-10-07,0
2020-08-12,7,1714,2021-10-07,0
2020-08-13,5,1719,2021-10-07,0
2020-08-14,9,1728,2021-10-07,0
2020-08-15,13,1741,2021-10-07,0
2020-08-16,13,1754,2021-10-07,0
2020-08-17,6,1760,2021-10-07,0
2020-08-18,11,1771,2021-10-07,0
2020-08-19,3,1774,2021-10-07,0
2020-08-20,10,1784,2021-10-07,0
2020-08-21,12,1796,2021-10-07,0
2020-08-22,9,1805,2021-10-07,0
2020-08-23,7,1812,2021-10-07,0
2020-08-24,9,1821,2021-10-07,0
2020-08-25,4,1825,2021-10-07,0
2020-08-26,3,1828,2021-10-07,0
2020-08-27,7,1835,2021-10-07,0
2020-08-28,6,1841,2021-10-07,0
2020-08-29,3,1844,2021-10-07,0
2020-08-30,5,1849,2021-10-07,0
2020-08-31,9,1858,2021-10-07,0
2020-09-01,2,1860,2021-10-07,0
2020-09-02,7,1867,2021-10-07,0
2020-09-03,12,1879,2021-10-07,0
2020-09-04,4,1883,2021-10-07,0
2020-09-05,6,1889,2021-10-07,0
2020-09-06,12,1901,2021-10-07,0
2020-09-07,3,1904,2021-10-07,0
2020-09-08,6,1910,2021-10-07,0
2020-09-09,10,1920,2021-10-07,0
2020-09-10,9,1929,2021-10-07,0
2020-09-11,11,1940,2021-10-07,0
2020-09-12,8,1948,2021-10-07,0
2020-09-13,8,1956,2021-10-07,0
2020-09-14,2,1958,2021-10-07,0
2020-09-15,7,1965,2021-10-07,0
2020-09-16,9,1974,2021-10-07,0
2020-09-17,5,1979,2021-10-07,0
2020-09-18,6,1985,2021-10-07,0
2020-09-19,4,1989,2021-10-07,0
2020-09-20,9,1998,2021-10-07,0
2020-09-21,7,2005,2021-10-07,0
2020-09-22,8,2013,2021-10-07,0
2020-09-23,9,2022,2021-10-07,0
2020-09-24,8,2030,2021-10-07,0
2020-09-25,11,2041,2021-10-07,0
2020-09-26,9,2050,2021-10-07,0
2020-09-27,14,2064,2021-10-07,0
2020-09-28,11,2075,2021-10-07,0
2020-09-29,5,2080,2021-10-07,0
2020-09-30,16,2096,2021-10-07,0
2020-10-01,7,2103,2021-10-07,0
2020-10-02,13,2116,2021-10-07,0
2020-10-03,9,2125,2021-10-07,0
2020-10-04,7,2132,2021-10-07,0
2020-10-05,10,2142,2021-10-07,0
2020-10-06,13,2155,2021-10-07,0
2020-10-07,19,2174,2021-10-07,0
2020-10-08,9,2183,2021-10-07,0
2020-10-09,17,2200,2021-10-07,0
2020-10-10,16,2216,2021-10-07,0
2020-10-11,16,2232,2021-10-07,0
2020-10-12,20,2252,2021-10-07,0
2020-10-13,14,2266,2021-10-07,0
2020-10-14,10,2276,2021-10-07,0
2020-10-15,9,2285,2021-10-07,0
2020-10-16,12,2297,2021-10-07,0
2020-10-17,18,2315,2021-10-07,0
2020-10-18,25,2340,2021-10-07,0
2020-10-19,18,2358,2021-10-07,0
2020-10-20,15,2373,2021-10-07,0
2020-10-21,24,2397,2021-10-07,0
2020-10-22,18,2415,2021-10-07,0
2020-10-23,19,2434,2021-10-07,0
2020-10-24,8,2442,2021-10-07,0
2020-10-25,17,2459,2021-10-07,0
2020-10-26,25,2484,2021-10-07,0
2020-10-27,23,2507,2021-10-07,0
2020-10-28,29,2536,2021-10-07,0
2020-10-29,18,2554,2021-10-07,0
2020-10-30,27,2581,2021-10-07,0
2020-10-31,25,2606,2021-10-07,0
2020-11-01,21,2627,2021-10-07,0
2020-11-02,25,2652,2021-10-07,0
2020-11-03,25,2677,2021-10-07,0
2020-11-04,33,2710,2021-10-07,0
2020-11-05,38,2748,2021-10-07,0
2020-11-06,39,2787,2021-10-07,0
2020-11-07,42,2829,2021-10-07,0
2020-11-08,47,2876,2021-10-07,0
2020-11-09,36,2912,2021-10-07,0
2020-11-10,35,2947,2021-10-07,0
2020-11-11,43,2990,2021-10-07,0
2020-11-12,45,3035,2021-10-07,0
2020-11-13,40,3075,2021-10-07,0
2020-11-14,47,3122,2021-10-07,0
2020-11-15,46,3168,2021-10-07,0
2020-11-16,62,3230,2021-10-07,0
2020-11-17,56,3286,2021-10-07,0
2020-11-18,61,3347,2021-10-07,0
2020-11-19,60,3407,2021-10-07,0
2020-11-20,63,3470,2021-10-07,0
2020-11-21,58,3528,2021-10-07,0
2020-11-22,67,3595,2021-10-07,0
2020-11-23,59,3654,2021-10-07,0
2020-11-24,69,3723,2021-10-07,0
2020-11-25,72,3795,2021-10-07,0
2020-11-26,54,3849,2021-10-07,0
2020-11-27,69,3918,2021-10-07,0
2020-11-28,62,3980,2021-10-07,0
2020-11-29,68,4048,2021-10-07,0
2020-11-30,61,4109,2021-10-07,0
2020-12-01,64,4173,2021-10-07,0
2020-12-02,73,4246,2021-10-07,0
2020-12-03,86,4332,2021-10-07,0
2020-12-04,67,4399,2021-10-07,0
2020-12-05,74,4473,2021-10-07,0
2020-12-06,80,4553,2021-10-07,0
2020-12-07,75,4628,2021-10-07,0
2020-12-08,61,4689,2021-10-07,0
2020-12-09,71,4760,2021-10-07,0
2020-12-10,72,4832,2021-10-07,0
2020-12-11,71,4903,2021-10-07,0
2020-12-12,72,4975,2021-10-07,0
2020-12-13,56,5031,2021-10-07,0
2020-12-14,43,5074,2021-10-07,0
2020-12-15,65,5139,2021-10-07,0
2020-12-16,73,5212,2021-10-07,0
2020-12-17,60,5272,2021-10-07,0
2020-12-18,59,5331,2021-10-07,0
2020-12-19,56,5387,2021-10-07,0
2020-12-20,60,5447,2021-10-07,0
2020-12-21,58,5505,2021-10-07,0
2020-12-22,33,5538,2021-10-07,0
2020-12-23,46,5584,2021-10-07,0
2020-12-24,50,5634,2021-10-07,0
2020-12-25,36,5670,2021-10-07,0
2020-12-26,43,5713,2021-10-07,0
2020-12-27,41,5754,2021-10-07,0
2020-12-28,34,5788,2021-10-07,0
2020-12-29,37,5825,2021-10-07,0
2020-12-30,47,5872,2021-10-07,0
2020-12-31,36,5908,2021-10-07,0
2021-01-01,28,5936,2021-10-07,0
2021-01-02,47,5983,2021-10-07,0
2021-01-03,37,6020,2021-10-07,0
2021-01-04,32,6052,2021-10-07,0
2021-01-05,40,6092,2021-10-07,0
2021-01-06,32,6124,2021-10-07,0
2021-01-07,37,6161,2021-10-07,0
2021-01-08,32,6193,2021-10-07,0
2021-01-09,26,6219,2021-10-07,0
2021-01-10,29,6248,2021-10-07,0
2021-01-11,26,6274,2021-10-07,0
2021-01-12,32,6306,2021-10-07,0
2021-01-13,23,6329,2021-10-07,0
2021-01-14,41,6370,2021-10-07,0
2021-01-15,26,6396,2021-10-07,0
2021-01-16,30,6426,2021-10-07,0
2021-01-17,21,6447,2021-10-07,0
2021-01-18,19,6466,2021-10-07,0
2021-01-19,14,6480,2021-10-07,0
2021-01-20,26,6506,2021-10-07,0
2021-01-21,16,6522,2021-10-07,0
2021-01-22,13,6535,2021-10-07,0
2021-01-23,17,6552,2021-10-07,0
2021-01-24,24,6576,2021-10-07,0
2021-01-25,19,6595,2021-10-07,0
2021-01-26,21,6616,2021-10-07,0
2021-01-27,11,6627,2021-10-07,0
2021-01-28,12,6639,2021-10-07,0
2021-01-29,15,6654,2021-10-07,0
2021-01-30,13,6667,2021-10-07,0
2021-01-31,16,6683,2021-10-07,0
2021-02-01,17,6700,2021-10-07,0
2021-02-02,10,6710,2021-10-07,0
2021-02-03,11,6721,2021-10-07,0
2021-02-04,11,6732,2021-10-07,0
2021-02-05,12,6744,2021-10-07,0
2021-02-06,12,6756,2021-10-07,0
2021-02-07,19,6775,2021-10-07,0
2021-02-08,11,6786,2021-10-07,0
2021-02-09,15,6801,2021-10-07,0
2021-02-10,13,6814,2021-10-07,0
2021-02-11,7,6821,2021-10-07,0
2021-02-12,13,6834,2021-10-07,0
2021-02-13,8,6842,2021-10-07,0
2021-02-14,10,6852,2021-10-07,0
2021-02-15,9,6861,2021-10-07,0
2021-02-16,12,6873,2021-10-07,0
2021-02-17,10,6883,2021-10-07,0
2021-02-18,7,6890,2021-10-07,0
2021-02-19,6,6896,2021-10-07,0
2021-02-20,7,6903,2021-10-07,0
2021-02-21,4,6907,2021-10-07,0
2021-02-22,5,6912,2021-10-07,0
2021-02-23,9,6921,2021-10-07,0
2021-02-24,5,6926,2021-10-07,0
2021-02-25,5,6931,2021-10-07,0
2021-02-26,7,6938,2021-10-07,0
2021-02-27,6,6944,2021-10-07,0
2021-02-28,8,6952,2021-10-07,0
2021-03-01,7,6959,2021-10-07,0
2021-03-02,3,6962,2021-10-07,0
2021-03-03,10,6972,2021-10-07,0
2021-03-04,6,6978,2021-10-07,0
2021-03-05,10,6988,2021-10-07,0
2021-03-06,5,6993,2021-10-07,0
2021-03-07,9,7002,2021-10-07,0
2021-03-08,5,7007,2021-10-07,0
2021-03-09,7,7014,2021-10-07,0
2021-03-10,5,7019,2021-10-07,0
2021-03-11,4,7023,2021-10-07,0
2021-03-12,11,7034,2021-10-07,0
2021-03-13,5,7039,2021-10-07,0
2021-03-14,5,7044,2021-10-07,1
2021-03-15,2,7046,2021-10-07,0
2021-03-16,6,7052,2021-10-07,0
2021-03-17,4,7056,2021-10-07,0
2021-03-18,5,7061,2021-10-07,0
2021-03-19,5,7066,2021-10-07,0
2021-03-20,9,7075,2021-10-07,0
2021-03-21,5,7080,2021-10-07,0
2021-03-22,4,7084,2021-10-07,0
2021-03-23,5,7089,2021-10-07,0
2021-03-24,1,7090,2021-10-07,0
2021-03-25,5,7095,2021-10-07,0
2021-03-26,3,7098,2021-10-07,0
2021-03-27,7,7105,2021-10-07,0
2021-03-28,6,7111,2021-10-07,0
2021-03-29,5,7116,2021-10-07,0
2021-03-30,6,7122,2021-10-07,0
2021-03-31,8,7130,2021-10-07,0
2021-04-01,6,7136,2021-10-07,0
2021-04-02,9,7145,2021-10-07,0
2021-04-03,8,7153,2021-10-07,0
2021-04-04,6,7159,2021-10-07,0
2021-04-05,8,7167,2021-10-07,0
2021-04-06,6,7173,2021-10-07,0
2021-04-07,6,7179,2021-10-07,0
2021-04-08,10,7189,2021-10-07,0
2021-04-09,7,7196,2021-10-07,0
2021-04-10,7,7203,2021-10-07,0
2021-04-11,8,7211,2021-10-07,0
2021-04-12,10,7221,2021-10-07,0
2021-04-13,7,7228,2021-10-07,0
2021-04-14,8,7236,2021-10-07,0
2021-04-15,14,7250,2021-10-07,0
2021-04-16,8,7258,2021-10-07,0
2021-04-17,8,7266,2021-10-07,0
2021-04-18,8,7274,2021-10-07,0
2021-04-19,10,7284,2021-10-07,0
2021-04-20,5,7289,2021-10-07,0
2021-04-21,8,7297,2021-10-07,0
2021-04-22,1,7298,2021-10-07,0
2021-04-23,15,7313,2021-10-07,0
2021-04-24,11,7324,2021-10-07,0
2021-04-25,15,7339,2021-10-07,0
2021-04-26,14,7353,2021-10-07,0
2021-04-27,7,7360,2021-10-07,0
2021-04-28,14,7374,2021-10-07,0
2021-04-29,8,7382,2021-10-07,0
2021-04-30,11,7393,2021-10-07,0
2021-05-01,7,7400,2021-10-07,0
2021-05-02,8,7408,2021-10-07,0
2021-05-03,5,7413,2021-10-07,0
2021-05-04,13,7426,2021-10-07,0
2021-05-05,8,7434,2021-10-07,0
2021-05-06,5,7439,2021-10-07,0
2021-05-07,8,7447,2021-10-07,0
2021-05-08,7,7454,2021-10-07,0
2021-05-09,9,7463,2021-10-07,0
2021-05-10,8,7471,2021-10-07,0
2021-05-11,6,7477,2021-10-07,0
2021-05-12,9,7486,2021-10-07,0
2021-05-13,9,7495,2021-10-07,0
2021-05-14,11,7506,2021-10-07,0
2021-05-15,9,7515,2021-10-07,0
2021-05-16,6,7521,2021-10-07,0
2021-05-17,5,7526,2021-10-07,0
2021-05-18,7,7533,2021-10-07,0
2021-05-19,2,7535,2021-10-07,0
2021-05-20,5,7540,2021-10-07,0
2021-05-21,7,7547,2021-10-07,0
2021-05-22,11,7558,2021-10-07,0
2021-05-23,5,7563,2021-10-07,0
2021-05-24,5,7568,2021-10-07,0
2021-05-25,6,7574,2021-10-07,0
2021-05-26,3,7577,2021-10-07,0
2021-05-27,7,7584,2021-10-07,0
2021-05-28,2,7586,2021-10-07,0
2021-05-29,6,7592,2021-10-07,0
2021-05-30,4,7596,2021-10-07,0
2021-05-31,3,7599,2021-10-07,0
2021-06-01,5,7604,2021-10-07,0
2021-06-02,8,7612,2021-10-07,0
2021-06-03,4,7616,2021-10-07,0
2021-06-04,4,7620,2021-10-07,0
2021-06-05,2,7622,2021-10-07,0
2021-06-06,5,7627,2021-10-07,0
2021-06-07,3,7630,2021-10-07,0
2021-06-08,5,7635,2021-10-07,0
2021-06-09,4,7639,2021-10-07,0
2021-06-10,6,7645,2021-10-07,0
2021-06-11,6,7651,2021-10-07,0
2021-06-12,4,7655,2021-10-07,0
2021-06-13,4,7659,2021-10-07,0
2021-06-14,3,7662,2021-10-07,0
2021-06-15,2,7664,2021-10-07,0
2021-06-16,2,7666,2021-10-07,0
2021-06-17,4,7670,2021-10-07,0
2021-06-18,1,7671,2021-10-07,0
2021-06-19,6,7677,2021-10-07,0
2021-06-20,1,7678,2021-10-07,0
2021-06-21,5,7683,2021-10-07,0
2021-06-22,3,7686,2021-10-07,0
2021-06-23,4,7690,2021-10-07,0
2021-06-24,3,7693,2021-10-07,0
2021-06-25,3,7696,2021-10-07,0
2021-06-26,4,7700,2021-10-07,0
2021-06-27,2,7702,2021-10-07,0
2021-06-28,2,7704,2021-10-07,0
2021-06-29,2,7706,2021-10-07,0
2021-06-30,2,7708,2021-10-07,0
2021-07-01,0,7708,2021-10-07,0
2021-07-02,2,7710,2021-10-07,0
2021-07-03,2,7712,2021-10-07,0
2021-07-04,3,7715,2021-10-07,0
2021-07-05,1,7716,2021-10-07,0
2021-07-06,4,7720,2021-10-07,0
2021-07-07,1,7721,2021-10-07,0
2021-07-08,1,7722,2021-10-07,0
2021-07-09,0,7722,2021-10-07,0
2021-07-10,1,7723,2021-10-07,0
2021-07-11,3,7726,2021-10-07,0
2021-07-12,1,7727,2021-10-07,0
2021-07-13,2,7729,2021-10-07,0
2021-07-14,2,7731,2021-10-07,0
2021-07-15,2,7733,2021-10-07,0
2021-07-16,1,7734,2021-10-07,0
2021-07-17,1,7735,2021-10-07,0
2021-07-18,0,7735,2021-10-07,0
2021-07-19,0,7735,2021-10-07,0
2021-07-20,2,7737,2021-10-07,0
2021-07-21,2,7739,2021-10-07,0
2021-07-22,2,7741,2021-10-07,0
2021-07-23,3,7744,2021-10-07,0
2021-07-24,0,7744,2021-10-07,0
2021-07-25,2,7746,2021-10-07,0
2021-07-26,1,7747,2021-10-07,0
2021-07-27,2,7749,2021-10-07,0
2021-07-28,3,7752,2021-10-07,0
2021-07-29,2,7754,2021-10-07,0
2021-07-30,5,7759,2021-10-07,0
2021-07-31,4,7763,2021-10-07,0
2021-08-01,1,7764,2021-10-07,0
2021-08-02,3,7767,2021-10-07,0
2021-08-03,2,7769,2021-10-07,0
2021-08-04,3,7772,2021-10-07,0
2021-08-05,2,7774,2021-10-07,0
2021-08-06,7,7781,2021-10-07,0
2021-08-07,3,7784,2021-10-07,0
2021-08-08,2,7786,2021-10-07,0
2021-08-09,3,7789,2021-10-07,0
2021-08-10,2,7791,2021-10-07,0
2021-08-11,2,7793,2021-10-07,0
2021-08-12,7,7800,2021-10-07,0
2021-08-13,5,7805,2021-10-07,0
2021-08-14,6,7811,2021-10-07,0
2021-08-15,0,7811,2021-10-07,0
2021-08-16,7,7818,2021-10-07,0
2021-08-17,7,7825,2021-10-07,0
2021-08-18,9,7834,2021-10-07,0
2021-08-19,2,7836,2021-10-07,0
2021-08-20,3,7839,2021-10-07,0
2021-08-21,5,7844,2021-10-07,0
2021-08-22,7,7851,2021-10-07,0
2021-08-23,5,7856,2021-10-07,0
2021-08-24,12,7868,2021-10-07,0
2021-08-25,7,7875,2021-10-07,0
2021-08-26,2,7877,2021-10-07,0
2021-08-27,6,7883,2021-10-07,0
2021-08-28,10,7893,2021-10-07,0
2021-08-29,11,7904,2021-10-07,0
2021-08-30,8,7912,2021-10-07,0
2021-08-31,6,7918,2021-10-07,0
2021-09-01,6,7924,2021-10-07,0
2021-09-02,6,7930,2021-10-07,0
2021-09-03,9,7939,2021-10-07,0
2021-09-04,8,7947,2021-10-07,0
2021-09-05,10,7957,2021-10-07,0
2021-09-06,7,7964,2021-10-07,0
2021-09-07,7,7971,2021-10-07,0
2021-09-08,9,7980,2021-10-07,0
2021-09-09,4,7984,2021-10-07,0
2021-09-10,9,7993,2021-10-07,0
2021-09-11,17,8010,2021-10-07,0
2021-09-12,10,8020,2021-10-07,0
2021-09-13,7,8027,2021-10-07,0
2021-09-14,10,8037,2021-10-07,0
2021-09-15,13,8050,2021-10-07,0
2021-09-16,14,8064,2021-10-07,0
2021-09-17,8,8072,2021-10-07,0
2021-09-18,12,8084,2021-10-07,0
2021-09-19,11,8095,2021-10-07,0
2021-09-20,15,8110,2021-10-07,1
2021-09-21,14,8124,2021-10-07,2
2021-09-22,15,8139,2021-10-07,1
2021-09-23,12,8151,2021-10-07,1
2021-09-24,12,8163,2021-10-07,0
2021-09-25,15,8178,2021-10-07,1
2021-09-26,13,8191,2021-10-07,0
2021-09-27,12,8203,2021-10-07,1
2021-09-28,7,8210,2021-10-07,1
2021-09-29,18,8228,2021-10-07,3
2021-09-30,14,8242,2021-10-07,2
2021-10-01,5,8247,2021-10-07,1
2021-10-02,7,8254,2021-10-07,3
2021-10-03,15,8269,2021-10-07,8
2021-10-04,4,8273,2021-10-07,4
2021-10-05,2,8275,2021-10-07,2
NA,0,8275,2021-10-07,0
2020-03-19,1,1,2021-10-08,0
2020-03-20,0,1,2021-10-08,0
2020-03-21,0,1,2021-10-08,0
2020-03-22,0,1,2021-10-08,0
2020-03-23,0,1,2021-10-08,0
2020-03-24,1,2,2021-10-08,0
2020-03-25,1,3,2021-10-08,0
2020-03-26,1,4,2021-10-08,0
2020-03-27,5,9,2021-10-08,0
2020-03-28,3,12,2021-10-08,0
2020-03-29,0,12,2021-10-08,0
2020-03-30,5,17,2021-10-08,0
2020-03-31,2,19,2021-10-08,0
2020-04-01,5,24,2021-10-08,0
2020-04-02,3,27,2021-10-08,0
2020-04-03,1,28,2021-10-08,0
2020-04-04,5,33,2021-10-08,0
2020-04-05,5,38,2021-10-08,0
2020-04-06,10,48,2021-10-08,0
2020-04-07,6,54,2021-10-08,0
2020-04-08,7,61,2021-10-08,0
2020-04-09,8,69,2021-10-08,0
2020-04-10,6,75,2021-10-08,0
2020-04-11,4,79,2021-10-08,0
2020-04-12,4,83,2021-10-08,0
2020-04-13,10,93,2021-10-08,0
2020-04-14,6,99,2021-10-08,0
2020-04-15,17,116,2021-10-08,0
2020-04-16,10,126,2021-10-08,0
2020-04-17,17,143,2021-10-08,0
2020-04-18,17,160,2021-10-08,0
2020-04-19,16,176,2021-10-08,0
2020-04-20,21,197,2021-10-08,0
2020-04-21,26,223,2021-10-08,0
2020-04-22,21,244,2021-10-08,0
2020-04-23,19,263,2021-10-08,0
2020-04-24,23,286,2021-10-08,0
2020-04-25,18,304,2021-10-08,0
2020-04-26,17,321,2021-10-08,0
2020-04-27,21,342,2021-10-08,0
2020-04-28,16,358,2021-10-08,0
2020-04-29,29,387,2021-10-08,0
2020-04-30,18,405,2021-10-08,0
2020-05-01,30,435,2021-10-08,0
2020-05-02,19,454,2021-10-08,0
2020-05-03,29,483,2021-10-08,0
2020-05-04,23,506,2021-10-08,0
2020-05-05,19,525,2021-10-08,0
2020-05-06,25,550,2021-10-08,0
2020-05-07,30,580,2021-10-08,0
2020-05-08,20,600,2021-10-08,0
2020-05-09,26,626,2021-10-08,0
2020-05-10,19,645,2021-10-08,0
2020-05-11,25,670,2021-10-08,0
2020-05-12,20,690,2021-10-08,0
2020-05-13,22,712,2021-10-08,0
2020-05-14,20,732,2021-10-08,0
2020-05-15,20,752,2021-10-08,0
2020-05-16,20,772,2021-10-08,0
2020-05-17,23,795,2021-10-08,0
2020-05-18,18,813,2021-10-08,0
2020-05-19,35,848,2021-10-08,0
2020-05-20,24,872,2021-10-08,0
2020-05-21,17,889,2021-10-08,0
2020-05-22,20,909,2021-10-08,0
2020-05-23,26,935,2021-10-08,0
2020-05-24,25,960,2021-10-08,0
2020-05-25,30,990,2021-10-08,0
2020-05-26,29,1019,2021-10-08,0
2020-05-27,25,1044,2021-10-08,0
2020-05-28,21,1065,2021-10-08,0
2020-05-29,17,1082,2021-10-08,0
2020-05-30,11,1093,2021-10-08,0
2020-05-31,20,1113,2021-10-08,0
2020-06-01,23,1136,2021-10-08,0
2020-06-02,21,1157,2021-10-08,0
2020-06-03,25,1182,2021-10-08,0
2020-06-04,26,1208,2021-10-08,0
2020-06-05,18,1226,2021-10-08,0
2020-06-06,12,1238,2021-10-08,0
2020-06-07,22,1260,2021-10-08,0
2020-06-08,12,1272,2021-10-08,0
2020-06-09,13,1285,2021-10-08,0
2020-06-10,10,1295,2021-10-08,0
2020-06-11,12,1307,2021-10-08,0
2020-06-12,11,1318,2021-10-08,0
2020-06-13,13,1331,2021-10-08,0
2020-06-14,11,1342,2021-10-08,0
2020-06-15,8,1350,2021-10-08,0
2020-06-16,9,1359,2021-10-08,0
2020-06-17,17,1376,2021-10-08,0
2020-06-18,9,1385,2021-10-08,0
2020-06-19,8,1393,2021-10-08,0
2020-06-20,12,1405,2021-10-08,0
2020-06-21,11,1416,2021-10-08,0
2020-06-22,6,1422,2021-10-08,0
2020-06-23,10,1432,2021-10-08,0
2020-06-24,1,1433,2021-10-08,0
2020-06-25,9,1442,2021-10-08,0
2020-06-26,6,1448,2021-10-08,0
2020-06-27,5,1453,2021-10-08,0
2020-06-28,11,1464,2021-10-08,0
2020-06-29,7,1471,2021-10-08,0
2020-06-30,9,1480,2021-10-08,0
2020-07-01,2,1482,2021-10-08,0
2020-07-02,3,1485,2021-10-08,0
2020-07-03,5,1490,2021-10-08,0
2020-07-04,4,1494,2021-10-08,0
2020-07-05,6,1500,2021-10-08,0
2020-07-06,4,1504,2021-10-08,0
2020-07-07,2,1506,2021-10-08,0
2020-07-08,9,1515,2021-10-08,0
2020-07-09,4,1519,2021-10-08,0
2020-07-10,3,1522,2021-10-08,0
2020-07-11,4,1526,2021-10-08,0
2020-07-12,6,1532,2021-10-08,0
2020-07-13,2,1534,2021-10-08,0
2020-07-14,6,1540,2021-10-08,0
2020-07-15,7,1547,2021-10-08,0
2020-07-16,3,1550,2021-10-08,0
2020-07-17,7,1557,2021-10-08,0
2020-07-18,6,1563,2021-10-08,0
2020-07-19,5,1568,2021-10-08,0
2020-07-20,3,1571,2021-10-08,0
2020-07-21,6,1577,2021-10-08,0
2020-07-22,5,1582,2021-10-08,0
2020-07-23,8,1590,2021-10-08,0
2020-07-24,6,1596,2021-10-08,0
2020-07-25,2,1598,2021-10-08,0
2020-07-26,5,1603,2021-10-08,0
2020-07-27,5,1608,2021-10-08,0
2020-07-28,7,1615,2021-10-08,0
2020-07-29,3,1618,2021-10-08,0
2020-07-30,6,1624,2021-10-08,0
2020-07-31,9,1633,2021-10-08,0
2020-08-01,4,1637,2021-10-08,0
2020-08-02,7,1644,2021-10-08,0
2020-08-03,4,1648,2021-10-08,0
2020-08-04,7,1655,2021-10-08,0
2020-08-05,8,1663,2021-10-08,0
2020-08-06,9,1672,2021-10-08,0
2020-08-07,7,1679,2021-10-08,0
2020-08-08,6,1685,2021-10-08,0
2020-08-09,10,1695,2021-10-08,0
2020-08-10,3,1698,2021-10-08,0
2020-08-11,9,1707,2021-10-08,0
2020-08-12,7,1714,2021-10-08,0
2020-08-13,5,1719,2021-10-08,0
2020-08-14,9,1728,2021-10-08,0
2020-08-15,13,1741,2021-10-08,0
2020-08-16,13,1754,2021-10-08,0
2020-08-17,6,1760,2021-10-08,0
2020-08-18,11,1771,2021-10-08,0
2020-08-19,3,1774,2021-10-08,0
2020-08-20,10,1784,2021-10-08,0
2020-08-21,12,1796,2021-10-08,0
2020-08-22,9,1805,2021-10-08,0
2020-08-23,7,1812,2021-10-08,0
2020-08-24,9,1821,2021-10-08,0
2020-08-25,4,1825,2021-10-08,0
2020-08-26,3,1828,2021-10-08,0
2020-08-27,7,1835,2021-10-08,0
2020-08-28,6,1841,2021-10-08,0
2020-08-29,3,1844,2021-10-08,0
2020-08-30,5,1849,2021-10-08,0
2020-08-31,9,1858,2021-10-08,0
2020-09-01,2,1860,2021-10-08,0
2020-09-02,7,1867,2021-10-08,0
2020-09-03,12,1879,2021-10-08,0
2020-09-04,4,1883,2021-10-08,0
2020-09-05,6,1889,2021-10-08,0
2020-09-06,12,1901,2021-10-08,0
2020-09-07,3,1904,2021-10-08,0
2020-09-08,6,1910,2021-10-08,0
2020-09-09,10,1920,2021-10-08,0
2020-09-10,9,1929,2021-10-08,0
2020-09-11,11,1940,2021-10-08,0
2020-09-12,8,1948,2021-10-08,0
2020-09-13,8,1956,2021-10-08,0
2020-09-14,2,1958,2021-10-08,0
2020-09-15,7,1965,2021-10-08,0
2020-09-16,9,1974,2021-10-08,0
2020-09-17,5,1979,2021-10-08,0
2020-09-18,6,1985,2021-10-08,0
2020-09-19,4,1989,2021-10-08,0
2020-09-20,9,1998,2021-10-08,0
2020-09-21,7,2005,2021-10-08,0
2020-09-22,8,2013,2021-10-08,0
2020-09-23,9,2022,2021-10-08,0
2020-09-24,8,2030,2021-10-08,0
2020-09-25,11,2041,2021-10-08,0
2020-09-26,9,2050,2021-10-08,0
2020-09-27,14,2064,2021-10-08,0
2020-09-28,11,2075,2021-10-08,0
2020-09-29,5,2080,2021-10-08,0
2020-09-30,16,2096,2021-10-08,0
2020-10-01,7,2103,2021-10-08,0
2020-10-02,13,2116,2021-10-08,0
2020-10-03,9,2125,2021-10-08,0
2020-10-04,7,2132,2021-10-08,0
2020-10-05,10,2142,2021-10-08,0
2020-10-06,13,2155,2021-10-08,0
2020-10-07,19,2174,2021-10-08,0
2020-10-08,9,2183,2021-10-08,0
2020-10-09,17,2200,2021-10-08,0
2020-10-10,16,2216,2021-10-08,0
2020-10-11,16,2232,2021-10-08,0
2020-10-12,20,2252,2021-10-08,0
2020-10-13,14,2266,2021-10-08,0
2020-10-14,10,2276,2021-10-08,0
2020-10-15,9,2285,2021-10-08,0
2020-10-16,12,2297,2021-10-08,0
2020-10-17,18,2315,2021-10-08,0
2020-10-18,25,2340,2021-10-08,0
2020-10-19,18,2358,2021-10-08,0
2020-10-20,15,2373,2021-10-08,0
2020-10-21,24,2397,2021-10-08,0
2020-10-22,18,2415,2021-10-08,0
2020-10-23,19,2434,2021-10-08,0
2020-10-24,8,2442,2021-10-08,0
2020-10-25,17,2459,2021-10-08,0
2020-10-26,25,2484,2021-10-08,0
2020-10-27,23,2507,2021-10-08,0
2020-10-28,29,2536,2021-10-08,0
2020-10-29,18,2554,2021-10-08,0
2020-10-30,27,2581,2021-10-08,0
2020-10-31,25,2606,2021-10-08,0
2020-11-01,21,2627,2021-10-08,0
2020-11-02,25,2652,2021-10-08,0
2020-11-03,25,2677,2021-10-08,0
2020-11-04,33,2710,2021-10-08,0
2020-11-05,38,2748,2021-10-08,0
2020-11-06,39,2787,2021-10-08,0
2020-11-07,42,2829,2021-10-08,0
2020-11-08,47,2876,2021-10-08,0
2020-11-09,36,2912,2021-10-08,0
2020-11-10,35,2947,2021-10-08,0
2020-11-11,43,2990,2021-10-08,0
2020-11-12,45,3035,2021-10-08,0
2020-11-13,40,3075,2021-10-08,0
2020-11-14,47,3122,2021-10-08,0
2020-11-15,46,3168,2021-10-08,0
2020-11-16,62,3230,2021-10-08,0
2020-11-17,56,3286,2021-10-08,0
2020-11-18,61,3347,2021-10-08,0
2020-11-19,60,3407,2021-10-08,0
2020-11-20,63,3470,2021-10-08,0
2020-11-21,58,3528,2021-10-08,0
2020-11-22,67,3595,2021-10-08,0
2020-11-23,59,3654,2021-10-08,0
2020-11-24,69,3723,2021-10-08,0
2020-11-25,72,3795,2021-10-08,0
2020-11-26,54,3849,2021-10-08,0
2020-11-27,69,3918,2021-10-08,0
2020-11-28,62,3980,2021-10-08,0
2020-11-29,68,4048,2021-10-08,0
2020-11-30,61,4109,2021-10-08,0
2020-12-01,64,4173,2021-10-08,0
2020-12-02,73,4246,2021-10-08,0
2020-12-03,86,4332,2021-10-08,0
2020-12-04,67,4399,2021-10-08,0
2020-12-05,74,4473,2021-10-08,0
2020-12-06,80,4553,2021-10-08,0
2020-12-07,75,4628,2021-10-08,0
2020-12-08,61,4689,2021-10-08,0
2020-12-09,71,4760,2021-10-08,0
2020-12-10,72,4832,2021-10-08,0
2020-12-11,71,4903,2021-10-08,0
2020-12-12,72,4975,2021-10-08,0
2020-12-13,56,5031,2021-10-08,0
2020-12-14,43,5074,2021-10-08,0
2020-12-15,65,5139,2021-10-08,0
2020-12-16,73,5212,2021-10-08,0
2020-12-17,60,5272,2021-10-08,0
2020-12-18,59,5331,2021-10-08,0
2020-12-19,56,5387,2021-10-08,0
2020-12-20,60,5447,2021-10-08,0
2020-12-21,58,5505,2021-10-08,0
2020-12-22,33,5538,2021-10-08,0
2020-12-23,46,5584,2021-10-08,0
2020-12-24,50,5634,2021-10-08,0
2020-12-25,36,5670,2021-10-08,0
2020-12-26,43,5713,2021-10-08,0
2020-12-27,41,5754,2021-10-08,0
2020-12-28,34,5788,2021-10-08,0
2020-12-29,37,5825,2021-10-08,0
2020-12-30,47,5872,2021-10-08,0
2020-12-31,36,5908,2021-10-08,0
2021-01-01,28,5936,2021-10-08,0
2021-01-02,47,5983,2021-10-08,0
2021-01-03,37,6020,2021-10-08,0
2021-01-04,32,6052,2021-10-08,0
2021-01-05,40,6092,2021-10-08,0
2021-01-06,32,6124,2021-10-08,0
2021-01-07,37,6161,2021-10-08,0
2021-01-08,32,6193,2021-10-08,0
2021-01-09,26,6219,2021-10-08,0
2021-01-10,29,6248,2021-10-08,0
2021-01-11,26,6274,2021-10-08,0
2021-01-12,32,6306,2021-10-08,0
2021-01-13,23,6329,2021-10-08,0
2021-01-14,41,6370,2021-10-08,0
2021-01-15,26,6396,2021-10-08,0
2021-01-16,30,6426,2021-10-08,0
2021-01-17,21,6447,2021-10-08,0
2021-01-18,19,6466,2021-10-08,0
2021-01-19,14,6480,2021-10-08,0
2021-01-20,26,6506,2021-10-08,0
2021-01-21,16,6522,2021-10-08,0
2021-01-22,13,6535,2021-10-08,0
2021-01-23,17,6552,2021-10-08,0
2021-01-24,24,6576,2021-10-08,0
2021-01-25,19,6595,2021-10-08,0
2021-01-26,21,6616,2021-10-08,0
2021-01-27,11,6627,2021-10-08,0
2021-01-28,12,6639,2021-10-08,0
2021-01-29,15,6654,2021-10-08,0
2021-01-30,13,6667,2021-10-08,0
2021-01-31,16,6683,2021-10-08,0
2021-02-01,17,6700,2021-10-08,0
2021-02-02,10,6710,2021-10-08,0
2021-02-03,11,6721,2021-10-08,0
2021-02-04,11,6732,2021-10-08,0
2021-02-05,12,6744,2021-10-08,0
2021-02-06,12,6756,2021-10-08,0
2021-02-07,19,6775,2021-10-08,0
2021-02-08,11,6786,2021-10-08,0
2021-02-09,15,6801,2021-10-08,0
2021-02-10,13,6814,2021-10-08,0
2021-02-11,7,6821,2021-10-08,0
2021-02-12,13,6834,2021-10-08,0
2021-02-13,8,6842,2021-10-08,0
2021-02-14,10,6852,2021-10-08,0
2021-02-15,9,6861,2021-10-08,0
2021-02-16,12,6873,2021-10-08,0
2021-02-17,10,6883,2021-10-08,0
2021-02-18,7,6890,2021-10-08,0
2021-02-19,6,6896,2021-10-08,0
2021-02-20,7,6903,2021-10-08,0
2021-02-21,4,6907,2021-10-08,0
2021-02-22,5,6912,2021-10-08,0
2021-02-23,9,6921,2021-10-08,0
2021-02-24,5,6926,2021-10-08,0
2021-02-25,5,6931,2021-10-08,0
2021-02-26,7,6938,2021-10-08,0
2021-02-27,6,6944,2021-10-08,0
2021-02-28,8,6952,2021-10-08,0
2021-03-01,7,6959,2021-10-08,0
2021-03-02,3,6962,2021-10-08,0
2021-03-03,10,6972,2021-10-08,0
2021-03-04,6,6978,2021-10-08,0
2021-03-05,10,6988,2021-10-08,0
2021-03-06,5,6993,2021-10-08,0
2021-03-07,9,7002,2021-10-08,0
2021-03-08,5,7007,2021-10-08,0
2021-03-09,7,7014,2021-10-08,0
2021-03-10,5,7019,2021-10-08,0
2021-03-11,4,7023,2021-10-08,0
2021-03-12,11,7034,2021-10-08,0
2021-03-13,5,7039,2021-10-08,0
2021-03-14,5,7044,2021-10-08,0
2021-03-15,2,7046,2021-10-08,0
2021-03-16,6,7052,2021-10-08,0
2021-03-17,4,7056,2021-10-08,0
2021-03-18,5,7061,2021-10-08,0
2021-03-19,5,7066,2021-10-08,0
2021-03-20,9,7075,2021-10-08,0
2021-03-21,5,7080,2021-10-08,0
2021-03-22,4,7084,2021-10-08,0
2021-03-23,5,7089,2021-10-08,0
2021-03-24,1,7090,2021-10-08,0
2021-03-25,5,7095,2021-10-08,0
2021-03-26,3,7098,2021-10-08,0
2021-03-27,7,7105,2021-10-08,0
2021-03-28,6,7111,2021-10-08,0
2021-03-29,5,7116,2021-10-08,0
2021-03-30,6,7122,2021-10-08,0
2021-03-31,8,7130,2021-10-08,0
2021-04-01,6,7136,2021-10-08,0
2021-04-02,9,7145,2021-10-08,0
2021-04-03,8,7153,2021-10-08,0
2021-04-04,6,7159,2021-10-08,0
2021-04-05,8,7167,2021-10-08,0
2021-04-06,6,7173,2021-10-08,0
2021-04-07,6,7179,2021-10-08,0
2021-04-08,10,7189,2021-10-08,0
2021-04-09,7,7196,2021-10-08,0
2021-04-10,7,7203,2021-10-08,0
2021-04-11,8,7211,2021-10-08,0
2021-04-12,10,7221,2021-10-08,0
2021-04-13,7,7228,2021-10-08,0
2021-04-14,8,7236,2021-10-08,0
2021-04-15,14,7250,2021-10-08,0
2021-04-16,8,7258,2021-10-08,0
2021-04-17,8,7266,2021-10-08,0
2021-04-18,8,7274,2021-10-08,0
2021-04-19,10,7284,2021-10-08,0
2021-04-20,5,7289,2021-10-08,0
2021-04-21,8,7297,2021-10-08,0
2021-04-22,1,7298,2021-10-08,0
2021-04-23,15,7313,2021-10-08,0
2021-04-24,11,7324,2021-10-08,0
2021-04-25,15,7339,2021-10-08,0
2021-04-26,14,7353,2021-10-08,0
2021-04-27,7,7360,2021-10-08,0
2021-04-28,14,7374,2021-10-08,0
2021-04-29,8,7382,2021-10-08,0
2021-04-30,11,7393,2021-10-08,0
2021-05-01,7,7400,2021-10-08,0
2021-05-02,8,7408,2021-10-08,0
2021-05-03,5,7413,2021-10-08,0
2021-05-04,13,7426,2021-10-08,0
2021-05-05,8,7434,2021-10-08,0
2021-05-06,5,7439,2021-10-08,0
2021-05-07,8,7447,2021-10-08,0
2021-05-08,7,7454,2021-10-08,0
2021-05-09,9,7463,2021-10-08,0
2021-05-10,8,7471,2021-10-08,0
2021-05-11,6,7477,2021-10-08,0
2021-05-12,9,7486,2021-10-08,0
2021-05-13,9,7495,2021-10-08,0
2021-05-14,11,7506,2021-10-08,0
2021-05-15,9,7515,2021-10-08,0
2021-05-16,6,7521,2021-10-08,0
2021-05-17,5,7526,2021-10-08,0
2021-05-18,7,7533,2021-10-08,0
2021-05-19,2,7535,2021-10-08,0
2021-05-20,5,7540,2021-10-08,0
2021-05-21,7,7547,2021-10-08,0
2021-05-22,11,7558,2021-10-08,0
2021-05-23,5,7563,2021-10-08,0
2021-05-24,5,7568,2021-10-08,0
2021-05-25,6,7574,2021-10-08,0
2021-05-26,3,7577,2021-10-08,0
2021-05-27,7,7584,2021-10-08,0
2021-05-28,2,7586,2021-10-08,0
2021-05-29,6,7592,2021-10-08,0
2021-05-30,4,7596,2021-10-08,0
2021-05-31,3,7599,2021-10-08,0
2021-06-01,5,7604,2021-10-08,0
2021-06-02,8,7612,2021-10-08,0
2021-06-03,4,7616,2021-10-08,0
2021-06-04,4,7620,2021-10-08,0
2021-06-05,2,7622,2021-10-08,0
2021-06-06,5,7627,2021-10-08,0
2021-06-07,3,7630,2021-10-08,0
2021-06-08,5,7635,2021-10-08,0
2021-06-09,4,7639,2021-10-08,0
2021-06-10,6,7645,2021-10-08,0
2021-06-11,6,7651,2021-10-08,0
2021-06-12,4,7655,2021-10-08,0
2021-06-13,4,7659,2021-10-08,0
2021-06-14,3,7662,2021-10-08,0
2021-06-15,2,7664,2021-10-08,0
2021-06-16,2,7666,2021-10-08,0
2021-06-17,4,7670,2021-10-08,0
2021-06-18,1,7671,2021-10-08,0
2021-06-19,6,7677,2021-10-08,0
2021-06-20,1,7678,2021-10-08,0
2021-06-21,5,7683,2021-10-08,0
2021-06-22,3,7686,2021-10-08,0
2021-06-23,4,7690,2021-10-08,0
2021-06-24,3,7693,2021-10-08,0
2021-06-25,3,7696,2021-10-08,0
2021-06-26,4,7700,2021-10-08,0
2021-06-27,2,7702,2021-10-08,0
2021-06-28,2,7704,2021-10-08,0
2021-06-29,2,7706,2021-10-08,0
2021-06-30,2,7708,2021-10-08,0
2021-07-01,0,7708,2021-10-08,0
2021-07-02,2,7710,2021-10-08,0
2021-07-03,2,7712,2021-10-08,0
2021-07-04,3,7715,2021-10-08,0
2021-07-05,1,7716,2021-10-08,0
2021-07-06,4,7720,2021-10-08,0
2021-07-07,1,7721,2021-10-08,0
2021-07-08,1,7722,2021-10-08,0
2021-07-09,0,7722,2021-10-08,0
2021-07-10,1,7723,2021-10-08,0
2021-07-11,3,7726,2021-10-08,0
2021-07-12,1,7727,2021-10-08,0
2021-07-13,2,7729,2021-10-08,0
2021-07-14,2,7731,2021-10-08,0
2021-07-15,2,7733,2021-10-08,0
2021-07-16,1,7734,2021-10-08,0
2021-07-17,1,7735,2021-10-08,0
2021-07-18,0,7735,2021-10-08,0
2021-07-19,0,7735,2021-10-08,0
2021-07-20,2,7737,2021-10-08,0
2021-07-21,2,7739,2021-10-08,0
2021-07-22,2,7741,2021-10-08,0
2021-07-23,3,7744,2021-10-08,0
2021-07-24,0,7744,2021-10-08,0
2021-07-25,2,7746,2021-10-08,0
2021-07-26,1,7747,2021-10-08,0
2021-07-27,2,7749,2021-10-08,0
2021-07-28,3,7752,2021-10-08,0
2021-07-29,2,7754,2021-10-08,0
2021-07-30,5,7759,2021-10-08,0
2021-07-31,4,7763,2021-10-08,0
2021-08-01,1,7764,2021-10-08,0
2021-08-02,3,7767,2021-10-08,0
2021-08-03,2,7769,2021-10-08,0
2021-08-04,3,7772,2021-10-08,0
2021-08-05,2,7774,2021-10-08,0
2021-08-06,7,7781,2021-10-08,0
2021-08-07,3,7784,2021-10-08,0
2021-08-08,2,7786,2021-10-08,0
2021-08-09,3,7789,2021-10-08,0
2021-08-10,2,7791,2021-10-08,0
2021-08-11,2,7793,2021-10-08,0
2021-08-12,7,7800,2021-10-08,0
2021-08-13,5,7805,2021-10-08,0
2021-08-14,6,7811,2021-10-08,0
2021-08-15,0,7811,2021-10-08,0
2021-08-16,7,7818,2021-10-08,0
2021-08-17,7,7825,2021-10-08,0
2021-08-18,9,7834,2021-10-08,0
2021-08-19,2,7836,2021-10-08,0
2021-08-20,3,7839,2021-10-08,0
2021-08-21,5,7844,2021-10-08,0
2021-08-22,7,7851,2021-10-08,0
2021-08-23,5,7856,2021-10-08,0
2021-08-24,12,7868,2021-10-08,0
2021-08-25,7,7875,2021-10-08,0
2021-08-26,2,7877,2021-10-08,0
2021-08-27,6,7883,2021-10-08,0
2021-08-28,10,7893,2021-10-08,0
2021-08-29,11,7904,2021-10-08,0
2021-08-30,8,7912,2021-10-08,0
2021-08-31,6,7918,2021-10-08,0
2021-09-01,6,7924,2021-10-08,0
2021-09-02,6,7930,2021-10-08,0
2021-09-03,9,7939,2021-10-08,0
2021-09-04,8,7947,2021-10-08,0
2021-09-05,10,7957,2021-10-08,0
2021-09-06,7,7964,2021-10-08,0
2021-09-07,7,7971,2021-10-08,0
2021-09-08,9,7980,2021-10-08,0
2021-09-09,4,7984,2021-10-08,0
2021-09-10,9,7993,2021-10-08,0
2021-09-11,17,8010,2021-10-08,0
2021-09-12,10,8020,2021-10-08,0
2021-09-13,7,8027,2021-10-08,0
2021-09-14,11,8038,2021-10-08,1
2021-09-15,13,8051,2021-10-08,0
2021-09-16,14,8065,2021-10-08,0
2021-09-17,8,8073,2021-10-08,0
2021-09-18,12,8085,2021-10-08,0
2021-09-19,11,8096,2021-10-08,0
2021-09-20,15,8111,2021-10-08,0
2021-09-21,14,8125,2021-10-08,0
2021-09-22,15,8140,2021-10-08,0
2021-09-23,12,8152,2021-10-08,0
2021-09-24,12,8164,2021-10-08,0
2021-09-25,15,8179,2021-10-08,0
2021-09-26,13,8192,2021-10-08,0
2021-09-27,12,8204,2021-10-08,0
2021-09-28,7,8211,2021-10-08,0
2021-09-29,18,8229,2021-10-08,0
2021-09-30,17,8246,2021-10-08,3
2021-10-01,7,8253,2021-10-08,2
2021-10-02,8,8261,2021-10-08,1
2021-10-03,17,8278,2021-10-08,2
2021-10-04,6,8284,2021-10-08,2
2021-10-05,10,8294,2021-10-08,8
2021-10-06,1,8295,2021-10-08,1
NA,0,8295,2021-10-08,0
2020-03-19,1,1,2021-10-11,0
2020-03-20,0,1,2021-10-11,0
2020-03-21,0,1,2021-10-11,0
2020-03-22,0,1,2021-10-11,0
2020-03-23,0,1,2021-10-11,0
2020-03-24,1,2,2021-10-11,0
2020-03-25,1,3,2021-10-11,0
2020-03-26,1,4,2021-10-11,0
2020-03-27,5,9,2021-10-11,0
2020-03-28,3,12,2021-10-11,0
2020-03-29,0,12,2021-10-11,0
2020-03-30,5,17,2021-10-11,0
2020-03-31,2,19,2021-10-11,0
2020-04-01,5,24,2021-10-11,0
2020-04-02,3,27,2021-10-11,0
2020-04-03,1,28,2021-10-11,0
2020-04-04,5,33,2021-10-11,0
2020-04-05,5,38,2021-10-11,0
2020-04-06,10,48,2021-10-11,0
2020-04-07,6,54,2021-10-11,0
2020-04-08,7,61,2021-10-11,0
2020-04-09,8,69,2021-10-11,0
2020-04-10,6,75,2021-10-11,0
2020-04-11,4,79,2021-10-11,0
2020-04-12,4,83,2021-10-11,0
2020-04-13,10,93,2021-10-11,0
2020-04-14,6,99,2021-10-11,0
2020-04-15,17,116,2021-10-11,0
2020-04-16,10,126,2021-10-11,0
2020-04-17,17,143,2021-10-11,0
2020-04-18,17,160,2021-10-11,0
2020-04-19,16,176,2021-10-11,0
2020-04-20,21,197,2021-10-11,0
2020-04-21,26,223,2021-10-11,0
2020-04-22,21,244,2021-10-11,0
2020-04-23,19,263,2021-10-11,0
2020-04-24,23,286,2021-10-11,0
2020-04-25,18,304,2021-10-11,0
2020-04-26,17,321,2021-10-11,0
2020-04-27,21,342,2021-10-11,0
2020-04-28,16,358,2021-10-11,0
2020-04-29,29,387,2021-10-11,0
2020-04-30,18,405,2021-10-11,0
2020-05-01,30,435,2021-10-11,0
2020-05-02,19,454,2021-10-11,0
2020-05-03,29,483,2021-10-11,0
2020-05-04,23,506,2021-10-11,0
2020-05-05,19,525,2021-10-11,0
2020-05-06,25,550,2021-10-11,0
2020-05-07,30,580,2021-10-11,0
2020-05-08,20,600,2021-10-11,0
2020-05-09,26,626,2021-10-11,0
2020-05-10,19,645,2021-10-11,0
2020-05-11,25,670,2021-10-11,0
2020-05-12,20,690,2021-10-11,0
2020-05-13,22,712,2021-10-11,0
2020-05-14,20,732,2021-10-11,0
2020-05-15,20,752,2021-10-11,0
2020-05-16,20,772,2021-10-11,0
2020-05-17,23,795,2021-10-11,0
2020-05-18,18,813,2021-10-11,0
2020-05-19,35,848,2021-10-11,0
2020-05-20,24,872,2021-10-11,0
2020-05-21,17,889,2021-10-11,0
2020-05-22,20,909,2021-10-11,0
2020-05-23,26,935,2021-10-11,0
2020-05-24,25,960,2021-10-11,0
2020-05-25,30,990,2021-10-11,0
2020-05-26,29,1019,2021-10-11,0
2020-05-27,25,1044,2021-10-11,0
2020-05-28,21,1065,2021-10-11,0
2020-05-29,17,1082,2021-10-11,0
2020-05-30,11,1093,2021-10-11,0
2020-05-31,20,1113,2021-10-11,0
2020-06-01,23,1136,2021-10-11,0
2020-06-02,21,1157,2021-10-11,0
2020-06-03,25,1182,2021-10-11,0
2020-06-04,26,1208,2021-10-11,0
2020-06-05,18,1226,2021-10-11,0
2020-06-06,12,1238,2021-10-11,0
2020-06-07,22,1260,2021-10-11,0
2020-06-08,12,1272,2021-10-11,0
2020-06-09,13,1285,2021-10-11,0
2020-06-10,10,1295,2021-10-11,0
2020-06-11,12,1307,2021-10-11,0
2020-06-12,11,1318,2021-10-11,0
2020-06-13,13,1331,2021-10-11,0
2020-06-14,11,1342,2021-10-11,0
2020-06-15,8,1350,2021-10-11,0
2020-06-16,9,1359,2021-10-11,0
2020-06-17,17,1376,2021-10-11,0
2020-06-18,9,1385,2021-10-11,0
2020-06-19,8,1393,2021-10-11,0
2020-06-20,12,1405,2021-10-11,0
2020-06-21,11,1416,2021-10-11,0
2020-06-22,6,1422,2021-10-11,0
2020-06-23,10,1432,2021-10-11,0
2020-06-24,1,1433,2021-10-11,0
2020-06-25,9,1442,2021-10-11,0
2020-06-26,6,1448,2021-10-11,0
2020-06-27,5,1453,2021-10-11,0
2020-06-28,11,1464,2021-10-11,0
2020-06-29,7,1471,2021-10-11,0
2020-06-30,9,1480,2021-10-11,0
2020-07-01,2,1482,2021-10-11,0
2020-07-02,3,1485,2021-10-11,0
2020-07-03,5,1490,2021-10-11,0
2020-07-04,4,1494,2021-10-11,0
2020-07-05,6,1500,2021-10-11,0
2020-07-06,4,1504,2021-10-11,0
2020-07-07,2,1506,2021-10-11,0
2020-07-08,9,1515,2021-10-11,0
2020-07-09,4,1519,2021-10-11,0
2020-07-10,3,1522,2021-10-11,0
2020-07-11,4,1526,2021-10-11,0
2020-07-12,6,1532,2021-10-11,0
2020-07-13,2,1534,2021-10-11,0
2020-07-14,6,1540,2021-10-11,0
2020-07-15,7,1547,2021-10-11,0
2020-07-16,3,1550,2021-10-11,0
2020-07-17,7,1557,2021-10-11,0
2020-07-18,6,1563,2021-10-11,0
2020-07-19,5,1568,2021-10-11,0
2020-07-20,3,1571,2021-10-11,0
2020-07-21,6,1577,2021-10-11,0
2020-07-22,5,1582,2021-10-11,0
2020-07-23,8,1590,2021-10-11,0
2020-07-24,6,1596,2021-10-11,0
2020-07-25,2,1598,2021-10-11,0
2020-07-26,5,1603,2021-10-11,0
2020-07-27,5,1608,2021-10-11,0
2020-07-28,7,1615,2021-10-11,0
2020-07-29,3,1618,2021-10-11,0
2020-07-30,6,1624,2021-10-11,0
2020-07-31,9,1633,2021-10-11,0
2020-08-01,4,1637,2021-10-11,0
2020-08-02,7,1644,2021-10-11,0
2020-08-03,4,1648,2021-10-11,0
2020-08-04,7,1655,2021-10-11,0
2020-08-05,8,1663,2021-10-11,0
2020-08-06,9,1672,2021-10-11,0
2020-08-07,7,1679,2021-10-11,0
2020-08-08,6,1685,2021-10-11,0
2020-08-09,10,1695,2021-10-11,0
2020-08-10,3,1698,2021-10-11,0
2020-08-11,9,1707,2021-10-11,0
2020-08-12,7,1714,2021-10-11,0
2020-08-13,5,1719,2021-10-11,0
2020-08-14,9,1728,2021-10-11,0
2020-08-15,13,1741,2021-10-11,0
2020-08-16,13,1754,2021-10-11,0
2020-08-17,6,1760,2021-10-11,0
2020-08-18,11,1771,2021-10-11,0
2020-08-19,3,1774,2021-10-11,0
2020-08-20,10,1784,2021-10-11,0
2020-08-21,12,1796,2021-10-11,0
2020-08-22,9,1805,2021-10-11,0
2020-08-23,7,1812,2021-10-11,0
2020-08-24,9,1821,2021-10-11,0
2020-08-25,4,1825,2021-10-11,0
2020-08-26,3,1828,2021-10-11,0
2020-08-27,7,1835,2021-10-11,0
2020-08-28,6,1841,2021-10-11,0
2020-08-29,3,1844,2021-10-11,0
2020-08-30,5,1849,2021-10-11,0
2020-08-31,9,1858,2021-10-11,0
2020-09-01,2,1860,2021-10-11,0
2020-09-02,7,1867,2021-10-11,0
2020-09-03,12,1879,2021-10-11,0
2020-09-04,4,1883,2021-10-11,0
2020-09-05,6,1889,2021-10-11,0
2020-09-06,12,1901,2021-10-11,0
2020-09-07,3,1904,2021-10-11,0
2020-09-08,6,1910,2021-10-11,0
2020-09-09,10,1920,2021-10-11,0
2020-09-10,9,1929,2021-10-11,0
2020-09-11,11,1940,2021-10-11,0
2020-09-12,8,1948,2021-10-11,0
2020-09-13,8,1956,2021-10-11,0
2020-09-14,2,1958,2021-10-11,0
2020-09-15,7,1965,2021-10-11,0
2020-09-16,9,1974,2021-10-11,0
2020-09-17,5,1979,2021-10-11,0
2020-09-18,6,1985,2021-10-11,0
2020-09-19,4,1989,2021-10-11,0
2020-09-20,9,1998,2021-10-11,0
2020-09-21,7,2005,2021-10-11,0
2020-09-22,8,2013,2021-10-11,0
2020-09-23,9,2022,2021-10-11,0
2020-09-24,8,2030,2021-10-11,0
2020-09-25,11,2041,2021-10-11,0
2020-09-26,9,2050,2021-10-11,0
2020-09-27,14,2064,2021-10-11,0
2020-09-28,11,2075,2021-10-11,0
2020-09-29,5,2080,2021-10-11,0
2020-09-30,16,2096,2021-10-11,0
2020-10-01,7,2103,2021-10-11,0
2020-10-02,13,2116,2021-10-11,0
2020-10-03,9,2125,2021-10-11,0
2020-10-04,7,2132,2021-10-11,0
2020-10-05,10,2142,2021-10-11,0
2020-10-06,13,2155,2021-10-11,0
2020-10-07,19,2174,2021-10-11,0
2020-10-08,9,2183,2021-10-11,0
2020-10-09,17,2200,2021-10-11,0
2020-10-10,16,2216,2021-10-11,0
2020-10-11,16,2232,2021-10-11,0
2020-10-12,20,2252,2021-10-11,0
2020-10-13,14,2266,2021-10-11,0
2020-10-14,10,2276,2021-10-11,0
2020-10-15,9,2285,2021-10-11,0
2020-10-16,12,2297,2021-10-11,0
2020-10-17,18,2315,2021-10-11,0
2020-10-18,25,2340,2021-10-11,0
2020-10-19,18,2358,2021-10-11,0
2020-10-20,15,2373,2021-10-11,0
2020-10-21,24,2397,2021-10-11,0
2020-10-22,18,2415,2021-10-11,0
2020-10-23,19,2434,2021-10-11,0
2020-10-24,8,2442,2021-10-11,0
2020-10-25,17,2459,2021-10-11,0
2020-10-26,25,2484,2021-10-11,0
2020-10-27,23,2507,2021-10-11,0
2020-10-28,29,2536,2021-10-11,0
2020-10-29,18,2554,2021-10-11,0
2020-10-30,27,2581,2021-10-11,0
2020-10-31,25,2606,2021-10-11,0
2020-11-01,21,2627,2021-10-11,0
2020-11-02,25,2652,2021-10-11,0
2020-11-03,25,2677,2021-10-11,0
2020-11-04,33,2710,2021-10-11,0
2020-11-05,38,2748,2021-10-11,0
2020-11-06,39,2787,2021-10-11,0
2020-11-07,42,2829,2021-10-11,0
2020-11-08,47,2876,2021-10-11,0
2020-11-09,36,2912,2021-10-11,0
2020-11-10,35,2947,2021-10-11,0
2020-11-11,43,2990,2021-10-11,0
2020-11-12,45,3035,2021-10-11,0
2020-11-13,40,3075,2021-10-11,0
2020-11-14,47,3122,2021-10-11,0
2020-11-15,46,3168,2021-10-11,0
2020-11-16,62,3230,2021-10-11,0
2020-11-17,56,3286,2021-10-11,0
2020-11-18,61,3347,2021-10-11,0
2020-11-19,60,3407,2021-10-11,0
2020-11-20,63,3470,2021-10-11,0
2020-11-21,58,3528,2021-10-11,0
2020-11-22,67,3595,2021-10-11,0
2020-11-23,59,3654,2021-10-11,0
2020-11-24,69,3723,2021-10-11,0
2020-11-25,72,3795,2021-10-11,0
2020-11-26,54,3849,2021-10-11,0
2020-11-27,69,3918,2021-10-11,0
2020-11-28,62,3980,2021-10-11,0
2020-11-29,68,4048,2021-10-11,0
2020-11-30,61,4109,2021-10-11,0
2020-12-01,64,4173,2021-10-11,0
2020-12-02,73,4246,2021-10-11,0
2020-12-03,86,4332,2021-10-11,0
2020-12-04,67,4399,2021-10-11,0
2020-12-05,74,4473,2021-10-11,0
2020-12-06,80,4553,2021-10-11,0
2020-12-07,75,4628,2021-10-11,0
2020-12-08,61,4689,2021-10-11,0
2020-12-09,71,4760,2021-10-11,0
2020-12-10,72,4832,2021-10-11,0
2020-12-11,71,4903,2021-10-11,0
2020-12-12,72,4975,2021-10-11,0
2020-12-13,56,5031,2021-10-11,0
2020-12-14,43,5074,2021-10-11,0
2020-12-15,65,5139,2021-10-11,0
2020-12-16,73,5212,2021-10-11,0
2020-12-17,60,5272,2021-10-11,0
2020-12-18,59,5331,2021-10-11,0
2020-12-19,56,5387,2021-10-11,0
2020-12-20,60,5447,2021-10-11,0
2020-12-21,58,5505,2021-10-11,0
2020-12-22,33,5538,2021-10-11,0
2020-12-23,46,5584,2021-10-11,0
2020-12-24,50,5634,2021-10-11,0
2020-12-25,36,5670,2021-10-11,0
2020-12-26,43,5713,2021-10-11,0
2020-12-27,41,5754,2021-10-11,0
2020-12-28,34,5788,2021-10-11,0
2020-12-29,37,5825,2021-10-11,0
2020-12-30,47,5872,2021-10-11,0
2020-12-31,36,5908,2021-10-11,0
2021-01-01,28,5936,2021-10-11,0
2021-01-02,47,5983,2021-10-11,0
2021-01-03,37,6020,2021-10-11,0
2021-01-04,32,6052,2021-10-11,0
2021-01-05,40,6092,2021-10-11,0
2021-01-06,32,6124,2021-10-11,0
2021-01-07,37,6161,2021-10-11,0
2021-01-08,32,6193,2021-10-11,0
2021-01-09,26,6219,2021-10-11,0
2021-01-10,29,6248,2021-10-11,0
2021-01-11,26,6274,2021-10-11,0
2021-01-12,32,6306,2021-10-11,0
2021-01-13,23,6329,2021-10-11,0
2021-01-14,41,6370,2021-10-11,0
2021-01-15,26,6396,2021-10-11,0
2021-01-16,30,6426,2021-10-11,0
2021-01-17,21,6447,2021-10-11,0
2021-01-18,19,6466,2021-10-11,0
2021-01-19,14,6480,2021-10-11,0
2021-01-20,26,6506,2021-10-11,0
2021-01-21,16,6522,2021-10-11,0
2021-01-22,13,6535,2021-10-11,0
2021-01-23,17,6552,2021-10-11,0
2021-01-24,24,6576,2021-10-11,0
2021-01-25,19,6595,2021-10-11,0
2021-01-26,21,6616,2021-10-11,0
2021-01-27,11,6627,2021-10-11,0
2021-01-28,12,6639,2021-10-11,0
2021-01-29,15,6654,2021-10-11,0
2021-01-30,13,6667,2021-10-11,0
2021-01-31,16,6683,2021-10-11,0
2021-02-01,17,6700,2021-10-11,0
2021-02-02,10,6710,2021-10-11,0
2021-02-03,11,6721,2021-10-11,0
2021-02-04,11,6732,2021-10-11,0
2021-02-05,12,6744,2021-10-11,0
2021-02-06,12,6756,2021-10-11,0
2021-02-07,19,6775,2021-10-11,0
2021-02-08,11,6786,2021-10-11,0
2021-02-09,15,6801,2021-10-11,0
2021-02-10,13,6814,2021-10-11,0
2021-02-11,7,6821,2021-10-11,0
2021-02-12,13,6834,2021-10-11,0
2021-02-13,8,6842,2021-10-11,0
2021-02-14,10,6852,2021-10-11,0
2021-02-15,9,6861,2021-10-11,0
2021-02-16,12,6873,2021-10-11,0
2021-02-17,10,6883,2021-10-11,0
2021-02-18,7,6890,2021-10-11,0
2021-02-19,6,6896,2021-10-11,0
2021-02-20,7,6903,2021-10-11,0
2021-02-21,4,6907,2021-10-11,0
2021-02-22,5,6912,2021-10-11,0
2021-02-23,9,6921,2021-10-11,0
2021-02-24,5,6926,2021-10-11,0
2021-02-25,5,6931,2021-10-11,0
2021-02-26,7,6938,2021-10-11,0
2021-02-27,6,6944,2021-10-11,0
2021-02-28,8,6952,2021-10-11,0
2021-03-01,7,6959,2021-10-11,0
2021-03-02,3,6962,2021-10-11,0
2021-03-03,10,6972,2021-10-11,0
2021-03-04,6,6978,2021-10-11,0
2021-03-05,10,6988,2021-10-11,0
2021-03-06,5,6993,2021-10-11,0
2021-03-07,9,7002,2021-10-11,0
2021-03-08,5,7007,2021-10-11,0
2021-03-09,7,7014,2021-10-11,0
2021-03-10,5,7019,2021-10-11,0
2021-03-11,4,7023,2021-10-11,0
2021-03-12,11,7034,2021-10-11,0
2021-03-13,5,7039,2021-10-11,0
2021-03-14,5,7044,2021-10-11,0
2021-03-15,2,7046,2021-10-11,0
2021-03-16,6,7052,2021-10-11,0
2021-03-17,4,7056,2021-10-11,0
2021-03-18,5,7061,2021-10-11,0
2021-03-19,5,7066,2021-10-11,0
2021-03-20,9,7075,2021-10-11,0
2021-03-21,5,7080,2021-10-11,0
2021-03-22,4,7084,2021-10-11,0
2021-03-23,5,7089,2021-10-11,0
2021-03-24,1,7090,2021-10-11,0
2021-03-25,5,7095,2021-10-11,0
2021-03-26,3,7098,2021-10-11,0
2021-03-27,7,7105,2021-10-11,0
2021-03-28,6,7111,2021-10-11,0
2021-03-29,5,7116,2021-10-11,0
2021-03-30,6,7122,2021-10-11,0
2021-03-31,8,7130,2021-10-11,0
2021-04-01,6,7136,2021-10-11,0
2021-04-02,9,7145,2021-10-11,0
2021-04-03,8,7153,2021-10-11,0
2021-04-04,6,7159,2021-10-11,0
2021-04-05,8,7167,2021-10-11,0
2021-04-06,6,7173,2021-10-11,0
2021-04-07,6,7179,2021-10-11,0
2021-04-08,10,7189,2021-10-11,0
2021-04-09,7,7196,2021-10-11,0
2021-04-10,7,7203,2021-10-11,0
2021-04-11,8,7211,2021-10-11,0
2021-04-12,10,7221,2021-10-11,0
2021-04-13,7,7228,2021-10-11,0
2021-04-14,8,7236,2021-10-11,0
2021-04-15,14,7250,2021-10-11,0
2021-04-16,8,7258,2021-10-11,0
2021-04-17,8,7266,2021-10-11,0
2021-04-18,8,7274,2021-10-11,0
2021-04-19,10,7284,2021-10-11,0
2021-04-20,5,7289,2021-10-11,0
2021-04-21,8,7297,2021-10-11,0
2021-04-22,1,7298,2021-10-11,0
2021-04-23,15,7313,2021-10-11,0
2021-04-24,11,7324,2021-10-11,0
2021-04-25,15,7339,2021-10-11,0
2021-04-26,14,7353,2021-10-11,0
2021-04-27,7,7360,2021-10-11,0
2021-04-28,14,7374,2021-10-11,0
2021-04-29,8,7382,2021-10-11,0
2021-04-30,11,7393,2021-10-11,0
2021-05-01,7,7400,2021-10-11,0
2021-05-02,8,7408,2021-10-11,0
2021-05-03,5,7413,2021-10-11,0
2021-05-04,13,7426,2021-10-11,0
2021-05-05,8,7434,2021-10-11,0
2021-05-06,5,7439,2021-10-11,0
2021-05-07,8,7447,2021-10-11,0
2021-05-08,7,7454,2021-10-11,0
2021-05-09,9,7463,2021-10-11,0
2021-05-10,8,7471,2021-10-11,0
2021-05-11,6,7477,2021-10-11,0
2021-05-12,9,7486,2021-10-11,0
2021-05-13,9,7495,2021-10-11,0
2021-05-14,11,7506,2021-10-11,0
2021-05-15,9,7515,2021-10-11,0
2021-05-16,6,7521,2021-10-11,0
2021-05-17,5,7526,2021-10-11,0
2021-05-18,7,7533,2021-10-11,0
2021-05-19,2,7535,2021-10-11,0
2021-05-20,5,7540,2021-10-11,0
2021-05-21,7,7547,2021-10-11,0
2021-05-22,11,7558,2021-10-11,0
2021-05-23,5,7563,2021-10-11,0
2021-05-24,5,7568,2021-10-11,0
2021-05-25,6,7574,2021-10-11,0
2021-05-26,3,7577,2021-10-11,0
2021-05-27,7,7584,2021-10-11,0
2021-05-28,2,7586,2021-10-11,0
2021-05-29,6,7592,2021-10-11,0
2021-05-30,4,7596,2021-10-11,0
2021-05-31,3,7599,2021-10-11,0
2021-06-01,5,7604,2021-10-11,0
2021-06-02,8,7612,2021-10-11,0
2021-06-03,4,7616,2021-10-11,0
2021-06-04,4,7620,2021-10-11,0
2021-06-05,2,7622,2021-10-11,0
2021-06-06,5,7627,2021-10-11,0
2021-06-07,3,7630,2021-10-11,0
2021-06-08,5,7635,2021-10-11,0
2021-06-09,4,7639,2021-10-11,0
2021-06-10,6,7645,2021-10-11,0
2021-06-11,6,7651,2021-10-11,0
2021-06-12,4,7655,2021-10-11,0
2021-06-13,4,7659,2021-10-11,0
2021-06-14,3,7662,2021-10-11,0
2021-06-15,2,7664,2021-10-11,0
2021-06-16,2,7666,2021-10-11,0
2021-06-17,4,7670,2021-10-11,0
2021-06-18,1,7671,2021-10-11,0
2021-06-19,6,7677,2021-10-11,0
2021-06-20,1,7678,2021-10-11,0
2021-06-21,5,7683,2021-10-11,0
2021-06-22,3,7686,2021-10-11,0
2021-06-23,4,7690,2021-10-11,0
2021-06-24,3,7693,2021-10-11,0
2021-06-25,3,7696,2021-10-11,0
2021-06-26,4,7700,2021-10-11,0
2021-06-27,2,7702,2021-10-11,0
2021-06-28,2,7704,2021-10-11,0
2021-06-29,2,7706,2021-10-11,0
2021-06-30,2,7708,2021-10-11,0
2021-07-01,0,7708,2021-10-11,0
2021-07-02,2,7710,2021-10-11,0
2021-07-03,2,7712,2021-10-11,0
2021-07-04,3,7715,2021-10-11,0
2021-07-05,1,7716,2021-10-11,0
2021-07-06,4,7720,2021-10-11,0
2021-07-07,1,7721,2021-10-11,0
2021-07-08,1,7722,2021-10-11,0
2021-07-09,0,7722,2021-10-11,0
2021-07-10,1,7723,2021-10-11,0
2021-07-11,3,7726,2021-10-11,0
2021-07-12,1,7727,2021-10-11,0
2021-07-13,2,7729,2021-10-11,0
2021-07-14,2,7731,2021-10-11,0
2021-07-15,2,7733,2021-10-11,0
2021-07-16,1,7734,2021-10-11,0
2021-07-17,1,7735,2021-10-11,0
2021-07-18,0,7735,2021-10-11,0
2021-07-19,0,7735,2021-10-11,0
2021-07-20,2,7737,2021-10-11,0
2021-07-21,2,7739,2021-10-11,0
2021-07-22,2,7741,2021-10-11,0
2021-07-23,3,7744,2021-10-11,0
2021-07-24,0,7744,2021-10-11,0
2021-07-25,2,7746,2021-10-11,0
2021-07-26,1,7747,2021-10-11,0
2021-07-27,2,7749,2021-10-11,0
2021-07-28,3,7752,2021-10-11,0
2021-07-29,2,7754,2021-10-11,0
2021-07-30,5,7759,2021-10-11,0
2021-07-31,4,7763,2021-10-11,0
2021-08-01,1,7764,2021-10-11,0
2021-08-02,3,7767,2021-10-11,0
2021-08-03,2,7769,2021-10-11,0
2021-08-04,3,7772,2021-10-11,0
2021-08-05,2,7774,2021-10-11,0
2021-08-06,7,7781,2021-10-11,0
2021-08-07,3,7784,2021-10-11,0
2021-08-08,2,7786,2021-10-11,0
2021-08-09,3,7789,2021-10-11,0
2021-08-10,2,7791,2021-10-11,0
2021-08-11,2,7793,2021-10-11,0
2021-08-12,7,7800,2021-10-11,0
2021-08-13,5,7805,2021-10-11,0
2021-08-14,6,7811,2021-10-11,0
2021-08-15,0,7811,2021-10-11,0
2021-08-16,7,7818,2021-10-11,0
2021-08-17,7,7825,2021-10-11,0
2021-08-18,9,7834,2021-10-11,0
2021-08-19,2,7836,2021-10-11,0
2021-08-20,3,7839,2021-10-11,0
2021-08-21,5,7844,2021-10-11,0
2021-08-22,7,7851,2021-10-11,0
2021-08-23,5,7856,2021-10-11,0
2021-08-24,12,7868,2021-10-11,0
2021-08-25,7,7875,2021-10-11,0
2021-08-26,2,7877,2021-10-11,0
2021-08-27,6,7883,2021-10-11,0
2021-08-28,10,7893,2021-10-11,0
2021-08-29,11,7904,2021-10-11,0
2021-08-30,8,7912,2021-10-11,0
2021-08-31,6,7918,2021-10-11,0
2021-09-01,6,7924,2021-10-11,0
2021-09-02,6,7930,2021-10-11,0
2021-09-03,9,7939,2021-10-11,0
2021-09-04,8,7947,2021-10-11,0
2021-09-05,10,7957,2021-10-11,0
2021-09-06,7,7964,2021-10-11,0
2021-09-07,7,7971,2021-10-11,0
2021-09-08,9,7980,2021-10-11,0
2021-09-09,4,7984,2021-10-11,0
2021-09-10,9,7993,2021-10-11,0
2021-09-11,17,8010,2021-10-11,0
2021-09-12,10,8020,2021-10-11,0
2021-09-13,7,8027,2021-10-11,0
2021-09-14,11,8038,2021-10-11,0
2021-09-15,13,8051,2021-10-11,0
2021-09-16,15,8066,2021-10-11,1
2021-09-17,8,8074,2021-10-11,0
2021-09-18,12,8086,2021-10-11,0
2021-09-19,11,8097,2021-10-11,0
2021-09-20,15,8112,2021-10-11,0
2021-09-21,14,8126,2021-10-11,0
2021-09-22,16,8142,2021-10-11,1
2021-09-23,12,8154,2021-10-11,0
2021-09-24,12,8166,2021-10-11,0
2021-09-25,15,8181,2021-10-11,0
2021-09-26,13,8194,2021-10-11,0
2021-09-27,14,8208,2021-10-11,2
2021-09-28,7,8215,2021-10-11,0
2021-09-29,19,8234,2021-10-11,1
2021-09-30,15,8249,2021-10-11,-2
2021-10-01,9,8258,2021-10-11,2
2021-10-02,10,8268,2021-10-11,2
2021-10-03,21,8289,2021-10-11,4
2021-10-04,8,8297,2021-10-11,2
2021-10-05,17,8314,2021-10-11,7
2021-10-06,6,8320,2021-10-11,5
NA,0,8320,2021-10-11,0
2020-03-19,1,1,2021-10-12,0
2020-03-20,0,1,2021-10-12,0
2020-03-21,0,1,2021-10-12,0
2020-03-22,0,1,2021-10-12,0
2020-03-23,0,1,2021-10-12,0
2020-03-24,1,2,2021-10-12,0
2020-03-25,1,3,2021-10-12,0
2020-03-26,1,4,2021-10-12,0
2020-03-27,5,9,2021-10-12,0
2020-03-28,3,12,2021-10-12,0
2020-03-29,0,12,2021-10-12,0
2020-03-30,5,17,2021-10-12,0
2020-03-31,2,19,2021-10-12,0
2020-04-01,5,24,2021-10-12,0
2020-04-02,3,27,2021-10-12,0
2020-04-03,1,28,2021-10-12,0
2020-04-04,5,33,2021-10-12,0
2020-04-05,5,38,2021-10-12,0
2020-04-06,10,48,2021-10-12,0
2020-04-07,6,54,2021-10-12,0
2020-04-08,7,61,2021-10-12,0
2020-04-09,8,69,2021-10-12,0
2020-04-10,6,75,2021-10-12,0
2020-04-11,4,79,2021-10-12,0
2020-04-12,4,83,2021-10-12,0
2020-04-13,10,93,2021-10-12,0
2020-04-14,6,99,2021-10-12,0
2020-04-15,17,116,2021-10-12,0
2020-04-16,10,126,2021-10-12,0
2020-04-17,17,143,2021-10-12,0
2020-04-18,17,160,2021-10-12,0
2020-04-19,16,176,2021-10-12,0
2020-04-20,21,197,2021-10-12,0
2020-04-21,26,223,2021-10-12,0
2020-04-22,21,244,2021-10-12,0
2020-04-23,19,263,2021-10-12,0
2020-04-24,23,286,2021-10-12,0
2020-04-25,18,304,2021-10-12,0
2020-04-26,17,321,2021-10-12,0
2020-04-27,21,342,2021-10-12,0
2020-04-28,16,358,2021-10-12,0
2020-04-29,29,387,2021-10-12,0
2020-04-30,18,405,2021-10-12,0
2020-05-01,30,435,2021-10-12,0
2020-05-02,19,454,2021-10-12,0
2020-05-03,29,483,2021-10-12,0
2020-05-04,23,506,2021-10-12,0
2020-05-05,19,525,2021-10-12,0
2020-05-06,25,550,2021-10-12,0
2020-05-07,30,580,2021-10-12,0
2020-05-08,20,600,2021-10-12,0
2020-05-09,26,626,2021-10-12,0
2020-05-10,19,645,2021-10-12,0
2020-05-11,25,670,2021-10-12,0
2020-05-12,20,690,2021-10-12,0
2020-05-13,22,712,2021-10-12,0
2020-05-14,20,732,2021-10-12,0
2020-05-15,20,752,2021-10-12,0
2020-05-16,20,772,2021-10-12,0
2020-05-17,23,795,2021-10-12,0
2020-05-18,18,813,2021-10-12,0
2020-05-19,35,848,2021-10-12,0
2020-05-20,24,872,2021-10-12,0
2020-05-21,17,889,2021-10-12,0
2020-05-22,20,909,2021-10-12,0
2020-05-23,26,935,2021-10-12,0
2020-05-24,25,960,2021-10-12,0
2020-05-25,30,990,2021-10-12,0
2020-05-26,29,1019,2021-10-12,0
2020-05-27,25,1044,2021-10-12,0
2020-05-28,21,1065,2021-10-12,0
2020-05-29,17,1082,2021-10-12,0
2020-05-30,11,1093,2021-10-12,0
2020-05-31,20,1113,2021-10-12,0
2020-06-01,23,1136,2021-10-12,0
2020-06-02,21,1157,2021-10-12,0
2020-06-03,25,1182,2021-10-12,0
2020-06-04,26,1208,2021-10-12,0
2020-06-05,18,1226,2021-10-12,0
2020-06-06,12,1238,2021-10-12,0
2020-06-07,22,1260,2021-10-12,0
2020-06-08,12,1272,2021-10-12,0
2020-06-09,13,1285,2021-10-12,0
2020-06-10,10,1295,2021-10-12,0
2020-06-11,12,1307,2021-10-12,0
2020-06-12,11,1318,2021-10-12,0
2020-06-13,13,1331,2021-10-12,0
2020-06-14,11,1342,2021-10-12,0
2020-06-15,8,1350,2021-10-12,0
2020-06-16,9,1359,2021-10-12,0
2020-06-17,17,1376,2021-10-12,0
2020-06-18,9,1385,2021-10-12,0
2020-06-19,8,1393,2021-10-12,0
2020-06-20,12,1405,2021-10-12,0
2020-06-21,11,1416,2021-10-12,0
2020-06-22,6,1422,2021-10-12,0
2020-06-23,10,1432,2021-10-12,0
2020-06-24,1,1433,2021-10-12,0
2020-06-25,9,1442,2021-10-12,0
2020-06-26,6,1448,2021-10-12,0
2020-06-27,5,1453,2021-10-12,0
2020-06-28,11,1464,2021-10-12,0
2020-06-29,7,1471,2021-10-12,0
2020-06-30,9,1480,2021-10-12,0
2020-07-01,2,1482,2021-10-12,0
2020-07-02,3,1485,2021-10-12,0
2020-07-03,5,1490,2021-10-12,0
2020-07-04,4,1494,2021-10-12,0
2020-07-05,6,1500,2021-10-12,0
2020-07-06,4,1504,2021-10-12,0
2020-07-07,2,1506,2021-10-12,0
2020-07-08,9,1515,2021-10-12,0
2020-07-09,4,1519,2021-10-12,0
2020-07-10,3,1522,2021-10-12,0
2020-07-11,4,1526,2021-10-12,0
2020-07-12,6,1532,2021-10-12,0
2020-07-13,2,1534,2021-10-12,0
2020-07-14,6,1540,2021-10-12,0
2020-07-15,7,1547,2021-10-12,0
2020-07-16,3,1550,2021-10-12,0
2020-07-17,7,1557,2021-10-12,0
2020-07-18,6,1563,2021-10-12,0
2020-07-19,5,1568,2021-10-12,0
2020-07-20,3,1571,2021-10-12,0
2020-07-21,6,1577,2021-10-12,0
2020-07-22,5,1582,2021-10-12,0
2020-07-23,8,1590,2021-10-12,0
2020-07-24,6,1596,2021-10-12,0
2020-07-25,2,1598,2021-10-12,0
2020-07-26,5,1603,2021-10-12,0
2020-07-27,5,1608,2021-10-12,0
2020-07-28,7,1615,2021-10-12,0
2020-07-29,3,1618,2021-10-12,0
2020-07-30,6,1624,2021-10-12,0
2020-07-31,9,1633,2021-10-12,0
2020-08-01,4,1637,2021-10-12,0
2020-08-02,7,1644,2021-10-12,0
2020-08-03,4,1648,2021-10-12,0
2020-08-04,7,1655,2021-10-12,0
2020-08-05,8,1663,2021-10-12,0
2020-08-06,9,1672,2021-10-12,0
2020-08-07,7,1679,2021-10-12,0
2020-08-08,6,1685,2021-10-12,0
2020-08-09,10,1695,2021-10-12,0
2020-08-10,3,1698,2021-10-12,0
2020-08-11,9,1707,2021-10-12,0
2020-08-12,7,1714,2021-10-12,0
2020-08-13,5,1719,2021-10-12,0
2020-08-14,9,1728,2021-10-12,0
2020-08-15,13,1741,2021-10-12,0
2020-08-16,13,1754,2021-10-12,0
2020-08-17,6,1760,2021-10-12,0
2020-08-18,11,1771,2021-10-12,0
2020-08-19,3,1774,2021-10-12,0
2020-08-20,10,1784,2021-10-12,0
2020-08-21,12,1796,2021-10-12,0
2020-08-22,9,1805,2021-10-12,0
2020-08-23,7,1812,2021-10-12,0
2020-08-24,9,1821,2021-10-12,0
2020-08-25,4,1825,2021-10-12,0
2020-08-26,3,1828,2021-10-12,0
2020-08-27,7,1835,2021-10-12,0
2020-08-28,6,1841,2021-10-12,0
2020-08-29,3,1844,2021-10-12,0
2020-08-30,5,1849,2021-10-12,0
2020-08-31,9,1858,2021-10-12,0
2020-09-01,2,1860,2021-10-12,0
2020-09-02,7,1867,2021-10-12,0
2020-09-03,12,1879,2021-10-12,0
2020-09-04,4,1883,2021-10-12,0
2020-09-05,6,1889,2021-10-12,0
2020-09-06,12,1901,2021-10-12,0
2020-09-07,3,1904,2021-10-12,0
2020-09-08,6,1910,2021-10-12,0
2020-09-09,10,1920,2021-10-12,0
2020-09-10,9,1929,2021-10-12,0
2020-09-11,11,1940,2021-10-12,0
2020-09-12,8,1948,2021-10-12,0
2020-09-13,8,1956,2021-10-12,0
2020-09-14,2,1958,2021-10-12,0
2020-09-15,7,1965,2021-10-12,0
2020-09-16,9,1974,2021-10-12,0
2020-09-17,5,1979,2021-10-12,0
2020-09-18,6,1985,2021-10-12,0
2020-09-19,4,1989,2021-10-12,0
2020-09-20,9,1998,2021-10-12,0
2020-09-21,7,2005,2021-10-12,0
2020-09-22,8,2013,2021-10-12,0
2020-09-23,9,2022,2021-10-12,0
2020-09-24,8,2030,2021-10-12,0
2020-09-25,11,2041,2021-10-12,0
2020-09-26,9,2050,2021-10-12,0
2020-09-27,14,2064,2021-10-12,0
2020-09-28,11,2075,2021-10-12,0
2020-09-29,5,2080,2021-10-12,0
2020-09-30,16,2096,2021-10-12,0
2020-10-01,7,2103,2021-10-12,0
2020-10-02,13,2116,2021-10-12,0
2020-10-03,9,2125,2021-10-12,0
2020-10-04,7,2132,2021-10-12,0
2020-10-05,10,2142,2021-10-12,0
2020-10-06,13,2155,2021-10-12,0
2020-10-07,19,2174,2021-10-12,0
2020-10-08,9,2183,2021-10-12,0
2020-10-09,17,2200,2021-10-12,0
2020-10-10,16,2216,2021-10-12,0
2020-10-11,16,2232,2021-10-12,0
2020-10-12,20,2252,2021-10-12,0
2020-10-13,14,2266,2021-10-12,0
2020-10-14,10,2276,2021-10-12,0
2020-10-15,9,2285,2021-10-12,0
2020-10-16,12,2297,2021-10-12,0
2020-10-17,18,2315,2021-10-12,0
2020-10-18,25,2340,2021-10-12,0
2020-10-19,18,2358,2021-10-12,0
2020-10-20,15,2373,2021-10-12,0
2020-10-21,24,2397,2021-10-12,0
2020-10-22,18,2415,2021-10-12,0
2020-10-23,19,2434,2021-10-12,0
2020-10-24,8,2442,2021-10-12,0
2020-10-25,17,2459,2021-10-12,0
2020-10-26,25,2484,2021-10-12,0
2020-10-27,23,2507,2021-10-12,0
2020-10-28,29,2536,2021-10-12,0
2020-10-29,18,2554,2021-10-12,0
2020-10-30,27,2581,2021-10-12,0
2020-10-31,25,2606,2021-10-12,0
2020-11-01,21,2627,2021-10-12,0
2020-11-02,25,2652,2021-10-12,0
2020-11-03,25,2677,2021-10-12,0
2020-11-04,33,2710,2021-10-12,0
2020-11-05,38,2748,2021-10-12,0
2020-11-06,39,2787,2021-10-12,0
2020-11-07,42,2829,2021-10-12,0
2020-11-08,47,2876,2021-10-12,0
2020-11-09,36,2912,2021-10-12,0
2020-11-10,35,2947,2021-10-12,0
2020-11-11,43,2990,2021-10-12,0
2020-11-12,45,3035,2021-10-12,0
2020-11-13,40,3075,2021-10-12,0
2020-11-14,47,3122,2021-10-12,0
2020-11-15,46,3168,2021-10-12,0
2020-11-16,62,3230,2021-10-12,0
2020-11-17,56,3286,2021-10-12,0
2020-11-18,61,3347,2021-10-12,0
2020-11-19,60,3407,2021-10-12,0
2020-11-20,63,3470,2021-10-12,0
2020-11-21,58,3528,2021-10-12,0
2020-11-22,67,3595,2021-10-12,0
2020-11-23,59,3654,2021-10-12,0
2020-11-24,69,3723,2021-10-12,0
2020-11-25,72,3795,2021-10-12,0
2020-11-26,54,3849,2021-10-12,0
2020-11-27,69,3918,2021-10-12,0
2020-11-28,62,3980,2021-10-12,0
2020-11-29,68,4048,2021-10-12,0
2020-11-30,61,4109,2021-10-12,0
2020-12-01,64,4173,2021-10-12,0
2020-12-02,73,4246,2021-10-12,0
2020-12-03,86,4332,2021-10-12,0
2020-12-04,67,4399,2021-10-12,0
2020-12-05,74,4473,2021-10-12,0
2020-12-06,80,4553,2021-10-12,0
2020-12-07,75,4628,2021-10-12,0
2020-12-08,61,4689,2021-10-12,0
2020-12-09,71,4760,2021-10-12,0
2020-12-10,72,4832,2021-10-12,0
2020-12-11,71,4903,2021-10-12,0
2020-12-12,72,4975,2021-10-12,0
2020-12-13,56,5031,2021-10-12,0
2020-12-14,43,5074,2021-10-12,0
2020-12-15,65,5139,2021-10-12,0
2020-12-16,73,5212,2021-10-12,0
2020-12-17,60,5272,2021-10-12,0
2020-12-18,59,5331,2021-10-12,0
2020-12-19,56,5387,2021-10-12,0
2020-12-20,60,5447,2021-10-12,0
2020-12-21,58,5505,2021-10-12,0
2020-12-22,33,5538,2021-10-12,0
2020-12-23,46,5584,2021-10-12,0
2020-12-24,50,5634,2021-10-12,0
2020-12-25,36,5670,2021-10-12,0
2020-12-26,43,5713,2021-10-12,0
2020-12-27,41,5754,2021-10-12,0
2020-12-28,34,5788,2021-10-12,0
2020-12-29,37,5825,2021-10-12,0
2020-12-30,47,5872,2021-10-12,0
2020-12-31,36,5908,2021-10-12,0
2021-01-01,28,5936,2021-10-12,0
2021-01-02,47,5983,2021-10-12,0
2021-01-03,37,6020,2021-10-12,0
2021-01-04,32,6052,2021-10-12,0
2021-01-05,40,6092,2021-10-12,0
2021-01-06,32,6124,2021-10-12,0
2021-01-07,37,6161,2021-10-12,0
2021-01-08,32,6193,2021-10-12,0
2021-01-09,26,6219,2021-10-12,0
2021-01-10,29,6248,2021-10-12,0
2021-01-11,26,6274,2021-10-12,0
2021-01-12,32,6306,2021-10-12,0
2021-01-13,23,6329,2021-10-12,0
2021-01-14,41,6370,2021-10-12,0
2021-01-15,26,6396,2021-10-12,0
2021-01-16,30,6426,2021-10-12,0
2021-01-17,21,6447,2021-10-12,0
2021-01-18,19,6466,2021-10-12,0
2021-01-19,14,6480,2021-10-12,0
2021-01-20,26,6506,2021-10-12,0
2021-01-21,16,6522,2021-10-12,0
2021-01-22,13,6535,2021-10-12,0
2021-01-23,17,6552,2021-10-12,0
2021-01-24,24,6576,2021-10-12,0
2021-01-25,19,6595,2021-10-12,0
2021-01-26,21,6616,2021-10-12,0
2021-01-27,11,6627,2021-10-12,0
2021-01-28,12,6639,2021-10-12,0
2021-01-29,15,6654,2021-10-12,0
2021-01-30,13,6667,2021-10-12,0
2021-01-31,16,6683,2021-10-12,0
2021-02-01,17,6700,2021-10-12,0
2021-02-02,10,6710,2021-10-12,0
2021-02-03,11,6721,2021-10-12,0
2021-02-04,11,6732,2021-10-12,0
2021-02-05,12,6744,2021-10-12,0
2021-02-06,12,6756,2021-10-12,0
2021-02-07,19,6775,2021-10-12,0
2021-02-08,11,6786,2021-10-12,0
2021-02-09,15,6801,2021-10-12,0
2021-02-10,13,6814,2021-10-12,0
2021-02-11,7,6821,2021-10-12,0
2021-02-12,13,6834,2021-10-12,0
2021-02-13,8,6842,2021-10-12,0
2021-02-14,10,6852,2021-10-12,0
2021-02-15,9,6861,2021-10-12,0
2021-02-16,12,6873,2021-10-12,0
2021-02-17,10,6883,2021-10-12,0
2021-02-18,7,6890,2021-10-12,0
2021-02-19,6,6896,2021-10-12,0
2021-02-20,7,6903,2021-10-12,0
2021-02-21,4,6907,2021-10-12,0
2021-02-22,5,6912,2021-10-12,0
2021-02-23,9,6921,2021-10-12,0
2021-02-24,5,6926,2021-10-12,0
2021-02-25,5,6931,2021-10-12,0
2021-02-26,7,6938,2021-10-12,0
2021-02-27,6,6944,2021-10-12,0
2021-02-28,8,6952,2021-10-12,0
2021-03-01,7,6959,2021-10-12,0
2021-03-02,3,6962,2021-10-12,0
2021-03-03,10,6972,2021-10-12,0
2021-03-04,6,6978,2021-10-12,0
2021-03-05,10,6988,2021-10-12,0
2021-03-06,5,6993,2021-10-12,0
2021-03-07,9,7002,2021-10-12,0
2021-03-08,5,7007,2021-10-12,0
2021-03-09,7,7014,2021-10-12,0
2021-03-10,5,7019,2021-10-12,0
2021-03-11,4,7023,2021-10-12,0
2021-03-12,11,7034,2021-10-12,0
2021-03-13,5,7039,2021-10-12,0
2021-03-14,5,7044,2021-10-12,0
2021-03-15,2,7046,2021-10-12,0
2021-03-16,6,7052,2021-10-12,0
2021-03-17,4,7056,2021-10-12,0
2021-03-18,5,7061,2021-10-12,0
2021-03-19,5,7066,2021-10-12,0
2021-03-20,9,7075,2021-10-12,0
2021-03-21,5,7080,2021-10-12,0
2021-03-22,4,7084,2021-10-12,0
2021-03-23,5,7089,2021-10-12,0
2021-03-24,1,7090,2021-10-12,0
2021-03-25,5,7095,2021-10-12,0
2021-03-26,3,7098,2021-10-12,0
2021-03-27,7,7105,2021-10-12,0
2021-03-28,6,7111,2021-10-12,0
2021-03-29,5,7116,2021-10-12,0
2021-03-30,6,7122,2021-10-12,0
2021-03-31,8,7130,2021-10-12,0
2021-04-01,6,7136,2021-10-12,0
2021-04-02,9,7145,2021-10-12,0
2021-04-03,8,7153,2021-10-12,0
2021-04-04,6,7159,2021-10-12,0
2021-04-05,8,7167,2021-10-12,0
2021-04-06,6,7173,2021-10-12,0
2021-04-07,6,7179,2021-10-12,0
2021-04-08,10,7189,2021-10-12,0
2021-04-09,7,7196,2021-10-12,0
2021-04-10,7,7203,2021-10-12,0
2021-04-11,8,7211,2021-10-12,0
2021-04-12,10,7221,2021-10-12,0
2021-04-13,7,7228,2021-10-12,0
2021-04-14,8,7236,2021-10-12,0
2021-04-15,14,7250,2021-10-12,0
2021-04-16,8,7258,2021-10-12,0
2021-04-17,8,7266,2021-10-12,0
2021-04-18,8,7274,2021-10-12,0
2021-04-19,10,7284,2021-10-12,0
2021-04-20,5,7289,2021-10-12,0
2021-04-21,8,7297,2021-10-12,0
2021-04-22,1,7298,2021-10-12,0
2021-04-23,15,7313,2021-10-12,0
2021-04-24,11,7324,2021-10-12,0
2021-04-25,15,7339,2021-10-12,0
2021-04-26,14,7353,2021-10-12,0
2021-04-27,7,7360,2021-10-12,0
2021-04-28,14,7374,2021-10-12,0
2021-04-29,8,7382,2021-10-12,0
2021-04-30,11,7393,2021-10-12,0
2021-05-01,7,7400,2021-10-12,0
2021-05-02,8,7408,2021-10-12,0
2021-05-03,5,7413,2021-10-12,0
2021-05-04,13,7426,2021-10-12,0
2021-05-05,8,7434,2021-10-12,0
2021-05-06,5,7439,2021-10-12,0
2021-05-07,8,7447,2021-10-12,0
2021-05-08,7,7454,2021-10-12,0
2021-05-09,9,7463,2021-10-12,0
2021-05-10,8,7471,2021-10-12,0
2021-05-11,6,7477,2021-10-12,0
2021-05-12,9,7486,2021-10-12,0
2021-05-13,9,7495,2021-10-12,0
2021-05-14,11,7506,2021-10-12,0
2021-05-15,9,7515,2021-10-12,0
2021-05-16,6,7521,2021-10-12,0
2021-05-17,5,7526,2021-10-12,0
2021-05-18,7,7533,2021-10-12,0
2021-05-19,2,7535,2021-10-12,0
2021-05-20,5,7540,2021-10-12,0
2021-05-21,7,7547,2021-10-12,0
2021-05-22,11,7558,2021-10-12,0
2021-05-23,5,7563,2021-10-12,0
2021-05-24,5,7568,2021-10-12,0
2021-05-25,6,7574,2021-10-12,0
2021-05-26,3,7577,2021-10-12,0
2021-05-27,7,7584,2021-10-12,0
2021-05-28,2,7586,2021-10-12,0
2021-05-29,6,7592,2021-10-12,0
2021-05-30,4,7596,2021-10-12,0
2021-05-31,3,7599,2021-10-12,0
2021-06-01,5,7604,2021-10-12,0
2021-06-02,8,7612,2021-10-12,0
2021-06-03,4,7616,2021-10-12,0
2021-06-04,4,7620,2021-10-12,0
2021-06-05,2,7622,2021-10-12,0
2021-06-06,5,7627,2021-10-12,0
2021-06-07,3,7630,2021-10-12,0
2021-06-08,5,7635,2021-10-12,0
2021-06-09,4,7639,2021-10-12,0
2021-06-10,6,7645,2021-10-12,0
2021-06-11,6,7651,2021-10-12,0
2021-06-12,4,7655,2021-10-12,0
2021-06-13,4,7659,2021-10-12,0
2021-06-14,3,7662,2021-10-12,0
2021-06-15,2,7664,2021-10-12,0
2021-06-16,2,7666,2021-10-12,0
2021-06-17,4,7670,2021-10-12,0
2021-06-18,1,7671,2021-10-12,0
2021-06-19,6,7677,2021-10-12,0
2021-06-20,1,7678,2021-10-12,0
2021-06-21,5,7683,2021-10-12,0
2021-06-22,3,7686,2021-10-12,0
2021-06-23,4,7690,2021-10-12,0
2021-06-24,3,7693,2021-10-12,0
2021-06-25,3,7696,2021-10-12,0
2021-06-26,4,7700,2021-10-12,0
2021-06-27,2,7702,2021-10-12,0
2021-06-28,2,7704,2021-10-12,0
2021-06-29,2,7706,2021-10-12,0
2021-06-30,2,7708,2021-10-12,0
2021-07-01,0,7708,2021-10-12,0
2021-07-02,2,7710,2021-10-12,0
2021-07-03,2,7712,2021-10-12,0
2021-07-04,3,7715,2021-10-12,0
2021-07-05,1,7716,2021-10-12,0
2021-07-06,4,7720,2021-10-12,0
2021-07-07,1,7721,2021-10-12,0
2021-07-08,1,7722,2021-10-12,0
2021-07-09,0,7722,2021-10-12,0
2021-07-10,1,7723,2021-10-12,0
2021-07-11,3,7726,2021-10-12,0
2021-07-12,1,7727,2021-10-12,0
2021-07-13,2,7729,2021-10-12,0
2021-07-14,2,7731,2021-10-12,0
2021-07-15,2,7733,2021-10-12,0
2021-07-16,1,7734,2021-10-12,0
2021-07-17,1,7735,2021-10-12,0
2021-07-18,0,7735,2021-10-12,0
2021-07-19,0,7735,2021-10-12,0
2021-07-20,2,7737,2021-10-12,0
2021-07-21,2,7739,2021-10-12,0
2021-07-22,2,7741,2021-10-12,0
2021-07-23,3,7744,2021-10-12,0
2021-07-24,0,7744,2021-10-12,0
2021-07-25,2,7746,2021-10-12,0
2021-07-26,1,7747,2021-10-12,0
2021-07-27,2,7749,2021-10-12,0
2021-07-28,3,7752,2021-10-12,0
2021-07-29,2,7754,2021-10-12,0
2021-07-30,5,7759,2021-10-12,0
2021-07-31,4,7763,2021-10-12,0
2021-08-01,1,7764,2021-10-12,0
2021-08-02,3,7767,2021-10-12,0
2021-08-03,2,7769,2021-10-12,0
2021-08-04,3,7772,2021-10-12,0
2021-08-05,2,7774,2021-10-12,0
2021-08-06,7,7781,2021-10-12,0
2021-08-07,3,7784,2021-10-12,0
2021-08-08,2,7786,2021-10-12,0
2021-08-09,3,7789,2021-10-12,0
2021-08-10,2,7791,2021-10-12,0
2021-08-11,2,7793,2021-10-12,0
2021-08-12,7,7800,2021-10-12,0
2021-08-13,5,7805,2021-10-12,0
2021-08-14,6,7811,2021-10-12,0
2021-08-15,0,7811,2021-10-12,0
2021-08-16,7,7818,2021-10-12,0
2021-08-17,7,7825,2021-10-12,0
2021-08-18,9,7834,2021-10-12,0
2021-08-19,2,7836,2021-10-12,0
2021-08-20,3,7839,2021-10-12,0
2021-08-21,5,7844,2021-10-12,0
2021-08-22,7,7851,2021-10-12,0
2021-08-23,5,7856,2021-10-12,0
2021-08-24,12,7868,2021-10-12,0
2021-08-25,7,7875,2021-10-12,0
2021-08-26,2,7877,2021-10-12,0
2021-08-27,6,7883,2021-10-12,0
2021-08-28,10,7893,2021-10-12,0
2021-08-29,11,7904,2021-10-12,0
2021-08-30,8,7912,2021-10-12,0
2021-08-31,6,7918,2021-10-12,0
2021-09-01,6,7924,2021-10-12,0
2021-09-02,6,7930,2021-10-12,0
2021-09-03,9,7939,2021-10-12,0
2021-09-04,8,7947,2021-10-12,0
2021-09-05,10,7957,2021-10-12,0
2021-09-06,7,7964,2021-10-12,0
2021-09-07,7,7971,2021-10-12,0
2021-09-08,10,7981,2021-10-12,1
2021-09-09,4,7985,2021-10-12,0
2021-09-10,9,7994,2021-10-12,0
2021-09-11,17,8011,2021-10-12,0
2021-09-12,10,8021,2021-10-12,0
2021-09-13,7,8028,2021-10-12,0
2021-09-14,11,8039,2021-10-12,0
2021-09-15,13,8052,2021-10-12,0
2021-09-16,15,8067,2021-10-12,0
2021-09-17,8,8075,2021-10-12,0
2021-09-18,12,8087,2021-10-12,0
2021-09-19,11,8098,2021-10-12,0
2021-09-20,15,8113,2021-10-12,0
2021-09-21,14,8127,2021-10-12,0
2021-09-22,16,8143,2021-10-12,0
2021-09-23,12,8155,2021-10-12,0
2021-09-24,12,8167,2021-10-12,0
2021-09-25,15,8182,2021-10-12,0
2021-09-26,13,8195,2021-10-12,0
2021-09-27,14,8209,2021-10-12,0
2021-09-28,7,8216,2021-10-12,0
2021-09-29,19,8235,2021-10-12,0
2021-09-30,15,8250,2021-10-12,0
2021-10-01,9,8259,2021-10-12,0
2021-10-02,11,8270,2021-10-12,1
2021-10-03,22,8292,2021-10-12,1
2021-10-04,9,8301,2021-10-12,1
2021-10-05,19,8320,2021-10-12,2
2021-10-06,8,8328,2021-10-12,2
2021-10-07,2,8330,2021-10-12,2
NA,0,8330,2021-10-12,0
2020-03-19,1,1,2021-10-13,0
2020-03-20,0,1,2021-10-13,0
2020-03-21,0,1,2021-10-13,0
2020-03-22,0,1,2021-10-13,0
2020-03-23,0,1,2021-10-13,0
2020-03-24,1,2,2021-10-13,0
2020-03-25,1,3,2021-10-13,0
2020-03-26,1,4,2021-10-13,0
2020-03-27,5,9,2021-10-13,0
2020-03-28,3,12,2021-10-13,0
2020-03-29,0,12,2021-10-13,0
2020-03-30,5,17,2021-10-13,0
2020-03-31,2,19,2021-10-13,0
2020-04-01,5,24,2021-10-13,0
2020-04-02,3,27,2021-10-13,0
2020-04-03,1,28,2021-10-13,0
2020-04-04,5,33,2021-10-13,0
2020-04-05,5,38,2021-10-13,0
2020-04-06,10,48,2021-10-13,0
2020-04-07,6,54,2021-10-13,0
2020-04-08,7,61,2021-10-13,0
2020-04-09,8,69,2021-10-13,0
2020-04-10,6,75,2021-10-13,0
2020-04-11,4,79,2021-10-13,0
2020-04-12,4,83,2021-10-13,0
2020-04-13,10,93,2021-10-13,0
2020-04-14,6,99,2021-10-13,0
2020-04-15,17,116,2021-10-13,0
2020-04-16,10,126,2021-10-13,0
2020-04-17,17,143,2021-10-13,0
2020-04-18,17,160,2021-10-13,0
2020-04-19,16,176,2021-10-13,0
2020-04-20,21,197,2021-10-13,0
2020-04-21,26,223,2021-10-13,0
2020-04-22,21,244,2021-10-13,0
2020-04-23,19,263,2021-10-13,0
2020-04-24,23,286,2021-10-13,0
2020-04-25,18,304,2021-10-13,0
2020-04-26,17,321,2021-10-13,0
2020-04-27,21,342,2021-10-13,0
2020-04-28,16,358,2021-10-13,0
2020-04-29,29,387,2021-10-13,0
2020-04-30,18,405,2021-10-13,0
2020-05-01,30,435,2021-10-13,0
2020-05-02,19,454,2021-10-13,0
2020-05-03,29,483,2021-10-13,0
2020-05-04,23,506,2021-10-13,0
2020-05-05,19,525,2021-10-13,0
2020-05-06,25,550,2021-10-13,0
2020-05-07,30,580,2021-10-13,0
2020-05-08,20,600,2021-10-13,0
2020-05-09,26,626,2021-10-13,0
2020-05-10,19,645,2021-10-13,0
2020-05-11,25,670,2021-10-13,0
2020-05-12,20,690,2021-10-13,0
2020-05-13,22,712,2021-10-13,0
2020-05-14,20,732,2021-10-13,0
2020-05-15,20,752,2021-10-13,0
2020-05-16,20,772,2021-10-13,0
2020-05-17,23,795,2021-10-13,0
2020-05-18,18,813,2021-10-13,0
2020-05-19,35,848,2021-10-13,0
2020-05-20,24,872,2021-10-13,0
2020-05-21,17,889,2021-10-13,0
2020-05-22,20,909,2021-10-13,0
2020-05-23,26,935,2021-10-13,0
2020-05-24,25,960,2021-10-13,0
2020-05-25,30,990,2021-10-13,0
2020-05-26,29,1019,2021-10-13,0
2020-05-27,25,1044,2021-10-13,0
2020-05-28,21,1065,2021-10-13,0
2020-05-29,17,1082,2021-10-13,0
2020-05-30,11,1093,2021-10-13,0
2020-05-31,20,1113,2021-10-13,0
2020-06-01,23,1136,2021-10-13,0
2020-06-02,21,1157,2021-10-13,0
2020-06-03,25,1182,2021-10-13,0
2020-06-04,26,1208,2021-10-13,0
2020-06-05,18,1226,2021-10-13,0
2020-06-06,12,1238,2021-10-13,0
2020-06-07,22,1260,2021-10-13,0
2020-06-08,12,1272,2021-10-13,0
2020-06-09,13,1285,2021-10-13,0
2020-06-10,10,1295,2021-10-13,0
2020-06-11,12,1307,2021-10-13,0
2020-06-12,11,1318,2021-10-13,0
2020-06-13,13,1331,2021-10-13,0
2020-06-14,11,1342,2021-10-13,0
2020-06-15,8,1350,2021-10-13,0
2020-06-16,9,1359,2021-10-13,0
2020-06-17,17,1376,2021-10-13,0
2020-06-18,9,1385,2021-10-13,0
2020-06-19,8,1393,2021-10-13,0
2020-06-20,12,1405,2021-10-13,0
2020-06-21,11,1416,2021-10-13,0
2020-06-22,6,1422,2021-10-13,0
2020-06-23,10,1432,2021-10-13,0
2020-06-24,1,1433,2021-10-13,0
2020-06-25,9,1442,2021-10-13,0
2020-06-26,6,1448,2021-10-13,0
2020-06-27,5,1453,2021-10-13,0
2020-06-28,11,1464,2021-10-13,0
2020-06-29,7,1471,2021-10-13,0
2020-06-30,9,1480,2021-10-13,0
2020-07-01,2,1482,2021-10-13,0
2020-07-02,3,1485,2021-10-13,0
2020-07-03,5,1490,2021-10-13,0
2020-07-04,4,1494,2021-10-13,0
2020-07-05,6,1500,2021-10-13,0
2020-07-06,4,1504,2021-10-13,0
2020-07-07,2,1506,2021-10-13,0
2020-07-08,9,1515,2021-10-13,0
2020-07-09,4,1519,2021-10-13,0
2020-07-10,3,1522,2021-10-13,0
2020-07-11,4,1526,2021-10-13,0
2020-07-12,6,1532,2021-10-13,0
2020-07-13,2,1534,2021-10-13,0
2020-07-14,6,1540,2021-10-13,0
2020-07-15,7,1547,2021-10-13,0
2020-07-16,3,1550,2021-10-13,0
2020-07-17,7,1557,2021-10-13,0
2020-07-18,6,1563,2021-10-13,0
2020-07-19,5,1568,2021-10-13,0
2020-07-20,3,1571,2021-10-13,0
2020-07-21,6,1577,2021-10-13,0
2020-07-22,5,1582,2021-10-13,0
2020-07-23,8,1590,2021-10-13,0
2020-07-24,6,1596,2021-10-13,0
2020-07-25,2,1598,2021-10-13,0
2020-07-26,5,1603,2021-10-13,0
2020-07-27,5,1608,2021-10-13,0
2020-07-28,7,1615,2021-10-13,0
2020-07-29,3,1618,2021-10-13,0
2020-07-30,6,1624,2021-10-13,0
2020-07-31,9,1633,2021-10-13,0
2020-08-01,4,1637,2021-10-13,0
2020-08-02,7,1644,2021-10-13,0
2020-08-03,4,1648,2021-10-13,0
2020-08-04,7,1655,2021-10-13,0
2020-08-05,8,1663,2021-10-13,0
2020-08-06,9,1672,2021-10-13,0
2020-08-07,7,1679,2021-10-13,0
2020-08-08,6,1685,2021-10-13,0
2020-08-09,10,1695,2021-10-13,0
2020-08-10,3,1698,2021-10-13,0
2020-08-11,9,1707,2021-10-13,0
2020-08-12,7,1714,2021-10-13,0
2020-08-13,5,1719,2021-10-13,0
2020-08-14,9,1728,2021-10-13,0
2020-08-15,13,1741,2021-10-13,0
2020-08-16,13,1754,2021-10-13,0
2020-08-17,6,1760,2021-10-13,0
2020-08-18,11,1771,2021-10-13,0
2020-08-19,3,1774,2021-10-13,0
2020-08-20,10,1784,2021-10-13,0
2020-08-21,12,1796,2021-10-13,0
2020-08-22,9,1805,2021-10-13,0
2020-08-23,7,1812,2021-10-13,0
2020-08-24,9,1821,2021-10-13,0
2020-08-25,4,1825,2021-10-13,0
2020-08-26,3,1828,2021-10-13,0
2020-08-27,7,1835,2021-10-13,0
2020-08-28,6,1841,2021-10-13,0
2020-08-29,3,1844,2021-10-13,0
2020-08-30,5,1849,2021-10-13,0
2020-08-31,9,1858,2021-10-13,0
2020-09-01,2,1860,2021-10-13,0
2020-09-02,7,1867,2021-10-13,0
2020-09-03,12,1879,2021-10-13,0
2020-09-04,4,1883,2021-10-13,0
2020-09-05,6,1889,2021-10-13,0
2020-09-06,12,1901,2021-10-13,0
2020-09-07,3,1904,2021-10-13,0
2020-09-08,6,1910,2021-10-13,0
2020-09-09,10,1920,2021-10-13,0
2020-09-10,9,1929,2021-10-13,0
2020-09-11,11,1940,2021-10-13,0
2020-09-12,8,1948,2021-10-13,0
2020-09-13,8,1956,2021-10-13,0
2020-09-14,2,1958,2021-10-13,0
2020-09-15,7,1965,2021-10-13,0
2020-09-16,9,1974,2021-10-13,0
2020-09-17,5,1979,2021-10-13,0
2020-09-18,6,1985,2021-10-13,0
2020-09-19,4,1989,2021-10-13,0
2020-09-20,9,1998,2021-10-13,0
2020-09-21,7,2005,2021-10-13,0
2020-09-22,8,2013,2021-10-13,0
2020-09-23,9,2022,2021-10-13,0
2020-09-24,8,2030,2021-10-13,0
2020-09-25,11,2041,2021-10-13,0
2020-09-26,9,2050,2021-10-13,0
2020-09-27,14,2064,2021-10-13,0
2020-09-28,11,2075,2021-10-13,0
2020-09-29,5,2080,2021-10-13,0
2020-09-30,16,2096,2021-10-13,0
2020-10-01,7,2103,2021-10-13,0
2020-10-02,13,2116,2021-10-13,0
2020-10-03,9,2125,2021-10-13,0
2020-10-04,7,2132,2021-10-13,0
2020-10-05,10,2142,2021-10-13,0
2020-10-06,13,2155,2021-10-13,0
2020-10-07,19,2174,2021-10-13,0
2020-10-08,9,2183,2021-10-13,0
2020-10-09,17,2200,2021-10-13,0
2020-10-10,16,2216,2021-10-13,0
2020-10-11,16,2232,2021-10-13,0
2020-10-12,20,2252,2021-10-13,0
2020-10-13,14,2266,2021-10-13,0
2020-10-14,10,2276,2021-10-13,0
2020-10-15,9,2285,2021-10-13,0
2020-10-16,12,2297,2021-10-13,0
2020-10-17,18,2315,2021-10-13,0
2020-10-18,25,2340,2021-10-13,0
2020-10-19,18,2358,2021-10-13,0
2020-10-20,15,2373,2021-10-13,0
2020-10-21,24,2397,2021-10-13,0
2020-10-22,18,2415,2021-10-13,0
2020-10-23,19,2434,2021-10-13,0
2020-10-24,8,2442,2021-10-13,0
2020-10-25,17,2459,2021-10-13,0
2020-10-26,25,2484,2021-10-13,0
2020-10-27,23,2507,2021-10-13,0
2020-10-28,29,2536,2021-10-13,0
2020-10-29,18,2554,2021-10-13,0
2020-10-30,27,2581,2021-10-13,0
2020-10-31,25,2606,2021-10-13,0
2020-11-01,21,2627,2021-10-13,0
2020-11-02,25,2652,2021-10-13,0
2020-11-03,25,2677,2021-10-13,0
2020-11-04,33,2710,2021-10-13,0
2020-11-05,38,2748,2021-10-13,0
2020-11-06,39,2787,2021-10-13,0
2020-11-07,42,2829,2021-10-13,0
2020-11-08,47,2876,2021-10-13,0
2020-11-09,36,2912,2021-10-13,0
2020-11-10,35,2947,2021-10-13,0
2020-11-11,43,2990,2021-10-13,0
2020-11-12,45,3035,2021-10-13,0
2020-11-13,40,3075,2021-10-13,0
2020-11-14,47,3122,2021-10-13,0
2020-11-15,46,3168,2021-10-13,0
2020-11-16,62,3230,2021-10-13,0
2020-11-17,56,3286,2021-10-13,0
2020-11-18,61,3347,2021-10-13,0
2020-11-19,60,3407,2021-10-13,0
2020-11-20,63,3470,2021-10-13,0
2020-11-21,58,3528,2021-10-13,0
2020-11-22,67,3595,2021-10-13,0
2020-11-23,59,3654,2021-10-13,0
2020-11-24,69,3723,2021-10-13,0
2020-11-25,72,3795,2021-10-13,0
2020-11-26,54,3849,2021-10-13,0
2020-11-27,69,3918,2021-10-13,0
2020-11-28,62,3980,2021-10-13,0
2020-11-29,68,4048,2021-10-13,0
2020-11-30,61,4109,2021-10-13,0
2020-12-01,64,4173,2021-10-13,0
2020-12-02,73,4246,2021-10-13,0
2020-12-03,86,4332,2021-10-13,0
2020-12-04,67,4399,2021-10-13,0
2020-12-05,74,4473,2021-10-13,0
2020-12-06,80,4553,2021-10-13,0
2020-12-07,75,4628,2021-10-13,0
2020-12-08,61,4689,2021-10-13,0
2020-12-09,71,4760,2021-10-13,0
2020-12-10,72,4832,2021-10-13,0
2020-12-11,71,4903,2021-10-13,0
2020-12-12,72,4975,2021-10-13,0
2020-12-13,56,5031,2021-10-13,0
2020-12-14,43,5074,2021-10-13,0
2020-12-15,65,5139,2021-10-13,0
2020-12-16,73,5212,2021-10-13,0
2020-12-17,60,5272,2021-10-13,0
2020-12-18,59,5331,2021-10-13,0
2020-12-19,56,5387,2021-10-13,0
2020-12-20,60,5447,2021-10-13,0
2020-12-21,58,5505,2021-10-13,0
2020-12-22,33,5538,2021-10-13,0
2020-12-23,46,5584,2021-10-13,0
2020-12-24,50,5634,2021-10-13,0
2020-12-25,36,5670,2021-10-13,0
2020-12-26,43,5713,2021-10-13,0
2020-12-27,41,5754,2021-10-13,0
2020-12-28,34,5788,2021-10-13,0
2020-12-29,37,5825,2021-10-13,0
2020-12-30,47,5872,2021-10-13,0
2020-12-31,36,5908,2021-10-13,0
2021-01-01,28,5936,2021-10-13,0
2021-01-02,47,5983,2021-10-13,0
2021-01-03,37,6020,2021-10-13,0
2021-01-04,32,6052,2021-10-13,0
2021-01-05,40,6092,2021-10-13,0
2021-01-06,32,6124,2021-10-13,0
2021-01-07,37,6161,2021-10-13,0
2021-01-08,32,6193,2021-10-13,0
2021-01-09,26,6219,2021-10-13,0
2021-01-10,29,6248,2021-10-13,0
2021-01-11,26,6274,2021-10-13,0
2021-01-12,32,6306,2021-10-13,0
2021-01-13,23,6329,2021-10-13,0
2021-01-14,41,6370,2021-10-13,0
2021-01-15,26,6396,2021-10-13,0
2021-01-16,30,6426,2021-10-13,0
2021-01-17,21,6447,2021-10-13,0
2021-01-18,19,6466,2021-10-13,0
2021-01-19,14,6480,2021-10-13,0
2021-01-20,26,6506,2021-10-13,0
2021-01-21,16,6522,2021-10-13,0
2021-01-22,13,6535,2021-10-13,0
2021-01-23,17,6552,2021-10-13,0
2021-01-24,24,6576,2021-10-13,0
2021-01-25,19,6595,2021-10-13,0
2021-01-26,21,6616,2021-10-13,0
2021-01-27,11,6627,2021-10-13,0
2021-01-28,12,6639,2021-10-13,0
2021-01-29,15,6654,2021-10-13,0
2021-01-30,13,6667,2021-10-13,0
2021-01-31,16,6683,2021-10-13,0
2021-02-01,17,6700,2021-10-13,0
2021-02-02,10,6710,2021-10-13,0
2021-02-03,11,6721,2021-10-13,0
2021-02-04,11,6732,2021-10-13,0
2021-02-05,12,6744,2021-10-13,0
2021-02-06,12,6756,2021-10-13,0
2021-02-07,19,6775,2021-10-13,0
2021-02-08,11,6786,2021-10-13,0
2021-02-09,15,6801,2021-10-13,0
2021-02-10,13,6814,2021-10-13,0
2021-02-11,7,6821,2021-10-13,0
2021-02-12,13,6834,2021-10-13,0
2021-02-13,8,6842,2021-10-13,0
2021-02-14,10,6852,2021-10-13,0
2021-02-15,9,6861,2021-10-13,0
2021-02-16,12,6873,2021-10-13,0
2021-02-17,10,6883,2021-10-13,0
2021-02-18,7,6890,2021-10-13,0
2021-02-19,6,6896,2021-10-13,0
2021-02-20,7,6903,2021-10-13,0
2021-02-21,4,6907,2021-10-13,0
2021-02-22,5,6912,2021-10-13,0
2021-02-23,9,6921,2021-10-13,0
2021-02-24,5,6926,2021-10-13,0
2021-02-25,5,6931,2021-10-13,0
2021-02-26,7,6938,2021-10-13,0
2021-02-27,6,6944,2021-10-13,0
2021-02-28,8,6952,2021-10-13,0
2021-03-01,7,6959,2021-10-13,0
2021-03-02,3,6962,2021-10-13,0
2021-03-03,10,6972,2021-10-13,0
2021-03-04,6,6978,2021-10-13,0
2021-03-05,10,6988,2021-10-13,0
2021-03-06,5,6993,2021-10-13,0
2021-03-07,9,7002,2021-10-13,0
2021-03-08,5,7007,2021-10-13,0
2021-03-09,7,7014,2021-10-13,0
2021-03-10,5,7019,2021-10-13,0
2021-03-11,4,7023,2021-10-13,0
2021-03-12,11,7034,2021-10-13,0
2021-03-13,5,7039,2021-10-13,0
2021-03-14,5,7044,2021-10-13,0
2021-03-15,2,7046,2021-10-13,0
2021-03-16,6,7052,2021-10-13,0
2021-03-17,4,7056,2021-10-13,0
2021-03-18,5,7061,2021-10-13,0
2021-03-19,5,7066,2021-10-13,0
2021-03-20,9,7075,2021-10-13,0
2021-03-21,5,7080,2021-10-13,0
2021-03-22,4,7084,2021-10-13,0
2021-03-23,5,7089,2021-10-13,0
2021-03-24,1,7090,2021-10-13,0
2021-03-25,5,7095,2021-10-13,0
2021-03-26,3,7098,2021-10-13,0
2021-03-27,7,7105,2021-10-13,0
2021-03-28,6,7111,2021-10-13,0
2021-03-29,5,7116,2021-10-13,0
2021-03-30,6,7122,2021-10-13,0
2021-03-31,8,7130,2021-10-13,0
2021-04-01,6,7136,2021-10-13,0
2021-04-02,9,7145,2021-10-13,0
2021-04-03,8,7153,2021-10-13,0
2021-04-04,6,7159,2021-10-13,0
2021-04-05,8,7167,2021-10-13,0
2021-04-06,6,7173,2021-10-13,0
2021-04-07,6,7179,2021-10-13,0
2021-04-08,10,7189,2021-10-13,0
2021-04-09,7,7196,2021-10-13,0
2021-04-10,7,7203,2021-10-13,0
2021-04-11,8,7211,2021-10-13,0
2021-04-12,10,7221,2021-10-13,0
2021-04-13,7,7228,2021-10-13,0
2021-04-14,8,7236,2021-10-13,0
2021-04-15,14,7250,2021-10-13,0
2021-04-16,8,7258,2021-10-13,0
2021-04-17,8,7266,2021-10-13,0
2021-04-18,8,7274,2021-10-13,0
2021-04-19,10,7284,2021-10-13,0
2021-04-20,5,7289,2021-10-13,0
2021-04-21,8,7297,2021-10-13,0
2021-04-22,1,7298,2021-10-13,0
2021-04-23,15,7313,2021-10-13,0
2021-04-24,11,7324,2021-10-13,0
2021-04-25,15,7339,2021-10-13,0
2021-04-26,14,7353,2021-10-13,0
2021-04-27,7,7360,2021-10-13,0
2021-04-28,14,7374,2021-10-13,0
2021-04-29,8,7382,2021-10-13,0
2021-04-30,11,7393,2021-10-13,0
2021-05-01,7,7400,2021-10-13,0
2021-05-02,8,7408,2021-10-13,0
2021-05-03,5,7413,2021-10-13,0
2021-05-04,13,7426,2021-10-13,0
2021-05-05,8,7434,2021-10-13,0
2021-05-06,5,7439,2021-10-13,0
2021-05-07,8,7447,2021-10-13,0
2021-05-08,7,7454,2021-10-13,0
2021-05-09,9,7463,2021-10-13,0
2021-05-10,8,7471,2021-10-13,0
2021-05-11,6,7477,2021-10-13,0
2021-05-12,9,7486,2021-10-13,0
2021-05-13,9,7495,2021-10-13,0
2021-05-14,11,7506,2021-10-13,0
2021-05-15,9,7515,2021-10-13,0
2021-05-16,6,7521,2021-10-13,0
2021-05-17,5,7526,2021-10-13,0
2021-05-18,7,7533,2021-10-13,0
2021-05-19,2,7535,2021-10-13,0
2021-05-20,5,7540,2021-10-13,0
2021-05-21,7,7547,2021-10-13,0
2021-05-22,11,7558,2021-10-13,0
2021-05-23,5,7563,2021-10-13,0
2021-05-24,5,7568,2021-10-13,0
2021-05-25,6,7574,2021-10-13,0
2021-05-26,3,7577,2021-10-13,0
2021-05-27,7,7584,2021-10-13,0
2021-05-28,2,7586,2021-10-13,0
2021-05-29,6,7592,2021-10-13,0
2021-05-30,4,7596,2021-10-13,0
2021-05-31,3,7599,2021-10-13,0
2021-06-01,5,7604,2021-10-13,0
2021-06-02,8,7612,2021-10-13,0
2021-06-03,4,7616,2021-10-13,0
2021-06-04,4,7620,2021-10-13,0
2021-06-05,2,7622,2021-10-13,0
2021-06-06,5,7627,2021-10-13,0
2021-06-07,3,7630,2021-10-13,0
2021-06-08,5,7635,2021-10-13,0
2021-06-09,4,7639,2021-10-13,0
2021-06-10,6,7645,2021-10-13,0
2021-06-11,6,7651,2021-10-13,0
2021-06-12,4,7655,2021-10-13,0
2021-06-13,4,7659,2021-10-13,0
2021-06-14,3,7662,2021-10-13,0
2021-06-15,2,7664,2021-10-13,0
2021-06-16,2,7666,2021-10-13,0
2021-06-17,4,7670,2021-10-13,0
2021-06-18,1,7671,2021-10-13,0
2021-06-19,6,7677,2021-10-13,0
2021-06-20,1,7678,2021-10-13,0
2021-06-21,5,7683,2021-10-13,0
2021-06-22,3,7686,2021-10-13,0
2021-06-23,4,7690,2021-10-13,0
2021-06-24,3,7693,2021-10-13,0
2021-06-25,3,7696,2021-10-13,0
2021-06-26,4,7700,2021-10-13,0
2021-06-27,2,7702,2021-10-13,0
2021-06-28,2,7704,2021-10-13,0
2021-06-29,2,7706,2021-10-13,0
2021-06-30,2,7708,2021-10-13,0
2021-07-01,0,7708,2021-10-13,0
2021-07-02,2,7710,2021-10-13,0
2021-07-03,2,7712,2021-10-13,0
2021-07-04,3,7715,2021-10-13,0
2021-07-05,1,7716,2021-10-13,0
2021-07-06,4,7720,2021-10-13,0
2021-07-07,1,7721,2021-10-13,0
2021-07-08,1,7722,2021-10-13,0
2021-07-09,0,7722,2021-10-13,0
2021-07-10,1,7723,2021-10-13,0
2021-07-11,3,7726,2021-10-13,0
2021-07-12,1,7727,2021-10-13,0
2021-07-13,2,7729,2021-10-13,0
2021-07-14,2,7731,2021-10-13,0
2021-07-15,2,7733,2021-10-13,0
2021-07-16,1,7734,2021-10-13,0
2021-07-17,1,7735,2021-10-13,0
2021-07-18,0,7735,2021-10-13,0
2021-07-19,0,7735,2021-10-13,0
2021-07-20,2,7737,2021-10-13,0
2021-07-21,2,7739,2021-10-13,0
2021-07-22,2,7741,2021-10-13,0
2021-07-23,3,7744,2021-10-13,0
2021-07-24,0,7744,2021-10-13,0
2021-07-25,2,7746,2021-10-13,0
2021-07-26,1,7747,2021-10-13,0
2021-07-27,2,7749,2021-10-13,0
2021-07-28,3,7752,2021-10-13,0
2021-07-29,2,7754,2021-10-13,0
2021-07-30,5,7759,2021-10-13,0
2021-07-31,4,7763,2021-10-13,0
2021-08-01,1,7764,2021-10-13,0
2021-08-02,3,7767,2021-10-13,0
2021-08-03,2,7769,2021-10-13,0
2021-08-04,3,7772,2021-10-13,0
2021-08-05,2,7774,2021-10-13,0
2021-08-06,7,7781,2021-10-13,0
2021-08-07,3,7784,2021-10-13,0
2021-08-08,2,7786,2021-10-13,0
2021-08-09,3,7789,2021-10-13,0
2021-08-10,2,7791,2021-10-13,0
2021-08-11,2,7793,2021-10-13,0
2021-08-12,7,7800,2021-10-13,0
2021-08-13,5,7805,2021-10-13,0
2021-08-14,6,7811,2021-10-13,0
2021-08-15,0,7811,2021-10-13,0
2021-08-16,7,7818,2021-10-13,0
2021-08-17,7,7825,2021-10-13,0
2021-08-18,9,7834,2021-10-13,0
2021-08-19,2,7836,2021-10-13,0
2021-08-20,3,7839,2021-10-13,0
2021-08-21,5,7844,2021-10-13,0
2021-08-22,7,7851,2021-10-13,0
2021-08-23,5,7856,2021-10-13,0
2021-08-24,12,7868,2021-10-13,0
2021-08-25,7,7875,2021-10-13,0
2021-08-26,2,7877,2021-10-13,0
2021-08-27,6,7883,2021-10-13,0
2021-08-28,10,7893,2021-10-13,0
2021-08-29,11,7904,2021-10-13,0
2021-08-30,8,7912,2021-10-13,0
2021-08-31,6,7918,2021-10-13,0
2021-09-01,6,7924,2021-10-13,0
2021-09-02,6,7930,2021-10-13,0
2021-09-03,9,7939,2021-10-13,0
2021-09-04,8,7947,2021-10-13,0
2021-09-05,10,7957,2021-10-13,0
2021-09-06,7,7964,2021-10-13,0
2021-09-07,7,7971,2021-10-13,0
2021-09-08,10,7981,2021-10-13,0
2021-09-09,4,7985,2021-10-13,0
2021-09-10,9,7994,2021-10-13,0
2021-09-11,17,8011,2021-10-13,0
2021-09-12,10,8021,2021-10-13,0
2021-09-13,7,8028,2021-10-13,0
2021-09-14,11,8039,2021-10-13,0
2021-09-15,13,8052,2021-10-13,0
2021-09-16,15,8067,2021-10-13,0
2021-09-17,8,8075,2021-10-13,0
2021-09-18,12,8087,2021-10-13,0
2021-09-19,11,8098,2021-10-13,0
2021-09-20,15,8113,2021-10-13,0
2021-09-21,14,8127,2021-10-13,0
2021-09-22,16,8143,2021-10-13,0
2021-09-23,12,8155,2021-10-13,0
2021-09-24,12,8167,2021-10-13,0
2021-09-25,16,8183,2021-10-13,1
2021-09-26,13,8196,2021-10-13,0
2021-09-27,15,8211,2021-10-13,1
2021-09-28,8,8219,2021-10-13,1
2021-09-29,19,8238,2021-10-13,0
2021-09-30,15,8253,2021-10-13,0
2021-10-01,10,8263,2021-10-13,1
2021-10-02,12,8275,2021-10-13,1
2021-10-03,22,8297,2021-10-13,0
2021-10-04,10,8307,2021-10-13,1
2021-10-05,19,8326,2021-10-13,0
2021-10-06,13,8339,2021-10-13,5
2021-10-07,5,8344,2021-10-13,3
2021-10-08,5,8349,2021-10-13,5
2021-10-09,1,8350,2021-10-13,1
2021-10-10,4,8354,2021-10-13,4
NA,0,8354,2021-10-13,0
2020-03-19,1,1,2021-10-14,0
2020-03-20,0,1,2021-10-14,0
2020-03-21,0,1,2021-10-14,0
2020-03-22,0,1,2021-10-14,0
2020-03-23,0,1,2021-10-14,0
2020-03-24,1,2,2021-10-14,0
2020-03-25,1,3,2021-10-14,0
2020-03-26,1,4,2021-10-14,0
2020-03-27,5,9,2021-10-14,0
2020-03-28,3,12,2021-10-14,0
2020-03-29,0,12,2021-10-14,0
2020-03-30,5,17,2021-10-14,0
2020-03-31,2,19,2021-10-14,0
2020-04-01,5,24,2021-10-14,0
2020-04-02,3,27,2021-10-14,0
2020-04-03,1,28,2021-10-14,0
2020-04-04,5,33,2021-10-14,0
2020-04-05,5,38,2021-10-14,0
2020-04-06,10,48,2021-10-14,0
2020-04-07,6,54,2021-10-14,0
2020-04-08,7,61,2021-10-14,0
2020-04-09,8,69,2021-10-14,0
2020-04-10,6,75,2021-10-14,0
2020-04-11,4,79,2021-10-14,0
2020-04-12,4,83,2021-10-14,0
2020-04-13,10,93,2021-10-14,0
2020-04-14,6,99,2021-10-14,0
2020-04-15,17,116,2021-10-14,0
2020-04-16,10,126,2021-10-14,0
2020-04-17,17,143,2021-10-14,0
2020-04-18,17,160,2021-10-14,0
2020-04-19,16,176,2021-10-14,0
2020-04-20,21,197,2021-10-14,0
2020-04-21,26,223,2021-10-14,0
2020-04-22,21,244,2021-10-14,0
2020-04-23,19,263,2021-10-14,0
2020-04-24,23,286,2021-10-14,0
2020-04-25,18,304,2021-10-14,0
2020-04-26,17,321,2021-10-14,0
2020-04-27,21,342,2021-10-14,0
2020-04-28,16,358,2021-10-14,0
2020-04-29,29,387,2021-10-14,0
2020-04-30,18,405,2021-10-14,0
2020-05-01,30,435,2021-10-14,0
2020-05-02,19,454,2021-10-14,0
2020-05-03,29,483,2021-10-14,0
2020-05-04,23,506,2021-10-14,0
2020-05-05,19,525,2021-10-14,0
2020-05-06,25,550,2021-10-14,0
2020-05-07,30,580,2021-10-14,0
2020-05-08,20,600,2021-10-14,0
2020-05-09,26,626,2021-10-14,0
2020-05-10,19,645,2021-10-14,0
2020-05-11,25,670,2021-10-14,0
2020-05-12,20,690,2021-10-14,0
2020-05-13,22,712,2021-10-14,0
2020-05-14,20,732,2021-10-14,0
2020-05-15,20,752,2021-10-14,0
2020-05-16,20,772,2021-10-14,0
2020-05-17,23,795,2021-10-14,0
2020-05-18,18,813,2021-10-14,0
2020-05-19,35,848,2021-10-14,0
2020-05-20,24,872,2021-10-14,0
2020-05-21,17,889,2021-10-14,0
2020-05-22,20,909,2021-10-14,0
2020-05-23,26,935,2021-10-14,0
2020-05-24,25,960,2021-10-14,0
2020-05-25,30,990,2021-10-14,0
2020-05-26,29,1019,2021-10-14,0
2020-05-27,25,1044,2021-10-14,0
2020-05-28,21,1065,2021-10-14,0
2020-05-29,17,1082,2021-10-14,0
2020-05-30,11,1093,2021-10-14,0
2020-05-31,20,1113,2021-10-14,0
2020-06-01,23,1136,2021-10-14,0
2020-06-02,21,1157,2021-10-14,0
2020-06-03,25,1182,2021-10-14,0
2020-06-04,26,1208,2021-10-14,0
2020-06-05,18,1226,2021-10-14,0
2020-06-06,12,1238,2021-10-14,0
2020-06-07,22,1260,2021-10-14,0
2020-06-08,12,1272,2021-10-14,0
2020-06-09,13,1285,2021-10-14,0
2020-06-10,10,1295,2021-10-14,0
2020-06-11,12,1307,2021-10-14,0
2020-06-12,11,1318,2021-10-14,0
2020-06-13,13,1331,2021-10-14,0
2020-06-14,11,1342,2021-10-14,0
2020-06-15,8,1350,2021-10-14,0
2020-06-16,9,1359,2021-10-14,0
2020-06-17,17,1376,2021-10-14,0
2020-06-18,9,1385,2021-10-14,0
2020-06-19,8,1393,2021-10-14,0
2020-06-20,12,1405,2021-10-14,0
2020-06-21,11,1416,2021-10-14,0
2020-06-22,6,1422,2021-10-14,0
2020-06-23,10,1432,2021-10-14,0
2020-06-24,1,1433,2021-10-14,0
2020-06-25,9,1442,2021-10-14,0
2020-06-26,6,1448,2021-10-14,0
2020-06-27,5,1453,2021-10-14,0
2020-06-28,11,1464,2021-10-14,0
2020-06-29,7,1471,2021-10-14,0
2020-06-30,9,1480,2021-10-14,0
2020-07-01,2,1482,2021-10-14,0
2020-07-02,3,1485,2021-10-14,0
2020-07-03,5,1490,2021-10-14,0
2020-07-04,4,1494,2021-10-14,0
2020-07-05,6,1500,2021-10-14,0
2020-07-06,4,1504,2021-10-14,0
2020-07-07,2,1506,2021-10-14,0
2020-07-08,9,1515,2021-10-14,0
2020-07-09,4,1519,2021-10-14,0
2020-07-10,3,1522,2021-10-14,0
2020-07-11,4,1526,2021-10-14,0
2020-07-12,6,1532,2021-10-14,0
2020-07-13,2,1534,2021-10-14,0
2020-07-14,6,1540,2021-10-14,0
2020-07-15,7,1547,2021-10-14,0
2020-07-16,3,1550,2021-10-14,0
2020-07-17,7,1557,2021-10-14,0
2020-07-18,6,1563,2021-10-14,0
2020-07-19,5,1568,2021-10-14,0
2020-07-20,3,1571,2021-10-14,0
2020-07-21,6,1577,2021-10-14,0
2020-07-22,5,1582,2021-10-14,0
2020-07-23,8,1590,2021-10-14,0
2020-07-24,6,1596,2021-10-14,0
2020-07-25,2,1598,2021-10-14,0
2020-07-26,5,1603,2021-10-14,0
2020-07-27,5,1608,2021-10-14,0
2020-07-28,7,1615,2021-10-14,0
2020-07-29,3,1618,2021-10-14,0
2020-07-30,6,1624,2021-10-14,0
2020-07-31,9,1633,2021-10-14,0
2020-08-01,4,1637,2021-10-14,0
2020-08-02,7,1644,2021-10-14,0
2020-08-03,4,1648,2021-10-14,0
2020-08-04,7,1655,2021-10-14,0
2020-08-05,8,1663,2021-10-14,0
2020-08-06,9,1672,2021-10-14,0
2020-08-07,7,1679,2021-10-14,0
2020-08-08,6,1685,2021-10-14,0
2020-08-09,10,1695,2021-10-14,0
2020-08-10,3,1698,2021-10-14,0
2020-08-11,9,1707,2021-10-14,0
2020-08-12,7,1714,2021-10-14,0
2020-08-13,5,1719,2021-10-14,0
2020-08-14,9,1728,2021-10-14,0
2020-08-15,13,1741,2021-10-14,0
2020-08-16,13,1754,2021-10-14,0
2020-08-17,6,1760,2021-10-14,0
2020-08-18,11,1771,2021-10-14,0
2020-08-19,3,1774,2021-10-14,0
2020-08-20,10,1784,2021-10-14,0
2020-08-21,12,1796,2021-10-14,0
2020-08-22,9,1805,2021-10-14,0
2020-08-23,7,1812,2021-10-14,0
2020-08-24,9,1821,2021-10-14,0
2020-08-25,4,1825,2021-10-14,0
2020-08-26,3,1828,2021-10-14,0
2020-08-27,7,1835,2021-10-14,0
2020-08-28,6,1841,2021-10-14,0
2020-08-29,3,1844,2021-10-14,0
2020-08-30,5,1849,2021-10-14,0
2020-08-31,9,1858,2021-10-14,0
2020-09-01,2,1860,2021-10-14,0
2020-09-02,7,1867,2021-10-14,0
2020-09-03,12,1879,2021-10-14,0
2020-09-04,4,1883,2021-10-14,0
2020-09-05,6,1889,2021-10-14,0
2020-09-06,12,1901,2021-10-14,0
2020-09-07,3,1904,2021-10-14,0
2020-09-08,6,1910,2021-10-14,0
2020-09-09,10,1920,2021-10-14,0
2020-09-10,9,1929,2021-10-14,0
2020-09-11,11,1940,2021-10-14,0
2020-09-12,8,1948,2021-10-14,0
2020-09-13,8,1956,2021-10-14,0
2020-09-14,2,1958,2021-10-14,0
2020-09-15,7,1965,2021-10-14,0
2020-09-16,9,1974,2021-10-14,0
2020-09-17,5,1979,2021-10-14,0
2020-09-18,6,1985,2021-10-14,0
2020-09-19,4,1989,2021-10-14,0
2020-09-20,9,1998,2021-10-14,0
2020-09-21,7,2005,2021-10-14,0
2020-09-22,8,2013,2021-10-14,0
2020-09-23,9,2022,2021-10-14,0
2020-09-24,8,2030,2021-10-14,0
2020-09-25,11,2041,2021-10-14,0
2020-09-26,9,2050,2021-10-14,0
2020-09-27,14,2064,2021-10-14,0
2020-09-28,11,2075,2021-10-14,0
2020-09-29,5,2080,2021-10-14,0
2020-09-30,16,2096,2021-10-14,0
2020-10-01,7,2103,2021-10-14,0
2020-10-02,13,2116,2021-10-14,0
2020-10-03,9,2125,2021-10-14,0
2020-10-04,7,2132,2021-10-14,0
2020-10-05,10,2142,2021-10-14,0
2020-10-06,13,2155,2021-10-14,0
2020-10-07,19,2174,2021-10-14,0
2020-10-08,9,2183,2021-10-14,0
2020-10-09,17,2200,2021-10-14,0
2020-10-10,16,2216,2021-10-14,0
2020-10-11,16,2232,2021-10-14,0
2020-10-12,20,2252,2021-10-14,0
2020-10-13,14,2266,2021-10-14,0
2020-10-14,10,2276,2021-10-14,0
2020-10-15,9,2285,2021-10-14,0
2020-10-16,12,2297,2021-10-14,0
2020-10-17,18,2315,2021-10-14,0
2020-10-18,25,2340,2021-10-14,0
2020-10-19,18,2358,2021-10-14,0
2020-10-20,15,2373,2021-10-14,0
2020-10-21,24,2397,2021-10-14,0
2020-10-22,18,2415,2021-10-14,0
2020-10-23,19,2434,2021-10-14,0
2020-10-24,8,2442,2021-10-14,0
2020-10-25,17,2459,2021-10-14,0
2020-10-26,25,2484,2021-10-14,0
2020-10-27,23,2507,2021-10-14,0
2020-10-28,29,2536,2021-10-14,0
2020-10-29,18,2554,2021-10-14,0
2020-10-30,27,2581,2021-10-14,0
2020-10-31,25,2606,2021-10-14,0
2020-11-01,21,2627,2021-10-14,0
2020-11-02,25,2652,2021-10-14,0
2020-11-03,25,2677,2021-10-14,0
2020-11-04,33,2710,2021-10-14,0
2020-11-05,38,2748,2021-10-14,0
2020-11-06,39,2787,2021-10-14,0
2020-11-07,42,2829,2021-10-14,0
2020-11-08,47,2876,2021-10-14,0
2020-11-09,36,2912,2021-10-14,0
2020-11-10,35,2947,2021-10-14,0
2020-11-11,43,2990,2021-10-14,0
2020-11-12,45,3035,2021-10-14,0
2020-11-13,40,3075,2021-10-14,0
2020-11-14,47,3122,2021-10-14,0
2020-11-15,46,3168,2021-10-14,0
2020-11-16,62,3230,2021-10-14,0
2020-11-17,56,3286,2021-10-14,0
2020-11-18,61,3347,2021-10-14,0
2020-11-19,60,3407,2021-10-14,0
2020-11-20,63,3470,2021-10-14,0
2020-11-21,58,3528,2021-10-14,0
2020-11-22,67,3595,2021-10-14,0
2020-11-23,59,3654,2021-10-14,0
2020-11-24,69,3723,2021-10-14,0
2020-11-25,72,3795,2021-10-14,0
2020-11-26,54,3849,2021-10-14,0
2020-11-27,69,3918,2021-10-14,0
2020-11-28,62,3980,2021-10-14,0
2020-11-29,68,4048,2021-10-14,0
2020-11-30,61,4109,2021-10-14,0
2020-12-01,64,4173,2021-10-14,0
2020-12-02,73,4246,2021-10-14,0
2020-12-03,86,4332,2021-10-14,0
2020-12-04,67,4399,2021-10-14,0
2020-12-05,74,4473,2021-10-14,0
2020-12-06,80,4553,2021-10-14,0
2020-12-07,75,4628,2021-10-14,0
2020-12-08,61,4689,2021-10-14,0
2020-12-09,71,4760,2021-10-14,0
2020-12-10,72,4832,2021-10-14,0
2020-12-11,71,4903,2021-10-14,0
2020-12-12,72,4975,2021-10-14,0
2020-12-13,56,5031,2021-10-14,0
2020-12-14,43,5074,2021-10-14,0
2020-12-15,65,5139,2021-10-14,0
2020-12-16,73,5212,2021-10-14,0
2020-12-17,60,5272,2021-10-14,0
2020-12-18,59,5331,2021-10-14,0
2020-12-19,56,5387,2021-10-14,0
2020-12-20,60,5447,2021-10-14,0
2020-12-21,58,5505,2021-10-14,0
2020-12-22,33,5538,2021-10-14,0
2020-12-23,46,5584,2021-10-14,0
2020-12-24,50,5634,2021-10-14,0
2020-12-25,36,5670,2021-10-14,0
2020-12-26,43,5713,2021-10-14,0
2020-12-27,41,5754,2021-10-14,0
2020-12-28,34,5788,2021-10-14,0
2020-12-29,37,5825,2021-10-14,0
2020-12-30,47,5872,2021-10-14,0
2020-12-31,36,5908,2021-10-14,0
2021-01-01,28,5936,2021-10-14,0
2021-01-02,47,5983,2021-10-14,0
2021-01-03,37,6020,2021-10-14,0
2021-01-04,32,6052,2021-10-14,0
2021-01-05,40,6092,2021-10-14,0
2021-01-06,32,6124,2021-10-14,0
2021-01-07,37,6161,2021-10-14,0
2021-01-08,32,6193,2021-10-14,0
2021-01-09,26,6219,2021-10-14,0
2021-01-10,29,6248,2021-10-14,0
2021-01-11,26,6274,2021-10-14,0
2021-01-12,32,6306,2021-10-14,0
2021-01-13,23,6329,2021-10-14,0
2021-01-14,41,6370,2021-10-14,0
2021-01-15,26,6396,2021-10-14,0
2021-01-16,30,6426,2021-10-14,0
2021-01-17,21,6447,2021-10-14,0
2021-01-18,19,6466,2021-10-14,0
2021-01-19,14,6480,2021-10-14,0
2021-01-20,26,6506,2021-10-14,0
2021-01-21,16,6522,2021-10-14,0
2021-01-22,13,6535,2021-10-14,0
2021-01-23,17,6552,2021-10-14,0
2021-01-24,24,6576,2021-10-14,0
2021-01-25,19,6595,2021-10-14,0
2021-01-26,21,6616,2021-10-14,0
2021-01-27,11,6627,2021-10-14,0
2021-01-28,12,6639,2021-10-14,0
2021-01-29,15,6654,2021-10-14,0
2021-01-30,13,6667,2021-10-14,0
2021-01-31,16,6683,2021-10-14,0
2021-02-01,17,6700,2021-10-14,0
2021-02-02,10,6710,2021-10-14,0
2021-02-03,11,6721,2021-10-14,0
2021-02-04,11,6732,2021-10-14,0
2021-02-05,12,6744,2021-10-14,0
2021-02-06,12,6756,2021-10-14,0
2021-02-07,19,6775,2021-10-14,0
2021-02-08,11,6786,2021-10-14,0
2021-02-09,15,6801,2021-10-14,0
2021-02-10,13,6814,2021-10-14,0
2021-02-11,7,6821,2021-10-14,0
2021-02-12,13,6834,2021-10-14,0
2021-02-13,8,6842,2021-10-14,0
2021-02-14,10,6852,2021-10-14,0
2021-02-15,9,6861,2021-10-14,0
2021-02-16,12,6873,2021-10-14,0
2021-02-17,10,6883,2021-10-14,0
2021-02-18,7,6890,2021-10-14,0
2021-02-19,6,6896,2021-10-14,0
2021-02-20,7,6903,2021-10-14,0
2021-02-21,4,6907,2021-10-14,0
2021-02-22,5,6912,2021-10-14,0
2021-02-23,9,6921,2021-10-14,0
2021-02-24,5,6926,2021-10-14,0
2021-02-25,5,6931,2021-10-14,0
2021-02-26,7,6938,2021-10-14,0
2021-02-27,6,6944,2021-10-14,0
2021-02-28,8,6952,2021-10-14,0
2021-03-01,7,6959,2021-10-14,0
2021-03-02,3,6962,2021-10-14,0
2021-03-03,10,6972,2021-10-14,0
2021-03-04,6,6978,2021-10-14,0
2021-03-05,10,6988,2021-10-14,0
2021-03-06,5,6993,2021-10-14,0
2021-03-07,9,7002,2021-10-14,0
2021-03-08,5,7007,2021-10-14,0
2021-03-09,7,7014,2021-10-14,0
2021-03-10,5,7019,2021-10-14,0
2021-03-11,4,7023,2021-10-14,0
2021-03-12,11,7034,2021-10-14,0
2021-03-13,5,7039,2021-10-14,0
2021-03-14,5,7044,2021-10-14,0
2021-03-15,2,7046,2021-10-14,0
2021-03-16,6,7052,2021-10-14,0
2021-03-17,4,7056,2021-10-14,0
2021-03-18,5,7061,2021-10-14,0
2021-03-19,5,7066,2021-10-14,0
2021-03-20,9,7075,2021-10-14,0
2021-03-21,5,7080,2021-10-14,0
2021-03-22,4,7084,2021-10-14,0
2021-03-23,5,7089,2021-10-14,0
2021-03-24,1,7090,2021-10-14,0
2021-03-25,5,7095,2021-10-14,0
2021-03-26,3,7098,2021-10-14,0
2021-03-27,7,7105,2021-10-14,0
2021-03-28,6,7111,2021-10-14,0
2021-03-29,5,7116,2021-10-14,0
2021-03-30,6,7122,2021-10-14,0
2021-03-31,8,7130,2021-10-14,0
2021-04-01,6,7136,2021-10-14,0
2021-04-02,9,7145,2021-10-14,0
2021-04-03,8,7153,2021-10-14,0
2021-04-04,6,7159,2021-10-14,0
2021-04-05,8,7167,2021-10-14,0
2021-04-06,6,7173,2021-10-14,0
2021-04-07,6,7179,2021-10-14,0
2021-04-08,10,7189,2021-10-14,0
2021-04-09,7,7196,2021-10-14,0
2021-04-10,7,7203,2021-10-14,0
2021-04-11,8,7211,2021-10-14,0
2021-04-12,10,7221,2021-10-14,0
2021-04-13,7,7228,2021-10-14,0
2021-04-14,8,7236,2021-10-14,0
2021-04-15,14,7250,2021-10-14,0
2021-04-16,8,7258,2021-10-14,0
2021-04-17,8,7266,2021-10-14,0
2021-04-18,8,7274,2021-10-14,0
2021-04-19,10,7284,2021-10-14,0
2021-04-20,5,7289,2021-10-14,0
2021-04-21,8,7297,2021-10-14,0
2021-04-22,1,7298,2021-10-14,0
2021-04-23,15,7313,2021-10-14,0
2021-04-24,11,7324,2021-10-14,0
2021-04-25,15,7339,2021-10-14,0
2021-04-26,14,7353,2021-10-14,0
2021-04-27,7,7360,2021-10-14,0
2021-04-28,14,7374,2021-10-14,0
2021-04-29,8,7382,2021-10-14,0
2021-04-30,11,7393,2021-10-14,0
2021-05-01,7,7400,2021-10-14,0
2021-05-02,8,7408,2021-10-14,0
2021-05-03,5,7413,2021-10-14,0
2021-05-04,13,7426,2021-10-14,0
2021-05-05,8,7434,2021-10-14,0
2021-05-06,5,7439,2021-10-14,0
2021-05-07,8,7447,2021-10-14,0
2021-05-08,7,7454,2021-10-14,0
2021-05-09,9,7463,2021-10-14,0
2021-05-10,8,7471,2021-10-14,0
2021-05-11,6,7477,2021-10-14,0
2021-05-12,9,7486,2021-10-14,0
2021-05-13,9,7495,2021-10-14,0
2021-05-14,11,7506,2021-10-14,0
2021-05-15,9,7515,2021-10-14,0
2021-05-16,6,7521,2021-10-14,0
2021-05-17,5,7526,2021-10-14,0
2021-05-18,7,7533,2021-10-14,0
2021-05-19,2,7535,2021-10-14,0
2021-05-20,5,7540,2021-10-14,0
2021-05-21,7,7547,2021-10-14,0
2021-05-22,11,7558,2021-10-14,0
2021-05-23,5,7563,2021-10-14,0
2021-05-24,5,7568,2021-10-14,0
2021-05-25,6,7574,2021-10-14,0
2021-05-26,3,7577,2021-10-14,0
2021-05-27,7,7584,2021-10-14,0
2021-05-28,2,7586,2021-10-14,0
2021-05-29,6,7592,2021-10-14,0
2021-05-30,4,7596,2021-10-14,0
2021-05-31,3,7599,2021-10-14,0
2021-06-01,5,7604,2021-10-14,0
2021-06-02,8,7612,2021-10-14,0
2021-06-03,4,7616,2021-10-14,0
2021-06-04,4,7620,2021-10-14,0
2021-06-05,2,7622,2021-10-14,0
2021-06-06,5,7627,2021-10-14,0
2021-06-07,3,7630,2021-10-14,0
2021-06-08,5,7635,2021-10-14,0
2021-06-09,4,7639,2021-10-14,0
2021-06-10,6,7645,2021-10-14,0
2021-06-11,6,7651,2021-10-14,0
2021-06-12,4,7655,2021-10-14,0
2021-06-13,4,7659,2021-10-14,0
2021-06-14,3,7662,2021-10-14,0
2021-06-15,2,7664,2021-10-14,0
2021-06-16,2,7666,2021-10-14,0
2021-06-17,4,7670,2021-10-14,0
2021-06-18,1,7671,2021-10-14,0
2021-06-19,6,7677,2021-10-14,0
2021-06-20,1,7678,2021-10-14,0
2021-06-21,5,7683,2021-10-14,0
2021-06-22,3,7686,2021-10-14,0
2021-06-23,4,7690,2021-10-14,0
2021-06-24,3,7693,2021-10-14,0
2021-06-25,3,7696,2021-10-14,0
2021-06-26,4,7700,2021-10-14,0
2021-06-27,2,7702,2021-10-14,0
2021-06-28,2,7704,2021-10-14,0
2021-06-29,2,7706,2021-10-14,0
2021-06-30,2,7708,2021-10-14,0
2021-07-01,0,7708,2021-10-14,0
2021-07-02,2,7710,2021-10-14,0
2021-07-03,2,7712,2021-10-14,0
2021-07-04,3,7715,2021-10-14,0
2021-07-05,1,7716,2021-10-14,0
2021-07-06,4,7720,2021-10-14,0
2021-07-07,1,7721,2021-10-14,0
2021-07-08,1,7722,2021-10-14,0
2021-07-09,0,7722,2021-10-14,0
2021-07-10,1,7723,2021-10-14,0
2021-07-11,3,7726,2021-10-14,0
2021-07-12,1,7727,2021-10-14,0
2021-07-13,2,7729,2021-10-14,0
2021-07-14,2,7731,2021-10-14,0
2021-07-15,2,7733,2021-10-14,0
2021-07-16,1,7734,2021-10-14,0
2021-07-17,1,7735,2021-10-14,0
2021-07-18,0,7735,2021-10-14,0
2021-07-19,0,7735,2021-10-14,0
2021-07-20,2,7737,2021-10-14,0
2021-07-21,2,7739,2021-10-14,0
2021-07-22,2,7741,2021-10-14,0
2021-07-23,3,7744,2021-10-14,0
2021-07-24,0,7744,2021-10-14,0
2021-07-25,2,7746,2021-10-14,0
2021-07-26,1,7747,2021-10-14,0
2021-07-27,2,7749,2021-10-14,0
2021-07-28,3,7752,2021-10-14,0
2021-07-29,2,7754,2021-10-14,0
2021-07-30,5,7759,2021-10-14,0
2021-07-31,4,7763,2021-10-14,0
2021-08-01,1,7764,2021-10-14,0
2021-08-02,3,7767,2021-10-14,0
2021-08-03,2,7769,2021-10-14,0
2021-08-04,3,7772,2021-10-14,0
2021-08-05,2,7774,2021-10-14,0
2021-08-06,7,7781,2021-10-14,0
2021-08-07,3,7784,2021-10-14,0
2021-08-08,2,7786,2021-10-14,0
2021-08-09,3,7789,2021-10-14,0
2021-08-10,2,7791,2021-10-14,0
2021-08-11,2,7793,2021-10-14,0
2021-08-12,7,7800,2021-10-14,0
2021-08-13,5,7805,2021-10-14,0
2021-08-14,6,7811,2021-10-14,0
2021-08-15,0,7811,2021-10-14,0
2021-08-16,7,7818,2021-10-14,0
2021-08-17,7,7825,2021-10-14,0
2021-08-18,9,7834,2021-10-14,0
2021-08-19,2,7836,2021-10-14,0
2021-08-20,3,7839,2021-10-14,0
2021-08-21,5,7844,2021-10-14,0
2021-08-22,7,7851,2021-10-14,0
2021-08-23,5,7856,2021-10-14,0
2021-08-24,12,7868,2021-10-14,0
2021-08-25,7,7875,2021-10-14,0
2021-08-26,2,7877,2021-10-14,0
2021-08-27,6,7883,2021-10-14,0
2021-08-28,10,7893,2021-10-14,0
2021-08-29,11,7904,2021-10-14,0
2021-08-30,8,7912,2021-10-14,0
2021-08-31,6,7918,2021-10-14,0
2021-09-01,6,7924,2021-10-14,0
2021-09-02,6,7930,2021-10-14,0
2021-09-03,9,7939,2021-10-14,0
2021-09-04,8,7947,2021-10-14,0
2021-09-05,10,7957,2021-10-14,0
2021-09-06,7,7964,2021-10-14,0
2021-09-07,7,7971,2021-10-14,0
2021-09-08,10,7981,2021-10-14,0
2021-09-09,4,7985,2021-10-14,0
2021-09-10,9,7994,2021-10-14,0
2021-09-11,17,8011,2021-10-14,0
2021-09-12,10,8021,2021-10-14,0
2021-09-13,7,8028,2021-10-14,0
2021-09-14,11,8039,2021-10-14,0
2021-09-15,13,8052,2021-10-14,0
2021-09-16,15,8067,2021-10-14,0
2021-09-17,8,8075,2021-10-14,0
2021-09-18,12,8087,2021-10-14,0
2021-09-19,11,8098,2021-10-14,0
2021-09-20,15,8113,2021-10-14,0
2021-09-21,14,8127,2021-10-14,0
2021-09-22,16,8143,2021-10-14,0
2021-09-23,12,8155,2021-10-14,0
2021-09-24,12,8167,2021-10-14,0
2021-09-25,16,8183,2021-10-14,0
2021-09-26,13,8196,2021-10-14,0
2021-09-27,15,8211,2021-10-14,0
2021-09-28,9,8220,2021-10-14,1
2021-09-29,19,8239,2021-10-14,0
2021-09-30,15,8254,2021-10-14,0
2021-10-01,11,8265,2021-10-14,1
2021-10-02,12,8277,2021-10-14,0
2021-10-03,22,8299,2021-10-14,0
2021-10-04,12,8311,2021-10-14,2
2021-10-05,19,8330,2021-10-14,0
2021-10-06,15,8345,2021-10-14,2
2021-10-07,9,8354,2021-10-14,4
2021-10-08,8,8362,2021-10-14,3
2021-10-09,7,8369,2021-10-14,6
2021-10-10,6,8375,2021-10-14,2
2021-10-11,3,8378,2021-10-14,3
2021-10-12,1,8379,2021-10-14,1
NA,0,8379,2021-10-14,0
2020-03-19,1,1,2021-10-15,0
2020-03-20,0,1,2021-10-15,0
2020-03-21,0,1,2021-10-15,0
2020-03-22,0,1,2021-10-15,0
2020-03-23,0,1,2021-10-15,0
2020-03-24,1,2,2021-10-15,0
2020-03-25,1,3,2021-10-15,0
2020-03-26,1,4,2021-10-15,0
2020-03-27,5,9,2021-10-15,0
2020-03-28,3,12,2021-10-15,0
2020-03-29,0,12,2021-10-15,0
2020-03-30,5,17,2021-10-15,0
2020-03-31,2,19,2021-10-15,0
2020-04-01,5,24,2021-10-15,0
2020-04-02,3,27,2021-10-15,0
2020-04-03,1,28,2021-10-15,0
2020-04-04,5,33,2021-10-15,0
2020-04-05,5,38,2021-10-15,0
2020-04-06,10,48,2021-10-15,0
2020-04-07,6,54,2021-10-15,0
2020-04-08,7,61,2021-10-15,0
2020-04-09,8,69,2021-10-15,0
2020-04-10,6,75,2021-10-15,0
2020-04-11,4,79,2021-10-15,0
2020-04-12,4,83,2021-10-15,0
2020-04-13,10,93,2021-10-15,0
2020-04-14,6,99,2021-10-15,0
2020-04-15,17,116,2021-10-15,0
2020-04-16,10,126,2021-10-15,0
2020-04-17,17,143,2021-10-15,0
2020-04-18,17,160,2021-10-15,0
2020-04-19,16,176,2021-10-15,0
2020-04-20,21,197,2021-10-15,0
2020-04-21,26,223,2021-10-15,0
2020-04-22,21,244,2021-10-15,0
2020-04-23,19,263,2021-10-15,0
2020-04-24,23,286,2021-10-15,0
2020-04-25,18,304,2021-10-15,0
2020-04-26,17,321,2021-10-15,0
2020-04-27,21,342,2021-10-15,0
2020-04-28,16,358,2021-10-15,0
2020-04-29,29,387,2021-10-15,0
2020-04-30,18,405,2021-10-15,0
2020-05-01,30,435,2021-10-15,0
2020-05-02,19,454,2021-10-15,0
2020-05-03,29,483,2021-10-15,0
2020-05-04,23,506,2021-10-15,0
2020-05-05,19,525,2021-10-15,0
2020-05-06,25,550,2021-10-15,0
2020-05-07,30,580,2021-10-15,0
2020-05-08,20,600,2021-10-15,0
2020-05-09,26,626,2021-10-15,0
2020-05-10,19,645,2021-10-15,0
2020-05-11,25,670,2021-10-15,0
2020-05-12,20,690,2021-10-15,0
2020-05-13,22,712,2021-10-15,0
2020-05-14,20,732,2021-10-15,0
2020-05-15,20,752,2021-10-15,0
2020-05-16,20,772,2021-10-15,0
2020-05-17,23,795,2021-10-15,0
2020-05-18,18,813,2021-10-15,0
2020-05-19,35,848,2021-10-15,0
2020-05-20,24,872,2021-10-15,0
2020-05-21,17,889,2021-10-15,0
2020-05-22,20,909,2021-10-15,0
2020-05-23,26,935,2021-10-15,0
2020-05-24,25,960,2021-10-15,0
2020-05-25,30,990,2021-10-15,0
2020-05-26,29,1019,2021-10-15,0
2020-05-27,25,1044,2021-10-15,0
2020-05-28,21,1065,2021-10-15,0
2020-05-29,17,1082,2021-10-15,0
2020-05-30,11,1093,2021-10-15,0
2020-05-31,20,1113,2021-10-15,0
2020-06-01,23,1136,2021-10-15,0
2020-06-02,21,1157,2021-10-15,0
2020-06-03,25,1182,2021-10-15,0
2020-06-04,26,1208,2021-10-15,0
2020-06-05,18,1226,2021-10-15,0
2020-06-06,12,1238,2021-10-15,0
2020-06-07,22,1260,2021-10-15,0
2020-06-08,12,1272,2021-10-15,0
2020-06-09,13,1285,2021-10-15,0
2020-06-10,10,1295,2021-10-15,0
2020-06-11,12,1307,2021-10-15,0
2020-06-12,11,1318,2021-10-15,0
2020-06-13,13,1331,2021-10-15,0
2020-06-14,11,1342,2021-10-15,0
2020-06-15,8,1350,2021-10-15,0
2020-06-16,9,1359,2021-10-15,0
2020-06-17,17,1376,2021-10-15,0
2020-06-18,9,1385,2021-10-15,0
2020-06-19,8,1393,2021-10-15,0
2020-06-20,12,1405,2021-10-15,0
2020-06-21,11,1416,2021-10-15,0
2020-06-22,6,1422,2021-10-15,0
2020-06-23,10,1432,2021-10-15,0
2020-06-24,1,1433,2021-10-15,0
2020-06-25,9,1442,2021-10-15,0
2020-06-26,6,1448,2021-10-15,0
2020-06-27,5,1453,2021-10-15,0
2020-06-28,11,1464,2021-10-15,0
2020-06-29,7,1471,2021-10-15,0
2020-06-30,9,1480,2021-10-15,0
2020-07-01,2,1482,2021-10-15,0
2020-07-02,3,1485,2021-10-15,0
2020-07-03,5,1490,2021-10-15,0
2020-07-04,4,1494,2021-10-15,0
2020-07-05,6,1500,2021-10-15,0
2020-07-06,4,1504,2021-10-15,0
2020-07-07,2,1506,2021-10-15,0
2020-07-08,9,1515,2021-10-15,0
2020-07-09,4,1519,2021-10-15,0
2020-07-10,3,1522,2021-10-15,0
2020-07-11,4,1526,2021-10-15,0
2020-07-12,6,1532,2021-10-15,0
2020-07-13,2,1534,2021-10-15,0
2020-07-14,6,1540,2021-10-15,0
2020-07-15,7,1547,2021-10-15,0
2020-07-16,3,1550,2021-10-15,0
2020-07-17,7,1557,2021-10-15,0
2020-07-18,6,1563,2021-10-15,0
2020-07-19,5,1568,2021-10-15,0
2020-07-20,3,1571,2021-10-15,0
2020-07-21,6,1577,2021-10-15,0
2020-07-22,5,1582,2021-10-15,0
2020-07-23,8,1590,2021-10-15,0
2020-07-24,6,1596,2021-10-15,0
2020-07-25,2,1598,2021-10-15,0
2020-07-26,5,1603,2021-10-15,0
2020-07-27,5,1608,2021-10-15,0
2020-07-28,7,1615,2021-10-15,0
2020-07-29,3,1618,2021-10-15,0
2020-07-30,6,1624,2021-10-15,0
2020-07-31,9,1633,2021-10-15,0
2020-08-01,4,1637,2021-10-15,0
2020-08-02,7,1644,2021-10-15,0
2020-08-03,4,1648,2021-10-15,0
2020-08-04,7,1655,2021-10-15,0
2020-08-05,8,1663,2021-10-15,0
2020-08-06,9,1672,2021-10-15,0
2020-08-07,7,1679,2021-10-15,0
2020-08-08,6,1685,2021-10-15,0
2020-08-09,10,1695,2021-10-15,0
2020-08-10,3,1698,2021-10-15,0
2020-08-11,9,1707,2021-10-15,0
2020-08-12,7,1714,2021-10-15,0
2020-08-13,5,1719,2021-10-15,0
2020-08-14,9,1728,2021-10-15,0
2020-08-15,13,1741,2021-10-15,0
2020-08-16,13,1754,2021-10-15,0
2020-08-17,6,1760,2021-10-15,0
2020-08-18,11,1771,2021-10-15,0
2020-08-19,3,1774,2021-10-15,0
2020-08-20,10,1784,2021-10-15,0
2020-08-21,12,1796,2021-10-15,0
2020-08-22,9,1805,2021-10-15,0
2020-08-23,7,1812,2021-10-15,0
2020-08-24,9,1821,2021-10-15,0
2020-08-25,4,1825,2021-10-15,0
2020-08-26,3,1828,2021-10-15,0
2020-08-27,7,1835,2021-10-15,0
2020-08-28,6,1841,2021-10-15,0
2020-08-29,3,1844,2021-10-15,0
2020-08-30,5,1849,2021-10-15,0
2020-08-31,9,1858,2021-10-15,0
2020-09-01,2,1860,2021-10-15,0
2020-09-02,7,1867,2021-10-15,0
2020-09-03,12,1879,2021-10-15,0
2020-09-04,4,1883,2021-10-15,0
2020-09-05,6,1889,2021-10-15,0
2020-09-06,12,1901,2021-10-15,0
2020-09-07,3,1904,2021-10-15,0
2020-09-08,6,1910,2021-10-15,0
2020-09-09,10,1920,2021-10-15,0
2020-09-10,9,1929,2021-10-15,0
2020-09-11,11,1940,2021-10-15,0
2020-09-12,8,1948,2021-10-15,0
2020-09-13,8,1956,2021-10-15,0
2020-09-14,2,1958,2021-10-15,0
2020-09-15,7,1965,2021-10-15,0
2020-09-16,9,1974,2021-10-15,0
2020-09-17,5,1979,2021-10-15,0
2020-09-18,6,1985,2021-10-15,0
2020-09-19,4,1989,2021-10-15,0
2020-09-20,9,1998,2021-10-15,0
2020-09-21,7,2005,2021-10-15,0
2020-09-22,8,2013,2021-10-15,0
2020-09-23,9,2022,2021-10-15,0
2020-09-24,8,2030,2021-10-15,0
2020-09-25,11,2041,2021-10-15,0
2020-09-26,9,2050,2021-10-15,0
2020-09-27,14,2064,2021-10-15,0
2020-09-28,11,2075,2021-10-15,0
2020-09-29,5,2080,2021-10-15,0
2020-09-30,16,2096,2021-10-15,0
2020-10-01,7,2103,2021-10-15,0
2020-10-02,13,2116,2021-10-15,0
2020-10-03,9,2125,2021-10-15,0
2020-10-04,7,2132,2021-10-15,0
2020-10-05,10,2142,2021-10-15,0
2020-10-06,13,2155,2021-10-15,0
2020-10-07,19,2174,2021-10-15,0
2020-10-08,9,2183,2021-10-15,0
2020-10-09,17,2200,2021-10-15,0
2020-10-10,16,2216,2021-10-15,0
2020-10-11,16,2232,2021-10-15,0
2020-10-12,20,2252,2021-10-15,0
2020-10-13,14,2266,2021-10-15,0
2020-10-14,10,2276,2021-10-15,0
2020-10-15,9,2285,2021-10-15,0
2020-10-16,12,2297,2021-10-15,0
2020-10-17,18,2315,2021-10-15,0
2020-10-18,25,2340,2021-10-15,0
2020-10-19,18,2358,2021-10-15,0
2020-10-20,15,2373,2021-10-15,0
2020-10-21,24,2397,2021-10-15,0
2020-10-22,18,2415,2021-10-15,0
2020-10-23,19,2434,2021-10-15,0
2020-10-24,8,2442,2021-10-15,0
2020-10-25,17,2459,2021-10-15,0
2020-10-26,25,2484,2021-10-15,0
2020-10-27,23,2507,2021-10-15,0
2020-10-28,29,2536,2021-10-15,0
2020-10-29,18,2554,2021-10-15,0
2020-10-30,27,2581,2021-10-15,0
2020-10-31,25,2606,2021-10-15,0
2020-11-01,21,2627,2021-10-15,0
2020-11-02,25,2652,2021-10-15,0
2020-11-03,25,2677,2021-10-15,0
2020-11-04,33,2710,2021-10-15,0
2020-11-05,38,2748,2021-10-15,0
2020-11-06,39,2787,2021-10-15,0
2020-11-07,42,2829,2021-10-15,0
2020-11-08,47,2876,2021-10-15,0
2020-11-09,36,2912,2021-10-15,0
2020-11-10,35,2947,2021-10-15,0
2020-11-11,43,2990,2021-10-15,0
2020-11-12,45,3035,2021-10-15,0
2020-11-13,40,3075,2021-10-15,0
2020-11-14,47,3122,2021-10-15,0
2020-11-15,46,3168,2021-10-15,0
2020-11-16,62,3230,2021-10-15,0
2020-11-17,56,3286,2021-10-15,0
2020-11-18,61,3347,2021-10-15,0
2020-11-19,60,3407,2021-10-15,0
2020-11-20,63,3470,2021-10-15,0
2020-11-21,58,3528,2021-10-15,0
2020-11-22,67,3595,2021-10-15,0
2020-11-23,59,3654,2021-10-15,0
2020-11-24,69,3723,2021-10-15,0
2020-11-25,72,3795,2021-10-15,0
2020-11-26,54,3849,2021-10-15,0
2020-11-27,69,3918,2021-10-15,0
2020-11-28,62,3980,2021-10-15,0
2020-11-29,68,4048,2021-10-15,0
2020-11-30,61,4109,2021-10-15,0
2020-12-01,64,4173,2021-10-15,0
2020-12-02,73,4246,2021-10-15,0
2020-12-03,86,4332,2021-10-15,0
2020-12-04,67,4399,2021-10-15,0
2020-12-05,74,4473,2021-10-15,0
2020-12-06,80,4553,2021-10-15,0
2020-12-07,75,4628,2021-10-15,0
2020-12-08,61,4689,2021-10-15,0
2020-12-09,71,4760,2021-10-15,0
2020-12-10,72,4832,2021-10-15,0
2020-12-11,71,4903,2021-10-15,0
2020-12-12,72,4975,2021-10-15,0
2020-12-13,56,5031,2021-10-15,0
2020-12-14,43,5074,2021-10-15,0
2020-12-15,65,5139,2021-10-15,0
2020-12-16,73,5212,2021-10-15,0
2020-12-17,60,5272,2021-10-15,0
2020-12-18,59,5331,2021-10-15,0
2020-12-19,56,5387,2021-10-15,0
2020-12-20,61,5448,2021-10-15,1
2020-12-21,58,5506,2021-10-15,0
2020-12-22,33,5539,2021-10-15,0
2020-12-23,46,5585,2021-10-15,0
2020-12-24,50,5635,2021-10-15,0
2020-12-25,36,5671,2021-10-15,0
2020-12-26,43,5714,2021-10-15,0
2020-12-27,41,5755,2021-10-15,0
2020-12-28,34,5789,2021-10-15,0
2020-12-29,37,5826,2021-10-15,0
2020-12-30,47,5873,2021-10-15,0
2020-12-31,36,5909,2021-10-15,0
2021-01-01,28,5937,2021-10-15,0
2021-01-02,47,5984,2021-10-15,0
2021-01-03,37,6021,2021-10-15,0
2021-01-04,32,6053,2021-10-15,0
2021-01-05,40,6093,2021-10-15,0
2021-01-06,32,6125,2021-10-15,0
2021-01-07,37,6162,2021-10-15,0
2021-01-08,32,6194,2021-10-15,0
2021-01-09,26,6220,2021-10-15,0
2021-01-10,29,6249,2021-10-15,0
2021-01-11,26,6275,2021-10-15,0
2021-01-12,32,6307,2021-10-15,0
2021-01-13,23,6330,2021-10-15,0
2021-01-14,41,6371,2021-10-15,0
2021-01-15,26,6397,2021-10-15,0
2021-01-16,30,6427,2021-10-15,0
2021-01-17,21,6448,2021-10-15,0
2021-01-18,19,6467,2021-10-15,0
2021-01-19,14,6481,2021-10-15,0
2021-01-20,26,6507,2021-10-15,0
2021-01-21,16,6523,2021-10-15,0
2021-01-22,13,6536,2021-10-15,0
2021-01-23,17,6553,2021-10-15,0
2021-01-24,24,6577,2021-10-15,0
2021-01-25,19,6596,2021-10-15,0
2021-01-26,21,6617,2021-10-15,0
2021-01-27,11,6628,2021-10-15,0
2021-01-28,12,6640,2021-10-15,0
2021-01-29,15,6655,2021-10-15,0
2021-01-30,13,6668,2021-10-15,0
2021-01-31,16,6684,2021-10-15,0
2021-02-01,17,6701,2021-10-15,0
2021-02-02,10,6711,2021-10-15,0
2021-02-03,11,6722,2021-10-15,0
2021-02-04,11,6733,2021-10-15,0
2021-02-05,12,6745,2021-10-15,0
2021-02-06,12,6757,2021-10-15,0
2021-02-07,19,6776,2021-10-15,0
2021-02-08,11,6787,2021-10-15,0
2021-02-09,15,6802,2021-10-15,0
2021-02-10,14,6816,2021-10-15,1
2021-02-11,7,6823,2021-10-15,0
2021-02-12,13,6836,2021-10-15,0
2021-02-13,8,6844,2021-10-15,0
2021-02-14,10,6854,2021-10-15,0
2021-02-15,9,6863,2021-10-15,0
2021-02-16,12,6875,2021-10-15,0
2021-02-17,10,6885,2021-10-15,0
2021-02-18,7,6892,2021-10-15,0
2021-02-19,6,6898,2021-10-15,0
2021-02-20,7,6905,2021-10-15,0
2021-02-21,4,6909,2021-10-15,0
2021-02-22,5,6914,2021-10-15,0
2021-02-23,9,6923,2021-10-15,0
2021-02-24,5,6928,2021-10-15,0
2021-02-25,5,6933,2021-10-15,0
2021-02-26,7,6940,2021-10-15,0
2021-02-27,6,6946,2021-10-15,0
2021-02-28,8,6954,2021-10-15,0
2021-03-01,7,6961,2021-10-15,0
2021-03-02,3,6964,2021-10-15,0
2021-03-03,10,6974,2021-10-15,0
2021-03-04,6,6980,2021-10-15,0
2021-03-05,10,6990,2021-10-15,0
2021-03-06,5,6995,2021-10-15,0
2021-03-07,9,7004,2021-10-15,0
2021-03-08,5,7009,2021-10-15,0
2021-03-09,7,7016,2021-10-15,0
2021-03-10,5,7021,2021-10-15,0
2021-03-11,4,7025,2021-10-15,0
2021-03-12,11,7036,2021-10-15,0
2021-03-13,5,7041,2021-10-15,0
2021-03-14,5,7046,2021-10-15,0
2021-03-15,2,7048,2021-10-15,0
2021-03-16,6,7054,2021-10-15,0
2021-03-17,4,7058,2021-10-15,0
2021-03-18,5,7063,2021-10-15,0
2021-03-19,5,7068,2021-10-15,0
2021-03-20,9,7077,2021-10-15,0
2021-03-21,5,7082,2021-10-15,0
2021-03-22,4,7086,2021-10-15,0
2021-03-23,5,7091,2021-10-15,0
2021-03-24,1,7092,2021-10-15,0
2021-03-25,5,7097,2021-10-15,0
2021-03-26,3,7100,2021-10-15,0
2021-03-27,7,7107,2021-10-15,0
2021-03-28,6,7113,2021-10-15,0
2021-03-29,5,7118,2021-10-15,0
2021-03-30,6,7124,2021-10-15,0
2021-03-31,8,7132,2021-10-15,0
2021-04-01,6,7138,2021-10-15,0
2021-04-02,9,7147,2021-10-15,0
2021-04-03,8,7155,2021-10-15,0
2021-04-04,6,7161,2021-10-15,0
2021-04-05,8,7169,2021-10-15,0
2021-04-06,6,7175,2021-10-15,0
2021-04-07,6,7181,2021-10-15,0
2021-04-08,10,7191,2021-10-15,0
2021-04-09,7,7198,2021-10-15,0
2021-04-10,7,7205,2021-10-15,0
2021-04-11,8,7213,2021-10-15,0
2021-04-12,10,7223,2021-10-15,0
2021-04-13,7,7230,2021-10-15,0
2021-04-14,8,7238,2021-10-15,0
2021-04-15,14,7252,2021-10-15,0
2021-04-16,8,7260,2021-10-15,0
2021-04-17,8,7268,2021-10-15,0
2021-04-18,8,7276,2021-10-15,0
2021-04-19,10,7286,2021-10-15,0
2021-04-20,5,7291,2021-10-15,0
2021-04-21,8,7299,2021-10-15,0
2021-04-22,2,7301,2021-10-15,1
2021-04-23,15,7316,2021-10-15,0
2021-04-24,11,7327,2021-10-15,0
2021-04-25,15,7342,2021-10-15,0
2021-04-26,14,7356,2021-10-15,0
2021-04-27,7,7363,2021-10-15,0
2021-04-28,14,7377,2021-10-15,0
2021-04-29,8,7385,2021-10-15,0
2021-04-30,11,7396,2021-10-15,0
2021-05-01,7,7403,2021-10-15,0
2021-05-02,8,7411,2021-10-15,0
2021-05-03,5,7416,2021-10-15,0
2021-05-04,13,7429,2021-10-15,0
2021-05-05,8,7437,2021-10-15,0
2021-05-06,5,7442,2021-10-15,0
2021-05-07,8,7450,2021-10-15,0
2021-05-08,7,7457,2021-10-15,0
2021-05-09,9,7466,2021-10-15,0
2021-05-10,8,7474,2021-10-15,0
2021-05-11,6,7480,2021-10-15,0
2021-05-12,9,7489,2021-10-15,0
2021-05-13,9,7498,2021-10-15,0
2021-05-14,11,7509,2021-10-15,0
2021-05-15,10,7519,2021-10-15,1
2021-05-16,6,7525,2021-10-15,0
2021-05-17,5,7530,2021-10-15,0
2021-05-18,7,7537,2021-10-15,0
2021-05-19,2,7539,2021-10-15,0
2021-05-20,5,7544,2021-10-15,0
2021-05-21,7,7551,2021-10-15,0
2021-05-22,11,7562,2021-10-15,0
2021-05-23,5,7567,2021-10-15,0
2021-05-24,5,7572,2021-10-15,0
2021-05-25,6,7578,2021-10-15,0
2021-05-26,3,7581,2021-10-15,0
2021-05-27,7,7588,2021-10-15,0
2021-05-28,2,7590,2021-10-15,0
2021-05-29,6,7596,2021-10-15,0
2021-05-30,4,7600,2021-10-15,0
2021-05-31,3,7603,2021-10-15,0
2021-06-01,5,7608,2021-10-15,0
2021-06-02,8,7616,2021-10-15,0
2021-06-03,4,7620,2021-10-15,0
2021-06-04,4,7624,2021-10-15,0
2021-06-05,2,7626,2021-10-15,0
2021-06-06,5,7631,2021-10-15,0
2021-06-07,3,7634,2021-10-15,0
2021-06-08,5,7639,2021-10-15,0
2021-06-09,4,7643,2021-10-15,0
2021-06-10,6,7649,2021-10-15,0
2021-06-11,6,7655,2021-10-15,0
2021-06-12,4,7659,2021-10-15,0
2021-06-13,4,7663,2021-10-15,0
2021-06-14,3,7666,2021-10-15,0
2021-06-15,2,7668,2021-10-15,0
2021-06-16,2,7670,2021-10-15,0
2021-06-17,4,7674,2021-10-15,0
2021-06-18,1,7675,2021-10-15,0
2021-06-19,6,7681,2021-10-15,0
2021-06-20,1,7682,2021-10-15,0
2021-06-21,5,7687,2021-10-15,0
2021-06-22,3,7690,2021-10-15,0
2021-06-23,4,7694,2021-10-15,0
2021-06-24,3,7697,2021-10-15,0
2021-06-25,3,7700,2021-10-15,0
2021-06-26,4,7704,2021-10-15,0
2021-06-27,2,7706,2021-10-15,0
2021-06-28,2,7708,2021-10-15,0
2021-06-29,2,7710,2021-10-15,0
2021-06-30,2,7712,2021-10-15,0
2021-07-01,0,7712,2021-10-15,0
2021-07-02,2,7714,2021-10-15,0
2021-07-03,2,7716,2021-10-15,0
2021-07-04,3,7719,2021-10-15,0
2021-07-05,1,7720,2021-10-15,0
2021-07-06,4,7724,2021-10-15,0
2021-07-07,1,7725,2021-10-15,0
2021-07-08,1,7726,2021-10-15,0
2021-07-09,0,7726,2021-10-15,0
2021-07-10,1,7727,2021-10-15,0
2021-07-11,3,7730,2021-10-15,0
2021-07-12,1,7731,2021-10-15,0
2021-07-13,2,7733,2021-10-15,0
2021-07-14,2,7735,2021-10-15,0
2021-07-15,2,7737,2021-10-15,0
2021-07-16,1,7738,2021-10-15,0
2021-07-17,1,7739,2021-10-15,0
2021-07-18,0,7739,2021-10-15,0
2021-07-19,0,7739,2021-10-15,0
2021-07-20,2,7741,2021-10-15,0
2021-07-21,2,7743,2021-10-15,0
2021-07-22,2,7745,2021-10-15,0
2021-07-23,3,7748,2021-10-15,0
2021-07-24,0,7748,2021-10-15,0
2021-07-25,2,7750,2021-10-15,0
2021-07-26,1,7751,2021-10-15,0
2021-07-27,2,7753,2021-10-15,0
2021-07-28,3,7756,2021-10-15,0
2021-07-29,2,7758,2021-10-15,0
2021-07-30,5,7763,2021-10-15,0
2021-07-31,4,7767,2021-10-15,0
2021-08-01,1,7768,2021-10-15,0
2021-08-02,3,7771,2021-10-15,0
2021-08-03,2,7773,2021-10-15,0
2021-08-04,3,7776,2021-10-15,0
2021-08-05,2,7778,2021-10-15,0
2021-08-06,7,7785,2021-10-15,0
2021-08-07,3,7788,2021-10-15,0
2021-08-08,2,7790,2021-10-15,0
2021-08-09,3,7793,2021-10-15,0
2021-08-10,2,7795,2021-10-15,0
2021-08-11,2,7797,2021-10-15,0
2021-08-12,7,7804,2021-10-15,0
2021-08-13,5,7809,2021-10-15,0
2021-08-14,6,7815,2021-10-15,0
2021-08-15,0,7815,2021-10-15,0
2021-08-16,7,7822,2021-10-15,0
2021-08-17,7,7829,2021-10-15,0
2021-08-18,9,7838,2021-10-15,0
2021-08-19,2,7840,2021-10-15,0
2021-08-20,3,7843,2021-10-15,0
2021-08-21,5,7848,2021-10-15,0
2021-08-22,7,7855,2021-10-15,0
2021-08-23,5,7860,2021-10-15,0
2021-08-24,12,7872,2021-10-15,0
2021-08-25,7,7879,2021-10-15,0
2021-08-26,2,7881,2021-10-15,0
2021-08-27,6,7887,2021-10-15,0
2021-08-28,10,7897,2021-10-15,0
2021-08-29,11,7908,2021-10-15,0
2021-08-30,8,7916,2021-10-15,0
2021-08-31,6,7922,2021-10-15,0
2021-09-01,6,7928,2021-10-15,0
2021-09-02,6,7934,2021-10-15,0
2021-09-03,9,7943,2021-10-15,0
2021-09-04,8,7951,2021-10-15,0
2021-09-05,10,7961,2021-10-15,0
2021-09-06,7,7968,2021-10-15,0
2021-09-07,7,7975,2021-10-15,0
2021-09-08,10,7985,2021-10-15,0
2021-09-09,4,7989,2021-10-15,0
2021-09-10,9,7998,2021-10-15,0
2021-09-11,17,8015,2021-10-15,0
2021-09-12,10,8025,2021-10-15,0
2021-09-13,7,8032,2021-10-15,0
2021-09-14,11,8043,2021-10-15,0
2021-09-15,13,8056,2021-10-15,0
2021-09-16,15,8071,2021-10-15,0
2021-09-17,8,8079,2021-10-15,0
2021-09-18,12,8091,2021-10-15,0
2021-09-19,11,8102,2021-10-15,0
2021-09-20,15,8117,2021-10-15,0
2021-09-21,14,8131,2021-10-15,0
2021-09-22,16,8147,2021-10-15,0
2021-09-23,12,8159,2021-10-15,0
2021-09-24,12,8171,2021-10-15,0
2021-09-25,16,8187,2021-10-15,0
2021-09-26,13,8200,2021-10-15,0
2021-09-27,15,8215,2021-10-15,0
2021-09-28,9,8224,2021-10-15,0
2021-09-29,19,8243,2021-10-15,0
2021-09-30,15,8258,2021-10-15,0
2021-10-01,11,8269,2021-10-15,0
2021-10-02,12,8281,2021-10-15,0
2021-10-03,23,8304,2021-10-15,1
2021-10-04,12,8316,2021-10-15,0
2021-10-05,21,8337,2021-10-15,2
2021-10-06,17,8354,2021-10-15,2
2021-10-07,8,8362,2021-10-15,-1
2021-10-08,14,8376,2021-10-15,6
2021-10-09,13,8389,2021-10-15,6
2021-10-10,8,8397,2021-10-15,2
2021-10-11,4,8401,2021-10-15,1
2021-10-12,5,8406,2021-10-15,4
2021-10-13,1,8407,2021-10-15,1
NA,0,8407,2021-10-15,0
2020-03-19,1,1,2021-10-18,0
2020-03-20,0,1,2021-10-18,0
2020-03-21,0,1,2021-10-18,0
2020-03-22,0,1,2021-10-18,0
2020-03-23,0,1,2021-10-18,0
2020-03-24,1,2,2021-10-18,0
2020-03-25,1,3,2021-10-18,0
2020-03-26,1,4,2021-10-18,0
2020-03-27,5,9,2021-10-18,0
2020-03-28,3,12,2021-10-18,0
2020-03-29,0,12,2021-10-18,0
2020-03-30,5,17,2021-10-18,0
2020-03-31,2,19,2021-10-18,0
2020-04-01,5,24,2021-10-18,0
2020-04-02,3,27,2021-10-18,0
2020-04-03,1,28,2021-10-18,0
2020-04-04,5,33,2021-10-18,0
2020-04-05,5,38,2021-10-18,0
2020-04-06,10,48,2021-10-18,0
2020-04-07,6,54,2021-10-18,0
2020-04-08,7,61,2021-10-18,0
2020-04-09,8,69,2021-10-18,0
2020-04-10,6,75,2021-10-18,0
2020-04-11,4,79,2021-10-18,0
2020-04-12,4,83,2021-10-18,0
2020-04-13,10,93,2021-10-18,0
2020-04-14,6,99,2021-10-18,0
2020-04-15,17,116,2021-10-18,0
2020-04-16,10,126,2021-10-18,0
2020-04-17,17,143,2021-10-18,0
2020-04-18,17,160,2021-10-18,0
2020-04-19,16,176,2021-10-18,0
2020-04-20,21,197,2021-10-18,0
2020-04-21,26,223,2021-10-18,0
2020-04-22,21,244,2021-10-18,0
2020-04-23,19,263,2021-10-18,0
2020-04-24,23,286,2021-10-18,0
2020-04-25,18,304,2021-10-18,0
2020-04-26,17,321,2021-10-18,0
2020-04-27,21,342,2021-10-18,0
2020-04-28,16,358,2021-10-18,0
2020-04-29,29,387,2021-10-18,0
2020-04-30,18,405,2021-10-18,0
2020-05-01,30,435,2021-10-18,0
2020-05-02,19,454,2021-10-18,0
2020-05-03,29,483,2021-10-18,0
2020-05-04,23,506,2021-10-18,0
2020-05-05,19,525,2021-10-18,0
2020-05-06,25,550,2021-10-18,0
2020-05-07,30,580,2021-10-18,0
2020-05-08,20,600,2021-10-18,0
2020-05-09,26,626,2021-10-18,0
2020-05-10,19,645,2021-10-18,0
2020-05-11,25,670,2021-10-18,0
2020-05-12,20,690,2021-10-18,0
2020-05-13,22,712,2021-10-18,0
2020-05-14,20,732,2021-10-18,0
2020-05-15,20,752,2021-10-18,0
2020-05-16,20,772,2021-10-18,0
2020-05-17,23,795,2021-10-18,0
2020-05-18,18,813,2021-10-18,0
2020-05-19,35,848,2021-10-18,0
2020-05-20,24,872,2021-10-18,0
2020-05-21,17,889,2021-10-18,0
2020-05-22,20,909,2021-10-18,0
2020-05-23,26,935,2021-10-18,0
2020-05-24,25,960,2021-10-18,0
2020-05-25,30,990,2021-10-18,0
2020-05-26,29,1019,2021-10-18,0
2020-05-27,25,1044,2021-10-18,0
2020-05-28,21,1065,2021-10-18,0
2020-05-29,17,1082,2021-10-18,0
2020-05-30,11,1093,2021-10-18,0
2020-05-31,20,1113,2021-10-18,0
2020-06-01,23,1136,2021-10-18,0
2020-06-02,21,1157,2021-10-18,0
2020-06-03,25,1182,2021-10-18,0
2020-06-04,26,1208,2021-10-18,0
2020-06-05,18,1226,2021-10-18,0
2020-06-06,12,1238,2021-10-18,0
2020-06-07,22,1260,2021-10-18,0
2020-06-08,12,1272,2021-10-18,0
2020-06-09,13,1285,2021-10-18,0
2020-06-10,10,1295,2021-10-18,0
2020-06-11,12,1307,2021-10-18,0
2020-06-12,11,1318,2021-10-18,0
2020-06-13,13,1331,2021-10-18,0
2020-06-14,11,1342,2021-10-18,0
2020-06-15,8,1350,2021-10-18,0
2020-06-16,9,1359,2021-10-18,0
2020-06-17,17,1376,2021-10-18,0
2020-06-18,9,1385,2021-10-18,0
2020-06-19,8,1393,2021-10-18,0
2020-06-20,12,1405,2021-10-18,0
2020-06-21,11,1416,2021-10-18,0
2020-06-22,6,1422,2021-10-18,0
2020-06-23,10,1432,2021-10-18,0
2020-06-24,1,1433,2021-10-18,0
2020-06-25,9,1442,2021-10-18,0
2020-06-26,6,1448,2021-10-18,0
2020-06-27,5,1453,2021-10-18,0
2020-06-28,11,1464,2021-10-18,0
2020-06-29,7,1471,2021-10-18,0
2020-06-30,9,1480,2021-10-18,0
2020-07-01,2,1482,2021-10-18,0
2020-07-02,3,1485,2021-10-18,0
2020-07-03,5,1490,2021-10-18,0
2020-07-04,4,1494,2021-10-18,0
2020-07-05,6,1500,2021-10-18,0
2020-07-06,4,1504,2021-10-18,0
2020-07-07,2,1506,2021-10-18,0
2020-07-08,9,1515,2021-10-18,0
2020-07-09,4,1519,2021-10-18,0
2020-07-10,3,1522,2021-10-18,0
2020-07-11,4,1526,2021-10-18,0
2020-07-12,6,1532,2021-10-18,0
2020-07-13,2,1534,2021-10-18,0
2020-07-14,6,1540,2021-10-18,0
2020-07-15,7,1547,2021-10-18,0
2020-07-16,3,1550,2021-10-18,0
2020-07-17,7,1557,2021-10-18,0
2020-07-18,6,1563,2021-10-18,0
2020-07-19,5,1568,2021-10-18,0
2020-07-20,3,1571,2021-10-18,0
2020-07-21,6,1577,2021-10-18,0
2020-07-22,5,1582,2021-10-18,0
2020-07-23,8,1590,2021-10-18,0
2020-07-24,6,1596,2021-10-18,0
2020-07-25,2,1598,2021-10-18,0
2020-07-26,5,1603,2021-10-18,0
2020-07-27,5,1608,2021-10-18,0
2020-07-28,7,1615,2021-10-18,0
2020-07-29,3,1618,2021-10-18,0
2020-07-30,6,1624,2021-10-18,0
2020-07-31,9,1633,2021-10-18,0
2020-08-01,4,1637,2021-10-18,0
2020-08-02,7,1644,2021-10-18,0
2020-08-03,4,1648,2021-10-18,0
2020-08-04,7,1655,2021-10-18,0
2020-08-05,8,1663,2021-10-18,0
2020-08-06,9,1672,2021-10-18,0
2020-08-07,7,1679,2021-10-18,0
2020-08-08,6,1685,2021-10-18,0
2020-08-09,10,1695,2021-10-18,0
2020-08-10,3,1698,2021-10-18,0
2020-08-11,9,1707,2021-10-18,0
2020-08-12,7,1714,2021-10-18,0
2020-08-13,5,1719,2021-10-18,0
2020-08-14,9,1728,2021-10-18,0
2020-08-15,13,1741,2021-10-18,0
2020-08-16,13,1754,2021-10-18,0
2020-08-17,6,1760,2021-10-18,0
2020-08-18,11,1771,2021-10-18,0
2020-08-19,3,1774,2021-10-18,0
2020-08-20,10,1784,2021-10-18,0
2020-08-21,12,1796,2021-10-18,0
2020-08-22,9,1805,2021-10-18,0
2020-08-23,7,1812,2021-10-18,0
2020-08-24,9,1821,2021-10-18,0
2020-08-25,4,1825,2021-10-18,0
2020-08-26,3,1828,2021-10-18,0
2020-08-27,7,1835,2021-10-18,0
2020-08-28,6,1841,2021-10-18,0
2020-08-29,3,1844,2021-10-18,0
2020-08-30,5,1849,2021-10-18,0
2020-08-31,9,1858,2021-10-18,0
2020-09-01,2,1860,2021-10-18,0
2020-09-02,7,1867,2021-10-18,0
2020-09-03,12,1879,2021-10-18,0
2020-09-04,4,1883,2021-10-18,0
2020-09-05,6,1889,2021-10-18,0
2020-09-06,12,1901,2021-10-18,0
2020-09-07,3,1904,2021-10-18,0
2020-09-08,6,1910,2021-10-18,0
2020-09-09,10,1920,2021-10-18,0
2020-09-10,9,1929,2021-10-18,0
2020-09-11,11,1940,2021-10-18,0
2020-09-12,8,1948,2021-10-18,0
2020-09-13,8,1956,2021-10-18,0
2020-09-14,2,1958,2021-10-18,0
2020-09-15,7,1965,2021-10-18,0
2020-09-16,9,1974,2021-10-18,0
2020-09-17,5,1979,2021-10-18,0
2020-09-18,6,1985,2021-10-18,0
2020-09-19,4,1989,2021-10-18,0
2020-09-20,9,1998,2021-10-18,0
2020-09-21,7,2005,2021-10-18,0
2020-09-22,8,2013,2021-10-18,0
2020-09-23,9,2022,2021-10-18,0
2020-09-24,8,2030,2021-10-18,0
2020-09-25,11,2041,2021-10-18,0
2020-09-26,9,2050,2021-10-18,0
2020-09-27,14,2064,2021-10-18,0
2020-09-28,11,2075,2021-10-18,0
2020-09-29,5,2080,2021-10-18,0
2020-09-30,16,2096,2021-10-18,0
2020-10-01,7,2103,2021-10-18,0
2020-10-02,13,2116,2021-10-18,0
2020-10-03,9,2125,2021-10-18,0
2020-10-04,7,2132,2021-10-18,0
2020-10-05,10,2142,2021-10-18,0
2020-10-06,13,2155,2021-10-18,0
2020-10-07,19,2174,2021-10-18,0
2020-10-08,9,2183,2021-10-18,0
2020-10-09,17,2200,2021-10-18,0
2020-10-10,16,2216,2021-10-18,0
2020-10-11,16,2232,2021-10-18,0
2020-10-12,20,2252,2021-10-18,0
2020-10-13,14,2266,2021-10-18,0
2020-10-14,10,2276,2021-10-18,0
2020-10-15,9,2285,2021-10-18,0
2020-10-16,12,2297,2021-10-18,0
2020-10-17,18,2315,2021-10-18,0
2020-10-18,25,2340,2021-10-18,0
2020-10-19,18,2358,2021-10-18,0
2020-10-20,15,2373,2021-10-18,0
2020-10-21,24,2397,2021-10-18,0
2020-10-22,18,2415,2021-10-18,0
2020-10-23,19,2434,2021-10-18,0
2020-10-24,8,2442,2021-10-18,0
2020-10-25,17,2459,2021-10-18,0
2020-10-26,25,2484,2021-10-18,0
2020-10-27,23,2507,2021-10-18,0
2020-10-28,29,2536,2021-10-18,0
2020-10-29,18,2554,2021-10-18,0
2020-10-30,27,2581,2021-10-18,0
2020-10-31,25,2606,2021-10-18,0
2020-11-01,21,2627,2021-10-18,0
2020-11-02,25,2652,2021-10-18,0
2020-11-03,25,2677,2021-10-18,0
2020-11-04,33,2710,2021-10-18,0
2020-11-05,38,2748,2021-10-18,0
2020-11-06,39,2787,2021-10-18,0
2020-11-07,42,2829,2021-10-18,0
2020-11-08,47,2876,2021-10-18,0
2020-11-09,36,2912,2021-10-18,0
2020-11-10,35,2947,2021-10-18,0
2020-11-11,43,2990,2021-10-18,0
2020-11-12,45,3035,2021-10-18,0
2020-11-13,40,3075,2021-10-18,0
2020-11-14,47,3122,2021-10-18,0
2020-11-15,46,3168,2021-10-18,0
2020-11-16,62,3230,2021-10-18,0
2020-11-17,56,3286,2021-10-18,0
2020-11-18,61,3347,2021-10-18,0
2020-11-19,60,3407,2021-10-18,0
2020-11-20,63,3470,2021-10-18,0
2020-11-21,58,3528,2021-10-18,0
2020-11-22,67,3595,2021-10-18,0
2020-11-23,59,3654,2021-10-18,0
2020-11-24,69,3723,2021-10-18,0
2020-11-25,72,3795,2021-10-18,0
2020-11-26,54,3849,2021-10-18,0
2020-11-27,69,3918,2021-10-18,0
2020-11-28,62,3980,2021-10-18,0
2020-11-29,68,4048,2021-10-18,0
2020-11-30,61,4109,2021-10-18,0
2020-12-01,64,4173,2021-10-18,0
2020-12-02,73,4246,2021-10-18,0
2020-12-03,86,4332,2021-10-18,0
2020-12-04,67,4399,2021-10-18,0
2020-12-05,74,4473,2021-10-18,0
2020-12-06,80,4553,2021-10-18,0
2020-12-07,75,4628,2021-10-18,0
2020-12-08,61,4689,2021-10-18,0
2020-12-09,71,4760,2021-10-18,0
2020-12-10,72,4832,2021-10-18,0
2020-12-11,71,4903,2021-10-18,0
2020-12-12,72,4975,2021-10-18,0
2020-12-13,56,5031,2021-10-18,0
2020-12-14,43,5074,2021-10-18,0
2020-12-15,65,5139,2021-10-18,0
2020-12-16,73,5212,2021-10-18,0
2020-12-17,60,5272,2021-10-18,0
2020-12-18,59,5331,2021-10-18,0
2020-12-19,56,5387,2021-10-18,0
2020-12-20,61,5448,2021-10-18,0
2020-12-21,58,5506,2021-10-18,0
2020-12-22,33,5539,2021-10-18,0
2020-12-23,46,5585,2021-10-18,0
2020-12-24,50,5635,2021-10-18,0
2020-12-25,36,5671,2021-10-18,0
2020-12-26,43,5714,2021-10-18,0
2020-12-27,41,5755,2021-10-18,0
2020-12-28,34,5789,2021-10-18,0
2020-12-29,37,5826,2021-10-18,0
2020-12-30,47,5873,2021-10-18,0
2020-12-31,36,5909,2021-10-18,0
2021-01-01,28,5937,2021-10-18,0
2021-01-02,47,5984,2021-10-18,0
2021-01-03,37,6021,2021-10-18,0
2021-01-04,32,6053,2021-10-18,0
2021-01-05,40,6093,2021-10-18,0
2021-01-06,32,6125,2021-10-18,0
2021-01-07,37,6162,2021-10-18,0
2021-01-08,32,6194,2021-10-18,0
2021-01-09,26,6220,2021-10-18,0
2021-01-10,29,6249,2021-10-18,0
2021-01-11,26,6275,2021-10-18,0
2021-01-12,32,6307,2021-10-18,0
2021-01-13,23,6330,2021-10-18,0
2021-01-14,41,6371,2021-10-18,0
2021-01-15,26,6397,2021-10-18,0
2021-01-16,30,6427,2021-10-18,0
2021-01-17,21,6448,2021-10-18,0
2021-01-18,19,6467,2021-10-18,0
2021-01-19,14,6481,2021-10-18,0
2021-01-20,26,6507,2021-10-18,0
2021-01-21,16,6523,2021-10-18,0
2021-01-22,13,6536,2021-10-18,0
2021-01-23,17,6553,2021-10-18,0
2021-01-24,24,6577,2021-10-18,0
2021-01-25,19,6596,2021-10-18,0
2021-01-26,21,6617,2021-10-18,0
2021-01-27,11,6628,2021-10-18,0
2021-01-28,12,6640,2021-10-18,0
2021-01-29,15,6655,2021-10-18,0
2021-01-30,13,6668,2021-10-18,0
2021-01-31,16,6684,2021-10-18,0
2021-02-01,17,6701,2021-10-18,0
2021-02-02,10,6711,2021-10-18,0
2021-02-03,11,6722,2021-10-18,0
2021-02-04,11,6733,2021-10-18,0
2021-02-05,12,6745,2021-10-18,0
2021-02-06,12,6757,2021-10-18,0
2021-02-07,19,6776,2021-10-18,0
2021-02-08,11,6787,2021-10-18,0
2021-02-09,15,6802,2021-10-18,0
2021-02-10,14,6816,2021-10-18,0
2021-02-11,7,6823,2021-10-18,0
2021-02-12,13,6836,2021-10-18,0
2021-02-13,8,6844,2021-10-18,0
2021-02-14,10,6854,2021-10-18,0
2021-02-15,9,6863,2021-10-18,0
2021-02-16,12,6875,2021-10-18,0
2021-02-17,10,6885,2021-10-18,0
2021-02-18,7,6892,2021-10-18,0
2021-02-19,6,6898,2021-10-18,0
2021-02-20,7,6905,2021-10-18,0
2021-02-21,4,6909,2021-10-18,0
2021-02-22,5,6914,2021-10-18,0
2021-02-23,9,6923,2021-10-18,0
2021-02-24,5,6928,2021-10-18,0
2021-02-25,5,6933,2021-10-18,0
2021-02-26,7,6940,2021-10-18,0
2021-02-27,6,6946,2021-10-18,0
2021-02-28,8,6954,2021-10-18,0
2021-03-01,7,6961,2021-10-18,0
2021-03-02,3,6964,2021-10-18,0
2021-03-03,10,6974,2021-10-18,0
2021-03-04,6,6980,2021-10-18,0
2021-03-05,10,6990,2021-10-18,0
2021-03-06,5,6995,2021-10-18,0
2021-03-07,9,7004,2021-10-18,0
2021-03-08,5,7009,2021-10-18,0
2021-03-09,7,7016,2021-10-18,0
2021-03-10,5,7021,2021-10-18,0
2021-03-11,4,7025,2021-10-18,0
2021-03-12,11,7036,2021-10-18,0
2021-03-13,5,7041,2021-10-18,0
2021-03-14,5,7046,2021-10-18,0
2021-03-15,2,7048,2021-10-18,0
2021-03-16,6,7054,2021-10-18,0
2021-03-17,4,7058,2021-10-18,0
2021-03-18,5,7063,2021-10-18,0
2021-03-19,5,7068,2021-10-18,0
2021-03-20,9,7077,2021-10-18,0
2021-03-21,5,7082,2021-10-18,0
2021-03-22,4,7086,2021-10-18,0
2021-03-23,5,7091,2021-10-18,0
2021-03-24,1,7092,2021-10-18,0
2021-03-25,5,7097,2021-10-18,0
2021-03-26,3,7100,2021-10-18,0
2021-03-27,7,7107,2021-10-18,0
2021-03-28,6,7113,2021-10-18,0
2021-03-29,5,7118,2021-10-18,0
2021-03-30,6,7124,2021-10-18,0
2021-03-31,8,7132,2021-10-18,0
2021-04-01,6,7138,2021-10-18,0
2021-04-02,9,7147,2021-10-18,0
2021-04-03,8,7155,2021-10-18,0
2021-04-04,6,7161,2021-10-18,0
2021-04-05,8,7169,2021-10-18,0
2021-04-06,6,7175,2021-10-18,0
2021-04-07,6,7181,2021-10-18,0
2021-04-08,10,7191,2021-10-18,0
2021-04-09,7,7198,2021-10-18,0
2021-04-10,7,7205,2021-10-18,0
2021-04-11,8,7213,2021-10-18,0
2021-04-12,10,7223,2021-10-18,0
2021-04-13,7,7230,2021-10-18,0
2021-04-14,8,7238,2021-10-18,0
2021-04-15,14,7252,2021-10-18,0
2021-04-16,8,7260,2021-10-18,0
2021-04-17,8,7268,2021-10-18,0
2021-04-18,8,7276,2021-10-18,0
2021-04-19,10,7286,2021-10-18,0
2021-04-20,5,7291,2021-10-18,0
2021-04-21,8,7299,2021-10-18,0
2021-04-22,2,7301,2021-10-18,0
2021-04-23,15,7316,2021-10-18,0
2021-04-24,11,7327,2021-10-18,0
2021-04-25,15,7342,2021-10-18,0
2021-04-26,14,7356,2021-10-18,0
2021-04-27,7,7363,2021-10-18,0
2021-04-28,14,7377,2021-10-18,0
2021-04-29,8,7385,2021-10-18,0
2021-04-30,11,7396,2021-10-18,0
2021-05-01,7,7403,2021-10-18,0
2021-05-02,8,7411,2021-10-18,0
2021-05-03,5,7416,2021-10-18,0
2021-05-04,13,7429,2021-10-18,0
2021-05-05,8,7437,2021-10-18,0
2021-05-06,5,7442,2021-10-18,0
2021-05-07,8,7450,2021-10-18,0
2021-05-08,7,7457,2021-10-18,0
2021-05-09,9,7466,2021-10-18,0
2021-05-10,8,7474,2021-10-18,0
2021-05-11,6,7480,2021-10-18,0
2021-05-12,9,7489,2021-10-18,0
2021-05-13,9,7498,2021-10-18,0
2021-05-14,11,7509,2021-10-18,0
2021-05-15,10,7519,2021-10-18,0
2021-05-16,6,7525,2021-10-18,0
2021-05-17,5,7530,2021-10-18,0
2021-05-18,7,7537,2021-10-18,0
2021-05-19,2,7539,2021-10-18,0
2021-05-20,5,7544,2021-10-18,0
2021-05-21,7,7551,2021-10-18,0
2021-05-22,11,7562,2021-10-18,0
2021-05-23,5,7567,2021-10-18,0
2021-05-24,5,7572,2021-10-18,0
2021-05-25,6,7578,2021-10-18,0
2021-05-26,3,7581,2021-10-18,0
2021-05-27,7,7588,2021-10-18,0
2021-05-28,2,7590,2021-10-18,0
2021-05-29,6,7596,2021-10-18,0
2021-05-30,4,7600,2021-10-18,0
2021-05-31,3,7603,2021-10-18,0
2021-06-01,5,7608,2021-10-18,0
2021-06-02,8,7616,2021-10-18,0
2021-06-03,4,7620,2021-10-18,0
2021-06-04,4,7624,2021-10-18,0
2021-06-05,2,7626,2021-10-18,0
2021-06-06,5,7631,2021-10-18,0
2021-06-07,3,7634,2021-10-18,0
2021-06-08,5,7639,2021-10-18,0
2021-06-09,4,7643,2021-10-18,0
2021-06-10,6,7649,2021-10-18,0
2021-06-11,6,7655,2021-10-18,0
2021-06-12,4,7659,2021-10-18,0
2021-06-13,4,7663,2021-10-18,0
2021-06-14,3,7666,2021-10-18,0
2021-06-15,2,7668,2021-10-18,0
2021-06-16,2,7670,2021-10-18,0
2021-06-17,4,7674,2021-10-18,0
2021-06-18,1,7675,2021-10-18,0
2021-06-19,6,7681,2021-10-18,0
2021-06-20,1,7682,2021-10-18,0
2021-06-21,5,7687,2021-10-18,0
2021-06-22,3,7690,2021-10-18,0
2021-06-23,4,7694,2021-10-18,0
2021-06-24,3,7697,2021-10-18,0
2021-06-25,3,7700,2021-10-18,0
2021-06-26,4,7704,2021-10-18,0
2021-06-27,2,7706,2021-10-18,0
2021-06-28,2,7708,2021-10-18,0
2021-06-29,2,7710,2021-10-18,0
2021-06-30,2,7712,2021-10-18,0
2021-07-01,0,7712,2021-10-18,0
2021-07-02,2,7714,2021-10-18,0
2021-07-03,2,7716,2021-10-18,0
2021-07-04,3,7719,2021-10-18,0
2021-07-05,1,7720,2021-10-18,0
2021-07-06,4,7724,2021-10-18,0
2021-07-07,1,7725,2021-10-18,0
2021-07-08,1,7726,2021-10-18,0
2021-07-09,0,7726,2021-10-18,0
2021-07-10,1,7727,2021-10-18,0
2021-07-11,3,7730,2021-10-18,0
2021-07-12,1,7731,2021-10-18,0
2021-07-13,2,7733,2021-10-18,0
2021-07-14,2,7735,2021-10-18,0
2021-07-15,2,7737,2021-10-18,0
2021-07-16,1,7738,2021-10-18,0
2021-07-17,1,7739,2021-10-18,0
2021-07-18,0,7739,2021-10-18,0
2021-07-19,0,7739,2021-10-18,0
2021-07-20,2,7741,2021-10-18,0
2021-07-21,2,7743,2021-10-18,0
2021-07-22,2,7745,2021-10-18,0
2021-07-23,3,7748,2021-10-18,0
2021-07-24,0,7748,2021-10-18,0
2021-07-25,2,7750,2021-10-18,0
2021-07-26,1,7751,2021-10-18,0
2021-07-27,2,7753,2021-10-18,0
2021-07-28,3,7756,2021-10-18,0
2021-07-29,2,7758,2021-10-18,0
2021-07-30,5,7763,2021-10-18,0
2021-07-31,4,7767,2021-10-18,0
2021-08-01,1,7768,2021-10-18,0
2021-08-02,3,7771,2021-10-18,0
2021-08-03,2,7773,2021-10-18,0
2021-08-04,3,7776,2021-10-18,0
2021-08-05,2,7778,2021-10-18,0
2021-08-06,7,7785,2021-10-18,0
2021-08-07,3,7788,2021-10-18,0
2021-08-08,2,7790,2021-10-18,0
2021-08-09,3,7793,2021-10-18,0
2021-08-10,2,7795,2021-10-18,0
2021-08-11,2,7797,2021-10-18,0
2021-08-12,7,7804,2021-10-18,0
2021-08-13,5,7809,2021-10-18,0
2021-08-14,6,7815,2021-10-18,0
2021-08-15,0,7815,2021-10-18,0
2021-08-16,7,7822,2021-10-18,0
2021-08-17,7,7829,2021-10-18,0
2021-08-18,9,7838,2021-10-18,0
2021-08-19,2,7840,2021-10-18,0
2021-08-20,3,7843,2021-10-18,0
2021-08-21,5,7848,2021-10-18,0
2021-08-22,7,7855,2021-10-18,0
2021-08-23,5,7860,2021-10-18,0
2021-08-24,12,7872,2021-10-18,0
2021-08-25,7,7879,2021-10-18,0
2021-08-26,2,7881,2021-10-18,0
2021-08-27,6,7887,2021-10-18,0
2021-08-28,10,7897,2021-10-18,0
2021-08-29,11,7908,2021-10-18,0
2021-08-30,8,7916,2021-10-18,0
2021-08-31,6,7922,2021-10-18,0
2021-09-01,6,7928,2021-10-18,0
2021-09-02,6,7934,2021-10-18,0
2021-09-03,9,7943,2021-10-18,0
2021-09-04,8,7951,2021-10-18,0
2021-09-05,10,7961,2021-10-18,0
2021-09-06,7,7968,2021-10-18,0
2021-09-07,7,7975,2021-10-18,0
2021-09-08,10,7985,2021-10-18,0
2021-09-09,4,7989,2021-10-18,0
2021-09-10,9,7998,2021-10-18,0
2021-09-11,17,8015,2021-10-18,0
2021-09-12,10,8025,2021-10-18,0
2021-09-13,7,8032,2021-10-18,0
2021-09-14,11,8043,2021-10-18,0
2021-09-15,13,8056,2021-10-18,0
2021-09-16,15,8071,2021-10-18,0
2021-09-17,8,8079,2021-10-18,0
2021-09-18,12,8091,2021-10-18,0
2021-09-19,11,8102,2021-10-18,0
2021-09-20,15,8117,2021-10-18,0
2021-09-21,14,8131,2021-10-18,0
2021-09-22,16,8147,2021-10-18,0
2021-09-23,12,8159,2021-10-18,0
2021-09-24,12,8171,2021-10-18,0
2021-09-25,16,8187,2021-10-18,0
2021-09-26,13,8200,2021-10-18,0
2021-09-27,15,8215,2021-10-18,0
2021-09-28,9,8224,2021-10-18,0
2021-09-29,19,8243,2021-10-18,0
2021-09-30,16,8259,2021-10-18,1
2021-10-01,12,8271,2021-10-18,1
2021-10-02,12,8283,2021-10-18,0
2021-10-03,23,8306,2021-10-18,0
2021-10-04,12,8318,2021-10-18,0
2021-10-05,22,8340,2021-10-18,1
2021-10-06,18,8358,2021-10-18,1
2021-10-07,10,8368,2021-10-18,2
2021-10-08,19,8387,2021-10-18,5
2021-10-09,15,8402,2021-10-18,2
2021-10-10,10,8412,2021-10-18,2
2021-10-11,6,8418,2021-10-18,2
2021-10-12,12,8430,2021-10-18,7
2021-10-13,6,8436,2021-10-18,5
NA,0,8436,2021-10-18,0
2020-03-19,1,1,2021-10-19,0
2020-03-20,0,1,2021-10-19,0
2020-03-21,0,1,2021-10-19,0
2020-03-22,0,1,2021-10-19,0
2020-03-23,0,1,2021-10-19,0
2020-03-24,1,2,2021-10-19,0
2020-03-25,1,3,2021-10-19,0
2020-03-26,1,4,2021-10-19,0
2020-03-27,5,9,2021-10-19,0
2020-03-28,3,12,2021-10-19,0
2020-03-29,0,12,2021-10-19,0
2020-03-30,5,17,2021-10-19,0
2020-03-31,2,19,2021-10-19,0
2020-04-01,5,24,2021-10-19,0
2020-04-02,3,27,2021-10-19,0
2020-04-03,1,28,2021-10-19,0
2020-04-04,5,33,2021-10-19,0
2020-04-05,5,38,2021-10-19,0
2020-04-06,10,48,2021-10-19,0
2020-04-07,6,54,2021-10-19,0
2020-04-08,7,61,2021-10-19,0
2020-04-09,8,69,2021-10-19,0
2020-04-10,6,75,2021-10-19,0
2020-04-11,4,79,2021-10-19,0
2020-04-12,4,83,2021-10-19,0
2020-04-13,10,93,2021-10-19,0
2020-04-14,6,99,2021-10-19,0
2020-04-15,17,116,2021-10-19,0
2020-04-16,10,126,2021-10-19,0
2020-04-17,17,143,2021-10-19,0
2020-04-18,17,160,2021-10-19,0
2020-04-19,16,176,2021-10-19,0
2020-04-20,21,197,2021-10-19,0
2020-04-21,26,223,2021-10-19,0
2020-04-22,21,244,2021-10-19,0
2020-04-23,19,263,2021-10-19,0
2020-04-24,23,286,2021-10-19,0
2020-04-25,18,304,2021-10-19,0
2020-04-26,17,321,2021-10-19,0
2020-04-27,21,342,2021-10-19,0
2020-04-28,16,358,2021-10-19,0
2020-04-29,29,387,2021-10-19,0
2020-04-30,18,405,2021-10-19,0
2020-05-01,30,435,2021-10-19,0
2020-05-02,19,454,2021-10-19,0
2020-05-03,29,483,2021-10-19,0
2020-05-04,23,506,2021-10-19,0
2020-05-05,19,525,2021-10-19,0
2020-05-06,25,550,2021-10-19,0
2020-05-07,30,580,2021-10-19,0
2020-05-08,20,600,2021-10-19,0
2020-05-09,26,626,2021-10-19,0
2020-05-10,19,645,2021-10-19,0
2020-05-11,25,670,2021-10-19,0
2020-05-12,20,690,2021-10-19,0
2020-05-13,22,712,2021-10-19,0
2020-05-14,20,732,2021-10-19,0
2020-05-15,20,752,2021-10-19,0
2020-05-16,20,772,2021-10-19,0
2020-05-17,23,795,2021-10-19,0
2020-05-18,18,813,2021-10-19,0
2020-05-19,35,848,2021-10-19,0
2020-05-20,24,872,2021-10-19,0
2020-05-21,17,889,2021-10-19,0
2020-05-22,20,909,2021-10-19,0
2020-05-23,26,935,2021-10-19,0
2020-05-24,25,960,2021-10-19,0
2020-05-25,30,990,2021-10-19,0
2020-05-26,29,1019,2021-10-19,0
2020-05-27,25,1044,2021-10-19,0
2020-05-28,21,1065,2021-10-19,0
2020-05-29,17,1082,2021-10-19,0
2020-05-30,11,1093,2021-10-19,0
2020-05-31,20,1113,2021-10-19,0
2020-06-01,23,1136,2021-10-19,0
2020-06-02,21,1157,2021-10-19,0
2020-06-03,25,1182,2021-10-19,0
2020-06-04,26,1208,2021-10-19,0
2020-06-05,18,1226,2021-10-19,0
2020-06-06,12,1238,2021-10-19,0
2020-06-07,22,1260,2021-10-19,0
2020-06-08,12,1272,2021-10-19,0
2020-06-09,13,1285,2021-10-19,0
2020-06-10,10,1295,2021-10-19,0
2020-06-11,12,1307,2021-10-19,0
2020-06-12,11,1318,2021-10-19,0
2020-06-13,13,1331,2021-10-19,0
2020-06-14,11,1342,2021-10-19,0
2020-06-15,8,1350,2021-10-19,0
2020-06-16,9,1359,2021-10-19,0
2020-06-17,17,1376,2021-10-19,0
2020-06-18,9,1385,2021-10-19,0
2020-06-19,8,1393,2021-10-19,0
2020-06-20,12,1405,2021-10-19,0
2020-06-21,11,1416,2021-10-19,0
2020-06-22,6,1422,2021-10-19,0
2020-06-23,10,1432,2021-10-19,0
2020-06-24,1,1433,2021-10-19,0
2020-06-25,9,1442,2021-10-19,0
2020-06-26,6,1448,2021-10-19,0
2020-06-27,5,1453,2021-10-19,0
2020-06-28,11,1464,2021-10-19,0
2020-06-29,7,1471,2021-10-19,0
2020-06-30,9,1480,2021-10-19,0
2020-07-01,2,1482,2021-10-19,0
2020-07-02,3,1485,2021-10-19,0
2020-07-03,5,1490,2021-10-19,0
2020-07-04,4,1494,2021-10-19,0
2020-07-05,6,1500,2021-10-19,0
2020-07-06,4,1504,2021-10-19,0
2020-07-07,2,1506,2021-10-19,0
2020-07-08,9,1515,2021-10-19,0
2020-07-09,4,1519,2021-10-19,0
2020-07-10,3,1522,2021-10-19,0
2020-07-11,4,1526,2021-10-19,0
2020-07-12,6,1532,2021-10-19,0
2020-07-13,2,1534,2021-10-19,0
2020-07-14,6,1540,2021-10-19,0
2020-07-15,7,1547,2021-10-19,0
2020-07-16,3,1550,2021-10-19,0
2020-07-17,7,1557,2021-10-19,0
2020-07-18,6,1563,2021-10-19,0
2020-07-19,5,1568,2021-10-19,0
2020-07-20,3,1571,2021-10-19,0
2020-07-21,6,1577,2021-10-19,0
2020-07-22,5,1582,2021-10-19,0
2020-07-23,8,1590,2021-10-19,0
2020-07-24,6,1596,2021-10-19,0
2020-07-25,2,1598,2021-10-19,0
2020-07-26,5,1603,2021-10-19,0
2020-07-27,5,1608,2021-10-19,0
2020-07-28,7,1615,2021-10-19,0
2020-07-29,3,1618,2021-10-19,0
2020-07-30,6,1624,2021-10-19,0
2020-07-31,9,1633,2021-10-19,0
2020-08-01,4,1637,2021-10-19,0
2020-08-02,7,1644,2021-10-19,0
2020-08-03,4,1648,2021-10-19,0
2020-08-04,7,1655,2021-10-19,0
2020-08-05,8,1663,2021-10-19,0
2020-08-06,9,1672,2021-10-19,0
2020-08-07,7,1679,2021-10-19,0
2020-08-08,6,1685,2021-10-19,0
2020-08-09,10,1695,2021-10-19,0
2020-08-10,3,1698,2021-10-19,0
2020-08-11,9,1707,2021-10-19,0
2020-08-12,7,1714,2021-10-19,0
2020-08-13,5,1719,2021-10-19,0
2020-08-14,9,1728,2021-10-19,0
2020-08-15,13,1741,2021-10-19,0
2020-08-16,13,1754,2021-10-19,0
2020-08-17,6,1760,2021-10-19,0
2020-08-18,11,1771,2021-10-19,0
2020-08-19,3,1774,2021-10-19,0
2020-08-20,10,1784,2021-10-19,0
2020-08-21,12,1796,2021-10-19,0
2020-08-22,9,1805,2021-10-19,0
2020-08-23,7,1812,2021-10-19,0
2020-08-24,9,1821,2021-10-19,0
2020-08-25,4,1825,2021-10-19,0
2020-08-26,3,1828,2021-10-19,0
2020-08-27,7,1835,2021-10-19,0
2020-08-28,6,1841,2021-10-19,0
2020-08-29,3,1844,2021-10-19,0
2020-08-30,5,1849,2021-10-19,0
2020-08-31,9,1858,2021-10-19,0
2020-09-01,2,1860,2021-10-19,0
2020-09-02,7,1867,2021-10-19,0
2020-09-03,12,1879,2021-10-19,0
2020-09-04,4,1883,2021-10-19,0
2020-09-05,6,1889,2021-10-19,0
2020-09-06,12,1901,2021-10-19,0
2020-09-07,3,1904,2021-10-19,0
2020-09-08,6,1910,2021-10-19,0
2020-09-09,10,1920,2021-10-19,0
2020-09-10,9,1929,2021-10-19,0
2020-09-11,11,1940,2021-10-19,0
2020-09-12,8,1948,2021-10-19,0
2020-09-13,8,1956,2021-10-19,0
2020-09-14,2,1958,2021-10-19,0
2020-09-15,7,1965,2021-10-19,0
2020-09-16,9,1974,2021-10-19,0
2020-09-17,5,1979,2021-10-19,0
2020-09-18,6,1985,2021-10-19,0
2020-09-19,4,1989,2021-10-19,0
2020-09-20,9,1998,2021-10-19,0
2020-09-21,7,2005,2021-10-19,0
2020-09-22,8,2013,2021-10-19,0
2020-09-23,9,2022,2021-10-19,0
2020-09-24,8,2030,2021-10-19,0
2020-09-25,11,2041,2021-10-19,0
2020-09-26,9,2050,2021-10-19,0
2020-09-27,14,2064,2021-10-19,0
2020-09-28,11,2075,2021-10-19,0
2020-09-29,5,2080,2021-10-19,0
2020-09-30,16,2096,2021-10-19,0
2020-10-01,7,2103,2021-10-19,0
2020-10-02,13,2116,2021-10-19,0
2020-10-03,9,2125,2021-10-19,0
2020-10-04,7,2132,2021-10-19,0
2020-10-05,10,2142,2021-10-19,0
2020-10-06,13,2155,2021-10-19,0
2020-10-07,19,2174,2021-10-19,0
2020-10-08,9,2183,2021-10-19,0
2020-10-09,17,2200,2021-10-19,0
2020-10-10,16,2216,2021-10-19,0
2020-10-11,16,2232,2021-10-19,0
2020-10-12,20,2252,2021-10-19,0
2020-10-13,14,2266,2021-10-19,0
2020-10-14,10,2276,2021-10-19,0
2020-10-15,9,2285,2021-10-19,0
2020-10-16,12,2297,2021-10-19,0
2020-10-17,18,2315,2021-10-19,0
2020-10-18,25,2340,2021-10-19,0
2020-10-19,18,2358,2021-10-19,0
2020-10-20,15,2373,2021-10-19,0
2020-10-21,24,2397,2021-10-19,0
2020-10-22,18,2415,2021-10-19,0
2020-10-23,19,2434,2021-10-19,0
2020-10-24,8,2442,2021-10-19,0
2020-10-25,17,2459,2021-10-19,0
2020-10-26,25,2484,2021-10-19,0
2020-10-27,23,2507,2021-10-19,0
2020-10-28,29,2536,2021-10-19,0
2020-10-29,18,2554,2021-10-19,0
2020-10-30,27,2581,2021-10-19,0
2020-10-31,25,2606,2021-10-19,0
2020-11-01,21,2627,2021-10-19,0
2020-11-02,25,2652,2021-10-19,0
2020-11-03,25,2677,2021-10-19,0
2020-11-04,33,2710,2021-10-19,0
2020-11-05,38,2748,2021-10-19,0
2020-11-06,39,2787,2021-10-19,0
2020-11-07,42,2829,2021-10-19,0
2020-11-08,47,2876,2021-10-19,0
2020-11-09,36,2912,2021-10-19,0
2020-11-10,35,2947,2021-10-19,0
2020-11-11,43,2990,2021-10-19,0
2020-11-12,45,3035,2021-10-19,0
2020-11-13,40,3075,2021-10-19,0
2020-11-14,47,3122,2021-10-19,0
2020-11-15,46,3168,2021-10-19,0
2020-11-16,62,3230,2021-10-19,0
2020-11-17,56,3286,2021-10-19,0
2020-11-18,61,3347,2021-10-19,0
2020-11-19,60,3407,2021-10-19,0
2020-11-20,63,3470,2021-10-19,0
2020-11-21,58,3528,2021-10-19,0
2020-11-22,67,3595,2021-10-19,0
2020-11-23,59,3654,2021-10-19,0
2020-11-24,69,3723,2021-10-19,0
2020-11-25,72,3795,2021-10-19,0
2020-11-26,54,3849,2021-10-19,0
2020-11-27,69,3918,2021-10-19,0
2020-11-28,62,3980,2021-10-19,0
2020-11-29,68,4048,2021-10-19,0
2020-11-30,61,4109,2021-10-19,0
2020-12-01,64,4173,2021-10-19,0
2020-12-02,73,4246,2021-10-19,0
2020-12-03,86,4332,2021-10-19,0
2020-12-04,67,4399,2021-10-19,0
2020-12-05,74,4473,2021-10-19,0
2020-12-06,80,4553,2021-10-19,0
2020-12-07,75,4628,2021-10-19,0
2020-12-08,61,4689,2021-10-19,0
2020-12-09,71,4760,2021-10-19,0
2020-12-10,72,4832,2021-10-19,0
2020-12-11,71,4903,2021-10-19,0
2020-12-12,72,4975,2021-10-19,0
2020-12-13,56,5031,2021-10-19,0
2020-12-14,43,5074,2021-10-19,0
2020-12-15,65,5139,2021-10-19,0
2020-12-16,73,5212,2021-10-19,0
2020-12-17,60,5272,2021-10-19,0
2020-12-18,59,5331,2021-10-19,0
2020-12-19,56,5387,2021-10-19,0
2020-12-20,61,5448,2021-10-19,0
2020-12-21,58,5506,2021-10-19,0
2020-12-22,33,5539,2021-10-19,0
2020-12-23,46,5585,2021-10-19,0
2020-12-24,50,5635,2021-10-19,0
2020-12-25,36,5671,2021-10-19,0
2020-12-26,43,5714,2021-10-19,0
2020-12-27,41,5755,2021-10-19,0
2020-12-28,34,5789,2021-10-19,0
2020-12-29,37,5826,2021-10-19,0
2020-12-30,47,5873,2021-10-19,0
2020-12-31,36,5909,2021-10-19,0
2021-01-01,28,5937,2021-10-19,0
2021-01-02,47,5984,2021-10-19,0
2021-01-03,37,6021,2021-10-19,0
2021-01-04,32,6053,2021-10-19,0
2021-01-05,40,6093,2021-10-19,0
2021-01-06,32,6125,2021-10-19,0
2021-01-07,37,6162,2021-10-19,0
2021-01-08,32,6194,2021-10-19,0
2021-01-09,26,6220,2021-10-19,0
2021-01-10,29,6249,2021-10-19,0
2021-01-11,26,6275,2021-10-19,0
2021-01-12,32,6307,2021-10-19,0
2021-01-13,23,6330,2021-10-19,0
2021-01-14,41,6371,2021-10-19,0
2021-01-15,26,6397,2021-10-19,0
2021-01-16,30,6427,2021-10-19,0
2021-01-17,21,6448,2021-10-19,0
2021-01-18,19,6467,2021-10-19,0
2021-01-19,14,6481,2021-10-19,0
2021-01-20,26,6507,2021-10-19,0
2021-01-21,16,6523,2021-10-19,0
2021-01-22,13,6536,2021-10-19,0
2021-01-23,17,6553,2021-10-19,0
2021-01-24,24,6577,2021-10-19,0
2021-01-25,19,6596,2021-10-19,0
2021-01-26,21,6617,2021-10-19,0
2021-01-27,11,6628,2021-10-19,0
2021-01-28,12,6640,2021-10-19,0
2021-01-29,15,6655,2021-10-19,0
2021-01-30,13,6668,2021-10-19,0
2021-01-31,16,6684,2021-10-19,0
2021-02-01,17,6701,2021-10-19,0
2021-02-02,10,6711,2021-10-19,0
2021-02-03,11,6722,2021-10-19,0
2021-02-04,11,6733,2021-10-19,0
2021-02-05,12,6745,2021-10-19,0
2021-02-06,12,6757,2021-10-19,0
2021-02-07,19,6776,2021-10-19,0
2021-02-08,11,6787,2021-10-19,0
2021-02-09,15,6802,2021-10-19,0
2021-02-10,14,6816,2021-10-19,0
2021-02-11,7,6823,2021-10-19,0
2021-02-12,13,6836,2021-10-19,0
2021-02-13,8,6844,2021-10-19,0
2021-02-14,10,6854,2021-10-19,0
2021-02-15,9,6863,2021-10-19,0
2021-02-16,12,6875,2021-10-19,0
2021-02-17,10,6885,2021-10-19,0
2021-02-18,7,6892,2021-10-19,0
2021-02-19,6,6898,2021-10-19,0
2021-02-20,7,6905,2021-10-19,0
2021-02-21,4,6909,2021-10-19,0
2021-02-22,5,6914,2021-10-19,0
2021-02-23,9,6923,2021-10-19,0
2021-02-24,5,6928,2021-10-19,0
2021-02-25,5,6933,2021-10-19,0
2021-02-26,7,6940,2021-10-19,0
2021-02-27,6,6946,2021-10-19,0
2021-02-28,8,6954,2021-10-19,0
2021-03-01,7,6961,2021-10-19,0
2021-03-02,3,6964,2021-10-19,0
2021-03-03,10,6974,2021-10-19,0
2021-03-04,6,6980,2021-10-19,0
2021-03-05,10,6990,2021-10-19,0
2021-03-06,5,6995,2021-10-19,0
2021-03-07,9,7004,2021-10-19,0
2021-03-08,5,7009,2021-10-19,0
2021-03-09,7,7016,2021-10-19,0
2021-03-10,5,7021,2021-10-19,0
2021-03-11,4,7025,2021-10-19,0
2021-03-12,11,7036,2021-10-19,0
2021-03-13,5,7041,2021-10-19,0
2021-03-14,5,7046,2021-10-19,0
2021-03-15,2,7048,2021-10-19,0
2021-03-16,6,7054,2021-10-19,0
2021-03-17,4,7058,2021-10-19,0
2021-03-18,5,7063,2021-10-19,0
2021-03-19,5,7068,2021-10-19,0
2021-03-20,9,7077,2021-10-19,0
2021-03-21,5,7082,2021-10-19,0
2021-03-22,4,7086,2021-10-19,0
2021-03-23,5,7091,2021-10-19,0
2021-03-24,1,7092,2021-10-19,0
2021-03-25,5,7097,2021-10-19,0
2021-03-26,3,7100,2021-10-19,0
2021-03-27,7,7107,2021-10-19,0
2021-03-28,6,7113,2021-10-19,0
2021-03-29,5,7118,2021-10-19,0
2021-03-30,6,7124,2021-10-19,0
2021-03-31,8,7132,2021-10-19,0
2021-04-01,6,7138,2021-10-19,0
2021-04-02,9,7147,2021-10-19,0
2021-04-03,8,7155,2021-10-19,0
2021-04-04,6,7161,2021-10-19,0
2021-04-05,8,7169,2021-10-19,0
2021-04-06,6,7175,2021-10-19,0
2021-04-07,6,7181,2021-10-19,0
2021-04-08,10,7191,2021-10-19,0
2021-04-09,7,7198,2021-10-19,0
2021-04-10,7,7205,2021-10-19,0
2021-04-11,8,7213,2021-10-19,0
2021-04-12,10,7223,2021-10-19,0
2021-04-13,7,7230,2021-10-19,0
2021-04-14,8,7238,2021-10-19,0
2021-04-15,14,7252,2021-10-19,0
2021-04-16,8,7260,2021-10-19,0
2021-04-17,8,7268,2021-10-19,0
2021-04-18,8,7276,2021-10-19,0
2021-04-19,10,7286,2021-10-19,0
2021-04-20,5,7291,2021-10-19,0
2021-04-21,8,7299,2021-10-19,0
2021-04-22,2,7301,2021-10-19,0
2021-04-23,15,7316,2021-10-19,0
2021-04-24,11,7327,2021-10-19,0
2021-04-25,15,7342,2021-10-19,0
2021-04-26,15,7357,2021-10-19,1
2021-04-27,7,7364,2021-10-19,0
2021-04-28,14,7378,2021-10-19,0
2021-04-29,8,7386,2021-10-19,0
2021-04-30,11,7397,2021-10-19,0
2021-05-01,7,7404,2021-10-19,0
2021-05-02,8,7412,2021-10-19,0
2021-05-03,5,7417,2021-10-19,0
2021-05-04,13,7430,2021-10-19,0
2021-05-05,8,7438,2021-10-19,0
2021-05-06,5,7443,2021-10-19,0
2021-05-07,8,7451,2021-10-19,0
2021-05-08,7,7458,2021-10-19,0
2021-05-09,9,7467,2021-10-19,0
2021-05-10,8,7475,2021-10-19,0
2021-05-11,6,7481,2021-10-19,0
2021-05-12,9,7490,2021-10-19,0
2021-05-13,9,7499,2021-10-19,0
2021-05-14,11,7510,2021-10-19,0
2021-05-15,10,7520,2021-10-19,0
2021-05-16,6,7526,2021-10-19,0
2021-05-17,5,7531,2021-10-19,0
2021-05-18,7,7538,2021-10-19,0
2021-05-19,2,7540,2021-10-19,0
2021-05-20,5,7545,2021-10-19,0
2021-05-21,7,7552,2021-10-19,0
2021-05-22,11,7563,2021-10-19,0
2021-05-23,5,7568,2021-10-19,0
2021-05-24,5,7573,2021-10-19,0
2021-05-25,6,7579,2021-10-19,0
2021-05-26,3,7582,2021-10-19,0
2021-05-27,7,7589,2021-10-19,0
2021-05-28,2,7591,2021-10-19,0
2021-05-29,6,7597,2021-10-19,0
2021-05-30,4,7601,2021-10-19,0
2021-05-31,3,7604,2021-10-19,0
2021-06-01,5,7609,2021-10-19,0
2021-06-02,8,7617,2021-10-19,0
2021-06-03,4,7621,2021-10-19,0
2021-06-04,4,7625,2021-10-19,0
2021-06-05,2,7627,2021-10-19,0
2021-06-06,5,7632,2021-10-19,0
2021-06-07,3,7635,2021-10-19,0
2021-06-08,5,7640,2021-10-19,0
2021-06-09,4,7644,2021-10-19,0
2021-06-10,6,7650,2021-10-19,0
2021-06-11,6,7656,2021-10-19,0
2021-06-12,4,7660,2021-10-19,0
2021-06-13,4,7664,2021-10-19,0
2021-06-14,3,7667,2021-10-19,0
2021-06-15,2,7669,2021-10-19,0
2021-06-16,2,7671,2021-10-19,0
2021-06-17,4,7675,2021-10-19,0
2021-06-18,1,7676,2021-10-19,0
2021-06-19,6,7682,2021-10-19,0
2021-06-20,1,7683,2021-10-19,0
2021-06-21,5,7688,2021-10-19,0
2021-06-22,3,7691,2021-10-19,0
2021-06-23,4,7695,2021-10-19,0
2021-06-24,3,7698,2021-10-19,0
2021-06-25,3,7701,2021-10-19,0
2021-06-26,4,7705,2021-10-19,0
2021-06-27,2,7707,2021-10-19,0
2021-06-28,2,7709,2021-10-19,0
2021-06-29,2,7711,2021-10-19,0
2021-06-30,2,7713,2021-10-19,0
2021-07-01,0,7713,2021-10-19,0
2021-07-02,2,7715,2021-10-19,0
2021-07-03,2,7717,2021-10-19,0
2021-07-04,3,7720,2021-10-19,0
2021-07-05,1,7721,2021-10-19,0
2021-07-06,4,7725,2021-10-19,0
2021-07-07,1,7726,2021-10-19,0
2021-07-08,1,7727,2021-10-19,0
2021-07-09,0,7727,2021-10-19,0
2021-07-10,1,7728,2021-10-19,0
2021-07-11,3,7731,2021-10-19,0
2021-07-12,1,7732,2021-10-19,0
2021-07-13,2,7734,2021-10-19,0
2021-07-14,2,7736,2021-10-19,0
2021-07-15,2,7738,2021-10-19,0
2021-07-16,1,7739,2021-10-19,0
2021-07-17,1,7740,2021-10-19,0
2021-07-18,0,7740,2021-10-19,0
2021-07-19,0,7740,2021-10-19,0
2021-07-20,2,7742,2021-10-19,0
2021-07-21,2,7744,2021-10-19,0
2021-07-22,2,7746,2021-10-19,0
2021-07-23,3,7749,2021-10-19,0
2021-07-24,0,7749,2021-10-19,0
2021-07-25,2,7751,2021-10-19,0
2021-07-26,1,7752,2021-10-19,0
2021-07-27,2,7754,2021-10-19,0
2021-07-28,3,7757,2021-10-19,0
2021-07-29,2,7759,2021-10-19,0
2021-07-30,5,7764,2021-10-19,0
2021-07-31,4,7768,2021-10-19,0
2021-08-01,1,7769,2021-10-19,0
2021-08-02,3,7772,2021-10-19,0
2021-08-03,2,7774,2021-10-19,0
2021-08-04,3,7777,2021-10-19,0
2021-08-05,2,7779,2021-10-19,0
2021-08-06,7,7786,2021-10-19,0
2021-08-07,3,7789,2021-10-19,0
2021-08-08,2,7791,2021-10-19,0
2021-08-09,3,7794,2021-10-19,0
2021-08-10,2,7796,2021-10-19,0
2021-08-11,2,7798,2021-10-19,0
2021-08-12,7,7805,2021-10-19,0
2021-08-13,5,7810,2021-10-19,0
2021-08-14,6,7816,2021-10-19,0
2021-08-15,0,7816,2021-10-19,0
2021-08-16,7,7823,2021-10-19,0
2021-08-17,7,7830,2021-10-19,0
2021-08-18,9,7839,2021-10-19,0
2021-08-19,2,7841,2021-10-19,0
2021-08-20,3,7844,2021-10-19,0
2021-08-21,5,7849,2021-10-19,0
2021-08-22,7,7856,2021-10-19,0
2021-08-23,5,7861,2021-10-19,0
2021-08-24,12,7873,2021-10-19,0
2021-08-25,7,7880,2021-10-19,0
2021-08-26,2,7882,2021-10-19,0
2021-08-27,6,7888,2021-10-19,0
2021-08-28,10,7898,2021-10-19,0
2021-08-29,11,7909,2021-10-19,0
2021-08-30,8,7917,2021-10-19,0
2021-08-31,6,7923,2021-10-19,0
2021-09-01,6,7929,2021-10-19,0
2021-09-02,6,7935,2021-10-19,0
2021-09-03,9,7944,2021-10-19,0
2021-09-04,8,7952,2021-10-19,0
2021-09-05,10,7962,2021-10-19,0
2021-09-06,7,7969,2021-10-19,0
2021-09-07,7,7976,2021-10-19,0
2021-09-08,10,7986,2021-10-19,0
2021-09-09,4,7990,2021-10-19,0
2021-09-10,9,7999,2021-10-19,0
2021-09-11,17,8016,2021-10-19,0
2021-09-12,10,8026,2021-10-19,0
2021-09-13,7,8033,2021-10-19,0
2021-09-14,11,8044,2021-10-19,0
2021-09-15,13,8057,2021-10-19,0
2021-09-16,15,8072,2021-10-19,0
2021-09-17,8,8080,2021-10-19,0
2021-09-18,12,8092,2021-10-19,0
2021-09-19,11,8103,2021-10-19,0
2021-09-20,15,8118,2021-10-19,0
2021-09-21,15,8133,2021-10-19,1
2021-09-22,16,8149,2021-10-19,0
2021-09-23,12,8161,2021-10-19,0
2021-09-24,12,8173,2021-10-19,0
2021-09-25,16,8189,2021-10-19,0
2021-09-26,13,8202,2021-10-19,0
2021-09-27,15,8217,2021-10-19,0
2021-09-28,9,8226,2021-10-19,0
2021-09-29,19,8245,2021-10-19,0
2021-09-30,16,8261,2021-10-19,0
2021-10-01,12,8273,2021-10-19,0
2021-10-02,12,8285,2021-10-19,0
2021-10-03,23,8308,2021-10-19,0
2021-10-04,12,8320,2021-10-19,0
2021-10-05,22,8342,2021-10-19,0
2021-10-06,19,8361,2021-10-19,1
2021-10-07,10,8371,2021-10-19,0
2021-10-08,19,8390,2021-10-19,0
2021-10-09,17,8407,2021-10-19,2
2021-10-10,10,8417,2021-10-19,0
2021-10-11,8,8425,2021-10-19,2
2021-10-12,17,8442,2021-10-19,5
2021-10-13,11,8453,2021-10-19,5
2021-10-14,4,8457,2021-10-19,4
NA,0,8457,2021-10-19,0
2020-03-19,1,1,2021-10-20,0
2020-03-20,0,1,2021-10-20,0
2020-03-21,0,1,2021-10-20,0
2020-03-22,0,1,2021-10-20,0
2020-03-23,0,1,2021-10-20,0
2020-03-24,1,2,2021-10-20,0
2020-03-25,1,3,2021-10-20,0
2020-03-26,1,4,2021-10-20,0
2020-03-27,5,9,2021-10-20,0
2020-03-28,3,12,2021-10-20,0
2020-03-29,0,12,2021-10-20,0
2020-03-30,5,17,2021-10-20,0
2020-03-31,2,19,2021-10-20,0
2020-04-01,5,24,2021-10-20,0
2020-04-02,3,27,2021-10-20,0
2020-04-03,1,28,2021-10-20,0
2020-04-04,5,33,2021-10-20,0
2020-04-05,5,38,2021-10-20,0
2020-04-06,10,48,2021-10-20,0
2020-04-07,6,54,2021-10-20,0
2020-04-08,7,61,2021-10-20,0
2020-04-09,8,69,2021-10-20,0
2020-04-10,6,75,2021-10-20,0
2020-04-11,4,79,2021-10-20,0
2020-04-12,4,83,2021-10-20,0
2020-04-13,10,93,2021-10-20,0
2020-04-14,6,99,2021-10-20,0
2020-04-15,17,116,2021-10-20,0
2020-04-16,10,126,2021-10-20,0
2020-04-17,17,143,2021-10-20,0
2020-04-18,17,160,2021-10-20,0
2020-04-19,16,176,2021-10-20,0
2020-04-20,21,197,2021-10-20,0
2020-04-21,26,223,2021-10-20,0
2020-04-22,21,244,2021-10-20,0
2020-04-23,19,263,2021-10-20,0
2020-04-24,23,286,2021-10-20,0
2020-04-25,18,304,2021-10-20,0
2020-04-26,17,321,2021-10-20,0
2020-04-27,21,342,2021-10-20,0
2020-04-28,16,358,2021-10-20,0
2020-04-29,29,387,2021-10-20,0
2020-04-30,18,405,2021-10-20,0
2020-05-01,30,435,2021-10-20,0
2020-05-02,19,454,2021-10-20,0
2020-05-03,29,483,2021-10-20,0
2020-05-04,23,506,2021-10-20,0
2020-05-05,19,525,2021-10-20,0
2020-05-06,25,550,2021-10-20,0
2020-05-07,30,580,2021-10-20,0
2020-05-08,20,600,2021-10-20,0
2020-05-09,26,626,2021-10-20,0
2020-05-10,19,645,2021-10-20,0
2020-05-11,25,670,2021-10-20,0
2020-05-12,20,690,2021-10-20,0
2020-05-13,22,712,2021-10-20,0
2020-05-14,20,732,2021-10-20,0
2020-05-15,20,752,2021-10-20,0
2020-05-16,20,772,2021-10-20,0
2020-05-17,23,795,2021-10-20,0
2020-05-18,18,813,2021-10-20,0
2020-05-19,35,848,2021-10-20,0
2020-05-20,24,872,2021-10-20,0
2020-05-21,17,889,2021-10-20,0
2020-05-22,20,909,2021-10-20,0
2020-05-23,26,935,2021-10-20,0
2020-05-24,25,960,2021-10-20,0
2020-05-25,30,990,2021-10-20,0
2020-05-26,29,1019,2021-10-20,0
2020-05-27,25,1044,2021-10-20,0
2020-05-28,21,1065,2021-10-20,0
2020-05-29,17,1082,2021-10-20,0
2020-05-30,11,1093,2021-10-20,0
2020-05-31,20,1113,2021-10-20,0
2020-06-01,23,1136,2021-10-20,0
2020-06-02,21,1157,2021-10-20,0
2020-06-03,25,1182,2021-10-20,0
2020-06-04,26,1208,2021-10-20,0
2020-06-05,18,1226,2021-10-20,0
2020-06-06,12,1238,2021-10-20,0
2020-06-07,22,1260,2021-10-20,0
2020-06-08,12,1272,2021-10-20,0
2020-06-09,13,1285,2021-10-20,0
2020-06-10,10,1295,2021-10-20,0
2020-06-11,12,1307,2021-10-20,0
2020-06-12,11,1318,2021-10-20,0
2020-06-13,13,1331,2021-10-20,0
2020-06-14,11,1342,2021-10-20,0
2020-06-15,8,1350,2021-10-20,0
2020-06-16,9,1359,2021-10-20,0
2020-06-17,17,1376,2021-10-20,0
2020-06-18,9,1385,2021-10-20,0
2020-06-19,8,1393,2021-10-20,0
2020-06-20,12,1405,2021-10-20,0
2020-06-21,11,1416,2021-10-20,0
2020-06-22,6,1422,2021-10-20,0
2020-06-23,10,1432,2021-10-20,0
2020-06-24,1,1433,2021-10-20,0
2020-06-25,9,1442,2021-10-20,0
2020-06-26,6,1448,2021-10-20,0
2020-06-27,5,1453,2021-10-20,0
2020-06-28,11,1464,2021-10-20,0
2020-06-29,7,1471,2021-10-20,0
2020-06-30,9,1480,2021-10-20,0
2020-07-01,2,1482,2021-10-20,0
2020-07-02,3,1485,2021-10-20,0
2020-07-03,5,1490,2021-10-20,0
2020-07-04,4,1494,2021-10-20,0
2020-07-05,6,1500,2021-10-20,0
2020-07-06,4,1504,2021-10-20,0
2020-07-07,2,1506,2021-10-20,0
2020-07-08,9,1515,2021-10-20,0
2020-07-09,4,1519,2021-10-20,0
2020-07-10,3,1522,2021-10-20,0
2020-07-11,4,1526,2021-10-20,0
2020-07-12,6,1532,2021-10-20,0
2020-07-13,2,1534,2021-10-20,0
2020-07-14,6,1540,2021-10-20,0
2020-07-15,7,1547,2021-10-20,0
2020-07-16,3,1550,2021-10-20,0
2020-07-17,7,1557,2021-10-20,0
2020-07-18,6,1563,2021-10-20,0
2020-07-19,5,1568,2021-10-20,0
2020-07-20,3,1571,2021-10-20,0
2020-07-21,6,1577,2021-10-20,0
2020-07-22,5,1582,2021-10-20,0
2020-07-23,8,1590,2021-10-20,0
2020-07-24,6,1596,2021-10-20,0
2020-07-25,2,1598,2021-10-20,0
2020-07-26,5,1603,2021-10-20,0
2020-07-27,5,1608,2021-10-20,0
2020-07-28,7,1615,2021-10-20,0
2020-07-29,3,1618,2021-10-20,0
2020-07-30,6,1624,2021-10-20,0
2020-07-31,9,1633,2021-10-20,0
2020-08-01,4,1637,2021-10-20,0
2020-08-02,7,1644,2021-10-20,0
2020-08-03,4,1648,2021-10-20,0
2020-08-04,7,1655,2021-10-20,0
2020-08-05,8,1663,2021-10-20,0
2020-08-06,9,1672,2021-10-20,0
2020-08-07,7,1679,2021-10-20,0
2020-08-08,6,1685,2021-10-20,0
2020-08-09,10,1695,2021-10-20,0
2020-08-10,3,1698,2021-10-20,0
2020-08-11,9,1707,2021-10-20,0
2020-08-12,7,1714,2021-10-20,0
2020-08-13,5,1719,2021-10-20,0
2020-08-14,9,1728,2021-10-20,0
2020-08-15,13,1741,2021-10-20,0
2020-08-16,13,1754,2021-10-20,0
2020-08-17,6,1760,2021-10-20,0
2020-08-18,11,1771,2021-10-20,0
2020-08-19,3,1774,2021-10-20,0
2020-08-20,10,1784,2021-10-20,0
2020-08-21,12,1796,2021-10-20,0
2020-08-22,9,1805,2021-10-20,0
2020-08-23,7,1812,2021-10-20,0
2020-08-24,9,1821,2021-10-20,0
2020-08-25,4,1825,2021-10-20,0
2020-08-26,3,1828,2021-10-20,0
2020-08-27,7,1835,2021-10-20,0
2020-08-28,6,1841,2021-10-20,0
2020-08-29,3,1844,2021-10-20,0
2020-08-30,5,1849,2021-10-20,0
2020-08-31,9,1858,2021-10-20,0
2020-09-01,2,1860,2021-10-20,0
2020-09-02,7,1867,2021-10-20,0
2020-09-03,12,1879,2021-10-20,0
2020-09-04,4,1883,2021-10-20,0
2020-09-05,6,1889,2021-10-20,0
2020-09-06,12,1901,2021-10-20,0
2020-09-07,3,1904,2021-10-20,0
2020-09-08,6,1910,2021-10-20,0
2020-09-09,10,1920,2021-10-20,0
2020-09-10,9,1929,2021-10-20,0
2020-09-11,11,1940,2021-10-20,0
2020-09-12,8,1948,2021-10-20,0
2020-09-13,8,1956,2021-10-20,0
2020-09-14,2,1958,2021-10-20,0
2020-09-15,7,1965,2021-10-20,0
2020-09-16,9,1974,2021-10-20,0
2020-09-17,5,1979,2021-10-20,0
2020-09-18,6,1985,2021-10-20,0
2020-09-19,4,1989,2021-10-20,0
2020-09-20,9,1998,2021-10-20,0
2020-09-21,7,2005,2021-10-20,0
2020-09-22,8,2013,2021-10-20,0
2020-09-23,9,2022,2021-10-20,0
2020-09-24,8,2030,2021-10-20,0
2020-09-25,11,2041,2021-10-20,0
2020-09-26,9,2050,2021-10-20,0
2020-09-27,14,2064,2021-10-20,0
2020-09-28,11,2075,2021-10-20,0
2020-09-29,5,2080,2021-10-20,0
2020-09-30,16,2096,2021-10-20,0
2020-10-01,7,2103,2021-10-20,0
2020-10-02,13,2116,2021-10-20,0
2020-10-03,9,2125,2021-10-20,0
2020-10-04,7,2132,2021-10-20,0
2020-10-05,10,2142,2021-10-20,0
2020-10-06,13,2155,2021-10-20,0
2020-10-07,19,2174,2021-10-20,0
2020-10-08,9,2183,2021-10-20,0
2020-10-09,17,2200,2021-10-20,0
2020-10-10,16,2216,2021-10-20,0
2020-10-11,16,2232,2021-10-20,0
2020-10-12,20,2252,2021-10-20,0
2020-10-13,14,2266,2021-10-20,0
2020-10-14,10,2276,2021-10-20,0
2020-10-15,9,2285,2021-10-20,0
2020-10-16,12,2297,2021-10-20,0
2020-10-17,18,2315,2021-10-20,0
2020-10-18,25,2340,2021-10-20,0
2020-10-19,18,2358,2021-10-20,0
2020-10-20,15,2373,2021-10-20,0
2020-10-21,24,2397,2021-10-20,0
2020-10-22,18,2415,2021-10-20,0
2020-10-23,19,2434,2021-10-20,0
2020-10-24,8,2442,2021-10-20,0
2020-10-25,17,2459,2021-10-20,0
2020-10-26,25,2484,2021-10-20,0
2020-10-27,23,2507,2021-10-20,0
2020-10-28,29,2536,2021-10-20,0
2020-10-29,18,2554,2021-10-20,0
2020-10-30,27,2581,2021-10-20,0
2020-10-31,25,2606,2021-10-20,0
2020-11-01,21,2627,2021-10-20,0
2020-11-02,25,2652,2021-10-20,0
2020-11-03,25,2677,2021-10-20,0
2020-11-04,33,2710,2021-10-20,0
2020-11-05,38,2748,2021-10-20,0
2020-11-06,39,2787,2021-10-20,0
2020-11-07,42,2829,2021-10-20,0
2020-11-08,47,2876,2021-10-20,0
2020-11-09,36,2912,2021-10-20,0
2020-11-10,35,2947,2021-10-20,0
2020-11-11,43,2990,2021-10-20,0
2020-11-12,45,3035,2021-10-20,0
2020-11-13,40,3075,2021-10-20,0
2020-11-14,47,3122,2021-10-20,0
2020-11-15,46,3168,2021-10-20,0
2020-11-16,62,3230,2021-10-20,0
2020-11-17,56,3286,2021-10-20,0
2020-11-18,61,3347,2021-10-20,0
2020-11-19,60,3407,2021-10-20,0
2020-11-20,63,3470,2021-10-20,0
2020-11-21,58,3528,2021-10-20,0
2020-11-22,67,3595,2021-10-20,0
2020-11-23,59,3654,2021-10-20,0
2020-11-24,69,3723,2021-10-20,0
2020-11-25,72,3795,2021-10-20,0
2020-11-26,54,3849,2021-10-20,0
2020-11-27,69,3918,2021-10-20,0
2020-11-28,62,3980,2021-10-20,0
2020-11-29,68,4048,2021-10-20,0
2020-11-30,61,4109,2021-10-20,0
2020-12-01,64,4173,2021-10-20,0
2020-12-02,73,4246,2021-10-20,0
2020-12-03,86,4332,2021-10-20,0
2020-12-04,67,4399,2021-10-20,0
2020-12-05,74,4473,2021-10-20,0
2020-12-06,80,4553,2021-10-20,0
2020-12-07,75,4628,2021-10-20,0
2020-12-08,61,4689,2021-10-20,0
2020-12-09,71,4760,2021-10-20,0
2020-12-10,72,4832,2021-10-20,0
2020-12-11,71,4903,2021-10-20,0
2020-12-12,72,4975,2021-10-20,0
2020-12-13,56,5031,2021-10-20,0
2020-12-14,43,5074,2021-10-20,0
2020-12-15,65,5139,2021-10-20,0
2020-12-16,73,5212,2021-10-20,0
2020-12-17,60,5272,2021-10-20,0
2020-12-18,59,5331,2021-10-20,0
2020-12-19,56,5387,2021-10-20,0
2020-12-20,61,5448,2021-10-20,0
2020-12-21,58,5506,2021-10-20,0
2020-12-22,33,5539,2021-10-20,0
2020-12-23,46,5585,2021-10-20,0
2020-12-24,50,5635,2021-10-20,0
2020-12-25,36,5671,2021-10-20,0
2020-12-26,43,5714,2021-10-20,0
2020-12-27,41,5755,2021-10-20,0
2020-12-28,34,5789,2021-10-20,0
2020-12-29,37,5826,2021-10-20,0
2020-12-30,47,5873,2021-10-20,0
2020-12-31,36,5909,2021-10-20,0
2021-01-01,28,5937,2021-10-20,0
2021-01-02,47,5984,2021-10-20,0
2021-01-03,37,6021,2021-10-20,0
2021-01-04,32,6053,2021-10-20,0
2021-01-05,40,6093,2021-10-20,0
2021-01-06,32,6125,2021-10-20,0
2021-01-07,37,6162,2021-10-20,0
2021-01-08,32,6194,2021-10-20,0
2021-01-09,26,6220,2021-10-20,0
2021-01-10,29,6249,2021-10-20,0
2021-01-11,26,6275,2021-10-20,0
2021-01-12,32,6307,2021-10-20,0
2021-01-13,23,6330,2021-10-20,0
2021-01-14,41,6371,2021-10-20,0
2021-01-15,26,6397,2021-10-20,0
2021-01-16,30,6427,2021-10-20,0
2021-01-17,21,6448,2021-10-20,0
2021-01-18,19,6467,2021-10-20,0
2021-01-19,14,6481,2021-10-20,0
2021-01-20,26,6507,2021-10-20,0
2021-01-21,16,6523,2021-10-20,0
2021-01-22,13,6536,2021-10-20,0
2021-01-23,17,6553,2021-10-20,0
2021-01-24,24,6577,2021-10-20,0
2021-01-25,19,6596,2021-10-20,0
2021-01-26,21,6617,2021-10-20,0
2021-01-27,11,6628,2021-10-20,0
2021-01-28,12,6640,2021-10-20,0
2021-01-29,15,6655,2021-10-20,0
2021-01-30,13,6668,2021-10-20,0
2021-01-31,16,6684,2021-10-20,0
2021-02-01,17,6701,2021-10-20,0
2021-02-02,10,6711,2021-10-20,0
2021-02-03,11,6722,2021-10-20,0
2021-02-04,11,6733,2021-10-20,0
2021-02-05,12,6745,2021-10-20,0
2021-02-06,12,6757,2021-10-20,0
2021-02-07,19,6776,2021-10-20,0
2021-02-08,11,6787,2021-10-20,0
2021-02-09,15,6802,2021-10-20,0
2021-02-10,14,6816,2021-10-20,0
2021-02-11,7,6823,2021-10-20,0
2021-02-12,13,6836,2021-10-20,0
2021-02-13,8,6844,2021-10-20,0
2021-02-14,10,6854,2021-10-20,0
2021-02-15,9,6863,2021-10-20,0
2021-02-16,12,6875,2021-10-20,0
2021-02-17,10,6885,2021-10-20,0
2021-02-18,7,6892,2021-10-20,0
2021-02-19,6,6898,2021-10-20,0
2021-02-20,7,6905,2021-10-20,0
2021-02-21,4,6909,2021-10-20,0
2021-02-22,5,6914,2021-10-20,0
2021-02-23,9,6923,2021-10-20,0
2021-02-24,5,6928,2021-10-20,0
2021-02-25,5,6933,2021-10-20,0
2021-02-26,7,6940,2021-10-20,0
2021-02-27,6,6946,2021-10-20,0
2021-02-28,8,6954,2021-10-20,0
2021-03-01,7,6961,2021-10-20,0
2021-03-02,3,6964,2021-10-20,0
2021-03-03,10,6974,2021-10-20,0
2021-03-04,6,6980,2021-10-20,0
2021-03-05,10,6990,2021-10-20,0
2021-03-06,5,6995,2021-10-20,0
2021-03-07,9,7004,2021-10-20,0
2021-03-08,5,7009,2021-10-20,0
2021-03-09,7,7016,2021-10-20,0
2021-03-10,5,7021,2021-10-20,0
2021-03-11,4,7025,2021-10-20,0
2021-03-12,11,7036,2021-10-20,0
2021-03-13,5,7041,2021-10-20,0
2021-03-14,5,7046,2021-10-20,0
2021-03-15,2,7048,2021-10-20,0
2021-03-16,6,7054,2021-10-20,0
2021-03-17,4,7058,2021-10-20,0
2021-03-18,5,7063,2021-10-20,0
2021-03-19,5,7068,2021-10-20,0
2021-03-20,9,7077,2021-10-20,0
2021-03-21,5,7082,2021-10-20,0
2021-03-22,4,7086,2021-10-20,0
2021-03-23,5,7091,2021-10-20,0
2021-03-24,1,7092,2021-10-20,0
2021-03-25,5,7097,2021-10-20,0
2021-03-26,3,7100,2021-10-20,0
2021-03-27,7,7107,2021-10-20,0
2021-03-28,6,7113,2021-10-20,0
2021-03-29,5,7118,2021-10-20,0
2021-03-30,6,7124,2021-10-20,0
2021-03-31,8,7132,2021-10-20,0
2021-04-01,6,7138,2021-10-20,0
2021-04-02,9,7147,2021-10-20,0
2021-04-03,8,7155,2021-10-20,0
2021-04-04,6,7161,2021-10-20,0
2021-04-05,8,7169,2021-10-20,0
2021-04-06,6,7175,2021-10-20,0
2021-04-07,6,7181,2021-10-20,0
2021-04-08,10,7191,2021-10-20,0
2021-04-09,7,7198,2021-10-20,0
2021-04-10,7,7205,2021-10-20,0
2021-04-11,8,7213,2021-10-20,0
2021-04-12,10,7223,2021-10-20,0
2021-04-13,7,7230,2021-10-20,0
2021-04-14,8,7238,2021-10-20,0
2021-04-15,14,7252,2021-10-20,0
2021-04-16,8,7260,2021-10-20,0
2021-04-17,8,7268,2021-10-20,0
2021-04-18,8,7276,2021-10-20,0
2021-04-19,10,7286,2021-10-20,0
2021-04-20,5,7291,2021-10-20,0
2021-04-21,8,7299,2021-10-20,0
2021-04-22,2,7301,2021-10-20,0
2021-04-23,15,7316,2021-10-20,0
2021-04-24,11,7327,2021-10-20,0
2021-04-25,15,7342,2021-10-20,0
2021-04-26,15,7357,2021-10-20,0
2021-04-27,7,7364,2021-10-20,0
2021-04-28,14,7378,2021-10-20,0
2021-04-29,8,7386,2021-10-20,0
2021-04-30,11,7397,2021-10-20,0
2021-05-01,7,7404,2021-10-20,0
2021-05-02,8,7412,2021-10-20,0
2021-05-03,5,7417,2021-10-20,0
2021-05-04,13,7430,2021-10-20,0
2021-05-05,8,7438,2021-10-20,0
2021-05-06,5,7443,2021-10-20,0
2021-05-07,8,7451,2021-10-20,0
2021-05-08,7,7458,2021-10-20,0
2021-05-09,9,7467,2021-10-20,0
2021-05-10,8,7475,2021-10-20,0
2021-05-11,6,7481,2021-10-20,0
2021-05-12,9,7490,2021-10-20,0
2021-05-13,9,7499,2021-10-20,0
2021-05-14,11,7510,2021-10-20,0
2021-05-15,10,7520,2021-10-20,0
2021-05-16,6,7526,2021-10-20,0
2021-05-17,6,7532,2021-10-20,1
2021-05-18,7,7539,2021-10-20,0
2021-05-19,2,7541,2021-10-20,0
2021-05-20,5,7546,2021-10-20,0
2021-05-21,7,7553,2021-10-20,0
2021-05-22,11,7564,2021-10-20,0
2021-05-23,5,7569,2021-10-20,0
2021-05-24,5,7574,2021-10-20,0
2021-05-25,6,7580,2021-10-20,0
2021-05-26,3,7583,2021-10-20,0
2021-05-27,7,7590,2021-10-20,0
2021-05-28,2,7592,2021-10-20,0
2021-05-29,6,7598,2021-10-20,0
2021-05-30,4,7602,2021-10-20,0
2021-05-31,3,7605,2021-10-20,0
2021-06-01,5,7610,2021-10-20,0
2021-06-02,8,7618,2021-10-20,0
2021-06-03,4,7622,2021-10-20,0
2021-06-04,4,7626,2021-10-20,0
2021-06-05,2,7628,2021-10-20,0
2021-06-06,5,7633,2021-10-20,0
2021-06-07,3,7636,2021-10-20,0
2021-06-08,5,7641,2021-10-20,0
2021-06-09,4,7645,2021-10-20,0
2021-06-10,6,7651,2021-10-20,0
2021-06-11,6,7657,2021-10-20,0
2021-06-12,4,7661,2021-10-20,0
2021-06-13,4,7665,2021-10-20,0
2021-06-14,3,7668,2021-10-20,0
2021-06-15,2,7670,2021-10-20,0
2021-06-16,2,7672,2021-10-20,0
2021-06-17,4,7676,2021-10-20,0
2021-06-18,1,7677,2021-10-20,0
2021-06-19,6,7683,2021-10-20,0
2021-06-20,1,7684,2021-10-20,0
2021-06-21,5,7689,2021-10-20,0
2021-06-22,3,7692,2021-10-20,0
2021-06-23,4,7696,2021-10-20,0
2021-06-24,3,7699,2021-10-20,0
2021-06-25,3,7702,2021-10-20,0
2021-06-26,4,7706,2021-10-20,0
2021-06-27,2,7708,2021-10-20,0
2021-06-28,2,7710,2021-10-20,0
2021-06-29,2,7712,2021-10-20,0
2021-06-30,2,7714,2021-10-20,0
2021-07-01,0,7714,2021-10-20,0
2021-07-02,2,7716,2021-10-20,0
2021-07-03,2,7718,2021-10-20,0
2021-07-04,3,7721,2021-10-20,0
2021-07-05,1,7722,2021-10-20,0
2021-07-06,4,7726,2021-10-20,0
2021-07-07,1,7727,2021-10-20,0
2021-07-08,1,7728,2021-10-20,0
2021-07-09,0,7728,2021-10-20,0
2021-07-10,1,7729,2021-10-20,0
2021-07-11,3,7732,2021-10-20,0
2021-07-12,1,7733,2021-10-20,0
2021-07-13,2,7735,2021-10-20,0
2021-07-14,2,7737,2021-10-20,0
2021-07-15,2,7739,2021-10-20,0
2021-07-16,1,7740,2021-10-20,0
2021-07-17,1,7741,2021-10-20,0
2021-07-18,0,7741,2021-10-20,0
2021-07-19,0,7741,2021-10-20,0
2021-07-20,2,7743,2021-10-20,0
2021-07-21,2,7745,2021-10-20,0
2021-07-22,2,7747,2021-10-20,0
2021-07-23,3,7750,2021-10-20,0
2021-07-24,0,7750,2021-10-20,0
2021-07-25,2,7752,2021-10-20,0
2021-07-26,1,7753,2021-10-20,0
2021-07-27,2,7755,2021-10-20,0
2021-07-28,3,7758,2021-10-20,0
2021-07-29,2,7760,2021-10-20,0
2021-07-30,5,7765,2021-10-20,0
2021-07-31,4,7769,2021-10-20,0
2021-08-01,1,7770,2021-10-20,0
2021-08-02,3,7773,2021-10-20,0
2021-08-03,2,7775,2021-10-20,0
2021-08-04,3,7778,2021-10-20,0
2021-08-05,2,7780,2021-10-20,0
2021-08-06,7,7787,2021-10-20,0
2021-08-07,3,7790,2021-10-20,0
2021-08-08,2,7792,2021-10-20,0
2021-08-09,3,7795,2021-10-20,0
2021-08-10,2,7797,2021-10-20,0
2021-08-11,2,7799,2021-10-20,0
2021-08-12,7,7806,2021-10-20,0
2021-08-13,5,7811,2021-10-20,0
2021-08-14,6,7817,2021-10-20,0
2021-08-15,0,7817,2021-10-20,0
2021-08-16,7,7824,2021-10-20,0
2021-08-17,7,7831,2021-10-20,0
2021-08-18,9,7840,2021-10-20,0
2021-08-19,2,7842,2021-10-20,0
2021-08-20,3,7845,2021-10-20,0
2021-08-21,5,7850,2021-10-20,0
2021-08-22,7,7857,2021-10-20,0
2021-08-23,5,7862,2021-10-20,0
2021-08-24,12,7874,2021-10-20,0
2021-08-25,7,7881,2021-10-20,0
2021-08-26,2,7883,2021-10-20,0
2021-08-27,6,7889,2021-10-20,0
2021-08-28,10,7899,2021-10-20,0
2021-08-29,11,7910,2021-10-20,0
2021-08-30,8,7918,2021-10-20,0
2021-08-31,6,7924,2021-10-20,0
2021-09-01,6,7930,2021-10-20,0
2021-09-02,6,7936,2021-10-20,0
2021-09-03,9,7945,2021-10-20,0
2021-09-04,8,7953,2021-10-20,0
2021-09-05,10,7963,2021-10-20,0
2021-09-06,7,7970,2021-10-20,0
2021-09-07,7,7977,2021-10-20,0
2021-09-08,10,7987,2021-10-20,0
2021-09-09,4,7991,2021-10-20,0
2021-09-10,9,8000,2021-10-20,0
2021-09-11,17,8017,2021-10-20,0
2021-09-12,10,8027,2021-10-20,0
2021-09-13,7,8034,2021-10-20,0
2021-09-14,11,8045,2021-10-20,0
2021-09-15,14,8059,2021-10-20,1
2021-09-16,15,8074,2021-10-20,0
2021-09-17,8,8082,2021-10-20,0
2021-09-18,12,8094,2021-10-20,0
2021-09-19,11,8105,2021-10-20,0
2021-09-20,15,8120,2021-10-20,0
2021-09-21,15,8135,2021-10-20,0
2021-09-22,16,8151,2021-10-20,0
2021-09-23,12,8163,2021-10-20,0
2021-09-24,12,8175,2021-10-20,0
2021-09-25,16,8191,2021-10-20,0
2021-09-26,13,8204,2021-10-20,0
2021-09-27,15,8219,2021-10-20,0
2021-09-28,9,8228,2021-10-20,0
2021-09-29,19,8247,2021-10-20,0
2021-09-30,16,8263,2021-10-20,0
2021-10-01,12,8275,2021-10-20,0
2021-10-02,12,8287,2021-10-20,0
2021-10-03,23,8310,2021-10-20,0
2021-10-04,13,8323,2021-10-20,1
2021-10-05,23,8346,2021-10-20,1
2021-10-06,19,8365,2021-10-20,0
2021-10-07,12,8377,2021-10-20,2
2021-10-08,20,8397,2021-10-20,1
2021-10-09,19,8416,2021-10-20,2
2021-10-10,10,8426,2021-10-20,0
2021-10-11,9,8435,2021-10-20,1
2021-10-12,18,8453,2021-10-20,1
2021-10-13,15,8468,2021-10-20,4
2021-10-14,8,8476,2021-10-20,4
2021-10-15,3,8479,2021-10-20,3
2021-10-16,6,8485,2021-10-20,6
2021-10-17,4,8489,2021-10-20,4
NA,0,8489,2021-10-20,0
2020-03-19,1,1,2021-10-21,0
2020-03-20,0,1,2021-10-21,0
2020-03-21,0,1,2021-10-21,0
2020-03-22,0,1,2021-10-21,0
2020-03-23,0,1,2021-10-21,0
2020-03-24,1,2,2021-10-21,0
2020-03-25,1,3,2021-10-21,0
2020-03-26,1,4,2021-10-21,0
2020-03-27,5,9,2021-10-21,0
2020-03-28,3,12,2021-10-21,0
2020-03-29,0,12,2021-10-21,0
2020-03-30,5,17,2021-10-21,0
2020-03-31,2,19,2021-10-21,0
2020-04-01,5,24,2021-10-21,0
2020-04-02,3,27,2021-10-21,0
2020-04-03,1,28,2021-10-21,0
2020-04-04,5,33,2021-10-21,0
2020-04-05,5,38,2021-10-21,0
2020-04-06,10,48,2021-10-21,0
2020-04-07,6,54,2021-10-21,0
2020-04-08,7,61,2021-10-21,0
2020-04-09,8,69,2021-10-21,0
2020-04-10,6,75,2021-10-21,0
2020-04-11,4,79,2021-10-21,0
2020-04-12,4,83,2021-10-21,0
2020-04-13,10,93,2021-10-21,0
2020-04-14,6,99,2021-10-21,0
2020-04-15,17,116,2021-10-21,0
2020-04-16,10,126,2021-10-21,0
2020-04-17,17,143,2021-10-21,0
2020-04-18,17,160,2021-10-21,0
2020-04-19,16,176,2021-10-21,0
2020-04-20,21,197,2021-10-21,0
2020-04-21,26,223,2021-10-21,0
2020-04-22,21,244,2021-10-21,0
2020-04-23,19,263,2021-10-21,0
2020-04-24,23,286,2021-10-21,0
2020-04-25,18,304,2021-10-21,0
2020-04-26,17,321,2021-10-21,0
2020-04-27,21,342,2021-10-21,0
2020-04-28,16,358,2021-10-21,0
2020-04-29,29,387,2021-10-21,0
2020-04-30,18,405,2021-10-21,0
2020-05-01,30,435,2021-10-21,0
2020-05-02,19,454,2021-10-21,0
2020-05-03,29,483,2021-10-21,0
2020-05-04,23,506,2021-10-21,0
2020-05-05,19,525,2021-10-21,0
2020-05-06,25,550,2021-10-21,0
2020-05-07,30,580,2021-10-21,0
2020-05-08,20,600,2021-10-21,0
2020-05-09,26,626,2021-10-21,0
2020-05-10,19,645,2021-10-21,0
2020-05-11,25,670,2021-10-21,0
2020-05-12,20,690,2021-10-21,0
2020-05-13,22,712,2021-10-21,0
2020-05-14,20,732,2021-10-21,0
2020-05-15,20,752,2021-10-21,0
2020-05-16,20,772,2021-10-21,0
2020-05-17,23,795,2021-10-21,0
2020-05-18,18,813,2021-10-21,0
2020-05-19,35,848,2021-10-21,0
2020-05-20,24,872,2021-10-21,0
2020-05-21,17,889,2021-10-21,0
2020-05-22,20,909,2021-10-21,0
2020-05-23,26,935,2021-10-21,0
2020-05-24,25,960,2021-10-21,0
2020-05-25,30,990,2021-10-21,0
2020-05-26,29,1019,2021-10-21,0
2020-05-27,25,1044,2021-10-21,0
2020-05-28,21,1065,2021-10-21,0
2020-05-29,17,1082,2021-10-21,0
2020-05-30,11,1093,2021-10-21,0
2020-05-31,20,1113,2021-10-21,0
2020-06-01,23,1136,2021-10-21,0
2020-06-02,21,1157,2021-10-21,0
2020-06-03,25,1182,2021-10-21,0
2020-06-04,26,1208,2021-10-21,0
2020-06-05,18,1226,2021-10-21,0
2020-06-06,12,1238,2021-10-21,0
2020-06-07,22,1260,2021-10-21,0
2020-06-08,12,1272,2021-10-21,0
2020-06-09,13,1285,2021-10-21,0
2020-06-10,10,1295,2021-10-21,0
2020-06-11,12,1307,2021-10-21,0
2020-06-12,11,1318,2021-10-21,0
2020-06-13,13,1331,2021-10-21,0
2020-06-14,11,1342,2021-10-21,0
2020-06-15,8,1350,2021-10-21,0
2020-06-16,9,1359,2021-10-21,0
2020-06-17,17,1376,2021-10-21,0
2020-06-18,9,1385,2021-10-21,0
2020-06-19,8,1393,2021-10-21,0
2020-06-20,12,1405,2021-10-21,0
2020-06-21,11,1416,2021-10-21,0
2020-06-22,6,1422,2021-10-21,0
2020-06-23,10,1432,2021-10-21,0
2020-06-24,1,1433,2021-10-21,0
2020-06-25,9,1442,2021-10-21,0
2020-06-26,6,1448,2021-10-21,0
2020-06-27,5,1453,2021-10-21,0
2020-06-28,11,1464,2021-10-21,0
2020-06-29,7,1471,2021-10-21,0
2020-06-30,9,1480,2021-10-21,0
2020-07-01,2,1482,2021-10-21,0
2020-07-02,3,1485,2021-10-21,0
2020-07-03,5,1490,2021-10-21,0
2020-07-04,4,1494,2021-10-21,0
2020-07-05,6,1500,2021-10-21,0
2020-07-06,4,1504,2021-10-21,0
2020-07-07,2,1506,2021-10-21,0
2020-07-08,9,1515,2021-10-21,0
2020-07-09,4,1519,2021-10-21,0
2020-07-10,3,1522,2021-10-21,0
2020-07-11,4,1526,2021-10-21,0
2020-07-12,6,1532,2021-10-21,0
2020-07-13,2,1534,2021-10-21,0
2020-07-14,6,1540,2021-10-21,0
2020-07-15,7,1547,2021-10-21,0
2020-07-16,3,1550,2021-10-21,0
2020-07-17,7,1557,2021-10-21,0
2020-07-18,6,1563,2021-10-21,0
2020-07-19,5,1568,2021-10-21,0
2020-07-20,3,1571,2021-10-21,0
2020-07-21,6,1577,2021-10-21,0
2020-07-22,5,1582,2021-10-21,0
2020-07-23,8,1590,2021-10-21,0
2020-07-24,6,1596,2021-10-21,0
2020-07-25,2,1598,2021-10-21,0
2020-07-26,5,1603,2021-10-21,0
2020-07-27,5,1608,2021-10-21,0
2020-07-28,7,1615,2021-10-21,0
2020-07-29,3,1618,2021-10-21,0
2020-07-30,6,1624,2021-10-21,0
2020-07-31,9,1633,2021-10-21,0
2020-08-01,4,1637,2021-10-21,0
2020-08-02,7,1644,2021-10-21,0
2020-08-03,4,1648,2021-10-21,0
2020-08-04,7,1655,2021-10-21,0
2020-08-05,8,1663,2021-10-21,0
2020-08-06,9,1672,2021-10-21,0
2020-08-07,7,1679,2021-10-21,0
2020-08-08,6,1685,2021-10-21,0
2020-08-09,10,1695,2021-10-21,0
2020-08-10,3,1698,2021-10-21,0
2020-08-11,9,1707,2021-10-21,0
2020-08-12,7,1714,2021-10-21,0
2020-08-13,5,1719,2021-10-21,0
2020-08-14,9,1728,2021-10-21,0
2020-08-15,13,1741,2021-10-21,0
2020-08-16,13,1754,2021-10-21,0
2020-08-17,6,1760,2021-10-21,0
2020-08-18,11,1771,2021-10-21,0
2020-08-19,3,1774,2021-10-21,0
2020-08-20,10,1784,2021-10-21,0
2020-08-21,12,1796,2021-10-21,0
2020-08-22,9,1805,2021-10-21,0
2020-08-23,7,1812,2021-10-21,0
2020-08-24,9,1821,2021-10-21,0
2020-08-25,4,1825,2021-10-21,0
2020-08-26,3,1828,2021-10-21,0
2020-08-27,7,1835,2021-10-21,0
2020-08-28,6,1841,2021-10-21,0
2020-08-29,3,1844,2021-10-21,0
2020-08-30,5,1849,2021-10-21,0
2020-08-31,9,1858,2021-10-21,0
2020-09-01,2,1860,2021-10-21,0
2020-09-02,7,1867,2021-10-21,0
2020-09-03,12,1879,2021-10-21,0
2020-09-04,4,1883,2021-10-21,0
2020-09-05,6,1889,2021-10-21,0
2020-09-06,12,1901,2021-10-21,0
2020-09-07,3,1904,2021-10-21,0
2020-09-08,6,1910,2021-10-21,0
2020-09-09,10,1920,2021-10-21,0
2020-09-10,9,1929,2021-10-21,0
2020-09-11,11,1940,2021-10-21,0
2020-09-12,8,1948,2021-10-21,0
2020-09-13,8,1956,2021-10-21,0
2020-09-14,2,1958,2021-10-21,0
2020-09-15,7,1965,2021-10-21,0
2020-09-16,9,1974,2021-10-21,0
2020-09-17,5,1979,2021-10-21,0
2020-09-18,6,1985,2021-10-21,0
2020-09-19,4,1989,2021-10-21,0
2020-09-20,9,1998,2021-10-21,0
2020-09-21,7,2005,2021-10-21,0
2020-09-22,8,2013,2021-10-21,0
2020-09-23,9,2022,2021-10-21,0
2020-09-24,8,2030,2021-10-21,0
2020-09-25,11,2041,2021-10-21,0
2020-09-26,9,2050,2021-10-21,0
2020-09-27,14,2064,2021-10-21,0
2020-09-28,11,2075,2021-10-21,0
2020-09-29,5,2080,2021-10-21,0
2020-09-30,16,2096,2021-10-21,0
2020-10-01,7,2103,2021-10-21,0
2020-10-02,13,2116,2021-10-21,0
2020-10-03,9,2125,2021-10-21,0
2020-10-04,7,2132,2021-10-21,0
2020-10-05,10,2142,2021-10-21,0
2020-10-06,13,2155,2021-10-21,0
2020-10-07,19,2174,2021-10-21,0
2020-10-08,9,2183,2021-10-21,0
2020-10-09,17,2200,2021-10-21,0
2020-10-10,16,2216,2021-10-21,0
2020-10-11,16,2232,2021-10-21,0
2020-10-12,20,2252,2021-10-21,0
2020-10-13,14,2266,2021-10-21,0
2020-10-14,10,2276,2021-10-21,0
2020-10-15,9,2285,2021-10-21,0
2020-10-16,12,2297,2021-10-21,0
2020-10-17,18,2315,2021-10-21,0
2020-10-18,25,2340,2021-10-21,0
2020-10-19,18,2358,2021-10-21,0
2020-10-20,15,2373,2021-10-21,0
2020-10-21,24,2397,2021-10-21,0
2020-10-22,18,2415,2021-10-21,0
2020-10-23,19,2434,2021-10-21,0
2020-10-24,8,2442,2021-10-21,0
2020-10-25,17,2459,2021-10-21,0
2020-10-26,25,2484,2021-10-21,0
2020-10-27,23,2507,2021-10-21,0
2020-10-28,29,2536,2021-10-21,0
2020-10-29,18,2554,2021-10-21,0
2020-10-30,27,2581,2021-10-21,0
2020-10-31,25,2606,2021-10-21,0
2020-11-01,21,2627,2021-10-21,0
2020-11-02,25,2652,2021-10-21,0
2020-11-03,25,2677,2021-10-21,0
2020-11-04,33,2710,2021-10-21,0
2020-11-05,38,2748,2021-10-21,0
2020-11-06,39,2787,2021-10-21,0
2020-11-07,42,2829,2021-10-21,0
2020-11-08,47,2876,2021-10-21,0
2020-11-09,36,2912,2021-10-21,0
2020-11-10,35,2947,2021-10-21,0
2020-11-11,43,2990,2021-10-21,0
2020-11-12,45,3035,2021-10-21,0
2020-11-13,40,3075,2021-10-21,0
2020-11-14,47,3122,2021-10-21,0
2020-11-15,46,3168,2021-10-21,0
2020-11-16,62,3230,2021-10-21,0
2020-11-17,56,3286,2021-10-21,0
2020-11-18,61,3347,2021-10-21,0
2020-11-19,60,3407,2021-10-21,0
2020-11-20,63,3470,2021-10-21,0
2020-11-21,58,3528,2021-10-21,0
2020-11-22,67,3595,2021-10-21,0
2020-11-23,59,3654,2021-10-21,0
2020-11-24,69,3723,2021-10-21,0
2020-11-25,72,3795,2021-10-21,0
2020-11-26,54,3849,2021-10-21,0
2020-11-27,69,3918,2021-10-21,0
2020-11-28,62,3980,2021-10-21,0
2020-11-29,68,4048,2021-10-21,0
2020-11-30,61,4109,2021-10-21,0
2020-12-01,64,4173,2021-10-21,0
2020-12-02,73,4246,2021-10-21,0
2020-12-03,86,4332,2021-10-21,0
2020-12-04,67,4399,2021-10-21,0
2020-12-05,74,4473,2021-10-21,0
2020-12-06,80,4553,2021-10-21,0
2020-12-07,75,4628,2021-10-21,0
2020-12-08,61,4689,2021-10-21,0
2020-12-09,71,4760,2021-10-21,0
2020-12-10,72,4832,2021-10-21,0
2020-12-11,71,4903,2021-10-21,0
2020-12-12,72,4975,2021-10-21,0
2020-12-13,56,5031,2021-10-21,0
2020-12-14,43,5074,2021-10-21,0
2020-12-15,65,5139,2021-10-21,0
2020-12-16,73,5212,2021-10-21,0
2020-12-17,60,5272,2021-10-21,0
2020-12-18,59,5331,2021-10-21,0
2020-12-19,56,5387,2021-10-21,0
2020-12-20,61,5448,2021-10-21,0
2020-12-21,58,5506,2021-10-21,0
2020-12-22,33,5539,2021-10-21,0
2020-12-23,46,5585,2021-10-21,0
2020-12-24,50,5635,2021-10-21,0
2020-12-25,36,5671,2021-10-21,0
2020-12-26,43,5714,2021-10-21,0
2020-12-27,41,5755,2021-10-21,0
2020-12-28,34,5789,2021-10-21,0
2020-12-29,37,5826,2021-10-21,0
2020-12-30,47,5873,2021-10-21,0
2020-12-31,36,5909,2021-10-21,0
2021-01-01,28,5937,2021-10-21,0
2021-01-02,47,5984,2021-10-21,0
2021-01-03,37,6021,2021-10-21,0
2021-01-04,32,6053,2021-10-21,0
2021-01-05,40,6093,2021-10-21,0
2021-01-06,32,6125,2021-10-21,0
2021-01-07,37,6162,2021-10-21,0
2021-01-08,32,6194,2021-10-21,0
2021-01-09,26,6220,2021-10-21,0
2021-01-10,29,6249,2021-10-21,0
2021-01-11,26,6275,2021-10-21,0
2021-01-12,32,6307,2021-10-21,0
2021-01-13,23,6330,2021-10-21,0
2021-01-14,41,6371,2021-10-21,0
2021-01-15,26,6397,2021-10-21,0
2021-01-16,30,6427,2021-10-21,0
2021-01-17,21,6448,2021-10-21,0
2021-01-18,19,6467,2021-10-21,0
2021-01-19,14,6481,2021-10-21,0
2021-01-20,26,6507,2021-10-21,0
2021-01-21,16,6523,2021-10-21,0
2021-01-22,13,6536,2021-10-21,0
2021-01-23,17,6553,2021-10-21,0
2021-01-24,24,6577,2021-10-21,0
2021-01-25,19,6596,2021-10-21,0
2021-01-26,21,6617,2021-10-21,0
2021-01-27,11,6628,2021-10-21,0
2021-01-28,12,6640,2021-10-21,0
2021-01-29,15,6655,2021-10-21,0
2021-01-30,13,6668,2021-10-21,0
2021-01-31,16,6684,2021-10-21,0
2021-02-01,17,6701,2021-10-21,0
2021-02-02,10,6711,2021-10-21,0
2021-02-03,11,6722,2021-10-21,0
2021-02-04,11,6733,2021-10-21,0
2021-02-05,12,6745,2021-10-21,0
2021-02-06,12,6757,2021-10-21,0
2021-02-07,19,6776,2021-10-21,0
2021-02-08,11,6787,2021-10-21,0
2021-02-09,15,6802,2021-10-21,0
2021-02-10,14,6816,2021-10-21,0
2021-02-11,7,6823,2021-10-21,0
2021-02-12,13,6836,2021-10-21,0
2021-02-13,8,6844,2021-10-21,0
2021-02-14,10,6854,2021-10-21,0
2021-02-15,9,6863,2021-10-21,0
2021-02-16,12,6875,2021-10-21,0
2021-02-17,10,6885,2021-10-21,0
2021-02-18,7,6892,2021-10-21,0
2021-02-19,6,6898,2021-10-21,0
2021-02-20,7,6905,2021-10-21,0
2021-02-21,4,6909,2021-10-21,0
2021-02-22,5,6914,2021-10-21,0
2021-02-23,9,6923,2021-10-21,0
2021-02-24,5,6928,2021-10-21,0
2021-02-25,5,6933,2021-10-21,0
2021-02-26,7,6940,2021-10-21,0
2021-02-27,6,6946,2021-10-21,0
2021-02-28,8,6954,2021-10-21,0
2021-03-01,7,6961,2021-10-21,0
2021-03-02,3,6964,2021-10-21,0
2021-03-03,10,6974,2021-10-21,0
2021-03-04,6,6980,2021-10-21,0
2021-03-05,10,6990,2021-10-21,0
2021-03-06,5,6995,2021-10-21,0
2021-03-07,9,7004,2021-10-21,0
2021-03-08,5,7009,2021-10-21,0
2021-03-09,7,7016,2021-10-21,0
2021-03-10,5,7021,2021-10-21,0
2021-03-11,4,7025,2021-10-21,0
2021-03-12,11,7036,2021-10-21,0
2021-03-13,5,7041,2021-10-21,0
2021-03-14,5,7046,2021-10-21,0
2021-03-15,2,7048,2021-10-21,0
2021-03-16,6,7054,2021-10-21,0
2021-03-17,4,7058,2021-10-21,0
2021-03-18,5,7063,2021-10-21,0
2021-03-19,5,7068,2021-10-21,0
2021-03-20,9,7077,2021-10-21,0
2021-03-21,5,7082,2021-10-21,0
2021-03-22,4,7086,2021-10-21,0
2021-03-23,5,7091,2021-10-21,0
2021-03-24,1,7092,2021-10-21,0
2021-03-25,5,7097,2021-10-21,0
2021-03-26,3,7100,2021-10-21,0
2021-03-27,7,7107,2021-10-21,0
2021-03-28,6,7113,2021-10-21,0
2021-03-29,5,7118,2021-10-21,0
2021-03-30,6,7124,2021-10-21,0
2021-03-31,8,7132,2021-10-21,0
2021-04-01,6,7138,2021-10-21,0
2021-04-02,9,7147,2021-10-21,0
2021-04-03,8,7155,2021-10-21,0
2021-04-04,6,7161,2021-10-21,0
2021-04-05,8,7169,2021-10-21,0
2021-04-06,6,7175,2021-10-21,0
2021-04-07,6,7181,2021-10-21,0
2021-04-08,10,7191,2021-10-21,0
2021-04-09,7,7198,2021-10-21,0
2021-04-10,7,7205,2021-10-21,0
2021-04-11,8,7213,2021-10-21,0
2021-04-12,10,7223,2021-10-21,0
2021-04-13,7,7230,2021-10-21,0
2021-04-14,8,7238,2021-10-21,0
2021-04-15,14,7252,2021-10-21,0
2021-04-16,8,7260,2021-10-21,0
2021-04-17,8,7268,2021-10-21,0
2021-04-18,8,7276,2021-10-21,0
2021-04-19,10,7286,2021-10-21,0
2021-04-20,5,7291,2021-10-21,0
2021-04-21,8,7299,2021-10-21,0
2021-04-22,2,7301,2021-10-21,0
2021-04-23,15,7316,2021-10-21,0
2021-04-24,11,7327,2021-10-21,0
2021-04-25,15,7342,2021-10-21,0
2021-04-26,15,7357,2021-10-21,0
2021-04-27,7,7364,2021-10-21,0
2021-04-28,14,7378,2021-10-21,0
2021-04-29,8,7386,2021-10-21,0
2021-04-30,11,7397,2021-10-21,0
2021-05-01,7,7404,2021-10-21,0
2021-05-02,8,7412,2021-10-21,0
2021-05-03,5,7417,2021-10-21,0
2021-05-04,13,7430,2021-10-21,0
2021-05-05,8,7438,2021-10-21,0
2021-05-06,5,7443,2021-10-21,0
2021-05-07,8,7451,2021-10-21,0
2021-05-08,7,7458,2021-10-21,0
2021-05-09,9,7467,2021-10-21,0
2021-05-10,8,7475,2021-10-21,0
2021-05-11,6,7481,2021-10-21,0
2021-05-12,9,7490,2021-10-21,0
2021-05-13,9,7499,2021-10-21,0
2021-05-14,11,7510,2021-10-21,0
2021-05-15,10,7520,2021-10-21,0
2021-05-16,6,7526,2021-10-21,0
2021-05-17,6,7532,2021-10-21,0
2021-05-18,7,7539,2021-10-21,0
2021-05-19,2,7541,2021-10-21,0
2021-05-20,5,7546,2021-10-21,0
2021-05-21,7,7553,2021-10-21,0
2021-05-22,11,7564,2021-10-21,0
2021-05-23,5,7569,2021-10-21,0
2021-05-24,5,7574,2021-10-21,0
2021-05-25,6,7580,2021-10-21,0
2021-05-26,3,7583,2021-10-21,0
2021-05-27,7,7590,2021-10-21,0
2021-05-28,2,7592,2021-10-21,0
2021-05-29,6,7598,2021-10-21,0
2021-05-30,4,7602,2021-10-21,0
2021-05-31,3,7605,2021-10-21,0
2021-06-01,5,7610,2021-10-21,0
2021-06-02,8,7618,2021-10-21,0
2021-06-03,4,7622,2021-10-21,0
2021-06-04,4,7626,2021-10-21,0
2021-06-05,2,7628,2021-10-21,0
2021-06-06,5,7633,2021-10-21,0
2021-06-07,3,7636,2021-10-21,0
2021-06-08,5,7641,2021-10-21,0
2021-06-09,4,7645,2021-10-21,0
2021-06-10,6,7651,2021-10-21,0
2021-06-11,6,7657,2021-10-21,0
2021-06-12,4,7661,2021-10-21,0
2021-06-13,4,7665,2021-10-21,0
2021-06-14,3,7668,2021-10-21,0
2021-06-15,2,7670,2021-10-21,0
2021-06-16,2,7672,2021-10-21,0
2021-06-17,4,7676,2021-10-21,0
2021-06-18,1,7677,2021-10-21,0
2021-06-19,6,7683,2021-10-21,0
2021-06-20,1,7684,2021-10-21,0
2021-06-21,5,7689,2021-10-21,0
2021-06-22,3,7692,2021-10-21,0
2021-06-23,4,7696,2021-10-21,0
2021-06-24,3,7699,2021-10-21,0
2021-06-25,3,7702,2021-10-21,0
2021-06-26,4,7706,2021-10-21,0
2021-06-27,2,7708,2021-10-21,0
2021-06-28,2,7710,2021-10-21,0
2021-06-29,2,7712,2021-10-21,0
2021-06-30,2,7714,2021-10-21,0
2021-07-01,0,7714,2021-10-21,0
2021-07-02,2,7716,2021-10-21,0
2021-07-03,2,7718,2021-10-21,0
2021-07-04,3,7721,2021-10-21,0
2021-07-05,1,7722,2021-10-21,0
2021-07-06,4,7726,2021-10-21,0
2021-07-07,1,7727,2021-10-21,0
2021-07-08,1,7728,2021-10-21,0
2021-07-09,0,7728,2021-10-21,0
2021-07-10,1,7729,2021-10-21,0
2021-07-11,3,7732,2021-10-21,0
2021-07-12,1,7733,2021-10-21,0
2021-07-13,2,7735,2021-10-21,0
2021-07-14,2,7737,2021-10-21,0
2021-07-15,2,7739,2021-10-21,0
2021-07-16,1,7740,2021-10-21,0
2021-07-17,1,7741,2021-10-21,0
2021-07-18,0,7741,2021-10-21,0
2021-07-19,0,7741,2021-10-21,0
2021-07-20,2,7743,2021-10-21,0
2021-07-21,2,7745,2021-10-21,0
2021-07-22,2,7747,2021-10-21,0
2021-07-23,3,7750,2021-10-21,0
2021-07-24,0,7750,2021-10-21,0
2021-07-25,2,7752,2021-10-21,0
2021-07-26,1,7753,2021-10-21,0
2021-07-27,2,7755,2021-10-21,0
2021-07-28,3,7758,2021-10-21,0
2021-07-29,2,7760,2021-10-21,0
2021-07-30,5,7765,2021-10-21,0
2021-07-31,4,7769,2021-10-21,0
2021-08-01,1,7770,2021-10-21,0
2021-08-02,3,7773,2021-10-21,0
2021-08-03,2,7775,2021-10-21,0
2021-08-04,3,7778,2021-10-21,0
2021-08-05,2,7780,2021-10-21,0
2021-08-06,7,7787,2021-10-21,0
2021-08-07,3,7790,2021-10-21,0
2021-08-08,2,7792,2021-10-21,0
2021-08-09,3,7795,2021-10-21,0
2021-08-10,2,7797,2021-10-21,0
2021-08-11,2,7799,2021-10-21,0
2021-08-12,7,7806,2021-10-21,0
2021-08-13,5,7811,2021-10-21,0
2021-08-14,6,7817,2021-10-21,0
2021-08-15,0,7817,2021-10-21,0
2021-08-16,7,7824,2021-10-21,0
2021-08-17,7,7831,2021-10-21,0
2021-08-18,9,7840,2021-10-21,0
2021-08-19,2,7842,2021-10-21,0
2021-08-20,3,7845,2021-10-21,0
2021-08-21,5,7850,2021-10-21,0
2021-08-22,7,7857,2021-10-21,0
2021-08-23,5,7862,2021-10-21,0
2021-08-24,12,7874,2021-10-21,0
2021-08-25,7,7881,2021-10-21,0
2021-08-26,2,7883,2021-10-21,0
2021-08-27,6,7889,2021-10-21,0
2021-08-28,10,7899,2021-10-21,0
2021-08-29,11,7910,2021-10-21,0
2021-08-30,8,7918,2021-10-21,0
2021-08-31,6,7924,2021-10-21,0
2021-09-01,6,7930,2021-10-21,0
2021-09-02,6,7936,2021-10-21,0
2021-09-03,9,7945,2021-10-21,0
2021-09-04,8,7953,2021-10-21,0
2021-09-05,10,7963,2021-10-21,0
2021-09-06,7,7970,2021-10-21,0
2021-09-07,7,7977,2021-10-21,0
2021-09-08,10,7987,2021-10-21,0
2021-09-09,4,7991,2021-10-21,0
2021-09-10,9,8000,2021-10-21,0
2021-09-11,17,8017,2021-10-21,0
2021-09-12,10,8027,2021-10-21,0
2021-09-13,7,8034,2021-10-21,0
2021-09-14,11,8045,2021-10-21,0
2021-09-15,14,8059,2021-10-21,0
2021-09-16,15,8074,2021-10-21,0
2021-09-17,8,8082,2021-10-21,0
2021-09-18,12,8094,2021-10-21,0
2021-09-19,11,8105,2021-10-21,0
2021-09-20,15,8120,2021-10-21,0
2021-09-21,15,8135,2021-10-21,0
2021-09-22,16,8151,2021-10-21,0
2021-09-23,12,8163,2021-10-21,0
2021-09-24,12,8175,2021-10-21,0
2021-09-25,16,8191,2021-10-21,0
2021-09-26,13,8204,2021-10-21,0
2021-09-27,15,8219,2021-10-21,0
2021-09-28,9,8228,2021-10-21,0
2021-09-29,19,8247,2021-10-21,0
2021-09-30,17,8264,2021-10-21,1
2021-10-01,12,8276,2021-10-21,0
2021-10-02,12,8288,2021-10-21,0
2021-10-03,23,8311,2021-10-21,0
2021-10-04,13,8324,2021-10-21,0
2021-10-05,23,8347,2021-10-21,0
2021-10-06,20,8367,2021-10-21,1
2021-10-07,12,8379,2021-10-21,0
2021-10-08,21,8400,2021-10-21,1
2021-10-09,19,8419,2021-10-21,0
2021-10-10,10,8429,2021-10-21,0
2021-10-11,10,8439,2021-10-21,1
2021-10-12,19,8458,2021-10-21,1
2021-10-13,18,8476,2021-10-21,3
2021-10-14,13,8489,2021-10-21,5
2021-10-15,6,8495,2021-10-21,3
2021-10-16,12,8507,2021-10-21,6
2021-10-17,7,8514,2021-10-21,3
2021-10-18,0,8514,2021-10-21,0
2021-10-19,1,8515,2021-10-21,1
NA,0,8515,2021-10-21,0
2020-03-19,1,1,2021-10-22,0
2020-03-20,0,1,2021-10-22,0
2020-03-21,0,1,2021-10-22,0
2020-03-22,0,1,2021-10-22,0
2020-03-23,0,1,2021-10-22,0
2020-03-24,1,2,2021-10-22,0
2020-03-25,1,3,2021-10-22,0
2020-03-26,1,4,2021-10-22,0
2020-03-27,5,9,2021-10-22,0
2020-03-28,3,12,2021-10-22,0
2020-03-29,0,12,2021-10-22,0
2020-03-30,5,17,2021-10-22,0
2020-03-31,2,19,2021-10-22,0
2020-04-01,5,24,2021-10-22,0
2020-04-02,3,27,2021-10-22,0
2020-04-03,1,28,2021-10-22,0
2020-04-04,5,33,2021-10-22,0
2020-04-05,5,38,2021-10-22,0
2020-04-06,10,48,2021-10-22,0
2020-04-07,6,54,2021-10-22,0
2020-04-08,7,61,2021-10-22,0
2020-04-09,8,69,2021-10-22,0
2020-04-10,6,75,2021-10-22,0
2020-04-11,4,79,2021-10-22,0
2020-04-12,4,83,2021-10-22,0
2020-04-13,10,93,2021-10-22,0
2020-04-14,6,99,2021-10-22,0
2020-04-15,17,116,2021-10-22,0
2020-04-16,10,126,2021-10-22,0
2020-04-17,17,143,2021-10-22,0
2020-04-18,17,160,2021-10-22,0
2020-04-19,16,176,2021-10-22,0
2020-04-20,21,197,2021-10-22,0
2020-04-21,26,223,2021-10-22,0
2020-04-22,21,244,2021-10-22,0
2020-04-23,19,263,2021-10-22,0
2020-04-24,23,286,2021-10-22,0
2020-04-25,18,304,2021-10-22,0
2020-04-26,17,321,2021-10-22,0
2020-04-27,21,342,2021-10-22,0
2020-04-28,16,358,2021-10-22,0
2020-04-29,29,387,2021-10-22,0
2020-04-30,18,405,2021-10-22,0
2020-05-01,30,435,2021-10-22,0
2020-05-02,19,454,2021-10-22,0
2020-05-03,29,483,2021-10-22,0
2020-05-04,23,506,2021-10-22,0
2020-05-05,19,525,2021-10-22,0
2020-05-06,25,550,2021-10-22,0
2020-05-07,30,580,2021-10-22,0
2020-05-08,20,600,2021-10-22,0
2020-05-09,26,626,2021-10-22,0
2020-05-10,19,645,2021-10-22,0
2020-05-11,25,670,2021-10-22,0
2020-05-12,20,690,2021-10-22,0
2020-05-13,22,712,2021-10-22,0
2020-05-14,20,732,2021-10-22,0
2020-05-15,20,752,2021-10-22,0
2020-05-16,20,772,2021-10-22,0
2020-05-17,23,795,2021-10-22,0
2020-05-18,18,813,2021-10-22,0
2020-05-19,35,848,2021-10-22,0
2020-05-20,24,872,2021-10-22,0
2020-05-21,17,889,2021-10-22,0
2020-05-22,20,909,2021-10-22,0
2020-05-23,26,935,2021-10-22,0
2020-05-24,25,960,2021-10-22,0
2020-05-25,30,990,2021-10-22,0
2020-05-26,29,1019,2021-10-22,0
2020-05-27,25,1044,2021-10-22,0
2020-05-28,21,1065,2021-10-22,0
2020-05-29,17,1082,2021-10-22,0
2020-05-30,11,1093,2021-10-22,0
2020-05-31,20,1113,2021-10-22,0
2020-06-01,23,1136,2021-10-22,0
2020-06-02,21,1157,2021-10-22,0
2020-06-03,25,1182,2021-10-22,0
2020-06-04,26,1208,2021-10-22,0
2020-06-05,18,1226,2021-10-22,0
2020-06-06,12,1238,2021-10-22,0
2020-06-07,22,1260,2021-10-22,0
2020-06-08,12,1272,2021-10-22,0
2020-06-09,13,1285,2021-10-22,0
2020-06-10,10,1295,2021-10-22,0
2020-06-11,12,1307,2021-10-22,0
2020-06-12,11,1318,2021-10-22,0
2020-06-13,13,1331,2021-10-22,0
2020-06-14,11,1342,2021-10-22,0
2020-06-15,8,1350,2021-10-22,0
2020-06-16,9,1359,2021-10-22,0
2020-06-17,17,1376,2021-10-22,0
2020-06-18,9,1385,2021-10-22,0
2020-06-19,8,1393,2021-10-22,0
2020-06-20,12,1405,2021-10-22,0
2020-06-21,11,1416,2021-10-22,0
2020-06-22,6,1422,2021-10-22,0
2020-06-23,10,1432,2021-10-22,0
2020-06-24,1,1433,2021-10-22,0
2020-06-25,9,1442,2021-10-22,0
2020-06-26,6,1448,2021-10-22,0
2020-06-27,5,1453,2021-10-22,0
2020-06-28,11,1464,2021-10-22,0
2020-06-29,7,1471,2021-10-22,0
2020-06-30,9,1480,2021-10-22,0
2020-07-01,2,1482,2021-10-22,0
2020-07-02,3,1485,2021-10-22,0
2020-07-03,5,1490,2021-10-22,0
2020-07-04,4,1494,2021-10-22,0
2020-07-05,6,1500,2021-10-22,0
2020-07-06,4,1504,2021-10-22,0
2020-07-07,2,1506,2021-10-22,0
2020-07-08,9,1515,2021-10-22,0
2020-07-09,4,1519,2021-10-22,0
2020-07-10,3,1522,2021-10-22,0
2020-07-11,4,1526,2021-10-22,0
2020-07-12,6,1532,2021-10-22,0
2020-07-13,2,1534,2021-10-22,0
2020-07-14,6,1540,2021-10-22,0
2020-07-15,7,1547,2021-10-22,0
2020-07-16,3,1550,2021-10-22,0
2020-07-17,7,1557,2021-10-22,0
2020-07-18,6,1563,2021-10-22,0
2020-07-19,5,1568,2021-10-22,0
2020-07-20,3,1571,2021-10-22,0
2020-07-21,6,1577,2021-10-22,0
2020-07-22,5,1582,2021-10-22,0
2020-07-23,8,1590,2021-10-22,0
2020-07-24,6,1596,2021-10-22,0
2020-07-25,2,1598,2021-10-22,0
2020-07-26,5,1603,2021-10-22,0
2020-07-27,5,1608,2021-10-22,0
2020-07-28,7,1615,2021-10-22,0
2020-07-29,3,1618,2021-10-22,0
2020-07-30,6,1624,2021-10-22,0
2020-07-31,9,1633,2021-10-22,0
2020-08-01,4,1637,2021-10-22,0
2020-08-02,7,1644,2021-10-22,0
2020-08-03,4,1648,2021-10-22,0
2020-08-04,7,1655,2021-10-22,0
2020-08-05,8,1663,2021-10-22,0
2020-08-06,9,1672,2021-10-22,0
2020-08-07,7,1679,2021-10-22,0
2020-08-08,6,1685,2021-10-22,0
2020-08-09,10,1695,2021-10-22,0
2020-08-10,3,1698,2021-10-22,0
2020-08-11,9,1707,2021-10-22,0
2020-08-12,7,1714,2021-10-22,0
2020-08-13,5,1719,2021-10-22,0
2020-08-14,9,1728,2021-10-22,0
2020-08-15,13,1741,2021-10-22,0
2020-08-16,13,1754,2021-10-22,0
2020-08-17,6,1760,2021-10-22,0
2020-08-18,11,1771,2021-10-22,0
2020-08-19,3,1774,2021-10-22,0
2020-08-20,10,1784,2021-10-22,0
2020-08-21,12,1796,2021-10-22,0
2020-08-22,9,1805,2021-10-22,0
2020-08-23,7,1812,2021-10-22,0
2020-08-24,9,1821,2021-10-22,0
2020-08-25,4,1825,2021-10-22,0
2020-08-26,3,1828,2021-10-22,0
2020-08-27,7,1835,2021-10-22,0
2020-08-28,6,1841,2021-10-22,0
2020-08-29,3,1844,2021-10-22,0
2020-08-30,5,1849,2021-10-22,0
2020-08-31,9,1858,2021-10-22,0
2020-09-01,2,1860,2021-10-22,0
2020-09-02,7,1867,2021-10-22,0
2020-09-03,12,1879,2021-10-22,0
2020-09-04,4,1883,2021-10-22,0
2020-09-05,6,1889,2021-10-22,0
2020-09-06,12,1901,2021-10-22,0
2020-09-07,3,1904,2021-10-22,0
2020-09-08,6,1910,2021-10-22,0
2020-09-09,10,1920,2021-10-22,0
2020-09-10,9,1929,2021-10-22,0
2020-09-11,11,1940,2021-10-22,0
2020-09-12,8,1948,2021-10-22,0
2020-09-13,8,1956,2021-10-22,0
2020-09-14,2,1958,2021-10-22,0
2020-09-15,7,1965,2021-10-22,0
2020-09-16,9,1974,2021-10-22,0
2020-09-17,5,1979,2021-10-22,0
2020-09-18,6,1985,2021-10-22,0
2020-09-19,4,1989,2021-10-22,0
2020-09-20,9,1998,2021-10-22,0
2020-09-21,7,2005,2021-10-22,0
2020-09-22,8,2013,2021-10-22,0
2020-09-23,9,2022,2021-10-22,0
2020-09-24,8,2030,2021-10-22,0
2020-09-25,11,2041,2021-10-22,0
2020-09-26,9,2050,2021-10-22,0
2020-09-27,14,2064,2021-10-22,0
2020-09-28,11,2075,2021-10-22,0
2020-09-29,5,2080,2021-10-22,0
2020-09-30,16,2096,2021-10-22,0
2020-10-01,7,2103,2021-10-22,0
2020-10-02,13,2116,2021-10-22,0
2020-10-03,9,2125,2021-10-22,0
2020-10-04,7,2132,2021-10-22,0
2020-10-05,10,2142,2021-10-22,0
2020-10-06,13,2155,2021-10-22,0
2020-10-07,19,2174,2021-10-22,0
2020-10-08,9,2183,2021-10-22,0
2020-10-09,17,2200,2021-10-22,0
2020-10-10,16,2216,2021-10-22,0
2020-10-11,16,2232,2021-10-22,0
2020-10-12,20,2252,2021-10-22,0
2020-10-13,14,2266,2021-10-22,0
2020-10-14,10,2276,2021-10-22,0
2020-10-15,9,2285,2021-10-22,0
2020-10-16,12,2297,2021-10-22,0
2020-10-17,18,2315,2021-10-22,0
2020-10-18,25,2340,2021-10-22,0
2020-10-19,18,2358,2021-10-22,0
2020-10-20,15,2373,2021-10-22,0
2020-10-21,24,2397,2021-10-22,0
2020-10-22,18,2415,2021-10-22,0
2020-10-23,19,2434,2021-10-22,0
2020-10-24,8,2442,2021-10-22,0
2020-10-25,17,2459,2021-10-22,0
2020-10-26,25,2484,2021-10-22,0
2020-10-27,23,2507,2021-10-22,0
2020-10-28,29,2536,2021-10-22,0
2020-10-29,18,2554,2021-10-22,0
2020-10-30,27,2581,2021-10-22,0
2020-10-31,25,2606,2021-10-22,0
2020-11-01,21,2627,2021-10-22,0
2020-11-02,25,2652,2021-10-22,0
2020-11-03,25,2677,2021-10-22,0
2020-11-04,33,2710,2021-10-22,0
2020-11-05,38,2748,2021-10-22,0
2020-11-06,39,2787,2021-10-22,0
2020-11-07,42,2829,2021-10-22,0
2020-11-08,47,2876,2021-10-22,0
2020-11-09,36,2912,2021-10-22,0
2020-11-10,35,2947,2021-10-22,0
2020-11-11,43,2990,2021-10-22,0
2020-11-12,45,3035,2021-10-22,0
2020-11-13,40,3075,2021-10-22,0
2020-11-14,47,3122,2021-10-22,0
2020-11-15,46,3168,2021-10-22,0
2020-11-16,62,3230,2021-10-22,0
2020-11-17,56,3286,2021-10-22,0
2020-11-18,61,3347,2021-10-22,0
2020-11-19,60,3407,2021-10-22,0
2020-11-20,63,3470,2021-10-22,0
2020-11-21,58,3528,2021-10-22,0
2020-11-22,67,3595,2021-10-22,0
2020-11-23,59,3654,2021-10-22,0
2020-11-24,69,3723,2021-10-22,0
2020-11-25,72,3795,2021-10-22,0
2020-11-26,54,3849,2021-10-22,0
2020-11-27,69,3918,2021-10-22,0
2020-11-28,62,3980,2021-10-22,0
2020-11-29,68,4048,2021-10-22,0
2020-11-30,61,4109,2021-10-22,0
2020-12-01,64,4173,2021-10-22,0
2020-12-02,73,4246,2021-10-22,0
2020-12-03,86,4332,2021-10-22,0
2020-12-04,67,4399,2021-10-22,0
2020-12-05,74,4473,2021-10-22,0
2020-12-06,80,4553,2021-10-22,0
2020-12-07,75,4628,2021-10-22,0
2020-12-08,61,4689,2021-10-22,0
2020-12-09,71,4760,2021-10-22,0
2020-12-10,72,4832,2021-10-22,0
2020-12-11,71,4903,2021-10-22,0
2020-12-12,72,4975,2021-10-22,0
2020-12-13,56,5031,2021-10-22,0
2020-12-14,43,5074,2021-10-22,0
2020-12-15,65,5139,2021-10-22,0
2020-12-16,73,5212,2021-10-22,0
2020-12-17,60,5272,2021-10-22,0
2020-12-18,59,5331,2021-10-22,0
2020-12-19,56,5387,2021-10-22,0
2020-12-20,61,5448,2021-10-22,0
2020-12-21,58,5506,2021-10-22,0
2020-12-22,33,5539,2021-10-22,0
2020-12-23,46,5585,2021-10-22,0
2020-12-24,50,5635,2021-10-22,0
2020-12-25,36,5671,2021-10-22,0
2020-12-26,43,5714,2021-10-22,0
2020-12-27,41,5755,2021-10-22,0
2020-12-28,34,5789,2021-10-22,0
2020-12-29,37,5826,2021-10-22,0
2020-12-30,47,5873,2021-10-22,0
2020-12-31,36,5909,2021-10-22,0
2021-01-01,28,5937,2021-10-22,0
2021-01-02,47,5984,2021-10-22,0
2021-01-03,37,6021,2021-10-22,0
2021-01-04,32,6053,2021-10-22,0
2021-01-05,40,6093,2021-10-22,0
2021-01-06,32,6125,2021-10-22,0
2021-01-07,37,6162,2021-10-22,0
2021-01-08,32,6194,2021-10-22,0
2021-01-09,26,6220,2021-10-22,0
2021-01-10,29,6249,2021-10-22,0
2021-01-11,26,6275,2021-10-22,0
2021-01-12,32,6307,2021-10-22,0
2021-01-13,23,6330,2021-10-22,0
2021-01-14,41,6371,2021-10-22,0
2021-01-15,26,6397,2021-10-22,0
2021-01-16,30,6427,2021-10-22,0
2021-01-17,21,6448,2021-10-22,0
2021-01-18,19,6467,2021-10-22,0
2021-01-19,14,6481,2021-10-22,0
2021-01-20,26,6507,2021-10-22,0
2021-01-21,16,6523,2021-10-22,0
2021-01-22,13,6536,2021-10-22,0
2021-01-23,17,6553,2021-10-22,0
2021-01-24,24,6577,2021-10-22,0
2021-01-25,19,6596,2021-10-22,0
2021-01-26,21,6617,2021-10-22,0
2021-01-27,11,6628,2021-10-22,0
2021-01-28,12,6640,2021-10-22,0
2021-01-29,15,6655,2021-10-22,0
2021-01-30,13,6668,2021-10-22,0
2021-01-31,16,6684,2021-10-22,0
2021-02-01,17,6701,2021-10-22,0
2021-02-02,10,6711,2021-10-22,0
2021-02-03,11,6722,2021-10-22,0
2021-02-04,11,6733,2021-10-22,0
2021-02-05,12,6745,2021-10-22,0
2021-02-06,12,6757,2021-10-22,0
2021-02-07,19,6776,2021-10-22,0
2021-02-08,11,6787,2021-10-22,0
2021-02-09,15,6802,2021-10-22,0
2021-02-10,14,6816,2021-10-22,0
2021-02-11,7,6823,2021-10-22,0
2021-02-12,13,6836,2021-10-22,0
2021-02-13,8,6844,2021-10-22,0
2021-02-14,10,6854,2021-10-22,0
2021-02-15,9,6863,2021-10-22,0
2021-02-16,12,6875,2021-10-22,0
2021-02-17,10,6885,2021-10-22,0
2021-02-18,7,6892,2021-10-22,0
2021-02-19,6,6898,2021-10-22,0
2021-02-20,7,6905,2021-10-22,0
2021-02-21,4,6909,2021-10-22,0
2021-02-22,5,6914,2021-10-22,0
2021-02-23,9,6923,2021-10-22,0
2021-02-24,5,6928,2021-10-22,0
2021-02-25,5,6933,2021-10-22,0
2021-02-26,7,6940,2021-10-22,0
2021-02-27,6,6946,2021-10-22,0
2021-02-28,8,6954,2021-10-22,0
2021-03-01,7,6961,2021-10-22,0
2021-03-02,3,6964,2021-10-22,0
2021-03-03,10,6974,2021-10-22,0
2021-03-04,6,6980,2021-10-22,0
2021-03-05,10,6990,2021-10-22,0
2021-03-06,5,6995,2021-10-22,0
2021-03-07,9,7004,2021-10-22,0
2021-03-08,5,7009,2021-10-22,0
2021-03-09,7,7016,2021-10-22,0
2021-03-10,5,7021,2021-10-22,0
2021-03-11,4,7025,2021-10-22,0
2021-03-12,11,7036,2021-10-22,0
2021-03-13,5,7041,2021-10-22,0
2021-03-14,5,7046,2021-10-22,0
2021-03-15,2,7048,2021-10-22,0
2021-03-16,6,7054,2021-10-22,0
2021-03-17,4,7058,2021-10-22,0
2021-03-18,5,7063,2021-10-22,0
2021-03-19,5,7068,2021-10-22,0
2021-03-20,9,7077,2021-10-22,0
2021-03-21,5,7082,2021-10-22,0
2021-03-22,4,7086,2021-10-22,0
2021-03-23,5,7091,2021-10-22,0
2021-03-24,1,7092,2021-10-22,0
2021-03-25,5,7097,2021-10-22,0
2021-03-26,3,7100,2021-10-22,0
2021-03-27,7,7107,2021-10-22,0
2021-03-28,6,7113,2021-10-22,0
2021-03-29,5,7118,2021-10-22,0
2021-03-30,6,7124,2021-10-22,0
2021-03-31,8,7132,2021-10-22,0
2021-04-01,6,7138,2021-10-22,0
2021-04-02,9,7147,2021-10-22,0
2021-04-03,8,7155,2021-10-22,0
2021-04-04,6,7161,2021-10-22,0
2021-04-05,8,7169,2021-10-22,0
2021-04-06,6,7175,2021-10-22,0
2021-04-07,6,7181,2021-10-22,0
2021-04-08,10,7191,2021-10-22,0
2021-04-09,7,7198,2021-10-22,0
2021-04-10,7,7205,2021-10-22,0
2021-04-11,8,7213,2021-10-22,0
2021-04-12,10,7223,2021-10-22,0
2021-04-13,7,7230,2021-10-22,0
2021-04-14,8,7238,2021-10-22,0
2021-04-15,14,7252,2021-10-22,0
2021-04-16,8,7260,2021-10-22,0
2021-04-17,8,7268,2021-10-22,0
2021-04-18,8,7276,2021-10-22,0
2021-04-19,10,7286,2021-10-22,0
2021-04-20,5,7291,2021-10-22,0
2021-04-21,8,7299,2021-10-22,0
2021-04-22,2,7301,2021-10-22,0
2021-04-23,15,7316,2021-10-22,0
2021-04-24,11,7327,2021-10-22,0
2021-04-25,15,7342,2021-10-22,0
2021-04-26,15,7357,2021-10-22,0
2021-04-27,7,7364,2021-10-22,0
2021-04-28,14,7378,2021-10-22,0
2021-04-29,8,7386,2021-10-22,0
2021-04-30,11,7397,2021-10-22,0
2021-05-01,7,7404,2021-10-22,0
2021-05-02,8,7412,2021-10-22,0
2021-05-03,5,7417,2021-10-22,0
2021-05-04,13,7430,2021-10-22,0
2021-05-05,8,7438,2021-10-22,0
2021-05-06,5,7443,2021-10-22,0
2021-05-07,8,7451,2021-10-22,0
2021-05-08,7,7458,2021-10-22,0
2021-05-09,9,7467,2021-10-22,0
2021-05-10,8,7475,2021-10-22,0
2021-05-11,6,7481,2021-10-22,0
2021-05-12,9,7490,2021-10-22,0
2021-05-13,9,7499,2021-10-22,0
2021-05-14,11,7510,2021-10-22,0
2021-05-15,10,7520,2021-10-22,0
2021-05-16,6,7526,2021-10-22,0
2021-05-17,6,7532,2021-10-22,0
2021-05-18,7,7539,2021-10-22,0
2021-05-19,2,7541,2021-10-22,0
2021-05-20,5,7546,2021-10-22,0
2021-05-21,7,7553,2021-10-22,0
2021-05-22,11,7564,2021-10-22,0
2021-05-23,5,7569,2021-10-22,0
2021-05-24,5,7574,2021-10-22,0
2021-05-25,6,7580,2021-10-22,0
2021-05-26,3,7583,2021-10-22,0
2021-05-27,7,7590,2021-10-22,0
2021-05-28,2,7592,2021-10-22,0
2021-05-29,6,7598,2021-10-22,0
2021-05-30,4,7602,2021-10-22,0
2021-05-31,3,7605,2021-10-22,0
2021-06-01,5,7610,2021-10-22,0
2021-06-02,8,7618,2021-10-22,0
2021-06-03,4,7622,2021-10-22,0
2021-06-04,4,7626,2021-10-22,0
2021-06-05,2,7628,2021-10-22,0
2021-06-06,5,7633,2021-10-22,0
2021-06-07,3,7636,2021-10-22,0
2021-06-08,5,7641,2021-10-22,0
2021-06-09,4,7645,2021-10-22,0
2021-06-10,6,7651,2021-10-22,0
2021-06-11,6,7657,2021-10-22,0
2021-06-12,4,7661,2021-10-22,0
2021-06-13,4,7665,2021-10-22,0
2021-06-14,3,7668,2021-10-22,0
2021-06-15,2,7670,2021-10-22,0
2021-06-16,2,7672,2021-10-22,0
2021-06-17,4,7676,2021-10-22,0
2021-06-18,1,7677,2021-10-22,0
2021-06-19,6,7683,2021-10-22,0
2021-06-20,1,7684,2021-10-22,0
2021-06-21,5,7689,2021-10-22,0
2021-06-22,3,7692,2021-10-22,0
2021-06-23,4,7696,2021-10-22,0
2021-06-24,3,7699,2021-10-22,0
2021-06-25,3,7702,2021-10-22,0
2021-06-26,4,7706,2021-10-22,0
2021-06-27,2,7708,2021-10-22,0
2021-06-28,2,7710,2021-10-22,0
2021-06-29,2,7712,2021-10-22,0
2021-06-30,2,7714,2021-10-22,0
2021-07-01,0,7714,2021-10-22,0
2021-07-02,2,7716,2021-10-22,0
2021-07-03,2,7718,2021-10-22,0
2021-07-04,3,7721,2021-10-22,0
2021-07-05,1,7722,2021-10-22,0
2021-07-06,4,7726,2021-10-22,0
2021-07-07,1,7727,2021-10-22,0
2021-07-08,1,7728,2021-10-22,0
2021-07-09,0,7728,2021-10-22,0
2021-07-10,1,7729,2021-10-22,0
2021-07-11,3,7732,2021-10-22,0
2021-07-12,1,7733,2021-10-22,0
2021-07-13,2,7735,2021-10-22,0
2021-07-14,2,7737,2021-10-22,0
2021-07-15,2,7739,2021-10-22,0
2021-07-16,1,7740,2021-10-22,0
2021-07-17,1,7741,2021-10-22,0
2021-07-18,0,7741,2021-10-22,0
2021-07-19,0,7741,2021-10-22,0
2021-07-20,2,7743,2021-10-22,0
2021-07-21,2,7745,2021-10-22,0
2021-07-22,2,7747,2021-10-22,0
2021-07-23,3,7750,2021-10-22,0
2021-07-24,0,7750,2021-10-22,0
2021-07-25,2,7752,2021-10-22,0
2021-07-26,1,7753,2021-10-22,0
2021-07-27,2,7755,2021-10-22,0
2021-07-28,3,7758,2021-10-22,0
2021-07-29,2,7760,2021-10-22,0
2021-07-30,5,7765,2021-10-22,0
2021-07-31,4,7769,2021-10-22,0
2021-08-01,1,7770,2021-10-22,0
2021-08-02,3,7773,2021-10-22,0
2021-08-03,2,7775,2021-10-22,0
2021-08-04,3,7778,2021-10-22,0
2021-08-05,2,7780,2021-10-22,0
2021-08-06,7,7787,2021-10-22,0
2021-08-07,3,7790,2021-10-22,0
2021-08-08,2,7792,2021-10-22,0
2021-08-09,3,7795,2021-10-22,0
2021-08-10,2,7797,2021-10-22,0
2021-08-11,2,7799,2021-10-22,0
2021-08-12,7,7806,2021-10-22,0
2021-08-13,5,7811,2021-10-22,0
2021-08-14,6,7817,2021-10-22,0
2021-08-15,0,7817,2021-10-22,0
2021-08-16,7,7824,2021-10-22,0
2021-08-17,7,7831,2021-10-22,0
2021-08-18,9,7840,2021-10-22,0
2021-08-19,2,7842,2021-10-22,0
2021-08-20,3,7845,2021-10-22,0
2021-08-21,5,7850,2021-10-22,0
2021-08-22,7,7857,2021-10-22,0
2021-08-23,5,7862,2021-10-22,0
2021-08-24,12,7874,2021-10-22,0
2021-08-25,7,7881,2021-10-22,0
2021-08-26,2,7883,2021-10-22,0
2021-08-27,6,7889,2021-10-22,0
2021-08-28,10,7899,2021-10-22,0
2021-08-29,11,7910,2021-10-22,0
2021-08-30,8,7918,2021-10-22,0
2021-08-31,6,7924,2021-10-22,0
2021-09-01,6,7930,2021-10-22,0
2021-09-02,6,7936,2021-10-22,0
2021-09-03,9,7945,2021-10-22,0
2021-09-04,8,7953,2021-10-22,0
2021-09-05,10,7963,2021-10-22,0
2021-09-06,7,7970,2021-10-22,0
2021-09-07,7,7977,2021-10-22,0
2021-09-08,10,7987,2021-10-22,0
2021-09-09,4,7991,2021-10-22,0
2021-09-10,9,8000,2021-10-22,0
2021-09-11,17,8017,2021-10-22,0
2021-09-12,10,8027,2021-10-22,0
2021-09-13,7,8034,2021-10-22,0
2021-09-14,11,8045,2021-10-22,0
2021-09-15,14,8059,2021-10-22,0
2021-09-16,15,8074,2021-10-22,0
2021-09-17,8,8082,2021-10-22,0
2021-09-18,12,8094,2021-10-22,0
2021-09-19,11,8105,2021-10-22,0
2021-09-20,15,8120,2021-10-22,0
2021-09-21,15,8135,2021-10-22,0
2021-09-22,16,8151,2021-10-22,0
2021-09-23,12,8163,2021-10-22,0
2021-09-24,12,8175,2021-10-22,0
2021-09-25,16,8191,2021-10-22,0
2021-09-26,13,8204,2021-10-22,0
2021-09-27,15,8219,2021-10-22,0
2021-09-28,9,8228,2021-10-22,0
2021-09-29,19,8247,2021-10-22,0
2021-09-30,17,8264,2021-10-22,0
2021-10-01,12,8276,2021-10-22,0
2021-10-02,12,8288,2021-10-22,0
2021-10-03,23,8311,2021-10-22,0
2021-10-04,13,8324,2021-10-22,0
2021-10-05,23,8347,2021-10-22,0
2021-10-06,20,8367,2021-10-22,0
2021-10-07,12,8379,2021-10-22,0
2021-10-08,21,8400,2021-10-22,0
2021-10-09,20,8420,2021-10-22,1
2021-10-10,10,8430,2021-10-22,0
2021-10-11,10,8440,2021-10-22,0
2021-10-12,20,8460,2021-10-22,1
2021-10-13,19,8479,2021-10-22,1
2021-10-14,16,8495,2021-10-22,3
2021-10-15,8,8503,2021-10-22,2
2021-10-16,13,8516,2021-10-22,1
2021-10-17,11,8527,2021-10-22,4
2021-10-18,5,8532,2021-10-22,5
2021-10-19,4,8536,2021-10-22,3
2021-10-20,1,8537,2021-10-22,1
NA,0,8537,2021-10-22,0
2020-03-19,1,1,2021-10-25,0
2020-03-20,0,1,2021-10-25,0
2020-03-21,0,1,2021-10-25,0
2020-03-22,0,1,2021-10-25,0
2020-03-23,0,1,2021-10-25,0
2020-03-24,1,2,2021-10-25,0
2020-03-25,1,3,2021-10-25,0
2020-03-26,1,4,2021-10-25,0
2020-03-27,5,9,2021-10-25,0
2020-03-28,3,12,2021-10-25,0
2020-03-29,0,12,2021-10-25,0
2020-03-30,5,17,2021-10-25,0
2020-03-31,2,19,2021-10-25,0
2020-04-01,5,24,2021-10-25,0
2020-04-02,3,27,2021-10-25,0
2020-04-03,1,28,2021-10-25,0
2020-04-04,5,33,2021-10-25,0
2020-04-05,5,38,2021-10-25,0
2020-04-06,10,48,2021-10-25,0
2020-04-07,6,54,2021-10-25,0
2020-04-08,7,61,2021-10-25,0
2020-04-09,8,69,2021-10-25,0
2020-04-10,6,75,2021-10-25,0
2020-04-11,4,79,2021-10-25,0
2020-04-12,4,83,2021-10-25,0
2020-04-13,10,93,2021-10-25,0
2020-04-14,6,99,2021-10-25,0
2020-04-15,17,116,2021-10-25,0
2020-04-16,10,126,2021-10-25,0
2020-04-17,17,143,2021-10-25,0
2020-04-18,17,160,2021-10-25,0
2020-04-19,16,176,2021-10-25,0
2020-04-20,21,197,2021-10-25,0
2020-04-21,26,223,2021-10-25,0
2020-04-22,21,244,2021-10-25,0
2020-04-23,19,263,2021-10-25,0
2020-04-24,23,286,2021-10-25,0
2020-04-25,18,304,2021-10-25,0
2020-04-26,17,321,2021-10-25,0
2020-04-27,21,342,2021-10-25,0
2020-04-28,16,358,2021-10-25,0
2020-04-29,29,387,2021-10-25,0
2020-04-30,18,405,2021-10-25,0
2020-05-01,30,435,2021-10-25,0
2020-05-02,19,454,2021-10-25,0
2020-05-03,29,483,2021-10-25,0
2020-05-04,23,506,2021-10-25,0
2020-05-05,19,525,2021-10-25,0
2020-05-06,25,550,2021-10-25,0
2020-05-07,30,580,2021-10-25,0
2020-05-08,20,600,2021-10-25,0
2020-05-09,26,626,2021-10-25,0
2020-05-10,19,645,2021-10-25,0
2020-05-11,25,670,2021-10-25,0
2020-05-12,20,690,2021-10-25,0
2020-05-13,22,712,2021-10-25,0
2020-05-14,20,732,2021-10-25,0
2020-05-15,20,752,2021-10-25,0
2020-05-16,20,772,2021-10-25,0
2020-05-17,23,795,2021-10-25,0
2020-05-18,18,813,2021-10-25,0
2020-05-19,35,848,2021-10-25,0
2020-05-20,24,872,2021-10-25,0
2020-05-21,17,889,2021-10-25,0
2020-05-22,20,909,2021-10-25,0
2020-05-23,26,935,2021-10-25,0
2020-05-24,25,960,2021-10-25,0
2020-05-25,30,990,2021-10-25,0
2020-05-26,29,1019,2021-10-25,0
2020-05-27,25,1044,2021-10-25,0
2020-05-28,21,1065,2021-10-25,0
2020-05-29,17,1082,2021-10-25,0
2020-05-30,11,1093,2021-10-25,0
2020-05-31,20,1113,2021-10-25,0
2020-06-01,23,1136,2021-10-25,0
2020-06-02,21,1157,2021-10-25,0
2020-06-03,25,1182,2021-10-25,0
2020-06-04,26,1208,2021-10-25,0
2020-06-05,18,1226,2021-10-25,0
2020-06-06,12,1238,2021-10-25,0
2020-06-07,22,1260,2021-10-25,0
2020-06-08,12,1272,2021-10-25,0
2020-06-09,13,1285,2021-10-25,0
2020-06-10,10,1295,2021-10-25,0
2020-06-11,12,1307,2021-10-25,0
2020-06-12,11,1318,2021-10-25,0
2020-06-13,13,1331,2021-10-25,0
2020-06-14,11,1342,2021-10-25,0
2020-06-15,8,1350,2021-10-25,0
2020-06-16,9,1359,2021-10-25,0
2020-06-17,17,1376,2021-10-25,0
2020-06-18,9,1385,2021-10-25,0
2020-06-19,8,1393,2021-10-25,0
2020-06-20,12,1405,2021-10-25,0
2020-06-21,11,1416,2021-10-25,0
2020-06-22,6,1422,2021-10-25,0
2020-06-23,10,1432,2021-10-25,0
2020-06-24,1,1433,2021-10-25,0
2020-06-25,9,1442,2021-10-25,0
2020-06-26,6,1448,2021-10-25,0
2020-06-27,5,1453,2021-10-25,0
2020-06-28,11,1464,2021-10-25,0
2020-06-29,7,1471,2021-10-25,0
2020-06-30,9,1480,2021-10-25,0
2020-07-01,2,1482,2021-10-25,0
2020-07-02,3,1485,2021-10-25,0
2020-07-03,5,1490,2021-10-25,0
2020-07-04,4,1494,2021-10-25,0
2020-07-05,6,1500,2021-10-25,0
2020-07-06,4,1504,2021-10-25,0
2020-07-07,2,1506,2021-10-25,0
2020-07-08,9,1515,2021-10-25,0
2020-07-09,4,1519,2021-10-25,0
2020-07-10,3,1522,2021-10-25,0
2020-07-11,4,1526,2021-10-25,0
2020-07-12,6,1532,2021-10-25,0
2020-07-13,2,1534,2021-10-25,0
2020-07-14,6,1540,2021-10-25,0
2020-07-15,7,1547,2021-10-25,0
2020-07-16,3,1550,2021-10-25,0
2020-07-17,7,1557,2021-10-25,0
2020-07-18,6,1563,2021-10-25,0
2020-07-19,5,1568,2021-10-25,0
2020-07-20,3,1571,2021-10-25,0
2020-07-21,6,1577,2021-10-25,0
2020-07-22,5,1582,2021-10-25,0
2020-07-23,8,1590,2021-10-25,0
2020-07-24,6,1596,2021-10-25,0
2020-07-25,2,1598,2021-10-25,0
2020-07-26,5,1603,2021-10-25,0
2020-07-27,5,1608,2021-10-25,0
2020-07-28,7,1615,2021-10-25,0
2020-07-29,3,1618,2021-10-25,0
2020-07-30,6,1624,2021-10-25,0
2020-07-31,9,1633,2021-10-25,0
2020-08-01,4,1637,2021-10-25,0
2020-08-02,7,1644,2021-10-25,0
2020-08-03,4,1648,2021-10-25,0
2020-08-04,7,1655,2021-10-25,0
2020-08-05,8,1663,2021-10-25,0
2020-08-06,9,1672,2021-10-25,0
2020-08-07,7,1679,2021-10-25,0
2020-08-08,6,1685,2021-10-25,0
2020-08-09,10,1695,2021-10-25,0
2020-08-10,3,1698,2021-10-25,0
2020-08-11,9,1707,2021-10-25,0
2020-08-12,7,1714,2021-10-25,0
2020-08-13,5,1719,2021-10-25,0
2020-08-14,9,1728,2021-10-25,0
2020-08-15,13,1741,2021-10-25,0
2020-08-16,13,1754,2021-10-25,0
2020-08-17,6,1760,2021-10-25,0
2020-08-18,11,1771,2021-10-25,0
2020-08-19,3,1774,2021-10-25,0
2020-08-20,10,1784,2021-10-25,0
2020-08-21,12,1796,2021-10-25,0
2020-08-22,9,1805,2021-10-25,0
2020-08-23,7,1812,2021-10-25,0
2020-08-24,9,1821,2021-10-25,0
2020-08-25,4,1825,2021-10-25,0
2020-08-26,3,1828,2021-10-25,0
2020-08-27,7,1835,2021-10-25,0
2020-08-28,6,1841,2021-10-25,0
2020-08-29,3,1844,2021-10-25,0
2020-08-30,5,1849,2021-10-25,0
2020-08-31,9,1858,2021-10-25,0
2020-09-01,2,1860,2021-10-25,0
2020-09-02,7,1867,2021-10-25,0
2020-09-03,12,1879,2021-10-25,0
2020-09-04,4,1883,2021-10-25,0
2020-09-05,6,1889,2021-10-25,0
2020-09-06,12,1901,2021-10-25,0
2020-09-07,3,1904,2021-10-25,0
2020-09-08,6,1910,2021-10-25,0
2020-09-09,10,1920,2021-10-25,0
2020-09-10,9,1929,2021-10-25,0
2020-09-11,11,1940,2021-10-25,0
2020-09-12,8,1948,2021-10-25,0
2020-09-13,8,1956,2021-10-25,0
2020-09-14,2,1958,2021-10-25,0
2020-09-15,7,1965,2021-10-25,0
2020-09-16,9,1974,2021-10-25,0
2020-09-17,5,1979,2021-10-25,0
2020-09-18,6,1985,2021-10-25,0
2020-09-19,4,1989,2021-10-25,0
2020-09-20,9,1998,2021-10-25,0
2020-09-21,7,2005,2021-10-25,0
2020-09-22,8,2013,2021-10-25,0
2020-09-23,9,2022,2021-10-25,0
2020-09-24,8,2030,2021-10-25,0
2020-09-25,11,2041,2021-10-25,0
2020-09-26,9,2050,2021-10-25,0
2020-09-27,14,2064,2021-10-25,0
2020-09-28,11,2075,2021-10-25,0
2020-09-29,5,2080,2021-10-25,0
2020-09-30,16,2096,2021-10-25,0
2020-10-01,7,2103,2021-10-25,0
2020-10-02,13,2116,2021-10-25,0
2020-10-03,9,2125,2021-10-25,0
2020-10-04,7,2132,2021-10-25,0
2020-10-05,10,2142,2021-10-25,0
2020-10-06,13,2155,2021-10-25,0
2020-10-07,19,2174,2021-10-25,0
2020-10-08,9,2183,2021-10-25,0
2020-10-09,17,2200,2021-10-25,0
2020-10-10,16,2216,2021-10-25,0
2020-10-11,16,2232,2021-10-25,0
2020-10-12,20,2252,2021-10-25,0
2020-10-13,14,2266,2021-10-25,0
2020-10-14,10,2276,2021-10-25,0
2020-10-15,9,2285,2021-10-25,0
2020-10-16,12,2297,2021-10-25,0
2020-10-17,18,2315,2021-10-25,0
2020-10-18,25,2340,2021-10-25,0
2020-10-19,18,2358,2021-10-25,0
2020-10-20,15,2373,2021-10-25,0
2020-10-21,24,2397,2021-10-25,0
2020-10-22,18,2415,2021-10-25,0
2020-10-23,19,2434,2021-10-25,0
2020-10-24,8,2442,2021-10-25,0
2020-10-25,17,2459,2021-10-25,0
2020-10-26,25,2484,2021-10-25,0
2020-10-27,23,2507,2021-10-25,0
2020-10-28,29,2536,2021-10-25,0
2020-10-29,18,2554,2021-10-25,0
2020-10-30,27,2581,2021-10-25,0
2020-10-31,25,2606,2021-10-25,0
2020-11-01,21,2627,2021-10-25,0
2020-11-02,25,2652,2021-10-25,0
2020-11-03,25,2677,2021-10-25,0
2020-11-04,33,2710,2021-10-25,0
2020-11-05,38,2748,2021-10-25,0
2020-11-06,39,2787,2021-10-25,0
2020-11-07,42,2829,2021-10-25,0
2020-11-08,47,2876,2021-10-25,0
2020-11-09,36,2912,2021-10-25,0
2020-11-10,35,2947,2021-10-25,0
2020-11-11,43,2990,2021-10-25,0
2020-11-12,45,3035,2021-10-25,0
2020-11-13,40,3075,2021-10-25,0
2020-11-14,47,3122,2021-10-25,0
2020-11-15,46,3168,2021-10-25,0
2020-11-16,62,3230,2021-10-25,0
2020-11-17,56,3286,2021-10-25,0
2020-11-18,61,3347,2021-10-25,0
2020-11-19,60,3407,2021-10-25,0
2020-11-20,63,3470,2021-10-25,0
2020-11-21,58,3528,2021-10-25,0
2020-11-22,67,3595,2021-10-25,0
2020-11-23,59,3654,2021-10-25,0
2020-11-24,69,3723,2021-10-25,0
2020-11-25,72,3795,2021-10-25,0
2020-11-26,54,3849,2021-10-25,0
2020-11-27,69,3918,2021-10-25,0
2020-11-28,62,3980,2021-10-25,0
2020-11-29,68,4048,2021-10-25,0
2020-11-30,61,4109,2021-10-25,0
2020-12-01,64,4173,2021-10-25,0
2020-12-02,73,4246,2021-10-25,0
2020-12-03,86,4332,2021-10-25,0
2020-12-04,67,4399,2021-10-25,0
2020-12-05,74,4473,2021-10-25,0
2020-12-06,80,4553,2021-10-25,0
2020-12-07,75,4628,2021-10-25,0
2020-12-08,61,4689,2021-10-25,0
2020-12-09,71,4760,2021-10-25,0
2020-12-10,72,4832,2021-10-25,0
2020-12-11,71,4903,2021-10-25,0
2020-12-12,72,4975,2021-10-25,0
2020-12-13,56,5031,2021-10-25,0
2020-12-14,43,5074,2021-10-25,0
2020-12-15,65,5139,2021-10-25,0
2020-12-16,73,5212,2021-10-25,0
2020-12-17,60,5272,2021-10-25,0
2020-12-18,59,5331,2021-10-25,0
2020-12-19,56,5387,2021-10-25,0
2020-12-20,61,5448,2021-10-25,0
2020-12-21,58,5506,2021-10-25,0
2020-12-22,33,5539,2021-10-25,0
2020-12-23,46,5585,2021-10-25,0
2020-12-24,50,5635,2021-10-25,0
2020-12-25,36,5671,2021-10-25,0
2020-12-26,43,5714,2021-10-25,0
2020-12-27,41,5755,2021-10-25,0
2020-12-28,34,5789,2021-10-25,0
2020-12-29,37,5826,2021-10-25,0
2020-12-30,47,5873,2021-10-25,0
2020-12-31,36,5909,2021-10-25,0
2021-01-01,28,5937,2021-10-25,0
2021-01-02,47,5984,2021-10-25,0
2021-01-03,37,6021,2021-10-25,0
2021-01-04,32,6053,2021-10-25,0
2021-01-05,40,6093,2021-10-25,0
2021-01-06,32,6125,2021-10-25,0
2021-01-07,37,6162,2021-10-25,0
2021-01-08,32,6194,2021-10-25,0
2021-01-09,26,6220,2021-10-25,0
2021-01-10,29,6249,2021-10-25,0
2021-01-11,26,6275,2021-10-25,0
2021-01-12,32,6307,2021-10-25,0
2021-01-13,23,6330,2021-10-25,0
2021-01-14,41,6371,2021-10-25,0
2021-01-15,26,6397,2021-10-25,0
2021-01-16,30,6427,2021-10-25,0
2021-01-17,21,6448,2021-10-25,0
2021-01-18,19,6467,2021-10-25,0
2021-01-19,14,6481,2021-10-25,0
2021-01-20,26,6507,2021-10-25,0
2021-01-21,16,6523,2021-10-25,0
2021-01-22,13,6536,2021-10-25,0
2021-01-23,17,6553,2021-10-25,0
2021-01-24,24,6577,2021-10-25,0
2021-01-25,19,6596,2021-10-25,0
2021-01-26,21,6617,2021-10-25,0
2021-01-27,11,6628,2021-10-25,0
2021-01-28,12,6640,2021-10-25,0
2021-01-29,15,6655,2021-10-25,0
2021-01-30,13,6668,2021-10-25,0
2021-01-31,16,6684,2021-10-25,0
2021-02-01,17,6701,2021-10-25,0
2021-02-02,10,6711,2021-10-25,0
2021-02-03,11,6722,2021-10-25,0
2021-02-04,11,6733,2021-10-25,0
2021-02-05,12,6745,2021-10-25,0
2021-02-06,12,6757,2021-10-25,0
2021-02-07,19,6776,2021-10-25,0
2021-02-08,11,6787,2021-10-25,0
2021-02-09,15,6802,2021-10-25,0
2021-02-10,14,6816,2021-10-25,0
2021-02-11,7,6823,2021-10-25,0
2021-02-12,13,6836,2021-10-25,0
2021-02-13,8,6844,2021-10-25,0
2021-02-14,10,6854,2021-10-25,0
2021-02-15,9,6863,2021-10-25,0
2021-02-16,12,6875,2021-10-25,0
2021-02-17,10,6885,2021-10-25,0
2021-02-18,7,6892,2021-10-25,0
2021-02-19,6,6898,2021-10-25,0
2021-02-20,7,6905,2021-10-25,0
2021-02-21,4,6909,2021-10-25,0
2021-02-22,5,6914,2021-10-25,0
2021-02-23,9,6923,2021-10-25,0
2021-02-24,5,6928,2021-10-25,0
2021-02-25,5,6933,2021-10-25,0
2021-02-26,7,6940,2021-10-25,0
2021-02-27,6,6946,2021-10-25,0
2021-02-28,8,6954,2021-10-25,0
2021-03-01,7,6961,2021-10-25,0
2021-03-02,3,6964,2021-10-25,0
2021-03-03,10,6974,2021-10-25,0
2021-03-04,6,6980,2021-10-25,0
2021-03-05,10,6990,2021-10-25,0
2021-03-06,5,6995,2021-10-25,0
2021-03-07,9,7004,2021-10-25,0
2021-03-08,5,7009,2021-10-25,0
2021-03-09,7,7016,2021-10-25,0
2021-03-10,5,7021,2021-10-25,0
2021-03-11,4,7025,2021-10-25,0
2021-03-12,11,7036,2021-10-25,0
2021-03-13,5,7041,2021-10-25,0
2021-03-14,5,7046,2021-10-25,0
2021-03-15,2,7048,2021-10-25,0
2021-03-16,6,7054,2021-10-25,0
2021-03-17,4,7058,2021-10-25,0
2021-03-18,5,7063,2021-10-25,0
2021-03-19,5,7068,2021-10-25,0
2021-03-20,9,7077,2021-10-25,0
2021-03-21,5,7082,2021-10-25,0
2021-03-22,4,7086,2021-10-25,0
2021-03-23,5,7091,2021-10-25,0
2021-03-24,1,7092,2021-10-25,0
2021-03-25,5,7097,2021-10-25,0
2021-03-26,3,7100,2021-10-25,0
2021-03-27,7,7107,2021-10-25,0
2021-03-28,6,7113,2021-10-25,0
2021-03-29,5,7118,2021-10-25,0
2021-03-30,6,7124,2021-10-25,0
2021-03-31,8,7132,2021-10-25,0
2021-04-01,6,7138,2021-10-25,0
2021-04-02,9,7147,2021-10-25,0
2021-04-03,8,7155,2021-10-25,0
2021-04-04,6,7161,2021-10-25,0
2021-04-05,8,7169,2021-10-25,0
2021-04-06,6,7175,2021-10-25,0
2021-04-07,6,7181,2021-10-25,0
2021-04-08,10,7191,2021-10-25,0
2021-04-09,7,7198,2021-10-25,0
2021-04-10,7,7205,2021-10-25,0
2021-04-11,8,7213,2021-10-25,0
2021-04-12,10,7223,2021-10-25,0
2021-04-13,7,7230,2021-10-25,0
2021-04-14,8,7238,2021-10-25,0
2021-04-15,14,7252,2021-10-25,0
2021-04-16,8,7260,2021-10-25,0
2021-04-17,8,7268,2021-10-25,0
2021-04-18,8,7276,2021-10-25,0
2021-04-19,10,7286,2021-10-25,0
2021-04-20,5,7291,2021-10-25,0
2021-04-21,8,7299,2021-10-25,0
2021-04-22,2,7301,2021-10-25,0
2021-04-23,15,7316,2021-10-25,0
2021-04-24,11,7327,2021-10-25,0
2021-04-25,15,7342,2021-10-25,0
2021-04-26,15,7357,2021-10-25,0
2021-04-27,7,7364,2021-10-25,0
2021-04-28,14,7378,2021-10-25,0
2021-04-29,8,7386,2021-10-25,0
2021-04-30,11,7397,2021-10-25,0
2021-05-01,7,7404,2021-10-25,0
2021-05-02,8,7412,2021-10-25,0
2021-05-03,5,7417,2021-10-25,0
2021-05-04,13,7430,2021-10-25,0
2021-05-05,8,7438,2021-10-25,0
2021-05-06,5,7443,2021-10-25,0
2021-05-07,8,7451,2021-10-25,0
2021-05-08,7,7458,2021-10-25,0
2021-05-09,9,7467,2021-10-25,0
2021-05-10,8,7475,2021-10-25,0
2021-05-11,6,7481,2021-10-25,0
2021-05-12,9,7490,2021-10-25,0
2021-05-13,9,7499,2021-10-25,0
2021-05-14,11,7510,2021-10-25,0
2021-05-15,10,7520,2021-10-25,0
2021-05-16,6,7526,2021-10-25,0
2021-05-17,6,7532,2021-10-25,0
2021-05-18,7,7539,2021-10-25,0
2021-05-19,2,7541,2021-10-25,0
2021-05-20,5,7546,2021-10-25,0
2021-05-21,7,7553,2021-10-25,0
2021-05-22,11,7564,2021-10-25,0
2021-05-23,5,7569,2021-10-25,0
2021-05-24,5,7574,2021-10-25,0
2021-05-25,6,7580,2021-10-25,0
2021-05-26,3,7583,2021-10-25,0
2021-05-27,7,7590,2021-10-25,0
2021-05-28,2,7592,2021-10-25,0
2021-05-29,6,7598,2021-10-25,0
2021-05-30,4,7602,2021-10-25,0
2021-05-31,3,7605,2021-10-25,0
2021-06-01,5,7610,2021-10-25,0
2021-06-02,8,7618,2021-10-25,0
2021-06-03,4,7622,2021-10-25,0
2021-06-04,4,7626,2021-10-25,0
2021-06-05,2,7628,2021-10-25,0
2021-06-06,5,7633,2021-10-25,0
2021-06-07,3,7636,2021-10-25,0
2021-06-08,5,7641,2021-10-25,0
2021-06-09,4,7645,2021-10-25,0
2021-06-10,6,7651,2021-10-25,0
2021-06-11,6,7657,2021-10-25,0
2021-06-12,4,7661,2021-10-25,0
2021-06-13,4,7665,2021-10-25,0
2021-06-14,3,7668,2021-10-25,0
2021-06-15,2,7670,2021-10-25,0
2021-06-16,2,7672,2021-10-25,0
2021-06-17,4,7676,2021-10-25,0
2021-06-18,1,7677,2021-10-25,0
2021-06-19,6,7683,2021-10-25,0
2021-06-20,1,7684,2021-10-25,0
2021-06-21,5,7689,2021-10-25,0
2021-06-22,3,7692,2021-10-25,0
2021-06-23,4,7696,2021-10-25,0
2021-06-24,3,7699,2021-10-25,0
2021-06-25,3,7702,2021-10-25,0
2021-06-26,4,7706,2021-10-25,0
2021-06-27,2,7708,2021-10-25,0
2021-06-28,2,7710,2021-10-25,0
2021-06-29,2,7712,2021-10-25,0
2021-06-30,2,7714,2021-10-25,0
2021-07-01,0,7714,2021-10-25,0
2021-07-02,2,7716,2021-10-25,0
2021-07-03,2,7718,2021-10-25,0
2021-07-04,3,7721,2021-10-25,0
2021-07-05,1,7722,2021-10-25,0
2021-07-06,4,7726,2021-10-25,0
2021-07-07,1,7727,2021-10-25,0
2021-07-08,1,7728,2021-10-25,0
2021-07-09,0,7728,2021-10-25,0
2021-07-10,1,7729,2021-10-25,0
2021-07-11,3,7732,2021-10-25,0
2021-07-12,1,7733,2021-10-25,0
2021-07-13,2,7735,2021-10-25,0
2021-07-14,2,7737,2021-10-25,0
2021-07-15,2,7739,2021-10-25,0
2021-07-16,1,7740,2021-10-25,0
2021-07-17,1,7741,2021-10-25,0
2021-07-18,0,7741,2021-10-25,0
2021-07-19,0,7741,2021-10-25,0
2021-07-20,2,7743,2021-10-25,0
2021-07-21,2,7745,2021-10-25,0
2021-07-22,2,7747,2021-10-25,0
2021-07-23,3,7750,2021-10-25,0
2021-07-24,0,7750,2021-10-25,0
2021-07-25,2,7752,2021-10-25,0
2021-07-26,1,7753,2021-10-25,0
2021-07-27,2,7755,2021-10-25,0
2021-07-28,3,7758,2021-10-25,0
2021-07-29,2,7760,2021-10-25,0
2021-07-30,5,7765,2021-10-25,0
2021-07-31,4,7769,2021-10-25,0
2021-08-01,1,7770,2021-10-25,0
2021-08-02,3,7773,2021-10-25,0
2021-08-03,2,7775,2021-10-25,0
2021-08-04,3,7778,2021-10-25,0
2021-08-05,2,7780,2021-10-25,0
2021-08-06,7,7787,2021-10-25,0
2021-08-07,3,7790,2021-10-25,0
2021-08-08,2,7792,2021-10-25,0
2021-08-09,3,7795,2021-10-25,0
2021-08-10,2,7797,2021-10-25,0
2021-08-11,2,7799,2021-10-25,0
2021-08-12,7,7806,2021-10-25,0
2021-08-13,5,7811,2021-10-25,0
2021-08-14,6,7817,2021-10-25,0
2021-08-15,0,7817,2021-10-25,0
2021-08-16,7,7824,2021-10-25,0
2021-08-17,7,7831,2021-10-25,0
2021-08-18,9,7840,2021-10-25,0
2021-08-19,2,7842,2021-10-25,0
2021-08-20,3,7845,2021-10-25,0
2021-08-21,5,7850,2021-10-25,0
2021-08-22,7,7857,2021-10-25,0
2021-08-23,5,7862,2021-10-25,0
2021-08-24,12,7874,2021-10-25,0
2021-08-25,7,7881,2021-10-25,0
2021-08-26,2,7883,2021-10-25,0
2021-08-27,6,7889,2021-10-25,0
2021-08-28,10,7899,2021-10-25,0
2021-08-29,11,7910,2021-10-25,0
2021-08-30,8,7918,2021-10-25,0
2021-08-31,6,7924,2021-10-25,0
2021-09-01,6,7930,2021-10-25,0
2021-09-02,6,7936,2021-10-25,0
2021-09-03,9,7945,2021-10-25,0
2021-09-04,8,7953,2021-10-25,0
2021-09-05,10,7963,2021-10-25,0
2021-09-06,7,7970,2021-10-25,0
2021-09-07,7,7977,2021-10-25,0
2021-09-08,10,7987,2021-10-25,0
2021-09-09,4,7991,2021-10-25,0
2021-09-10,9,8000,2021-10-25,0
2021-09-11,17,8017,2021-10-25,0
2021-09-12,10,8027,2021-10-25,0
2021-09-13,7,8034,2021-10-25,0
2021-09-14,11,8045,2021-10-25,0
2021-09-15,14,8059,2021-10-25,0
2021-09-16,16,8075,2021-10-25,1
2021-09-17,8,8083,2021-10-25,0
2021-09-18,12,8095,2021-10-25,0
2021-09-19,11,8106,2021-10-25,0
2021-09-20,15,8121,2021-10-25,0
2021-09-21,15,8136,2021-10-25,0
2021-09-22,16,8152,2021-10-25,0
2021-09-23,12,8164,2021-10-25,0
2021-09-24,12,8176,2021-10-25,0
2021-09-25,16,8192,2021-10-25,0
2021-09-26,13,8205,2021-10-25,0
2021-09-27,15,8220,2021-10-25,0
2021-09-28,9,8229,2021-10-25,0
2021-09-29,19,8248,2021-10-25,0
2021-09-30,17,8265,2021-10-25,0
2021-10-01,13,8278,2021-10-25,1
2021-10-02,12,8290,2021-10-25,0
2021-10-03,23,8313,2021-10-25,0
2021-10-04,13,8326,2021-10-25,0
2021-10-05,23,8349,2021-10-25,0
2021-10-06,20,8369,2021-10-25,0
2021-10-07,12,8381,2021-10-25,0
2021-10-08,21,8402,2021-10-25,0
2021-10-09,20,8422,2021-10-25,0
2021-10-10,10,8432,2021-10-25,0
2021-10-11,10,8442,2021-10-25,0
2021-10-12,21,8463,2021-10-25,1
2021-10-13,19,8482,2021-10-25,0
2021-10-14,18,8500,2021-10-25,2
2021-10-15,10,8510,2021-10-25,2
2021-10-16,16,8526,2021-10-25,3
2021-10-17,14,8540,2021-10-25,3
2021-10-18,9,8549,2021-10-25,4
2021-10-19,9,8558,2021-10-25,5
2021-10-20,1,8559,2021-10-25,0
NA,0,8559,2021-10-25,0
2020-03-19,1,1,2021-10-26,0
2020-03-20,0,1,2021-10-26,0
2020-03-21,0,1,2021-10-26,0
2020-03-22,0,1,2021-10-26,0
2020-03-23,0,1,2021-10-26,0
2020-03-24,1,2,2021-10-26,0
2020-03-25,1,3,2021-10-26,0
2020-03-26,1,4,2021-10-26,0
2020-03-27,5,9,2021-10-26,0
2020-03-28,3,12,2021-10-26,0
2020-03-29,0,12,2021-10-26,0
2020-03-30,5,17,2021-10-26,0
2020-03-31,2,19,2021-10-26,0
2020-04-01,5,24,2021-10-26,0
2020-04-02,3,27,2021-10-26,0
2020-04-03,1,28,2021-10-26,0
2020-04-04,5,33,2021-10-26,0
2020-04-05,5,38,2021-10-26,0
2020-04-06,10,48,2021-10-26,0
2020-04-07,6,54,2021-10-26,0
2020-04-08,7,61,2021-10-26,0
2020-04-09,8,69,2021-10-26,0
2020-04-10,6,75,2021-10-26,0
2020-04-11,4,79,2021-10-26,0
2020-04-12,4,83,2021-10-26,0
2020-04-13,10,93,2021-10-26,0
2020-04-14,6,99,2021-10-26,0
2020-04-15,17,116,2021-10-26,0
2020-04-16,10,126,2021-10-26,0
2020-04-17,17,143,2021-10-26,0
2020-04-18,17,160,2021-10-26,0
2020-04-19,16,176,2021-10-26,0
2020-04-20,21,197,2021-10-26,0
2020-04-21,26,223,2021-10-26,0
2020-04-22,21,244,2021-10-26,0
2020-04-23,19,263,2021-10-26,0
2020-04-24,23,286,2021-10-26,0
2020-04-25,18,304,2021-10-26,0
2020-04-26,17,321,2021-10-26,0
2020-04-27,21,342,2021-10-26,0
2020-04-28,16,358,2021-10-26,0
2020-04-29,29,387,2021-10-26,0
2020-04-30,18,405,2021-10-26,0
2020-05-01,30,435,2021-10-26,0
2020-05-02,19,454,2021-10-26,0
2020-05-03,29,483,2021-10-26,0
2020-05-04,23,506,2021-10-26,0
2020-05-05,19,525,2021-10-26,0
2020-05-06,25,550,2021-10-26,0
2020-05-07,30,580,2021-10-26,0
2020-05-08,20,600,2021-10-26,0
2020-05-09,26,626,2021-10-26,0
2020-05-10,19,645,2021-10-26,0
2020-05-11,25,670,2021-10-26,0
2020-05-12,20,690,2021-10-26,0
2020-05-13,22,712,2021-10-26,0
2020-05-14,20,732,2021-10-26,0
2020-05-15,20,752,2021-10-26,0
2020-05-16,20,772,2021-10-26,0
2020-05-17,23,795,2021-10-26,0
2020-05-18,18,813,2021-10-26,0
2020-05-19,35,848,2021-10-26,0
2020-05-20,24,872,2021-10-26,0
2020-05-21,17,889,2021-10-26,0
2020-05-22,20,909,2021-10-26,0
2020-05-23,26,935,2021-10-26,0
2020-05-24,25,960,2021-10-26,0
2020-05-25,30,990,2021-10-26,0
2020-05-26,29,1019,2021-10-26,0
2020-05-27,25,1044,2021-10-26,0
2020-05-28,21,1065,2021-10-26,0
2020-05-29,17,1082,2021-10-26,0
2020-05-30,11,1093,2021-10-26,0
2020-05-31,20,1113,2021-10-26,0
2020-06-01,23,1136,2021-10-26,0
2020-06-02,21,1157,2021-10-26,0
2020-06-03,25,1182,2021-10-26,0
2020-06-04,26,1208,2021-10-26,0
2020-06-05,18,1226,2021-10-26,0
2020-06-06,12,1238,2021-10-26,0
2020-06-07,22,1260,2021-10-26,0
2020-06-08,12,1272,2021-10-26,0
2020-06-09,13,1285,2021-10-26,0
2020-06-10,10,1295,2021-10-26,0
2020-06-11,12,1307,2021-10-26,0
2020-06-12,11,1318,2021-10-26,0
2020-06-13,13,1331,2021-10-26,0
2020-06-14,11,1342,2021-10-26,0
2020-06-15,8,1350,2021-10-26,0
2020-06-16,9,1359,2021-10-26,0
2020-06-17,17,1376,2021-10-26,0
2020-06-18,9,1385,2021-10-26,0
2020-06-19,8,1393,2021-10-26,0
2020-06-20,12,1405,2021-10-26,0
2020-06-21,11,1416,2021-10-26,0
2020-06-22,6,1422,2021-10-26,0
2020-06-23,10,1432,2021-10-26,0
2020-06-24,1,1433,2021-10-26,0
2020-06-25,9,1442,2021-10-26,0
2020-06-26,6,1448,2021-10-26,0
2020-06-27,5,1453,2021-10-26,0
2020-06-28,11,1464,2021-10-26,0
2020-06-29,7,1471,2021-10-26,0
2020-06-30,9,1480,2021-10-26,0
2020-07-01,2,1482,2021-10-26,0
2020-07-02,3,1485,2021-10-26,0
2020-07-03,5,1490,2021-10-26,0
2020-07-04,4,1494,2021-10-26,0
2020-07-05,6,1500,2021-10-26,0
2020-07-06,4,1504,2021-10-26,0
2020-07-07,2,1506,2021-10-26,0
2020-07-08,9,1515,2021-10-26,0
2020-07-09,4,1519,2021-10-26,0
2020-07-10,3,1522,2021-10-26,0
2020-07-11,4,1526,2021-10-26,0
2020-07-12,6,1532,2021-10-26,0
2020-07-13,2,1534,2021-10-26,0
2020-07-14,6,1540,2021-10-26,0
2020-07-15,7,1547,2021-10-26,0
2020-07-16,3,1550,2021-10-26,0
2020-07-17,7,1557,2021-10-26,0
2020-07-18,6,1563,2021-10-26,0
2020-07-19,5,1568,2021-10-26,0
2020-07-20,3,1571,2021-10-26,0
2020-07-21,6,1577,2021-10-26,0
2020-07-22,5,1582,2021-10-26,0
2020-07-23,8,1590,2021-10-26,0
2020-07-24,6,1596,2021-10-26,0
2020-07-25,2,1598,2021-10-26,0
2020-07-26,5,1603,2021-10-26,0
2020-07-27,5,1608,2021-10-26,0
2020-07-28,7,1615,2021-10-26,0
2020-07-29,3,1618,2021-10-26,0
2020-07-30,6,1624,2021-10-26,0
2020-07-31,9,1633,2021-10-26,0
2020-08-01,4,1637,2021-10-26,0
2020-08-02,7,1644,2021-10-26,0
2020-08-03,4,1648,2021-10-26,0
2020-08-04,7,1655,2021-10-26,0
2020-08-05,8,1663,2021-10-26,0
2020-08-06,9,1672,2021-10-26,0
2020-08-07,7,1679,2021-10-26,0
2020-08-08,6,1685,2021-10-26,0
2020-08-09,10,1695,2021-10-26,0
2020-08-10,3,1698,2021-10-26,0
2020-08-11,9,1707,2021-10-26,0
2020-08-12,7,1714,2021-10-26,0
2020-08-13,5,1719,2021-10-26,0
2020-08-14,9,1728,2021-10-26,0
2020-08-15,13,1741,2021-10-26,0
2020-08-16,13,1754,2021-10-26,0
2020-08-17,6,1760,2021-10-26,0
2020-08-18,11,1771,2021-10-26,0
2020-08-19,3,1774,2021-10-26,0
2020-08-20,10,1784,2021-10-26,0
2020-08-21,12,1796,2021-10-26,0
2020-08-22,9,1805,2021-10-26,0
2020-08-23,7,1812,2021-10-26,0
2020-08-24,9,1821,2021-10-26,0
2020-08-25,4,1825,2021-10-26,0
2020-08-26,3,1828,2021-10-26,0
2020-08-27,7,1835,2021-10-26,0
2020-08-28,6,1841,2021-10-26,0
2020-08-29,3,1844,2021-10-26,0
2020-08-30,5,1849,2021-10-26,0
2020-08-31,9,1858,2021-10-26,0
2020-09-01,2,1860,2021-10-26,0
2020-09-02,7,1867,2021-10-26,0
2020-09-03,12,1879,2021-10-26,0
2020-09-04,4,1883,2021-10-26,0
2020-09-05,6,1889,2021-10-26,0
2020-09-06,12,1901,2021-10-26,0
2020-09-07,3,1904,2021-10-26,0
2020-09-08,6,1910,2021-10-26,0
2020-09-09,10,1920,2021-10-26,0
2020-09-10,9,1929,2021-10-26,0
2020-09-11,11,1940,2021-10-26,0
2020-09-12,8,1948,2021-10-26,0
2020-09-13,8,1956,2021-10-26,0
2020-09-14,2,1958,2021-10-26,0
2020-09-15,7,1965,2021-10-26,0
2020-09-16,9,1974,2021-10-26,0
2020-09-17,5,1979,2021-10-26,0
2020-09-18,6,1985,2021-10-26,0
2020-09-19,4,1989,2021-10-26,0
2020-09-20,9,1998,2021-10-26,0
2020-09-21,7,2005,2021-10-26,0
2020-09-22,8,2013,2021-10-26,0
2020-09-23,9,2022,2021-10-26,0
2020-09-24,8,2030,2021-10-26,0
2020-09-25,11,2041,2021-10-26,0
2020-09-26,9,2050,2021-10-26,0
2020-09-27,14,2064,2021-10-26,0
2020-09-28,11,2075,2021-10-26,0
2020-09-29,5,2080,2021-10-26,0
2020-09-30,16,2096,2021-10-26,0
2020-10-01,7,2103,2021-10-26,0
2020-10-02,13,2116,2021-10-26,0
2020-10-03,9,2125,2021-10-26,0
2020-10-04,7,2132,2021-10-26,0
2020-10-05,10,2142,2021-10-26,0
2020-10-06,13,2155,2021-10-26,0
2020-10-07,19,2174,2021-10-26,0
2020-10-08,9,2183,2021-10-26,0
2020-10-09,17,2200,2021-10-26,0
2020-10-10,16,2216,2021-10-26,0
2020-10-11,16,2232,2021-10-26,0
2020-10-12,20,2252,2021-10-26,0
2020-10-13,14,2266,2021-10-26,0
2020-10-14,10,2276,2021-10-26,0
2020-10-15,9,2285,2021-10-26,0
2020-10-16,12,2297,2021-10-26,0
2020-10-17,18,2315,2021-10-26,0
2020-10-18,25,2340,2021-10-26,0
2020-10-19,18,2358,2021-10-26,0
2020-10-20,15,2373,2021-10-26,0
2020-10-21,24,2397,2021-10-26,0
2020-10-22,18,2415,2021-10-26,0
2020-10-23,19,2434,2021-10-26,0
2020-10-24,8,2442,2021-10-26,0
2020-10-25,17,2459,2021-10-26,0
2020-10-26,25,2484,2021-10-26,0
2020-10-27,23,2507,2021-10-26,0
2020-10-28,29,2536,2021-10-26,0
2020-10-29,18,2554,2021-10-26,0
2020-10-30,27,2581,2021-10-26,0
2020-10-31,25,2606,2021-10-26,0
2020-11-01,21,2627,2021-10-26,0
2020-11-02,25,2652,2021-10-26,0
2020-11-03,25,2677,2021-10-26,0
2020-11-04,33,2710,2021-10-26,0
2020-11-05,38,2748,2021-10-26,0
2020-11-06,39,2787,2021-10-26,0
2020-11-07,42,2829,2021-10-26,0
2020-11-08,47,2876,2021-10-26,0
2020-11-09,36,2912,2021-10-26,0
2020-11-10,35,2947,2021-10-26,0
2020-11-11,43,2990,2021-10-26,0
2020-11-12,45,3035,2021-10-26,0
2020-11-13,40,3075,2021-10-26,0
2020-11-14,47,3122,2021-10-26,0
2020-11-15,46,3168,2021-10-26,0
2020-11-16,62,3230,2021-10-26,0
2020-11-17,56,3286,2021-10-26,0
2020-11-18,61,3347,2021-10-26,0
2020-11-19,60,3407,2021-10-26,0
2020-11-20,63,3470,2021-10-26,0
2020-11-21,58,3528,2021-10-26,0
2020-11-22,67,3595,2021-10-26,0
2020-11-23,59,3654,2021-10-26,0
2020-11-24,69,3723,2021-10-26,0
2020-11-25,72,3795,2021-10-26,0
2020-11-26,54,3849,2021-10-26,0
2020-11-27,69,3918,2021-10-26,0
2020-11-28,62,3980,2021-10-26,0
2020-11-29,68,4048,2021-10-26,0
2020-11-30,61,4109,2021-10-26,0
2020-12-01,64,4173,2021-10-26,0
2020-12-02,73,4246,2021-10-26,0
2020-12-03,86,4332,2021-10-26,0
2020-12-04,67,4399,2021-10-26,0
2020-12-05,74,4473,2021-10-26,0
2020-12-06,80,4553,2021-10-26,0
2020-12-07,75,4628,2021-10-26,0
2020-12-08,61,4689,2021-10-26,0
2020-12-09,71,4760,2021-10-26,0
2020-12-10,72,4832,2021-10-26,0
2020-12-11,71,4903,2021-10-26,0
2020-12-12,72,4975,2021-10-26,0
2020-12-13,56,5031,2021-10-26,0
2020-12-14,43,5074,2021-10-26,0
2020-12-15,65,5139,2021-10-26,0
2020-12-16,73,5212,2021-10-26,0
2020-12-17,60,5272,2021-10-26,0
2020-12-18,59,5331,2021-10-26,0
2020-12-19,56,5387,2021-10-26,0
2020-12-20,61,5448,2021-10-26,0
2020-12-21,58,5506,2021-10-26,0
2020-12-22,33,5539,2021-10-26,0
2020-12-23,46,5585,2021-10-26,0
2020-12-24,50,5635,2021-10-26,0
2020-12-25,36,5671,2021-10-26,0
2020-12-26,43,5714,2021-10-26,0
2020-12-27,41,5755,2021-10-26,0
2020-12-28,34,5789,2021-10-26,0
2020-12-29,37,5826,2021-10-26,0
2020-12-30,47,5873,2021-10-26,0
2020-12-31,36,5909,2021-10-26,0
2021-01-01,28,5937,2021-10-26,0
2021-01-02,47,5984,2021-10-26,0
2021-01-03,37,6021,2021-10-26,0
2021-01-04,32,6053,2021-10-26,0
2021-01-05,40,6093,2021-10-26,0
2021-01-06,32,6125,2021-10-26,0
2021-01-07,37,6162,2021-10-26,0
2021-01-08,32,6194,2021-10-26,0
2021-01-09,26,6220,2021-10-26,0
2021-01-10,29,6249,2021-10-26,0
2021-01-11,26,6275,2021-10-26,0
2021-01-12,32,6307,2021-10-26,0
2021-01-13,23,6330,2021-10-26,0
2021-01-14,41,6371,2021-10-26,0
2021-01-15,26,6397,2021-10-26,0
2021-01-16,30,6427,2021-10-26,0
2021-01-17,21,6448,2021-10-26,0
2021-01-18,19,6467,2021-10-26,0
2021-01-19,14,6481,2021-10-26,0
2021-01-20,26,6507,2021-10-26,0
2021-01-21,16,6523,2021-10-26,0
2021-01-22,13,6536,2021-10-26,0
2021-01-23,17,6553,2021-10-26,0
2021-01-24,24,6577,2021-10-26,0
2021-01-25,19,6596,2021-10-26,0
2021-01-26,21,6617,2021-10-26,0
2021-01-27,11,6628,2021-10-26,0
2021-01-28,12,6640,2021-10-26,0
2021-01-29,15,6655,2021-10-26,0
2021-01-30,13,6668,2021-10-26,0
2021-01-31,16,6684,2021-10-26,0
2021-02-01,17,6701,2021-10-26,0
2021-02-02,10,6711,2021-10-26,0
2021-02-03,11,6722,2021-10-26,0
2021-02-04,11,6733,2021-10-26,0
2021-02-05,12,6745,2021-10-26,0
2021-02-06,12,6757,2021-10-26,0
2021-02-07,19,6776,2021-10-26,0
2021-02-08,11,6787,2021-10-26,0
2021-02-09,15,6802,2021-10-26,0
2021-02-10,14,6816,2021-10-26,0
2021-02-11,7,6823,2021-10-26,0
2021-02-12,13,6836,2021-10-26,0
2021-02-13,8,6844,2021-10-26,0
2021-02-14,10,6854,2021-10-26,0
2021-02-15,9,6863,2021-10-26,0
2021-02-16,12,6875,2021-10-26,0
2021-02-17,10,6885,2021-10-26,0
2021-02-18,7,6892,2021-10-26,0
2021-02-19,6,6898,2021-10-26,0
2021-02-20,7,6905,2021-10-26,0
2021-02-21,4,6909,2021-10-26,0
2021-02-22,5,6914,2021-10-26,0
2021-02-23,9,6923,2021-10-26,0
2021-02-24,5,6928,2021-10-26,0
2021-02-25,5,6933,2021-10-26,0
2021-02-26,7,6940,2021-10-26,0
2021-02-27,6,6946,2021-10-26,0
2021-02-28,8,6954,2021-10-26,0
2021-03-01,7,6961,2021-10-26,0
2021-03-02,3,6964,2021-10-26,0
2021-03-03,10,6974,2021-10-26,0
2021-03-04,6,6980,2021-10-26,0
2021-03-05,10,6990,2021-10-26,0
2021-03-06,5,6995,2021-10-26,0
2021-03-07,9,7004,2021-10-26,0
2021-03-08,5,7009,2021-10-26,0
2021-03-09,7,7016,2021-10-26,0
2021-03-10,5,7021,2021-10-26,0
2021-03-11,4,7025,2021-10-26,0
2021-03-12,11,7036,2021-10-26,0
2021-03-13,5,7041,2021-10-26,0
2021-03-14,5,7046,2021-10-26,0
2021-03-15,2,7048,2021-10-26,0
2021-03-16,6,7054,2021-10-26,0
2021-03-17,4,7058,2021-10-26,0
2021-03-18,5,7063,2021-10-26,0
2021-03-19,5,7068,2021-10-26,0
2021-03-20,9,7077,2021-10-26,0
2021-03-21,5,7082,2021-10-26,0
2021-03-22,4,7086,2021-10-26,0
2021-03-23,5,7091,2021-10-26,0
2021-03-24,1,7092,2021-10-26,0
2021-03-25,5,7097,2021-10-26,0
2021-03-26,3,7100,2021-10-26,0
2021-03-27,7,7107,2021-10-26,0
2021-03-28,6,7113,2021-10-26,0
2021-03-29,5,7118,2021-10-26,0
2021-03-30,6,7124,2021-10-26,0
2021-03-31,8,7132,2021-10-26,0
2021-04-01,6,7138,2021-10-26,0
2021-04-02,9,7147,2021-10-26,0
2021-04-03,8,7155,2021-10-26,0
2021-04-04,6,7161,2021-10-26,0
2021-04-05,8,7169,2021-10-26,0
2021-04-06,6,7175,2021-10-26,0
2021-04-07,6,7181,2021-10-26,0
2021-04-08,10,7191,2021-10-26,0
2021-04-09,7,7198,2021-10-26,0
2021-04-10,7,7205,2021-10-26,0
2021-04-11,8,7213,2021-10-26,0
2021-04-12,10,7223,2021-10-26,0
2021-04-13,7,7230,2021-10-26,0
2021-04-14,8,7238,2021-10-26,0
2021-04-15,14,7252,2021-10-26,0
2021-04-16,8,7260,2021-10-26,0
2021-04-17,8,7268,2021-10-26,0
2021-04-18,8,7276,2021-10-26,0
2021-04-19,10,7286,2021-10-26,0
2021-04-20,5,7291,2021-10-26,0
2021-04-21,8,7299,2021-10-26,0
2021-04-22,2,7301,2021-10-26,0
2021-04-23,15,7316,2021-10-26,0
2021-04-24,11,7327,2021-10-26,0
2021-04-25,15,7342,2021-10-26,0
2021-04-26,15,7357,2021-10-26,0
2021-04-27,7,7364,2021-10-26,0
2021-04-28,14,7378,2021-10-26,0
2021-04-29,8,7386,2021-10-26,0
2021-04-30,11,7397,2021-10-26,0
2021-05-01,7,7404,2021-10-26,0
2021-05-02,8,7412,2021-10-26,0
2021-05-03,5,7417,2021-10-26,0
2021-05-04,13,7430,2021-10-26,0
2021-05-05,8,7438,2021-10-26,0
2021-05-06,5,7443,2021-10-26,0
2021-05-07,8,7451,2021-10-26,0
2021-05-08,7,7458,2021-10-26,0
2021-05-09,9,7467,2021-10-26,0
2021-05-10,8,7475,2021-10-26,0
2021-05-11,6,7481,2021-10-26,0
2021-05-12,9,7490,2021-10-26,0
2021-05-13,9,7499,2021-10-26,0
2021-05-14,11,7510,2021-10-26,0
2021-05-15,10,7520,2021-10-26,0
2021-05-16,6,7526,2021-10-26,0
2021-05-17,6,7532,2021-10-26,0
2021-05-18,7,7539,2021-10-26,0
2021-05-19,2,7541,2021-10-26,0
2021-05-20,5,7546,2021-10-26,0
2021-05-21,7,7553,2021-10-26,0
2021-05-22,11,7564,2021-10-26,0
2021-05-23,5,7569,2021-10-26,0
2021-05-24,5,7574,2021-10-26,0
2021-05-25,6,7580,2021-10-26,0
2021-05-26,3,7583,2021-10-26,0
2021-05-27,7,7590,2021-10-26,0
2021-05-28,2,7592,2021-10-26,0
2021-05-29,6,7598,2021-10-26,0
2021-05-30,4,7602,2021-10-26,0
2021-05-31,3,7605,2021-10-26,0
2021-06-01,5,7610,2021-10-26,0
2021-06-02,8,7618,2021-10-26,0
2021-06-03,4,7622,2021-10-26,0
2021-06-04,4,7626,2021-10-26,0
2021-06-05,2,7628,2021-10-26,0
2021-06-06,5,7633,2021-10-26,0
2021-06-07,3,7636,2021-10-26,0
2021-06-08,5,7641,2021-10-26,0
2021-06-09,4,7645,2021-10-26,0
2021-06-10,6,7651,2021-10-26,0
2021-06-11,6,7657,2021-10-26,0
2021-06-12,4,7661,2021-10-26,0
2021-06-13,4,7665,2021-10-26,0
2021-06-14,3,7668,2021-10-26,0
2021-06-15,2,7670,2021-10-26,0
2021-06-16,2,7672,2021-10-26,0
2021-06-17,4,7676,2021-10-26,0
2021-06-18,1,7677,2021-10-26,0
2021-06-19,6,7683,2021-10-26,0
2021-06-20,1,7684,2021-10-26,0
2021-06-21,5,7689,2021-10-26,0
2021-06-22,3,7692,2021-10-26,0
2021-06-23,4,7696,2021-10-26,0
2021-06-24,3,7699,2021-10-26,0
2021-06-25,3,7702,2021-10-26,0
2021-06-26,4,7706,2021-10-26,0
2021-06-27,2,7708,2021-10-26,0
2021-06-28,2,7710,2021-10-26,0
2021-06-29,2,7712,2021-10-26,0
2021-06-30,2,7714,2021-10-26,0
2021-07-01,0,7714,2021-10-26,0
2021-07-02,2,7716,2021-10-26,0
2021-07-03,2,7718,2021-10-26,0
2021-07-04,3,7721,2021-10-26,0
2021-07-05,1,7722,2021-10-26,0
2021-07-06,4,7726,2021-10-26,0
2021-07-07,1,7727,2021-10-26,0
2021-07-08,1,7728,2021-10-26,0
2021-07-09,0,7728,2021-10-26,0
2021-07-10,1,7729,2021-10-26,0
2021-07-11,3,7732,2021-10-26,0
2021-07-12,1,7733,2021-10-26,0
2021-07-13,2,7735,2021-10-26,0
2021-07-14,2,7737,2021-10-26,0
2021-07-15,2,7739,2021-10-26,0
2021-07-16,1,7740,2021-10-26,0
2021-07-17,1,7741,2021-10-26,0
2021-07-18,0,7741,2021-10-26,0
2021-07-19,0,7741,2021-10-26,0
2021-07-20,2,7743,2021-10-26,0
2021-07-21,2,7745,2021-10-26,0
2021-07-22,2,7747,2021-10-26,0
2021-07-23,3,7750,2021-10-26,0
2021-07-24,0,7750,2021-10-26,0
2021-07-25,2,7752,2021-10-26,0
2021-07-26,1,7753,2021-10-26,0
2021-07-27,2,7755,2021-10-26,0
2021-07-28,3,7758,2021-10-26,0
2021-07-29,2,7760,2021-10-26,0
2021-07-30,5,7765,2021-10-26,0
2021-07-31,4,7769,2021-10-26,0
2021-08-01,1,7770,2021-10-26,0
2021-08-02,3,7773,2021-10-26,0
2021-08-03,2,7775,2021-10-26,0
2021-08-04,3,7778,2021-10-26,0
2021-08-05,2,7780,2021-10-26,0
2021-08-06,7,7787,2021-10-26,0
2021-08-07,3,7790,2021-10-26,0
2021-08-08,2,7792,2021-10-26,0
2021-08-09,3,7795,2021-10-26,0
2021-08-10,2,7797,2021-10-26,0
2021-08-11,2,7799,2021-10-26,0
2021-08-12,7,7806,2021-10-26,0
2021-08-13,5,7811,2021-10-26,0
2021-08-14,6,7817,2021-10-26,0
2021-08-15,0,7817,2021-10-26,0
2021-08-16,7,7824,2021-10-26,0
2021-08-17,7,7831,2021-10-26,0
2021-08-18,9,7840,2021-10-26,0
2021-08-19,2,7842,2021-10-26,0
2021-08-20,3,7845,2021-10-26,0
2021-08-21,5,7850,2021-10-26,0
2021-08-22,7,7857,2021-10-26,0
2021-08-23,5,7862,2021-10-26,0
2021-08-24,12,7874,2021-10-26,0
2021-08-25,7,7881,2021-10-26,0
2021-08-26,2,7883,2021-10-26,0
2021-08-27,6,7889,2021-10-26,0
2021-08-28,10,7899,2021-10-26,0
2021-08-29,11,7910,2021-10-26,0
2021-08-30,8,7918,2021-10-26,0
2021-08-31,6,7924,2021-10-26,0
2021-09-01,6,7930,2021-10-26,0
2021-09-02,6,7936,2021-10-26,0
2021-09-03,9,7945,2021-10-26,0
2021-09-04,9,7954,2021-10-26,1
2021-09-05,10,7964,2021-10-26,0
2021-09-06,7,7971,2021-10-26,0
2021-09-07,7,7978,2021-10-26,0
2021-09-08,10,7988,2021-10-26,0
2021-09-09,5,7993,2021-10-26,1
2021-09-10,9,8002,2021-10-26,0
2021-09-11,17,8019,2021-10-26,0
2021-09-12,10,8029,2021-10-26,0
2021-09-13,7,8036,2021-10-26,0
2021-09-14,11,8047,2021-10-26,0
2021-09-15,14,8061,2021-10-26,0
2021-09-16,16,8077,2021-10-26,0
2021-09-17,8,8085,2021-10-26,0
2021-09-18,12,8097,2021-10-26,0
2021-09-19,11,8108,2021-10-26,0
2021-09-20,15,8123,2021-10-26,0
2021-09-21,15,8138,2021-10-26,0
2021-09-22,16,8154,2021-10-26,0
2021-09-23,12,8166,2021-10-26,0
2021-09-24,12,8178,2021-10-26,0
2021-09-25,16,8194,2021-10-26,0
2021-09-26,13,8207,2021-10-26,0
2021-09-27,15,8222,2021-10-26,0
2021-09-28,9,8231,2021-10-26,0
2021-09-29,19,8250,2021-10-26,0
2021-09-30,17,8267,2021-10-26,0
2021-10-01,13,8280,2021-10-26,0
2021-10-02,13,8293,2021-10-26,1
2021-10-03,23,8316,2021-10-26,0
2021-10-04,13,8329,2021-10-26,0
2021-10-05,23,8352,2021-10-26,0
2021-10-06,20,8372,2021-10-26,0
2021-10-07,12,8384,2021-10-26,0
2021-10-08,21,8405,2021-10-26,0
2021-10-09,20,8425,2021-10-26,0
2021-10-10,10,8435,2021-10-26,0
2021-10-11,10,8445,2021-10-26,0
2021-10-12,22,8467,2021-10-26,1
2021-10-13,19,8486,2021-10-26,0
2021-10-14,19,8505,2021-10-26,1
2021-10-15,13,8518,2021-10-26,3
2021-10-16,18,8536,2021-10-26,2
2021-10-17,14,8550,2021-10-26,0
2021-10-18,11,8561,2021-10-26,2
2021-10-19,12,8573,2021-10-26,3
2021-10-20,3,8576,2021-10-26,2
2021-10-21,4,8580,2021-10-26,4
2021-10-22,1,8581,2021-10-26,1
NA,0,8581,2021-10-26,0
2020-03-19,1,1,2021-10-27,0
2020-03-20,0,1,2021-10-27,0
2020-03-21,0,1,2021-10-27,0
2020-03-22,0,1,2021-10-27,0
2020-03-23,0,1,2021-10-27,0
2020-03-24,1,2,2021-10-27,0
2020-03-25,1,3,2021-10-27,0
2020-03-26,1,4,2021-10-27,0
2020-03-27,5,9,2021-10-27,0
2020-03-28,3,12,2021-10-27,0
2020-03-29,0,12,2021-10-27,0
2020-03-30,5,17,2021-10-27,0
2020-03-31,2,19,2021-10-27,0
2020-04-01,5,24,2021-10-27,0
2020-04-02,3,27,2021-10-27,0
2020-04-03,1,28,2021-10-27,0
2020-04-04,5,33,2021-10-27,0
2020-04-05,5,38,2021-10-27,0
2020-04-06,10,48,2021-10-27,0
2020-04-07,6,54,2021-10-27,0
2020-04-08,7,61,2021-10-27,0
2020-04-09,8,69,2021-10-27,0
2020-04-10,6,75,2021-10-27,0
2020-04-11,4,79,2021-10-27,0
2020-04-12,4,83,2021-10-27,0
2020-04-13,10,93,2021-10-27,0
2020-04-14,6,99,2021-10-27,0
2020-04-15,17,116,2021-10-27,0
2020-04-16,10,126,2021-10-27,0
2020-04-17,17,143,2021-10-27,0
2020-04-18,17,160,2021-10-27,0
2020-04-19,16,176,2021-10-27,0
2020-04-20,21,197,2021-10-27,0
2020-04-21,26,223,2021-10-27,0
2020-04-22,21,244,2021-10-27,0
2020-04-23,19,263,2021-10-27,0
2020-04-24,23,286,2021-10-27,0
2020-04-25,18,304,2021-10-27,0
2020-04-26,17,321,2021-10-27,0
2020-04-27,21,342,2021-10-27,0
2020-04-28,16,358,2021-10-27,0
2020-04-29,29,387,2021-10-27,0
2020-04-30,18,405,2021-10-27,0
2020-05-01,30,435,2021-10-27,0
2020-05-02,19,454,2021-10-27,0
2020-05-03,29,483,2021-10-27,0
2020-05-04,23,506,2021-10-27,0
2020-05-05,19,525,2021-10-27,0
2020-05-06,25,550,2021-10-27,0
2020-05-07,30,580,2021-10-27,0
2020-05-08,20,600,2021-10-27,0
2020-05-09,26,626,2021-10-27,0
2020-05-10,19,645,2021-10-27,0
2020-05-11,25,670,2021-10-27,0
2020-05-12,20,690,2021-10-27,0
2020-05-13,22,712,2021-10-27,0
2020-05-14,20,732,2021-10-27,0
2020-05-15,20,752,2021-10-27,0
2020-05-16,20,772,2021-10-27,0
2020-05-17,23,795,2021-10-27,0
2020-05-18,18,813,2021-10-27,0
2020-05-19,35,848,2021-10-27,0
2020-05-20,24,872,2021-10-27,0
2020-05-21,17,889,2021-10-27,0
2020-05-22,20,909,2021-10-27,0
2020-05-23,26,935,2021-10-27,0
2020-05-24,25,960,2021-10-27,0
2020-05-25,30,990,2021-10-27,0
2020-05-26,29,1019,2021-10-27,0
2020-05-27,25,1044,2021-10-27,0
2020-05-28,21,1065,2021-10-27,0
2020-05-29,17,1082,2021-10-27,0
2020-05-30,11,1093,2021-10-27,0
2020-05-31,20,1113,2021-10-27,0
2020-06-01,23,1136,2021-10-27,0
2020-06-02,21,1157,2021-10-27,0
2020-06-03,25,1182,2021-10-27,0
2020-06-04,26,1208,2021-10-27,0
2020-06-05,18,1226,2021-10-27,0
2020-06-06,12,1238,2021-10-27,0
2020-06-07,22,1260,2021-10-27,0
2020-06-08,12,1272,2021-10-27,0
2020-06-09,13,1285,2021-10-27,0
2020-06-10,10,1295,2021-10-27,0
2020-06-11,12,1307,2021-10-27,0
2020-06-12,11,1318,2021-10-27,0
2020-06-13,13,1331,2021-10-27,0
2020-06-14,11,1342,2021-10-27,0
2020-06-15,8,1350,2021-10-27,0
2020-06-16,9,1359,2021-10-27,0
2020-06-17,17,1376,2021-10-27,0
2020-06-18,9,1385,2021-10-27,0
2020-06-19,8,1393,2021-10-27,0
2020-06-20,12,1405,2021-10-27,0
2020-06-21,11,1416,2021-10-27,0
2020-06-22,6,1422,2021-10-27,0
2020-06-23,10,1432,2021-10-27,0
2020-06-24,1,1433,2021-10-27,0
2020-06-25,9,1442,2021-10-27,0
2020-06-26,6,1448,2021-10-27,0
2020-06-27,5,1453,2021-10-27,0
2020-06-28,11,1464,2021-10-27,0
2020-06-29,7,1471,2021-10-27,0
2020-06-30,9,1480,2021-10-27,0
2020-07-01,2,1482,2021-10-27,0
2020-07-02,3,1485,2021-10-27,0
2020-07-03,5,1490,2021-10-27,0
2020-07-04,4,1494,2021-10-27,0
2020-07-05,6,1500,2021-10-27,0
2020-07-06,4,1504,2021-10-27,0
2020-07-07,2,1506,2021-10-27,0
2020-07-08,9,1515,2021-10-27,0
2020-07-09,4,1519,2021-10-27,0
2020-07-10,3,1522,2021-10-27,0
2020-07-11,4,1526,2021-10-27,0
2020-07-12,6,1532,2021-10-27,0
2020-07-13,2,1534,2021-10-27,0
2020-07-14,6,1540,2021-10-27,0
2020-07-15,7,1547,2021-10-27,0
2020-07-16,3,1550,2021-10-27,0
2020-07-17,7,1557,2021-10-27,0
2020-07-18,6,1563,2021-10-27,0
2020-07-19,5,1568,2021-10-27,0
2020-07-20,3,1571,2021-10-27,0
2020-07-21,6,1577,2021-10-27,0
2020-07-22,5,1582,2021-10-27,0
2020-07-23,8,1590,2021-10-27,0
2020-07-24,6,1596,2021-10-27,0
2020-07-25,2,1598,2021-10-27,0
2020-07-26,5,1603,2021-10-27,0
2020-07-27,5,1608,2021-10-27,0
2020-07-28,7,1615,2021-10-27,0
2020-07-29,3,1618,2021-10-27,0
2020-07-30,6,1624,2021-10-27,0
2020-07-31,9,1633,2021-10-27,0
2020-08-01,4,1637,2021-10-27,0
2020-08-02,7,1644,2021-10-27,0
2020-08-03,4,1648,2021-10-27,0
2020-08-04,7,1655,2021-10-27,0
2020-08-05,8,1663,2021-10-27,0
2020-08-06,9,1672,2021-10-27,0
2020-08-07,7,1679,2021-10-27,0
2020-08-08,6,1685,2021-10-27,0
2020-08-09,10,1695,2021-10-27,0
2020-08-10,3,1698,2021-10-27,0
2020-08-11,9,1707,2021-10-27,0
2020-08-12,7,1714,2021-10-27,0
2020-08-13,5,1719,2021-10-27,0
2020-08-14,9,1728,2021-10-27,0
2020-08-15,13,1741,2021-10-27,0
2020-08-16,13,1754,2021-10-27,0
2020-08-17,6,1760,2021-10-27,0
2020-08-18,11,1771,2021-10-27,0
2020-08-19,3,1774,2021-10-27,0
2020-08-20,10,1784,2021-10-27,0
2020-08-21,12,1796,2021-10-27,0
2020-08-22,9,1805,2021-10-27,0
2020-08-23,7,1812,2021-10-27,0
2020-08-24,9,1821,2021-10-27,0
2020-08-25,4,1825,2021-10-27,0
2020-08-26,3,1828,2021-10-27,0
2020-08-27,7,1835,2021-10-27,0
2020-08-28,6,1841,2021-10-27,0
2020-08-29,3,1844,2021-10-27,0
2020-08-30,5,1849,2021-10-27,0
2020-08-31,9,1858,2021-10-27,0
2020-09-01,2,1860,2021-10-27,0
2020-09-02,7,1867,2021-10-27,0
2020-09-03,12,1879,2021-10-27,0
2020-09-04,4,1883,2021-10-27,0
2020-09-05,6,1889,2021-10-27,0
2020-09-06,12,1901,2021-10-27,0
2020-09-07,3,1904,2021-10-27,0
2020-09-08,6,1910,2021-10-27,0
2020-09-09,10,1920,2021-10-27,0
2020-09-10,9,1929,2021-10-27,0
2020-09-11,11,1940,2021-10-27,0
2020-09-12,8,1948,2021-10-27,0
2020-09-13,8,1956,2021-10-27,0
2020-09-14,2,1958,2021-10-27,0
2020-09-15,7,1965,2021-10-27,0
2020-09-16,9,1974,2021-10-27,0
2020-09-17,5,1979,2021-10-27,0
2020-09-18,6,1985,2021-10-27,0
2020-09-19,4,1989,2021-10-27,0
2020-09-20,9,1998,2021-10-27,0
2020-09-21,7,2005,2021-10-27,0
2020-09-22,8,2013,2021-10-27,0
2020-09-23,9,2022,2021-10-27,0
2020-09-24,8,2030,2021-10-27,0
2020-09-25,11,2041,2021-10-27,0
2020-09-26,9,2050,2021-10-27,0
2020-09-27,14,2064,2021-10-27,0
2020-09-28,11,2075,2021-10-27,0
2020-09-29,5,2080,2021-10-27,0
2020-09-30,16,2096,2021-10-27,0
2020-10-01,7,2103,2021-10-27,0
2020-10-02,13,2116,2021-10-27,0
2020-10-03,9,2125,2021-10-27,0
2020-10-04,7,2132,2021-10-27,0
2020-10-05,10,2142,2021-10-27,0
2020-10-06,13,2155,2021-10-27,0
2020-10-07,19,2174,2021-10-27,0
2020-10-08,9,2183,2021-10-27,0
2020-10-09,17,2200,2021-10-27,0
2020-10-10,16,2216,2021-10-27,0
2020-10-11,16,2232,2021-10-27,0
2020-10-12,20,2252,2021-10-27,0
2020-10-13,14,2266,2021-10-27,0
2020-10-14,10,2276,2021-10-27,0
2020-10-15,9,2285,2021-10-27,0
2020-10-16,12,2297,2021-10-27,0
2020-10-17,18,2315,2021-10-27,0
2020-10-18,25,2340,2021-10-27,0
2020-10-19,18,2358,2021-10-27,0
2020-10-20,15,2373,2021-10-27,0
2020-10-21,24,2397,2021-10-27,0
2020-10-22,18,2415,2021-10-27,0
2020-10-23,19,2434,2021-10-27,0
2020-10-24,8,2442,2021-10-27,0
2020-10-25,17,2459,2021-10-27,0
2020-10-26,25,2484,2021-10-27,0
2020-10-27,23,2507,2021-10-27,0
2020-10-28,29,2536,2021-10-27,0
2020-10-29,18,2554,2021-10-27,0
2020-10-30,27,2581,2021-10-27,0
2020-10-31,25,2606,2021-10-27,0
2020-11-01,21,2627,2021-10-27,0
2020-11-02,25,2652,2021-10-27,0
2020-11-03,25,2677,2021-10-27,0
2020-11-04,33,2710,2021-10-27,0
2020-11-05,38,2748,2021-10-27,0
2020-11-06,39,2787,2021-10-27,0
2020-11-07,42,2829,2021-10-27,0
2020-11-08,47,2876,2021-10-27,0
2020-11-09,36,2912,2021-10-27,0
2020-11-10,35,2947,2021-10-27,0
2020-11-11,43,2990,2021-10-27,0
2020-11-12,45,3035,2021-10-27,0
2020-11-13,40,3075,2021-10-27,0
2020-11-14,47,3122,2021-10-27,0
2020-11-15,46,3168,2021-10-27,0
2020-11-16,62,3230,2021-10-27,0
2020-11-17,56,3286,2021-10-27,0
2020-11-18,61,3347,2021-10-27,0
2020-11-19,60,3407,2021-10-27,0
2020-11-20,63,3470,2021-10-27,0
2020-11-21,58,3528,2021-10-27,0
2020-11-22,67,3595,2021-10-27,0
2020-11-23,59,3654,2021-10-27,0
2020-11-24,69,3723,2021-10-27,0
2020-11-25,72,3795,2021-10-27,0
2020-11-26,54,3849,2021-10-27,0
2020-11-27,69,3918,2021-10-27,0
2020-11-28,62,3980,2021-10-27,0
2020-11-29,68,4048,2021-10-27,0
2020-11-30,61,4109,2021-10-27,0
2020-12-01,64,4173,2021-10-27,0
2020-12-02,73,4246,2021-10-27,0
2020-12-03,86,4332,2021-10-27,0
2020-12-04,67,4399,2021-10-27,0
2020-12-05,74,4473,2021-10-27,0
2020-12-06,80,4553,2021-10-27,0
2020-12-07,75,4628,2021-10-27,0
2020-12-08,61,4689,2021-10-27,0
2020-12-09,71,4760,2021-10-27,0
2020-12-10,72,4832,2021-10-27,0
2020-12-11,71,4903,2021-10-27,0
2020-12-12,72,4975,2021-10-27,0
2020-12-13,56,5031,2021-10-27,0
2020-12-14,43,5074,2021-10-27,0
2020-12-15,65,5139,2021-10-27,0
2020-12-16,73,5212,2021-10-27,0
2020-12-17,60,5272,2021-10-27,0
2020-12-18,59,5331,2021-10-27,0
2020-12-19,56,5387,2021-10-27,0
2020-12-20,61,5448,2021-10-27,0
2020-12-21,58,5506,2021-10-27,0
2020-12-22,33,5539,2021-10-27,0
2020-12-23,46,5585,2021-10-27,0
2020-12-24,50,5635,2021-10-27,0
2020-12-25,36,5671,2021-10-27,0
2020-12-26,43,5714,2021-10-27,0
2020-12-27,41,5755,2021-10-27,0
2020-12-28,34,5789,2021-10-27,0
2020-12-29,37,5826,2021-10-27,0
2020-12-30,47,5873,2021-10-27,0
2020-12-31,36,5909,2021-10-27,0
2021-01-01,28,5937,2021-10-27,0
2021-01-02,47,5984,2021-10-27,0
2021-01-03,37,6021,2021-10-27,0
2021-01-04,32,6053,2021-10-27,0
2021-01-05,40,6093,2021-10-27,0
2021-01-06,32,6125,2021-10-27,0
2021-01-07,37,6162,2021-10-27,0
2021-01-08,32,6194,2021-10-27,0
2021-01-09,26,6220,2021-10-27,0
2021-01-10,29,6249,2021-10-27,0
2021-01-11,26,6275,2021-10-27,0
2021-01-12,32,6307,2021-10-27,0
2021-01-13,23,6330,2021-10-27,0
2021-01-14,41,6371,2021-10-27,0
2021-01-15,26,6397,2021-10-27,0
2021-01-16,30,6427,2021-10-27,0
2021-01-17,21,6448,2021-10-27,0
2021-01-18,19,6467,2021-10-27,0
2021-01-19,14,6481,2021-10-27,0
2021-01-20,26,6507,2021-10-27,0
2021-01-21,16,6523,2021-10-27,0
2021-01-22,13,6536,2021-10-27,0
2021-01-23,17,6553,2021-10-27,0
2021-01-24,24,6577,2021-10-27,0
2021-01-25,19,6596,2021-10-27,0
2021-01-26,21,6617,2021-10-27,0
2021-01-27,11,6628,2021-10-27,0
2021-01-28,12,6640,2021-10-27,0
2021-01-29,15,6655,2021-10-27,0
2021-01-30,13,6668,2021-10-27,0
2021-01-31,16,6684,2021-10-27,0
2021-02-01,17,6701,2021-10-27,0
2021-02-02,10,6711,2021-10-27,0
2021-02-03,11,6722,2021-10-27,0
2021-02-04,11,6733,2021-10-27,0
2021-02-05,12,6745,2021-10-27,0
2021-02-06,12,6757,2021-10-27,0
2021-02-07,19,6776,2021-10-27,0
2021-02-08,11,6787,2021-10-27,0
2021-02-09,15,6802,2021-10-27,0
2021-02-10,14,6816,2021-10-27,0
2021-02-11,7,6823,2021-10-27,0
2021-02-12,13,6836,2021-10-27,0
2021-02-13,8,6844,2021-10-27,0
2021-02-14,10,6854,2021-10-27,0
2021-02-15,9,6863,2021-10-27,0
2021-02-16,12,6875,2021-10-27,0
2021-02-17,10,6885,2021-10-27,0
2021-02-18,7,6892,2021-10-27,0
2021-02-19,6,6898,2021-10-27,0
2021-02-20,7,6905,2021-10-27,0
2021-02-21,4,6909,2021-10-27,0
2021-02-22,5,6914,2021-10-27,0
2021-02-23,9,6923,2021-10-27,0
2021-02-24,5,6928,2021-10-27,0
2021-02-25,5,6933,2021-10-27,0
2021-02-26,7,6940,2021-10-27,0
2021-02-27,6,6946,2021-10-27,0
2021-02-28,8,6954,2021-10-27,0
2021-03-01,7,6961,2021-10-27,0
2021-03-02,3,6964,2021-10-27,0
2021-03-03,10,6974,2021-10-27,0
2021-03-04,6,6980,2021-10-27,0
2021-03-05,10,6990,2021-10-27,0
2021-03-06,5,6995,2021-10-27,0
2021-03-07,9,7004,2021-10-27,0
2021-03-08,5,7009,2021-10-27,0
2021-03-09,7,7016,2021-10-27,0
2021-03-10,5,7021,2021-10-27,0
2021-03-11,4,7025,2021-10-27,0
2021-03-12,11,7036,2021-10-27,0
2021-03-13,5,7041,2021-10-27,0
2021-03-14,5,7046,2021-10-27,0
2021-03-15,2,7048,2021-10-27,0
2021-03-16,6,7054,2021-10-27,0
2021-03-17,4,7058,2021-10-27,0
2021-03-18,5,7063,2021-10-27,0
2021-03-19,5,7068,2021-10-27,0
2021-03-20,9,7077,2021-10-27,0
2021-03-21,5,7082,2021-10-27,0
2021-03-22,4,7086,2021-10-27,0
2021-03-23,5,7091,2021-10-27,0
2021-03-24,1,7092,2021-10-27,0
2021-03-25,5,7097,2021-10-27,0
2021-03-26,3,7100,2021-10-27,0
2021-03-27,7,7107,2021-10-27,0
2021-03-28,6,7113,2021-10-27,0
2021-03-29,5,7118,2021-10-27,0
2021-03-30,6,7124,2021-10-27,0
2021-03-31,8,7132,2021-10-27,0
2021-04-01,6,7138,2021-10-27,0
2021-04-02,9,7147,2021-10-27,0
2021-04-03,8,7155,2021-10-27,0
2021-04-04,6,7161,2021-10-27,0
2021-04-05,8,7169,2021-10-27,0
2021-04-06,6,7175,2021-10-27,0
2021-04-07,6,7181,2021-10-27,0
2021-04-08,10,7191,2021-10-27,0
2021-04-09,7,7198,2021-10-27,0
2021-04-10,7,7205,2021-10-27,0
2021-04-11,8,7213,2021-10-27,0
2021-04-12,10,7223,2021-10-27,0
2021-04-13,7,7230,2021-10-27,0
2021-04-14,8,7238,2021-10-27,0
2021-04-15,14,7252,2021-10-27,0
2021-04-16,8,7260,2021-10-27,0
2021-04-17,8,7268,2021-10-27,0
2021-04-18,8,7276,2021-10-27,0
2021-04-19,10,7286,2021-10-27,0
2021-04-20,5,7291,2021-10-27,0
2021-04-21,8,7299,2021-10-27,0
2021-04-22,2,7301,2021-10-27,0
2021-04-23,15,7316,2021-10-27,0
2021-04-24,11,7327,2021-10-27,0
2021-04-25,15,7342,2021-10-27,0
2021-04-26,15,7357,2021-10-27,0
2021-04-27,7,7364,2021-10-27,0
2021-04-28,14,7378,2021-10-27,0
2021-04-29,8,7386,2021-10-27,0
2021-04-30,11,7397,2021-10-27,0
2021-05-01,7,7404,2021-10-27,0
2021-05-02,8,7412,2021-10-27,0
2021-05-03,5,7417,2021-10-27,0
2021-05-04,13,7430,2021-10-27,0
2021-05-05,8,7438,2021-10-27,0
2021-05-06,5,7443,2021-10-27,0
2021-05-07,8,7451,2021-10-27,0
2021-05-08,7,7458,2021-10-27,0
2021-05-09,9,7467,2021-10-27,0
2021-05-10,8,7475,2021-10-27,0
2021-05-11,6,7481,2021-10-27,0
2021-05-12,9,7490,2021-10-27,0
2021-05-13,9,7499,2021-10-27,0
2021-05-14,11,7510,2021-10-27,0
2021-05-15,10,7520,2021-10-27,0
2021-05-16,6,7526,2021-10-27,0
2021-05-17,6,7532,2021-10-27,0
2021-05-18,7,7539,2021-10-27,0
2021-05-19,2,7541,2021-10-27,0
2021-05-20,5,7546,2021-10-27,0
2021-05-21,7,7553,2021-10-27,0
2021-05-22,11,7564,2021-10-27,0
2021-05-23,5,7569,2021-10-27,0
2021-05-24,5,7574,2021-10-27,0
2021-05-25,6,7580,2021-10-27,0
2021-05-26,3,7583,2021-10-27,0
2021-05-27,7,7590,2021-10-27,0
2021-05-28,2,7592,2021-10-27,0
2021-05-29,6,7598,2021-10-27,0
2021-05-30,4,7602,2021-10-27,0
2021-05-31,3,7605,2021-10-27,0
2021-06-01,5,7610,2021-10-27,0
2021-06-02,8,7618,2021-10-27,0
2021-06-03,4,7622,2021-10-27,0
2021-06-04,4,7626,2021-10-27,0
2021-06-05,2,7628,2021-10-27,0
2021-06-06,5,7633,2021-10-27,0
2021-06-07,3,7636,2021-10-27,0
2021-06-08,5,7641,2021-10-27,0
2021-06-09,4,7645,2021-10-27,0
2021-06-10,6,7651,2021-10-27,0
2021-06-11,6,7657,2021-10-27,0
2021-06-12,4,7661,2021-10-27,0
2021-06-13,4,7665,2021-10-27,0
2021-06-14,3,7668,2021-10-27,0
2021-06-15,2,7670,2021-10-27,0
2021-06-16,2,7672,2021-10-27,0
2021-06-17,4,7676,2021-10-27,0
2021-06-18,1,7677,2021-10-27,0
2021-06-19,6,7683,2021-10-27,0
2021-06-20,1,7684,2021-10-27,0
2021-06-21,5,7689,2021-10-27,0
2021-06-22,3,7692,2021-10-27,0
2021-06-23,4,7696,2021-10-27,0
2021-06-24,3,7699,2021-10-27,0
2021-06-25,3,7702,2021-10-27,0
2021-06-26,4,7706,2021-10-27,0
2021-06-27,2,7708,2021-10-27,0
2021-06-28,2,7710,2021-10-27,0
2021-06-29,2,7712,2021-10-27,0
2021-06-30,2,7714,2021-10-27,0
2021-07-01,0,7714,2021-10-27,0
2021-07-02,2,7716,2021-10-27,0
2021-07-03,2,7718,2021-10-27,0
2021-07-04,3,7721,2021-10-27,0
2021-07-05,1,7722,2021-10-27,0
2021-07-06,4,7726,2021-10-27,0
2021-07-07,1,7727,2021-10-27,0
2021-07-08,1,7728,2021-10-27,0
2021-07-09,0,7728,2021-10-27,0
2021-07-10,1,7729,2021-10-27,0
2021-07-11,3,7732,2021-10-27,0
2021-07-12,1,7733,2021-10-27,0
2021-07-13,2,7735,2021-10-27,0
2021-07-14,2,7737,2021-10-27,0
2021-07-15,2,7739,2021-10-27,0
2021-07-16,1,7740,2021-10-27,0
2021-07-17,1,7741,2021-10-27,0
2021-07-18,0,7741,2021-10-27,0
2021-07-19,0,7741,2021-10-27,0
2021-07-20,2,7743,2021-10-27,0
2021-07-21,2,7745,2021-10-27,0
2021-07-22,2,7747,2021-10-27,0
2021-07-23,3,7750,2021-10-27,0
2021-07-24,0,7750,2021-10-27,0
2021-07-25,2,7752,2021-10-27,0
2021-07-26,1,7753,2021-10-27,0
2021-07-27,2,7755,2021-10-27,0
2021-07-28,3,7758,2021-10-27,0
2021-07-29,2,7760,2021-10-27,0
2021-07-30,5,7765,2021-10-27,0
2021-07-31,4,7769,2021-10-27,0
2021-08-01,1,7770,2021-10-27,0
2021-08-02,3,7773,2021-10-27,0
2021-08-03,2,7775,2021-10-27,0
2021-08-04,3,7778,2021-10-27,0
2021-08-05,2,7780,2021-10-27,0
2021-08-06,7,7787,2021-10-27,0
2021-08-07,3,7790,2021-10-27,0
2021-08-08,2,7792,2021-10-27,0
2021-08-09,3,7795,2021-10-27,0
2021-08-10,2,7797,2021-10-27,0
2021-08-11,2,7799,2021-10-27,0
2021-08-12,7,7806,2021-10-27,0
2021-08-13,5,7811,2021-10-27,0
2021-08-14,6,7817,2021-10-27,0
2021-08-15,0,7817,2021-10-27,0
2021-08-16,7,7824,2021-10-27,0
2021-08-17,7,7831,2021-10-27,0
2021-08-18,9,7840,2021-10-27,0
2021-08-19,2,7842,2021-10-27,0
2021-08-20,3,7845,2021-10-27,0
2021-08-21,5,7850,2021-10-27,0
2021-08-22,7,7857,2021-10-27,0
2021-08-23,5,7862,2021-10-27,0
2021-08-24,12,7874,2021-10-27,0
2021-08-25,7,7881,2021-10-27,0
2021-08-26,2,7883,2021-10-27,0
2021-08-27,6,7889,2021-10-27,0
2021-08-28,11,7900,2021-10-27,1
2021-08-29,11,7911,2021-10-27,0
2021-08-30,8,7919,2021-10-27,0
2021-08-31,6,7925,2021-10-27,0
2021-09-01,6,7931,2021-10-27,0
2021-09-02,6,7937,2021-10-27,0
2021-09-03,9,7946,2021-10-27,0
2021-09-04,9,7955,2021-10-27,0
2021-09-05,10,7965,2021-10-27,0
2021-09-06,7,7972,2021-10-27,0
2021-09-07,7,7979,2021-10-27,0
2021-09-08,10,7989,2021-10-27,0
2021-09-09,5,7994,2021-10-27,0
2021-09-10,9,8003,2021-10-27,0
2021-09-11,17,8020,2021-10-27,0
2021-09-12,10,8030,2021-10-27,0
2021-09-13,7,8037,2021-10-27,0
2021-09-14,11,8048,2021-10-27,0
2021-09-15,14,8062,2021-10-27,0
2021-09-16,16,8078,2021-10-27,0
2021-09-17,8,8086,2021-10-27,0
2021-09-18,13,8099,2021-10-27,1
2021-09-19,11,8110,2021-10-27,0
2021-09-20,15,8125,2021-10-27,0
2021-09-21,15,8140,2021-10-27,0
2021-09-22,16,8156,2021-10-27,0
2021-09-23,12,8168,2021-10-27,0
2021-09-24,12,8180,2021-10-27,0
2021-09-25,16,8196,2021-10-27,0
2021-09-26,13,8209,2021-10-27,0
2021-09-27,15,8224,2021-10-27,0
2021-09-28,9,8233,2021-10-27,0
2021-09-29,19,8252,2021-10-27,0
2021-09-30,17,8269,2021-10-27,0
2021-10-01,13,8282,2021-10-27,0
2021-10-02,13,8295,2021-10-27,0
2021-10-03,23,8318,2021-10-27,0
2021-10-04,13,8331,2021-10-27,0
2021-10-05,23,8354,2021-10-27,0
2021-10-06,20,8374,2021-10-27,0
2021-10-07,12,8386,2021-10-27,0
2021-10-08,21,8407,2021-10-27,0
2021-10-09,20,8427,2021-10-27,0
2021-10-10,10,8437,2021-10-27,0
2021-10-11,10,8447,2021-10-27,0
2021-10-12,23,8470,2021-10-27,1
2021-10-13,19,8489,2021-10-27,0
2021-10-14,19,8508,2021-10-27,0
2021-10-15,13,8521,2021-10-27,0
2021-10-16,18,8539,2021-10-27,0
2021-10-17,14,8553,2021-10-27,0
2021-10-18,13,8566,2021-10-27,2
2021-10-19,17,8583,2021-10-27,5
2021-10-20,8,8591,2021-10-27,5
2021-10-21,5,8596,2021-10-27,1
2021-10-22,7,8603,2021-10-27,6
2021-10-23,3,8606,2021-10-27,3
2021-10-24,6,8612,2021-10-27,6
NA,0,8612,2021-10-27,0
2020-03-19,1,1,2021-10-28,0
2020-03-20,0,1,2021-10-28,0
2020-03-21,0,1,2021-10-28,0
2020-03-22,0,1,2021-10-28,0
2020-03-23,0,1,2021-10-28,0
2020-03-24,1,2,2021-10-28,0
2020-03-25,1,3,2021-10-28,0
2020-03-26,1,4,2021-10-28,0
2020-03-27,5,9,2021-10-28,0
2020-03-28,3,12,2021-10-28,0
2020-03-29,0,12,2021-10-28,0
2020-03-30,5,17,2021-10-28,0
2020-03-31,2,19,2021-10-28,0
2020-04-01,5,24,2021-10-28,0
2020-04-02,3,27,2021-10-28,0
2020-04-03,1,28,2021-10-28,0
2020-04-04,5,33,2021-10-28,0
2020-04-05,5,38,2021-10-28,0
2020-04-06,10,48,2021-10-28,0
2020-04-07,6,54,2021-10-28,0
2020-04-08,7,61,2021-10-28,0
2020-04-09,8,69,2021-10-28,0
2020-04-10,6,75,2021-10-28,0
2020-04-11,4,79,2021-10-28,0
2020-04-12,4,83,2021-10-28,0
2020-04-13,10,93,2021-10-28,0
2020-04-14,6,99,2021-10-28,0
2020-04-15,17,116,2021-10-28,0
2020-04-16,10,126,2021-10-28,0
2020-04-17,17,143,2021-10-28,0
2020-04-18,17,160,2021-10-28,0
2020-04-19,16,176,2021-10-28,0
2020-04-20,21,197,2021-10-28,0
2020-04-21,26,223,2021-10-28,0
2020-04-22,21,244,2021-10-28,0
2020-04-23,19,263,2021-10-28,0
2020-04-24,23,286,2021-10-28,0
2020-04-25,18,304,2021-10-28,0
2020-04-26,17,321,2021-10-28,0
2020-04-27,21,342,2021-10-28,0
2020-04-28,16,358,2021-10-28,0
2020-04-29,29,387,2021-10-28,0
2020-04-30,18,405,2021-10-28,0
2020-05-01,30,435,2021-10-28,0
2020-05-02,19,454,2021-10-28,0
2020-05-03,29,483,2021-10-28,0
2020-05-04,23,506,2021-10-28,0
2020-05-05,19,525,2021-10-28,0
2020-05-06,25,550,2021-10-28,0
2020-05-07,30,580,2021-10-28,0
2020-05-08,20,600,2021-10-28,0
2020-05-09,26,626,2021-10-28,0
2020-05-10,19,645,2021-10-28,0
2020-05-11,25,670,2021-10-28,0
2020-05-12,20,690,2021-10-28,0
2020-05-13,22,712,2021-10-28,0
2020-05-14,20,732,2021-10-28,0
2020-05-15,20,752,2021-10-28,0
2020-05-16,20,772,2021-10-28,0
2020-05-17,23,795,2021-10-28,0
2020-05-18,18,813,2021-10-28,0
2020-05-19,35,848,2021-10-28,0
2020-05-20,24,872,2021-10-28,0
2020-05-21,17,889,2021-10-28,0
2020-05-22,20,909,2021-10-28,0
2020-05-23,26,935,2021-10-28,0
2020-05-24,25,960,2021-10-28,0
2020-05-25,30,990,2021-10-28,0
2020-05-26,29,1019,2021-10-28,0
2020-05-27,25,1044,2021-10-28,0
2020-05-28,21,1065,2021-10-28,0
2020-05-29,17,1082,2021-10-28,0
2020-05-30,11,1093,2021-10-28,0
2020-05-31,20,1113,2021-10-28,0
2020-06-01,23,1136,2021-10-28,0
2020-06-02,21,1157,2021-10-28,0
2020-06-03,25,1182,2021-10-28,0
2020-06-04,26,1208,2021-10-28,0
2020-06-05,18,1226,2021-10-28,0
2020-06-06,12,1238,2021-10-28,0
2020-06-07,22,1260,2021-10-28,0
2020-06-08,12,1272,2021-10-28,0
2020-06-09,13,1285,2021-10-28,0
2020-06-10,10,1295,2021-10-28,0
2020-06-11,12,1307,2021-10-28,0
2020-06-12,11,1318,2021-10-28,0
2020-06-13,13,1331,2021-10-28,0
2020-06-14,11,1342,2021-10-28,0
2020-06-15,8,1350,2021-10-28,0
2020-06-16,9,1359,2021-10-28,0
2020-06-17,17,1376,2021-10-28,0
2020-06-18,9,1385,2021-10-28,0
2020-06-19,8,1393,2021-10-28,0
2020-06-20,12,1405,2021-10-28,0
2020-06-21,11,1416,2021-10-28,0
2020-06-22,6,1422,2021-10-28,0
2020-06-23,10,1432,2021-10-28,0
2020-06-24,1,1433,2021-10-28,0
2020-06-25,9,1442,2021-10-28,0
2020-06-26,6,1448,2021-10-28,0
2020-06-27,5,1453,2021-10-28,0
2020-06-28,11,1464,2021-10-28,0
2020-06-29,7,1471,2021-10-28,0
2020-06-30,9,1480,2021-10-28,0
2020-07-01,2,1482,2021-10-28,0
2020-07-02,3,1485,2021-10-28,0
2020-07-03,5,1490,2021-10-28,0
2020-07-04,4,1494,2021-10-28,0
2020-07-05,6,1500,2021-10-28,0
2020-07-06,4,1504,2021-10-28,0
2020-07-07,2,1506,2021-10-28,0
2020-07-08,9,1515,2021-10-28,0
2020-07-09,4,1519,2021-10-28,0
2020-07-10,3,1522,2021-10-28,0
2020-07-11,4,1526,2021-10-28,0
2020-07-12,6,1532,2021-10-28,0
2020-07-13,2,1534,2021-10-28,0
2020-07-14,6,1540,2021-10-28,0
2020-07-15,7,1547,2021-10-28,0
2020-07-16,3,1550,2021-10-28,0
2020-07-17,7,1557,2021-10-28,0
2020-07-18,6,1563,2021-10-28,0
2020-07-19,5,1568,2021-10-28,0
2020-07-20,3,1571,2021-10-28,0
2020-07-21,6,1577,2021-10-28,0
2020-07-22,5,1582,2021-10-28,0
2020-07-23,8,1590,2021-10-28,0
2020-07-24,6,1596,2021-10-28,0
2020-07-25,2,1598,2021-10-28,0
2020-07-26,5,1603,2021-10-28,0
2020-07-27,5,1608,2021-10-28,0
2020-07-28,7,1615,2021-10-28,0
2020-07-29,3,1618,2021-10-28,0
2020-07-30,6,1624,2021-10-28,0
2020-07-31,9,1633,2021-10-28,0
2020-08-01,4,1637,2021-10-28,0
2020-08-02,7,1644,2021-10-28,0
2020-08-03,4,1648,2021-10-28,0
2020-08-04,7,1655,2021-10-28,0
2020-08-05,8,1663,2021-10-28,0
2020-08-06,9,1672,2021-10-28,0
2020-08-07,7,1679,2021-10-28,0
2020-08-08,6,1685,2021-10-28,0
2020-08-09,10,1695,2021-10-28,0
2020-08-10,3,1698,2021-10-28,0
2020-08-11,9,1707,2021-10-28,0
2020-08-12,7,1714,2021-10-28,0
2020-08-13,5,1719,2021-10-28,0
2020-08-14,9,1728,2021-10-28,0
2020-08-15,13,1741,2021-10-28,0
2020-08-16,13,1754,2021-10-28,0
2020-08-17,6,1760,2021-10-28,0
2020-08-18,11,1771,2021-10-28,0
2020-08-19,3,1774,2021-10-28,0
2020-08-20,10,1784,2021-10-28,0
2020-08-21,12,1796,2021-10-28,0
2020-08-22,9,1805,2021-10-28,0
2020-08-23,7,1812,2021-10-28,0
2020-08-24,9,1821,2021-10-28,0
2020-08-25,4,1825,2021-10-28,0
2020-08-26,3,1828,2021-10-28,0
2020-08-27,7,1835,2021-10-28,0
2020-08-28,6,1841,2021-10-28,0
2020-08-29,3,1844,2021-10-28,0
2020-08-30,5,1849,2021-10-28,0
2020-08-31,9,1858,2021-10-28,0
2020-09-01,2,1860,2021-10-28,0
2020-09-02,7,1867,2021-10-28,0
2020-09-03,12,1879,2021-10-28,0
2020-09-04,4,1883,2021-10-28,0
2020-09-05,6,1889,2021-10-28,0
2020-09-06,12,1901,2021-10-28,0
2020-09-07,3,1904,2021-10-28,0
2020-09-08,6,1910,2021-10-28,0
2020-09-09,10,1920,2021-10-28,0
2020-09-10,9,1929,2021-10-28,0
2020-09-11,11,1940,2021-10-28,0
2020-09-12,8,1948,2021-10-28,0
2020-09-13,8,1956,2021-10-28,0
2020-09-14,2,1958,2021-10-28,0
2020-09-15,7,1965,2021-10-28,0
2020-09-16,9,1974,2021-10-28,0
2020-09-17,5,1979,2021-10-28,0
2020-09-18,6,1985,2021-10-28,0
2020-09-19,4,1989,2021-10-28,0
2020-09-20,9,1998,2021-10-28,0
2020-09-21,7,2005,2021-10-28,0
2020-09-22,8,2013,2021-10-28,0
2020-09-23,9,2022,2021-10-28,0
2020-09-24,8,2030,2021-10-28,0
2020-09-25,11,2041,2021-10-28,0
2020-09-26,9,2050,2021-10-28,0
2020-09-27,14,2064,2021-10-28,0
2020-09-28,11,2075,2021-10-28,0
2020-09-29,5,2080,2021-10-28,0
2020-09-30,16,2096,2021-10-28,0
2020-10-01,7,2103,2021-10-28,0
2020-10-02,13,2116,2021-10-28,0
2020-10-03,9,2125,2021-10-28,0
2020-10-04,7,2132,2021-10-28,0
2020-10-05,10,2142,2021-10-28,0
2020-10-06,13,2155,2021-10-28,0
2020-10-07,19,2174,2021-10-28,0
2020-10-08,9,2183,2021-10-28,0
2020-10-09,17,2200,2021-10-28,0
2020-10-10,16,2216,2021-10-28,0
2020-10-11,16,2232,2021-10-28,0
2020-10-12,20,2252,2021-10-28,0
2020-10-13,14,2266,2021-10-28,0
2020-10-14,10,2276,2021-10-28,0
2020-10-15,9,2285,2021-10-28,0
2020-10-16,12,2297,2021-10-28,0
2020-10-17,18,2315,2021-10-28,0
2020-10-18,25,2340,2021-10-28,0
2020-10-19,18,2358,2021-10-28,0
2020-10-20,15,2373,2021-10-28,0
2020-10-21,24,2397,2021-10-28,0
2020-10-22,18,2415,2021-10-28,0
2020-10-23,19,2434,2021-10-28,0
2020-10-24,8,2442,2021-10-28,0
2020-10-25,17,2459,2021-10-28,0
2020-10-26,25,2484,2021-10-28,0
2020-10-27,23,2507,2021-10-28,0
2020-10-28,29,2536,2021-10-28,0
2020-10-29,18,2554,2021-10-28,0
2020-10-30,27,2581,2021-10-28,0
2020-10-31,25,2606,2021-10-28,0
2020-11-01,21,2627,2021-10-28,0
2020-11-02,25,2652,2021-10-28,0
2020-11-03,25,2677,2021-10-28,0
2020-11-04,33,2710,2021-10-28,0
2020-11-05,38,2748,2021-10-28,0
2020-11-06,39,2787,2021-10-28,0
2020-11-07,42,2829,2021-10-28,0
2020-11-08,47,2876,2021-10-28,0
2020-11-09,36,2912,2021-10-28,0
2020-11-10,35,2947,2021-10-28,0
2020-11-11,43,2990,2021-10-28,0
2020-11-12,45,3035,2021-10-28,0
2020-11-13,40,3075,2021-10-28,0
2020-11-14,47,3122,2021-10-28,0
2020-11-15,46,3168,2021-10-28,0
2020-11-16,62,3230,2021-10-28,0
2020-11-17,56,3286,2021-10-28,0
2020-11-18,61,3347,2021-10-28,0
2020-11-19,60,3407,2021-10-28,0
2020-11-20,63,3470,2021-10-28,0
2020-11-21,58,3528,2021-10-28,0
2020-11-22,67,3595,2021-10-28,0
2020-11-23,59,3654,2021-10-28,0
2020-11-24,69,3723,2021-10-28,0
2020-11-25,72,3795,2021-10-28,0
2020-11-26,54,3849,2021-10-28,0
2020-11-27,69,3918,2021-10-28,0
2020-11-28,62,3980,2021-10-28,0
2020-11-29,68,4048,2021-10-28,0
2020-11-30,61,4109,2021-10-28,0
2020-12-01,64,4173,2021-10-28,0
2020-12-02,73,4246,2021-10-28,0
2020-12-03,86,4332,2021-10-28,0
2020-12-04,67,4399,2021-10-28,0
2020-12-05,74,4473,2021-10-28,0
2020-12-06,80,4553,2021-10-28,0
2020-12-07,75,4628,2021-10-28,0
2020-12-08,61,4689,2021-10-28,0
2020-12-09,71,4760,2021-10-28,0
2020-12-10,72,4832,2021-10-28,0
2020-12-11,71,4903,2021-10-28,0
2020-12-12,72,4975,2021-10-28,0
2020-12-13,56,5031,2021-10-28,0
2020-12-14,43,5074,2021-10-28,0
2020-12-15,65,5139,2021-10-28,0
2020-12-16,73,5212,2021-10-28,0
2020-12-17,60,5272,2021-10-28,0
2020-12-18,59,5331,2021-10-28,0
2020-12-19,56,5387,2021-10-28,0
2020-12-20,61,5448,2021-10-28,0
2020-12-21,58,5506,2021-10-28,0
2020-12-22,33,5539,2021-10-28,0
2020-12-23,46,5585,2021-10-28,0
2020-12-24,50,5635,2021-10-28,0
2020-12-25,36,5671,2021-10-28,0
2020-12-26,43,5714,2021-10-28,0
2020-12-27,41,5755,2021-10-28,0
2020-12-28,34,5789,2021-10-28,0
2020-12-29,37,5826,2021-10-28,0
2020-12-30,47,5873,2021-10-28,0
2020-12-31,36,5909,2021-10-28,0
2021-01-01,28,5937,2021-10-28,0
2021-01-02,47,5984,2021-10-28,0
2021-01-03,37,6021,2021-10-28,0
2021-01-04,32,6053,2021-10-28,0
2021-01-05,40,6093,2021-10-28,0
2021-01-06,32,6125,2021-10-28,0
2021-01-07,37,6162,2021-10-28,0
2021-01-08,32,6194,2021-10-28,0
2021-01-09,26,6220,2021-10-28,0
2021-01-10,29,6249,2021-10-28,0
2021-01-11,26,6275,2021-10-28,0
2021-01-12,32,6307,2021-10-28,0
2021-01-13,23,6330,2021-10-28,0
2021-01-14,41,6371,2021-10-28,0
2021-01-15,26,6397,2021-10-28,0
2021-01-16,30,6427,2021-10-28,0
2021-01-17,21,6448,2021-10-28,0
2021-01-18,19,6467,2021-10-28,0
2021-01-19,14,6481,2021-10-28,0
2021-01-20,26,6507,2021-10-28,0
2021-01-21,16,6523,2021-10-28,0
2021-01-22,13,6536,2021-10-28,0
2021-01-23,17,6553,2021-10-28,0
2021-01-24,24,6577,2021-10-28,0
2021-01-25,19,6596,2021-10-28,0
2021-01-26,21,6617,2021-10-28,0
2021-01-27,11,6628,2021-10-28,0
2021-01-28,12,6640,2021-10-28,0
2021-01-29,15,6655,2021-10-28,0
2021-01-30,13,6668,2021-10-28,0
2021-01-31,16,6684,2021-10-28,0
2021-02-01,17,6701,2021-10-28,0
2021-02-02,10,6711,2021-10-28,0
2021-02-03,11,6722,2021-10-28,0
2021-02-04,11,6733,2021-10-28,0
2021-02-05,12,6745,2021-10-28,0
2021-02-06,12,6757,2021-10-28,0
2021-02-07,19,6776,2021-10-28,0
2021-02-08,11,6787,2021-10-28,0
2021-02-09,15,6802,2021-10-28,0
2021-02-10,14,6816,2021-10-28,0
2021-02-11,7,6823,2021-10-28,0
2021-02-12,13,6836,2021-10-28,0
2021-02-13,8,6844,2021-10-28,0
2021-02-14,10,6854,2021-10-28,0
2021-02-15,9,6863,2021-10-28,0
2021-02-16,12,6875,2021-10-28,0
2021-02-17,10,6885,2021-10-28,0
2021-02-18,7,6892,2021-10-28,0
2021-02-19,6,6898,2021-10-28,0
2021-02-20,7,6905,2021-10-28,0
2021-02-21,4,6909,2021-10-28,0
2021-02-22,5,6914,2021-10-28,0
2021-02-23,9,6923,2021-10-28,0
2021-02-24,5,6928,2021-10-28,0
2021-02-25,5,6933,2021-10-28,0
2021-02-26,7,6940,2021-10-28,0
2021-02-27,6,6946,2021-10-28,0
2021-02-28,8,6954,2021-10-28,0
2021-03-01,7,6961,2021-10-28,0
2021-03-02,3,6964,2021-10-28,0
2021-03-03,10,6974,2021-10-28,0
2021-03-04,6,6980,2021-10-28,0
2021-03-05,10,6990,2021-10-28,0
2021-03-06,5,6995,2021-10-28,0
2021-03-07,9,7004,2021-10-28,0
2021-03-08,5,7009,2021-10-28,0
2021-03-09,7,7016,2021-10-28,0
2021-03-10,5,7021,2021-10-28,0
2021-03-11,4,7025,2021-10-28,0
2021-03-12,11,7036,2021-10-28,0
2021-03-13,5,7041,2021-10-28,0
2021-03-14,5,7046,2021-10-28,0
2021-03-15,2,7048,2021-10-28,0
2021-03-16,6,7054,2021-10-28,0
2021-03-17,4,7058,2021-10-28,0
2021-03-18,5,7063,2021-10-28,0
2021-03-19,5,7068,2021-10-28,0
2021-03-20,9,7077,2021-10-28,0
2021-03-21,5,7082,2021-10-28,0
2021-03-22,4,7086,2021-10-28,0
2021-03-23,5,7091,2021-10-28,0
2021-03-24,1,7092,2021-10-28,0
2021-03-25,5,7097,2021-10-28,0
2021-03-26,3,7100,2021-10-28,0
2021-03-27,7,7107,2021-10-28,0
2021-03-28,6,7113,2021-10-28,0
2021-03-29,5,7118,2021-10-28,0
2021-03-30,6,7124,2021-10-28,0
2021-03-31,8,7132,2021-10-28,0
2021-04-01,6,7138,2021-10-28,0
2021-04-02,9,7147,2021-10-28,0
2021-04-03,8,7155,2021-10-28,0
2021-04-04,6,7161,2021-10-28,0
2021-04-05,8,7169,2021-10-28,0
2021-04-06,6,7175,2021-10-28,0
2021-04-07,6,7181,2021-10-28,0
2021-04-08,10,7191,2021-10-28,0
2021-04-09,7,7198,2021-10-28,0
2021-04-10,7,7205,2021-10-28,0
2021-04-11,8,7213,2021-10-28,0
2021-04-12,10,7223,2021-10-28,0
2021-04-13,7,7230,2021-10-28,0
2021-04-14,8,7238,2021-10-28,0
2021-04-15,14,7252,2021-10-28,0
2021-04-16,8,7260,2021-10-28,0
2021-04-17,8,7268,2021-10-28,0
2021-04-18,8,7276,2021-10-28,0
2021-04-19,10,7286,2021-10-28,0
2021-04-20,5,7291,2021-10-28,0
2021-04-21,8,7299,2021-10-28,0
2021-04-22,2,7301,2021-10-28,0
2021-04-23,15,7316,2021-10-28,0
2021-04-24,11,7327,2021-10-28,0
2021-04-25,15,7342,2021-10-28,0
2021-04-26,15,7357,2021-10-28,0
2021-04-27,7,7364,2021-10-28,0
2021-04-28,14,7378,2021-10-28,0
2021-04-29,8,7386,2021-10-28,0
2021-04-30,11,7397,2021-10-28,0
2021-05-01,7,7404,2021-10-28,0
2021-05-02,8,7412,2021-10-28,0
2021-05-03,5,7417,2021-10-28,0
2021-05-04,13,7430,2021-10-28,0
2021-05-05,8,7438,2021-10-28,0
2021-05-06,5,7443,2021-10-28,0
2021-05-07,8,7451,2021-10-28,0
2021-05-08,7,7458,2021-10-28,0
2021-05-09,9,7467,2021-10-28,0
2021-05-10,8,7475,2021-10-28,0
2021-05-11,6,7481,2021-10-28,0
2021-05-12,9,7490,2021-10-28,0
2021-05-13,9,7499,2021-10-28,0
2021-05-14,11,7510,2021-10-28,0
2021-05-15,10,7520,2021-10-28,0
2021-05-16,6,7526,2021-10-28,0
2021-05-17,6,7532,2021-10-28,0
2021-05-18,7,7539,2021-10-28,0
2021-05-19,2,7541,2021-10-28,0
2021-05-20,5,7546,2021-10-28,0
2021-05-21,7,7553,2021-10-28,0
2021-05-22,11,7564,2021-10-28,0
2021-05-23,5,7569,2021-10-28,0
2021-05-24,5,7574,2021-10-28,0
2021-05-25,6,7580,2021-10-28,0
2021-05-26,3,7583,2021-10-28,0
2021-05-27,7,7590,2021-10-28,0
2021-05-28,2,7592,2021-10-28,0
2021-05-29,6,7598,2021-10-28,0
2021-05-30,4,7602,2021-10-28,0
2021-05-31,3,7605,2021-10-28,0
2021-06-01,5,7610,2021-10-28,0
2021-06-02,8,7618,2021-10-28,0
2021-06-03,4,7622,2021-10-28,0
2021-06-04,4,7626,2021-10-28,0
2021-06-05,2,7628,2021-10-28,0
2021-06-06,5,7633,2021-10-28,0
2021-06-07,3,7636,2021-10-28,0
2021-06-08,5,7641,2021-10-28,0
2021-06-09,4,7645,2021-10-28,0
2021-06-10,6,7651,2021-10-28,0
2021-06-11,6,7657,2021-10-28,0
2021-06-12,4,7661,2021-10-28,0
2021-06-13,4,7665,2021-10-28,0
2021-06-14,3,7668,2021-10-28,0
2021-06-15,2,7670,2021-10-28,0
2021-06-16,2,7672,2021-10-28,0
2021-06-17,4,7676,2021-10-28,0
2021-06-18,1,7677,2021-10-28,0
2021-06-19,6,7683,2021-10-28,0
2021-06-20,1,7684,2021-10-28,0
2021-06-21,5,7689,2021-10-28,0
2021-06-22,3,7692,2021-10-28,0
2021-06-23,4,7696,2021-10-28,0
2021-06-24,3,7699,2021-10-28,0
2021-06-25,3,7702,2021-10-28,0
2021-06-26,4,7706,2021-10-28,0
2021-06-27,2,7708,2021-10-28,0
2021-06-28,2,7710,2021-10-28,0
2021-06-29,2,7712,2021-10-28,0
2021-06-30,2,7714,2021-10-28,0
2021-07-01,0,7714,2021-10-28,0
2021-07-02,2,7716,2021-10-28,0
2021-07-03,2,7718,2021-10-28,0
2021-07-04,3,7721,2021-10-28,0
2021-07-05,1,7722,2021-10-28,0
2021-07-06,4,7726,2021-10-28,0
2021-07-07,1,7727,2021-10-28,0
2021-07-08,1,7728,2021-10-28,0
2021-07-09,0,7728,2021-10-28,0
2021-07-10,1,7729,2021-10-28,0
2021-07-11,3,7732,2021-10-28,0
2021-07-12,1,7733,2021-10-28,0
2021-07-13,2,7735,2021-10-28,0
2021-07-14,2,7737,2021-10-28,0
2021-07-15,2,7739,2021-10-28,0
2021-07-16,1,7740,2021-10-28,0
2021-07-17,1,7741,2021-10-28,0
2021-07-18,0,7741,2021-10-28,0
2021-07-19,0,7741,2021-10-28,0
2021-07-20,2,7743,2021-10-28,0
2021-07-21,2,7745,2021-10-28,0
2021-07-22,2,7747,2021-10-28,0
2021-07-23,3,7750,2021-10-28,0
2021-07-24,0,7750,2021-10-28,0
2021-07-25,2,7752,2021-10-28,0
2021-07-26,1,7753,2021-10-28,0
2021-07-27,2,7755,2021-10-28,0
2021-07-28,3,7758,2021-10-28,0
2021-07-29,2,7760,2021-10-28,0
2021-07-30,5,7765,2021-10-28,0
2021-07-31,4,7769,2021-10-28,0
2021-08-01,1,7770,2021-10-28,0
2021-08-02,3,7773,2021-10-28,0
2021-08-03,2,7775,2021-10-28,0
2021-08-04,3,7778,2021-10-28,0
2021-08-05,2,7780,2021-10-28,0
2021-08-06,7,7787,2021-10-28,0
2021-08-07,3,7790,2021-10-28,0
2021-08-08,2,7792,2021-10-28,0
2021-08-09,3,7795,2021-10-28,0
2021-08-10,2,7797,2021-10-28,0
2021-08-11,2,7799,2021-10-28,0
2021-08-12,7,7806,2021-10-28,0
2021-08-13,5,7811,2021-10-28,0
2021-08-14,6,7817,2021-10-28,0
2021-08-15,0,7817,2021-10-28,0
2021-08-16,7,7824,2021-10-28,0
2021-08-17,7,7831,2021-10-28,0
2021-08-18,9,7840,2021-10-28,0
2021-08-19,2,7842,2021-10-28,0
2021-08-20,3,7845,2021-10-28,0
2021-08-21,5,7850,2021-10-28,0
2021-08-22,7,7857,2021-10-28,0
2021-08-23,5,7862,2021-10-28,0
2021-08-24,12,7874,2021-10-28,0
2021-08-25,7,7881,2021-10-28,0
2021-08-26,2,7883,2021-10-28,0
2021-08-27,6,7889,2021-10-28,0
2021-08-28,11,7900,2021-10-28,0
2021-08-29,11,7911,2021-10-28,0
2021-08-30,8,7919,2021-10-28,0
2021-08-31,6,7925,2021-10-28,0
2021-09-01,6,7931,2021-10-28,0
2021-09-02,6,7937,2021-10-28,0
2021-09-03,9,7946,2021-10-28,0
2021-09-04,9,7955,2021-10-28,0
2021-09-05,10,7965,2021-10-28,0
2021-09-06,7,7972,2021-10-28,0
2021-09-07,7,7979,2021-10-28,0
2021-09-08,10,7989,2021-10-28,0
2021-09-09,5,7994,2021-10-28,0
2021-09-10,9,8003,2021-10-28,0
2021-09-11,17,8020,2021-10-28,0
2021-09-12,10,8030,2021-10-28,0
2021-09-13,7,8037,2021-10-28,0
2021-09-14,11,8048,2021-10-28,0
2021-09-15,14,8062,2021-10-28,0
2021-09-16,16,8078,2021-10-28,0
2021-09-17,8,8086,2021-10-28,0
2021-09-18,13,8099,2021-10-28,0
2021-09-19,11,8110,2021-10-28,0
2021-09-20,15,8125,2021-10-28,0
2021-09-21,15,8140,2021-10-28,0
2021-09-22,16,8156,2021-10-28,0
2021-09-23,12,8168,2021-10-28,0
2021-09-24,12,8180,2021-10-28,0
2021-09-25,16,8196,2021-10-28,0
2021-09-26,13,8209,2021-10-28,0
2021-09-27,15,8224,2021-10-28,0
2021-09-28,9,8233,2021-10-28,0
2021-09-29,19,8252,2021-10-28,0
2021-09-30,17,8269,2021-10-28,0
2021-10-01,13,8282,2021-10-28,0
2021-10-02,13,8295,2021-10-28,0
2021-10-03,23,8318,2021-10-28,0
2021-10-04,13,8331,2021-10-28,0
2021-10-05,23,8354,2021-10-28,0
2021-10-06,20,8374,2021-10-28,0
2021-10-07,12,8386,2021-10-28,0
2021-10-08,21,8407,2021-10-28,0
2021-10-09,20,8427,2021-10-28,0
2021-10-10,10,8437,2021-10-28,0
2021-10-11,10,8447,2021-10-28,0
2021-10-12,23,8470,2021-10-28,0
2021-10-13,19,8489,2021-10-28,0
2021-10-14,19,8508,2021-10-28,0
2021-10-15,13,8521,2021-10-28,0
2021-10-16,19,8540,2021-10-28,1
2021-10-17,14,8554,2021-10-28,0
2021-10-18,15,8569,2021-10-28,2
2021-10-19,19,8588,2021-10-28,2
2021-10-20,11,8599,2021-10-28,3
2021-10-21,6,8605,2021-10-28,1
2021-10-22,15,8620,2021-10-28,8
2021-10-23,12,8632,2021-10-28,9
2021-10-24,14,8646,2021-10-28,8
2021-10-25,5,8651,2021-10-28,5
2021-10-26,2,8653,2021-10-28,2
NA,0,8653,2021-10-28,0
2020-03-19,1,1,2021-10-29,0
2020-03-20,0,1,2021-10-29,0
2020-03-21,0,1,2021-10-29,0
2020-03-22,0,1,2021-10-29,0
2020-03-23,0,1,2021-10-29,0
2020-03-24,1,2,2021-10-29,0
2020-03-25,1,3,2021-10-29,0
2020-03-26,1,4,2021-10-29,0
2020-03-27,5,9,2021-10-29,0
2020-03-28,3,12,2021-10-29,0
2020-03-29,0,12,2021-10-29,0
2020-03-30,5,17,2021-10-29,0
2020-03-31,2,19,2021-10-29,0
2020-04-01,5,24,2021-10-29,0
2020-04-02,3,27,2021-10-29,0
2020-04-03,1,28,2021-10-29,0
2020-04-04,5,33,2021-10-29,0
2020-04-05,5,38,2021-10-29,0
2020-04-06,10,48,2021-10-29,0
2020-04-07,6,54,2021-10-29,0
2020-04-08,7,61,2021-10-29,0
2020-04-09,8,69,2021-10-29,0
2020-04-10,6,75,2021-10-29,0
2020-04-11,4,79,2021-10-29,0
2020-04-12,4,83,2021-10-29,0
2020-04-13,10,93,2021-10-29,0
2020-04-14,6,99,2021-10-29,0
2020-04-15,17,116,2021-10-29,0
2020-04-16,10,126,2021-10-29,0
2020-04-17,17,143,2021-10-29,0
2020-04-18,17,160,2021-10-29,0
2020-04-19,16,176,2021-10-29,0
2020-04-20,21,197,2021-10-29,0
2020-04-21,26,223,2021-10-29,0
2020-04-22,21,244,2021-10-29,0
2020-04-23,19,263,2021-10-29,0
2020-04-24,23,286,2021-10-29,0
2020-04-25,18,304,2021-10-29,0
2020-04-26,17,321,2021-10-29,0
2020-04-27,21,342,2021-10-29,0
2020-04-28,16,358,2021-10-29,0
2020-04-29,29,387,2021-10-29,0
2020-04-30,18,405,2021-10-29,0
2020-05-01,30,435,2021-10-29,0
2020-05-02,19,454,2021-10-29,0
2020-05-03,29,483,2021-10-29,0
2020-05-04,23,506,2021-10-29,0
2020-05-05,19,525,2021-10-29,0
2020-05-06,25,550,2021-10-29,0
2020-05-07,30,580,2021-10-29,0
2020-05-08,20,600,2021-10-29,0
2020-05-09,26,626,2021-10-29,0
2020-05-10,19,645,2021-10-29,0
2020-05-11,25,670,2021-10-29,0
2020-05-12,20,690,2021-10-29,0
2020-05-13,22,712,2021-10-29,0
2020-05-14,20,732,2021-10-29,0
2020-05-15,20,752,2021-10-29,0
2020-05-16,20,772,2021-10-29,0
2020-05-17,23,795,2021-10-29,0
2020-05-18,18,813,2021-10-29,0
2020-05-19,35,848,2021-10-29,0
2020-05-20,24,872,2021-10-29,0
2020-05-21,17,889,2021-10-29,0
2020-05-22,20,909,2021-10-29,0
2020-05-23,26,935,2021-10-29,0
2020-05-24,25,960,2021-10-29,0
2020-05-25,30,990,2021-10-29,0
2020-05-26,29,1019,2021-10-29,0
2020-05-27,25,1044,2021-10-29,0
2020-05-28,21,1065,2021-10-29,0
2020-05-29,17,1082,2021-10-29,0
2020-05-30,11,1093,2021-10-29,0
2020-05-31,20,1113,2021-10-29,0
2020-06-01,23,1136,2021-10-29,0
2020-06-02,21,1157,2021-10-29,0
2020-06-03,25,1182,2021-10-29,0
2020-06-04,26,1208,2021-10-29,0
2020-06-05,18,1226,2021-10-29,0
2020-06-06,12,1238,2021-10-29,0
2020-06-07,22,1260,2021-10-29,0
2020-06-08,12,1272,2021-10-29,0
2020-06-09,13,1285,2021-10-29,0
2020-06-10,10,1295,2021-10-29,0
2020-06-11,12,1307,2021-10-29,0
2020-06-12,11,1318,2021-10-29,0
2020-06-13,13,1331,2021-10-29,0
2020-06-14,11,1342,2021-10-29,0
2020-06-15,8,1350,2021-10-29,0
2020-06-16,9,1359,2021-10-29,0
2020-06-17,17,1376,2021-10-29,0
2020-06-18,9,1385,2021-10-29,0
2020-06-19,8,1393,2021-10-29,0
2020-06-20,12,1405,2021-10-29,0
2020-06-21,11,1416,2021-10-29,0
2020-06-22,6,1422,2021-10-29,0
2020-06-23,10,1432,2021-10-29,0
2020-06-24,1,1433,2021-10-29,0
2020-06-25,9,1442,2021-10-29,0
2020-06-26,6,1448,2021-10-29,0
2020-06-27,5,1453,2021-10-29,0
2020-06-28,11,1464,2021-10-29,0
2020-06-29,7,1471,2021-10-29,0
2020-06-30,9,1480,2021-10-29,0
2020-07-01,2,1482,2021-10-29,0
2020-07-02,3,1485,2021-10-29,0
2020-07-03,5,1490,2021-10-29,0
2020-07-04,4,1494,2021-10-29,0
2020-07-05,6,1500,2021-10-29,0
2020-07-06,4,1504,2021-10-29,0
2020-07-07,2,1506,2021-10-29,0
2020-07-08,9,1515,2021-10-29,0
2020-07-09,4,1519,2021-10-29,0
2020-07-10,3,1522,2021-10-29,0
2020-07-11,4,1526,2021-10-29,0
2020-07-12,6,1532,2021-10-29,0
2020-07-13,2,1534,2021-10-29,0
2020-07-14,6,1540,2021-10-29,0
2020-07-15,7,1547,2021-10-29,0
2020-07-16,3,1550,2021-10-29,0
2020-07-17,7,1557,2021-10-29,0
2020-07-18,6,1563,2021-10-29,0
2020-07-19,5,1568,2021-10-29,0
2020-07-20,3,1571,2021-10-29,0
2020-07-21,6,1577,2021-10-29,0
2020-07-22,5,1582,2021-10-29,0
2020-07-23,8,1590,2021-10-29,0
2020-07-24,6,1596,2021-10-29,0
2020-07-25,2,1598,2021-10-29,0
2020-07-26,5,1603,2021-10-29,0
2020-07-27,5,1608,2021-10-29,0
2020-07-28,7,1615,2021-10-29,0
2020-07-29,3,1618,2021-10-29,0
2020-07-30,6,1624,2021-10-29,0
2020-07-31,9,1633,2021-10-29,0
2020-08-01,4,1637,2021-10-29,0
2020-08-02,7,1644,2021-10-29,0
2020-08-03,4,1648,2021-10-29,0
2020-08-04,7,1655,2021-10-29,0
2020-08-05,8,1663,2021-10-29,0
2020-08-06,9,1672,2021-10-29,0
2020-08-07,7,1679,2021-10-29,0
2020-08-08,6,1685,2021-10-29,0
2020-08-09,10,1695,2021-10-29,0
2020-08-10,3,1698,2021-10-29,0
2020-08-11,9,1707,2021-10-29,0
2020-08-12,7,1714,2021-10-29,0
2020-08-13,5,1719,2021-10-29,0
2020-08-14,9,1728,2021-10-29,0
2020-08-15,13,1741,2021-10-29,0
2020-08-16,13,1754,2021-10-29,0
2020-08-17,6,1760,2021-10-29,0
2020-08-18,11,1771,2021-10-29,0
2020-08-19,3,1774,2021-10-29,0
2020-08-20,10,1784,2021-10-29,0
2020-08-21,12,1796,2021-10-29,0
2020-08-22,9,1805,2021-10-29,0
2020-08-23,7,1812,2021-10-29,0
2020-08-24,9,1821,2021-10-29,0
2020-08-25,4,1825,2021-10-29,0
2020-08-26,3,1828,2021-10-29,0
2020-08-27,7,1835,2021-10-29,0
2020-08-28,6,1841,2021-10-29,0
2020-08-29,3,1844,2021-10-29,0
2020-08-30,5,1849,2021-10-29,0
2020-08-31,9,1858,2021-10-29,0
2020-09-01,2,1860,2021-10-29,0
2020-09-02,7,1867,2021-10-29,0
2020-09-03,12,1879,2021-10-29,0
2020-09-04,4,1883,2021-10-29,0
2020-09-05,6,1889,2021-10-29,0
2020-09-06,12,1901,2021-10-29,0
2020-09-07,3,1904,2021-10-29,0
2020-09-08,6,1910,2021-10-29,0
2020-09-09,10,1920,2021-10-29,0
2020-09-10,9,1929,2021-10-29,0
2020-09-11,11,1940,2021-10-29,0
2020-09-12,8,1948,2021-10-29,0
2020-09-13,8,1956,2021-10-29,0
2020-09-14,2,1958,2021-10-29,0
2020-09-15,7,1965,2021-10-29,0
2020-09-16,9,1974,2021-10-29,0
2020-09-17,5,1979,2021-10-29,0
2020-09-18,6,1985,2021-10-29,0
2020-09-19,4,1989,2021-10-29,0
2020-09-20,9,1998,2021-10-29,0
2020-09-21,7,2005,2021-10-29,0
2020-09-22,8,2013,2021-10-29,0
2020-09-23,9,2022,2021-10-29,0
2020-09-24,8,2030,2021-10-29,0
2020-09-25,11,2041,2021-10-29,0
2020-09-26,9,2050,2021-10-29,0
2020-09-27,14,2064,2021-10-29,0
2020-09-28,11,2075,2021-10-29,0
2020-09-29,5,2080,2021-10-29,0
2020-09-30,16,2096,2021-10-29,0
2020-10-01,7,2103,2021-10-29,0
2020-10-02,13,2116,2021-10-29,0
2020-10-03,9,2125,2021-10-29,0
2020-10-04,7,2132,2021-10-29,0
2020-10-05,10,2142,2021-10-29,0
2020-10-06,13,2155,2021-10-29,0
2020-10-07,19,2174,2021-10-29,0
2020-10-08,9,2183,2021-10-29,0
2020-10-09,17,2200,2021-10-29,0
2020-10-10,16,2216,2021-10-29,0
2020-10-11,16,2232,2021-10-29,0
2020-10-12,20,2252,2021-10-29,0
2020-10-13,14,2266,2021-10-29,0
2020-10-14,10,2276,2021-10-29,0
2020-10-15,9,2285,2021-10-29,0
2020-10-16,12,2297,2021-10-29,0
2020-10-17,18,2315,2021-10-29,0
2020-10-18,25,2340,2021-10-29,0
2020-10-19,18,2358,2021-10-29,0
2020-10-20,15,2373,2021-10-29,0
2020-10-21,24,2397,2021-10-29,0
2020-10-22,18,2415,2021-10-29,0
2020-10-23,19,2434,2021-10-29,0
2020-10-24,8,2442,2021-10-29,0
2020-10-25,17,2459,2021-10-29,0
2020-10-26,25,2484,2021-10-29,0
2020-10-27,23,2507,2021-10-29,0
2020-10-28,29,2536,2021-10-29,0
2020-10-29,18,2554,2021-10-29,0
2020-10-30,27,2581,2021-10-29,0
2020-10-31,25,2606,2021-10-29,0
2020-11-01,21,2627,2021-10-29,0
2020-11-02,25,2652,2021-10-29,0
2020-11-03,25,2677,2021-10-29,0
2020-11-04,33,2710,2021-10-29,0
2020-11-05,38,2748,2021-10-29,0
2020-11-06,39,2787,2021-10-29,0
2020-11-07,42,2829,2021-10-29,0
2020-11-08,47,2876,2021-10-29,0
2020-11-09,36,2912,2021-10-29,0
2020-11-10,35,2947,2021-10-29,0
2020-11-11,43,2990,2021-10-29,0
2020-11-12,45,3035,2021-10-29,0
2020-11-13,40,3075,2021-10-29,0
2020-11-14,47,3122,2021-10-29,0
2020-11-15,46,3168,2021-10-29,0
2020-11-16,62,3230,2021-10-29,0
2020-11-17,56,3286,2021-10-29,0
2020-11-18,61,3347,2021-10-29,0
2020-11-19,60,3407,2021-10-29,0
2020-11-20,63,3470,2021-10-29,0
2020-11-21,58,3528,2021-10-29,0
2020-11-22,67,3595,2021-10-29,0
2020-11-23,59,3654,2021-10-29,0
2020-11-24,69,3723,2021-10-29,0
2020-11-25,72,3795,2021-10-29,0
2020-11-26,54,3849,2021-10-29,0
2020-11-27,69,3918,2021-10-29,0
2020-11-28,62,3980,2021-10-29,0
2020-11-29,68,4048,2021-10-29,0
2020-11-30,61,4109,2021-10-29,0
2020-12-01,64,4173,2021-10-29,0
2020-12-02,73,4246,2021-10-29,0
2020-12-03,86,4332,2021-10-29,0
2020-12-04,67,4399,2021-10-29,0
2020-12-05,74,4473,2021-10-29,0
2020-12-06,80,4553,2021-10-29,0
2020-12-07,75,4628,2021-10-29,0
2020-12-08,61,4689,2021-10-29,0
2020-12-09,71,4760,2021-10-29,0
2020-12-10,72,4832,2021-10-29,0
2020-12-11,71,4903,2021-10-29,0
2020-12-12,72,4975,2021-10-29,0
2020-12-13,56,5031,2021-10-29,0
2020-12-14,43,5074,2021-10-29,0
2020-12-15,65,5139,2021-10-29,0
2020-12-16,73,5212,2021-10-29,0
2020-12-17,60,5272,2021-10-29,0
2020-12-18,59,5331,2021-10-29,0
2020-12-19,56,5387,2021-10-29,0
2020-12-20,61,5448,2021-10-29,0
2020-12-21,58,5506,2021-10-29,0
2020-12-22,33,5539,2021-10-29,0
2020-12-23,46,5585,2021-10-29,0
2020-12-24,50,5635,2021-10-29,0
2020-12-25,36,5671,2021-10-29,0
2020-12-26,43,5714,2021-10-29,0
2020-12-27,41,5755,2021-10-29,0
2020-12-28,34,5789,2021-10-29,0
2020-12-29,37,5826,2021-10-29,0
2020-12-30,47,5873,2021-10-29,0
2020-12-31,36,5909,2021-10-29,0
2021-01-01,28,5937,2021-10-29,0
2021-01-02,47,5984,2021-10-29,0
2021-01-03,37,6021,2021-10-29,0
2021-01-04,32,6053,2021-10-29,0
2021-01-05,40,6093,2021-10-29,0
2021-01-06,32,6125,2021-10-29,0
2021-01-07,37,6162,2021-10-29,0
2021-01-08,32,6194,2021-10-29,0
2021-01-09,26,6220,2021-10-29,0
2021-01-10,29,6249,2021-10-29,0
2021-01-11,26,6275,2021-10-29,0
2021-01-12,32,6307,2021-10-29,0
2021-01-13,23,6330,2021-10-29,0
2021-01-14,41,6371,2021-10-29,0
2021-01-15,26,6397,2021-10-29,0
2021-01-16,30,6427,2021-10-29,0
2021-01-17,21,6448,2021-10-29,0
2021-01-18,19,6467,2021-10-29,0
2021-01-19,14,6481,2021-10-29,0
2021-01-20,26,6507,2021-10-29,0
2021-01-21,16,6523,2021-10-29,0
2021-01-22,13,6536,2021-10-29,0
2021-01-23,17,6553,2021-10-29,0
2021-01-24,24,6577,2021-10-29,0
2021-01-25,19,6596,2021-10-29,0
2021-01-26,21,6617,2021-10-29,0
2021-01-27,11,6628,2021-10-29,0
2021-01-28,12,6640,2021-10-29,0
2021-01-29,15,6655,2021-10-29,0
2021-01-30,13,6668,2021-10-29,0
2021-01-31,16,6684,2021-10-29,0
2021-02-01,17,6701,2021-10-29,0
2021-02-02,10,6711,2021-10-29,0
2021-02-03,11,6722,2021-10-29,0
2021-02-04,11,6733,2021-10-29,0
2021-02-05,12,6745,2021-10-29,0
2021-02-06,12,6757,2021-10-29,0
2021-02-07,19,6776,2021-10-29,0
2021-02-08,11,6787,2021-10-29,0
2021-02-09,15,6802,2021-10-29,0
2021-02-10,14,6816,2021-10-29,0
2021-02-11,7,6823,2021-10-29,0
2021-02-12,13,6836,2021-10-29,0
2021-02-13,8,6844,2021-10-29,0
2021-02-14,10,6854,2021-10-29,0
2021-02-15,9,6863,2021-10-29,0
2021-02-16,12,6875,2021-10-29,0
2021-02-17,10,6885,2021-10-29,0
2021-02-18,7,6892,2021-10-29,0
2021-02-19,6,6898,2021-10-29,0
2021-02-20,7,6905,2021-10-29,0
2021-02-21,4,6909,2021-10-29,0
2021-02-22,5,6914,2021-10-29,0
2021-02-23,9,6923,2021-10-29,0
2021-02-24,5,6928,2021-10-29,0
2021-02-25,5,6933,2021-10-29,0
2021-02-26,7,6940,2021-10-29,0
2021-02-27,6,6946,2021-10-29,0
2021-02-28,8,6954,2021-10-29,0
2021-03-01,7,6961,2021-10-29,0
2021-03-02,3,6964,2021-10-29,0
2021-03-03,10,6974,2021-10-29,0
2021-03-04,6,6980,2021-10-29,0
2021-03-05,10,6990,2021-10-29,0
2021-03-06,5,6995,2021-10-29,0
2021-03-07,9,7004,2021-10-29,0
2021-03-08,5,7009,2021-10-29,0
2021-03-09,7,7016,2021-10-29,0
2021-03-10,5,7021,2021-10-29,0
2021-03-11,4,7025,2021-10-29,0
2021-03-12,11,7036,2021-10-29,0
2021-03-13,5,7041,2021-10-29,0
2021-03-14,5,7046,2021-10-29,0
2021-03-15,2,7048,2021-10-29,0
2021-03-16,6,7054,2021-10-29,0
2021-03-17,4,7058,2021-10-29,0
2021-03-18,5,7063,2021-10-29,0
2021-03-19,5,7068,2021-10-29,0
2021-03-20,9,7077,2021-10-29,0
2021-03-21,5,7082,2021-10-29,0
2021-03-22,4,7086,2021-10-29,0
2021-03-23,5,7091,2021-10-29,0
2021-03-24,1,7092,2021-10-29,0
2021-03-25,5,7097,2021-10-29,0
2021-03-26,3,7100,2021-10-29,0
2021-03-27,7,7107,2021-10-29,0
2021-03-28,6,7113,2021-10-29,0
2021-03-29,5,7118,2021-10-29,0
2021-03-30,6,7124,2021-10-29,0
2021-03-31,8,7132,2021-10-29,0
2021-04-01,6,7138,2021-10-29,0
2021-04-02,9,7147,2021-10-29,0
2021-04-03,8,7155,2021-10-29,0
2021-04-04,6,7161,2021-10-29,0
2021-04-05,8,7169,2021-10-29,0
2021-04-06,6,7175,2021-10-29,0
2021-04-07,6,7181,2021-10-29,0
2021-04-08,10,7191,2021-10-29,0
2021-04-09,7,7198,2021-10-29,0
2021-04-10,7,7205,2021-10-29,0
2021-04-11,8,7213,2021-10-29,0
2021-04-12,10,7223,2021-10-29,0
2021-04-13,7,7230,2021-10-29,0
2021-04-14,8,7238,2021-10-29,0
2021-04-15,14,7252,2021-10-29,0
2021-04-16,8,7260,2021-10-29,0
2021-04-17,8,7268,2021-10-29,0
2021-04-18,8,7276,2021-10-29,0
2021-04-19,10,7286,2021-10-29,0
2021-04-20,5,7291,2021-10-29,0
2021-04-21,8,7299,2021-10-29,0
2021-04-22,2,7301,2021-10-29,0
2021-04-23,15,7316,2021-10-29,0
2021-04-24,11,7327,2021-10-29,0
2021-04-25,15,7342,2021-10-29,0
2021-04-26,15,7357,2021-10-29,0
2021-04-27,7,7364,2021-10-29,0
2021-04-28,14,7378,2021-10-29,0
2021-04-29,8,7386,2021-10-29,0
2021-04-30,11,7397,2021-10-29,0
2021-05-01,7,7404,2021-10-29,0
2021-05-02,8,7412,2021-10-29,0
2021-05-03,5,7417,2021-10-29,0
2021-05-04,13,7430,2021-10-29,0
2021-05-05,8,7438,2021-10-29,0
2021-05-06,5,7443,2021-10-29,0
2021-05-07,8,7451,2021-10-29,0
2021-05-08,7,7458,2021-10-29,0
2021-05-09,9,7467,2021-10-29,0
2021-05-10,8,7475,2021-10-29,0
2021-05-11,6,7481,2021-10-29,0
2021-05-12,9,7490,2021-10-29,0
2021-05-13,9,7499,2021-10-29,0
2021-05-14,11,7510,2021-10-29,0
2021-05-15,10,7520,2021-10-29,0
2021-05-16,6,7526,2021-10-29,0
2021-05-17,6,7532,2021-10-29,0
2021-05-18,7,7539,2021-10-29,0
2021-05-19,2,7541,2021-10-29,0
2021-05-20,5,7546,2021-10-29,0
2021-05-21,7,7553,2021-10-29,0
2021-05-22,11,7564,2021-10-29,0
2021-05-23,5,7569,2021-10-29,0
2021-05-24,5,7574,2021-10-29,0
2021-05-25,6,7580,2021-10-29,0
2021-05-26,3,7583,2021-10-29,0
2021-05-27,7,7590,2021-10-29,0
2021-05-28,2,7592,2021-10-29,0
2021-05-29,6,7598,2021-10-29,0
2021-05-30,4,7602,2021-10-29,0
2021-05-31,3,7605,2021-10-29,0
2021-06-01,5,7610,2021-10-29,0
2021-06-02,8,7618,2021-10-29,0
2021-06-03,4,7622,2021-10-29,0
2021-06-04,4,7626,2021-10-29,0
2021-06-05,2,7628,2021-10-29,0
2021-06-06,5,7633,2021-10-29,0
2021-06-07,3,7636,2021-10-29,0
2021-06-08,5,7641,2021-10-29,0
2021-06-09,4,7645,2021-10-29,0
2021-06-10,6,7651,2021-10-29,0
2021-06-11,6,7657,2021-10-29,0
2021-06-12,4,7661,2021-10-29,0
2021-06-13,4,7665,2021-10-29,0
2021-06-14,3,7668,2021-10-29,0
2021-06-15,2,7670,2021-10-29,0
2021-06-16,2,7672,2021-10-29,0
2021-06-17,4,7676,2021-10-29,0
2021-06-18,1,7677,2021-10-29,0
2021-06-19,6,7683,2021-10-29,0
2021-06-20,1,7684,2021-10-29,0
2021-06-21,5,7689,2021-10-29,0
2021-06-22,3,7692,2021-10-29,0
2021-06-23,4,7696,2021-10-29,0
2021-06-24,3,7699,2021-10-29,0
2021-06-25,3,7702,2021-10-29,0
2021-06-26,4,7706,2021-10-29,0
2021-06-27,2,7708,2021-10-29,0
2021-06-28,2,7710,2021-10-29,0
2021-06-29,2,7712,2021-10-29,0
2021-06-30,2,7714,2021-10-29,0
2021-07-01,0,7714,2021-10-29,0
2021-07-02,2,7716,2021-10-29,0
2021-07-03,2,7718,2021-10-29,0
2021-07-04,3,7721,2021-10-29,0
2021-07-05,1,7722,2021-10-29,0
2021-07-06,4,7726,2021-10-29,0
2021-07-07,1,7727,2021-10-29,0
2021-07-08,1,7728,2021-10-29,0
2021-07-09,0,7728,2021-10-29,0
2021-07-10,1,7729,2021-10-29,0
2021-07-11,3,7732,2021-10-29,0
2021-07-12,1,7733,2021-10-29,0
2021-07-13,2,7735,2021-10-29,0
2021-07-14,2,7737,2021-10-29,0
2021-07-15,2,7739,2021-10-29,0
2021-07-16,1,7740,2021-10-29,0
2021-07-17,1,7741,2021-10-29,0
2021-07-18,0,7741,2021-10-29,0
2021-07-19,0,7741,2021-10-29,0
2021-07-20,2,7743,2021-10-29,0
2021-07-21,2,7745,2021-10-29,0
2021-07-22,2,7747,2021-10-29,0
2021-07-23,3,7750,2021-10-29,0
2021-07-24,0,7750,2021-10-29,0
2021-07-25,2,7752,2021-10-29,0
2021-07-26,1,7753,2021-10-29,0
2021-07-27,2,7755,2021-10-29,0
2021-07-28,3,7758,2021-10-29,0
2021-07-29,2,7760,2021-10-29,0
2021-07-30,5,7765,2021-10-29,0
2021-07-31,4,7769,2021-10-29,0
2021-08-01,1,7770,2021-10-29,0
2021-08-02,3,7773,2021-10-29,0
2021-08-03,2,7775,2021-10-29,0
2021-08-04,3,7778,2021-10-29,0
2021-08-05,2,7780,2021-10-29,0
2021-08-06,7,7787,2021-10-29,0
2021-08-07,3,7790,2021-10-29,0
2021-08-08,2,7792,2021-10-29,0
2021-08-09,3,7795,2021-10-29,0
2021-08-10,2,7797,2021-10-29,0
2021-08-11,2,7799,2021-10-29,0
2021-08-12,7,7806,2021-10-29,0
2021-08-13,5,7811,2021-10-29,0
2021-08-14,6,7817,2021-10-29,0
2021-08-15,0,7817,2021-10-29,0
2021-08-16,7,7824,2021-10-29,0
2021-08-17,7,7831,2021-10-29,0
2021-08-18,9,7840,2021-10-29,0
2021-08-19,2,7842,2021-10-29,0
2021-08-20,3,7845,2021-10-29,0
2021-08-21,5,7850,2021-10-29,0
2021-08-22,7,7857,2021-10-29,0
2021-08-23,5,7862,2021-10-29,0
2021-08-24,12,7874,2021-10-29,0
2021-08-25,7,7881,2021-10-29,0
2021-08-26,2,7883,2021-10-29,0
2021-08-27,6,7889,2021-10-29,0
2021-08-28,11,7900,2021-10-29,0
2021-08-29,11,7911,2021-10-29,0
2021-08-30,8,7919,2021-10-29,0
2021-08-31,6,7925,2021-10-29,0
2021-09-01,6,7931,2021-10-29,0
2021-09-02,6,7937,2021-10-29,0
2021-09-03,9,7946,2021-10-29,0
2021-09-04,9,7955,2021-10-29,0
2021-09-05,10,7965,2021-10-29,0
2021-09-06,7,7972,2021-10-29,0
2021-09-07,7,7979,2021-10-29,0
2021-09-08,10,7989,2021-10-29,0
2021-09-09,5,7994,2021-10-29,0
2021-09-10,9,8003,2021-10-29,0
2021-09-11,17,8020,2021-10-29,0
2021-09-12,10,8030,2021-10-29,0
2021-09-13,7,8037,2021-10-29,0
2021-09-14,11,8048,2021-10-29,0
2021-09-15,14,8062,2021-10-29,0
2021-09-16,16,8078,2021-10-29,0
2021-09-17,8,8086,2021-10-29,0
2021-09-18,13,8099,2021-10-29,0
2021-09-19,11,8110,2021-10-29,0
2021-09-20,15,8125,2021-10-29,0
2021-09-21,15,8140,2021-10-29,0
2021-09-22,16,8156,2021-10-29,0
2021-09-23,12,8168,2021-10-29,0
2021-09-24,12,8180,2021-10-29,0
2021-09-25,16,8196,2021-10-29,0
2021-09-26,13,8209,2021-10-29,0
2021-09-27,15,8224,2021-10-29,0
2021-09-28,9,8233,2021-10-29,0
2021-09-29,19,8252,2021-10-29,0
2021-09-30,17,8269,2021-10-29,0
2021-10-01,13,8282,2021-10-29,0
2021-10-02,13,8295,2021-10-29,0
2021-10-03,23,8318,2021-10-29,0
2021-10-04,13,8331,2021-10-29,0
2021-10-05,23,8354,2021-10-29,0
2021-10-06,20,8374,2021-10-29,0
2021-10-07,12,8386,2021-10-29,0
2021-10-08,21,8407,2021-10-29,0
2021-10-09,20,8427,2021-10-29,0
2021-10-10,10,8437,2021-10-29,0
2021-10-11,10,8447,2021-10-29,0
2021-10-12,23,8470,2021-10-29,0
2021-10-13,19,8489,2021-10-29,0
2021-10-14,19,8508,2021-10-29,0
2021-10-15,13,8521,2021-10-29,0
2021-10-16,19,8540,2021-10-29,0
2021-10-17,15,8555,2021-10-29,1
2021-10-18,15,8570,2021-10-29,0
2021-10-19,20,8590,2021-10-29,1
2021-10-20,15,8605,2021-10-29,4
2021-10-21,6,8611,2021-10-29,0
2021-10-22,17,8628,2021-10-29,2
2021-10-23,14,8642,2021-10-29,2
2021-10-24,18,8660,2021-10-29,4
2021-10-25,6,8666,2021-10-29,1
2021-10-26,3,8669,2021-10-29,1
NA,0,8669,2021-10-29,0
2020-03-19,1,1,2021-11-01,0
2020-03-20,0,1,2021-11-01,0
2020-03-21,0,1,2021-11-01,0
2020-03-22,0,1,2021-11-01,0
2020-03-23,0,1,2021-11-01,0
2020-03-24,1,2,2021-11-01,0
2020-03-25,1,3,2021-11-01,0
2020-03-26,1,4,2021-11-01,0
2020-03-27,5,9,2021-11-01,0
2020-03-28,3,12,2021-11-01,0
2020-03-29,0,12,2021-11-01,0
2020-03-30,5,17,2021-11-01,0
2020-03-31,2,19,2021-11-01,0
2020-04-01,5,24,2021-11-01,0
2020-04-02,3,27,2021-11-01,0
2020-04-03,1,28,2021-11-01,0
2020-04-04,5,33,2021-11-01,0
2020-04-05,5,38,2021-11-01,0
2020-04-06,10,48,2021-11-01,0
2020-04-07,6,54,2021-11-01,0
2020-04-08,7,61,2021-11-01,0
2020-04-09,8,69,2021-11-01,0
2020-04-10,6,75,2021-11-01,0
2020-04-11,4,79,2021-11-01,0
2020-04-12,4,83,2021-11-01,0
2020-04-13,10,93,2021-11-01,0
2020-04-14,6,99,2021-11-01,0
2020-04-15,17,116,2021-11-01,0
2020-04-16,10,126,2021-11-01,0
2020-04-17,17,143,2021-11-01,0
2020-04-18,17,160,2021-11-01,0
2020-04-19,16,176,2021-11-01,0
2020-04-20,21,197,2021-11-01,0
2020-04-21,26,223,2021-11-01,0
2020-04-22,21,244,2021-11-01,0
2020-04-23,19,263,2021-11-01,0
2020-04-24,23,286,2021-11-01,0
2020-04-25,18,304,2021-11-01,0
2020-04-26,17,321,2021-11-01,0
2020-04-27,21,342,2021-11-01,0
2020-04-28,16,358,2021-11-01,0
2020-04-29,29,387,2021-11-01,0
2020-04-30,18,405,2021-11-01,0
2020-05-01,30,435,2021-11-01,0
2020-05-02,19,454,2021-11-01,0
2020-05-03,29,483,2021-11-01,0
2020-05-04,23,506,2021-11-01,0
2020-05-05,19,525,2021-11-01,0
2020-05-06,25,550,2021-11-01,0
2020-05-07,30,580,2021-11-01,0
2020-05-08,20,600,2021-11-01,0
2020-05-09,26,626,2021-11-01,0
2020-05-10,19,645,2021-11-01,0
2020-05-11,25,670,2021-11-01,0
2020-05-12,20,690,2021-11-01,0
2020-05-13,22,712,2021-11-01,0
2020-05-14,20,732,2021-11-01,0
2020-05-15,20,752,2021-11-01,0
2020-05-16,20,772,2021-11-01,0
2020-05-17,23,795,2021-11-01,0
2020-05-18,18,813,2021-11-01,0
2020-05-19,35,848,2021-11-01,0
2020-05-20,24,872,2021-11-01,0
2020-05-21,17,889,2021-11-01,0
2020-05-22,20,909,2021-11-01,0
2020-05-23,26,935,2021-11-01,0
2020-05-24,25,960,2021-11-01,0
2020-05-25,30,990,2021-11-01,0
2020-05-26,29,1019,2021-11-01,0
2020-05-27,25,1044,2021-11-01,0
2020-05-28,21,1065,2021-11-01,0
2020-05-29,17,1082,2021-11-01,0
2020-05-30,11,1093,2021-11-01,0
2020-05-31,20,1113,2021-11-01,0
2020-06-01,23,1136,2021-11-01,0
2020-06-02,21,1157,2021-11-01,0
2020-06-03,25,1182,2021-11-01,0
2020-06-04,26,1208,2021-11-01,0
2020-06-05,18,1226,2021-11-01,0
2020-06-06,12,1238,2021-11-01,0
2020-06-07,22,1260,2021-11-01,0
2020-06-08,12,1272,2021-11-01,0
2020-06-09,13,1285,2021-11-01,0
2020-06-10,10,1295,2021-11-01,0
2020-06-11,12,1307,2021-11-01,0
2020-06-12,11,1318,2021-11-01,0
2020-06-13,13,1331,2021-11-01,0
2020-06-14,11,1342,2021-11-01,0
2020-06-15,8,1350,2021-11-01,0
2020-06-16,9,1359,2021-11-01,0
2020-06-17,17,1376,2021-11-01,0
2020-06-18,9,1385,2021-11-01,0
2020-06-19,8,1393,2021-11-01,0
2020-06-20,12,1405,2021-11-01,0
2020-06-21,11,1416,2021-11-01,0
2020-06-22,6,1422,2021-11-01,0
2020-06-23,10,1432,2021-11-01,0
2020-06-24,1,1433,2021-11-01,0
2020-06-25,9,1442,2021-11-01,0
2020-06-26,6,1448,2021-11-01,0
2020-06-27,5,1453,2021-11-01,0
2020-06-28,11,1464,2021-11-01,0
2020-06-29,7,1471,2021-11-01,0
2020-06-30,9,1480,2021-11-01,0
2020-07-01,2,1482,2021-11-01,0
2020-07-02,3,1485,2021-11-01,0
2020-07-03,5,1490,2021-11-01,0
2020-07-04,4,1494,2021-11-01,0
2020-07-05,6,1500,2021-11-01,0
2020-07-06,4,1504,2021-11-01,0
2020-07-07,2,1506,2021-11-01,0
2020-07-08,9,1515,2021-11-01,0
2020-07-09,4,1519,2021-11-01,0
2020-07-10,3,1522,2021-11-01,0
2020-07-11,4,1526,2021-11-01,0
2020-07-12,6,1532,2021-11-01,0
2020-07-13,2,1534,2021-11-01,0
2020-07-14,6,1540,2021-11-01,0
2020-07-15,7,1547,2021-11-01,0
2020-07-16,3,1550,2021-11-01,0
2020-07-17,7,1557,2021-11-01,0
2020-07-18,6,1563,2021-11-01,0
2020-07-19,5,1568,2021-11-01,0
2020-07-20,3,1571,2021-11-01,0
2020-07-21,6,1577,2021-11-01,0
2020-07-22,5,1582,2021-11-01,0
2020-07-23,8,1590,2021-11-01,0
2020-07-24,6,1596,2021-11-01,0
2020-07-25,2,1598,2021-11-01,0
2020-07-26,5,1603,2021-11-01,0
2020-07-27,5,1608,2021-11-01,0
2020-07-28,7,1615,2021-11-01,0
2020-07-29,3,1618,2021-11-01,0
2020-07-30,6,1624,2021-11-01,0
2020-07-31,9,1633,2021-11-01,0
2020-08-01,4,1637,2021-11-01,0
2020-08-02,7,1644,2021-11-01,0
2020-08-03,4,1648,2021-11-01,0
2020-08-04,7,1655,2021-11-01,0
2020-08-05,8,1663,2021-11-01,0
2020-08-06,9,1672,2021-11-01,0
2020-08-07,7,1679,2021-11-01,0
2020-08-08,6,1685,2021-11-01,0
2020-08-09,10,1695,2021-11-01,0
2020-08-10,3,1698,2021-11-01,0
2020-08-11,9,1707,2021-11-01,0
2020-08-12,7,1714,2021-11-01,0
2020-08-13,5,1719,2021-11-01,0
2020-08-14,9,1728,2021-11-01,0
2020-08-15,13,1741,2021-11-01,0
2020-08-16,13,1754,2021-11-01,0
2020-08-17,6,1760,2021-11-01,0
2020-08-18,11,1771,2021-11-01,0
2020-08-19,3,1774,2021-11-01,0
2020-08-20,10,1784,2021-11-01,0
2020-08-21,12,1796,2021-11-01,0
2020-08-22,9,1805,2021-11-01,0
2020-08-23,7,1812,2021-11-01,0
2020-08-24,9,1821,2021-11-01,0
2020-08-25,4,1825,2021-11-01,0
2020-08-26,3,1828,2021-11-01,0
2020-08-27,7,1835,2021-11-01,0
2020-08-28,6,1841,2021-11-01,0
2020-08-29,3,1844,2021-11-01,0
2020-08-30,5,1849,2021-11-01,0
2020-08-31,9,1858,2021-11-01,0
2020-09-01,2,1860,2021-11-01,0
2020-09-02,7,1867,2021-11-01,0
2020-09-03,12,1879,2021-11-01,0
2020-09-04,4,1883,2021-11-01,0
2020-09-05,6,1889,2021-11-01,0
2020-09-06,12,1901,2021-11-01,0
2020-09-07,3,1904,2021-11-01,0
2020-09-08,6,1910,2021-11-01,0
2020-09-09,10,1920,2021-11-01,0
2020-09-10,9,1929,2021-11-01,0
2020-09-11,11,1940,2021-11-01,0
2020-09-12,8,1948,2021-11-01,0
2020-09-13,8,1956,2021-11-01,0
2020-09-14,2,1958,2021-11-01,0
2020-09-15,7,1965,2021-11-01,0
2020-09-16,9,1974,2021-11-01,0
2020-09-17,5,1979,2021-11-01,0
2020-09-18,6,1985,2021-11-01,0
2020-09-19,4,1989,2021-11-01,0
2020-09-20,9,1998,2021-11-01,0
2020-09-21,7,2005,2021-11-01,0
2020-09-22,8,2013,2021-11-01,0
2020-09-23,9,2022,2021-11-01,0
2020-09-24,8,2030,2021-11-01,0
2020-09-25,11,2041,2021-11-01,0
2020-09-26,9,2050,2021-11-01,0
2020-09-27,14,2064,2021-11-01,0
2020-09-28,11,2075,2021-11-01,0
2020-09-29,5,2080,2021-11-01,0
2020-09-30,16,2096,2021-11-01,0
2020-10-01,7,2103,2021-11-01,0
2020-10-02,13,2116,2021-11-01,0
2020-10-03,9,2125,2021-11-01,0
2020-10-04,7,2132,2021-11-01,0
2020-10-05,10,2142,2021-11-01,0
2020-10-06,13,2155,2021-11-01,0
2020-10-07,19,2174,2021-11-01,0
2020-10-08,9,2183,2021-11-01,0
2020-10-09,17,2200,2021-11-01,0
2020-10-10,16,2216,2021-11-01,0
2020-10-11,16,2232,2021-11-01,0
2020-10-12,20,2252,2021-11-01,0
2020-10-13,14,2266,2021-11-01,0
2020-10-14,10,2276,2021-11-01,0
2020-10-15,9,2285,2021-11-01,0
2020-10-16,12,2297,2021-11-01,0
2020-10-17,18,2315,2021-11-01,0
2020-10-18,25,2340,2021-11-01,0
2020-10-19,18,2358,2021-11-01,0
2020-10-20,15,2373,2021-11-01,0
2020-10-21,24,2397,2021-11-01,0
2020-10-22,18,2415,2021-11-01,0
2020-10-23,19,2434,2021-11-01,0
2020-10-24,8,2442,2021-11-01,0
2020-10-25,17,2459,2021-11-01,0
2020-10-26,25,2484,2021-11-01,0
2020-10-27,23,2507,2021-11-01,0
2020-10-28,29,2536,2021-11-01,0
2020-10-29,18,2554,2021-11-01,0
2020-10-30,27,2581,2021-11-01,0
2020-10-31,25,2606,2021-11-01,0
2020-11-01,21,2627,2021-11-01,0
2020-11-02,25,2652,2021-11-01,0
2020-11-03,25,2677,2021-11-01,0
2020-11-04,33,2710,2021-11-01,0
2020-11-05,38,2748,2021-11-01,0
2020-11-06,39,2787,2021-11-01,0
2020-11-07,42,2829,2021-11-01,0
2020-11-08,47,2876,2021-11-01,0
2020-11-09,36,2912,2021-11-01,0
2020-11-10,35,2947,2021-11-01,0
2020-11-11,43,2990,2021-11-01,0
2020-11-12,45,3035,2021-11-01,0
2020-11-13,40,3075,2021-11-01,0
2020-11-14,47,3122,2021-11-01,0
2020-11-15,46,3168,2021-11-01,0
2020-11-16,62,3230,2021-11-01,0
2020-11-17,56,3286,2021-11-01,0
2020-11-18,61,3347,2021-11-01,0
2020-11-19,60,3407,2021-11-01,0
2020-11-20,63,3470,2021-11-01,0
2020-11-21,58,3528,2021-11-01,0
2020-11-22,67,3595,2021-11-01,0
2020-11-23,59,3654,2021-11-01,0
2020-11-24,69,3723,2021-11-01,0
2020-11-25,72,3795,2021-11-01,0
2020-11-26,54,3849,2021-11-01,0
2020-11-27,69,3918,2021-11-01,0
2020-11-28,62,3980,2021-11-01,0
2020-11-29,68,4048,2021-11-01,0
2020-11-30,61,4109,2021-11-01,0
2020-12-01,64,4173,2021-11-01,0
2020-12-02,73,4246,2021-11-01,0
2020-12-03,86,4332,2021-11-01,0
2020-12-04,67,4399,2021-11-01,0
2020-12-05,74,4473,2021-11-01,0
2020-12-06,80,4553,2021-11-01,0
2020-12-07,75,4628,2021-11-01,0
2020-12-08,61,4689,2021-11-01,0
2020-12-09,71,4760,2021-11-01,0
2020-12-10,72,4832,2021-11-01,0
2020-12-11,71,4903,2021-11-01,0
2020-12-12,72,4975,2021-11-01,0
2020-12-13,56,5031,2021-11-01,0
2020-12-14,43,5074,2021-11-01,0
2020-12-15,65,5139,2021-11-01,0
2020-12-16,73,5212,2021-11-01,0
2020-12-17,60,5272,2021-11-01,0
2020-12-18,59,5331,2021-11-01,0
2020-12-19,56,5387,2021-11-01,0
2020-12-20,61,5448,2021-11-01,0
2020-12-21,58,5506,2021-11-01,0
2020-12-22,33,5539,2021-11-01,0
2020-12-23,46,5585,2021-11-01,0
2020-12-24,50,5635,2021-11-01,0
2020-12-25,36,5671,2021-11-01,0
2020-12-26,43,5714,2021-11-01,0
2020-12-27,41,5755,2021-11-01,0
2020-12-28,34,5789,2021-11-01,0
2020-12-29,37,5826,2021-11-01,0
2020-12-30,47,5873,2021-11-01,0
2020-12-31,36,5909,2021-11-01,0
2021-01-01,28,5937,2021-11-01,0
2021-01-02,47,5984,2021-11-01,0
2021-01-03,37,6021,2021-11-01,0
2021-01-04,32,6053,2021-11-01,0
2021-01-05,40,6093,2021-11-01,0
2021-01-06,32,6125,2021-11-01,0
2021-01-07,37,6162,2021-11-01,0
2021-01-08,32,6194,2021-11-01,0
2021-01-09,26,6220,2021-11-01,0
2021-01-10,29,6249,2021-11-01,0
2021-01-11,26,6275,2021-11-01,0
2021-01-12,32,6307,2021-11-01,0
2021-01-13,23,6330,2021-11-01,0
2021-01-14,41,6371,2021-11-01,0
2021-01-15,26,6397,2021-11-01,0
2021-01-16,30,6427,2021-11-01,0
2021-01-17,21,6448,2021-11-01,0
2021-01-18,19,6467,2021-11-01,0
2021-01-19,14,6481,2021-11-01,0
2021-01-20,26,6507,2021-11-01,0
2021-01-21,16,6523,2021-11-01,0
2021-01-22,13,6536,2021-11-01,0
2021-01-23,17,6553,2021-11-01,0
2021-01-24,24,6577,2021-11-01,0
2021-01-25,19,6596,2021-11-01,0
2021-01-26,21,6617,2021-11-01,0
2021-01-27,11,6628,2021-11-01,0
2021-01-28,12,6640,2021-11-01,0
2021-01-29,15,6655,2021-11-01,0
2021-01-30,13,6668,2021-11-01,0
2021-01-31,16,6684,2021-11-01,0
2021-02-01,17,6701,2021-11-01,0
2021-02-02,10,6711,2021-11-01,0
2021-02-03,11,6722,2021-11-01,0
2021-02-04,11,6733,2021-11-01,0
2021-02-05,12,6745,2021-11-01,0
2021-02-06,12,6757,2021-11-01,0
2021-02-07,19,6776,2021-11-01,0
2021-02-08,11,6787,2021-11-01,0
2021-02-09,15,6802,2021-11-01,0
2021-02-10,14,6816,2021-11-01,0
2021-02-11,7,6823,2021-11-01,0
2021-02-12,13,6836,2021-11-01,0
2021-02-13,8,6844,2021-11-01,0
2021-02-14,10,6854,2021-11-01,0
2021-02-15,9,6863,2021-11-01,0
2021-02-16,12,6875,2021-11-01,0
2021-02-17,10,6885,2021-11-01,0
2021-02-18,7,6892,2021-11-01,0
2021-02-19,6,6898,2021-11-01,0
2021-02-20,7,6905,2021-11-01,0
2021-02-21,4,6909,2021-11-01,0
2021-02-22,5,6914,2021-11-01,0
2021-02-23,9,6923,2021-11-01,0
2021-02-24,5,6928,2021-11-01,0
2021-02-25,5,6933,2021-11-01,0
2021-02-26,7,6940,2021-11-01,0
2021-02-27,6,6946,2021-11-01,0
2021-02-28,8,6954,2021-11-01,0
2021-03-01,7,6961,2021-11-01,0
2021-03-02,3,6964,2021-11-01,0
2021-03-03,10,6974,2021-11-01,0
2021-03-04,6,6980,2021-11-01,0
2021-03-05,10,6990,2021-11-01,0
2021-03-06,5,6995,2021-11-01,0
2021-03-07,9,7004,2021-11-01,0
2021-03-08,5,7009,2021-11-01,0
2021-03-09,7,7016,2021-11-01,0
2021-03-10,5,7021,2021-11-01,0
2021-03-11,4,7025,2021-11-01,0
2021-03-12,11,7036,2021-11-01,0
2021-03-13,5,7041,2021-11-01,0
2021-03-14,5,7046,2021-11-01,0
2021-03-15,2,7048,2021-11-01,0
2021-03-16,6,7054,2021-11-01,0
2021-03-17,4,7058,2021-11-01,0
2021-03-18,5,7063,2021-11-01,0
2021-03-19,5,7068,2021-11-01,0
2021-03-20,9,7077,2021-11-01,0
2021-03-21,5,7082,2021-11-01,0
2021-03-22,4,7086,2021-11-01,0
2021-03-23,5,7091,2021-11-01,0
2021-03-24,1,7092,2021-11-01,0
2021-03-25,5,7097,2021-11-01,0
2021-03-26,3,7100,2021-11-01,0
2021-03-27,7,7107,2021-11-01,0
2021-03-28,6,7113,2021-11-01,0
2021-03-29,5,7118,2021-11-01,0
2021-03-30,6,7124,2021-11-01,0
2021-03-31,8,7132,2021-11-01,0
2021-04-01,6,7138,2021-11-01,0
2021-04-02,9,7147,2021-11-01,0
2021-04-03,8,7155,2021-11-01,0
2021-04-04,6,7161,2021-11-01,0
2021-04-05,8,7169,2021-11-01,0
2021-04-06,7,7176,2021-11-01,1
2021-04-07,6,7182,2021-11-01,0
2021-04-08,10,7192,2021-11-01,0
2021-04-09,7,7199,2021-11-01,0
2021-04-10,7,7206,2021-11-01,0
2021-04-11,8,7214,2021-11-01,0
2021-04-12,10,7224,2021-11-01,0
2021-04-13,7,7231,2021-11-01,0
2021-04-14,8,7239,2021-11-01,0
2021-04-15,14,7253,2021-11-01,0
2021-04-16,8,7261,2021-11-01,0
2021-04-17,8,7269,2021-11-01,0
2021-04-18,8,7277,2021-11-01,0
2021-04-19,10,7287,2021-11-01,0
2021-04-20,5,7292,2021-11-01,0
2021-04-21,8,7300,2021-11-01,0
2021-04-22,2,7302,2021-11-01,0
2021-04-23,15,7317,2021-11-01,0
2021-04-24,11,7328,2021-11-01,0
2021-04-25,15,7343,2021-11-01,0
2021-04-26,15,7358,2021-11-01,0
2021-04-27,7,7365,2021-11-01,0
2021-04-28,14,7379,2021-11-01,0
2021-04-29,8,7387,2021-11-01,0
2021-04-30,11,7398,2021-11-01,0
2021-05-01,7,7405,2021-11-01,0
2021-05-02,8,7413,2021-11-01,0
2021-05-03,5,7418,2021-11-01,0
2021-05-04,13,7431,2021-11-01,0
2021-05-05,8,7439,2021-11-01,0
2021-05-06,5,7444,2021-11-01,0
2021-05-07,8,7452,2021-11-01,0
2021-05-08,7,7459,2021-11-01,0
2021-05-09,9,7468,2021-11-01,0
2021-05-10,8,7476,2021-11-01,0
2021-05-11,6,7482,2021-11-01,0
2021-05-12,9,7491,2021-11-01,0
2021-05-13,9,7500,2021-11-01,0
2021-05-14,11,7511,2021-11-01,0
2021-05-15,10,7521,2021-11-01,0
2021-05-16,6,7527,2021-11-01,0
2021-05-17,6,7533,2021-11-01,0
2021-05-18,7,7540,2021-11-01,0
2021-05-19,2,7542,2021-11-01,0
2021-05-20,5,7547,2021-11-01,0
2021-05-21,7,7554,2021-11-01,0
2021-05-22,11,7565,2021-11-01,0
2021-05-23,5,7570,2021-11-01,0
2021-05-24,5,7575,2021-11-01,0
2021-05-25,6,7581,2021-11-01,0
2021-05-26,3,7584,2021-11-01,0
2021-05-27,7,7591,2021-11-01,0
2021-05-28,2,7593,2021-11-01,0
2021-05-29,6,7599,2021-11-01,0
2021-05-30,4,7603,2021-11-01,0
2021-05-31,3,7606,2021-11-01,0
2021-06-01,5,7611,2021-11-01,0
2021-06-02,8,7619,2021-11-01,0
2021-06-03,4,7623,2021-11-01,0
2021-06-04,4,7627,2021-11-01,0
2021-06-05,2,7629,2021-11-01,0
2021-06-06,5,7634,2021-11-01,0
2021-06-07,3,7637,2021-11-01,0
2021-06-08,5,7642,2021-11-01,0
2021-06-09,4,7646,2021-11-01,0
2021-06-10,6,7652,2021-11-01,0
2021-06-11,6,7658,2021-11-01,0
2021-06-12,4,7662,2021-11-01,0
2021-06-13,4,7666,2021-11-01,0
2021-06-14,3,7669,2021-11-01,0
2021-06-15,2,7671,2021-11-01,0
2021-06-16,2,7673,2021-11-01,0
2021-06-17,4,7677,2021-11-01,0
2021-06-18,1,7678,2021-11-01,0
2021-06-19,6,7684,2021-11-01,0
2021-06-20,1,7685,2021-11-01,0
2021-06-21,5,7690,2021-11-01,0
2021-06-22,3,7693,2021-11-01,0
2021-06-23,4,7697,2021-11-01,0
2021-06-24,3,7700,2021-11-01,0
2021-06-25,3,7703,2021-11-01,0
2021-06-26,4,7707,2021-11-01,0
2021-06-27,2,7709,2021-11-01,0
2021-06-28,2,7711,2021-11-01,0
2021-06-29,2,7713,2021-11-01,0
2021-06-30,2,7715,2021-11-01,0
2021-07-01,0,7715,2021-11-01,0
2021-07-02,2,7717,2021-11-01,0
2021-07-03,2,7719,2021-11-01,0
2021-07-04,3,7722,2021-11-01,0
2021-07-05,1,7723,2021-11-01,0
2021-07-06,4,7727,2021-11-01,0
2021-07-07,1,7728,2021-11-01,0
2021-07-08,1,7729,2021-11-01,0
2021-07-09,0,7729,2021-11-01,0
2021-07-10,1,7730,2021-11-01,0
2021-07-11,3,7733,2021-11-01,0
2021-07-12,1,7734,2021-11-01,0
2021-07-13,2,7736,2021-11-01,0
2021-07-14,2,7738,2021-11-01,0
2021-07-15,2,7740,2021-11-01,0
2021-07-16,1,7741,2021-11-01,0
2021-07-17,1,7742,2021-11-01,0
2021-07-18,0,7742,2021-11-01,0
2021-07-19,0,7742,2021-11-01,0
2021-07-20,2,7744,2021-11-01,0
2021-07-21,2,7746,2021-11-01,0
2021-07-22,2,7748,2021-11-01,0
2021-07-23,3,7751,2021-11-01,0
2021-07-24,0,7751,2021-11-01,0
2021-07-25,2,7753,2021-11-01,0
2021-07-26,1,7754,2021-11-01,0
2021-07-27,2,7756,2021-11-01,0
2021-07-28,3,7759,2021-11-01,0
2021-07-29,2,7761,2021-11-01,0
2021-07-30,5,7766,2021-11-01,0
2021-07-31,4,7770,2021-11-01,0
2021-08-01,1,7771,2021-11-01,0
2021-08-02,3,7774,2021-11-01,0
2021-08-03,2,7776,2021-11-01,0
2021-08-04,3,7779,2021-11-01,0
2021-08-05,2,7781,2021-11-01,0
2021-08-06,7,7788,2021-11-01,0
2021-08-07,3,7791,2021-11-01,0
2021-08-08,2,7793,2021-11-01,0
2021-08-09,3,7796,2021-11-01,0
2021-08-10,2,7798,2021-11-01,0
2021-08-11,2,7800,2021-11-01,0
2021-08-12,7,7807,2021-11-01,0
2021-08-13,5,7812,2021-11-01,0
2021-08-14,6,7818,2021-11-01,0
2021-08-15,0,7818,2021-11-01,0
2021-08-16,7,7825,2021-11-01,0
2021-08-17,7,7832,2021-11-01,0
2021-08-18,9,7841,2021-11-01,0
2021-08-19,2,7843,2021-11-01,0
2021-08-20,3,7846,2021-11-01,0
2021-08-21,5,7851,2021-11-01,0
2021-08-22,7,7858,2021-11-01,0
2021-08-23,5,7863,2021-11-01,0
2021-08-24,12,7875,2021-11-01,0
2021-08-25,7,7882,2021-11-01,0
2021-08-26,2,7884,2021-11-01,0
2021-08-27,6,7890,2021-11-01,0
2021-08-28,11,7901,2021-11-01,0
2021-08-29,11,7912,2021-11-01,0
2021-08-30,8,7920,2021-11-01,0
2021-08-31,6,7926,2021-11-01,0
2021-09-01,6,7932,2021-11-01,0
2021-09-02,6,7938,2021-11-01,0
2021-09-03,9,7947,2021-11-01,0
2021-09-04,9,7956,2021-11-01,0
2021-09-05,10,7966,2021-11-01,0
2021-09-06,7,7973,2021-11-01,0
2021-09-07,7,7980,2021-11-01,0
2021-09-08,10,7990,2021-11-01,0
2021-09-09,5,7995,2021-11-01,0
2021-09-10,9,8004,2021-11-01,0
2021-09-11,17,8021,2021-11-01,0
2021-09-12,10,8031,2021-11-01,0
2021-09-13,7,8038,2021-11-01,0
2021-09-14,11,8049,2021-11-01,0
2021-09-15,14,8063,2021-11-01,0
2021-09-16,16,8079,2021-11-01,0
2021-09-17,8,8087,2021-11-01,0
2021-09-18,13,8100,2021-11-01,0
2021-09-19,11,8111,2021-11-01,0
2021-09-20,15,8126,2021-11-01,0
2021-09-21,15,8141,2021-11-01,0
2021-09-22,16,8157,2021-11-01,0
2021-09-23,12,8169,2021-11-01,0
2021-09-24,12,8181,2021-11-01,0
2021-09-25,16,8197,2021-11-01,0
2021-09-26,13,8210,2021-11-01,0
2021-09-27,15,8225,2021-11-01,0
2021-09-28,9,8234,2021-11-01,0
2021-09-29,19,8253,2021-11-01,0
2021-09-30,17,8270,2021-11-01,0
2021-10-01,13,8283,2021-11-01,0
2021-10-02,13,8296,2021-11-01,0
2021-10-03,23,8319,2021-11-01,0
2021-10-04,13,8332,2021-11-01,0
2021-10-05,23,8355,2021-11-01,0
2021-10-06,20,8375,2021-11-01,0
2021-10-07,12,8387,2021-11-01,0
2021-10-08,22,8409,2021-11-01,1
2021-10-09,20,8429,2021-11-01,0
2021-10-10,11,8440,2021-11-01,1
2021-10-11,10,8450,2021-11-01,0
2021-10-12,23,8473,2021-11-01,0
2021-10-13,19,8492,2021-11-01,0
2021-10-14,19,8511,2021-11-01,0
2021-10-15,13,8524,2021-11-01,0
2021-10-16,19,8543,2021-11-01,0
2021-10-17,16,8559,2021-11-01,1
2021-10-18,15,8574,2021-11-01,0
2021-10-19,21,8595,2021-11-01,1
2021-10-20,15,8610,2021-11-01,0
2021-10-21,6,8616,2021-11-01,0
2021-10-22,19,8635,2021-11-01,2
2021-10-23,16,8651,2021-11-01,2
2021-10-24,21,8672,2021-11-01,3
2021-10-25,11,8683,2021-11-01,5
2021-10-26,6,8689,2021-11-01,3
2021-10-27,5,8694,2021-11-01,5
NA,0,8694,2021-11-01,0
2020-03-19,1,1,2021-11-02,0
2020-03-20,0,1,2021-11-02,0
2020-03-21,0,1,2021-11-02,0
2020-03-22,0,1,2021-11-02,0
2020-03-23,0,1,2021-11-02,0
2020-03-24,1,2,2021-11-02,0
2020-03-25,1,3,2021-11-02,0
2020-03-26,1,4,2021-11-02,0
2020-03-27,5,9,2021-11-02,0
2020-03-28,3,12,2021-11-02,0
2020-03-29,0,12,2021-11-02,0
2020-03-30,5,17,2021-11-02,0
2020-03-31,2,19,2021-11-02,0
2020-04-01,5,24,2021-11-02,0
2020-04-02,3,27,2021-11-02,0
2020-04-03,1,28,2021-11-02,0
2020-04-04,5,33,2021-11-02,0
2020-04-05,5,38,2021-11-02,0
2020-04-06,10,48,2021-11-02,0
2020-04-07,6,54,2021-11-02,0
2020-04-08,7,61,2021-11-02,0
2020-04-09,8,69,2021-11-02,0
2020-04-10,6,75,2021-11-02,0
2020-04-11,4,79,2021-11-02,0
2020-04-12,4,83,2021-11-02,0
2020-04-13,10,93,2021-11-02,0
2020-04-14,6,99,2021-11-02,0
2020-04-15,17,116,2021-11-02,0
2020-04-16,10,126,2021-11-02,0
2020-04-17,17,143,2021-11-02,0
2020-04-18,17,160,2021-11-02,0
2020-04-19,16,176,2021-11-02,0
2020-04-20,21,197,2021-11-02,0
2020-04-21,26,223,2021-11-02,0
2020-04-22,21,244,2021-11-02,0
2020-04-23,19,263,2021-11-02,0
2020-04-24,23,286,2021-11-02,0
2020-04-25,18,304,2021-11-02,0
2020-04-26,17,321,2021-11-02,0
2020-04-27,21,342,2021-11-02,0
2020-04-28,16,358,2021-11-02,0
2020-04-29,29,387,2021-11-02,0
2020-04-30,18,405,2021-11-02,0
2020-05-01,30,435,2021-11-02,0
2020-05-02,19,454,2021-11-02,0
2020-05-03,29,483,2021-11-02,0
2020-05-04,23,506,2021-11-02,0
2020-05-05,19,525,2021-11-02,0
2020-05-06,25,550,2021-11-02,0
2020-05-07,30,580,2021-11-02,0
2020-05-08,20,600,2021-11-02,0
2020-05-09,26,626,2021-11-02,0
2020-05-10,19,645,2021-11-02,0
2020-05-11,25,670,2021-11-02,0
2020-05-12,20,690,2021-11-02,0
2020-05-13,22,712,2021-11-02,0
2020-05-14,20,732,2021-11-02,0
2020-05-15,20,752,2021-11-02,0
2020-05-16,20,772,2021-11-02,0
2020-05-17,23,795,2021-11-02,0
2020-05-18,18,813,2021-11-02,0
2020-05-19,35,848,2021-11-02,0
2020-05-20,24,872,2021-11-02,0
2020-05-21,17,889,2021-11-02,0
2020-05-22,20,909,2021-11-02,0
2020-05-23,26,935,2021-11-02,0
2020-05-24,25,960,2021-11-02,0
2020-05-25,30,990,2021-11-02,0
2020-05-26,29,1019,2021-11-02,0
2020-05-27,25,1044,2021-11-02,0
2020-05-28,21,1065,2021-11-02,0
2020-05-29,17,1082,2021-11-02,0
2020-05-30,11,1093,2021-11-02,0
2020-05-31,20,1113,2021-11-02,0
2020-06-01,23,1136,2021-11-02,0
2020-06-02,21,1157,2021-11-02,0
2020-06-03,25,1182,2021-11-02,0
2020-06-04,26,1208,2021-11-02,0
2020-06-05,18,1226,2021-11-02,0
2020-06-06,12,1238,2021-11-02,0
2020-06-07,22,1260,2021-11-02,0
2020-06-08,12,1272,2021-11-02,0
2020-06-09,13,1285,2021-11-02,0
2020-06-10,10,1295,2021-11-02,0
2020-06-11,12,1307,2021-11-02,0
2020-06-12,11,1318,2021-11-02,0
2020-06-13,13,1331,2021-11-02,0
2020-06-14,11,1342,2021-11-02,0
2020-06-15,8,1350,2021-11-02,0
2020-06-16,9,1359,2021-11-02,0
2020-06-17,17,1376,2021-11-02,0
2020-06-18,9,1385,2021-11-02,0
2020-06-19,8,1393,2021-11-02,0
2020-06-20,12,1405,2021-11-02,0
2020-06-21,11,1416,2021-11-02,0
2020-06-22,6,1422,2021-11-02,0
2020-06-23,10,1432,2021-11-02,0
2020-06-24,1,1433,2021-11-02,0
2020-06-25,9,1442,2021-11-02,0
2020-06-26,6,1448,2021-11-02,0
2020-06-27,5,1453,2021-11-02,0
2020-06-28,11,1464,2021-11-02,0
2020-06-29,7,1471,2021-11-02,0
2020-06-30,9,1480,2021-11-02,0
2020-07-01,2,1482,2021-11-02,0
2020-07-02,3,1485,2021-11-02,0
2020-07-03,5,1490,2021-11-02,0
2020-07-04,4,1494,2021-11-02,0
2020-07-05,6,1500,2021-11-02,0
2020-07-06,4,1504,2021-11-02,0
2020-07-07,2,1506,2021-11-02,0
2020-07-08,9,1515,2021-11-02,0
2020-07-09,4,1519,2021-11-02,0
2020-07-10,3,1522,2021-11-02,0
2020-07-11,4,1526,2021-11-02,0
2020-07-12,6,1532,2021-11-02,0
2020-07-13,2,1534,2021-11-02,0
2020-07-14,6,1540,2021-11-02,0
2020-07-15,7,1547,2021-11-02,0
2020-07-16,3,1550,2021-11-02,0
2020-07-17,7,1557,2021-11-02,0
2020-07-18,6,1563,2021-11-02,0
2020-07-19,5,1568,2021-11-02,0
2020-07-20,3,1571,2021-11-02,0
2020-07-21,6,1577,2021-11-02,0
2020-07-22,5,1582,2021-11-02,0
2020-07-23,8,1590,2021-11-02,0
2020-07-24,6,1596,2021-11-02,0
2020-07-25,2,1598,2021-11-02,0
2020-07-26,5,1603,2021-11-02,0
2020-07-27,5,1608,2021-11-02,0
2020-07-28,7,1615,2021-11-02,0
2020-07-29,3,1618,2021-11-02,0
2020-07-30,6,1624,2021-11-02,0
2020-07-31,9,1633,2021-11-02,0
2020-08-01,4,1637,2021-11-02,0
2020-08-02,7,1644,2021-11-02,0
2020-08-03,4,1648,2021-11-02,0
2020-08-04,7,1655,2021-11-02,0
2020-08-05,8,1663,2021-11-02,0
2020-08-06,9,1672,2021-11-02,0
2020-08-07,7,1679,2021-11-02,0
2020-08-08,6,1685,2021-11-02,0
2020-08-09,10,1695,2021-11-02,0
2020-08-10,3,1698,2021-11-02,0
2020-08-11,9,1707,2021-11-02,0
2020-08-12,7,1714,2021-11-02,0
2020-08-13,5,1719,2021-11-02,0
2020-08-14,9,1728,2021-11-02,0
2020-08-15,13,1741,2021-11-02,0
2020-08-16,13,1754,2021-11-02,0
2020-08-17,6,1760,2021-11-02,0
2020-08-18,11,1771,2021-11-02,0
2020-08-19,3,1774,2021-11-02,0
2020-08-20,10,1784,2021-11-02,0
2020-08-21,12,1796,2021-11-02,0
2020-08-22,9,1805,2021-11-02,0
2020-08-23,7,1812,2021-11-02,0
2020-08-24,9,1821,2021-11-02,0
2020-08-25,4,1825,2021-11-02,0
2020-08-26,3,1828,2021-11-02,0
2020-08-27,7,1835,2021-11-02,0
2020-08-28,6,1841,2021-11-02,0
2020-08-29,3,1844,2021-11-02,0
2020-08-30,5,1849,2021-11-02,0
2020-08-31,9,1858,2021-11-02,0
2020-09-01,2,1860,2021-11-02,0
2020-09-02,7,1867,2021-11-02,0
2020-09-03,12,1879,2021-11-02,0
2020-09-04,4,1883,2021-11-02,0
2020-09-05,6,1889,2021-11-02,0
2020-09-06,12,1901,2021-11-02,0
2020-09-07,3,1904,2021-11-02,0
2020-09-08,6,1910,2021-11-02,0
2020-09-09,10,1920,2021-11-02,0
2020-09-10,9,1929,2021-11-02,0
2020-09-11,11,1940,2021-11-02,0
2020-09-12,8,1948,2021-11-02,0
2020-09-13,8,1956,2021-11-02,0
2020-09-14,2,1958,2021-11-02,0
2020-09-15,7,1965,2021-11-02,0
2020-09-16,9,1974,2021-11-02,0
2020-09-17,5,1979,2021-11-02,0
2020-09-18,6,1985,2021-11-02,0
2020-09-19,4,1989,2021-11-02,0
2020-09-20,9,1998,2021-11-02,0
2020-09-21,7,2005,2021-11-02,0
2020-09-22,8,2013,2021-11-02,0
2020-09-23,9,2022,2021-11-02,0
2020-09-24,8,2030,2021-11-02,0
2020-09-25,11,2041,2021-11-02,0
2020-09-26,9,2050,2021-11-02,0
2020-09-27,14,2064,2021-11-02,0
2020-09-28,11,2075,2021-11-02,0
2020-09-29,5,2080,2021-11-02,0
2020-09-30,16,2096,2021-11-02,0
2020-10-01,7,2103,2021-11-02,0
2020-10-02,13,2116,2021-11-02,0
2020-10-03,9,2125,2021-11-02,0
2020-10-04,7,2132,2021-11-02,0
2020-10-05,10,2142,2021-11-02,0
2020-10-06,13,2155,2021-11-02,0
2020-10-07,19,2174,2021-11-02,0
2020-10-08,9,2183,2021-11-02,0
2020-10-09,17,2200,2021-11-02,0
2020-10-10,16,2216,2021-11-02,0
2020-10-11,16,2232,2021-11-02,0
2020-10-12,20,2252,2021-11-02,0
2020-10-13,14,2266,2021-11-02,0
2020-10-14,10,2276,2021-11-02,0
2020-10-15,9,2285,2021-11-02,0
2020-10-16,12,2297,2021-11-02,0
2020-10-17,18,2315,2021-11-02,0
2020-10-18,25,2340,2021-11-02,0
2020-10-19,18,2358,2021-11-02,0
2020-10-20,15,2373,2021-11-02,0
2020-10-21,24,2397,2021-11-02,0
2020-10-22,18,2415,2021-11-02,0
2020-10-23,19,2434,2021-11-02,0
2020-10-24,8,2442,2021-11-02,0
2020-10-25,17,2459,2021-11-02,0
2020-10-26,25,2484,2021-11-02,0
2020-10-27,23,2507,2021-11-02,0
2020-10-28,29,2536,2021-11-02,0
2020-10-29,18,2554,2021-11-02,0
2020-10-30,27,2581,2021-11-02,0
2020-10-31,25,2606,2021-11-02,0
2020-11-01,21,2627,2021-11-02,0
2020-11-02,25,2652,2021-11-02,0
2020-11-03,25,2677,2021-11-02,0
2020-11-04,33,2710,2021-11-02,0
2020-11-05,38,2748,2021-11-02,0
2020-11-06,39,2787,2021-11-02,0
2020-11-07,42,2829,2021-11-02,0
2020-11-08,47,2876,2021-11-02,0
2020-11-09,36,2912,2021-11-02,0
2020-11-10,35,2947,2021-11-02,0
2020-11-11,43,2990,2021-11-02,0
2020-11-12,45,3035,2021-11-02,0
2020-11-13,40,3075,2021-11-02,0
2020-11-14,47,3122,2021-11-02,0
2020-11-15,46,3168,2021-11-02,0
2020-11-16,62,3230,2021-11-02,0
2020-11-17,56,3286,2021-11-02,0
2020-11-18,61,3347,2021-11-02,0
2020-11-19,60,3407,2021-11-02,0
2020-11-20,63,3470,2021-11-02,0
2020-11-21,58,3528,2021-11-02,0
2020-11-22,67,3595,2021-11-02,0
2020-11-23,59,3654,2021-11-02,0
2020-11-24,69,3723,2021-11-02,0
2020-11-25,72,3795,2021-11-02,0
2020-11-26,54,3849,2021-11-02,0
2020-11-27,69,3918,2021-11-02,0
2020-11-28,62,3980,2021-11-02,0
2020-11-29,68,4048,2021-11-02,0
2020-11-30,61,4109,2021-11-02,0
2020-12-01,64,4173,2021-11-02,0
2020-12-02,73,4246,2021-11-02,0
2020-12-03,86,4332,2021-11-02,0
2020-12-04,67,4399,2021-11-02,0
2020-12-05,74,4473,2021-11-02,0
2020-12-06,80,4553,2021-11-02,0
2020-12-07,75,4628,2021-11-02,0
2020-12-08,61,4689,2021-11-02,0
2020-12-09,71,4760,2021-11-02,0
2020-12-10,72,4832,2021-11-02,0
2020-12-11,71,4903,2021-11-02,0
2020-12-12,72,4975,2021-11-02,0
2020-12-13,56,5031,2021-11-02,0
2020-12-14,43,5074,2021-11-02,0
2020-12-15,65,5139,2021-11-02,0
2020-12-16,73,5212,2021-11-02,0
2020-12-17,60,5272,2021-11-02,0
2020-12-18,59,5331,2021-11-02,0
2020-12-19,56,5387,2021-11-02,0
2020-12-20,61,5448,2021-11-02,0
2020-12-21,58,5506,2021-11-02,0
2020-12-22,33,5539,2021-11-02,0
2020-12-23,46,5585,2021-11-02,0
2020-12-24,50,5635,2021-11-02,0
2020-12-25,36,5671,2021-11-02,0
2020-12-26,43,5714,2021-11-02,0
2020-12-27,41,5755,2021-11-02,0
2020-12-28,34,5789,2021-11-02,0
2020-12-29,37,5826,2021-11-02,0
2020-12-30,47,5873,2021-11-02,0
2020-12-31,36,5909,2021-11-02,0
2021-01-01,28,5937,2021-11-02,0
2021-01-02,47,5984,2021-11-02,0
2021-01-03,37,6021,2021-11-02,0
2021-01-04,32,6053,2021-11-02,0
2021-01-05,40,6093,2021-11-02,0
2021-01-06,32,6125,2021-11-02,0
2021-01-07,37,6162,2021-11-02,0
2021-01-08,32,6194,2021-11-02,0
2021-01-09,26,6220,2021-11-02,0
2021-01-10,29,6249,2021-11-02,0
2021-01-11,26,6275,2021-11-02,0
2021-01-12,32,6307,2021-11-02,0
2021-01-13,23,6330,2021-11-02,0
2021-01-14,41,6371,2021-11-02,0
2021-01-15,26,6397,2021-11-02,0
2021-01-16,30,6427,2021-11-02,0
2021-01-17,21,6448,2021-11-02,0
2021-01-18,19,6467,2021-11-02,0
2021-01-19,14,6481,2021-11-02,0
2021-01-20,26,6507,2021-11-02,0
2021-01-21,16,6523,2021-11-02,0
2021-01-22,13,6536,2021-11-02,0
2021-01-23,17,6553,2021-11-02,0
2021-01-24,24,6577,2021-11-02,0
2021-01-25,19,6596,2021-11-02,0
2021-01-26,21,6617,2021-11-02,0
2021-01-27,11,6628,2021-11-02,0
2021-01-28,12,6640,2021-11-02,0
2021-01-29,15,6655,2021-11-02,0
2021-01-30,13,6668,2021-11-02,0
2021-01-31,16,6684,2021-11-02,0
2021-02-01,17,6701,2021-11-02,0
2021-02-02,10,6711,2021-11-02,0
2021-02-03,11,6722,2021-11-02,0
2021-02-04,11,6733,2021-11-02,0
2021-02-05,12,6745,2021-11-02,0
2021-02-06,12,6757,2021-11-02,0
2021-02-07,19,6776,2021-11-02,0
2021-02-08,11,6787,2021-11-02,0
2021-02-09,15,6802,2021-11-02,0
2021-02-10,14,6816,2021-11-02,0
2021-02-11,7,6823,2021-11-02,0
2021-02-12,13,6836,2021-11-02,0
2021-02-13,8,6844,2021-11-02,0
2021-02-14,10,6854,2021-11-02,0
2021-02-15,9,6863,2021-11-02,0
2021-02-16,12,6875,2021-11-02,0
2021-02-17,10,6885,2021-11-02,0
2021-02-18,7,6892,2021-11-02,0
2021-02-19,6,6898,2021-11-02,0
2021-02-20,7,6905,2021-11-02,0
2021-02-21,4,6909,2021-11-02,0
2021-02-22,5,6914,2021-11-02,0
2021-02-23,9,6923,2021-11-02,0
2021-02-24,5,6928,2021-11-02,0
2021-02-25,5,6933,2021-11-02,0
2021-02-26,7,6940,2021-11-02,0
2021-02-27,6,6946,2021-11-02,0
2021-02-28,8,6954,2021-11-02,0
2021-03-01,7,6961,2021-11-02,0
2021-03-02,3,6964,2021-11-02,0
2021-03-03,10,6974,2021-11-02,0
2021-03-04,6,6980,2021-11-02,0
2021-03-05,10,6990,2021-11-02,0
2021-03-06,5,6995,2021-11-02,0
2021-03-07,9,7004,2021-11-02,0
2021-03-08,5,7009,2021-11-02,0
2021-03-09,7,7016,2021-11-02,0
2021-03-10,5,7021,2021-11-02,0
2021-03-11,4,7025,2021-11-02,0
2021-03-12,11,7036,2021-11-02,0
2021-03-13,5,7041,2021-11-02,0
2021-03-14,5,7046,2021-11-02,0
2021-03-15,2,7048,2021-11-02,0
2021-03-16,6,7054,2021-11-02,0
2021-03-17,4,7058,2021-11-02,0
2021-03-18,5,7063,2021-11-02,0
2021-03-19,5,7068,2021-11-02,0
2021-03-20,9,7077,2021-11-02,0
2021-03-21,5,7082,2021-11-02,0
2021-03-22,4,7086,2021-11-02,0
2021-03-23,5,7091,2021-11-02,0
2021-03-24,1,7092,2021-11-02,0
2021-03-25,5,7097,2021-11-02,0
2021-03-26,3,7100,2021-11-02,0
2021-03-27,7,7107,2021-11-02,0
2021-03-28,6,7113,2021-11-02,0
2021-03-29,5,7118,2021-11-02,0
2021-03-30,6,7124,2021-11-02,0
2021-03-31,8,7132,2021-11-02,0
2021-04-01,6,7138,2021-11-02,0
2021-04-02,9,7147,2021-11-02,0
2021-04-03,8,7155,2021-11-02,0
2021-04-04,6,7161,2021-11-02,0
2021-04-05,8,7169,2021-11-02,0
2021-04-06,7,7176,2021-11-02,0
2021-04-07,6,7182,2021-11-02,0
2021-04-08,10,7192,2021-11-02,0
2021-04-09,7,7199,2021-11-02,0
2021-04-10,7,7206,2021-11-02,0
2021-04-11,8,7214,2021-11-02,0
2021-04-12,10,7224,2021-11-02,0
2021-04-13,7,7231,2021-11-02,0
2021-04-14,8,7239,2021-11-02,0
2021-04-15,14,7253,2021-11-02,0
2021-04-16,8,7261,2021-11-02,0
2021-04-17,8,7269,2021-11-02,0
2021-04-18,8,7277,2021-11-02,0
2021-04-19,10,7287,2021-11-02,0
2021-04-20,5,7292,2021-11-02,0
2021-04-21,8,7300,2021-11-02,0
2021-04-22,2,7302,2021-11-02,0
2021-04-23,15,7317,2021-11-02,0
2021-04-24,11,7328,2021-11-02,0
2021-04-25,15,7343,2021-11-02,0
2021-04-26,15,7358,2021-11-02,0
2021-04-27,7,7365,2021-11-02,0
2021-04-28,14,7379,2021-11-02,0
2021-04-29,8,7387,2021-11-02,0
2021-04-30,11,7398,2021-11-02,0
2021-05-01,7,7405,2021-11-02,0
2021-05-02,8,7413,2021-11-02,0
2021-05-03,5,7418,2021-11-02,0
2021-05-04,13,7431,2021-11-02,0
2021-05-05,8,7439,2021-11-02,0
2021-05-06,5,7444,2021-11-02,0
2021-05-07,8,7452,2021-11-02,0
2021-05-08,7,7459,2021-11-02,0
2021-05-09,9,7468,2021-11-02,0
2021-05-10,8,7476,2021-11-02,0
2021-05-11,6,7482,2021-11-02,0
2021-05-12,9,7491,2021-11-02,0
2021-05-13,9,7500,2021-11-02,0
2021-05-14,11,7511,2021-11-02,0
2021-05-15,10,7521,2021-11-02,0
2021-05-16,6,7527,2021-11-02,0
2021-05-17,6,7533,2021-11-02,0
2021-05-18,7,7540,2021-11-02,0
2021-05-19,2,7542,2021-11-02,0
2021-05-20,5,7547,2021-11-02,0
2021-05-21,7,7554,2021-11-02,0
2021-05-22,11,7565,2021-11-02,0
2021-05-23,5,7570,2021-11-02,0
2021-05-24,5,7575,2021-11-02,0
2021-05-25,6,7581,2021-11-02,0
2021-05-26,3,7584,2021-11-02,0
2021-05-27,7,7591,2021-11-02,0
2021-05-28,2,7593,2021-11-02,0
2021-05-29,6,7599,2021-11-02,0
2021-05-30,4,7603,2021-11-02,0
2021-05-31,3,7606,2021-11-02,0
2021-06-01,5,7611,2021-11-02,0
2021-06-02,8,7619,2021-11-02,0
2021-06-03,4,7623,2021-11-02,0
2021-06-04,4,7627,2021-11-02,0
2021-06-05,2,7629,2021-11-02,0
2021-06-06,5,7634,2021-11-02,0
2021-06-07,3,7637,2021-11-02,0
2021-06-08,5,7642,2021-11-02,0
2021-06-09,4,7646,2021-11-02,0
2021-06-10,6,7652,2021-11-02,0
2021-06-11,6,7658,2021-11-02,0
2021-06-12,4,7662,2021-11-02,0
2021-06-13,4,7666,2021-11-02,0
2021-06-14,3,7669,2021-11-02,0
2021-06-15,2,7671,2021-11-02,0
2021-06-16,2,7673,2021-11-02,0
2021-06-17,4,7677,2021-11-02,0
2021-06-18,1,7678,2021-11-02,0
2021-06-19,6,7684,2021-11-02,0
2021-06-20,1,7685,2021-11-02,0
2021-06-21,5,7690,2021-11-02,0
2021-06-22,3,7693,2021-11-02,0
2021-06-23,4,7697,2021-11-02,0
2021-06-24,3,7700,2021-11-02,0
2021-06-25,3,7703,2021-11-02,0
2021-06-26,4,7707,2021-11-02,0
2021-06-27,2,7709,2021-11-02,0
2021-06-28,2,7711,2021-11-02,0
2021-06-29,2,7713,2021-11-02,0
2021-06-30,2,7715,2021-11-02,0
2021-07-01,0,7715,2021-11-02,0
2021-07-02,2,7717,2021-11-02,0
2021-07-03,2,7719,2021-11-02,0
2021-07-04,3,7722,2021-11-02,0
2021-07-05,1,7723,2021-11-02,0
2021-07-06,4,7727,2021-11-02,0
2021-07-07,1,7728,2021-11-02,0
2021-07-08,1,7729,2021-11-02,0
2021-07-09,0,7729,2021-11-02,0
2021-07-10,1,7730,2021-11-02,0
2021-07-11,3,7733,2021-11-02,0
2021-07-12,1,7734,2021-11-02,0
2021-07-13,2,7736,2021-11-02,0
2021-07-14,2,7738,2021-11-02,0
2021-07-15,2,7740,2021-11-02,0
2021-07-16,1,7741,2021-11-02,0
2021-07-17,1,7742,2021-11-02,0
2021-07-18,0,7742,2021-11-02,0
2021-07-19,0,7742,2021-11-02,0
2021-07-20,2,7744,2021-11-02,0
2021-07-21,2,7746,2021-11-02,0
2021-07-22,2,7748,2021-11-02,0
2021-07-23,3,7751,2021-11-02,0
2021-07-24,0,7751,2021-11-02,0
2021-07-25,2,7753,2021-11-02,0
2021-07-26,1,7754,2021-11-02,0
2021-07-27,2,7756,2021-11-02,0
2021-07-28,3,7759,2021-11-02,0
2021-07-29,2,7761,2021-11-02,0
2021-07-30,5,7766,2021-11-02,0
2021-07-31,4,7770,2021-11-02,0
2021-08-01,1,7771,2021-11-02,0
2021-08-02,3,7774,2021-11-02,0
2021-08-03,2,7776,2021-11-02,0
2021-08-04,3,7779,2021-11-02,0
2021-08-05,2,7781,2021-11-02,0
2021-08-06,7,7788,2021-11-02,0
2021-08-07,3,7791,2021-11-02,0
2021-08-08,2,7793,2021-11-02,0
2021-08-09,3,7796,2021-11-02,0
2021-08-10,2,7798,2021-11-02,0
2021-08-11,2,7800,2021-11-02,0
2021-08-12,7,7807,2021-11-02,0
2021-08-13,5,7812,2021-11-02,0
2021-08-14,6,7818,2021-11-02,0
2021-08-15,0,7818,2021-11-02,0
2021-08-16,7,7825,2021-11-02,0
2021-08-17,7,7832,2021-11-02,0
2021-08-18,9,7841,2021-11-02,0
2021-08-19,2,7843,2021-11-02,0
2021-08-20,3,7846,2021-11-02,0
2021-08-21,5,7851,2021-11-02,0
2021-08-22,7,7858,2021-11-02,0
2021-08-23,5,7863,2021-11-02,0
2021-08-24,12,7875,2021-11-02,0
2021-08-25,7,7882,2021-11-02,0
2021-08-26,2,7884,2021-11-02,0
2021-08-27,6,7890,2021-11-02,0
2021-08-28,11,7901,2021-11-02,0
2021-08-29,11,7912,2021-11-02,0
2021-08-30,8,7920,2021-11-02,0
2021-08-31,6,7926,2021-11-02,0
2021-09-01,6,7932,2021-11-02,0
2021-09-02,6,7938,2021-11-02,0
2021-09-03,9,7947,2021-11-02,0
2021-09-04,9,7956,2021-11-02,0
2021-09-05,10,7966,2021-11-02,0
2021-09-06,7,7973,2021-11-02,0
2021-09-07,7,7980,2021-11-02,0
2021-09-08,10,7990,2021-11-02,0
2021-09-09,5,7995,2021-11-02,0
2021-09-10,9,8004,2021-11-02,0
2021-09-11,17,8021,2021-11-02,0
2021-09-12,10,8031,2021-11-02,0
2021-09-13,7,8038,2021-11-02,0
2021-09-14,11,8049,2021-11-02,0
2021-09-15,14,8063,2021-11-02,0
2021-09-16,16,8079,2021-11-02,0
2021-09-17,8,8087,2021-11-02,0
2021-09-18,13,8100,2021-11-02,0
2021-09-19,11,8111,2021-11-02,0
2021-09-20,15,8126,2021-11-02,0
2021-09-21,15,8141,2021-11-02,0
2021-09-22,16,8157,2021-11-02,0
2021-09-23,12,8169,2021-11-02,0
2021-09-24,12,8181,2021-11-02,0
2021-09-25,16,8197,2021-11-02,0
2021-09-26,14,8211,2021-11-02,1
2021-09-27,15,8226,2021-11-02,0
2021-09-28,10,8236,2021-11-02,1
2021-09-29,19,8255,2021-11-02,0
2021-09-30,17,8272,2021-11-02,0
2021-10-01,13,8285,2021-11-02,0
2021-10-02,13,8298,2021-11-02,0
2021-10-03,23,8321,2021-11-02,0
2021-10-04,13,8334,2021-11-02,0
2021-10-05,23,8357,2021-11-02,0
2021-10-06,20,8377,2021-11-02,0
2021-10-07,12,8389,2021-11-02,0
2021-10-08,22,8411,2021-11-02,0
2021-10-09,20,8431,2021-11-02,0
2021-10-10,11,8442,2021-11-02,0
2021-10-11,11,8453,2021-11-02,1
2021-10-12,23,8476,2021-11-02,0
2021-10-13,19,8495,2021-11-02,0
2021-10-14,19,8514,2021-11-02,0
2021-10-15,13,8527,2021-11-02,0
2021-10-16,19,8546,2021-11-02,0
2021-10-17,16,8562,2021-11-02,0
2021-10-18,15,8577,2021-11-02,0
2021-10-19,22,8599,2021-11-02,1
2021-10-20,15,8614,2021-11-02,0
2021-10-21,7,8621,2021-11-02,1
2021-10-22,21,8642,2021-11-02,2
2021-10-23,17,8659,2021-11-02,1
2021-10-24,22,8681,2021-11-02,1
2021-10-25,13,8694,2021-11-02,2
2021-10-26,12,8706,2021-11-02,6
2021-10-27,7,8713,2021-11-02,2
2021-10-28,5,8718,2021-11-02,5
NA,0,8718,2021-11-02,0
2020-03-19,1,1,2021-11-03,0
2020-03-20,0,1,2021-11-03,0
2020-03-21,0,1,2021-11-03,0
2020-03-22,0,1,2021-11-03,0
2020-03-23,0,1,2021-11-03,0
2020-03-24,1,2,2021-11-03,0
2020-03-25,1,3,2021-11-03,0
2020-03-26,1,4,2021-11-03,0
2020-03-27,5,9,2021-11-03,0
2020-03-28,3,12,2021-11-03,0
2020-03-29,0,12,2021-11-03,0
2020-03-30,5,17,2021-11-03,0
2020-03-31,2,19,2021-11-03,0
2020-04-01,5,24,2021-11-03,0
2020-04-02,3,27,2021-11-03,0
2020-04-03,1,28,2021-11-03,0
2020-04-04,5,33,2021-11-03,0
2020-04-05,5,38,2021-11-03,0
2020-04-06,10,48,2021-11-03,0
2020-04-07,6,54,2021-11-03,0
2020-04-08,7,61,2021-11-03,0
2020-04-09,8,69,2021-11-03,0
2020-04-10,6,75,2021-11-03,0
2020-04-11,4,79,2021-11-03,0
2020-04-12,4,83,2021-11-03,0
2020-04-13,10,93,2021-11-03,0
2020-04-14,6,99,2021-11-03,0
2020-04-15,17,116,2021-11-03,0
2020-04-16,10,126,2021-11-03,0
2020-04-17,17,143,2021-11-03,0
2020-04-18,17,160,2021-11-03,0
2020-04-19,16,176,2021-11-03,0
2020-04-20,21,197,2021-11-03,0
2020-04-21,26,223,2021-11-03,0
2020-04-22,21,244,2021-11-03,0
2020-04-23,19,263,2021-11-03,0
2020-04-24,23,286,2021-11-03,0
2020-04-25,18,304,2021-11-03,0
2020-04-26,17,321,2021-11-03,0
2020-04-27,21,342,2021-11-03,0
2020-04-28,16,358,2021-11-03,0
2020-04-29,29,387,2021-11-03,0
2020-04-30,18,405,2021-11-03,0
2020-05-01,30,435,2021-11-03,0
2020-05-02,19,454,2021-11-03,0
2020-05-03,29,483,2021-11-03,0
2020-05-04,23,506,2021-11-03,0
2020-05-05,19,525,2021-11-03,0
2020-05-06,25,550,2021-11-03,0
2020-05-07,30,580,2021-11-03,0
2020-05-08,20,600,2021-11-03,0
2020-05-09,26,626,2021-11-03,0
2020-05-10,19,645,2021-11-03,0
2020-05-11,25,670,2021-11-03,0
2020-05-12,20,690,2021-11-03,0
2020-05-13,22,712,2021-11-03,0
2020-05-14,20,732,2021-11-03,0
2020-05-15,20,752,2021-11-03,0
2020-05-16,20,772,2021-11-03,0
2020-05-17,23,795,2021-11-03,0
2020-05-18,18,813,2021-11-03,0
2020-05-19,35,848,2021-11-03,0
2020-05-20,24,872,2021-11-03,0
2020-05-21,17,889,2021-11-03,0
2020-05-22,20,909,2021-11-03,0
2020-05-23,26,935,2021-11-03,0
2020-05-24,25,960,2021-11-03,0
2020-05-25,30,990,2021-11-03,0
2020-05-26,29,1019,2021-11-03,0
2020-05-27,25,1044,2021-11-03,0
2020-05-28,21,1065,2021-11-03,0
2020-05-29,17,1082,2021-11-03,0
2020-05-30,11,1093,2021-11-03,0
2020-05-31,20,1113,2021-11-03,0
2020-06-01,23,1136,2021-11-03,0
2020-06-02,21,1157,2021-11-03,0
2020-06-03,25,1182,2021-11-03,0
2020-06-04,26,1208,2021-11-03,0
2020-06-05,18,1226,2021-11-03,0
2020-06-06,12,1238,2021-11-03,0
2020-06-07,22,1260,2021-11-03,0
2020-06-08,12,1272,2021-11-03,0
2020-06-09,13,1285,2021-11-03,0
2020-06-10,10,1295,2021-11-03,0
2020-06-11,12,1307,2021-11-03,0
2020-06-12,11,1318,2021-11-03,0
2020-06-13,13,1331,2021-11-03,0
2020-06-14,11,1342,2021-11-03,0
2020-06-15,8,1350,2021-11-03,0
2020-06-16,9,1359,2021-11-03,0
2020-06-17,17,1376,2021-11-03,0
2020-06-18,9,1385,2021-11-03,0
2020-06-19,8,1393,2021-11-03,0
2020-06-20,12,1405,2021-11-03,0
2020-06-21,11,1416,2021-11-03,0
2020-06-22,6,1422,2021-11-03,0
2020-06-23,10,1432,2021-11-03,0
2020-06-24,1,1433,2021-11-03,0
2020-06-25,9,1442,2021-11-03,0
2020-06-26,6,1448,2021-11-03,0
2020-06-27,5,1453,2021-11-03,0
2020-06-28,11,1464,2021-11-03,0
2020-06-29,7,1471,2021-11-03,0
2020-06-30,9,1480,2021-11-03,0
2020-07-01,2,1482,2021-11-03,0
2020-07-02,3,1485,2021-11-03,0
2020-07-03,5,1490,2021-11-03,0
2020-07-04,4,1494,2021-11-03,0
2020-07-05,6,1500,2021-11-03,0
2020-07-06,4,1504,2021-11-03,0
2020-07-07,2,1506,2021-11-03,0
2020-07-08,9,1515,2021-11-03,0
2020-07-09,4,1519,2021-11-03,0
2020-07-10,3,1522,2021-11-03,0
2020-07-11,4,1526,2021-11-03,0
2020-07-12,6,1532,2021-11-03,0
2020-07-13,2,1534,2021-11-03,0
2020-07-14,6,1540,2021-11-03,0
2020-07-15,7,1547,2021-11-03,0
2020-07-16,3,1550,2021-11-03,0
2020-07-17,7,1557,2021-11-03,0
2020-07-18,6,1563,2021-11-03,0
2020-07-19,5,1568,2021-11-03,0
2020-07-20,3,1571,2021-11-03,0
2020-07-21,6,1577,2021-11-03,0
2020-07-22,5,1582,2021-11-03,0
2020-07-23,8,1590,2021-11-03,0
2020-07-24,6,1596,2021-11-03,0
2020-07-25,2,1598,2021-11-03,0
2020-07-26,5,1603,2021-11-03,0
2020-07-27,5,1608,2021-11-03,0
2020-07-28,7,1615,2021-11-03,0
2020-07-29,3,1618,2021-11-03,0
2020-07-30,6,1624,2021-11-03,0
2020-07-31,9,1633,2021-11-03,0
2020-08-01,4,1637,2021-11-03,0
2020-08-02,7,1644,2021-11-03,0
2020-08-03,4,1648,2021-11-03,0
2020-08-04,7,1655,2021-11-03,0
2020-08-05,8,1663,2021-11-03,0
2020-08-06,9,1672,2021-11-03,0
2020-08-07,7,1679,2021-11-03,0
2020-08-08,6,1685,2021-11-03,0
2020-08-09,10,1695,2021-11-03,0
2020-08-10,3,1698,2021-11-03,0
2020-08-11,9,1707,2021-11-03,0
2020-08-12,7,1714,2021-11-03,0
2020-08-13,5,1719,2021-11-03,0
2020-08-14,9,1728,2021-11-03,0
2020-08-15,13,1741,2021-11-03,0
2020-08-16,13,1754,2021-11-03,0
2020-08-17,6,1760,2021-11-03,0
2020-08-18,11,1771,2021-11-03,0
2020-08-19,3,1774,2021-11-03,0
2020-08-20,10,1784,2021-11-03,0
2020-08-21,12,1796,2021-11-03,0
2020-08-22,9,1805,2021-11-03,0
2020-08-23,7,1812,2021-11-03,0
2020-08-24,9,1821,2021-11-03,0
2020-08-25,4,1825,2021-11-03,0
2020-08-26,3,1828,2021-11-03,0
2020-08-27,7,1835,2021-11-03,0
2020-08-28,6,1841,2021-11-03,0
2020-08-29,3,1844,2021-11-03,0
2020-08-30,5,1849,2021-11-03,0
2020-08-31,9,1858,2021-11-03,0
2020-09-01,2,1860,2021-11-03,0
2020-09-02,7,1867,2021-11-03,0
2020-09-03,12,1879,2021-11-03,0
2020-09-04,4,1883,2021-11-03,0
2020-09-05,6,1889,2021-11-03,0
2020-09-06,12,1901,2021-11-03,0
2020-09-07,3,1904,2021-11-03,0
2020-09-08,6,1910,2021-11-03,0
2020-09-09,10,1920,2021-11-03,0
2020-09-10,9,1929,2021-11-03,0
2020-09-11,11,1940,2021-11-03,0
2020-09-12,8,1948,2021-11-03,0
2020-09-13,8,1956,2021-11-03,0
2020-09-14,2,1958,2021-11-03,0
2020-09-15,7,1965,2021-11-03,0
2020-09-16,9,1974,2021-11-03,0
2020-09-17,5,1979,2021-11-03,0
2020-09-18,6,1985,2021-11-03,0
2020-09-19,4,1989,2021-11-03,0
2020-09-20,9,1998,2021-11-03,0
2020-09-21,7,2005,2021-11-03,0
2020-09-22,8,2013,2021-11-03,0
2020-09-23,9,2022,2021-11-03,0
2020-09-24,8,2030,2021-11-03,0
2020-09-25,11,2041,2021-11-03,0
2020-09-26,9,2050,2021-11-03,0
2020-09-27,14,2064,2021-11-03,0
2020-09-28,11,2075,2021-11-03,0
2020-09-29,5,2080,2021-11-03,0
2020-09-30,16,2096,2021-11-03,0
2020-10-01,7,2103,2021-11-03,0
2020-10-02,13,2116,2021-11-03,0
2020-10-03,9,2125,2021-11-03,0
2020-10-04,7,2132,2021-11-03,0
2020-10-05,10,2142,2021-11-03,0
2020-10-06,13,2155,2021-11-03,0
2020-10-07,19,2174,2021-11-03,0
2020-10-08,9,2183,2021-11-03,0
2020-10-09,17,2200,2021-11-03,0
2020-10-10,16,2216,2021-11-03,0
2020-10-11,16,2232,2021-11-03,0
2020-10-12,20,2252,2021-11-03,0
2020-10-13,14,2266,2021-11-03,0
2020-10-14,10,2276,2021-11-03,0
2020-10-15,9,2285,2021-11-03,0
2020-10-16,12,2297,2021-11-03,0
2020-10-17,18,2315,2021-11-03,0
2020-10-18,25,2340,2021-11-03,0
2020-10-19,18,2358,2021-11-03,0
2020-10-20,15,2373,2021-11-03,0
2020-10-21,24,2397,2021-11-03,0
2020-10-22,18,2415,2021-11-03,0
2020-10-23,19,2434,2021-11-03,0
2020-10-24,8,2442,2021-11-03,0
2020-10-25,17,2459,2021-11-03,0
2020-10-26,25,2484,2021-11-03,0
2020-10-27,23,2507,2021-11-03,0
2020-10-28,29,2536,2021-11-03,0
2020-10-29,18,2554,2021-11-03,0
2020-10-30,27,2581,2021-11-03,0
2020-10-31,25,2606,2021-11-03,0
2020-11-01,21,2627,2021-11-03,0
2020-11-02,25,2652,2021-11-03,0
2020-11-03,25,2677,2021-11-03,0
2020-11-04,33,2710,2021-11-03,0
2020-11-05,38,2748,2021-11-03,0
2020-11-06,39,2787,2021-11-03,0
2020-11-07,42,2829,2021-11-03,0
2020-11-08,47,2876,2021-11-03,0
2020-11-09,36,2912,2021-11-03,0
2020-11-10,35,2947,2021-11-03,0
2020-11-11,43,2990,2021-11-03,0
2020-11-12,45,3035,2021-11-03,0
2020-11-13,40,3075,2021-11-03,0
2020-11-14,47,3122,2021-11-03,0
2020-11-15,46,3168,2021-11-03,0
2020-11-16,62,3230,2021-11-03,0
2020-11-17,56,3286,2021-11-03,0
2020-11-18,61,3347,2021-11-03,0
2020-11-19,60,3407,2021-11-03,0
2020-11-20,63,3470,2021-11-03,0
2020-11-21,58,3528,2021-11-03,0
2020-11-22,67,3595,2021-11-03,0
2020-11-23,59,3654,2021-11-03,0
2020-11-24,69,3723,2021-11-03,0
2020-11-25,72,3795,2021-11-03,0
2020-11-26,54,3849,2021-11-03,0
2020-11-27,69,3918,2021-11-03,0
2020-11-28,62,3980,2021-11-03,0
2020-11-29,68,4048,2021-11-03,0
2020-11-30,61,4109,2021-11-03,0
2020-12-01,64,4173,2021-11-03,0
2020-12-02,73,4246,2021-11-03,0
2020-12-03,86,4332,2021-11-03,0
2020-12-04,67,4399,2021-11-03,0
2020-12-05,74,4473,2021-11-03,0
2020-12-06,80,4553,2021-11-03,0
2020-12-07,75,4628,2021-11-03,0
2020-12-08,61,4689,2021-11-03,0
2020-12-09,71,4760,2021-11-03,0
2020-12-10,72,4832,2021-11-03,0
2020-12-11,71,4903,2021-11-03,0
2020-12-12,72,4975,2021-11-03,0
2020-12-13,56,5031,2021-11-03,0
2020-12-14,43,5074,2021-11-03,0
2020-12-15,65,5139,2021-11-03,0
2020-12-16,73,5212,2021-11-03,0
2020-12-17,60,5272,2021-11-03,0
2020-12-18,59,5331,2021-11-03,0
2020-12-19,56,5387,2021-11-03,0
2020-12-20,61,5448,2021-11-03,0
2020-12-21,58,5506,2021-11-03,0
2020-12-22,33,5539,2021-11-03,0
2020-12-23,46,5585,2021-11-03,0
2020-12-24,50,5635,2021-11-03,0
2020-12-25,36,5671,2021-11-03,0
2020-12-26,43,5714,2021-11-03,0
2020-12-27,41,5755,2021-11-03,0
2020-12-28,34,5789,2021-11-03,0
2020-12-29,37,5826,2021-11-03,0
2020-12-30,47,5873,2021-11-03,0
2020-12-31,36,5909,2021-11-03,0
2021-01-01,28,5937,2021-11-03,0
2021-01-02,47,5984,2021-11-03,0
2021-01-03,37,6021,2021-11-03,0
2021-01-04,32,6053,2021-11-03,0
2021-01-05,40,6093,2021-11-03,0
2021-01-06,32,6125,2021-11-03,0
2021-01-07,37,6162,2021-11-03,0
2021-01-08,32,6194,2021-11-03,0
2021-01-09,26,6220,2021-11-03,0
2021-01-10,29,6249,2021-11-03,0
2021-01-11,26,6275,2021-11-03,0
2021-01-12,32,6307,2021-11-03,0
2021-01-13,23,6330,2021-11-03,0
2021-01-14,41,6371,2021-11-03,0
2021-01-15,26,6397,2021-11-03,0
2021-01-16,30,6427,2021-11-03,0
2021-01-17,21,6448,2021-11-03,0
2021-01-18,19,6467,2021-11-03,0
2021-01-19,14,6481,2021-11-03,0
2021-01-20,26,6507,2021-11-03,0
2021-01-21,16,6523,2021-11-03,0
2021-01-22,13,6536,2021-11-03,0
2021-01-23,17,6553,2021-11-03,0
2021-01-24,24,6577,2021-11-03,0
2021-01-25,19,6596,2021-11-03,0
2021-01-26,21,6617,2021-11-03,0
2021-01-27,11,6628,2021-11-03,0
2021-01-28,12,6640,2021-11-03,0
2021-01-29,15,6655,2021-11-03,0
2021-01-30,13,6668,2021-11-03,0
2021-01-31,16,6684,2021-11-03,0
2021-02-01,17,6701,2021-11-03,0
2021-02-02,10,6711,2021-11-03,0
2021-02-03,11,6722,2021-11-03,0
2021-02-04,11,6733,2021-11-03,0
2021-02-05,12,6745,2021-11-03,0
2021-02-06,12,6757,2021-11-03,0
2021-02-07,19,6776,2021-11-03,0
2021-02-08,11,6787,2021-11-03,0
2021-02-09,15,6802,2021-11-03,0
2021-02-10,14,6816,2021-11-03,0
2021-02-11,7,6823,2021-11-03,0
2021-02-12,13,6836,2021-11-03,0
2021-02-13,8,6844,2021-11-03,0
2021-02-14,10,6854,2021-11-03,0
2021-02-15,9,6863,2021-11-03,0
2021-02-16,12,6875,2021-11-03,0
2021-02-17,10,6885,2021-11-03,0
2021-02-18,7,6892,2021-11-03,0
2021-02-19,6,6898,2021-11-03,0
2021-02-20,7,6905,2021-11-03,0
2021-02-21,4,6909,2021-11-03,0
2021-02-22,5,6914,2021-11-03,0
2021-02-23,9,6923,2021-11-03,0
2021-02-24,5,6928,2021-11-03,0
2021-02-25,5,6933,2021-11-03,0
2021-02-26,7,6940,2021-11-03,0
2021-02-27,6,6946,2021-11-03,0
2021-02-28,8,6954,2021-11-03,0
2021-03-01,7,6961,2021-11-03,0
2021-03-02,3,6964,2021-11-03,0
2021-03-03,10,6974,2021-11-03,0
2021-03-04,6,6980,2021-11-03,0
2021-03-05,10,6990,2021-11-03,0
2021-03-06,5,6995,2021-11-03,0
2021-03-07,9,7004,2021-11-03,0
2021-03-08,5,7009,2021-11-03,0
2021-03-09,7,7016,2021-11-03,0
2021-03-10,5,7021,2021-11-03,0
2021-03-11,4,7025,2021-11-03,0
2021-03-12,11,7036,2021-11-03,0
2021-03-13,5,7041,2021-11-03,0
2021-03-14,5,7046,2021-11-03,0
2021-03-15,2,7048,2021-11-03,0
2021-03-16,6,7054,2021-11-03,0
2021-03-17,4,7058,2021-11-03,0
2021-03-18,5,7063,2021-11-03,0
2021-03-19,5,7068,2021-11-03,0
2021-03-20,9,7077,2021-11-03,0
2021-03-21,5,7082,2021-11-03,0
2021-03-22,4,7086,2021-11-03,0
2021-03-23,5,7091,2021-11-03,0
2021-03-24,1,7092,2021-11-03,0
2021-03-25,5,7097,2021-11-03,0
2021-03-26,3,7100,2021-11-03,0
2021-03-27,7,7107,2021-11-03,0
2021-03-28,6,7113,2021-11-03,0
2021-03-29,5,7118,2021-11-03,0
2021-03-30,6,7124,2021-11-03,0
2021-03-31,8,7132,2021-11-03,0
2021-04-01,6,7138,2021-11-03,0
2021-04-02,9,7147,2021-11-03,0
2021-04-03,8,7155,2021-11-03,0
2021-04-04,6,7161,2021-11-03,0
2021-04-05,8,7169,2021-11-03,0
2021-04-06,7,7176,2021-11-03,0
2021-04-07,6,7182,2021-11-03,0
2021-04-08,10,7192,2021-11-03,0
2021-04-09,7,7199,2021-11-03,0
2021-04-10,7,7206,2021-11-03,0
2021-04-11,8,7214,2021-11-03,0
2021-04-12,10,7224,2021-11-03,0
2021-04-13,7,7231,2021-11-03,0
2021-04-14,8,7239,2021-11-03,0
2021-04-15,14,7253,2021-11-03,0
2021-04-16,8,7261,2021-11-03,0
2021-04-17,8,7269,2021-11-03,0
2021-04-18,8,7277,2021-11-03,0
2021-04-19,10,7287,2021-11-03,0
2021-04-20,5,7292,2021-11-03,0
2021-04-21,8,7300,2021-11-03,0
2021-04-22,2,7302,2021-11-03,0
2021-04-23,15,7317,2021-11-03,0
2021-04-24,11,7328,2021-11-03,0
2021-04-25,15,7343,2021-11-03,0
2021-04-26,15,7358,2021-11-03,0
2021-04-27,7,7365,2021-11-03,0
2021-04-28,14,7379,2021-11-03,0
2021-04-29,8,7387,2021-11-03,0
2021-04-30,11,7398,2021-11-03,0
2021-05-01,7,7405,2021-11-03,0
2021-05-02,8,7413,2021-11-03,0
2021-05-03,5,7418,2021-11-03,0
2021-05-04,13,7431,2021-11-03,0
2021-05-05,8,7439,2021-11-03,0
2021-05-06,5,7444,2021-11-03,0
2021-05-07,8,7452,2021-11-03,0
2021-05-08,7,7459,2021-11-03,0
2021-05-09,9,7468,2021-11-03,0
2021-05-10,8,7476,2021-11-03,0
2021-05-11,6,7482,2021-11-03,0
2021-05-12,9,7491,2021-11-03,0
2021-05-13,9,7500,2021-11-03,0
2021-05-14,11,7511,2021-11-03,0
2021-05-15,10,7521,2021-11-03,0
2021-05-16,6,7527,2021-11-03,0
2021-05-17,6,7533,2021-11-03,0
2021-05-18,7,7540,2021-11-03,0
2021-05-19,2,7542,2021-11-03,0
2021-05-20,5,7547,2021-11-03,0
2021-05-21,7,7554,2021-11-03,0
2021-05-22,11,7565,2021-11-03,0
2021-05-23,5,7570,2021-11-03,0
2021-05-24,5,7575,2021-11-03,0
2021-05-25,6,7581,2021-11-03,0
2021-05-26,3,7584,2021-11-03,0
2021-05-27,7,7591,2021-11-03,0
2021-05-28,2,7593,2021-11-03,0
2021-05-29,6,7599,2021-11-03,0
2021-05-30,4,7603,2021-11-03,0
2021-05-31,3,7606,2021-11-03,0
2021-06-01,5,7611,2021-11-03,0
2021-06-02,8,7619,2021-11-03,0
2021-06-03,4,7623,2021-11-03,0
2021-06-04,4,7627,2021-11-03,0
2021-06-05,2,7629,2021-11-03,0
2021-06-06,5,7634,2021-11-03,0
2021-06-07,3,7637,2021-11-03,0
2021-06-08,5,7642,2021-11-03,0
2021-06-09,4,7646,2021-11-03,0
2021-06-10,6,7652,2021-11-03,0
2021-06-11,6,7658,2021-11-03,0
2021-06-12,4,7662,2021-11-03,0
2021-06-13,4,7666,2021-11-03,0
2021-06-14,3,7669,2021-11-03,0
2021-06-15,2,7671,2021-11-03,0
2021-06-16,2,7673,2021-11-03,0
2021-06-17,4,7677,2021-11-03,0
2021-06-18,1,7678,2021-11-03,0
2021-06-19,6,7684,2021-11-03,0
2021-06-20,1,7685,2021-11-03,0
2021-06-21,5,7690,2021-11-03,0
2021-06-22,3,7693,2021-11-03,0
2021-06-23,4,7697,2021-11-03,0
2021-06-24,3,7700,2021-11-03,0
2021-06-25,3,7703,2021-11-03,0
2021-06-26,4,7707,2021-11-03,0
2021-06-27,2,7709,2021-11-03,0
2021-06-28,2,7711,2021-11-03,0
2021-06-29,2,7713,2021-11-03,0
2021-06-30,2,7715,2021-11-03,0
2021-07-01,0,7715,2021-11-03,0
2021-07-02,2,7717,2021-11-03,0
2021-07-03,2,7719,2021-11-03,0
2021-07-04,3,7722,2021-11-03,0
2021-07-05,1,7723,2021-11-03,0
2021-07-06,4,7727,2021-11-03,0
2021-07-07,1,7728,2021-11-03,0
2021-07-08,1,7729,2021-11-03,0
2021-07-09,0,7729,2021-11-03,0
2021-07-10,1,7730,2021-11-03,0
2021-07-11,3,7733,2021-11-03,0
2021-07-12,1,7734,2021-11-03,0
2021-07-13,2,7736,2021-11-03,0
2021-07-14,2,7738,2021-11-03,0
2021-07-15,2,7740,2021-11-03,0
2021-07-16,1,7741,2021-11-03,0
2021-07-17,1,7742,2021-11-03,0
2021-07-18,0,7742,2021-11-03,0
2021-07-19,0,7742,2021-11-03,0
2021-07-20,2,7744,2021-11-03,0
2021-07-21,2,7746,2021-11-03,0
2021-07-22,2,7748,2021-11-03,0
2021-07-23,3,7751,2021-11-03,0
2021-07-24,0,7751,2021-11-03,0
2021-07-25,2,7753,2021-11-03,0
2021-07-26,1,7754,2021-11-03,0
2021-07-27,2,7756,2021-11-03,0
2021-07-28,3,7759,2021-11-03,0
2021-07-29,2,7761,2021-11-03,0
2021-07-30,5,7766,2021-11-03,0
2021-07-31,4,7770,2021-11-03,0
2021-08-01,1,7771,2021-11-03,0
2021-08-02,3,7774,2021-11-03,0
2021-08-03,2,7776,2021-11-03,0
2021-08-04,3,7779,2021-11-03,0
2021-08-05,2,7781,2021-11-03,0
2021-08-06,7,7788,2021-11-03,0
2021-08-07,3,7791,2021-11-03,0
2021-08-08,2,7793,2021-11-03,0
2021-08-09,3,7796,2021-11-03,0
2021-08-10,2,7798,2021-11-03,0
2021-08-11,2,7800,2021-11-03,0
2021-08-12,7,7807,2021-11-03,0
2021-08-13,5,7812,2021-11-03,0
2021-08-14,6,7818,2021-11-03,0
2021-08-15,0,7818,2021-11-03,0
2021-08-16,7,7825,2021-11-03,0
2021-08-17,7,7832,2021-11-03,0
2021-08-18,9,7841,2021-11-03,0
2021-08-19,2,7843,2021-11-03,0
2021-08-20,3,7846,2021-11-03,0
2021-08-21,5,7851,2021-11-03,0
2021-08-22,7,7858,2021-11-03,0
2021-08-23,5,7863,2021-11-03,0
2021-08-24,12,7875,2021-11-03,0
2021-08-25,7,7882,2021-11-03,0
2021-08-26,2,7884,2021-11-03,0
2021-08-27,6,7890,2021-11-03,0
2021-08-28,11,7901,2021-11-03,0
2021-08-29,11,7912,2021-11-03,0
2021-08-30,8,7920,2021-11-03,0
2021-08-31,6,7926,2021-11-03,0
2021-09-01,6,7932,2021-11-03,0
2021-09-02,6,7938,2021-11-03,0
2021-09-03,9,7947,2021-11-03,0
2021-09-04,9,7956,2021-11-03,0
2021-09-05,10,7966,2021-11-03,0
2021-09-06,7,7973,2021-11-03,0
2021-09-07,7,7980,2021-11-03,0
2021-09-08,10,7990,2021-11-03,0
2021-09-09,5,7995,2021-11-03,0
2021-09-10,9,8004,2021-11-03,0
2021-09-11,17,8021,2021-11-03,0
2021-09-12,10,8031,2021-11-03,0
2021-09-13,7,8038,2021-11-03,0
2021-09-14,11,8049,2021-11-03,0
2021-09-15,14,8063,2021-11-03,0
2021-09-16,16,8079,2021-11-03,0
2021-09-17,8,8087,2021-11-03,0
2021-09-18,13,8100,2021-11-03,0
2021-09-19,11,8111,2021-11-03,0
2021-09-20,15,8126,2021-11-03,0
2021-09-21,15,8141,2021-11-03,0
2021-09-22,16,8157,2021-11-03,0
2021-09-23,12,8169,2021-11-03,0
2021-09-24,12,8181,2021-11-03,0
2021-09-25,16,8197,2021-11-03,0
2021-09-26,14,8211,2021-11-03,0
2021-09-27,15,8226,2021-11-03,0
2021-09-28,10,8236,2021-11-03,0
2021-09-29,19,8255,2021-11-03,0
2021-09-30,17,8272,2021-11-03,0
2021-10-01,13,8285,2021-11-03,0
2021-10-02,13,8298,2021-11-03,0
2021-10-03,23,8321,2021-11-03,0
2021-10-04,13,8334,2021-11-03,0
2021-10-05,23,8357,2021-11-03,0
2021-10-06,20,8377,2021-11-03,0
2021-10-07,12,8389,2021-11-03,0
2021-10-08,22,8411,2021-11-03,0
2021-10-09,20,8431,2021-11-03,0
2021-10-10,11,8442,2021-11-03,0
2021-10-11,11,8453,2021-11-03,0
2021-10-12,23,8476,2021-11-03,0
2021-10-13,19,8495,2021-11-03,0
2021-10-14,19,8514,2021-11-03,0
2021-10-15,13,8527,2021-11-03,0
2021-10-16,19,8546,2021-11-03,0
2021-10-17,16,8562,2021-11-03,0
2021-10-18,16,8578,2021-11-03,1
2021-10-19,23,8601,2021-11-03,1
2021-10-20,15,8616,2021-11-03,0
2021-10-21,7,8623,2021-11-03,0
2021-10-22,21,8644,2021-11-03,0
2021-10-23,19,8663,2021-11-03,2
2021-10-24,22,8685,2021-11-03,0
2021-10-25,14,8699,2021-11-03,1
2021-10-26,18,8717,2021-11-03,6
2021-10-27,10,8727,2021-11-03,3
2021-10-28,16,8743,2021-11-03,11
2021-10-29,5,8748,2021-11-03,5
2021-10-30,7,8755,2021-11-03,7
2021-10-31,5,8760,2021-11-03,5
2021-11-01,1,8761,2021-11-03,1
NA,0,8761,2021-11-03,0
2020-03-19,1,1,2021-11-04,0
2020-03-20,0,1,2021-11-04,0
2020-03-21,0,1,2021-11-04,0
2020-03-22,0,1,2021-11-04,0
2020-03-23,0,1,2021-11-04,0
2020-03-24,1,2,2021-11-04,0
2020-03-25,1,3,2021-11-04,0
2020-03-26,1,4,2021-11-04,0
2020-03-27,5,9,2021-11-04,0
2020-03-28,3,12,2021-11-04,0
2020-03-29,0,12,2021-11-04,0
2020-03-30,5,17,2021-11-04,0
2020-03-31,2,19,2021-11-04,0
2020-04-01,5,24,2021-11-04,0
2020-04-02,3,27,2021-11-04,0
2020-04-03,1,28,2021-11-04,0
2020-04-04,5,33,2021-11-04,0
2020-04-05,5,38,2021-11-04,0
2020-04-06,10,48,2021-11-04,0
2020-04-07,6,54,2021-11-04,0
2020-04-08,7,61,2021-11-04,0
2020-04-09,8,69,2021-11-04,0
2020-04-10,6,75,2021-11-04,0
2020-04-11,4,79,2021-11-04,0
2020-04-12,4,83,2021-11-04,0
2020-04-13,10,93,2021-11-04,0
2020-04-14,6,99,2021-11-04,0
2020-04-15,17,116,2021-11-04,0
2020-04-16,10,126,2021-11-04,0
2020-04-17,17,143,2021-11-04,0
2020-04-18,17,160,2021-11-04,0
2020-04-19,16,176,2021-11-04,0
2020-04-20,21,197,2021-11-04,0
2020-04-21,26,223,2021-11-04,0
2020-04-22,21,244,2021-11-04,0
2020-04-23,19,263,2021-11-04,0
2020-04-24,23,286,2021-11-04,0
2020-04-25,18,304,2021-11-04,0
2020-04-26,17,321,2021-11-04,0
2020-04-27,21,342,2021-11-04,0
2020-04-28,16,358,2021-11-04,0
2020-04-29,29,387,2021-11-04,0
2020-04-30,18,405,2021-11-04,0
2020-05-01,30,435,2021-11-04,0
2020-05-02,19,454,2021-11-04,0
2020-05-03,29,483,2021-11-04,0
2020-05-04,23,506,2021-11-04,0
2020-05-05,19,525,2021-11-04,0
2020-05-06,25,550,2021-11-04,0
2020-05-07,30,580,2021-11-04,0
2020-05-08,20,600,2021-11-04,0
2020-05-09,26,626,2021-11-04,0
2020-05-10,19,645,2021-11-04,0
2020-05-11,25,670,2021-11-04,0
2020-05-12,20,690,2021-11-04,0
2020-05-13,22,712,2021-11-04,0
2020-05-14,20,732,2021-11-04,0
2020-05-15,20,752,2021-11-04,0
2020-05-16,20,772,2021-11-04,0
2020-05-17,23,795,2021-11-04,0
2020-05-18,18,813,2021-11-04,0
2020-05-19,35,848,2021-11-04,0
2020-05-20,24,872,2021-11-04,0
2020-05-21,17,889,2021-11-04,0
2020-05-22,20,909,2021-11-04,0
2020-05-23,26,935,2021-11-04,0
2020-05-24,25,960,2021-11-04,0
2020-05-25,30,990,2021-11-04,0
2020-05-26,29,1019,2021-11-04,0
2020-05-27,25,1044,2021-11-04,0
2020-05-28,21,1065,2021-11-04,0
2020-05-29,17,1082,2021-11-04,0
2020-05-30,11,1093,2021-11-04,0
2020-05-31,20,1113,2021-11-04,0
2020-06-01,23,1136,2021-11-04,0
2020-06-02,21,1157,2021-11-04,0
2020-06-03,25,1182,2021-11-04,0
2020-06-04,26,1208,2021-11-04,0
2020-06-05,18,1226,2021-11-04,0
2020-06-06,12,1238,2021-11-04,0
2020-06-07,22,1260,2021-11-04,0
2020-06-08,12,1272,2021-11-04,0
2020-06-09,13,1285,2021-11-04,0
2020-06-10,10,1295,2021-11-04,0
2020-06-11,12,1307,2021-11-04,0
2020-06-12,11,1318,2021-11-04,0
2020-06-13,13,1331,2021-11-04,0
2020-06-14,11,1342,2021-11-04,0
2020-06-15,8,1350,2021-11-04,0
2020-06-16,9,1359,2021-11-04,0
2020-06-17,17,1376,2021-11-04,0
2020-06-18,9,1385,2021-11-04,0
2020-06-19,8,1393,2021-11-04,0
2020-06-20,12,1405,2021-11-04,0
2020-06-21,11,1416,2021-11-04,0
2020-06-22,6,1422,2021-11-04,0
2020-06-23,10,1432,2021-11-04,0
2020-06-24,1,1433,2021-11-04,0
2020-06-25,9,1442,2021-11-04,0
2020-06-26,6,1448,2021-11-04,0
2020-06-27,5,1453,2021-11-04,0
2020-06-28,11,1464,2021-11-04,0
2020-06-29,7,1471,2021-11-04,0
2020-06-30,9,1480,2021-11-04,0
2020-07-01,2,1482,2021-11-04,0
2020-07-02,3,1485,2021-11-04,0
2020-07-03,5,1490,2021-11-04,0
2020-07-04,4,1494,2021-11-04,0
2020-07-05,6,1500,2021-11-04,0
2020-07-06,4,1504,2021-11-04,0
2020-07-07,2,1506,2021-11-04,0
2020-07-08,9,1515,2021-11-04,0
2020-07-09,4,1519,2021-11-04,0
2020-07-10,3,1522,2021-11-04,0
2020-07-11,4,1526,2021-11-04,0
2020-07-12,6,1532,2021-11-04,0
2020-07-13,2,1534,2021-11-04,0
2020-07-14,6,1540,2021-11-04,0
2020-07-15,7,1547,2021-11-04,0
2020-07-16,3,1550,2021-11-04,0
2020-07-17,7,1557,2021-11-04,0
2020-07-18,6,1563,2021-11-04,0
2020-07-19,5,1568,2021-11-04,0
2020-07-20,3,1571,2021-11-04,0
2020-07-21,6,1577,2021-11-04,0
2020-07-22,5,1582,2021-11-04,0
2020-07-23,8,1590,2021-11-04,0
2020-07-24,6,1596,2021-11-04,0
2020-07-25,2,1598,2021-11-04,0
2020-07-26,5,1603,2021-11-04,0
2020-07-27,5,1608,2021-11-04,0
2020-07-28,7,1615,2021-11-04,0
2020-07-29,3,1618,2021-11-04,0
2020-07-30,6,1624,2021-11-04,0
2020-07-31,9,1633,2021-11-04,0
2020-08-01,4,1637,2021-11-04,0
2020-08-02,7,1644,2021-11-04,0
2020-08-03,4,1648,2021-11-04,0
2020-08-04,7,1655,2021-11-04,0
2020-08-05,8,1663,2021-11-04,0
2020-08-06,9,1672,2021-11-04,0
2020-08-07,7,1679,2021-11-04,0
2020-08-08,6,1685,2021-11-04,0
2020-08-09,10,1695,2021-11-04,0
2020-08-10,3,1698,2021-11-04,0
2020-08-11,9,1707,2021-11-04,0
2020-08-12,7,1714,2021-11-04,0
2020-08-13,5,1719,2021-11-04,0
2020-08-14,9,1728,2021-11-04,0
2020-08-15,13,1741,2021-11-04,0
2020-08-16,13,1754,2021-11-04,0
2020-08-17,6,1760,2021-11-04,0
2020-08-18,11,1771,2021-11-04,0
2020-08-19,3,1774,2021-11-04,0
2020-08-20,10,1784,2021-11-04,0
2020-08-21,12,1796,2021-11-04,0
2020-08-22,9,1805,2021-11-04,0
2020-08-23,7,1812,2021-11-04,0
2020-08-24,9,1821,2021-11-04,0
2020-08-25,4,1825,2021-11-04,0
2020-08-26,3,1828,2021-11-04,0
2020-08-27,7,1835,2021-11-04,0
2020-08-28,6,1841,2021-11-04,0
2020-08-29,3,1844,2021-11-04,0
2020-08-30,5,1849,2021-11-04,0
2020-08-31,9,1858,2021-11-04,0
2020-09-01,2,1860,2021-11-04,0
2020-09-02,7,1867,2021-11-04,0
2020-09-03,12,1879,2021-11-04,0
2020-09-04,4,1883,2021-11-04,0
2020-09-05,6,1889,2021-11-04,0
2020-09-06,12,1901,2021-11-04,0
2020-09-07,3,1904,2021-11-04,0
2020-09-08,6,1910,2021-11-04,0
2020-09-09,10,1920,2021-11-04,0
2020-09-10,9,1929,2021-11-04,0
2020-09-11,11,1940,2021-11-04,0
2020-09-12,8,1948,2021-11-04,0
2020-09-13,8,1956,2021-11-04,0
2020-09-14,2,1958,2021-11-04,0
2020-09-15,7,1965,2021-11-04,0
2020-09-16,9,1974,2021-11-04,0
2020-09-17,5,1979,2021-11-04,0
2020-09-18,6,1985,2021-11-04,0
2020-09-19,4,1989,2021-11-04,0
2020-09-20,9,1998,2021-11-04,0
2020-09-21,7,2005,2021-11-04,0
2020-09-22,8,2013,2021-11-04,0
2020-09-23,9,2022,2021-11-04,0
2020-09-24,8,2030,2021-11-04,0
2020-09-25,11,2041,2021-11-04,0
2020-09-26,9,2050,2021-11-04,0
2020-09-27,14,2064,2021-11-04,0
2020-09-28,11,2075,2021-11-04,0
2020-09-29,5,2080,2021-11-04,0
2020-09-30,16,2096,2021-11-04,0
2020-10-01,7,2103,2021-11-04,0
2020-10-02,13,2116,2021-11-04,0
2020-10-03,9,2125,2021-11-04,0
2020-10-04,7,2132,2021-11-04,0
2020-10-05,10,2142,2021-11-04,0
2020-10-06,13,2155,2021-11-04,0
2020-10-07,19,2174,2021-11-04,0
2020-10-08,9,2183,2021-11-04,0
2020-10-09,17,2200,2021-11-04,0
2020-10-10,16,2216,2021-11-04,0
2020-10-11,16,2232,2021-11-04,0
2020-10-12,20,2252,2021-11-04,0
2020-10-13,14,2266,2021-11-04,0
2020-10-14,10,2276,2021-11-04,0
2020-10-15,9,2285,2021-11-04,0
2020-10-16,12,2297,2021-11-04,0
2020-10-17,18,2315,2021-11-04,0
2020-10-18,25,2340,2021-11-04,0
2020-10-19,18,2358,2021-11-04,0
2020-10-20,15,2373,2021-11-04,0
2020-10-21,24,2397,2021-11-04,0
2020-10-22,18,2415,2021-11-04,0
2020-10-23,19,2434,2021-11-04,0
2020-10-24,8,2442,2021-11-04,0
2020-10-25,17,2459,2021-11-04,0
2020-10-26,25,2484,2021-11-04,0
2020-10-27,23,2507,2021-11-04,0
2020-10-28,29,2536,2021-11-04,0
2020-10-29,18,2554,2021-11-04,0
2020-10-30,27,2581,2021-11-04,0
2020-10-31,25,2606,2021-11-04,0
2020-11-01,21,2627,2021-11-04,0
2020-11-02,25,2652,2021-11-04,0
2020-11-03,25,2677,2021-11-04,0
2020-11-04,33,2710,2021-11-04,0
2020-11-05,38,2748,2021-11-04,0
2020-11-06,39,2787,2021-11-04,0
2020-11-07,42,2829,2021-11-04,0
2020-11-08,47,2876,2021-11-04,0
2020-11-09,36,2912,2021-11-04,0
2020-11-10,35,2947,2021-11-04,0
2020-11-11,43,2990,2021-11-04,0
2020-11-12,45,3035,2021-11-04,0
2020-11-13,40,3075,2021-11-04,0
2020-11-14,47,3122,2021-11-04,0
2020-11-15,46,3168,2021-11-04,0
2020-11-16,62,3230,2021-11-04,0
2020-11-17,56,3286,2021-11-04,0
2020-11-18,61,3347,2021-11-04,0
2020-11-19,60,3407,2021-11-04,0
2020-11-20,63,3470,2021-11-04,0
2020-11-21,58,3528,2021-11-04,0
2020-11-22,67,3595,2021-11-04,0
2020-11-23,59,3654,2021-11-04,0
2020-11-24,69,3723,2021-11-04,0
2020-11-25,72,3795,2021-11-04,0
2020-11-26,54,3849,2021-11-04,0
2020-11-27,69,3918,2021-11-04,0
2020-11-28,62,3980,2021-11-04,0
2020-11-29,68,4048,2021-11-04,0
2020-11-30,61,4109,2021-11-04,0
2020-12-01,64,4173,2021-11-04,0
2020-12-02,73,4246,2021-11-04,0
2020-12-03,86,4332,2021-11-04,0
2020-12-04,67,4399,2021-11-04,0
2020-12-05,74,4473,2021-11-04,0
2020-12-06,80,4553,2021-11-04,0
2020-12-07,75,4628,2021-11-04,0
2020-12-08,61,4689,2021-11-04,0
2020-12-09,71,4760,2021-11-04,0
2020-12-10,72,4832,2021-11-04,0
2020-12-11,71,4903,2021-11-04,0
2020-12-12,72,4975,2021-11-04,0
2020-12-13,56,5031,2021-11-04,0
2020-12-14,43,5074,2021-11-04,0
2020-12-15,65,5139,2021-11-04,0
2020-12-16,73,5212,2021-11-04,0
2020-12-17,60,5272,2021-11-04,0
2020-12-18,59,5331,2021-11-04,0
2020-12-19,56,5387,2021-11-04,0
2020-12-20,61,5448,2021-11-04,0
2020-12-21,58,5506,2021-11-04,0
2020-12-22,33,5539,2021-11-04,0
2020-12-23,46,5585,2021-11-04,0
2020-12-24,50,5635,2021-11-04,0
2020-12-25,36,5671,2021-11-04,0
2020-12-26,43,5714,2021-11-04,0
2020-12-27,41,5755,2021-11-04,0
2020-12-28,34,5789,2021-11-04,0
2020-12-29,37,5826,2021-11-04,0
2020-12-30,47,5873,2021-11-04,0
2020-12-31,36,5909,2021-11-04,0
2021-01-01,28,5937,2021-11-04,0
2021-01-02,47,5984,2021-11-04,0
2021-01-03,37,6021,2021-11-04,0
2021-01-04,32,6053,2021-11-04,0
2021-01-05,40,6093,2021-11-04,0
2021-01-06,32,6125,2021-11-04,0
2021-01-07,37,6162,2021-11-04,0
2021-01-08,32,6194,2021-11-04,0
2021-01-09,26,6220,2021-11-04,0
2021-01-10,29,6249,2021-11-04,0
2021-01-11,26,6275,2021-11-04,0
2021-01-12,32,6307,2021-11-04,0
2021-01-13,23,6330,2021-11-04,0
2021-01-14,41,6371,2021-11-04,0
2021-01-15,26,6397,2021-11-04,0
2021-01-16,30,6427,2021-11-04,0
2021-01-17,21,6448,2021-11-04,0
2021-01-18,19,6467,2021-11-04,0
2021-01-19,14,6481,2021-11-04,0
2021-01-20,26,6507,2021-11-04,0
2021-01-21,16,6523,2021-11-04,0
2021-01-22,13,6536,2021-11-04,0
2021-01-23,17,6553,2021-11-04,0
2021-01-24,24,6577,2021-11-04,0
2021-01-25,19,6596,2021-11-04,0
2021-01-26,21,6617,2021-11-04,0
2021-01-27,11,6628,2021-11-04,0
2021-01-28,12,6640,2021-11-04,0
2021-01-29,15,6655,2021-11-04,0
2021-01-30,13,6668,2021-11-04,0
2021-01-31,16,6684,2021-11-04,0
2021-02-01,17,6701,2021-11-04,0
2021-02-02,10,6711,2021-11-04,0
2021-02-03,11,6722,2021-11-04,0
2021-02-04,11,6733,2021-11-04,0
2021-02-05,12,6745,2021-11-04,0
2021-02-06,12,6757,2021-11-04,0
2021-02-07,19,6776,2021-11-04,0
2021-02-08,11,6787,2021-11-04,0
2021-02-09,15,6802,2021-11-04,0
2021-02-10,14,6816,2021-11-04,0
2021-02-11,7,6823,2021-11-04,0
2021-02-12,13,6836,2021-11-04,0
2021-02-13,8,6844,2021-11-04,0
2021-02-14,10,6854,2021-11-04,0
2021-02-15,9,6863,2021-11-04,0
2021-02-16,12,6875,2021-11-04,0
2021-02-17,10,6885,2021-11-04,0
2021-02-18,7,6892,2021-11-04,0
2021-02-19,6,6898,2021-11-04,0
2021-02-20,7,6905,2021-11-04,0
2021-02-21,4,6909,2021-11-04,0
2021-02-22,5,6914,2021-11-04,0
2021-02-23,9,6923,2021-11-04,0
2021-02-24,5,6928,2021-11-04,0
2021-02-25,5,6933,2021-11-04,0
2021-02-26,7,6940,2021-11-04,0
2021-02-27,6,6946,2021-11-04,0
2021-02-28,8,6954,2021-11-04,0
2021-03-01,7,6961,2021-11-04,0
2021-03-02,3,6964,2021-11-04,0
2021-03-03,10,6974,2021-11-04,0
2021-03-04,6,6980,2021-11-04,0
2021-03-05,10,6990,2021-11-04,0
2021-03-06,5,6995,2021-11-04,0
2021-03-07,9,7004,2021-11-04,0
2021-03-08,5,7009,2021-11-04,0
2021-03-09,7,7016,2021-11-04,0
2021-03-10,5,7021,2021-11-04,0
2021-03-11,4,7025,2021-11-04,0
2021-03-12,11,7036,2021-11-04,0
2021-03-13,5,7041,2021-11-04,0
2021-03-14,5,7046,2021-11-04,0
2021-03-15,2,7048,2021-11-04,0
2021-03-16,6,7054,2021-11-04,0
2021-03-17,4,7058,2021-11-04,0
2021-03-18,5,7063,2021-11-04,0
2021-03-19,5,7068,2021-11-04,0
2021-03-20,9,7077,2021-11-04,0
2021-03-21,5,7082,2021-11-04,0
2021-03-22,4,7086,2021-11-04,0
2021-03-23,5,7091,2021-11-04,0
2021-03-24,1,7092,2021-11-04,0
2021-03-25,5,7097,2021-11-04,0
2021-03-26,3,7100,2021-11-04,0
2021-03-27,7,7107,2021-11-04,0
2021-03-28,6,7113,2021-11-04,0
2021-03-29,5,7118,2021-11-04,0
2021-03-30,6,7124,2021-11-04,0
2021-03-31,8,7132,2021-11-04,0
2021-04-01,6,7138,2021-11-04,0
2021-04-02,9,7147,2021-11-04,0
2021-04-03,8,7155,2021-11-04,0
2021-04-04,6,7161,2021-11-04,0
2021-04-05,8,7169,2021-11-04,0
2021-04-06,7,7176,2021-11-04,0
2021-04-07,6,7182,2021-11-04,0
2021-04-08,10,7192,2021-11-04,0
2021-04-09,7,7199,2021-11-04,0
2021-04-10,7,7206,2021-11-04,0
2021-04-11,8,7214,2021-11-04,0
2021-04-12,10,7224,2021-11-04,0
2021-04-13,7,7231,2021-11-04,0
2021-04-14,8,7239,2021-11-04,0
2021-04-15,14,7253,2021-11-04,0
2021-04-16,8,7261,2021-11-04,0
2021-04-17,8,7269,2021-11-04,0
2021-04-18,8,7277,2021-11-04,0
2021-04-19,10,7287,2021-11-04,0
2021-04-20,5,7292,2021-11-04,0
2021-04-21,8,7300,2021-11-04,0
2021-04-22,2,7302,2021-11-04,0
2021-04-23,15,7317,2021-11-04,0
2021-04-24,11,7328,2021-11-04,0
2021-04-25,15,7343,2021-11-04,0
2021-04-26,15,7358,2021-11-04,0
2021-04-27,7,7365,2021-11-04,0
2021-04-28,14,7379,2021-11-04,0
2021-04-29,8,7387,2021-11-04,0
2021-04-30,11,7398,2021-11-04,0
2021-05-01,7,7405,2021-11-04,0
2021-05-02,8,7413,2021-11-04,0
2021-05-03,5,7418,2021-11-04,0
2021-05-04,13,7431,2021-11-04,0
2021-05-05,8,7439,2021-11-04,0
2021-05-06,5,7444,2021-11-04,0
2021-05-07,8,7452,2021-11-04,0
2021-05-08,7,7459,2021-11-04,0
2021-05-09,9,7468,2021-11-04,0
2021-05-10,8,7476,2021-11-04,0
2021-05-11,6,7482,2021-11-04,0
2021-05-12,9,7491,2021-11-04,0
2021-05-13,9,7500,2021-11-04,0
2021-05-14,11,7511,2021-11-04,0
2021-05-15,10,7521,2021-11-04,0
2021-05-16,6,7527,2021-11-04,0
2021-05-17,6,7533,2021-11-04,0
2021-05-18,7,7540,2021-11-04,0
2021-05-19,2,7542,2021-11-04,0
2021-05-20,5,7547,2021-11-04,0
2021-05-21,7,7554,2021-11-04,0
2021-05-22,11,7565,2021-11-04,0
2021-05-23,5,7570,2021-11-04,0
2021-05-24,5,7575,2021-11-04,0
2021-05-25,6,7581,2021-11-04,0
2021-05-26,3,7584,2021-11-04,0
2021-05-27,7,7591,2021-11-04,0
2021-05-28,2,7593,2021-11-04,0
2021-05-29,6,7599,2021-11-04,0
2021-05-30,4,7603,2021-11-04,0
2021-05-31,3,7606,2021-11-04,0
2021-06-01,5,7611,2021-11-04,0
2021-06-02,8,7619,2021-11-04,0
2021-06-03,4,7623,2021-11-04,0
2021-06-04,4,7627,2021-11-04,0
2021-06-05,2,7629,2021-11-04,0
2021-06-06,5,7634,2021-11-04,0
2021-06-07,3,7637,2021-11-04,0
2021-06-08,5,7642,2021-11-04,0
2021-06-09,4,7646,2021-11-04,0
2021-06-10,6,7652,2021-11-04,0
2021-06-11,6,7658,2021-11-04,0
2021-06-12,4,7662,2021-11-04,0
2021-06-13,4,7666,2021-11-04,0
2021-06-14,3,7669,2021-11-04,0
2021-06-15,2,7671,2021-11-04,0
2021-06-16,2,7673,2021-11-04,0
2021-06-17,4,7677,2021-11-04,0
2021-06-18,1,7678,2021-11-04,0
2021-06-19,6,7684,2021-11-04,0
2021-06-20,1,7685,2021-11-04,0
2021-06-21,5,7690,2021-11-04,0
2021-06-22,3,7693,2021-11-04,0
2021-06-23,4,7697,2021-11-04,0
2021-06-24,3,7700,2021-11-04,0
2021-06-25,3,7703,2021-11-04,0
2021-06-26,4,7707,2021-11-04,0
2021-06-27,2,7709,2021-11-04,0
2021-06-28,2,7711,2021-11-04,0
2021-06-29,2,7713,2021-11-04,0
2021-06-30,2,7715,2021-11-04,0
2021-07-01,0,7715,2021-11-04,0
2021-07-02,2,7717,2021-11-04,0
2021-07-03,2,7719,2021-11-04,0
2021-07-04,3,7722,2021-11-04,0
2021-07-05,1,7723,2021-11-04,0
2021-07-06,4,7727,2021-11-04,0
2021-07-07,1,7728,2021-11-04,0
2021-07-08,1,7729,2021-11-04,0
2021-07-09,0,7729,2021-11-04,0
2021-07-10,1,7730,2021-11-04,0
2021-07-11,3,7733,2021-11-04,0
2021-07-12,1,7734,2021-11-04,0
2021-07-13,2,7736,2021-11-04,0
2021-07-14,2,7738,2021-11-04,0
2021-07-15,2,7740,2021-11-04,0
2021-07-16,1,7741,2021-11-04,0
2021-07-17,1,7742,2021-11-04,0
2021-07-18,0,7742,2021-11-04,0
2021-07-19,0,7742,2021-11-04,0
2021-07-20,2,7744,2021-11-04,0
2021-07-21,2,7746,2021-11-04,0
2021-07-22,2,7748,2021-11-04,0
2021-07-23,3,7751,2021-11-04,0
2021-07-24,0,7751,2021-11-04,0
2021-07-25,2,7753,2021-11-04,0
2021-07-26,1,7754,2021-11-04,0
2021-07-27,2,7756,2021-11-04,0
2021-07-28,3,7759,2021-11-04,0
2021-07-29,2,7761,2021-11-04,0
2021-07-30,5,7766,2021-11-04,0
2021-07-31,4,7770,2021-11-04,0
2021-08-01,1,7771,2021-11-04,0
2021-08-02,3,7774,2021-11-04,0
2021-08-03,2,7776,2021-11-04,0
2021-08-04,3,7779,2021-11-04,0
2021-08-05,2,7781,2021-11-04,0
2021-08-06,7,7788,2021-11-04,0
2021-08-07,3,7791,2021-11-04,0
2021-08-08,2,7793,2021-11-04,0
2021-08-09,3,7796,2021-11-04,0
2021-08-10,2,7798,2021-11-04,0
2021-08-11,2,7800,2021-11-04,0
2021-08-12,7,7807,2021-11-04,0
2021-08-13,5,7812,2021-11-04,0
2021-08-14,6,7818,2021-11-04,0
2021-08-15,0,7818,2021-11-04,0
2021-08-16,7,7825,2021-11-04,0
2021-08-17,7,7832,2021-11-04,0
2021-08-18,9,7841,2021-11-04,0
2021-08-19,2,7843,2021-11-04,0
2021-08-20,3,7846,2021-11-04,0
2021-08-21,5,7851,2021-11-04,0
2021-08-22,7,7858,2021-11-04,0
2021-08-23,5,7863,2021-11-04,0
2021-08-24,12,7875,2021-11-04,0
2021-08-25,7,7882,2021-11-04,0
2021-08-26,2,7884,2021-11-04,0
2021-08-27,6,7890,2021-11-04,0
2021-08-28,11,7901,2021-11-04,0
2021-08-29,11,7912,2021-11-04,0
2021-08-30,8,7920,2021-11-04,0
2021-08-31,6,7926,2021-11-04,0
2021-09-01,6,7932,2021-11-04,0
2021-09-02,6,7938,2021-11-04,0
2021-09-03,9,7947,2021-11-04,0
2021-09-04,9,7956,2021-11-04,0
2021-09-05,10,7966,2021-11-04,0
2021-09-06,8,7974,2021-11-04,1
2021-09-07,7,7981,2021-11-04,0
2021-09-08,10,7991,2021-11-04,0
2021-09-09,5,7996,2021-11-04,0
2021-09-10,9,8005,2021-11-04,0
2021-09-11,17,8022,2021-11-04,0
2021-09-12,10,8032,2021-11-04,0
2021-09-13,7,8039,2021-11-04,0
2021-09-14,11,8050,2021-11-04,0
2021-09-15,14,8064,2021-11-04,0
2021-09-16,16,8080,2021-11-04,0
2021-09-17,8,8088,2021-11-04,0
2021-09-18,13,8101,2021-11-04,0
2021-09-19,11,8112,2021-11-04,0
2021-09-20,15,8127,2021-11-04,0
2021-09-21,15,8142,2021-11-04,0
2021-09-22,16,8158,2021-11-04,0
2021-09-23,12,8170,2021-11-04,0
2021-09-24,12,8182,2021-11-04,0
2021-09-25,16,8198,2021-11-04,0
2021-09-26,14,8212,2021-11-04,0
2021-09-27,15,8227,2021-11-04,0
2021-09-28,10,8237,2021-11-04,0
2021-09-29,19,8256,2021-11-04,0
2021-09-30,17,8273,2021-11-04,0
2021-10-01,13,8286,2021-11-04,0
2021-10-02,13,8299,2021-11-04,0
2021-10-03,23,8322,2021-11-04,0
2021-10-04,13,8335,2021-11-04,0
2021-10-05,23,8358,2021-11-04,0
2021-10-06,20,8378,2021-11-04,0
2021-10-07,12,8390,2021-11-04,0
2021-10-08,22,8412,2021-11-04,0
2021-10-09,20,8432,2021-11-04,0
2021-10-10,11,8443,2021-11-04,0
2021-10-11,11,8454,2021-11-04,0
2021-10-12,23,8477,2021-11-04,0
2021-10-13,19,8496,2021-11-04,0
2021-10-14,20,8516,2021-11-04,1
2021-10-15,14,8530,2021-11-04,1
2021-10-16,19,8549,2021-11-04,0
2021-10-17,16,8565,2021-11-04,0
2021-10-18,16,8581,2021-11-04,0
2021-10-19,24,8605,2021-11-04,1
2021-10-20,15,8620,2021-11-04,0
2021-10-21,7,8627,2021-11-04,0
2021-10-22,21,8648,2021-11-04,0
2021-10-23,20,8668,2021-11-04,1
2021-10-24,22,8690,2021-11-04,0
2021-10-25,18,8708,2021-11-04,4
2021-10-26,21,8729,2021-11-04,3
2021-10-27,10,8739,2021-11-04,0
2021-10-28,17,8756,2021-11-04,1
2021-10-29,11,8767,2021-11-04,6
2021-10-30,10,8777,2021-11-04,3
2021-10-31,9,8786,2021-11-04,4
2021-11-01,5,8791,2021-11-04,4
2021-11-02,2,8793,2021-11-04,2
NA,0,8793,2021-11-04,0
2020-03-19,1,1,2021-11-05,0
2020-03-20,0,1,2021-11-05,0
2020-03-21,0,1,2021-11-05,0
2020-03-22,0,1,2021-11-05,0
2020-03-23,0,1,2021-11-05,0
2020-03-24,1,2,2021-11-05,0
2020-03-25,1,3,2021-11-05,0
2020-03-26,1,4,2021-11-05,0
2020-03-27,5,9,2021-11-05,0
2020-03-28,3,12,2021-11-05,0
2020-03-29,0,12,2021-11-05,0
2020-03-30,5,17,2021-11-05,0
2020-03-31,2,19,2021-11-05,0
2020-04-01,5,24,2021-11-05,0
2020-04-02,3,27,2021-11-05,0
2020-04-03,1,28,2021-11-05,0
2020-04-04,5,33,2021-11-05,0
2020-04-05,5,38,2021-11-05,0
2020-04-06,10,48,2021-11-05,0
2020-04-07,6,54,2021-11-05,0
2020-04-08,7,61,2021-11-05,0
2020-04-09,8,69,2021-11-05,0
2020-04-10,6,75,2021-11-05,0
2020-04-11,4,79,2021-11-05,0
2020-04-12,4,83,2021-11-05,0
2020-04-13,10,93,2021-11-05,0
2020-04-14,6,99,2021-11-05,0
2020-04-15,17,116,2021-11-05,0
2020-04-16,10,126,2021-11-05,0
2020-04-17,17,143,2021-11-05,0
2020-04-18,17,160,2021-11-05,0
2020-04-19,16,176,2021-11-05,0
2020-04-20,21,197,2021-11-05,0
2020-04-21,26,223,2021-11-05,0
2020-04-22,21,244,2021-11-05,0
2020-04-23,19,263,2021-11-05,0
2020-04-24,23,286,2021-11-05,0
2020-04-25,18,304,2021-11-05,0
2020-04-26,17,321,2021-11-05,0
2020-04-27,21,342,2021-11-05,0
2020-04-28,16,358,2021-11-05,0
2020-04-29,29,387,2021-11-05,0
2020-04-30,18,405,2021-11-05,0
2020-05-01,30,435,2021-11-05,0
2020-05-02,19,454,2021-11-05,0
2020-05-03,29,483,2021-11-05,0
2020-05-04,23,506,2021-11-05,0
2020-05-05,19,525,2021-11-05,0
2020-05-06,25,550,2021-11-05,0
2020-05-07,30,580,2021-11-05,0
2020-05-08,20,600,2021-11-05,0
2020-05-09,26,626,2021-11-05,0
2020-05-10,19,645,2021-11-05,0
2020-05-11,25,670,2021-11-05,0
2020-05-12,20,690,2021-11-05,0
2020-05-13,22,712,2021-11-05,0
2020-05-14,20,732,2021-11-05,0
2020-05-15,20,752,2021-11-05,0
2020-05-16,20,772,2021-11-05,0
2020-05-17,23,795,2021-11-05,0
2020-05-18,18,813,2021-11-05,0
2020-05-19,35,848,2021-11-05,0
2020-05-20,24,872,2021-11-05,0
2020-05-21,17,889,2021-11-05,0
2020-05-22,20,909,2021-11-05,0
2020-05-23,26,935,2021-11-05,0
2020-05-24,25,960,2021-11-05,0
2020-05-25,30,990,2021-11-05,0
2020-05-26,29,1019,2021-11-05,0
2020-05-27,25,1044,2021-11-05,0
2020-05-28,21,1065,2021-11-05,0
2020-05-29,17,1082,2021-11-05,0
2020-05-30,11,1093,2021-11-05,0
2020-05-31,20,1113,2021-11-05,0
2020-06-01,23,1136,2021-11-05,0
2020-06-02,21,1157,2021-11-05,0
2020-06-03,25,1182,2021-11-05,0
2020-06-04,26,1208,2021-11-05,0
2020-06-05,18,1226,2021-11-05,0
2020-06-06,12,1238,2021-11-05,0
2020-06-07,22,1260,2021-11-05,0
2020-06-08,12,1272,2021-11-05,0
2020-06-09,13,1285,2021-11-05,0
2020-06-10,10,1295,2021-11-05,0
2020-06-11,12,1307,2021-11-05,0
2020-06-12,11,1318,2021-11-05,0
2020-06-13,13,1331,2021-11-05,0
2020-06-14,11,1342,2021-11-05,0
2020-06-15,8,1350,2021-11-05,0
2020-06-16,9,1359,2021-11-05,0
2020-06-17,17,1376,2021-11-05,0
2020-06-18,9,1385,2021-11-05,0
2020-06-19,8,1393,2021-11-05,0
2020-06-20,12,1405,2021-11-05,0
2020-06-21,11,1416,2021-11-05,0
2020-06-22,6,1422,2021-11-05,0
2020-06-23,10,1432,2021-11-05,0
2020-06-24,1,1433,2021-11-05,0
2020-06-25,9,1442,2021-11-05,0
2020-06-26,6,1448,2021-11-05,0
2020-06-27,5,1453,2021-11-05,0
2020-06-28,11,1464,2021-11-05,0
2020-06-29,7,1471,2021-11-05,0
2020-06-30,9,1480,2021-11-05,0
2020-07-01,2,1482,2021-11-05,0
2020-07-02,3,1485,2021-11-05,0
2020-07-03,5,1490,2021-11-05,0
2020-07-04,4,1494,2021-11-05,0
2020-07-05,6,1500,2021-11-05,0
2020-07-06,4,1504,2021-11-05,0
2020-07-07,2,1506,2021-11-05,0
2020-07-08,9,1515,2021-11-05,0
2020-07-09,4,1519,2021-11-05,0
2020-07-10,3,1522,2021-11-05,0
2020-07-11,4,1526,2021-11-05,0
2020-07-12,6,1532,2021-11-05,0
2020-07-13,2,1534,2021-11-05,0
2020-07-14,6,1540,2021-11-05,0
2020-07-15,7,1547,2021-11-05,0
2020-07-16,3,1550,2021-11-05,0
2020-07-17,7,1557,2021-11-05,0
2020-07-18,6,1563,2021-11-05,0
2020-07-19,5,1568,2021-11-05,0
2020-07-20,3,1571,2021-11-05,0
2020-07-21,6,1577,2021-11-05,0
2020-07-22,5,1582,2021-11-05,0
2020-07-23,8,1590,2021-11-05,0
2020-07-24,6,1596,2021-11-05,0
2020-07-25,2,1598,2021-11-05,0
2020-07-26,5,1603,2021-11-05,0
2020-07-27,5,1608,2021-11-05,0
2020-07-28,7,1615,2021-11-05,0
2020-07-29,3,1618,2021-11-05,0
2020-07-30,6,1624,2021-11-05,0
2020-07-31,9,1633,2021-11-05,0
2020-08-01,4,1637,2021-11-05,0
2020-08-02,7,1644,2021-11-05,0
2020-08-03,4,1648,2021-11-05,0
2020-08-04,7,1655,2021-11-05,0
2020-08-05,8,1663,2021-11-05,0
2020-08-06,9,1672,2021-11-05,0
2020-08-07,7,1679,2021-11-05,0
2020-08-08,6,1685,2021-11-05,0
2020-08-09,10,1695,2021-11-05,0
2020-08-10,3,1698,2021-11-05,0
2020-08-11,9,1707,2021-11-05,0
2020-08-12,7,1714,2021-11-05,0
2020-08-13,5,1719,2021-11-05,0
2020-08-14,9,1728,2021-11-05,0
2020-08-15,13,1741,2021-11-05,0
2020-08-16,13,1754,2021-11-05,0
2020-08-17,6,1760,2021-11-05,0
2020-08-18,11,1771,2021-11-05,0
2020-08-19,3,1774,2021-11-05,0
2020-08-20,10,1784,2021-11-05,0
2020-08-21,12,1796,2021-11-05,0
2020-08-22,9,1805,2021-11-05,0
2020-08-23,7,1812,2021-11-05,0
2020-08-24,9,1821,2021-11-05,0
2020-08-25,4,1825,2021-11-05,0
2020-08-26,3,1828,2021-11-05,0
2020-08-27,7,1835,2021-11-05,0
2020-08-28,6,1841,2021-11-05,0
2020-08-29,3,1844,2021-11-05,0
2020-08-30,5,1849,2021-11-05,0
2020-08-31,9,1858,2021-11-05,0
2020-09-01,2,1860,2021-11-05,0
2020-09-02,7,1867,2021-11-05,0
2020-09-03,12,1879,2021-11-05,0
2020-09-04,4,1883,2021-11-05,0
2020-09-05,6,1889,2021-11-05,0
2020-09-06,12,1901,2021-11-05,0
2020-09-07,3,1904,2021-11-05,0
2020-09-08,6,1910,2021-11-05,0
2020-09-09,10,1920,2021-11-05,0
2020-09-10,9,1929,2021-11-05,0
2020-09-11,11,1940,2021-11-05,0
2020-09-12,8,1948,2021-11-05,0
2020-09-13,8,1956,2021-11-05,0
2020-09-14,2,1958,2021-11-05,0
2020-09-15,7,1965,2021-11-05,0
2020-09-16,9,1974,2021-11-05,0
2020-09-17,5,1979,2021-11-05,0
2020-09-18,6,1985,2021-11-05,0
2020-09-19,4,1989,2021-11-05,0
2020-09-20,9,1998,2021-11-05,0
2020-09-21,7,2005,2021-11-05,0
2020-09-22,8,2013,2021-11-05,0
2020-09-23,9,2022,2021-11-05,0
2020-09-24,8,2030,2021-11-05,0
2020-09-25,11,2041,2021-11-05,0
2020-09-26,9,2050,2021-11-05,0
2020-09-27,14,2064,2021-11-05,0
2020-09-28,11,2075,2021-11-05,0
2020-09-29,5,2080,2021-11-05,0
2020-09-30,16,2096,2021-11-05,0
2020-10-01,7,2103,2021-11-05,0
2020-10-02,13,2116,2021-11-05,0
2020-10-03,9,2125,2021-11-05,0
2020-10-04,7,2132,2021-11-05,0
2020-10-05,10,2142,2021-11-05,0
2020-10-06,13,2155,2021-11-05,0
2020-10-07,19,2174,2021-11-05,0
2020-10-08,9,2183,2021-11-05,0
2020-10-09,17,2200,2021-11-05,0
2020-10-10,16,2216,2021-11-05,0
2020-10-11,16,2232,2021-11-05,0
2020-10-12,20,2252,2021-11-05,0
2020-10-13,14,2266,2021-11-05,0
2020-10-14,10,2276,2021-11-05,0
2020-10-15,9,2285,2021-11-05,0
2020-10-16,12,2297,2021-11-05,0
2020-10-17,18,2315,2021-11-05,0
2020-10-18,25,2340,2021-11-05,0
2020-10-19,18,2358,2021-11-05,0
2020-10-20,15,2373,2021-11-05,0
2020-10-21,24,2397,2021-11-05,0
2020-10-22,18,2415,2021-11-05,0
2020-10-23,19,2434,2021-11-05,0
2020-10-24,8,2442,2021-11-05,0
2020-10-25,17,2459,2021-11-05,0
2020-10-26,25,2484,2021-11-05,0
2020-10-27,23,2507,2021-11-05,0
2020-10-28,29,2536,2021-11-05,0
2020-10-29,18,2554,2021-11-05,0
2020-10-30,27,2581,2021-11-05,0
2020-10-31,25,2606,2021-11-05,0
2020-11-01,21,2627,2021-11-05,0
2020-11-02,25,2652,2021-11-05,0
2020-11-03,25,2677,2021-11-05,0
2020-11-04,33,2710,2021-11-05,0
2020-11-05,38,2748,2021-11-05,0
2020-11-06,39,2787,2021-11-05,0
2020-11-07,42,2829,2021-11-05,0
2020-11-08,47,2876,2021-11-05,0
2020-11-09,36,2912,2021-11-05,0
2020-11-10,35,2947,2021-11-05,0
2020-11-11,43,2990,2021-11-05,0
2020-11-12,45,3035,2021-11-05,0
2020-11-13,40,3075,2021-11-05,0
2020-11-14,47,3122,2021-11-05,0
2020-11-15,46,3168,2021-11-05,0
2020-11-16,62,3230,2021-11-05,0
2020-11-17,56,3286,2021-11-05,0
2020-11-18,61,3347,2021-11-05,0
2020-11-19,60,3407,2021-11-05,0
2020-11-20,63,3470,2021-11-05,0
2020-11-21,58,3528,2021-11-05,0
2020-11-22,67,3595,2021-11-05,0
2020-11-23,59,3654,2021-11-05,0
2020-11-24,69,3723,2021-11-05,0
2020-11-25,72,3795,2021-11-05,0
2020-11-26,54,3849,2021-11-05,0
2020-11-27,69,3918,2021-11-05,0
2020-11-28,62,3980,2021-11-05,0
2020-11-29,68,4048,2021-11-05,0
2020-11-30,61,4109,2021-11-05,0
2020-12-01,64,4173,2021-11-05,0
2020-12-02,73,4246,2021-11-05,0
2020-12-03,86,4332,2021-11-05,0
2020-12-04,67,4399,2021-11-05,0
2020-12-05,74,4473,2021-11-05,0
2020-12-06,80,4553,2021-11-05,0
2020-12-07,75,4628,2021-11-05,0
2020-12-08,61,4689,2021-11-05,0
2020-12-09,71,4760,2021-11-05,0
2020-12-10,72,4832,2021-11-05,0
2020-12-11,71,4903,2021-11-05,0
2020-12-12,72,4975,2021-11-05,0
2020-12-13,56,5031,2021-11-05,0
2020-12-14,43,5074,2021-11-05,0
2020-12-15,65,5139,2021-11-05,0
2020-12-16,73,5212,2021-11-05,0
2020-12-17,60,5272,2021-11-05,0
2020-12-18,59,5331,2021-11-05,0
2020-12-19,56,5387,2021-11-05,0
2020-12-20,61,5448,2021-11-05,0
2020-12-21,58,5506,2021-11-05,0
2020-12-22,33,5539,2021-11-05,0
2020-12-23,46,5585,2021-11-05,0
2020-12-24,50,5635,2021-11-05,0
2020-12-25,36,5671,2021-11-05,0
2020-12-26,43,5714,2021-11-05,0
2020-12-27,41,5755,2021-11-05,0
2020-12-28,34,5789,2021-11-05,0
2020-12-29,37,5826,2021-11-05,0
2020-12-30,47,5873,2021-11-05,0
2020-12-31,36,5909,2021-11-05,0
2021-01-01,28,5937,2021-11-05,0
2021-01-02,47,5984,2021-11-05,0
2021-01-03,37,6021,2021-11-05,0
2021-01-04,32,6053,2021-11-05,0
2021-01-05,40,6093,2021-11-05,0
2021-01-06,32,6125,2021-11-05,0
2021-01-07,37,6162,2021-11-05,0
2021-01-08,32,6194,2021-11-05,0
2021-01-09,26,6220,2021-11-05,0
2021-01-10,29,6249,2021-11-05,0
2021-01-11,26,6275,2021-11-05,0
2021-01-12,32,6307,2021-11-05,0
2021-01-13,23,6330,2021-11-05,0
2021-01-14,41,6371,2021-11-05,0
2021-01-15,26,6397,2021-11-05,0
2021-01-16,30,6427,2021-11-05,0
2021-01-17,21,6448,2021-11-05,0
2021-01-18,19,6467,2021-11-05,0
2021-01-19,14,6481,2021-11-05,0
2021-01-20,26,6507,2021-11-05,0
2021-01-21,16,6523,2021-11-05,0
2021-01-22,13,6536,2021-11-05,0
2021-01-23,17,6553,2021-11-05,0
2021-01-24,24,6577,2021-11-05,0
2021-01-25,19,6596,2021-11-05,0
2021-01-26,21,6617,2021-11-05,0
2021-01-27,11,6628,2021-11-05,0
2021-01-28,12,6640,2021-11-05,0
2021-01-29,15,6655,2021-11-05,0
2021-01-30,13,6668,2021-11-05,0
2021-01-31,16,6684,2021-11-05,0
2021-02-01,17,6701,2021-11-05,0
2021-02-02,10,6711,2021-11-05,0
2021-02-03,11,6722,2021-11-05,0
2021-02-04,11,6733,2021-11-05,0
2021-02-05,12,6745,2021-11-05,0
2021-02-06,12,6757,2021-11-05,0
2021-02-07,19,6776,2021-11-05,0
2021-02-08,11,6787,2021-11-05,0
2021-02-09,15,6802,2021-11-05,0
2021-02-10,14,6816,2021-11-05,0
2021-02-11,7,6823,2021-11-05,0
2021-02-12,13,6836,2021-11-05,0
2021-02-13,8,6844,2021-11-05,0
2021-02-14,10,6854,2021-11-05,0
2021-02-15,9,6863,2021-11-05,0
2021-02-16,12,6875,2021-11-05,0
2021-02-17,10,6885,2021-11-05,0
2021-02-18,7,6892,2021-11-05,0
2021-02-19,6,6898,2021-11-05,0
2021-02-20,7,6905,2021-11-05,0
2021-02-21,4,6909,2021-11-05,0
2021-02-22,5,6914,2021-11-05,0
2021-02-23,9,6923,2021-11-05,0
2021-02-24,5,6928,2021-11-05,0
2021-02-25,5,6933,2021-11-05,0
2021-02-26,7,6940,2021-11-05,0
2021-02-27,6,6946,2021-11-05,0
2021-02-28,8,6954,2021-11-05,0
2021-03-01,7,6961,2021-11-05,0
2021-03-02,3,6964,2021-11-05,0
2021-03-03,10,6974,2021-11-05,0
2021-03-04,6,6980,2021-11-05,0
2021-03-05,10,6990,2021-11-05,0
2021-03-06,5,6995,2021-11-05,0
2021-03-07,9,7004,2021-11-05,0
2021-03-08,5,7009,2021-11-05,0
2021-03-09,7,7016,2021-11-05,0
2021-03-10,5,7021,2021-11-05,0
2021-03-11,4,7025,2021-11-05,0
2021-03-12,11,7036,2021-11-05,0
2021-03-13,5,7041,2021-11-05,0
2021-03-14,5,7046,2021-11-05,0
2021-03-15,2,7048,2021-11-05,0
2021-03-16,6,7054,2021-11-05,0
2021-03-17,4,7058,2021-11-05,0
2021-03-18,5,7063,2021-11-05,0
2021-03-19,5,7068,2021-11-05,0
2021-03-20,9,7077,2021-11-05,0
2021-03-21,5,7082,2021-11-05,0
2021-03-22,4,7086,2021-11-05,0
2021-03-23,5,7091,2021-11-05,0
2021-03-24,1,7092,2021-11-05,0
2021-03-25,5,7097,2021-11-05,0
2021-03-26,3,7100,2021-11-05,0
2021-03-27,7,7107,2021-11-05,0
2021-03-28,6,7113,2021-11-05,0
2021-03-29,5,7118,2021-11-05,0
2021-03-30,6,7124,2021-11-05,0
2021-03-31,8,7132,2021-11-05,0
2021-04-01,6,7138,2021-11-05,0
2021-04-02,9,7147,2021-11-05,0
2021-04-03,8,7155,2021-11-05,0
2021-04-04,6,7161,2021-11-05,0
2021-04-05,8,7169,2021-11-05,0
2021-04-06,7,7176,2021-11-05,0
2021-04-07,6,7182,2021-11-05,0
2021-04-08,10,7192,2021-11-05,0
2021-04-09,7,7199,2021-11-05,0
2021-04-10,7,7206,2021-11-05,0
2021-04-11,8,7214,2021-11-05,0
2021-04-12,10,7224,2021-11-05,0
2021-04-13,7,7231,2021-11-05,0
2021-04-14,8,7239,2021-11-05,0
2021-04-15,14,7253,2021-11-05,0
2021-04-16,8,7261,2021-11-05,0
2021-04-17,8,7269,2021-11-05,0
2021-04-18,8,7277,2021-11-05,0
2021-04-19,10,7287,2021-11-05,0
2021-04-20,5,7292,2021-11-05,0
2021-04-21,8,7300,2021-11-05,0
2021-04-22,2,7302,2021-11-05,0
2021-04-23,15,7317,2021-11-05,0
2021-04-24,11,7328,2021-11-05,0
2021-04-25,15,7343,2021-11-05,0
2021-04-26,15,7358,2021-11-05,0
2021-04-27,7,7365,2021-11-05,0
2021-04-28,14,7379,2021-11-05,0
2021-04-29,8,7387,2021-11-05,0
2021-04-30,11,7398,2021-11-05,0
2021-05-01,7,7405,2021-11-05,0
2021-05-02,8,7413,2021-11-05,0
2021-05-03,5,7418,2021-11-05,0
2021-05-04,13,7431,2021-11-05,0
2021-05-05,8,7439,2021-11-05,0
2021-05-06,5,7444,2021-11-05,0
2021-05-07,8,7452,2021-11-05,0
2021-05-08,7,7459,2021-11-05,0
2021-05-09,9,7468,2021-11-05,0
2021-05-10,8,7476,2021-11-05,0
2021-05-11,6,7482,2021-11-05,0
2021-05-12,9,7491,2021-11-05,0
2021-05-13,9,7500,2021-11-05,0
2021-05-14,11,7511,2021-11-05,0
2021-05-15,10,7521,2021-11-05,0
2021-05-16,6,7527,2021-11-05,0
2021-05-17,6,7533,2021-11-05,0
2021-05-18,7,7540,2021-11-05,0
2021-05-19,2,7542,2021-11-05,0
2021-05-20,5,7547,2021-11-05,0
2021-05-21,7,7554,2021-11-05,0
2021-05-22,11,7565,2021-11-05,0
2021-05-23,5,7570,2021-11-05,0
2021-05-24,5,7575,2021-11-05,0
2021-05-25,6,7581,2021-11-05,0
2021-05-26,3,7584,2021-11-05,0
2021-05-27,7,7591,2021-11-05,0
2021-05-28,2,7593,2021-11-05,0
2021-05-29,6,7599,2021-11-05,0
2021-05-30,4,7603,2021-11-05,0
2021-05-31,3,7606,2021-11-05,0
2021-06-01,5,7611,2021-11-05,0
2021-06-02,8,7619,2021-11-05,0
2021-06-03,4,7623,2021-11-05,0
2021-06-04,4,7627,2021-11-05,0
2021-06-05,2,7629,2021-11-05,0
2021-06-06,5,7634,2021-11-05,0
2021-06-07,3,7637,2021-11-05,0
2021-06-08,5,7642,2021-11-05,0
2021-06-09,4,7646,2021-11-05,0
2021-06-10,6,7652,2021-11-05,0
2021-06-11,6,7658,2021-11-05,0
2021-06-12,4,7662,2021-11-05,0
2021-06-13,4,7666,2021-11-05,0
2021-06-14,3,7669,2021-11-05,0
2021-06-15,2,7671,2021-11-05,0
2021-06-16,2,7673,2021-11-05,0
2021-06-17,4,7677,2021-11-05,0
2021-06-18,1,7678,2021-11-05,0
2021-06-19,6,7684,2021-11-05,0
2021-06-20,1,7685,2021-11-05,0
2021-06-21,5,7690,2021-11-05,0
2021-06-22,3,7693,2021-11-05,0
2021-06-23,4,7697,2021-11-05,0
2021-06-24,3,7700,2021-11-05,0
2021-06-25,3,7703,2021-11-05,0
2021-06-26,4,7707,2021-11-05,0
2021-06-27,2,7709,2021-11-05,0
2021-06-28,2,7711,2021-11-05,0
2021-06-29,2,7713,2021-11-05,0
2021-06-30,2,7715,2021-11-05,0
2021-07-01,0,7715,2021-11-05,0
2021-07-02,2,7717,2021-11-05,0
2021-07-03,2,7719,2021-11-05,0
2021-07-04,3,7722,2021-11-05,0
2021-07-05,1,7723,2021-11-05,0
2021-07-06,4,7727,2021-11-05,0
2021-07-07,1,7728,2021-11-05,0
2021-07-08,1,7729,2021-11-05,0
2021-07-09,0,7729,2021-11-05,0
2021-07-10,1,7730,2021-11-05,0
2021-07-11,3,7733,2021-11-05,0
2021-07-12,1,7734,2021-11-05,0
2021-07-13,2,7736,2021-11-05,0
2021-07-14,2,7738,2021-11-05,0
2021-07-15,2,7740,2021-11-05,0
2021-07-16,1,7741,2021-11-05,0
2021-07-17,1,7742,2021-11-05,0
2021-07-18,0,7742,2021-11-05,0
2021-07-19,0,7742,2021-11-05,0
2021-07-20,2,7744,2021-11-05,0
2021-07-21,2,7746,2021-11-05,0
2021-07-22,2,7748,2021-11-05,0
2021-07-23,3,7751,2021-11-05,0
2021-07-24,0,7751,2021-11-05,0
2021-07-25,2,7753,2021-11-05,0
2021-07-26,1,7754,2021-11-05,0
2021-07-27,2,7756,2021-11-05,0
2021-07-28,3,7759,2021-11-05,0
2021-07-29,2,7761,2021-11-05,0
2021-07-30,5,7766,2021-11-05,0
2021-07-31,4,7770,2021-11-05,0
2021-08-01,1,7771,2021-11-05,0
2021-08-02,3,7774,2021-11-05,0
2021-08-03,2,7776,2021-11-05,0
2021-08-04,3,7779,2021-11-05,0
2021-08-05,2,7781,2021-11-05,0
2021-08-06,7,7788,2021-11-05,0
2021-08-07,3,7791,2021-11-05,0
2021-08-08,2,7793,2021-11-05,0
2021-08-09,3,7796,2021-11-05,0
2021-08-10,2,7798,2021-11-05,0
2021-08-11,2,7800,2021-11-05,0
2021-08-12,7,7807,2021-11-05,0
2021-08-13,5,7812,2021-11-05,0
2021-08-14,6,7818,2021-11-05,0
2021-08-15,0,7818,2021-11-05,0
2021-08-16,7,7825,2021-11-05,0
2021-08-17,7,7832,2021-11-05,0
2021-08-18,9,7841,2021-11-05,0
2021-08-19,2,7843,2021-11-05,0
2021-08-20,3,7846,2021-11-05,0
2021-08-21,5,7851,2021-11-05,0
2021-08-22,7,7858,2021-11-05,0
2021-08-23,5,7863,2021-11-05,0
2021-08-24,12,7875,2021-11-05,0
2021-08-25,7,7882,2021-11-05,0
2021-08-26,2,7884,2021-11-05,0
2021-08-27,6,7890,2021-11-05,0
2021-08-28,11,7901,2021-11-05,0
2021-08-29,11,7912,2021-11-05,0
2021-08-30,8,7920,2021-11-05,0
2021-08-31,6,7926,2021-11-05,0
2021-09-01,6,7932,2021-11-05,0
2021-09-02,6,7938,2021-11-05,0
2021-09-03,9,7947,2021-11-05,0
2021-09-04,9,7956,2021-11-05,0
2021-09-05,10,7966,2021-11-05,0
2021-09-06,8,7974,2021-11-05,0
2021-09-07,7,7981,2021-11-05,0
2021-09-08,10,7991,2021-11-05,0
2021-09-09,5,7996,2021-11-05,0
2021-09-10,9,8005,2021-11-05,0
2021-09-11,17,8022,2021-11-05,0
2021-09-12,10,8032,2021-11-05,0
2021-09-13,7,8039,2021-11-05,0
2021-09-14,11,8050,2021-11-05,0
2021-09-15,14,8064,2021-11-05,0
2021-09-16,16,8080,2021-11-05,0
2021-09-17,8,8088,2021-11-05,0
2021-09-18,13,8101,2021-11-05,0
2021-09-19,11,8112,2021-11-05,0
2021-09-20,15,8127,2021-11-05,0
2021-09-21,15,8142,2021-11-05,0
2021-09-22,16,8158,2021-11-05,0
2021-09-23,12,8170,2021-11-05,0
2021-09-24,12,8182,2021-11-05,0
2021-09-25,16,8198,2021-11-05,0
2021-09-26,14,8212,2021-11-05,0
2021-09-27,15,8227,2021-11-05,0
2021-09-28,10,8237,2021-11-05,0
2021-09-29,19,8256,2021-11-05,0
2021-09-30,17,8273,2021-11-05,0
2021-10-01,13,8286,2021-11-05,0
2021-10-02,13,8299,2021-11-05,0
2021-10-03,23,8322,2021-11-05,0
2021-10-04,13,8335,2021-11-05,0
2021-10-05,23,8358,2021-11-05,0
2021-10-06,20,8378,2021-11-05,0
2021-10-07,12,8390,2021-11-05,0
2021-10-08,22,8412,2021-11-05,0
2021-10-09,20,8432,2021-11-05,0
2021-10-10,13,8445,2021-11-05,2
2021-10-11,11,8456,2021-11-05,0
2021-10-12,23,8479,2021-11-05,0
2021-10-13,19,8498,2021-11-05,0
2021-10-14,20,8518,2021-11-05,0
2021-10-15,14,8532,2021-11-05,0
2021-10-16,19,8551,2021-11-05,0
2021-10-17,16,8567,2021-11-05,0
2021-10-18,16,8583,2021-11-05,0
2021-10-19,24,8607,2021-11-05,0
2021-10-20,15,8622,2021-11-05,0
2021-10-21,7,8629,2021-11-05,0
2021-10-22,22,8651,2021-11-05,1
2021-10-23,20,8671,2021-11-05,0
2021-10-24,23,8694,2021-11-05,1
2021-10-25,18,8712,2021-11-05,0
2021-10-26,21,8733,2021-11-05,0
2021-10-27,13,8746,2021-11-05,3
2021-10-28,21,8767,2021-11-05,4
2021-10-29,14,8781,2021-11-05,3
2021-10-30,15,8796,2021-11-05,5
2021-10-31,15,8811,2021-11-05,6
2021-11-01,10,8821,2021-11-05,5
2021-11-02,7,8828,2021-11-05,5
NA,0,8828,2021-11-05,0
2020-03-19,1,1,2021-11-08,0
2020-03-20,0,1,2021-11-08,0
2020-03-21,0,1,2021-11-08,0
2020-03-22,0,1,2021-11-08,0
2020-03-23,0,1,2021-11-08,0
2020-03-24,1,2,2021-11-08,0
2020-03-25,1,3,2021-11-08,0
2020-03-26,1,4,2021-11-08,0
2020-03-27,5,9,2021-11-08,0
2020-03-28,3,12,2021-11-08,0
2020-03-29,0,12,2021-11-08,0
2020-03-30,5,17,2021-11-08,0
2020-03-31,2,19,2021-11-08,0
2020-04-01,5,24,2021-11-08,0
2020-04-02,3,27,2021-11-08,0
2020-04-03,1,28,2021-11-08,0
2020-04-04,5,33,2021-11-08,0
2020-04-05,5,38,2021-11-08,0
2020-04-06,10,48,2021-11-08,0
2020-04-07,6,54,2021-11-08,0
2020-04-08,7,61,2021-11-08,0
2020-04-09,8,69,2021-11-08,0
2020-04-10,6,75,2021-11-08,0
2020-04-11,4,79,2021-11-08,0
2020-04-12,4,83,2021-11-08,0
2020-04-13,10,93,2021-11-08,0
2020-04-14,6,99,2021-11-08,0
2020-04-15,17,116,2021-11-08,0
2020-04-16,10,126,2021-11-08,0
2020-04-17,17,143,2021-11-08,0
2020-04-18,17,160,2021-11-08,0
2020-04-19,16,176,2021-11-08,0
2020-04-20,21,197,2021-11-08,0
2020-04-21,26,223,2021-11-08,0
2020-04-22,21,244,2021-11-08,0
2020-04-23,19,263,2021-11-08,0
2020-04-24,23,286,2021-11-08,0
2020-04-25,18,304,2021-11-08,0
2020-04-26,17,321,2021-11-08,0
2020-04-27,21,342,2021-11-08,0
2020-04-28,16,358,2021-11-08,0
2020-04-29,29,387,2021-11-08,0
2020-04-30,18,405,2021-11-08,0
2020-05-01,30,435,2021-11-08,0
2020-05-02,19,454,2021-11-08,0
2020-05-03,29,483,2021-11-08,0
2020-05-04,23,506,2021-11-08,0
2020-05-05,19,525,2021-11-08,0
2020-05-06,25,550,2021-11-08,0
2020-05-07,30,580,2021-11-08,0
2020-05-08,20,600,2021-11-08,0
2020-05-09,26,626,2021-11-08,0
2020-05-10,19,645,2021-11-08,0
2020-05-11,25,670,2021-11-08,0
2020-05-12,20,690,2021-11-08,0
2020-05-13,22,712,2021-11-08,0
2020-05-14,20,732,2021-11-08,0
2020-05-15,20,752,2021-11-08,0
2020-05-16,20,772,2021-11-08,0
2020-05-17,23,795,2021-11-08,0
2020-05-18,18,813,2021-11-08,0
2020-05-19,35,848,2021-11-08,0
2020-05-20,24,872,2021-11-08,0
2020-05-21,17,889,2021-11-08,0
2020-05-22,20,909,2021-11-08,0
2020-05-23,26,935,2021-11-08,0
2020-05-24,25,960,2021-11-08,0
2020-05-25,30,990,2021-11-08,0
2020-05-26,29,1019,2021-11-08,0
2020-05-27,25,1044,2021-11-08,0
2020-05-28,21,1065,2021-11-08,0
2020-05-29,17,1082,2021-11-08,0
2020-05-30,11,1093,2021-11-08,0
2020-05-31,20,1113,2021-11-08,0
2020-06-01,23,1136,2021-11-08,0
2020-06-02,21,1157,2021-11-08,0
2020-06-03,25,1182,2021-11-08,0
2020-06-04,26,1208,2021-11-08,0
2020-06-05,18,1226,2021-11-08,0
2020-06-06,12,1238,2021-11-08,0
2020-06-07,22,1260,2021-11-08,0
2020-06-08,12,1272,2021-11-08,0
2020-06-09,13,1285,2021-11-08,0
2020-06-10,10,1295,2021-11-08,0
2020-06-11,12,1307,2021-11-08,0
2020-06-12,11,1318,2021-11-08,0
2020-06-13,13,1331,2021-11-08,0
2020-06-14,11,1342,2021-11-08,0
2020-06-15,8,1350,2021-11-08,0
2020-06-16,9,1359,2021-11-08,0
2020-06-17,17,1376,2021-11-08,0
2020-06-18,9,1385,2021-11-08,0
2020-06-19,8,1393,2021-11-08,0
2020-06-20,12,1405,2021-11-08,0
2020-06-21,11,1416,2021-11-08,0
2020-06-22,6,1422,2021-11-08,0
2020-06-23,10,1432,2021-11-08,0
2020-06-24,1,1433,2021-11-08,0
2020-06-25,9,1442,2021-11-08,0
2020-06-26,6,1448,2021-11-08,0
2020-06-27,5,1453,2021-11-08,0
2020-06-28,11,1464,2021-11-08,0
2020-06-29,7,1471,2021-11-08,0
2020-06-30,9,1480,2021-11-08,0
2020-07-01,2,1482,2021-11-08,0
2020-07-02,3,1485,2021-11-08,0
2020-07-03,5,1490,2021-11-08,0
2020-07-04,4,1494,2021-11-08,0
2020-07-05,6,1500,2021-11-08,0
2020-07-06,4,1504,2021-11-08,0
2020-07-07,2,1506,2021-11-08,0
2020-07-08,9,1515,2021-11-08,0
2020-07-09,4,1519,2021-11-08,0
2020-07-10,3,1522,2021-11-08,0
2020-07-11,4,1526,2021-11-08,0
2020-07-12,6,1532,2021-11-08,0
2020-07-13,2,1534,2021-11-08,0
2020-07-14,6,1540,2021-11-08,0
2020-07-15,7,1547,2021-11-08,0
2020-07-16,3,1550,2021-11-08,0
2020-07-17,7,1557,2021-11-08,0
2020-07-18,6,1563,2021-11-08,0
2020-07-19,5,1568,2021-11-08,0
2020-07-20,3,1571,2021-11-08,0
2020-07-21,6,1577,2021-11-08,0
2020-07-22,5,1582,2021-11-08,0
2020-07-23,8,1590,2021-11-08,0
2020-07-24,6,1596,2021-11-08,0
2020-07-25,2,1598,2021-11-08,0
2020-07-26,5,1603,2021-11-08,0
2020-07-27,5,1608,2021-11-08,0
2020-07-28,7,1615,2021-11-08,0
2020-07-29,3,1618,2021-11-08,0
2020-07-30,6,1624,2021-11-08,0
2020-07-31,9,1633,2021-11-08,0
2020-08-01,4,1637,2021-11-08,0
2020-08-02,7,1644,2021-11-08,0
2020-08-03,4,1648,2021-11-08,0
2020-08-04,7,1655,2021-11-08,0
2020-08-05,8,1663,2021-11-08,0
2020-08-06,9,1672,2021-11-08,0
2020-08-07,7,1679,2021-11-08,0
2020-08-08,6,1685,2021-11-08,0
2020-08-09,10,1695,2021-11-08,0
2020-08-10,3,1698,2021-11-08,0
2020-08-11,9,1707,2021-11-08,0
2020-08-12,7,1714,2021-11-08,0
2020-08-13,5,1719,2021-11-08,0
2020-08-14,9,1728,2021-11-08,0
2020-08-15,13,1741,2021-11-08,0
2020-08-16,13,1754,2021-11-08,0
2020-08-17,6,1760,2021-11-08,0
2020-08-18,11,1771,2021-11-08,0
2020-08-19,3,1774,2021-11-08,0
2020-08-20,10,1784,2021-11-08,0
2020-08-21,12,1796,2021-11-08,0
2020-08-22,9,1805,2021-11-08,0
2020-08-23,7,1812,2021-11-08,0
2020-08-24,9,1821,2021-11-08,0
2020-08-25,4,1825,2021-11-08,0
2020-08-26,3,1828,2021-11-08,0
2020-08-27,7,1835,2021-11-08,0
2020-08-28,6,1841,2021-11-08,0
2020-08-29,3,1844,2021-11-08,0
2020-08-30,5,1849,2021-11-08,0
2020-08-31,9,1858,2021-11-08,0
2020-09-01,2,1860,2021-11-08,0
2020-09-02,7,1867,2021-11-08,0
2020-09-03,12,1879,2021-11-08,0
2020-09-04,4,1883,2021-11-08,0
2020-09-05,6,1889,2021-11-08,0
2020-09-06,12,1901,2021-11-08,0
2020-09-07,3,1904,2021-11-08,0
2020-09-08,6,1910,2021-11-08,0
2020-09-09,10,1920,2021-11-08,0
2020-09-10,9,1929,2021-11-08,0
2020-09-11,11,1940,2021-11-08,0
2020-09-12,8,1948,2021-11-08,0
2020-09-13,8,1956,2021-11-08,0
2020-09-14,2,1958,2021-11-08,0
2020-09-15,7,1965,2021-11-08,0
2020-09-16,9,1974,2021-11-08,0
2020-09-17,5,1979,2021-11-08,0
2020-09-18,6,1985,2021-11-08,0
2020-09-19,4,1989,2021-11-08,0
2020-09-20,9,1998,2021-11-08,0
2020-09-21,7,2005,2021-11-08,0
2020-09-22,8,2013,2021-11-08,0
2020-09-23,9,2022,2021-11-08,0
2020-09-24,8,2030,2021-11-08,0
2020-09-25,11,2041,2021-11-08,0
2020-09-26,9,2050,2021-11-08,0
2020-09-27,14,2064,2021-11-08,0
2020-09-28,11,2075,2021-11-08,0
2020-09-29,5,2080,2021-11-08,0
2020-09-30,16,2096,2021-11-08,0
2020-10-01,7,2103,2021-11-08,0
2020-10-02,13,2116,2021-11-08,0
2020-10-03,9,2125,2021-11-08,0
2020-10-04,7,2132,2021-11-08,0
2020-10-05,10,2142,2021-11-08,0
2020-10-06,13,2155,2021-11-08,0
2020-10-07,19,2174,2021-11-08,0
2020-10-08,9,2183,2021-11-08,0
2020-10-09,17,2200,2021-11-08,0
2020-10-10,16,2216,2021-11-08,0
2020-10-11,16,2232,2021-11-08,0
2020-10-12,20,2252,2021-11-08,0
2020-10-13,14,2266,2021-11-08,0
2020-10-14,10,2276,2021-11-08,0
2020-10-15,9,2285,2021-11-08,0
2020-10-16,12,2297,2021-11-08,0
2020-10-17,18,2315,2021-11-08,0
2020-10-18,25,2340,2021-11-08,0
2020-10-19,18,2358,2021-11-08,0
2020-10-20,15,2373,2021-11-08,0
2020-10-21,24,2397,2021-11-08,0
2020-10-22,18,2415,2021-11-08,0
2020-10-23,19,2434,2021-11-08,0
2020-10-24,8,2442,2021-11-08,0
2020-10-25,17,2459,2021-11-08,0
2020-10-26,25,2484,2021-11-08,0
2020-10-27,23,2507,2021-11-08,0
2020-10-28,29,2536,2021-11-08,0
2020-10-29,18,2554,2021-11-08,0
2020-10-30,27,2581,2021-11-08,0
2020-10-31,25,2606,2021-11-08,0
2020-11-01,21,2627,2021-11-08,0
2020-11-02,25,2652,2021-11-08,0
2020-11-03,25,2677,2021-11-08,0
2020-11-04,33,2710,2021-11-08,0
2020-11-05,38,2748,2021-11-08,0
2020-11-06,39,2787,2021-11-08,0
2020-11-07,42,2829,2021-11-08,0
2020-11-08,47,2876,2021-11-08,0
2020-11-09,36,2912,2021-11-08,0
2020-11-10,35,2947,2021-11-08,0
2020-11-11,43,2990,2021-11-08,0
2020-11-12,45,3035,2021-11-08,0
2020-11-13,40,3075,2021-11-08,0
2020-11-14,47,3122,2021-11-08,0
2020-11-15,46,3168,2021-11-08,0
2020-11-16,62,3230,2021-11-08,0
2020-11-17,56,3286,2021-11-08,0
2020-11-18,61,3347,2021-11-08,0
2020-11-19,60,3407,2021-11-08,0
2020-11-20,63,3470,2021-11-08,0
2020-11-21,58,3528,2021-11-08,0
2020-11-22,67,3595,2021-11-08,0
2020-11-23,59,3654,2021-11-08,0
2020-11-24,69,3723,2021-11-08,0
2020-11-25,72,3795,2021-11-08,0
2020-11-26,54,3849,2021-11-08,0
2020-11-27,69,3918,2021-11-08,0
2020-11-28,62,3980,2021-11-08,0
2020-11-29,68,4048,2021-11-08,0
2020-11-30,61,4109,2021-11-08,0
2020-12-01,64,4173,2021-11-08,0
2020-12-02,73,4246,2021-11-08,0
2020-12-03,86,4332,2021-11-08,0
2020-12-04,67,4399,2021-11-08,0
2020-12-05,74,4473,2021-11-08,0
2020-12-06,80,4553,2021-11-08,0
2020-12-07,75,4628,2021-11-08,0
2020-12-08,61,4689,2021-11-08,0
2020-12-09,71,4760,2021-11-08,0
2020-12-10,72,4832,2021-11-08,0
2020-12-11,71,4903,2021-11-08,0
2020-12-12,72,4975,2021-11-08,0
2020-12-13,56,5031,2021-11-08,0
2020-12-14,43,5074,2021-11-08,0
2020-12-15,65,5139,2021-11-08,0
2020-12-16,73,5212,2021-11-08,0
2020-12-17,60,5272,2021-11-08,0
2020-12-18,59,5331,2021-11-08,0
2020-12-19,56,5387,2021-11-08,0
2020-12-20,61,5448,2021-11-08,0
2020-12-21,58,5506,2021-11-08,0
2020-12-22,33,5539,2021-11-08,0
2020-12-23,46,5585,2021-11-08,0
2020-12-24,50,5635,2021-11-08,0
2020-12-25,36,5671,2021-11-08,0
2020-12-26,43,5714,2021-11-08,0
2020-12-27,41,5755,2021-11-08,0
2020-12-28,34,5789,2021-11-08,0
2020-12-29,37,5826,2021-11-08,0
2020-12-30,47,5873,2021-11-08,0
2020-12-31,36,5909,2021-11-08,0
2021-01-01,28,5937,2021-11-08,0
2021-01-02,47,5984,2021-11-08,0
2021-01-03,37,6021,2021-11-08,0
2021-01-04,32,6053,2021-11-08,0
2021-01-05,40,6093,2021-11-08,0
2021-01-06,32,6125,2021-11-08,0
2021-01-07,37,6162,2021-11-08,0
2021-01-08,32,6194,2021-11-08,0
2021-01-09,26,6220,2021-11-08,0
2021-01-10,29,6249,2021-11-08,0
2021-01-11,26,6275,2021-11-08,0
2021-01-12,32,6307,2021-11-08,0
2021-01-13,23,6330,2021-11-08,0
2021-01-14,41,6371,2021-11-08,0
2021-01-15,26,6397,2021-11-08,0
2021-01-16,30,6427,2021-11-08,0
2021-01-17,21,6448,2021-11-08,0
2021-01-18,19,6467,2021-11-08,0
2021-01-19,14,6481,2021-11-08,0
2021-01-20,26,6507,2021-11-08,0
2021-01-21,16,6523,2021-11-08,0
2021-01-22,13,6536,2021-11-08,0
2021-01-23,17,6553,2021-11-08,0
2021-01-24,24,6577,2021-11-08,0
2021-01-25,19,6596,2021-11-08,0
2021-01-26,21,6617,2021-11-08,0
2021-01-27,11,6628,2021-11-08,0
2021-01-28,12,6640,2021-11-08,0
2021-01-29,15,6655,2021-11-08,0
2021-01-30,13,6668,2021-11-08,0
2021-01-31,16,6684,2021-11-08,0
2021-02-01,17,6701,2021-11-08,0
2021-02-02,10,6711,2021-11-08,0
2021-02-03,11,6722,2021-11-08,0
2021-02-04,11,6733,2021-11-08,0
2021-02-05,12,6745,2021-11-08,0
2021-02-06,12,6757,2021-11-08,0
2021-02-07,19,6776,2021-11-08,0
2021-02-08,11,6787,2021-11-08,0
2021-02-09,15,6802,2021-11-08,0
2021-02-10,14,6816,2021-11-08,0
2021-02-11,7,6823,2021-11-08,0
2021-02-12,13,6836,2021-11-08,0
2021-02-13,8,6844,2021-11-08,0
2021-02-14,10,6854,2021-11-08,0
2021-02-15,9,6863,2021-11-08,0
2021-02-16,12,6875,2021-11-08,0
2021-02-17,10,6885,2021-11-08,0
2021-02-18,7,6892,2021-11-08,0
2021-02-19,6,6898,2021-11-08,0
2021-02-20,7,6905,2021-11-08,0
2021-02-21,4,6909,2021-11-08,0
2021-02-22,5,6914,2021-11-08,0
2021-02-23,9,6923,2021-11-08,0
2021-02-24,5,6928,2021-11-08,0
2021-02-25,5,6933,2021-11-08,0
2021-02-26,7,6940,2021-11-08,0
2021-02-27,6,6946,2021-11-08,0
2021-02-28,8,6954,2021-11-08,0
2021-03-01,7,6961,2021-11-08,0
2021-03-02,3,6964,2021-11-08,0
2021-03-03,10,6974,2021-11-08,0
2021-03-04,6,6980,2021-11-08,0
2021-03-05,10,6990,2021-11-08,0
2021-03-06,5,6995,2021-11-08,0
2021-03-07,9,7004,2021-11-08,0
2021-03-08,5,7009,2021-11-08,0
2021-03-09,7,7016,2021-11-08,0
2021-03-10,5,7021,2021-11-08,0
2021-03-11,4,7025,2021-11-08,0
2021-03-12,11,7036,2021-11-08,0
2021-03-13,5,7041,2021-11-08,0
2021-03-14,5,7046,2021-11-08,0
2021-03-15,2,7048,2021-11-08,0
2021-03-16,6,7054,2021-11-08,0
2021-03-17,4,7058,2021-11-08,0
2021-03-18,5,7063,2021-11-08,0
2021-03-19,5,7068,2021-11-08,0
2021-03-20,9,7077,2021-11-08,0
2021-03-21,5,7082,2021-11-08,0
2021-03-22,4,7086,2021-11-08,0
2021-03-23,5,7091,2021-11-08,0
2021-03-24,1,7092,2021-11-08,0
2021-03-25,5,7097,2021-11-08,0
2021-03-26,3,7100,2021-11-08,0
2021-03-27,7,7107,2021-11-08,0
2021-03-28,6,7113,2021-11-08,0
2021-03-29,5,7118,2021-11-08,0
2021-03-30,6,7124,2021-11-08,0
2021-03-31,8,7132,2021-11-08,0
2021-04-01,6,7138,2021-11-08,0
2021-04-02,9,7147,2021-11-08,0
2021-04-03,8,7155,2021-11-08,0
2021-04-04,6,7161,2021-11-08,0
2021-04-05,8,7169,2021-11-08,0
2021-04-06,7,7176,2021-11-08,0
2021-04-07,6,7182,2021-11-08,0
2021-04-08,10,7192,2021-11-08,0
2021-04-09,7,7199,2021-11-08,0
2021-04-10,7,7206,2021-11-08,0
2021-04-11,8,7214,2021-11-08,0
2021-04-12,10,7224,2021-11-08,0
2021-04-13,7,7231,2021-11-08,0
2021-04-14,8,7239,2021-11-08,0
2021-04-15,14,7253,2021-11-08,0
2021-04-16,8,7261,2021-11-08,0
2021-04-17,8,7269,2021-11-08,0
2021-04-18,8,7277,2021-11-08,0
2021-04-19,10,7287,2021-11-08,0
2021-04-20,5,7292,2021-11-08,0
2021-04-21,8,7300,2021-11-08,0
2021-04-22,2,7302,2021-11-08,0
2021-04-23,15,7317,2021-11-08,0
2021-04-24,11,7328,2021-11-08,0
2021-04-25,15,7343,2021-11-08,0
2021-04-26,15,7358,2021-11-08,0
2021-04-27,7,7365,2021-11-08,0
2021-04-28,14,7379,2021-11-08,0
2021-04-29,8,7387,2021-11-08,0
2021-04-30,11,7398,2021-11-08,0
2021-05-01,7,7405,2021-11-08,0
2021-05-02,8,7413,2021-11-08,0
2021-05-03,5,7418,2021-11-08,0
2021-05-04,13,7431,2021-11-08,0
2021-05-05,8,7439,2021-11-08,0
2021-05-06,5,7444,2021-11-08,0
2021-05-07,8,7452,2021-11-08,0
2021-05-08,7,7459,2021-11-08,0
2021-05-09,9,7468,2021-11-08,0
2021-05-10,8,7476,2021-11-08,0
2021-05-11,6,7482,2021-11-08,0
2021-05-12,9,7491,2021-11-08,0
2021-05-13,9,7500,2021-11-08,0
2021-05-14,11,7511,2021-11-08,0
2021-05-15,10,7521,2021-11-08,0
2021-05-16,6,7527,2021-11-08,0
2021-05-17,6,7533,2021-11-08,0
2021-05-18,7,7540,2021-11-08,0
2021-05-19,2,7542,2021-11-08,0
2021-05-20,5,7547,2021-11-08,0
2021-05-21,7,7554,2021-11-08,0
2021-05-22,11,7565,2021-11-08,0
2021-05-23,5,7570,2021-11-08,0
2021-05-24,5,7575,2021-11-08,0
2021-05-25,6,7581,2021-11-08,0
2021-05-26,3,7584,2021-11-08,0
2021-05-27,7,7591,2021-11-08,0
2021-05-28,2,7593,2021-11-08,0
2021-05-29,6,7599,2021-11-08,0
2021-05-30,4,7603,2021-11-08,0
2021-05-31,3,7606,2021-11-08,0
2021-06-01,5,7611,2021-11-08,0
2021-06-02,8,7619,2021-11-08,0
2021-06-03,4,7623,2021-11-08,0
2021-06-04,4,7627,2021-11-08,0
2021-06-05,2,7629,2021-11-08,0
2021-06-06,5,7634,2021-11-08,0
2021-06-07,3,7637,2021-11-08,0
2021-06-08,5,7642,2021-11-08,0
2021-06-09,4,7646,2021-11-08,0
2021-06-10,6,7652,2021-11-08,0
2021-06-11,6,7658,2021-11-08,0
2021-06-12,4,7662,2021-11-08,0
2021-06-13,4,7666,2021-11-08,0
2021-06-14,3,7669,2021-11-08,0
2021-06-15,2,7671,2021-11-08,0
2021-06-16,2,7673,2021-11-08,0
2021-06-17,4,7677,2021-11-08,0
2021-06-18,1,7678,2021-11-08,0
2021-06-19,6,7684,2021-11-08,0
2021-06-20,1,7685,2021-11-08,0
2021-06-21,5,7690,2021-11-08,0
2021-06-22,3,7693,2021-11-08,0
2021-06-23,4,7697,2021-11-08,0
2021-06-24,3,7700,2021-11-08,0
2021-06-25,3,7703,2021-11-08,0
2021-06-26,4,7707,2021-11-08,0
2021-06-27,2,7709,2021-11-08,0
2021-06-28,2,7711,2021-11-08,0
2021-06-29,2,7713,2021-11-08,0
2021-06-30,2,7715,2021-11-08,0
2021-07-01,0,7715,2021-11-08,0
2021-07-02,2,7717,2021-11-08,0
2021-07-03,2,7719,2021-11-08,0
2021-07-04,3,7722,2021-11-08,0
2021-07-05,1,7723,2021-11-08,0
2021-07-06,4,7727,2021-11-08,0
2021-07-07,1,7728,2021-11-08,0
2021-07-08,1,7729,2021-11-08,0
2021-07-09,0,7729,2021-11-08,0
2021-07-10,1,7730,2021-11-08,0
2021-07-11,3,7733,2021-11-08,0
2021-07-12,1,7734,2021-11-08,0
2021-07-13,2,7736,2021-11-08,0
2021-07-14,2,7738,2021-11-08,0
2021-07-15,2,7740,2021-11-08,0
2021-07-16,1,7741,2021-11-08,0
2021-07-17,1,7742,2021-11-08,0
2021-07-18,0,7742,2021-11-08,0
2021-07-19,0,7742,2021-11-08,0
2021-07-20,2,7744,2021-11-08,0
2021-07-21,2,7746,2021-11-08,0
2021-07-22,2,7748,2021-11-08,0
2021-07-23,3,7751,2021-11-08,0
2021-07-24,0,7751,2021-11-08,0
2021-07-25,2,7753,2021-11-08,0
2021-07-26,1,7754,2021-11-08,0
2021-07-27,2,7756,2021-11-08,0
2021-07-28,3,7759,2021-11-08,0
2021-07-29,2,7761,2021-11-08,0
2021-07-30,5,7766,2021-11-08,0
2021-07-31,4,7770,2021-11-08,0
2021-08-01,1,7771,2021-11-08,0
2021-08-02,3,7774,2021-11-08,0
2021-08-03,2,7776,2021-11-08,0
2021-08-04,3,7779,2021-11-08,0
2021-08-05,2,7781,2021-11-08,0
2021-08-06,7,7788,2021-11-08,0
2021-08-07,3,7791,2021-11-08,0
2021-08-08,2,7793,2021-11-08,0
2021-08-09,3,7796,2021-11-08,0
2021-08-10,2,7798,2021-11-08,0
2021-08-11,2,7800,2021-11-08,0
2021-08-12,7,7807,2021-11-08,0
2021-08-13,5,7812,2021-11-08,0
2021-08-14,6,7818,2021-11-08,0
2021-08-15,0,7818,2021-11-08,0
2021-08-16,7,7825,2021-11-08,0
2021-08-17,7,7832,2021-11-08,0
2021-08-18,9,7841,2021-11-08,0
2021-08-19,2,7843,2021-11-08,0
2021-08-20,3,7846,2021-11-08,0
2021-08-21,5,7851,2021-11-08,0
2021-08-22,7,7858,2021-11-08,0
2021-08-23,5,7863,2021-11-08,0
2021-08-24,12,7875,2021-11-08,0
2021-08-25,7,7882,2021-11-08,0
2021-08-26,2,7884,2021-11-08,0
2021-08-27,6,7890,2021-11-08,0
2021-08-28,11,7901,2021-11-08,0
2021-08-29,11,7912,2021-11-08,0
2021-08-30,8,7920,2021-11-08,0
2021-08-31,6,7926,2021-11-08,0
2021-09-01,6,7932,2021-11-08,0
2021-09-02,6,7938,2021-11-08,0
2021-09-03,9,7947,2021-11-08,0
2021-09-04,9,7956,2021-11-08,0
2021-09-05,10,7966,2021-11-08,0
2021-09-06,8,7974,2021-11-08,0
2021-09-07,7,7981,2021-11-08,0
2021-09-08,11,7992,2021-11-08,1
2021-09-09,5,7997,2021-11-08,0
2021-09-10,9,8006,2021-11-08,0
2021-09-11,17,8023,2021-11-08,0
2021-09-12,10,8033,2021-11-08,0
2021-09-13,7,8040,2021-11-08,0
2021-09-14,11,8051,2021-11-08,0
2021-09-15,14,8065,2021-11-08,0
2021-09-16,16,8081,2021-11-08,0
2021-09-17,8,8089,2021-11-08,0
2021-09-18,13,8102,2021-11-08,0
2021-09-19,11,8113,2021-11-08,0
2021-09-20,15,8128,2021-11-08,0
2021-09-21,15,8143,2021-11-08,0
2021-09-22,16,8159,2021-11-08,0
2021-09-23,12,8171,2021-11-08,0
2021-09-24,12,8183,2021-11-08,0
2021-09-25,16,8199,2021-11-08,0
2021-09-26,14,8213,2021-11-08,0
2021-09-27,15,8228,2021-11-08,0
2021-09-28,10,8238,2021-11-08,0
2021-09-29,19,8257,2021-11-08,0
2021-09-30,17,8274,2021-11-08,0
2021-10-01,13,8287,2021-11-08,0
2021-10-02,13,8300,2021-11-08,0
2021-10-03,23,8323,2021-11-08,0
2021-10-04,13,8336,2021-11-08,0
2021-10-05,23,8359,2021-11-08,0
2021-10-06,20,8379,2021-11-08,0
2021-10-07,12,8391,2021-11-08,0
2021-10-08,22,8413,2021-11-08,0
2021-10-09,20,8433,2021-11-08,0
2021-10-10,13,8446,2021-11-08,0
2021-10-11,11,8457,2021-11-08,0
2021-10-12,24,8481,2021-11-08,1
2021-10-13,20,8501,2021-11-08,1
2021-10-14,20,8521,2021-11-08,0
2021-10-15,14,8535,2021-11-08,0
2021-10-16,19,8554,2021-11-08,0
2021-10-17,16,8570,2021-11-08,0
2021-10-18,16,8586,2021-11-08,0
2021-10-19,24,8610,2021-11-08,0
2021-10-20,15,8625,2021-11-08,0
2021-10-21,7,8632,2021-11-08,0
2021-10-22,22,8654,2021-11-08,0
2021-10-23,22,8676,2021-11-08,2
2021-10-24,23,8699,2021-11-08,0
2021-10-25,18,8717,2021-11-08,0
2021-10-26,21,8738,2021-11-08,0
2021-10-27,14,8752,2021-11-08,1
2021-10-28,21,8773,2021-11-08,0
2021-10-29,17,8790,2021-11-08,3
2021-10-30,17,8807,2021-11-08,2
2021-10-31,16,8823,2021-11-08,1
2021-11-01,14,8837,2021-11-08,4
2021-11-02,13,8850,2021-11-08,6
2021-11-03,12,8862,2021-11-08,12
NA,0,8862,2021-11-08,0
2020-03-19,1,1,2021-11-09,0
2020-03-20,0,1,2021-11-09,0
2020-03-21,0,1,2021-11-09,0
2020-03-22,0,1,2021-11-09,0
2020-03-23,0,1,2021-11-09,0
2020-03-24,1,2,2021-11-09,0
2020-03-25,1,3,2021-11-09,0
2020-03-26,1,4,2021-11-09,0
2020-03-27,5,9,2021-11-09,0
2020-03-28,3,12,2021-11-09,0
2020-03-29,0,12,2021-11-09,0
2020-03-30,5,17,2021-11-09,0
2020-03-31,2,19,2021-11-09,0
2020-04-01,5,24,2021-11-09,0
2020-04-02,3,27,2021-11-09,0
2020-04-03,1,28,2021-11-09,0
2020-04-04,5,33,2021-11-09,0
2020-04-05,5,38,2021-11-09,0
2020-04-06,10,48,2021-11-09,0
2020-04-07,6,54,2021-11-09,0
2020-04-08,7,61,2021-11-09,0
2020-04-09,8,69,2021-11-09,0
2020-04-10,6,75,2021-11-09,0
2020-04-11,4,79,2021-11-09,0
2020-04-12,4,83,2021-11-09,0
2020-04-13,10,93,2021-11-09,0
2020-04-14,6,99,2021-11-09,0
2020-04-15,17,116,2021-11-09,0
2020-04-16,10,126,2021-11-09,0
2020-04-17,17,143,2021-11-09,0
2020-04-18,17,160,2021-11-09,0
2020-04-19,16,176,2021-11-09,0
2020-04-20,21,197,2021-11-09,0
2020-04-21,26,223,2021-11-09,0
2020-04-22,21,244,2021-11-09,0
2020-04-23,19,263,2021-11-09,0
2020-04-24,23,286,2021-11-09,0
2020-04-25,18,304,2021-11-09,0
2020-04-26,17,321,2021-11-09,0
2020-04-27,21,342,2021-11-09,0
2020-04-28,16,358,2021-11-09,0
2020-04-29,29,387,2021-11-09,0
2020-04-30,18,405,2021-11-09,0
2020-05-01,30,435,2021-11-09,0
2020-05-02,19,454,2021-11-09,0
2020-05-03,29,483,2021-11-09,0
2020-05-04,23,506,2021-11-09,0
2020-05-05,19,525,2021-11-09,0
2020-05-06,25,550,2021-11-09,0
2020-05-07,30,580,2021-11-09,0
2020-05-08,20,600,2021-11-09,0
2020-05-09,26,626,2021-11-09,0
2020-05-10,19,645,2021-11-09,0
2020-05-11,25,670,2021-11-09,0
2020-05-12,20,690,2021-11-09,0
2020-05-13,22,712,2021-11-09,0
2020-05-14,20,732,2021-11-09,0
2020-05-15,20,752,2021-11-09,0
2020-05-16,20,772,2021-11-09,0
2020-05-17,23,795,2021-11-09,0
2020-05-18,18,813,2021-11-09,0
2020-05-19,35,848,2021-11-09,0
2020-05-20,24,872,2021-11-09,0
2020-05-21,17,889,2021-11-09,0
2020-05-22,20,909,2021-11-09,0
2020-05-23,26,935,2021-11-09,0
2020-05-24,25,960,2021-11-09,0
2020-05-25,30,990,2021-11-09,0
2020-05-26,29,1019,2021-11-09,0
2020-05-27,25,1044,2021-11-09,0
2020-05-28,21,1065,2021-11-09,0
2020-05-29,17,1082,2021-11-09,0
2020-05-30,11,1093,2021-11-09,0
2020-05-31,20,1113,2021-11-09,0
2020-06-01,23,1136,2021-11-09,0
2020-06-02,21,1157,2021-11-09,0
2020-06-03,25,1182,2021-11-09,0
2020-06-04,26,1208,2021-11-09,0
2020-06-05,18,1226,2021-11-09,0
2020-06-06,12,1238,2021-11-09,0
2020-06-07,22,1260,2021-11-09,0
2020-06-08,12,1272,2021-11-09,0
2020-06-09,13,1285,2021-11-09,0
2020-06-10,10,1295,2021-11-09,0
2020-06-11,12,1307,2021-11-09,0
2020-06-12,11,1318,2021-11-09,0
2020-06-13,13,1331,2021-11-09,0
2020-06-14,11,1342,2021-11-09,0
2020-06-15,8,1350,2021-11-09,0
2020-06-16,9,1359,2021-11-09,0
2020-06-17,17,1376,2021-11-09,0
2020-06-18,9,1385,2021-11-09,0
2020-06-19,8,1393,2021-11-09,0
2020-06-20,12,1405,2021-11-09,0
2020-06-21,11,1416,2021-11-09,0
2020-06-22,6,1422,2021-11-09,0
2020-06-23,10,1432,2021-11-09,0
2020-06-24,1,1433,2021-11-09,0
2020-06-25,9,1442,2021-11-09,0
2020-06-26,6,1448,2021-11-09,0
2020-06-27,5,1453,2021-11-09,0
2020-06-28,11,1464,2021-11-09,0
2020-06-29,7,1471,2021-11-09,0
2020-06-30,9,1480,2021-11-09,0
2020-07-01,2,1482,2021-11-09,0
2020-07-02,3,1485,2021-11-09,0
2020-07-03,5,1490,2021-11-09,0
2020-07-04,4,1494,2021-11-09,0
2020-07-05,6,1500,2021-11-09,0
2020-07-06,4,1504,2021-11-09,0
2020-07-07,2,1506,2021-11-09,0
2020-07-08,9,1515,2021-11-09,0
2020-07-09,4,1519,2021-11-09,0
2020-07-10,3,1522,2021-11-09,0
2020-07-11,4,1526,2021-11-09,0
2020-07-12,6,1532,2021-11-09,0
2020-07-13,2,1534,2021-11-09,0
2020-07-14,6,1540,2021-11-09,0
2020-07-15,7,1547,2021-11-09,0
2020-07-16,3,1550,2021-11-09,0
2020-07-17,7,1557,2021-11-09,0
2020-07-18,6,1563,2021-11-09,0
2020-07-19,5,1568,2021-11-09,0
2020-07-20,3,1571,2021-11-09,0
2020-07-21,6,1577,2021-11-09,0
2020-07-22,5,1582,2021-11-09,0
2020-07-23,8,1590,2021-11-09,0
2020-07-24,6,1596,2021-11-09,0
2020-07-25,2,1598,2021-11-09,0
2020-07-26,5,1603,2021-11-09,0
2020-07-27,5,1608,2021-11-09,0
2020-07-28,7,1615,2021-11-09,0
2020-07-29,3,1618,2021-11-09,0
2020-07-30,6,1624,2021-11-09,0
2020-07-31,9,1633,2021-11-09,0
2020-08-01,4,1637,2021-11-09,0
2020-08-02,7,1644,2021-11-09,0
2020-08-03,4,1648,2021-11-09,0
2020-08-04,7,1655,2021-11-09,0
2020-08-05,8,1663,2021-11-09,0
2020-08-06,9,1672,2021-11-09,0
2020-08-07,7,1679,2021-11-09,0
2020-08-08,6,1685,2021-11-09,0
2020-08-09,10,1695,2021-11-09,0
2020-08-10,3,1698,2021-11-09,0
2020-08-11,9,1707,2021-11-09,0
2020-08-12,7,1714,2021-11-09,0
2020-08-13,5,1719,2021-11-09,0
2020-08-14,9,1728,2021-11-09,0
2020-08-15,13,1741,2021-11-09,0
2020-08-16,13,1754,2021-11-09,0
2020-08-17,6,1760,2021-11-09,0
2020-08-18,11,1771,2021-11-09,0
2020-08-19,3,1774,2021-11-09,0
2020-08-20,10,1784,2021-11-09,0
2020-08-21,12,1796,2021-11-09,0
2020-08-22,9,1805,2021-11-09,0
2020-08-23,7,1812,2021-11-09,0
2020-08-24,9,1821,2021-11-09,0
2020-08-25,4,1825,2021-11-09,0
2020-08-26,3,1828,2021-11-09,0
2020-08-27,7,1835,2021-11-09,0
2020-08-28,6,1841,2021-11-09,0
2020-08-29,3,1844,2021-11-09,0
2020-08-30,5,1849,2021-11-09,0
2020-08-31,9,1858,2021-11-09,0
2020-09-01,2,1860,2021-11-09,0
2020-09-02,7,1867,2021-11-09,0
2020-09-03,12,1879,2021-11-09,0
2020-09-04,4,1883,2021-11-09,0
2020-09-05,6,1889,2021-11-09,0
2020-09-06,12,1901,2021-11-09,0
2020-09-07,3,1904,2021-11-09,0
2020-09-08,6,1910,2021-11-09,0
2020-09-09,10,1920,2021-11-09,0
2020-09-10,9,1929,2021-11-09,0
2020-09-11,11,1940,2021-11-09,0
2020-09-12,8,1948,2021-11-09,0
2020-09-13,8,1956,2021-11-09,0
2020-09-14,2,1958,2021-11-09,0
2020-09-15,7,1965,2021-11-09,0
2020-09-16,9,1974,2021-11-09,0
2020-09-17,5,1979,2021-11-09,0
2020-09-18,6,1985,2021-11-09,0
2020-09-19,4,1989,2021-11-09,0
2020-09-20,9,1998,2021-11-09,0
2020-09-21,7,2005,2021-11-09,0
2020-09-22,8,2013,2021-11-09,0
2020-09-23,9,2022,2021-11-09,0
2020-09-24,8,2030,2021-11-09,0
2020-09-25,11,2041,2021-11-09,0
2020-09-26,9,2050,2021-11-09,0
2020-09-27,14,2064,2021-11-09,0
2020-09-28,11,2075,2021-11-09,0
2020-09-29,5,2080,2021-11-09,0
2020-09-30,16,2096,2021-11-09,0
2020-10-01,7,2103,2021-11-09,0
2020-10-02,13,2116,2021-11-09,0
2020-10-03,9,2125,2021-11-09,0
2020-10-04,7,2132,2021-11-09,0
2020-10-05,10,2142,2021-11-09,0
2020-10-06,13,2155,2021-11-09,0
2020-10-07,19,2174,2021-11-09,0
2020-10-08,9,2183,2021-11-09,0
2020-10-09,17,2200,2021-11-09,0
2020-10-10,16,2216,2021-11-09,0
2020-10-11,16,2232,2021-11-09,0
2020-10-12,20,2252,2021-11-09,0
2020-10-13,14,2266,2021-11-09,0
2020-10-14,10,2276,2021-11-09,0
2020-10-15,9,2285,2021-11-09,0
2020-10-16,12,2297,2021-11-09,0
2020-10-17,18,2315,2021-11-09,0
2020-10-18,25,2340,2021-11-09,0
2020-10-19,18,2358,2021-11-09,0
2020-10-20,15,2373,2021-11-09,0
2020-10-21,24,2397,2021-11-09,0
2020-10-22,18,2415,2021-11-09,0
2020-10-23,19,2434,2021-11-09,0
2020-10-24,8,2442,2021-11-09,0
2020-10-25,17,2459,2021-11-09,0
2020-10-26,25,2484,2021-11-09,0
2020-10-27,23,2507,2021-11-09,0
2020-10-28,29,2536,2021-11-09,0
2020-10-29,18,2554,2021-11-09,0
2020-10-30,27,2581,2021-11-09,0
2020-10-31,25,2606,2021-11-09,0
2020-11-01,21,2627,2021-11-09,0
2020-11-02,25,2652,2021-11-09,0
2020-11-03,25,2677,2021-11-09,0
2020-11-04,33,2710,2021-11-09,0
2020-11-05,38,2748,2021-11-09,0
2020-11-06,39,2787,2021-11-09,0
2020-11-07,42,2829,2021-11-09,0
2020-11-08,47,2876,2021-11-09,0
2020-11-09,36,2912,2021-11-09,0
2020-11-10,35,2947,2021-11-09,0
2020-11-11,43,2990,2021-11-09,0
2020-11-12,45,3035,2021-11-09,0
2020-11-13,40,3075,2021-11-09,0
2020-11-14,47,3122,2021-11-09,0
2020-11-15,46,3168,2021-11-09,0
2020-11-16,62,3230,2021-11-09,0
2020-11-17,56,3286,2021-11-09,0
2020-11-18,61,3347,2021-11-09,0
2020-11-19,60,3407,2021-11-09,0
2020-11-20,63,3470,2021-11-09,0
2020-11-21,58,3528,2021-11-09,0
2020-11-22,67,3595,2021-11-09,0
2020-11-23,59,3654,2021-11-09,0
2020-11-24,69,3723,2021-11-09,0
2020-11-25,72,3795,2021-11-09,0
2020-11-26,54,3849,2021-11-09,0
2020-11-27,69,3918,2021-11-09,0
2020-11-28,62,3980,2021-11-09,0
2020-11-29,68,4048,2021-11-09,0
2020-11-30,61,4109,2021-11-09,0
2020-12-01,64,4173,2021-11-09,0
2020-12-02,73,4246,2021-11-09,0
2020-12-03,86,4332,2021-11-09,0
2020-12-04,67,4399,2021-11-09,0
2020-12-05,74,4473,2021-11-09,0
2020-12-06,80,4553,2021-11-09,0
2020-12-07,75,4628,2021-11-09,0
2020-12-08,61,4689,2021-11-09,0
2020-12-09,71,4760,2021-11-09,0
2020-12-10,72,4832,2021-11-09,0
2020-12-11,71,4903,2021-11-09,0
2020-12-12,72,4975,2021-11-09,0
2020-12-13,56,5031,2021-11-09,0
2020-12-14,43,5074,2021-11-09,0
2020-12-15,65,5139,2021-11-09,0
2020-12-16,73,5212,2021-11-09,0
2020-12-17,60,5272,2021-11-09,0
2020-12-18,59,5331,2021-11-09,0
2020-12-19,56,5387,2021-11-09,0
2020-12-20,61,5448,2021-11-09,0
2020-12-21,58,5506,2021-11-09,0
2020-12-22,33,5539,2021-11-09,0
2020-12-23,46,5585,2021-11-09,0
2020-12-24,50,5635,2021-11-09,0
2020-12-25,36,5671,2021-11-09,0
2020-12-26,43,5714,2021-11-09,0
2020-12-27,41,5755,2021-11-09,0
2020-12-28,34,5789,2021-11-09,0
2020-12-29,37,5826,2021-11-09,0
2020-12-30,47,5873,2021-11-09,0
2020-12-31,36,5909,2021-11-09,0
2021-01-01,28,5937,2021-11-09,0
2021-01-02,47,5984,2021-11-09,0
2021-01-03,37,6021,2021-11-09,0
2021-01-04,32,6053,2021-11-09,0
2021-01-05,40,6093,2021-11-09,0
2021-01-06,32,6125,2021-11-09,0
2021-01-07,37,6162,2021-11-09,0
2021-01-08,32,6194,2021-11-09,0
2021-01-09,26,6220,2021-11-09,0
2021-01-10,29,6249,2021-11-09,0
2021-01-11,26,6275,2021-11-09,0
2021-01-12,32,6307,2021-11-09,0
2021-01-13,23,6330,2021-11-09,0
2021-01-14,41,6371,2021-11-09,0
2021-01-15,26,6397,2021-11-09,0
2021-01-16,30,6427,2021-11-09,0
2021-01-17,21,6448,2021-11-09,0
2021-01-18,19,6467,2021-11-09,0
2021-01-19,14,6481,2021-11-09,0
2021-01-20,26,6507,2021-11-09,0
2021-01-21,16,6523,2021-11-09,0
2021-01-22,13,6536,2021-11-09,0
2021-01-23,17,6553,2021-11-09,0
2021-01-24,24,6577,2021-11-09,0
2021-01-25,19,6596,2021-11-09,0
2021-01-26,21,6617,2021-11-09,0
2021-01-27,11,6628,2021-11-09,0
2021-01-28,12,6640,2021-11-09,0
2021-01-29,15,6655,2021-11-09,0
2021-01-30,13,6668,2021-11-09,0
2021-01-31,16,6684,2021-11-09,0
2021-02-01,17,6701,2021-11-09,0
2021-02-02,10,6711,2021-11-09,0
2021-02-03,11,6722,2021-11-09,0
2021-02-04,11,6733,2021-11-09,0
2021-02-05,12,6745,2021-11-09,0
2021-02-06,12,6757,2021-11-09,0
2021-02-07,19,6776,2021-11-09,0
2021-02-08,11,6787,2021-11-09,0
2021-02-09,15,6802,2021-11-09,0
2021-02-10,14,6816,2021-11-09,0
2021-02-11,7,6823,2021-11-09,0
2021-02-12,13,6836,2021-11-09,0
2021-02-13,8,6844,2021-11-09,0
2021-02-14,10,6854,2021-11-09,0
2021-02-15,9,6863,2021-11-09,0
2021-02-16,12,6875,2021-11-09,0
2021-02-17,10,6885,2021-11-09,0
2021-02-18,7,6892,2021-11-09,0
2021-02-19,6,6898,2021-11-09,0
2021-02-20,7,6905,2021-11-09,0
2021-02-21,4,6909,2021-11-09,0
2021-02-22,5,6914,2021-11-09,0
2021-02-23,9,6923,2021-11-09,0
2021-02-24,5,6928,2021-11-09,0
2021-02-25,5,6933,2021-11-09,0
2021-02-26,7,6940,2021-11-09,0
2021-02-27,6,6946,2021-11-09,0
2021-02-28,8,6954,2021-11-09,0
2021-03-01,7,6961,2021-11-09,0
2021-03-02,3,6964,2021-11-09,0
2021-03-03,10,6974,2021-11-09,0
2021-03-04,6,6980,2021-11-09,0
2021-03-05,10,6990,2021-11-09,0
2021-03-06,5,6995,2021-11-09,0
2021-03-07,9,7004,2021-11-09,0
2021-03-08,5,7009,2021-11-09,0
2021-03-09,7,7016,2021-11-09,0
2021-03-10,5,7021,2021-11-09,0
2021-03-11,4,7025,2021-11-09,0
2021-03-12,11,7036,2021-11-09,0
2021-03-13,5,7041,2021-11-09,0
2021-03-14,5,7046,2021-11-09,0
2021-03-15,2,7048,2021-11-09,0
2021-03-16,6,7054,2021-11-09,0
2021-03-17,4,7058,2021-11-09,0
2021-03-18,5,7063,2021-11-09,0
2021-03-19,5,7068,2021-11-09,0
2021-03-20,9,7077,2021-11-09,0
2021-03-21,5,7082,2021-11-09,0
2021-03-22,4,7086,2021-11-09,0
2021-03-23,5,7091,2021-11-09,0
2021-03-24,1,7092,2021-11-09,0
2021-03-25,5,7097,2021-11-09,0
2021-03-26,3,7100,2021-11-09,0
2021-03-27,7,7107,2021-11-09,0
2021-03-28,6,7113,2021-11-09,0
2021-03-29,5,7118,2021-11-09,0
2021-03-30,6,7124,2021-11-09,0
2021-03-31,8,7132,2021-11-09,0
2021-04-01,6,7138,2021-11-09,0
2021-04-02,9,7147,2021-11-09,0
2021-04-03,8,7155,2021-11-09,0
2021-04-04,6,7161,2021-11-09,0
2021-04-05,8,7169,2021-11-09,0
2021-04-06,7,7176,2021-11-09,0
2021-04-07,6,7182,2021-11-09,0
2021-04-08,10,7192,2021-11-09,0
2021-04-09,7,7199,2021-11-09,0
2021-04-10,7,7206,2021-11-09,0
2021-04-11,8,7214,2021-11-09,0
2021-04-12,10,7224,2021-11-09,0
2021-04-13,7,7231,2021-11-09,0
2021-04-14,8,7239,2021-11-09,0
2021-04-15,14,7253,2021-11-09,0
2021-04-16,8,7261,2021-11-09,0
2021-04-17,8,7269,2021-11-09,0
2021-04-18,8,7277,2021-11-09,0
2021-04-19,10,7287,2021-11-09,0
2021-04-20,5,7292,2021-11-09,0
2021-04-21,8,7300,2021-11-09,0
2021-04-22,2,7302,2021-11-09,0
2021-04-23,15,7317,2021-11-09,0
2021-04-24,11,7328,2021-11-09,0
2021-04-25,15,7343,2021-11-09,0
2021-04-26,15,7358,2021-11-09,0
2021-04-27,7,7365,2021-11-09,0
2021-04-28,14,7379,2021-11-09,0
2021-04-29,8,7387,2021-11-09,0
2021-04-30,11,7398,2021-11-09,0
2021-05-01,7,7405,2021-11-09,0
2021-05-02,8,7413,2021-11-09,0
2021-05-03,5,7418,2021-11-09,0
2021-05-04,13,7431,2021-11-09,0
2021-05-05,8,7439,2021-11-09,0
2021-05-06,5,7444,2021-11-09,0
2021-05-07,8,7452,2021-11-09,0
2021-05-08,7,7459,2021-11-09,0
2021-05-09,9,7468,2021-11-09,0
2021-05-10,8,7476,2021-11-09,0
2021-05-11,6,7482,2021-11-09,0
2021-05-12,9,7491,2021-11-09,0
2021-05-13,9,7500,2021-11-09,0
2021-05-14,11,7511,2021-11-09,0
2021-05-15,10,7521,2021-11-09,0
2021-05-16,6,7527,2021-11-09,0
2021-05-17,6,7533,2021-11-09,0
2021-05-18,7,7540,2021-11-09,0
2021-05-19,2,7542,2021-11-09,0
2021-05-20,5,7547,2021-11-09,0
2021-05-21,7,7554,2021-11-09,0
2021-05-22,11,7565,2021-11-09,0
2021-05-23,5,7570,2021-11-09,0
2021-05-24,5,7575,2021-11-09,0
2021-05-25,6,7581,2021-11-09,0
2021-05-26,3,7584,2021-11-09,0
2021-05-27,7,7591,2021-11-09,0
2021-05-28,2,7593,2021-11-09,0
2021-05-29,6,7599,2021-11-09,0
2021-05-30,4,7603,2021-11-09,0
2021-05-31,3,7606,2021-11-09,0
2021-06-01,5,7611,2021-11-09,0
2021-06-02,8,7619,2021-11-09,0
2021-06-03,4,7623,2021-11-09,0
2021-06-04,4,7627,2021-11-09,0
2021-06-05,2,7629,2021-11-09,0
2021-06-06,5,7634,2021-11-09,0
2021-06-07,3,7637,2021-11-09,0
2021-06-08,5,7642,2021-11-09,0
2021-06-09,4,7646,2021-11-09,0
2021-06-10,6,7652,2021-11-09,0
2021-06-11,6,7658,2021-11-09,0
2021-06-12,4,7662,2021-11-09,0
2021-06-13,4,7666,2021-11-09,0
2021-06-14,3,7669,2021-11-09,0
2021-06-15,2,7671,2021-11-09,0
2021-06-16,2,7673,2021-11-09,0
2021-06-17,4,7677,2021-11-09,0
2021-06-18,1,7678,2021-11-09,0
2021-06-19,6,7684,2021-11-09,0
2021-06-20,1,7685,2021-11-09,0
2021-06-21,5,7690,2021-11-09,0
2021-06-22,3,7693,2021-11-09,0
2021-06-23,4,7697,2021-11-09,0
2021-06-24,3,7700,2021-11-09,0
2021-06-25,3,7703,2021-11-09,0
2021-06-26,4,7707,2021-11-09,0
2021-06-27,2,7709,2021-11-09,0
2021-06-28,2,7711,2021-11-09,0
2021-06-29,2,7713,2021-11-09,0
2021-06-30,2,7715,2021-11-09,0
2021-07-01,0,7715,2021-11-09,0
2021-07-02,2,7717,2021-11-09,0
2021-07-03,2,7719,2021-11-09,0
2021-07-04,3,7722,2021-11-09,0
2021-07-05,1,7723,2021-11-09,0
2021-07-06,4,7727,2021-11-09,0
2021-07-07,1,7728,2021-11-09,0
2021-07-08,1,7729,2021-11-09,0
2021-07-09,0,7729,2021-11-09,0
2021-07-10,1,7730,2021-11-09,0
2021-07-11,3,7733,2021-11-09,0
2021-07-12,1,7734,2021-11-09,0
2021-07-13,2,7736,2021-11-09,0
2021-07-14,2,7738,2021-11-09,0
2021-07-15,2,7740,2021-11-09,0
2021-07-16,1,7741,2021-11-09,0
2021-07-17,1,7742,2021-11-09,0
2021-07-18,0,7742,2021-11-09,0
2021-07-19,0,7742,2021-11-09,0
2021-07-20,2,7744,2021-11-09,0
2021-07-21,2,7746,2021-11-09,0
2021-07-22,2,7748,2021-11-09,0
2021-07-23,3,7751,2021-11-09,0
2021-07-24,0,7751,2021-11-09,0
2021-07-25,2,7753,2021-11-09,0
2021-07-26,1,7754,2021-11-09,0
2021-07-27,2,7756,2021-11-09,0
2021-07-28,3,7759,2021-11-09,0
2021-07-29,2,7761,2021-11-09,0
2021-07-30,5,7766,2021-11-09,0
2021-07-31,4,7770,2021-11-09,0
2021-08-01,1,7771,2021-11-09,0
2021-08-02,3,7774,2021-11-09,0
2021-08-03,2,7776,2021-11-09,0
2021-08-04,3,7779,2021-11-09,0
2021-08-05,2,7781,2021-11-09,0
2021-08-06,7,7788,2021-11-09,0
2021-08-07,3,7791,2021-11-09,0
2021-08-08,2,7793,2021-11-09,0
2021-08-09,3,7796,2021-11-09,0
2021-08-10,2,7798,2021-11-09,0
2021-08-11,2,7800,2021-11-09,0
2021-08-12,7,7807,2021-11-09,0
2021-08-13,5,7812,2021-11-09,0
2021-08-14,6,7818,2021-11-09,0
2021-08-15,0,7818,2021-11-09,0
2021-08-16,7,7825,2021-11-09,0
2021-08-17,7,7832,2021-11-09,0
2021-08-18,9,7841,2021-11-09,0
2021-08-19,2,7843,2021-11-09,0
2021-08-20,3,7846,2021-11-09,0
2021-08-21,5,7851,2021-11-09,0
2021-08-22,7,7858,2021-11-09,0
2021-08-23,5,7863,2021-11-09,0
2021-08-24,12,7875,2021-11-09,0
2021-08-25,7,7882,2021-11-09,0
2021-08-26,2,7884,2021-11-09,0
2021-08-27,6,7890,2021-11-09,0
2021-08-28,11,7901,2021-11-09,0
2021-08-29,11,7912,2021-11-09,0
2021-08-30,8,7920,2021-11-09,0
2021-08-31,6,7926,2021-11-09,0
2021-09-01,6,7932,2021-11-09,0
2021-09-02,6,7938,2021-11-09,0
2021-09-03,9,7947,2021-11-09,0
2021-09-04,9,7956,2021-11-09,0
2021-09-05,10,7966,2021-11-09,0
2021-09-06,8,7974,2021-11-09,0
2021-09-07,7,7981,2021-11-09,0
2021-09-08,11,7992,2021-11-09,0
2021-09-09,5,7997,2021-11-09,0
2021-09-10,9,8006,2021-11-09,0
2021-09-11,17,8023,2021-11-09,0
2021-09-12,10,8033,2021-11-09,0
2021-09-13,7,8040,2021-11-09,0
2021-09-14,11,8051,2021-11-09,0
2021-09-15,14,8065,2021-11-09,0
2021-09-16,16,8081,2021-11-09,0
2021-09-17,8,8089,2021-11-09,0
2021-09-18,13,8102,2021-11-09,0
2021-09-19,11,8113,2021-11-09,0
2021-09-20,15,8128,2021-11-09,0
2021-09-21,15,8143,2021-11-09,0
2021-09-22,16,8159,2021-11-09,0
2021-09-23,12,8171,2021-11-09,0
2021-09-24,12,8183,2021-11-09,0
2021-09-25,16,8199,2021-11-09,0
2021-09-26,14,8213,2021-11-09,0
2021-09-27,15,8228,2021-11-09,0
2021-09-28,10,8238,2021-11-09,0
2021-09-29,19,8257,2021-11-09,0
2021-09-30,17,8274,2021-11-09,0
2021-10-01,13,8287,2021-11-09,0
2021-10-02,13,8300,2021-11-09,0
2021-10-03,23,8323,2021-11-09,0
2021-10-04,13,8336,2021-11-09,0
2021-10-05,23,8359,2021-11-09,0
2021-10-06,20,8379,2021-11-09,0
2021-10-07,12,8391,2021-11-09,0
2021-10-08,22,8413,2021-11-09,0
2021-10-09,20,8433,2021-11-09,0
2021-10-10,13,8446,2021-11-09,0
2021-10-11,11,8457,2021-11-09,0
2021-10-12,24,8481,2021-11-09,0
2021-10-13,20,8501,2021-11-09,0
2021-10-14,20,8521,2021-11-09,0
2021-10-15,14,8535,2021-11-09,0
2021-10-16,19,8554,2021-11-09,0
2021-10-17,16,8570,2021-11-09,0
2021-10-18,16,8586,2021-11-09,0
2021-10-19,24,8610,2021-11-09,0
2021-10-20,15,8625,2021-11-09,0
2021-10-21,7,8632,2021-11-09,0
2021-10-22,22,8654,2021-11-09,0
2021-10-23,22,8676,2021-11-09,0
2021-10-24,23,8699,2021-11-09,0
2021-10-25,18,8717,2021-11-09,0
2021-10-26,21,8738,2021-11-09,0
2021-10-27,14,8752,2021-11-09,0
2021-10-28,22,8774,2021-11-09,1
2021-10-29,17,8791,2021-11-09,0
2021-10-30,17,8808,2021-11-09,0
2021-10-31,18,8826,2021-11-09,2
2021-11-01,14,8840,2021-11-09,0
2021-11-02,18,8858,2021-11-09,5
2021-11-03,16,8874,2021-11-09,4
2021-11-04,8,8882,2021-11-09,8
NA,0,8882,2021-11-09,0
2020-03-19,1,1,2021-11-10,0
2020-03-20,0,1,2021-11-10,0
2020-03-21,0,1,2021-11-10,0
2020-03-22,0,1,2021-11-10,0
2020-03-23,0,1,2021-11-10,0
2020-03-24,1,2,2021-11-10,0
2020-03-25,1,3,2021-11-10,0
2020-03-26,1,4,2021-11-10,0
2020-03-27,5,9,2021-11-10,0
2020-03-28,3,12,2021-11-10,0
2020-03-29,0,12,2021-11-10,0
2020-03-30,5,17,2021-11-10,0
2020-03-31,2,19,2021-11-10,0
2020-04-01,5,24,2021-11-10,0
2020-04-02,3,27,2021-11-10,0
2020-04-03,1,28,2021-11-10,0
2020-04-04,5,33,2021-11-10,0
2020-04-05,5,38,2021-11-10,0
2020-04-06,10,48,2021-11-10,0
2020-04-07,6,54,2021-11-10,0
2020-04-08,7,61,2021-11-10,0
2020-04-09,8,69,2021-11-10,0
2020-04-10,6,75,2021-11-10,0
2020-04-11,4,79,2021-11-10,0
2020-04-12,4,83,2021-11-10,0
2020-04-13,10,93,2021-11-10,0
2020-04-14,6,99,2021-11-10,0
2020-04-15,17,116,2021-11-10,0
2020-04-16,10,126,2021-11-10,0
2020-04-17,17,143,2021-11-10,0
2020-04-18,17,160,2021-11-10,0
2020-04-19,16,176,2021-11-10,0
2020-04-20,21,197,2021-11-10,0
2020-04-21,26,223,2021-11-10,0
2020-04-22,21,244,2021-11-10,0
2020-04-23,19,263,2021-11-10,0
2020-04-24,23,286,2021-11-10,0
2020-04-25,18,304,2021-11-10,0
2020-04-26,17,321,2021-11-10,0
2020-04-27,21,342,2021-11-10,0
2020-04-28,16,358,2021-11-10,0
2020-04-29,29,387,2021-11-10,0
2020-04-30,18,405,2021-11-10,0
2020-05-01,30,435,2021-11-10,0
2020-05-02,19,454,2021-11-10,0
2020-05-03,29,483,2021-11-10,0
2020-05-04,23,506,2021-11-10,0
2020-05-05,19,525,2021-11-10,0
2020-05-06,25,550,2021-11-10,0
2020-05-07,30,580,2021-11-10,0
2020-05-08,20,600,2021-11-10,0
2020-05-09,26,626,2021-11-10,0
2020-05-10,19,645,2021-11-10,0
2020-05-11,25,670,2021-11-10,0
2020-05-12,20,690,2021-11-10,0
2020-05-13,22,712,2021-11-10,0
2020-05-14,20,732,2021-11-10,0
2020-05-15,20,752,2021-11-10,0
2020-05-16,20,772,2021-11-10,0
2020-05-17,23,795,2021-11-10,0
2020-05-18,18,813,2021-11-10,0
2020-05-19,35,848,2021-11-10,0
2020-05-20,24,872,2021-11-10,0
2020-05-21,17,889,2021-11-10,0
2020-05-22,20,909,2021-11-10,0
2020-05-23,26,935,2021-11-10,0
2020-05-24,25,960,2021-11-10,0
2020-05-25,30,990,2021-11-10,0
2020-05-26,29,1019,2021-11-10,0
2020-05-27,25,1044,2021-11-10,0
2020-05-28,21,1065,2021-11-10,0
2020-05-29,17,1082,2021-11-10,0
2020-05-30,11,1093,2021-11-10,0
2020-05-31,20,1113,2021-11-10,0
2020-06-01,23,1136,2021-11-10,0
2020-06-02,21,1157,2021-11-10,0
2020-06-03,25,1182,2021-11-10,0
2020-06-04,26,1208,2021-11-10,0
2020-06-05,18,1226,2021-11-10,0
2020-06-06,12,1238,2021-11-10,0
2020-06-07,22,1260,2021-11-10,0
2020-06-08,12,1272,2021-11-10,0
2020-06-09,13,1285,2021-11-10,0
2020-06-10,10,1295,2021-11-10,0
2020-06-11,12,1307,2021-11-10,0
2020-06-12,11,1318,2021-11-10,0
2020-06-13,13,1331,2021-11-10,0
2020-06-14,11,1342,2021-11-10,0
2020-06-15,8,1350,2021-11-10,0
2020-06-16,9,1359,2021-11-10,0
2020-06-17,17,1376,2021-11-10,0
2020-06-18,9,1385,2021-11-10,0
2020-06-19,8,1393,2021-11-10,0
2020-06-20,12,1405,2021-11-10,0
2020-06-21,11,1416,2021-11-10,0
2020-06-22,6,1422,2021-11-10,0
2020-06-23,10,1432,2021-11-10,0
2020-06-24,1,1433,2021-11-10,0
2020-06-25,9,1442,2021-11-10,0
2020-06-26,6,1448,2021-11-10,0
2020-06-27,5,1453,2021-11-10,0
2020-06-28,11,1464,2021-11-10,0
2020-06-29,7,1471,2021-11-10,0
2020-06-30,9,1480,2021-11-10,0
2020-07-01,2,1482,2021-11-10,0
2020-07-02,3,1485,2021-11-10,0
2020-07-03,5,1490,2021-11-10,0
2020-07-04,4,1494,2021-11-10,0
2020-07-05,6,1500,2021-11-10,0
2020-07-06,4,1504,2021-11-10,0
2020-07-07,2,1506,2021-11-10,0
2020-07-08,9,1515,2021-11-10,0
2020-07-09,4,1519,2021-11-10,0
2020-07-10,3,1522,2021-11-10,0
2020-07-11,4,1526,2021-11-10,0
2020-07-12,6,1532,2021-11-10,0
2020-07-13,2,1534,2021-11-10,0
2020-07-14,6,1540,2021-11-10,0
2020-07-15,7,1547,2021-11-10,0
2020-07-16,3,1550,2021-11-10,0
2020-07-17,7,1557,2021-11-10,0
2020-07-18,6,1563,2021-11-10,0
2020-07-19,5,1568,2021-11-10,0
2020-07-20,3,1571,2021-11-10,0
2020-07-21,6,1577,2021-11-10,0
2020-07-22,5,1582,2021-11-10,0
2020-07-23,8,1590,2021-11-10,0
2020-07-24,6,1596,2021-11-10,0
2020-07-25,2,1598,2021-11-10,0
2020-07-26,5,1603,2021-11-10,0
2020-07-27,5,1608,2021-11-10,0
2020-07-28,7,1615,2021-11-10,0
2020-07-29,3,1618,2021-11-10,0
2020-07-30,6,1624,2021-11-10,0
2020-07-31,9,1633,2021-11-10,0
2020-08-01,4,1637,2021-11-10,0
2020-08-02,7,1644,2021-11-10,0
2020-08-03,4,1648,2021-11-10,0
2020-08-04,7,1655,2021-11-10,0
2020-08-05,8,1663,2021-11-10,0
2020-08-06,9,1672,2021-11-10,0
2020-08-07,7,1679,2021-11-10,0
2020-08-08,6,1685,2021-11-10,0
2020-08-09,10,1695,2021-11-10,0
2020-08-10,3,1698,2021-11-10,0
2020-08-11,9,1707,2021-11-10,0
2020-08-12,7,1714,2021-11-10,0
2020-08-13,5,1719,2021-11-10,0
2020-08-14,9,1728,2021-11-10,0
2020-08-15,13,1741,2021-11-10,0
2020-08-16,13,1754,2021-11-10,0
2020-08-17,6,1760,2021-11-10,0
2020-08-18,11,1771,2021-11-10,0
2020-08-19,3,1774,2021-11-10,0
2020-08-20,10,1784,2021-11-10,0
2020-08-21,12,1796,2021-11-10,0
2020-08-22,9,1805,2021-11-10,0
2020-08-23,7,1812,2021-11-10,0
2020-08-24,9,1821,2021-11-10,0
2020-08-25,4,1825,2021-11-10,0
2020-08-26,3,1828,2021-11-10,0
2020-08-27,7,1835,2021-11-10,0
2020-08-28,6,1841,2021-11-10,0
2020-08-29,3,1844,2021-11-10,0
2020-08-30,5,1849,2021-11-10,0
2020-08-31,9,1858,2021-11-10,0
2020-09-01,2,1860,2021-11-10,0
2020-09-02,7,1867,2021-11-10,0
2020-09-03,12,1879,2021-11-10,0
2020-09-04,4,1883,2021-11-10,0
2020-09-05,6,1889,2021-11-10,0
2020-09-06,12,1901,2021-11-10,0
2020-09-07,3,1904,2021-11-10,0
2020-09-08,6,1910,2021-11-10,0
2020-09-09,10,1920,2021-11-10,0
2020-09-10,9,1929,2021-11-10,0
2020-09-11,11,1940,2021-11-10,0
2020-09-12,8,1948,2021-11-10,0
2020-09-13,8,1956,2021-11-10,0
2020-09-14,2,1958,2021-11-10,0
2020-09-15,7,1965,2021-11-10,0
2020-09-16,9,1974,2021-11-10,0
2020-09-17,5,1979,2021-11-10,0
2020-09-18,6,1985,2021-11-10,0
2020-09-19,4,1989,2021-11-10,0
2020-09-20,9,1998,2021-11-10,0
2020-09-21,7,2005,2021-11-10,0
2020-09-22,8,2013,2021-11-10,0
2020-09-23,9,2022,2021-11-10,0
2020-09-24,8,2030,2021-11-10,0
2020-09-25,11,2041,2021-11-10,0
2020-09-26,9,2050,2021-11-10,0
2020-09-27,14,2064,2021-11-10,0
2020-09-28,11,2075,2021-11-10,0
2020-09-29,5,2080,2021-11-10,0
2020-09-30,16,2096,2021-11-10,0
2020-10-01,7,2103,2021-11-10,0
2020-10-02,13,2116,2021-11-10,0
2020-10-03,9,2125,2021-11-10,0
2020-10-04,7,2132,2021-11-10,0
2020-10-05,10,2142,2021-11-10,0
2020-10-06,13,2155,2021-11-10,0
2020-10-07,19,2174,2021-11-10,0
2020-10-08,9,2183,2021-11-10,0
2020-10-09,17,2200,2021-11-10,0
2020-10-10,16,2216,2021-11-10,0
2020-10-11,16,2232,2021-11-10,0
2020-10-12,20,2252,2021-11-10,0
2020-10-13,14,2266,2021-11-10,0
2020-10-14,10,2276,2021-11-10,0
2020-10-15,9,2285,2021-11-10,0
2020-10-16,12,2297,2021-11-10,0
2020-10-17,18,2315,2021-11-10,0
2020-10-18,25,2340,2021-11-10,0
2020-10-19,18,2358,2021-11-10,0
2020-10-20,15,2373,2021-11-10,0
2020-10-21,24,2397,2021-11-10,0
2020-10-22,18,2415,2021-11-10,0
2020-10-23,19,2434,2021-11-10,0
2020-10-24,8,2442,2021-11-10,0
2020-10-25,17,2459,2021-11-10,0
2020-10-26,25,2484,2021-11-10,0
2020-10-27,23,2507,2021-11-10,0
2020-10-28,29,2536,2021-11-10,0
2020-10-29,18,2554,2021-11-10,0
2020-10-30,27,2581,2021-11-10,0
2020-10-31,25,2606,2021-11-10,0
2020-11-01,21,2627,2021-11-10,0
2020-11-02,25,2652,2021-11-10,0
2020-11-03,25,2677,2021-11-10,0
2020-11-04,33,2710,2021-11-10,0
2020-11-05,38,2748,2021-11-10,0
2020-11-06,39,2787,2021-11-10,0
2020-11-07,42,2829,2021-11-10,0
2020-11-08,47,2876,2021-11-10,0
2020-11-09,36,2912,2021-11-10,0
2020-11-10,35,2947,2021-11-10,0
2020-11-11,43,2990,2021-11-10,0
2020-11-12,45,3035,2021-11-10,0
2020-11-13,40,3075,2021-11-10,0
2020-11-14,47,3122,2021-11-10,0
2020-11-15,46,3168,2021-11-10,0
2020-11-16,62,3230,2021-11-10,0
2020-11-17,56,3286,2021-11-10,0
2020-11-18,61,3347,2021-11-10,0
2020-11-19,60,3407,2021-11-10,0
2020-11-20,63,3470,2021-11-10,0
2020-11-21,58,3528,2021-11-10,0
2020-11-22,67,3595,2021-11-10,0
2020-11-23,59,3654,2021-11-10,0
2020-11-24,69,3723,2021-11-10,0
2020-11-25,72,3795,2021-11-10,0
2020-11-26,54,3849,2021-11-10,0
2020-11-27,69,3918,2021-11-10,0
2020-11-28,62,3980,2021-11-10,0
2020-11-29,68,4048,2021-11-10,0
2020-11-30,61,4109,2021-11-10,0
2020-12-01,64,4173,2021-11-10,0
2020-12-02,73,4246,2021-11-10,0
2020-12-03,86,4332,2021-11-10,0
2020-12-04,67,4399,2021-11-10,0
2020-12-05,74,4473,2021-11-10,0
2020-12-06,80,4553,2021-11-10,0
2020-12-07,75,4628,2021-11-10,0
2020-12-08,61,4689,2021-11-10,0
2020-12-09,71,4760,2021-11-10,0
2020-12-10,72,4832,2021-11-10,0
2020-12-11,71,4903,2021-11-10,0
2020-12-12,72,4975,2021-11-10,0
2020-12-13,56,5031,2021-11-10,0
2020-12-14,43,5074,2021-11-10,0
2020-12-15,65,5139,2021-11-10,0
2020-12-16,73,5212,2021-11-10,0
2020-12-17,60,5272,2021-11-10,0
2020-12-18,59,5331,2021-11-10,0
2020-12-19,56,5387,2021-11-10,0
2020-12-20,61,5448,2021-11-10,0
2020-12-21,58,5506,2021-11-10,0
2020-12-22,33,5539,2021-11-10,0
2020-12-23,46,5585,2021-11-10,0
2020-12-24,50,5635,2021-11-10,0
2020-12-25,36,5671,2021-11-10,0
2020-12-26,43,5714,2021-11-10,0
2020-12-27,41,5755,2021-11-10,0
2020-12-28,34,5789,2021-11-10,0
2020-12-29,37,5826,2021-11-10,0
2020-12-30,47,5873,2021-11-10,0
2020-12-31,36,5909,2021-11-10,0
2021-01-01,28,5937,2021-11-10,0
2021-01-02,47,5984,2021-11-10,0
2021-01-03,37,6021,2021-11-10,0
2021-01-04,32,6053,2021-11-10,0
2021-01-05,40,6093,2021-11-10,0
2021-01-06,32,6125,2021-11-10,0
2021-01-07,37,6162,2021-11-10,0
2021-01-08,32,6194,2021-11-10,0
2021-01-09,26,6220,2021-11-10,0
2021-01-10,29,6249,2021-11-10,0
2021-01-11,26,6275,2021-11-10,0
2021-01-12,32,6307,2021-11-10,0
2021-01-13,23,6330,2021-11-10,0
2021-01-14,41,6371,2021-11-10,0
2021-01-15,26,6397,2021-11-10,0
2021-01-16,30,6427,2021-11-10,0
2021-01-17,21,6448,2021-11-10,0
2021-01-18,19,6467,2021-11-10,0
2021-01-19,14,6481,2021-11-10,0
2021-01-20,26,6507,2021-11-10,0
2021-01-21,16,6523,2021-11-10,0
2021-01-22,13,6536,2021-11-10,0
2021-01-23,17,6553,2021-11-10,0
2021-01-24,24,6577,2021-11-10,0
2021-01-25,19,6596,2021-11-10,0
2021-01-26,21,6617,2021-11-10,0
2021-01-27,11,6628,2021-11-10,0
2021-01-28,12,6640,2021-11-10,0
2021-01-29,15,6655,2021-11-10,0
2021-01-30,13,6668,2021-11-10,0
2021-01-31,16,6684,2021-11-10,0
2021-02-01,17,6701,2021-11-10,0
2021-02-02,10,6711,2021-11-10,0
2021-02-03,11,6722,2021-11-10,0
2021-02-04,11,6733,2021-11-10,0
2021-02-05,12,6745,2021-11-10,0
2021-02-06,12,6757,2021-11-10,0
2021-02-07,19,6776,2021-11-10,0
2021-02-08,11,6787,2021-11-10,0
2021-02-09,15,6802,2021-11-10,0
2021-02-10,14,6816,2021-11-10,0
2021-02-11,7,6823,2021-11-10,0
2021-02-12,13,6836,2021-11-10,0
2021-02-13,8,6844,2021-11-10,0
2021-02-14,10,6854,2021-11-10,0
2021-02-15,9,6863,2021-11-10,0
2021-02-16,12,6875,2021-11-10,0
2021-02-17,10,6885,2021-11-10,0
2021-02-18,7,6892,2021-11-10,0
2021-02-19,6,6898,2021-11-10,0
2021-02-20,7,6905,2021-11-10,0
2021-02-21,4,6909,2021-11-10,0
2021-02-22,5,6914,2021-11-10,0
2021-02-23,9,6923,2021-11-10,0
2021-02-24,5,6928,2021-11-10,0
2021-02-25,5,6933,2021-11-10,0
2021-02-26,7,6940,2021-11-10,0
2021-02-27,6,6946,2021-11-10,0
2021-02-28,8,6954,2021-11-10,0
2021-03-01,7,6961,2021-11-10,0
2021-03-02,3,6964,2021-11-10,0
2021-03-03,10,6974,2021-11-10,0
2021-03-04,6,6980,2021-11-10,0
2021-03-05,10,6990,2021-11-10,0
2021-03-06,5,6995,2021-11-10,0
2021-03-07,9,7004,2021-11-10,0
2021-03-08,5,7009,2021-11-10,0
2021-03-09,7,7016,2021-11-10,0
2021-03-10,5,7021,2021-11-10,0
2021-03-11,4,7025,2021-11-10,0
2021-03-12,11,7036,2021-11-10,0
2021-03-13,5,7041,2021-11-10,0
2021-03-14,5,7046,2021-11-10,0
2021-03-15,2,7048,2021-11-10,0
2021-03-16,6,7054,2021-11-10,0
2021-03-17,4,7058,2021-11-10,0
2021-03-18,5,7063,2021-11-10,0
2021-03-19,5,7068,2021-11-10,0
2021-03-20,9,7077,2021-11-10,0
2021-03-21,5,7082,2021-11-10,0
2021-03-22,4,7086,2021-11-10,0
2021-03-23,5,7091,2021-11-10,0
2021-03-24,1,7092,2021-11-10,0
2021-03-25,5,7097,2021-11-10,0
2021-03-26,3,7100,2021-11-10,0
2021-03-27,7,7107,2021-11-10,0
2021-03-28,6,7113,2021-11-10,0
2021-03-29,5,7118,2021-11-10,0
2021-03-30,6,7124,2021-11-10,0
2021-03-31,8,7132,2021-11-10,0
2021-04-01,6,7138,2021-11-10,0
2021-04-02,9,7147,2021-11-10,0
2021-04-03,8,7155,2021-11-10,0
2021-04-04,6,7161,2021-11-10,0
2021-04-05,8,7169,2021-11-10,0
2021-04-06,7,7176,2021-11-10,0
2021-04-07,6,7182,2021-11-10,0
2021-04-08,10,7192,2021-11-10,0
2021-04-09,7,7199,2021-11-10,0
2021-04-10,7,7206,2021-11-10,0
2021-04-11,8,7214,2021-11-10,0
2021-04-12,10,7224,2021-11-10,0
2021-04-13,7,7231,2021-11-10,0
2021-04-14,8,7239,2021-11-10,0
2021-04-15,14,7253,2021-11-10,0
2021-04-16,8,7261,2021-11-10,0
2021-04-17,8,7269,2021-11-10,0
2021-04-18,8,7277,2021-11-10,0
2021-04-19,10,7287,2021-11-10,0
2021-04-20,5,7292,2021-11-10,0
2021-04-21,8,7300,2021-11-10,0
2021-04-22,2,7302,2021-11-10,0
2021-04-23,15,7317,2021-11-10,0
2021-04-24,11,7328,2021-11-10,0
2021-04-25,15,7343,2021-11-10,0
2021-04-26,15,7358,2021-11-10,0
2021-04-27,7,7365,2021-11-10,0
2021-04-28,14,7379,2021-11-10,0
2021-04-29,8,7387,2021-11-10,0
2021-04-30,11,7398,2021-11-10,0
2021-05-01,7,7405,2021-11-10,0
2021-05-02,8,7413,2021-11-10,0
2021-05-03,5,7418,2021-11-10,0
2021-05-04,13,7431,2021-11-10,0
2021-05-05,8,7439,2021-11-10,0
2021-05-06,5,7444,2021-11-10,0
2021-05-07,8,7452,2021-11-10,0
2021-05-08,7,7459,2021-11-10,0
2021-05-09,9,7468,2021-11-10,0
2021-05-10,8,7476,2021-11-10,0
2021-05-11,6,7482,2021-11-10,0
2021-05-12,9,7491,2021-11-10,0
2021-05-13,9,7500,2021-11-10,0
2021-05-14,11,7511,2021-11-10,0
2021-05-15,10,7521,2021-11-10,0
2021-05-16,6,7527,2021-11-10,0
2021-05-17,6,7533,2021-11-10,0
2021-05-18,7,7540,2021-11-10,0
2021-05-19,2,7542,2021-11-10,0
2021-05-20,5,7547,2021-11-10,0
2021-05-21,7,7554,2021-11-10,0
2021-05-22,11,7565,2021-11-10,0
2021-05-23,5,7570,2021-11-10,0
2021-05-24,5,7575,2021-11-10,0
2021-05-25,6,7581,2021-11-10,0
2021-05-26,3,7584,2021-11-10,0
2021-05-27,7,7591,2021-11-10,0
2021-05-28,2,7593,2021-11-10,0
2021-05-29,6,7599,2021-11-10,0
2021-05-30,4,7603,2021-11-10,0
2021-05-31,3,7606,2021-11-10,0
2021-06-01,5,7611,2021-11-10,0
2021-06-02,8,7619,2021-11-10,0
2021-06-03,4,7623,2021-11-10,0
2021-06-04,4,7627,2021-11-10,0
2021-06-05,2,7629,2021-11-10,0
2021-06-06,5,7634,2021-11-10,0
2021-06-07,3,7637,2021-11-10,0
2021-06-08,5,7642,2021-11-10,0
2021-06-09,4,7646,2021-11-10,0
2021-06-10,6,7652,2021-11-10,0
2021-06-11,6,7658,2021-11-10,0
2021-06-12,4,7662,2021-11-10,0
2021-06-13,4,7666,2021-11-10,0
2021-06-14,3,7669,2021-11-10,0
2021-06-15,2,7671,2021-11-10,0
2021-06-16,2,7673,2021-11-10,0
2021-06-17,4,7677,2021-11-10,0
2021-06-18,1,7678,2021-11-10,0
2021-06-19,6,7684,2021-11-10,0
2021-06-20,1,7685,2021-11-10,0
2021-06-21,5,7690,2021-11-10,0
2021-06-22,3,7693,2021-11-10,0
2021-06-23,4,7697,2021-11-10,0
2021-06-24,3,7700,2021-11-10,0
2021-06-25,3,7703,2021-11-10,0
2021-06-26,4,7707,2021-11-10,0
2021-06-27,2,7709,2021-11-10,0
2021-06-28,2,7711,2021-11-10,0
2021-06-29,2,7713,2021-11-10,0
2021-06-30,2,7715,2021-11-10,0
2021-07-01,0,7715,2021-11-10,0
2021-07-02,2,7717,2021-11-10,0
2021-07-03,2,7719,2021-11-10,0
2021-07-04,3,7722,2021-11-10,0
2021-07-05,1,7723,2021-11-10,0
2021-07-06,4,7727,2021-11-10,0
2021-07-07,1,7728,2021-11-10,0
2021-07-08,1,7729,2021-11-10,0
2021-07-09,0,7729,2021-11-10,0
2021-07-10,1,7730,2021-11-10,0
2021-07-11,3,7733,2021-11-10,0
2021-07-12,1,7734,2021-11-10,0
2021-07-13,2,7736,2021-11-10,0
2021-07-14,2,7738,2021-11-10,0
2021-07-15,2,7740,2021-11-10,0
2021-07-16,1,7741,2021-11-10,0
2021-07-17,1,7742,2021-11-10,0
2021-07-18,0,7742,2021-11-10,0
2021-07-19,0,7742,2021-11-10,0
2021-07-20,2,7744,2021-11-10,0
2021-07-21,2,7746,2021-11-10,0
2021-07-22,2,7748,2021-11-10,0
2021-07-23,3,7751,2021-11-10,0
2021-07-24,0,7751,2021-11-10,0
2021-07-25,2,7753,2021-11-10,0
2021-07-26,1,7754,2021-11-10,0
2021-07-27,2,7756,2021-11-10,0
2021-07-28,3,7759,2021-11-10,0
2021-07-29,2,7761,2021-11-10,0
2021-07-30,5,7766,2021-11-10,0
2021-07-31,4,7770,2021-11-10,0
2021-08-01,1,7771,2021-11-10,0
2021-08-02,3,7774,2021-11-10,0
2021-08-03,2,7776,2021-11-10,0
2021-08-04,3,7779,2021-11-10,0
2021-08-05,2,7781,2021-11-10,0
2021-08-06,7,7788,2021-11-10,0
2021-08-07,3,7791,2021-11-10,0
2021-08-08,2,7793,2021-11-10,0
2021-08-09,3,7796,2021-11-10,0
2021-08-10,2,7798,2021-11-10,0
2021-08-11,2,7800,2021-11-10,0
2021-08-12,7,7807,2021-11-10,0
2021-08-13,5,7812,2021-11-10,0
2021-08-14,6,7818,2021-11-10,0
2021-08-15,0,7818,2021-11-10,0
2021-08-16,7,7825,2021-11-10,0
2021-08-17,7,7832,2021-11-10,0
2021-08-18,9,7841,2021-11-10,0
2021-08-19,2,7843,2021-11-10,0
2021-08-20,3,7846,2021-11-10,0
2021-08-21,5,7851,2021-11-10,0
2021-08-22,7,7858,2021-11-10,0
2021-08-23,5,7863,2021-11-10,0
2021-08-24,12,7875,2021-11-10,0
2021-08-25,7,7882,2021-11-10,0
2021-08-26,2,7884,2021-11-10,0
2021-08-27,6,7890,2021-11-10,0
2021-08-28,11,7901,2021-11-10,0
2021-08-29,11,7912,2021-11-10,0
2021-08-30,8,7920,2021-11-10,0
2021-08-31,6,7926,2021-11-10,0
2021-09-01,6,7932,2021-11-10,0
2021-09-02,6,7938,2021-11-10,0
2021-09-03,9,7947,2021-11-10,0
2021-09-04,9,7956,2021-11-10,0
2021-09-05,10,7966,2021-11-10,0
2021-09-06,8,7974,2021-11-10,0
2021-09-07,7,7981,2021-11-10,0
2021-09-08,11,7992,2021-11-10,0
2021-09-09,5,7997,2021-11-10,0
2021-09-10,9,8006,2021-11-10,0
2021-09-11,17,8023,2021-11-10,0
2021-09-12,10,8033,2021-11-10,0
2021-09-13,7,8040,2021-11-10,0
2021-09-14,11,8051,2021-11-10,0
2021-09-15,14,8065,2021-11-10,0
2021-09-16,16,8081,2021-11-10,0
2021-09-17,8,8089,2021-11-10,0
2021-09-18,13,8102,2021-11-10,0
2021-09-19,11,8113,2021-11-10,0
2021-09-20,15,8128,2021-11-10,0
2021-09-21,15,8143,2021-11-10,0
2021-09-22,16,8159,2021-11-10,0
2021-09-23,13,8172,2021-11-10,1
2021-09-24,12,8184,2021-11-10,0
2021-09-25,16,8200,2021-11-10,0
2021-09-26,14,8214,2021-11-10,0
2021-09-27,15,8229,2021-11-10,0
2021-09-28,10,8239,2021-11-10,0
2021-09-29,19,8258,2021-11-10,0
2021-09-30,17,8275,2021-11-10,0
2021-10-01,13,8288,2021-11-10,0
2021-10-02,13,8301,2021-11-10,0
2021-10-03,23,8324,2021-11-10,0
2021-10-04,13,8337,2021-11-10,0
2021-10-05,23,8360,2021-11-10,0
2021-10-06,20,8380,2021-11-10,0
2021-10-07,12,8392,2021-11-10,0
2021-10-08,22,8414,2021-11-10,0
2021-10-09,20,8434,2021-11-10,0
2021-10-10,13,8447,2021-11-10,0
2021-10-11,11,8458,2021-11-10,0
2021-10-12,24,8482,2021-11-10,0
2021-10-13,20,8502,2021-11-10,0
2021-10-14,20,8522,2021-11-10,0
2021-10-15,14,8536,2021-11-10,0
2021-10-16,19,8555,2021-11-10,0
2021-10-17,16,8571,2021-11-10,0
2021-10-18,16,8587,2021-11-10,0
2021-10-19,24,8611,2021-11-10,0
2021-10-20,15,8626,2021-11-10,0
2021-10-21,7,8633,2021-11-10,0
2021-10-22,22,8655,2021-11-10,0
2021-10-23,22,8677,2021-11-10,0
2021-10-24,23,8700,2021-11-10,0
2021-10-25,18,8718,2021-11-10,0
2021-10-26,21,8739,2021-11-10,0
2021-10-27,14,8753,2021-11-10,0
2021-10-28,22,8775,2021-11-10,0
2021-10-29,18,8793,2021-11-10,1
2021-10-30,17,8810,2021-11-10,0
2021-10-31,22,8832,2021-11-10,4
2021-11-01,16,8848,2021-11-10,2
2021-11-02,18,8866,2021-11-10,0
2021-11-03,19,8885,2021-11-10,3
2021-11-04,16,8901,2021-11-10,8
2021-11-05,11,8912,2021-11-10,11
2021-11-06,4,8916,2021-11-10,4
2021-11-07,9,8925,2021-11-10,9
NA,0,8925,2021-11-10,0
2020-03-19,1,1,2021-11-11,0
2020-03-20,0,1,2021-11-11,0
2020-03-21,0,1,2021-11-11,0
2020-03-22,0,1,2021-11-11,0
2020-03-23,0,1,2021-11-11,0
2020-03-24,1,2,2021-11-11,0
2020-03-25,1,3,2021-11-11,0
2020-03-26,1,4,2021-11-11,0
2020-03-27,5,9,2021-11-11,0
2020-03-28,3,12,2021-11-11,0
2020-03-29,0,12,2021-11-11,0
2020-03-30,5,17,2021-11-11,0
2020-03-31,2,19,2021-11-11,0
2020-04-01,5,24,2021-11-11,0
2020-04-02,3,27,2021-11-11,0
2020-04-03,1,28,2021-11-11,0
2020-04-04,5,33,2021-11-11,0
2020-04-05,5,38,2021-11-11,0
2020-04-06,10,48,2021-11-11,0
2020-04-07,6,54,2021-11-11,0
2020-04-08,7,61,2021-11-11,0
2020-04-09,8,69,2021-11-11,0
2020-04-10,6,75,2021-11-11,0
2020-04-11,4,79,2021-11-11,0
2020-04-12,4,83,2021-11-11,0
2020-04-13,10,93,2021-11-11,0
2020-04-14,6,99,2021-11-11,0
2020-04-15,17,116,2021-11-11,0
2020-04-16,10,126,2021-11-11,0
2020-04-17,17,143,2021-11-11,0
2020-04-18,17,160,2021-11-11,0
2020-04-19,16,176,2021-11-11,0
2020-04-20,21,197,2021-11-11,0
2020-04-21,26,223,2021-11-11,0
2020-04-22,21,244,2021-11-11,0
2020-04-23,19,263,2021-11-11,0
2020-04-24,23,286,2021-11-11,0
2020-04-25,18,304,2021-11-11,0
2020-04-26,17,321,2021-11-11,0
2020-04-27,21,342,2021-11-11,0
2020-04-28,16,358,2021-11-11,0
2020-04-29,29,387,2021-11-11,0
2020-04-30,18,405,2021-11-11,0
2020-05-01,30,435,2021-11-11,0
2020-05-02,19,454,2021-11-11,0
2020-05-03,29,483,2021-11-11,0
2020-05-04,23,506,2021-11-11,0
2020-05-05,19,525,2021-11-11,0
2020-05-06,25,550,2021-11-11,0
2020-05-07,30,580,2021-11-11,0
2020-05-08,20,600,2021-11-11,0
2020-05-09,26,626,2021-11-11,0
2020-05-10,19,645,2021-11-11,0
2020-05-11,25,670,2021-11-11,0
2020-05-12,20,690,2021-11-11,0
2020-05-13,22,712,2021-11-11,0
2020-05-14,20,732,2021-11-11,0
2020-05-15,20,752,2021-11-11,0
2020-05-16,20,772,2021-11-11,0
2020-05-17,23,795,2021-11-11,0
2020-05-18,18,813,2021-11-11,0
2020-05-19,35,848,2021-11-11,0
2020-05-20,24,872,2021-11-11,0
2020-05-21,17,889,2021-11-11,0
2020-05-22,20,909,2021-11-11,0
2020-05-23,26,935,2021-11-11,0
2020-05-24,25,960,2021-11-11,0
2020-05-25,30,990,2021-11-11,0
2020-05-26,29,1019,2021-11-11,0
2020-05-27,25,1044,2021-11-11,0
2020-05-28,21,1065,2021-11-11,0
2020-05-29,17,1082,2021-11-11,0
2020-05-30,11,1093,2021-11-11,0
2020-05-31,20,1113,2021-11-11,0
2020-06-01,23,1136,2021-11-11,0
2020-06-02,21,1157,2021-11-11,0
2020-06-03,25,1182,2021-11-11,0
2020-06-04,26,1208,2021-11-11,0
2020-06-05,18,1226,2021-11-11,0
2020-06-06,12,1238,2021-11-11,0
2020-06-07,22,1260,2021-11-11,0
2020-06-08,12,1272,2021-11-11,0
2020-06-09,13,1285,2021-11-11,0
2020-06-10,10,1295,2021-11-11,0
2020-06-11,12,1307,2021-11-11,0
2020-06-12,11,1318,2021-11-11,0
2020-06-13,13,1331,2021-11-11,0
2020-06-14,11,1342,2021-11-11,0
2020-06-15,8,1350,2021-11-11,0
2020-06-16,9,1359,2021-11-11,0
2020-06-17,17,1376,2021-11-11,0
2020-06-18,9,1385,2021-11-11,0
2020-06-19,8,1393,2021-11-11,0
2020-06-20,12,1405,2021-11-11,0
2020-06-21,11,1416,2021-11-11,0
2020-06-22,6,1422,2021-11-11,0
2020-06-23,10,1432,2021-11-11,0
2020-06-24,1,1433,2021-11-11,0
2020-06-25,9,1442,2021-11-11,0
2020-06-26,6,1448,2021-11-11,0
2020-06-27,5,1453,2021-11-11,0
2020-06-28,11,1464,2021-11-11,0
2020-06-29,7,1471,2021-11-11,0
2020-06-30,9,1480,2021-11-11,0
2020-07-01,2,1482,2021-11-11,0
2020-07-02,3,1485,2021-11-11,0
2020-07-03,5,1490,2021-11-11,0
2020-07-04,4,1494,2021-11-11,0
2020-07-05,6,1500,2021-11-11,0
2020-07-06,4,1504,2021-11-11,0
2020-07-07,2,1506,2021-11-11,0
2020-07-08,9,1515,2021-11-11,0
2020-07-09,4,1519,2021-11-11,0
2020-07-10,3,1522,2021-11-11,0
2020-07-11,4,1526,2021-11-11,0
2020-07-12,6,1532,2021-11-11,0
2020-07-13,2,1534,2021-11-11,0
2020-07-14,6,1540,2021-11-11,0
2020-07-15,7,1547,2021-11-11,0
2020-07-16,3,1550,2021-11-11,0
2020-07-17,7,1557,2021-11-11,0
2020-07-18,6,1563,2021-11-11,0
2020-07-19,5,1568,2021-11-11,0
2020-07-20,3,1571,2021-11-11,0
2020-07-21,6,1577,2021-11-11,0
2020-07-22,5,1582,2021-11-11,0
2020-07-23,8,1590,2021-11-11,0
2020-07-24,6,1596,2021-11-11,0
2020-07-25,2,1598,2021-11-11,0
2020-07-26,5,1603,2021-11-11,0
2020-07-27,5,1608,2021-11-11,0
2020-07-28,7,1615,2021-11-11,0
2020-07-29,3,1618,2021-11-11,0
2020-07-30,6,1624,2021-11-11,0
2020-07-31,9,1633,2021-11-11,0
2020-08-01,4,1637,2021-11-11,0
2020-08-02,7,1644,2021-11-11,0
2020-08-03,4,1648,2021-11-11,0
2020-08-04,7,1655,2021-11-11,0
2020-08-05,8,1663,2021-11-11,0
2020-08-06,9,1672,2021-11-11,0
2020-08-07,7,1679,2021-11-11,0
2020-08-08,6,1685,2021-11-11,0
2020-08-09,10,1695,2021-11-11,0
2020-08-10,3,1698,2021-11-11,0
2020-08-11,9,1707,2021-11-11,0
2020-08-12,7,1714,2021-11-11,0
2020-08-13,5,1719,2021-11-11,0
2020-08-14,9,1728,2021-11-11,0
2020-08-15,13,1741,2021-11-11,0
2020-08-16,13,1754,2021-11-11,0
2020-08-17,6,1760,2021-11-11,0
2020-08-18,11,1771,2021-11-11,0
2020-08-19,3,1774,2021-11-11,0
2020-08-20,10,1784,2021-11-11,0
2020-08-21,12,1796,2021-11-11,0
2020-08-22,9,1805,2021-11-11,0
2020-08-23,7,1812,2021-11-11,0
2020-08-24,9,1821,2021-11-11,0
2020-08-25,4,1825,2021-11-11,0
2020-08-26,3,1828,2021-11-11,0
2020-08-27,7,1835,2021-11-11,0
2020-08-28,6,1841,2021-11-11,0
2020-08-29,3,1844,2021-11-11,0
2020-08-30,5,1849,2021-11-11,0
2020-08-31,9,1858,2021-11-11,0
2020-09-01,2,1860,2021-11-11,0
2020-09-02,7,1867,2021-11-11,0
2020-09-03,12,1879,2021-11-11,0
2020-09-04,4,1883,2021-11-11,0
2020-09-05,6,1889,2021-11-11,0
2020-09-06,12,1901,2021-11-11,0
2020-09-07,3,1904,2021-11-11,0
2020-09-08,6,1910,2021-11-11,0
2020-09-09,10,1920,2021-11-11,0
2020-09-10,9,1929,2021-11-11,0
2020-09-11,11,1940,2021-11-11,0
2020-09-12,8,1948,2021-11-11,0
2020-09-13,8,1956,2021-11-11,0
2020-09-14,2,1958,2021-11-11,0
2020-09-15,7,1965,2021-11-11,0
2020-09-16,9,1974,2021-11-11,0
2020-09-17,5,1979,2021-11-11,0
2020-09-18,6,1985,2021-11-11,0
2020-09-19,4,1989,2021-11-11,0
2020-09-20,9,1998,2021-11-11,0
2020-09-21,7,2005,2021-11-11,0
2020-09-22,8,2013,2021-11-11,0
2020-09-23,9,2022,2021-11-11,0
2020-09-24,8,2030,2021-11-11,0
2020-09-25,11,2041,2021-11-11,0
2020-09-26,9,2050,2021-11-11,0
2020-09-27,14,2064,2021-11-11,0
2020-09-28,11,2075,2021-11-11,0
2020-09-29,5,2080,2021-11-11,0
2020-09-30,16,2096,2021-11-11,0
2020-10-01,7,2103,2021-11-11,0
2020-10-02,13,2116,2021-11-11,0
2020-10-03,9,2125,2021-11-11,0
2020-10-04,7,2132,2021-11-11,0
2020-10-05,10,2142,2021-11-11,0
2020-10-06,13,2155,2021-11-11,0
2020-10-07,19,2174,2021-11-11,0
2020-10-08,9,2183,2021-11-11,0
2020-10-09,17,2200,2021-11-11,0
2020-10-10,16,2216,2021-11-11,0
2020-10-11,16,2232,2021-11-11,0
2020-10-12,20,2252,2021-11-11,0
2020-10-13,14,2266,2021-11-11,0
2020-10-14,10,2276,2021-11-11,0
2020-10-15,9,2285,2021-11-11,0
2020-10-16,12,2297,2021-11-11,0
2020-10-17,18,2315,2021-11-11,0
2020-10-18,25,2340,2021-11-11,0
2020-10-19,18,2358,2021-11-11,0
2020-10-20,15,2373,2021-11-11,0
2020-10-21,24,2397,2021-11-11,0
2020-10-22,18,2415,2021-11-11,0
2020-10-23,19,2434,2021-11-11,0
2020-10-24,8,2442,2021-11-11,0
2020-10-25,17,2459,2021-11-11,0
2020-10-26,25,2484,2021-11-11,0
2020-10-27,23,2507,2021-11-11,0
2020-10-28,29,2536,2021-11-11,0
2020-10-29,18,2554,2021-11-11,0
2020-10-30,27,2581,2021-11-11,0
2020-10-31,25,2606,2021-11-11,0
2020-11-01,21,2627,2021-11-11,0
2020-11-02,25,2652,2021-11-11,0
2020-11-03,25,2677,2021-11-11,0
2020-11-04,33,2710,2021-11-11,0
2020-11-05,38,2748,2021-11-11,0
2020-11-06,39,2787,2021-11-11,0
2020-11-07,42,2829,2021-11-11,0
2020-11-08,47,2876,2021-11-11,0
2020-11-09,36,2912,2021-11-11,0
2020-11-10,35,2947,2021-11-11,0
2020-11-11,43,2990,2021-11-11,0
2020-11-12,45,3035,2021-11-11,0
2020-11-13,40,3075,2021-11-11,0
2020-11-14,47,3122,2021-11-11,0
2020-11-15,46,3168,2021-11-11,0
2020-11-16,62,3230,2021-11-11,0
2020-11-17,56,3286,2021-11-11,0
2020-11-18,61,3347,2021-11-11,0
2020-11-19,60,3407,2021-11-11,0
2020-11-20,63,3470,2021-11-11,0
2020-11-21,58,3528,2021-11-11,0
2020-11-22,67,3595,2021-11-11,0
2020-11-23,59,3654,2021-11-11,0
2020-11-24,69,3723,2021-11-11,0
2020-11-25,72,3795,2021-11-11,0
2020-11-26,54,3849,2021-11-11,0
2020-11-27,69,3918,2021-11-11,0
2020-11-28,62,3980,2021-11-11,0
2020-11-29,68,4048,2021-11-11,0
2020-11-30,61,4109,2021-11-11,0
2020-12-01,64,4173,2021-11-11,0
2020-12-02,73,4246,2021-11-11,0
2020-12-03,86,4332,2021-11-11,0
2020-12-04,67,4399,2021-11-11,0
2020-12-05,74,4473,2021-11-11,0
2020-12-06,80,4553,2021-11-11,0
2020-12-07,75,4628,2021-11-11,0
2020-12-08,61,4689,2021-11-11,0
2020-12-09,71,4760,2021-11-11,0
2020-12-10,72,4832,2021-11-11,0
2020-12-11,71,4903,2021-11-11,0
2020-12-12,72,4975,2021-11-11,0
2020-12-13,56,5031,2021-11-11,0
2020-12-14,43,5074,2021-11-11,0
2020-12-15,65,5139,2021-11-11,0
2020-12-16,73,5212,2021-11-11,0
2020-12-17,60,5272,2021-11-11,0
2020-12-18,59,5331,2021-11-11,0
2020-12-19,56,5387,2021-11-11,0
2020-12-20,61,5448,2021-11-11,0
2020-12-21,58,5506,2021-11-11,0
2020-12-22,33,5539,2021-11-11,0
2020-12-23,46,5585,2021-11-11,0
2020-12-24,50,5635,2021-11-11,0
2020-12-25,36,5671,2021-11-11,0
2020-12-26,43,5714,2021-11-11,0
2020-12-27,41,5755,2021-11-11,0
2020-12-28,34,5789,2021-11-11,0
2020-12-29,37,5826,2021-11-11,0
2020-12-30,47,5873,2021-11-11,0
2020-12-31,36,5909,2021-11-11,0
2021-01-01,28,5937,2021-11-11,0
2021-01-02,47,5984,2021-11-11,0
2021-01-03,37,6021,2021-11-11,0
2021-01-04,32,6053,2021-11-11,0
2021-01-05,40,6093,2021-11-11,0
2021-01-06,32,6125,2021-11-11,0
2021-01-07,37,6162,2021-11-11,0
2021-01-08,32,6194,2021-11-11,0
2021-01-09,26,6220,2021-11-11,0
2021-01-10,29,6249,2021-11-11,0
2021-01-11,26,6275,2021-11-11,0
2021-01-12,32,6307,2021-11-11,0
2021-01-13,23,6330,2021-11-11,0
2021-01-14,41,6371,2021-11-11,0
2021-01-15,26,6397,2021-11-11,0
2021-01-16,30,6427,2021-11-11,0
2021-01-17,21,6448,2021-11-11,0
2021-01-18,19,6467,2021-11-11,0
2021-01-19,14,6481,2021-11-11,0
2021-01-20,26,6507,2021-11-11,0
2021-01-21,16,6523,2021-11-11,0
2021-01-22,13,6536,2021-11-11,0
2021-01-23,17,6553,2021-11-11,0
2021-01-24,24,6577,2021-11-11,0
2021-01-25,19,6596,2021-11-11,0
2021-01-26,21,6617,2021-11-11,0
2021-01-27,11,6628,2021-11-11,0
2021-01-28,12,6640,2021-11-11,0
2021-01-29,15,6655,2021-11-11,0
2021-01-30,13,6668,2021-11-11,0
2021-01-31,16,6684,2021-11-11,0
2021-02-01,17,6701,2021-11-11,0
2021-02-02,10,6711,2021-11-11,0
2021-02-03,11,6722,2021-11-11,0
2021-02-04,11,6733,2021-11-11,0
2021-02-05,12,6745,2021-11-11,0
2021-02-06,12,6757,2021-11-11,0
2021-02-07,19,6776,2021-11-11,0
2021-02-08,11,6787,2021-11-11,0
2021-02-09,15,6802,2021-11-11,0
2021-02-10,14,6816,2021-11-11,0
2021-02-11,7,6823,2021-11-11,0
2021-02-12,13,6836,2021-11-11,0
2021-02-13,8,6844,2021-11-11,0
2021-02-14,10,6854,2021-11-11,0
2021-02-15,9,6863,2021-11-11,0
2021-02-16,12,6875,2021-11-11,0
2021-02-17,10,6885,2021-11-11,0
2021-02-18,7,6892,2021-11-11,0
2021-02-19,6,6898,2021-11-11,0
2021-02-20,7,6905,2021-11-11,0
2021-02-21,4,6909,2021-11-11,0
2021-02-22,5,6914,2021-11-11,0
2021-02-23,9,6923,2021-11-11,0
2021-02-24,5,6928,2021-11-11,0
2021-02-25,5,6933,2021-11-11,0
2021-02-26,7,6940,2021-11-11,0
2021-02-27,6,6946,2021-11-11,0
2021-02-28,8,6954,2021-11-11,0
2021-03-01,7,6961,2021-11-11,0
2021-03-02,3,6964,2021-11-11,0
2021-03-03,10,6974,2021-11-11,0
2021-03-04,6,6980,2021-11-11,0
2021-03-05,10,6990,2021-11-11,0
2021-03-06,5,6995,2021-11-11,0
2021-03-07,9,7004,2021-11-11,0
2021-03-08,5,7009,2021-11-11,0
2021-03-09,7,7016,2021-11-11,0
2021-03-10,5,7021,2021-11-11,0
2021-03-11,4,7025,2021-11-11,0
2021-03-12,11,7036,2021-11-11,0
2021-03-13,5,7041,2021-11-11,0
2021-03-14,5,7046,2021-11-11,0
2021-03-15,2,7048,2021-11-11,0
2021-03-16,6,7054,2021-11-11,0
2021-03-17,4,7058,2021-11-11,0
2021-03-18,5,7063,2021-11-11,0
2021-03-19,5,7068,2021-11-11,0
2021-03-20,9,7077,2021-11-11,0
2021-03-21,5,7082,2021-11-11,0
2021-03-22,4,7086,2021-11-11,0
2021-03-23,5,7091,2021-11-11,0
2021-03-24,1,7092,2021-11-11,0
2021-03-25,5,7097,2021-11-11,0
2021-03-26,3,7100,2021-11-11,0
2021-03-27,7,7107,2021-11-11,0
2021-03-28,6,7113,2021-11-11,0
2021-03-29,5,7118,2021-11-11,0
2021-03-30,6,7124,2021-11-11,0
2021-03-31,8,7132,2021-11-11,0
2021-04-01,6,7138,2021-11-11,0
2021-04-02,9,7147,2021-11-11,0
2021-04-03,8,7155,2021-11-11,0
2021-04-04,6,7161,2021-11-11,0
2021-04-05,8,7169,2021-11-11,0
2021-04-06,7,7176,2021-11-11,0
2021-04-07,6,7182,2021-11-11,0
2021-04-08,10,7192,2021-11-11,0
2021-04-09,7,7199,2021-11-11,0
2021-04-10,7,7206,2021-11-11,0
2021-04-11,8,7214,2021-11-11,0
2021-04-12,10,7224,2021-11-11,0
2021-04-13,7,7231,2021-11-11,0
2021-04-14,8,7239,2021-11-11,0
2021-04-15,14,7253,2021-11-11,0
2021-04-16,8,7261,2021-11-11,0
2021-04-17,8,7269,2021-11-11,0
2021-04-18,8,7277,2021-11-11,0
2021-04-19,10,7287,2021-11-11,0
2021-04-20,5,7292,2021-11-11,0
2021-04-21,8,7300,2021-11-11,0
2021-04-22,2,7302,2021-11-11,0
2021-04-23,15,7317,2021-11-11,0
2021-04-24,11,7328,2021-11-11,0
2021-04-25,15,7343,2021-11-11,0
2021-04-26,15,7358,2021-11-11,0
2021-04-27,7,7365,2021-11-11,0
2021-04-28,14,7379,2021-11-11,0
2021-04-29,8,7387,2021-11-11,0
2021-04-30,11,7398,2021-11-11,0
2021-05-01,7,7405,2021-11-11,0
2021-05-02,8,7413,2021-11-11,0
2021-05-03,5,7418,2021-11-11,0
2021-05-04,13,7431,2021-11-11,0
2021-05-05,8,7439,2021-11-11,0
2021-05-06,5,7444,2021-11-11,0
2021-05-07,8,7452,2021-11-11,0
2021-05-08,7,7459,2021-11-11,0
2021-05-09,9,7468,2021-11-11,0
2021-05-10,8,7476,2021-11-11,0
2021-05-11,6,7482,2021-11-11,0
2021-05-12,9,7491,2021-11-11,0
2021-05-13,9,7500,2021-11-11,0
2021-05-14,11,7511,2021-11-11,0
2021-05-15,10,7521,2021-11-11,0
2021-05-16,6,7527,2021-11-11,0
2021-05-17,6,7533,2021-11-11,0
2021-05-18,7,7540,2021-11-11,0
2021-05-19,2,7542,2021-11-11,0
2021-05-20,5,7547,2021-11-11,0
2021-05-21,7,7554,2021-11-11,0
2021-05-22,11,7565,2021-11-11,0
2021-05-23,5,7570,2021-11-11,0
2021-05-24,5,7575,2021-11-11,0
2021-05-25,6,7581,2021-11-11,0
2021-05-26,3,7584,2021-11-11,0
2021-05-27,7,7591,2021-11-11,0
2021-05-28,2,7593,2021-11-11,0
2021-05-29,6,7599,2021-11-11,0
2021-05-30,4,7603,2021-11-11,0
2021-05-31,3,7606,2021-11-11,0
2021-06-01,5,7611,2021-11-11,0
2021-06-02,8,7619,2021-11-11,0
2021-06-03,4,7623,2021-11-11,0
2021-06-04,4,7627,2021-11-11,0
2021-06-05,2,7629,2021-11-11,0
2021-06-06,5,7634,2021-11-11,0
2021-06-07,3,7637,2021-11-11,0
2021-06-08,5,7642,2021-11-11,0
2021-06-09,4,7646,2021-11-11,0
2021-06-10,6,7652,2021-11-11,0
2021-06-11,6,7658,2021-11-11,0
2021-06-12,4,7662,2021-11-11,0
2021-06-13,4,7666,2021-11-11,0
2021-06-14,3,7669,2021-11-11,0
2021-06-15,2,7671,2021-11-11,0
2021-06-16,2,7673,2021-11-11,0
2021-06-17,4,7677,2021-11-11,0
2021-06-18,1,7678,2021-11-11,0
2021-06-19,6,7684,2021-11-11,0
2021-06-20,1,7685,2021-11-11,0
2021-06-21,5,7690,2021-11-11,0
2021-06-22,3,7693,2021-11-11,0
2021-06-23,4,7697,2021-11-11,0
2021-06-24,3,7700,2021-11-11,0
2021-06-25,3,7703,2021-11-11,0
2021-06-26,4,7707,2021-11-11,0
2021-06-27,2,7709,2021-11-11,0
2021-06-28,2,7711,2021-11-11,0
2021-06-29,2,7713,2021-11-11,0
2021-06-30,2,7715,2021-11-11,0
2021-07-01,0,7715,2021-11-11,0
2021-07-02,2,7717,2021-11-11,0
2021-07-03,2,7719,2021-11-11,0
2021-07-04,3,7722,2021-11-11,0
2021-07-05,1,7723,2021-11-11,0
2021-07-06,4,7727,2021-11-11,0
2021-07-07,1,7728,2021-11-11,0
2021-07-08,1,7729,2021-11-11,0
2021-07-09,0,7729,2021-11-11,0
2021-07-10,1,7730,2021-11-11,0
2021-07-11,3,7733,2021-11-11,0
2021-07-12,1,7734,2021-11-11,0
2021-07-13,2,7736,2021-11-11,0
2021-07-14,2,7738,2021-11-11,0
2021-07-15,2,7740,2021-11-11,0
2021-07-16,1,7741,2021-11-11,0
2021-07-17,1,7742,2021-11-11,0
2021-07-18,0,7742,2021-11-11,0
2021-07-19,0,7742,2021-11-11,0
2021-07-20,2,7744,2021-11-11,0
2021-07-21,2,7746,2021-11-11,0
2021-07-22,2,7748,2021-11-11,0
2021-07-23,3,7751,2021-11-11,0
2021-07-24,0,7751,2021-11-11,0
2021-07-25,2,7753,2021-11-11,0
2021-07-26,1,7754,2021-11-11,0
2021-07-27,2,7756,2021-11-11,0
2021-07-28,3,7759,2021-11-11,0
2021-07-29,2,7761,2021-11-11,0
2021-07-30,5,7766,2021-11-11,0
2021-07-31,4,7770,2021-11-11,0
2021-08-01,1,7771,2021-11-11,0
2021-08-02,3,7774,2021-11-11,0
2021-08-03,2,7776,2021-11-11,0
2021-08-04,3,7779,2021-11-11,0
2021-08-05,2,7781,2021-11-11,0
2021-08-06,7,7788,2021-11-11,0
2021-08-07,3,7791,2021-11-11,0
2021-08-08,2,7793,2021-11-11,0
2021-08-09,3,7796,2021-11-11,0
2021-08-10,2,7798,2021-11-11,0
2021-08-11,2,7800,2021-11-11,0
2021-08-12,7,7807,2021-11-11,0
2021-08-13,5,7812,2021-11-11,0
2021-08-14,6,7818,2021-11-11,0
2021-08-15,0,7818,2021-11-11,0
2021-08-16,7,7825,2021-11-11,0
2021-08-17,7,7832,2021-11-11,0
2021-08-18,9,7841,2021-11-11,0
2021-08-19,2,7843,2021-11-11,0
2021-08-20,3,7846,2021-11-11,0
2021-08-21,5,7851,2021-11-11,0
2021-08-22,7,7858,2021-11-11,0
2021-08-23,5,7863,2021-11-11,0
2021-08-24,12,7875,2021-11-11,0
2021-08-25,7,7882,2021-11-11,0
2021-08-26,2,7884,2021-11-11,0
2021-08-27,6,7890,2021-11-11,0
2021-08-28,11,7901,2021-11-11,0
2021-08-29,11,7912,2021-11-11,0
2021-08-30,8,7920,2021-11-11,0
2021-08-31,6,7926,2021-11-11,0
2021-09-01,6,7932,2021-11-11,0
2021-09-02,6,7938,2021-11-11,0
2021-09-03,9,7947,2021-11-11,0
2021-09-04,9,7956,2021-11-11,0
2021-09-05,10,7966,2021-11-11,0
2021-09-06,8,7974,2021-11-11,0
2021-09-07,7,7981,2021-11-11,0
2021-09-08,11,7992,2021-11-11,0
2021-09-09,5,7997,2021-11-11,0
2021-09-10,9,8006,2021-11-11,0
2021-09-11,17,8023,2021-11-11,0
2021-09-12,10,8033,2021-11-11,0
2021-09-13,7,8040,2021-11-11,0
2021-09-14,11,8051,2021-11-11,0
2021-09-15,14,8065,2021-11-11,0
2021-09-16,16,8081,2021-11-11,0
2021-09-17,8,8089,2021-11-11,0
2021-09-18,13,8102,2021-11-11,0
2021-09-19,11,8113,2021-11-11,0
2021-09-20,15,8128,2021-11-11,0
2021-09-21,15,8143,2021-11-11,0
2021-09-22,17,8160,2021-11-11,1
2021-09-23,13,8173,2021-11-11,0
2021-09-24,12,8185,2021-11-11,0
2021-09-25,16,8201,2021-11-11,0
2021-09-26,14,8215,2021-11-11,0
2021-09-27,15,8230,2021-11-11,0
2021-09-28,10,8240,2021-11-11,0
2021-09-29,19,8259,2021-11-11,0
2021-09-30,17,8276,2021-11-11,0
2021-10-01,13,8289,2021-11-11,0
2021-10-02,13,8302,2021-11-11,0
2021-10-03,23,8325,2021-11-11,0
2021-10-04,13,8338,2021-11-11,0
2021-10-05,23,8361,2021-11-11,0
2021-10-06,20,8381,2021-11-11,0
2021-10-07,13,8394,2021-11-11,1
2021-10-08,22,8416,2021-11-11,0
2021-10-09,20,8436,2021-11-11,0
2021-10-10,13,8449,2021-11-11,0
2021-10-11,11,8460,2021-11-11,0
2021-10-12,25,8485,2021-11-11,1
2021-10-13,20,8505,2021-11-11,0
2021-10-14,20,8525,2021-11-11,0
2021-10-15,14,8539,2021-11-11,0
2021-10-16,19,8558,2021-11-11,0
2021-10-17,17,8575,2021-11-11,1
2021-10-18,16,8591,2021-11-11,0
2021-10-19,25,8616,2021-11-11,1
2021-10-20,15,8631,2021-11-11,0
2021-10-21,7,8638,2021-11-11,0
2021-10-22,23,8661,2021-11-11,1
2021-10-23,23,8684,2021-11-11,1
2021-10-24,23,8707,2021-11-11,0
2021-10-25,19,8726,2021-11-11,1
2021-10-26,21,8747,2021-11-11,0
2021-10-27,14,8761,2021-11-11,0
2021-10-28,22,8783,2021-11-11,0
2021-10-29,18,8801,2021-11-11,0
2021-10-30,17,8818,2021-11-11,0
2021-10-31,22,8840,2021-11-11,0
2021-11-01,17,8857,2021-11-11,1
2021-11-02,18,8875,2021-11-11,0
2021-11-03,19,8894,2021-11-11,0
2021-11-04,23,8917,2021-11-11,7
2021-11-05,16,8933,2021-11-11,5
2021-11-06,12,8945,2021-11-11,8
2021-11-07,15,8960,2021-11-11,6
2021-11-08,8,8968,2021-11-11,8
NA,0,8968,2021-11-11,0
2020-03-19,1,1,2021-11-12,0
2020-03-20,0,1,2021-11-12,0
2020-03-21,0,1,2021-11-12,0
2020-03-22,0,1,2021-11-12,0
2020-03-23,0,1,2021-11-12,0
2020-03-24,1,2,2021-11-12,0
2020-03-25,1,3,2021-11-12,0
2020-03-26,1,4,2021-11-12,0
2020-03-27,5,9,2021-11-12,0
2020-03-28,3,12,2021-11-12,0
2020-03-29,0,12,2021-11-12,0
2020-03-30,5,17,2021-11-12,0
2020-03-31,2,19,2021-11-12,0
2020-04-01,5,24,2021-11-12,0
2020-04-02,3,27,2021-11-12,0
2020-04-03,1,28,2021-11-12,0
2020-04-04,5,33,2021-11-12,0
2020-04-05,5,38,2021-11-12,0
2020-04-06,10,48,2021-11-12,0
2020-04-07,6,54,2021-11-12,0
2020-04-08,7,61,2021-11-12,0
2020-04-09,8,69,2021-11-12,0
2020-04-10,6,75,2021-11-12,0
2020-04-11,4,79,2021-11-12,0
2020-04-12,4,83,2021-11-12,0
2020-04-13,10,93,2021-11-12,0
2020-04-14,6,99,2021-11-12,0
2020-04-15,17,116,2021-11-12,0
2020-04-16,10,126,2021-11-12,0
2020-04-17,17,143,2021-11-12,0
2020-04-18,17,160,2021-11-12,0
2020-04-19,16,176,2021-11-12,0
2020-04-20,21,197,2021-11-12,0
2020-04-21,26,223,2021-11-12,0
2020-04-22,21,244,2021-11-12,0
2020-04-23,19,263,2021-11-12,0
2020-04-24,23,286,2021-11-12,0
2020-04-25,18,304,2021-11-12,0
2020-04-26,17,321,2021-11-12,0
2020-04-27,21,342,2021-11-12,0
2020-04-28,16,358,2021-11-12,0
2020-04-29,29,387,2021-11-12,0
2020-04-30,18,405,2021-11-12,0
2020-05-01,30,435,2021-11-12,0
2020-05-02,19,454,2021-11-12,0
2020-05-03,29,483,2021-11-12,0
2020-05-04,23,506,2021-11-12,0
2020-05-05,19,525,2021-11-12,0
2020-05-06,25,550,2021-11-12,0
2020-05-07,30,580,2021-11-12,0
2020-05-08,20,600,2021-11-12,0
2020-05-09,26,626,2021-11-12,0
2020-05-10,19,645,2021-11-12,0
2020-05-11,25,670,2021-11-12,0
2020-05-12,20,690,2021-11-12,0
2020-05-13,22,712,2021-11-12,0
2020-05-14,20,732,2021-11-12,0
2020-05-15,20,752,2021-11-12,0
2020-05-16,20,772,2021-11-12,0
2020-05-17,23,795,2021-11-12,0
2020-05-18,18,813,2021-11-12,0
2020-05-19,35,848,2021-11-12,0
2020-05-20,24,872,2021-11-12,0
2020-05-21,17,889,2021-11-12,0
2020-05-22,20,909,2021-11-12,0
2020-05-23,26,935,2021-11-12,0
2020-05-24,25,960,2021-11-12,0
2020-05-25,30,990,2021-11-12,0
2020-05-26,29,1019,2021-11-12,0
2020-05-27,25,1044,2021-11-12,0
2020-05-28,21,1065,2021-11-12,0
2020-05-29,17,1082,2021-11-12,0
2020-05-30,11,1093,2021-11-12,0
2020-05-31,20,1113,2021-11-12,0
2020-06-01,23,1136,2021-11-12,0
2020-06-02,21,1157,2021-11-12,0
2020-06-03,25,1182,2021-11-12,0
2020-06-04,26,1208,2021-11-12,0
2020-06-05,18,1226,2021-11-12,0
2020-06-06,12,1238,2021-11-12,0
2020-06-07,22,1260,2021-11-12,0
2020-06-08,12,1272,2021-11-12,0
2020-06-09,13,1285,2021-11-12,0
2020-06-10,10,1295,2021-11-12,0
2020-06-11,12,1307,2021-11-12,0
2020-06-12,11,1318,2021-11-12,0
2020-06-13,13,1331,2021-11-12,0
2020-06-14,11,1342,2021-11-12,0
2020-06-15,8,1350,2021-11-12,0
2020-06-16,9,1359,2021-11-12,0
2020-06-17,17,1376,2021-11-12,0
2020-06-18,9,1385,2021-11-12,0
2020-06-19,8,1393,2021-11-12,0
2020-06-20,12,1405,2021-11-12,0
2020-06-21,11,1416,2021-11-12,0
2020-06-22,6,1422,2021-11-12,0
2020-06-23,10,1432,2021-11-12,0
2020-06-24,1,1433,2021-11-12,0
2020-06-25,9,1442,2021-11-12,0
2020-06-26,6,1448,2021-11-12,0
2020-06-27,5,1453,2021-11-12,0
2020-06-28,11,1464,2021-11-12,0
2020-06-29,7,1471,2021-11-12,0
2020-06-30,9,1480,2021-11-12,0
2020-07-01,2,1482,2021-11-12,0
2020-07-02,3,1485,2021-11-12,0
2020-07-03,5,1490,2021-11-12,0
2020-07-04,4,1494,2021-11-12,0
2020-07-05,6,1500,2021-11-12,0
2020-07-06,4,1504,2021-11-12,0
2020-07-07,2,1506,2021-11-12,0
2020-07-08,9,1515,2021-11-12,0
2020-07-09,4,1519,2021-11-12,0
2020-07-10,3,1522,2021-11-12,0
2020-07-11,4,1526,2021-11-12,0
2020-07-12,6,1532,2021-11-12,0
2020-07-13,2,1534,2021-11-12,0
2020-07-14,6,1540,2021-11-12,0
2020-07-15,7,1547,2021-11-12,0
2020-07-16,3,1550,2021-11-12,0
2020-07-17,7,1557,2021-11-12,0
2020-07-18,6,1563,2021-11-12,0
2020-07-19,5,1568,2021-11-12,0
2020-07-20,3,1571,2021-11-12,0
2020-07-21,6,1577,2021-11-12,0
2020-07-22,5,1582,2021-11-12,0
2020-07-23,8,1590,2021-11-12,0
2020-07-24,6,1596,2021-11-12,0
2020-07-25,2,1598,2021-11-12,0
2020-07-26,5,1603,2021-11-12,0
2020-07-27,5,1608,2021-11-12,0
2020-07-28,7,1615,2021-11-12,0
2020-07-29,3,1618,2021-11-12,0
2020-07-30,6,1624,2021-11-12,0
2020-07-31,9,1633,2021-11-12,0
2020-08-01,4,1637,2021-11-12,0
2020-08-02,7,1644,2021-11-12,0
2020-08-03,4,1648,2021-11-12,0
2020-08-04,7,1655,2021-11-12,0
2020-08-05,8,1663,2021-11-12,0
2020-08-06,9,1672,2021-11-12,0
2020-08-07,7,1679,2021-11-12,0
2020-08-08,6,1685,2021-11-12,0
2020-08-09,10,1695,2021-11-12,0
2020-08-10,3,1698,2021-11-12,0
2020-08-11,9,1707,2021-11-12,0
2020-08-12,7,1714,2021-11-12,0
2020-08-13,5,1719,2021-11-12,0
2020-08-14,9,1728,2021-11-12,0
2020-08-15,13,1741,2021-11-12,0
2020-08-16,13,1754,2021-11-12,0
2020-08-17,6,1760,2021-11-12,0
2020-08-18,11,1771,2021-11-12,0
2020-08-19,3,1774,2021-11-12,0
2020-08-20,10,1784,2021-11-12,0
2020-08-21,12,1796,2021-11-12,0
2020-08-22,9,1805,2021-11-12,0
2020-08-23,7,1812,2021-11-12,0
2020-08-24,9,1821,2021-11-12,0
2020-08-25,4,1825,2021-11-12,0
2020-08-26,3,1828,2021-11-12,0
2020-08-27,7,1835,2021-11-12,0
2020-08-28,6,1841,2021-11-12,0
2020-08-29,3,1844,2021-11-12,0
2020-08-30,5,1849,2021-11-12,0
2020-08-31,9,1858,2021-11-12,0
2020-09-01,2,1860,2021-11-12,0
2020-09-02,7,1867,2021-11-12,0
2020-09-03,12,1879,2021-11-12,0
2020-09-04,4,1883,2021-11-12,0
2020-09-05,6,1889,2021-11-12,0
2020-09-06,12,1901,2021-11-12,0
2020-09-07,3,1904,2021-11-12,0
2020-09-08,6,1910,2021-11-12,0
2020-09-09,10,1920,2021-11-12,0
2020-09-10,9,1929,2021-11-12,0
2020-09-11,11,1940,2021-11-12,0
2020-09-12,8,1948,2021-11-12,0
2020-09-13,8,1956,2021-11-12,0
2020-09-14,2,1958,2021-11-12,0
2020-09-15,7,1965,2021-11-12,0
2020-09-16,9,1974,2021-11-12,0
2020-09-17,5,1979,2021-11-12,0
2020-09-18,6,1985,2021-11-12,0
2020-09-19,4,1989,2021-11-12,0
2020-09-20,9,1998,2021-11-12,0
2020-09-21,7,2005,2021-11-12,0
2020-09-22,8,2013,2021-11-12,0
2020-09-23,9,2022,2021-11-12,0
2020-09-24,8,2030,2021-11-12,0
2020-09-25,11,2041,2021-11-12,0
2020-09-26,9,2050,2021-11-12,0
2020-09-27,14,2064,2021-11-12,0
2020-09-28,11,2075,2021-11-12,0
2020-09-29,5,2080,2021-11-12,0
2020-09-30,16,2096,2021-11-12,0
2020-10-01,7,2103,2021-11-12,0
2020-10-02,13,2116,2021-11-12,0
2020-10-03,9,2125,2021-11-12,0
2020-10-04,7,2132,2021-11-12,0
2020-10-05,10,2142,2021-11-12,0
2020-10-06,13,2155,2021-11-12,0
2020-10-07,19,2174,2021-11-12,0
2020-10-08,9,2183,2021-11-12,0
2020-10-09,17,2200,2021-11-12,0
2020-10-10,16,2216,2021-11-12,0
2020-10-11,16,2232,2021-11-12,0
2020-10-12,20,2252,2021-11-12,0
2020-10-13,14,2266,2021-11-12,0
2020-10-14,10,2276,2021-11-12,0
2020-10-15,9,2285,2021-11-12,0
2020-10-16,12,2297,2021-11-12,0
2020-10-17,18,2315,2021-11-12,0
2020-10-18,25,2340,2021-11-12,0
2020-10-19,18,2358,2021-11-12,0
2020-10-20,15,2373,2021-11-12,0
2020-10-21,24,2397,2021-11-12,0
2020-10-22,18,2415,2021-11-12,0
2020-10-23,19,2434,2021-11-12,0
2020-10-24,8,2442,2021-11-12,0
2020-10-25,17,2459,2021-11-12,0
2020-10-26,25,2484,2021-11-12,0
2020-10-27,23,2507,2021-11-12,0
2020-10-28,29,2536,2021-11-12,0
2020-10-29,18,2554,2021-11-12,0
2020-10-30,27,2581,2021-11-12,0
2020-10-31,25,2606,2021-11-12,0
2020-11-01,21,2627,2021-11-12,0
2020-11-02,25,2652,2021-11-12,0
2020-11-03,25,2677,2021-11-12,0
2020-11-04,33,2710,2021-11-12,0
2020-11-05,38,2748,2021-11-12,0
2020-11-06,39,2787,2021-11-12,0
2020-11-07,42,2829,2021-11-12,0
2020-11-08,47,2876,2021-11-12,0
2020-11-09,36,2912,2021-11-12,0
2020-11-10,35,2947,2021-11-12,0
2020-11-11,43,2990,2021-11-12,0
2020-11-12,45,3035,2021-11-12,0
2020-11-13,40,3075,2021-11-12,0
2020-11-14,47,3122,2021-11-12,0
2020-11-15,46,3168,2021-11-12,0
2020-11-16,62,3230,2021-11-12,0
2020-11-17,56,3286,2021-11-12,0
2020-11-18,61,3347,2021-11-12,0
2020-11-19,60,3407,2021-11-12,0
2020-11-20,63,3470,2021-11-12,0
2020-11-21,58,3528,2021-11-12,0
2020-11-22,67,3595,2021-11-12,0
2020-11-23,59,3654,2021-11-12,0
2020-11-24,69,3723,2021-11-12,0
2020-11-25,72,3795,2021-11-12,0
2020-11-26,54,3849,2021-11-12,0
2020-11-27,69,3918,2021-11-12,0
2020-11-28,62,3980,2021-11-12,0
2020-11-29,68,4048,2021-11-12,0
2020-11-30,61,4109,2021-11-12,0
2020-12-01,64,4173,2021-11-12,0
2020-12-02,73,4246,2021-11-12,0
2020-12-03,86,4332,2021-11-12,0
2020-12-04,67,4399,2021-11-12,0
2020-12-05,74,4473,2021-11-12,0
2020-12-06,80,4553,2021-11-12,0
2020-12-07,75,4628,2021-11-12,0
2020-12-08,61,4689,2021-11-12,0
2020-12-09,71,4760,2021-11-12,0
2020-12-10,72,4832,2021-11-12,0
2020-12-11,71,4903,2021-11-12,0
2020-12-12,72,4975,2021-11-12,0
2020-12-13,56,5031,2021-11-12,0
2020-12-14,43,5074,2021-11-12,0
2020-12-15,65,5139,2021-11-12,0
2020-12-16,73,5212,2021-11-12,0
2020-12-17,60,5272,2021-11-12,0
2020-12-18,59,5331,2021-11-12,0
2020-12-19,56,5387,2021-11-12,0
2020-12-20,61,5448,2021-11-12,0
2020-12-21,58,5506,2021-11-12,0
2020-12-22,33,5539,2021-11-12,0
2020-12-23,46,5585,2021-11-12,0
2020-12-24,50,5635,2021-11-12,0
2020-12-25,36,5671,2021-11-12,0
2020-12-26,43,5714,2021-11-12,0
2020-12-27,41,5755,2021-11-12,0
2020-12-28,34,5789,2021-11-12,0
2020-12-29,37,5826,2021-11-12,0
2020-12-30,47,5873,2021-11-12,0
2020-12-31,36,5909,2021-11-12,0
2021-01-01,28,5937,2021-11-12,0
2021-01-02,47,5984,2021-11-12,0
2021-01-03,37,6021,2021-11-12,0
2021-01-04,32,6053,2021-11-12,0
2021-01-05,40,6093,2021-11-12,0
2021-01-06,32,6125,2021-11-12,0
2021-01-07,37,6162,2021-11-12,0
2021-01-08,32,6194,2021-11-12,0
2021-01-09,26,6220,2021-11-12,0
2021-01-10,29,6249,2021-11-12,0
2021-01-11,26,6275,2021-11-12,0
2021-01-12,32,6307,2021-11-12,0
2021-01-13,23,6330,2021-11-12,0
2021-01-14,41,6371,2021-11-12,0
2021-01-15,26,6397,2021-11-12,0
2021-01-16,30,6427,2021-11-12,0
2021-01-17,21,6448,2021-11-12,0
2021-01-18,19,6467,2021-11-12,0
2021-01-19,14,6481,2021-11-12,0
2021-01-20,26,6507,2021-11-12,0
2021-01-21,16,6523,2021-11-12,0
2021-01-22,13,6536,2021-11-12,0
2021-01-23,17,6553,2021-11-12,0
2021-01-24,24,6577,2021-11-12,0
2021-01-25,19,6596,2021-11-12,0
2021-01-26,21,6617,2021-11-12,0
2021-01-27,11,6628,2021-11-12,0
2021-01-28,12,6640,2021-11-12,0
2021-01-29,15,6655,2021-11-12,0
2021-01-30,13,6668,2021-11-12,0
2021-01-31,16,6684,2021-11-12,0
2021-02-01,17,6701,2021-11-12,0
2021-02-02,10,6711,2021-11-12,0
2021-02-03,11,6722,2021-11-12,0
2021-02-04,11,6733,2021-11-12,0
2021-02-05,12,6745,2021-11-12,0
2021-02-06,12,6757,2021-11-12,0
2021-02-07,19,6776,2021-11-12,0
2021-02-08,11,6787,2021-11-12,0
2021-02-09,15,6802,2021-11-12,0
2021-02-10,14,6816,2021-11-12,0
2021-02-11,7,6823,2021-11-12,0
2021-02-12,13,6836,2021-11-12,0
2021-02-13,8,6844,2021-11-12,0
2021-02-14,10,6854,2021-11-12,0
2021-02-15,9,6863,2021-11-12,0
2021-02-16,12,6875,2021-11-12,0
2021-02-17,10,6885,2021-11-12,0
2021-02-18,7,6892,2021-11-12,0
2021-02-19,6,6898,2021-11-12,0
2021-02-20,7,6905,2021-11-12,0
2021-02-21,4,6909,2021-11-12,0
2021-02-22,5,6914,2021-11-12,0
2021-02-23,9,6923,2021-11-12,0
2021-02-24,5,6928,2021-11-12,0
2021-02-25,5,6933,2021-11-12,0
2021-02-26,7,6940,2021-11-12,0
2021-02-27,6,6946,2021-11-12,0
2021-02-28,8,6954,2021-11-12,0
2021-03-01,7,6961,2021-11-12,0
2021-03-02,3,6964,2021-11-12,0
2021-03-03,10,6974,2021-11-12,0
2021-03-04,6,6980,2021-11-12,0
2021-03-05,10,6990,2021-11-12,0
2021-03-06,5,6995,2021-11-12,0
2021-03-07,9,7004,2021-11-12,0
2021-03-08,5,7009,2021-11-12,0
2021-03-09,7,7016,2021-11-12,0
2021-03-10,5,7021,2021-11-12,0
2021-03-11,4,7025,2021-11-12,0
2021-03-12,11,7036,2021-11-12,0
2021-03-13,5,7041,2021-11-12,0
2021-03-14,5,7046,2021-11-12,0
2021-03-15,2,7048,2021-11-12,0
2021-03-16,6,7054,2021-11-12,0
2021-03-17,4,7058,2021-11-12,0
2021-03-18,5,7063,2021-11-12,0
2021-03-19,5,7068,2021-11-12,0
2021-03-20,9,7077,2021-11-12,0
2021-03-21,5,7082,2021-11-12,0
2021-03-22,4,7086,2021-11-12,0
2021-03-23,5,7091,2021-11-12,0
2021-03-24,1,7092,2021-11-12,0
2021-03-25,5,7097,2021-11-12,0
2021-03-26,3,7100,2021-11-12,0
2021-03-27,7,7107,2021-11-12,0
2021-03-28,6,7113,2021-11-12,0
2021-03-29,5,7118,2021-11-12,0
2021-03-30,6,7124,2021-11-12,0
2021-03-31,8,7132,2021-11-12,0
2021-04-01,6,7138,2021-11-12,0
2021-04-02,9,7147,2021-11-12,0
2021-04-03,8,7155,2021-11-12,0
2021-04-04,6,7161,2021-11-12,0
2021-04-05,8,7169,2021-11-12,0
2021-04-06,7,7176,2021-11-12,0
2021-04-07,6,7182,2021-11-12,0
2021-04-08,10,7192,2021-11-12,0
2021-04-09,7,7199,2021-11-12,0
2021-04-10,7,7206,2021-11-12,0
2021-04-11,8,7214,2021-11-12,0
2021-04-12,10,7224,2021-11-12,0
2021-04-13,7,7231,2021-11-12,0
2021-04-14,8,7239,2021-11-12,0
2021-04-15,14,7253,2021-11-12,0
2021-04-16,8,7261,2021-11-12,0
2021-04-17,8,7269,2021-11-12,0
2021-04-18,8,7277,2021-11-12,0
2021-04-19,10,7287,2021-11-12,0
2021-04-20,5,7292,2021-11-12,0
2021-04-21,8,7300,2021-11-12,0
2021-04-22,2,7302,2021-11-12,0
2021-04-23,15,7317,2021-11-12,0
2021-04-24,11,7328,2021-11-12,0
2021-04-25,15,7343,2021-11-12,0
2021-04-26,15,7358,2021-11-12,0
2021-04-27,7,7365,2021-11-12,0
2021-04-28,14,7379,2021-11-12,0
2021-04-29,8,7387,2021-11-12,0
2021-04-30,11,7398,2021-11-12,0
2021-05-01,7,7405,2021-11-12,0
2021-05-02,8,7413,2021-11-12,0
2021-05-03,5,7418,2021-11-12,0
2021-05-04,13,7431,2021-11-12,0
2021-05-05,8,7439,2021-11-12,0
2021-05-06,5,7444,2021-11-12,0
2021-05-07,8,7452,2021-11-12,0
2021-05-08,7,7459,2021-11-12,0
2021-05-09,9,7468,2021-11-12,0
2021-05-10,8,7476,2021-11-12,0
2021-05-11,6,7482,2021-11-12,0
2021-05-12,9,7491,2021-11-12,0
2021-05-13,9,7500,2021-11-12,0
2021-05-14,11,7511,2021-11-12,0
2021-05-15,10,7521,2021-11-12,0
2021-05-16,6,7527,2021-11-12,0
2021-05-17,6,7533,2021-11-12,0
2021-05-18,7,7540,2021-11-12,0
2021-05-19,2,7542,2021-11-12,0
2021-05-20,5,7547,2021-11-12,0
2021-05-21,7,7554,2021-11-12,0
2021-05-22,11,7565,2021-11-12,0
2021-05-23,5,7570,2021-11-12,0
2021-05-24,5,7575,2021-11-12,0
2021-05-25,6,7581,2021-11-12,0
2021-05-26,3,7584,2021-11-12,0
2021-05-27,7,7591,2021-11-12,0
2021-05-28,2,7593,2021-11-12,0
2021-05-29,6,7599,2021-11-12,0
2021-05-30,4,7603,2021-11-12,0
2021-05-31,3,7606,2021-11-12,0
2021-06-01,5,7611,2021-11-12,0
2021-06-02,8,7619,2021-11-12,0
2021-06-03,4,7623,2021-11-12,0
2021-06-04,4,7627,2021-11-12,0
2021-06-05,2,7629,2021-11-12,0
2021-06-06,5,7634,2021-11-12,0
2021-06-07,3,7637,2021-11-12,0
2021-06-08,5,7642,2021-11-12,0
2021-06-09,4,7646,2021-11-12,0
2021-06-10,6,7652,2021-11-12,0
2021-06-11,6,7658,2021-11-12,0
2021-06-12,4,7662,2021-11-12,0
2021-06-13,4,7666,2021-11-12,0
2021-06-14,3,7669,2021-11-12,0
2021-06-15,2,7671,2021-11-12,0
2021-06-16,2,7673,2021-11-12,0
2021-06-17,4,7677,2021-11-12,0
2021-06-18,1,7678,2021-11-12,0
2021-06-19,6,7684,2021-11-12,0
2021-06-20,1,7685,2021-11-12,0
2021-06-21,5,7690,2021-11-12,0
2021-06-22,3,7693,2021-11-12,0
2021-06-23,4,7697,2021-11-12,0
2021-06-24,3,7700,2021-11-12,0
2021-06-25,3,7703,2021-11-12,0
2021-06-26,4,7707,2021-11-12,0
2021-06-27,2,7709,2021-11-12,0
2021-06-28,2,7711,2021-11-12,0
2021-06-29,2,7713,2021-11-12,0
2021-06-30,2,7715,2021-11-12,0
2021-07-01,0,7715,2021-11-12,0
2021-07-02,2,7717,2021-11-12,0
2021-07-03,2,7719,2021-11-12,0
2021-07-04,3,7722,2021-11-12,0
2021-07-05,1,7723,2021-11-12,0
2021-07-06,4,7727,2021-11-12,0
2021-07-07,1,7728,2021-11-12,0
2021-07-08,1,7729,2021-11-12,0
2021-07-09,0,7729,2021-11-12,0
2021-07-10,1,7730,2021-11-12,0
2021-07-11,3,7733,2021-11-12,0
2021-07-12,1,7734,2021-11-12,0
2021-07-13,2,7736,2021-11-12,0
2021-07-14,2,7738,2021-11-12,0
2021-07-15,2,7740,2021-11-12,0
2021-07-16,1,7741,2021-11-12,0
2021-07-17,1,7742,2021-11-12,0
2021-07-18,0,7742,2021-11-12,0
2021-07-19,0,7742,2021-11-12,0
2021-07-20,2,7744,2021-11-12,0
2021-07-21,2,7746,2021-11-12,0
2021-07-22,2,7748,2021-11-12,0
2021-07-23,3,7751,2021-11-12,0
2021-07-24,0,7751,2021-11-12,0
2021-07-25,2,7753,2021-11-12,0
2021-07-26,1,7754,2021-11-12,0
2021-07-27,2,7756,2021-11-12,0
2021-07-28,3,7759,2021-11-12,0
2021-07-29,2,7761,2021-11-12,0
2021-07-30,5,7766,2021-11-12,0
2021-07-31,4,7770,2021-11-12,0
2021-08-01,1,7771,2021-11-12,0
2021-08-02,3,7774,2021-11-12,0
2021-08-03,2,7776,2021-11-12,0
2021-08-04,3,7779,2021-11-12,0
2021-08-05,2,7781,2021-11-12,0
2021-08-06,7,7788,2021-11-12,0
2021-08-07,3,7791,2021-11-12,0
2021-08-08,2,7793,2021-11-12,0
2021-08-09,3,7796,2021-11-12,0
2021-08-10,2,7798,2021-11-12,0
2021-08-11,2,7800,2021-11-12,0
2021-08-12,7,7807,2021-11-12,0
2021-08-13,5,7812,2021-11-12,0
2021-08-14,6,7818,2021-11-12,0
2021-08-15,0,7818,2021-11-12,0
2021-08-16,7,7825,2021-11-12,0
2021-08-17,7,7832,2021-11-12,0
2021-08-18,9,7841,2021-11-12,0
2021-08-19,2,7843,2021-11-12,0
2021-08-20,3,7846,2021-11-12,0
2021-08-21,5,7851,2021-11-12,0
2021-08-22,7,7858,2021-11-12,0
2021-08-23,5,7863,2021-11-12,0
2021-08-24,12,7875,2021-11-12,0
2021-08-25,7,7882,2021-11-12,0
2021-08-26,2,7884,2021-11-12,0
2021-08-27,6,7890,2021-11-12,0
2021-08-28,11,7901,2021-11-12,0
2021-08-29,11,7912,2021-11-12,0
2021-08-30,8,7920,2021-11-12,0
2021-08-31,6,7926,2021-11-12,0
2021-09-01,6,7932,2021-11-12,0
2021-09-02,6,7938,2021-11-12,0
2021-09-03,9,7947,2021-11-12,0
2021-09-04,9,7956,2021-11-12,0
2021-09-05,10,7966,2021-11-12,0
2021-09-06,8,7974,2021-11-12,0
2021-09-07,7,7981,2021-11-12,0
2021-09-08,11,7992,2021-11-12,0
2021-09-09,5,7997,2021-11-12,0
2021-09-10,9,8006,2021-11-12,0
2021-09-11,17,8023,2021-11-12,0
2021-09-12,10,8033,2021-11-12,0
2021-09-13,7,8040,2021-11-12,0
2021-09-14,11,8051,2021-11-12,0
2021-09-15,14,8065,2021-11-12,0
2021-09-16,16,8081,2021-11-12,0
2021-09-17,8,8089,2021-11-12,0
2021-09-18,13,8102,2021-11-12,0
2021-09-19,11,8113,2021-11-12,0
2021-09-20,15,8128,2021-11-12,0
2021-09-21,15,8143,2021-11-12,0
2021-09-22,17,8160,2021-11-12,0
2021-09-23,13,8173,2021-11-12,0
2021-09-24,12,8185,2021-11-12,0
2021-09-25,16,8201,2021-11-12,0
2021-09-26,14,8215,2021-11-12,0
2021-09-27,15,8230,2021-11-12,0
2021-09-28,10,8240,2021-11-12,0
2021-09-29,19,8259,2021-11-12,0
2021-09-30,17,8276,2021-11-12,0
2021-10-01,13,8289,2021-11-12,0
2021-10-02,13,8302,2021-11-12,0
2021-10-03,23,8325,2021-11-12,0
2021-10-04,13,8338,2021-11-12,0
2021-10-05,23,8361,2021-11-12,0
2021-10-06,20,8381,2021-11-12,0
2021-10-07,13,8394,2021-11-12,0
2021-10-08,22,8416,2021-11-12,0
2021-10-09,20,8436,2021-11-12,0
2021-10-10,13,8449,2021-11-12,0
2021-10-11,11,8460,2021-11-12,0
2021-10-12,25,8485,2021-11-12,0
2021-10-13,20,8505,2021-11-12,0
2021-10-14,20,8525,2021-11-12,0
2021-10-15,14,8539,2021-11-12,0
2021-10-16,19,8558,2021-11-12,0
2021-10-17,17,8575,2021-11-12,0
2021-10-18,16,8591,2021-11-12,0
2021-10-19,25,8616,2021-11-12,0
2021-10-20,15,8631,2021-11-12,0
2021-10-21,7,8638,2021-11-12,0
2021-10-22,23,8661,2021-11-12,0
2021-10-23,24,8685,2021-11-12,1
2021-10-24,23,8708,2021-11-12,0
2021-10-25,19,8727,2021-11-12,0
2021-10-26,21,8748,2021-11-12,0
2021-10-27,14,8762,2021-11-12,0
2021-10-28,22,8784,2021-11-12,0
2021-10-29,18,8802,2021-11-12,0
2021-10-30,18,8820,2021-11-12,1
2021-10-31,23,8843,2021-11-12,1
2021-11-01,17,8860,2021-11-12,0
2021-11-02,18,8878,2021-11-12,0
2021-11-03,23,8901,2021-11-12,4
2021-11-04,23,8924,2021-11-12,0
2021-11-05,22,8946,2021-11-12,6
2021-11-06,13,8959,2021-11-12,1
2021-11-07,18,8977,2021-11-12,3
2021-11-08,16,8993,2021-11-12,8
2021-11-09,3,8996,2021-11-12,3
NA,0,8996,2021-11-12,0
2020-03-19,1,1,2021-11-15,0
2020-03-20,0,1,2021-11-15,0
2020-03-21,0,1,2021-11-15,0
2020-03-22,0,1,2021-11-15,0
2020-03-23,0,1,2021-11-15,0
2020-03-24,1,2,2021-11-15,0
2020-03-25,1,3,2021-11-15,0
2020-03-26,1,4,2021-11-15,0
2020-03-27,5,9,2021-11-15,0
2020-03-28,3,12,2021-11-15,0
2020-03-29,0,12,2021-11-15,0
2020-03-30,5,17,2021-11-15,0
2020-03-31,2,19,2021-11-15,0
2020-04-01,5,24,2021-11-15,0
2020-04-02,3,27,2021-11-15,0
2020-04-03,1,28,2021-11-15,0
2020-04-04,5,33,2021-11-15,0
2020-04-05,5,38,2021-11-15,0
2020-04-06,10,48,2021-11-15,0
2020-04-07,6,54,2021-11-15,0
2020-04-08,7,61,2021-11-15,0
2020-04-09,8,69,2021-11-15,0
2020-04-10,6,75,2021-11-15,0
2020-04-11,4,79,2021-11-15,0
2020-04-12,4,83,2021-11-15,0
2020-04-13,10,93,2021-11-15,0
2020-04-14,6,99,2021-11-15,0
2020-04-15,17,116,2021-11-15,0
2020-04-16,10,126,2021-11-15,0
2020-04-17,17,143,2021-11-15,0
2020-04-18,17,160,2021-11-15,0
2020-04-19,16,176,2021-11-15,0
2020-04-20,21,197,2021-11-15,0
2020-04-21,26,223,2021-11-15,0
2020-04-22,21,244,2021-11-15,0
2020-04-23,19,263,2021-11-15,0
2020-04-24,23,286,2021-11-15,0
2020-04-25,18,304,2021-11-15,0
2020-04-26,17,321,2021-11-15,0
2020-04-27,21,342,2021-11-15,0
2020-04-28,16,358,2021-11-15,0
2020-04-29,29,387,2021-11-15,0
2020-04-30,18,405,2021-11-15,0
2020-05-01,30,435,2021-11-15,0
2020-05-02,19,454,2021-11-15,0
2020-05-03,29,483,2021-11-15,0
2020-05-04,23,506,2021-11-15,0
2020-05-05,19,525,2021-11-15,0
2020-05-06,25,550,2021-11-15,0
2020-05-07,30,580,2021-11-15,0
2020-05-08,20,600,2021-11-15,0
2020-05-09,26,626,2021-11-15,0
2020-05-10,19,645,2021-11-15,0
2020-05-11,25,670,2021-11-15,0
2020-05-12,20,690,2021-11-15,0
2020-05-13,22,712,2021-11-15,0
2020-05-14,20,732,2021-11-15,0
2020-05-15,20,752,2021-11-15,0
2020-05-16,20,772,2021-11-15,0
2020-05-17,23,795,2021-11-15,0
2020-05-18,18,813,2021-11-15,0
2020-05-19,35,848,2021-11-15,0
2020-05-20,24,872,2021-11-15,0
2020-05-21,17,889,2021-11-15,0
2020-05-22,20,909,2021-11-15,0
2020-05-23,26,935,2021-11-15,0
2020-05-24,25,960,2021-11-15,0
2020-05-25,30,990,2021-11-15,0
2020-05-26,29,1019,2021-11-15,0
2020-05-27,25,1044,2021-11-15,0
2020-05-28,21,1065,2021-11-15,0
2020-05-29,17,1082,2021-11-15,0
2020-05-30,11,1093,2021-11-15,0
2020-05-31,20,1113,2021-11-15,0
2020-06-01,23,1136,2021-11-15,0
2020-06-02,21,1157,2021-11-15,0
2020-06-03,25,1182,2021-11-15,0
2020-06-04,26,1208,2021-11-15,0
2020-06-05,18,1226,2021-11-15,0
2020-06-06,12,1238,2021-11-15,0
2020-06-07,22,1260,2021-11-15,0
2020-06-08,12,1272,2021-11-15,0
2020-06-09,13,1285,2021-11-15,0
2020-06-10,10,1295,2021-11-15,0
2020-06-11,12,1307,2021-11-15,0
2020-06-12,11,1318,2021-11-15,0
2020-06-13,13,1331,2021-11-15,0
2020-06-14,11,1342,2021-11-15,0
2020-06-15,8,1350,2021-11-15,0
2020-06-16,9,1359,2021-11-15,0
2020-06-17,17,1376,2021-11-15,0
2020-06-18,9,1385,2021-11-15,0
2020-06-19,8,1393,2021-11-15,0
2020-06-20,12,1405,2021-11-15,0
2020-06-21,11,1416,2021-11-15,0
2020-06-22,6,1422,2021-11-15,0
2020-06-23,10,1432,2021-11-15,0
2020-06-24,1,1433,2021-11-15,0
2020-06-25,9,1442,2021-11-15,0
2020-06-26,6,1448,2021-11-15,0
2020-06-27,5,1453,2021-11-15,0
2020-06-28,11,1464,2021-11-15,0
2020-06-29,7,1471,2021-11-15,0
2020-06-30,9,1480,2021-11-15,0
2020-07-01,2,1482,2021-11-15,0
2020-07-02,3,1485,2021-11-15,0
2020-07-03,5,1490,2021-11-15,0
2020-07-04,4,1494,2021-11-15,0
2020-07-05,6,1500,2021-11-15,0
2020-07-06,4,1504,2021-11-15,0
2020-07-07,2,1506,2021-11-15,0
2020-07-08,9,1515,2021-11-15,0
2020-07-09,4,1519,2021-11-15,0
2020-07-10,3,1522,2021-11-15,0
2020-07-11,4,1526,2021-11-15,0
2020-07-12,6,1532,2021-11-15,0
2020-07-13,2,1534,2021-11-15,0
2020-07-14,6,1540,2021-11-15,0
2020-07-15,7,1547,2021-11-15,0
2020-07-16,3,1550,2021-11-15,0
2020-07-17,7,1557,2021-11-15,0
2020-07-18,6,1563,2021-11-15,0
2020-07-19,5,1568,2021-11-15,0
2020-07-20,3,1571,2021-11-15,0
2020-07-21,6,1577,2021-11-15,0
2020-07-22,5,1582,2021-11-15,0
2020-07-23,8,1590,2021-11-15,0
2020-07-24,6,1596,2021-11-15,0
2020-07-25,2,1598,2021-11-15,0
2020-07-26,5,1603,2021-11-15,0
2020-07-27,5,1608,2021-11-15,0
2020-07-28,7,1615,2021-11-15,0
2020-07-29,3,1618,2021-11-15,0
2020-07-30,6,1624,2021-11-15,0
2020-07-31,9,1633,2021-11-15,0
2020-08-01,4,1637,2021-11-15,0
2020-08-02,7,1644,2021-11-15,0
2020-08-03,4,1648,2021-11-15,0
2020-08-04,7,1655,2021-11-15,0
2020-08-05,8,1663,2021-11-15,0
2020-08-06,9,1672,2021-11-15,0
2020-08-07,7,1679,2021-11-15,0
2020-08-08,6,1685,2021-11-15,0
2020-08-09,10,1695,2021-11-15,0
2020-08-10,3,1698,2021-11-15,0
2020-08-11,9,1707,2021-11-15,0
2020-08-12,7,1714,2021-11-15,0
2020-08-13,5,1719,2021-11-15,0
2020-08-14,9,1728,2021-11-15,0
2020-08-15,13,1741,2021-11-15,0
2020-08-16,13,1754,2021-11-15,0
2020-08-17,6,1760,2021-11-15,0
2020-08-18,11,1771,2021-11-15,0
2020-08-19,3,1774,2021-11-15,0
2020-08-20,10,1784,2021-11-15,0
2020-08-21,12,1796,2021-11-15,0
2020-08-22,9,1805,2021-11-15,0
2020-08-23,7,1812,2021-11-15,0
2020-08-24,9,1821,2021-11-15,0
2020-08-25,4,1825,2021-11-15,0
2020-08-26,3,1828,2021-11-15,0
2020-08-27,7,1835,2021-11-15,0
2020-08-28,6,1841,2021-11-15,0
2020-08-29,3,1844,2021-11-15,0
2020-08-30,5,1849,2021-11-15,0
2020-08-31,9,1858,2021-11-15,0
2020-09-01,2,1860,2021-11-15,0
2020-09-02,7,1867,2021-11-15,0
2020-09-03,12,1879,2021-11-15,0
2020-09-04,4,1883,2021-11-15,0
2020-09-05,6,1889,2021-11-15,0
2020-09-06,12,1901,2021-11-15,0
2020-09-07,3,1904,2021-11-15,0
2020-09-08,6,1910,2021-11-15,0
2020-09-09,10,1920,2021-11-15,0
2020-09-10,9,1929,2021-11-15,0
2020-09-11,11,1940,2021-11-15,0
2020-09-12,8,1948,2021-11-15,0
2020-09-13,8,1956,2021-11-15,0
2020-09-14,2,1958,2021-11-15,0
2020-09-15,7,1965,2021-11-15,0
2020-09-16,9,1974,2021-11-15,0
2020-09-17,5,1979,2021-11-15,0
2020-09-18,6,1985,2021-11-15,0
2020-09-19,4,1989,2021-11-15,0
2020-09-20,9,1998,2021-11-15,0
2020-09-21,7,2005,2021-11-15,0
2020-09-22,8,2013,2021-11-15,0
2020-09-23,9,2022,2021-11-15,0
2020-09-24,8,2030,2021-11-15,0
2020-09-25,11,2041,2021-11-15,0
2020-09-26,9,2050,2021-11-15,0
2020-09-27,14,2064,2021-11-15,0
2020-09-28,11,2075,2021-11-15,0
2020-09-29,5,2080,2021-11-15,0
2020-09-30,16,2096,2021-11-15,0
2020-10-01,7,2103,2021-11-15,0
2020-10-02,13,2116,2021-11-15,0
2020-10-03,9,2125,2021-11-15,0
2020-10-04,7,2132,2021-11-15,0
2020-10-05,10,2142,2021-11-15,0
2020-10-06,13,2155,2021-11-15,0
2020-10-07,19,2174,2021-11-15,0
2020-10-08,9,2183,2021-11-15,0
2020-10-09,17,2200,2021-11-15,0
2020-10-10,16,2216,2021-11-15,0
2020-10-11,16,2232,2021-11-15,0
2020-10-12,20,2252,2021-11-15,0
2020-10-13,14,2266,2021-11-15,0
2020-10-14,10,2276,2021-11-15,0
2020-10-15,9,2285,2021-11-15,0
2020-10-16,12,2297,2021-11-15,0
2020-10-17,18,2315,2021-11-15,0
2020-10-18,25,2340,2021-11-15,0
2020-10-19,18,2358,2021-11-15,0
2020-10-20,15,2373,2021-11-15,0
2020-10-21,24,2397,2021-11-15,0
2020-10-22,18,2415,2021-11-15,0
2020-10-23,19,2434,2021-11-15,0
2020-10-24,8,2442,2021-11-15,0
2020-10-25,17,2459,2021-11-15,0
2020-10-26,25,2484,2021-11-15,0
2020-10-27,23,2507,2021-11-15,0
2020-10-28,29,2536,2021-11-15,0
2020-10-29,18,2554,2021-11-15,0
2020-10-30,27,2581,2021-11-15,0
2020-10-31,25,2606,2021-11-15,0
2020-11-01,21,2627,2021-11-15,0
2020-11-02,25,2652,2021-11-15,0
2020-11-03,25,2677,2021-11-15,0
2020-11-04,33,2710,2021-11-15,0
2020-11-05,38,2748,2021-11-15,0
2020-11-06,39,2787,2021-11-15,0
2020-11-07,42,2829,2021-11-15,0
2020-11-08,47,2876,2021-11-15,0
2020-11-09,36,2912,2021-11-15,0
2020-11-10,35,2947,2021-11-15,0
2020-11-11,43,2990,2021-11-15,0
2020-11-12,45,3035,2021-11-15,0
2020-11-13,40,3075,2021-11-15,0
2020-11-14,47,3122,2021-11-15,0
2020-11-15,46,3168,2021-11-15,0
2020-11-16,62,3230,2021-11-15,0
2020-11-17,56,3286,2021-11-15,0
2020-11-18,61,3347,2021-11-15,0
2020-11-19,60,3407,2021-11-15,0
2020-11-20,63,3470,2021-11-15,0
2020-11-21,58,3528,2021-11-15,0
2020-11-22,67,3595,2021-11-15,0
2020-11-23,59,3654,2021-11-15,0
2020-11-24,69,3723,2021-11-15,0
2020-11-25,72,3795,2021-11-15,0
2020-11-26,54,3849,2021-11-15,0
2020-11-27,69,3918,2021-11-15,0
2020-11-28,62,3980,2021-11-15,0
2020-11-29,68,4048,2021-11-15,0
2020-11-30,61,4109,2021-11-15,0
2020-12-01,64,4173,2021-11-15,0
2020-12-02,73,4246,2021-11-15,0
2020-12-03,86,4332,2021-11-15,0
2020-12-04,67,4399,2021-11-15,0
2020-12-05,74,4473,2021-11-15,0
2020-12-06,80,4553,2021-11-15,0
2020-12-07,75,4628,2021-11-15,0
2020-12-08,61,4689,2021-11-15,0
2020-12-09,71,4760,2021-11-15,0
2020-12-10,72,4832,2021-11-15,0
2020-12-11,71,4903,2021-11-15,0
2020-12-12,72,4975,2021-11-15,0
2020-12-13,56,5031,2021-11-15,0
2020-12-14,43,5074,2021-11-15,0
2020-12-15,65,5139,2021-11-15,0
2020-12-16,73,5212,2021-11-15,0
2020-12-17,60,5272,2021-11-15,0
2020-12-18,59,5331,2021-11-15,0
2020-12-19,56,5387,2021-11-15,0
2020-12-20,61,5448,2021-11-15,0
2020-12-21,58,5506,2021-11-15,0
2020-12-22,33,5539,2021-11-15,0
2020-12-23,46,5585,2021-11-15,0
2020-12-24,50,5635,2021-11-15,0
2020-12-25,36,5671,2021-11-15,0
2020-12-26,43,5714,2021-11-15,0
2020-12-27,41,5755,2021-11-15,0
2020-12-28,34,5789,2021-11-15,0
2020-12-29,37,5826,2021-11-15,0
2020-12-30,47,5873,2021-11-15,0
2020-12-31,36,5909,2021-11-15,0
2021-01-01,28,5937,2021-11-15,0
2021-01-02,47,5984,2021-11-15,0
2021-01-03,37,6021,2021-11-15,0
2021-01-04,32,6053,2021-11-15,0
2021-01-05,40,6093,2021-11-15,0
2021-01-06,32,6125,2021-11-15,0
2021-01-07,37,6162,2021-11-15,0
2021-01-08,32,6194,2021-11-15,0
2021-01-09,26,6220,2021-11-15,0
2021-01-10,29,6249,2021-11-15,0
2021-01-11,26,6275,2021-11-15,0
2021-01-12,32,6307,2021-11-15,0
2021-01-13,23,6330,2021-11-15,0
2021-01-14,41,6371,2021-11-15,0
2021-01-15,26,6397,2021-11-15,0
2021-01-16,30,6427,2021-11-15,0
2021-01-17,21,6448,2021-11-15,0
2021-01-18,19,6467,2021-11-15,0
2021-01-19,14,6481,2021-11-15,0
2021-01-20,26,6507,2021-11-15,0
2021-01-21,16,6523,2021-11-15,0
2021-01-22,13,6536,2021-11-15,0
2021-01-23,17,6553,2021-11-15,0
2021-01-24,24,6577,2021-11-15,0
2021-01-25,19,6596,2021-11-15,0
2021-01-26,21,6617,2021-11-15,0
2021-01-27,11,6628,2021-11-15,0
2021-01-28,12,6640,2021-11-15,0
2021-01-29,15,6655,2021-11-15,0
2021-01-30,13,6668,2021-11-15,0
2021-01-31,16,6684,2021-11-15,0
2021-02-01,17,6701,2021-11-15,0
2021-02-02,10,6711,2021-11-15,0
2021-02-03,11,6722,2021-11-15,0
2021-02-04,11,6733,2021-11-15,0
2021-02-05,12,6745,2021-11-15,0
2021-02-06,12,6757,2021-11-15,0
2021-02-07,19,6776,2021-11-15,0
2021-02-08,11,6787,2021-11-15,0
2021-02-09,15,6802,2021-11-15,0
2021-02-10,14,6816,2021-11-15,0
2021-02-11,7,6823,2021-11-15,0
2021-02-12,13,6836,2021-11-15,0
2021-02-13,8,6844,2021-11-15,0
2021-02-14,10,6854,2021-11-15,0
2021-02-15,9,6863,2021-11-15,0
2021-02-16,12,6875,2021-11-15,0
2021-02-17,10,6885,2021-11-15,0
2021-02-18,7,6892,2021-11-15,0
2021-02-19,6,6898,2021-11-15,0
2021-02-20,7,6905,2021-11-15,0
2021-02-21,4,6909,2021-11-15,0
2021-02-22,5,6914,2021-11-15,0
2021-02-23,9,6923,2021-11-15,0
2021-02-24,5,6928,2021-11-15,0
2021-02-25,5,6933,2021-11-15,0
2021-02-26,7,6940,2021-11-15,0
2021-02-27,6,6946,2021-11-15,0
2021-02-28,8,6954,2021-11-15,0
2021-03-01,7,6961,2021-11-15,0
2021-03-02,3,6964,2021-11-15,0
2021-03-03,10,6974,2021-11-15,0
2021-03-04,6,6980,2021-11-15,0
2021-03-05,10,6990,2021-11-15,0
2021-03-06,5,6995,2021-11-15,0
2021-03-07,9,7004,2021-11-15,0
2021-03-08,5,7009,2021-11-15,0
2021-03-09,7,7016,2021-11-15,0
2021-03-10,5,7021,2021-11-15,0
2021-03-11,4,7025,2021-11-15,0
2021-03-12,11,7036,2021-11-15,0
2021-03-13,5,7041,2021-11-15,0
2021-03-14,5,7046,2021-11-15,0
2021-03-15,2,7048,2021-11-15,0
2021-03-16,6,7054,2021-11-15,0
2021-03-17,4,7058,2021-11-15,0
2021-03-18,5,7063,2021-11-15,0
2021-03-19,5,7068,2021-11-15,0
2021-03-20,9,7077,2021-11-15,0
2021-03-21,5,7082,2021-11-15,0
2021-03-22,4,7086,2021-11-15,0
2021-03-23,5,7091,2021-11-15,0
2021-03-24,1,7092,2021-11-15,0
2021-03-25,5,7097,2021-11-15,0
2021-03-26,3,7100,2021-11-15,0
2021-03-27,7,7107,2021-11-15,0
2021-03-28,6,7113,2021-11-15,0
2021-03-29,5,7118,2021-11-15,0
2021-03-30,6,7124,2021-11-15,0
2021-03-31,8,7132,2021-11-15,0
2021-04-01,6,7138,2021-11-15,0
2021-04-02,9,7147,2021-11-15,0
2021-04-03,8,7155,2021-11-15,0
2021-04-04,6,7161,2021-11-15,0
2021-04-05,8,7169,2021-11-15,0
2021-04-06,7,7176,2021-11-15,0
2021-04-07,6,7182,2021-11-15,0
2021-04-08,10,7192,2021-11-15,0
2021-04-09,7,7199,2021-11-15,0
2021-04-10,7,7206,2021-11-15,0
2021-04-11,8,7214,2021-11-15,0
2021-04-12,10,7224,2021-11-15,0
2021-04-13,7,7231,2021-11-15,0
2021-04-14,8,7239,2021-11-15,0
2021-04-15,14,7253,2021-11-15,0
2021-04-16,8,7261,2021-11-15,0
2021-04-17,8,7269,2021-11-15,0
2021-04-18,8,7277,2021-11-15,0
2021-04-19,10,7287,2021-11-15,0
2021-04-20,5,7292,2021-11-15,0
2021-04-21,8,7300,2021-11-15,0
2021-04-22,2,7302,2021-11-15,0
2021-04-23,15,7317,2021-11-15,0
2021-04-24,11,7328,2021-11-15,0
2021-04-25,15,7343,2021-11-15,0
2021-04-26,15,7358,2021-11-15,0
2021-04-27,7,7365,2021-11-15,0
2021-04-28,14,7379,2021-11-15,0
2021-04-29,8,7387,2021-11-15,0
2021-04-30,11,7398,2021-11-15,0
2021-05-01,7,7405,2021-11-15,0
2021-05-02,8,7413,2021-11-15,0
2021-05-03,5,7418,2021-11-15,0
2021-05-04,13,7431,2021-11-15,0
2021-05-05,8,7439,2021-11-15,0
2021-05-06,5,7444,2021-11-15,0
2021-05-07,8,7452,2021-11-15,0
2021-05-08,7,7459,2021-11-15,0
2021-05-09,9,7468,2021-11-15,0
2021-05-10,8,7476,2021-11-15,0
2021-05-11,6,7482,2021-11-15,0
2021-05-12,9,7491,2021-11-15,0
2021-05-13,9,7500,2021-11-15,0
2021-05-14,11,7511,2021-11-15,0
2021-05-15,10,7521,2021-11-15,0
2021-05-16,6,7527,2021-11-15,0
2021-05-17,6,7533,2021-11-15,0
2021-05-18,7,7540,2021-11-15,0
2021-05-19,2,7542,2021-11-15,0
2021-05-20,5,7547,2021-11-15,0
2021-05-21,7,7554,2021-11-15,0
2021-05-22,11,7565,2021-11-15,0
2021-05-23,5,7570,2021-11-15,0
2021-05-24,5,7575,2021-11-15,0
2021-05-25,6,7581,2021-11-15,0
2021-05-26,3,7584,2021-11-15,0
2021-05-27,7,7591,2021-11-15,0
2021-05-28,2,7593,2021-11-15,0
2021-05-29,6,7599,2021-11-15,0
2021-05-30,4,7603,2021-11-15,0
2021-05-31,3,7606,2021-11-15,0
2021-06-01,5,7611,2021-11-15,0
2021-06-02,8,7619,2021-11-15,0
2021-06-03,4,7623,2021-11-15,0
2021-06-04,4,7627,2021-11-15,0
2021-06-05,2,7629,2021-11-15,0
2021-06-06,5,7634,2021-11-15,0
2021-06-07,3,7637,2021-11-15,0
2021-06-08,5,7642,2021-11-15,0
2021-06-09,4,7646,2021-11-15,0
2021-06-10,6,7652,2021-11-15,0
2021-06-11,6,7658,2021-11-15,0
2021-06-12,4,7662,2021-11-15,0
2021-06-13,4,7666,2021-11-15,0
2021-06-14,3,7669,2021-11-15,0
2021-06-15,2,7671,2021-11-15,0
2021-06-16,2,7673,2021-11-15,0
2021-06-17,4,7677,2021-11-15,0
2021-06-18,1,7678,2021-11-15,0
2021-06-19,6,7684,2021-11-15,0
2021-06-20,1,7685,2021-11-15,0
2021-06-21,5,7690,2021-11-15,0
2021-06-22,3,7693,2021-11-15,0
2021-06-23,4,7697,2021-11-15,0
2021-06-24,3,7700,2021-11-15,0
2021-06-25,3,7703,2021-11-15,0
2021-06-26,4,7707,2021-11-15,0
2021-06-27,2,7709,2021-11-15,0
2021-06-28,2,7711,2021-11-15,0
2021-06-29,2,7713,2021-11-15,0
2021-06-30,2,7715,2021-11-15,0
2021-07-01,0,7715,2021-11-15,0
2021-07-02,2,7717,2021-11-15,0
2021-07-03,2,7719,2021-11-15,0
2021-07-04,3,7722,2021-11-15,0
2021-07-05,1,7723,2021-11-15,0
2021-07-06,4,7727,2021-11-15,0
2021-07-07,1,7728,2021-11-15,0
2021-07-08,1,7729,2021-11-15,0
2021-07-09,0,7729,2021-11-15,0
2021-07-10,1,7730,2021-11-15,0
2021-07-11,3,7733,2021-11-15,0
2021-07-12,1,7734,2021-11-15,0
2021-07-13,2,7736,2021-11-15,0
2021-07-14,2,7738,2021-11-15,0
2021-07-15,2,7740,2021-11-15,0
2021-07-16,1,7741,2021-11-15,0
2021-07-17,1,7742,2021-11-15,0
2021-07-18,0,7742,2021-11-15,0
2021-07-19,0,7742,2021-11-15,0
2021-07-20,2,7744,2021-11-15,0
2021-07-21,2,7746,2021-11-15,0
2021-07-22,2,7748,2021-11-15,0
2021-07-23,3,7751,2021-11-15,0
2021-07-24,0,7751,2021-11-15,0
2021-07-25,2,7753,2021-11-15,0
2021-07-26,1,7754,2021-11-15,0
2021-07-27,2,7756,2021-11-15,0
2021-07-28,3,7759,2021-11-15,0
2021-07-29,2,7761,2021-11-15,0
2021-07-30,5,7766,2021-11-15,0
2021-07-31,4,7770,2021-11-15,0
2021-08-01,1,7771,2021-11-15,0
2021-08-02,3,7774,2021-11-15,0
2021-08-03,2,7776,2021-11-15,0
2021-08-04,3,7779,2021-11-15,0
2021-08-05,2,7781,2021-11-15,0
2021-08-06,7,7788,2021-11-15,0
2021-08-07,3,7791,2021-11-15,0
2021-08-08,2,7793,2021-11-15,0
2021-08-09,3,7796,2021-11-15,0
2021-08-10,2,7798,2021-11-15,0
2021-08-11,2,7800,2021-11-15,0
2021-08-12,7,7807,2021-11-15,0
2021-08-13,5,7812,2021-11-15,0
2021-08-14,6,7818,2021-11-15,0
2021-08-15,0,7818,2021-11-15,0
2021-08-16,7,7825,2021-11-15,0
2021-08-17,7,7832,2021-11-15,0
2021-08-18,9,7841,2021-11-15,0
2021-08-19,2,7843,2021-11-15,0
2021-08-20,3,7846,2021-11-15,0
2021-08-21,5,7851,2021-11-15,0
2021-08-22,7,7858,2021-11-15,0
2021-08-23,5,7863,2021-11-15,0
2021-08-24,12,7875,2021-11-15,0
2021-08-25,7,7882,2021-11-15,0
2021-08-26,2,7884,2021-11-15,0
2021-08-27,6,7890,2021-11-15,0
2021-08-28,11,7901,2021-11-15,0
2021-08-29,11,7912,2021-11-15,0
2021-08-30,8,7920,2021-11-15,0
2021-08-31,6,7926,2021-11-15,0
2021-09-01,6,7932,2021-11-15,0
2021-09-02,6,7938,2021-11-15,0
2021-09-03,9,7947,2021-11-15,0
2021-09-04,9,7956,2021-11-15,0
2021-09-05,10,7966,2021-11-15,0
2021-09-06,8,7974,2021-11-15,0
2021-09-07,7,7981,2021-11-15,0
2021-09-08,11,7992,2021-11-15,0
2021-09-09,5,7997,2021-11-15,0
2021-09-10,9,8006,2021-11-15,0
2021-09-11,17,8023,2021-11-15,0
2021-09-12,10,8033,2021-11-15,0
2021-09-13,7,8040,2021-11-15,0
2021-09-14,11,8051,2021-11-15,0
2021-09-15,14,8065,2021-11-15,0
2021-09-16,16,8081,2021-11-15,0
2021-09-17,8,8089,2021-11-15,0
2021-09-18,13,8102,2021-11-15,0
2021-09-19,11,8113,2021-11-15,0
2021-09-20,15,8128,2021-11-15,0
2021-09-21,15,8143,2021-11-15,0
2021-09-22,17,8160,2021-11-15,0
2021-09-23,13,8173,2021-11-15,0
2021-09-24,12,8185,2021-11-15,0
2021-09-25,16,8201,2021-11-15,0
2021-09-26,14,8215,2021-11-15,0
2021-09-27,15,8230,2021-11-15,0
2021-09-28,10,8240,2021-11-15,0
2021-09-29,19,8259,2021-11-15,0
2021-09-30,17,8276,2021-11-15,0
2021-10-01,13,8289,2021-11-15,0
2021-10-02,13,8302,2021-11-15,0
2021-10-03,23,8325,2021-11-15,0
2021-10-04,13,8338,2021-11-15,0
2021-10-05,23,8361,2021-11-15,0
2021-10-06,20,8381,2021-11-15,0
2021-10-07,13,8394,2021-11-15,0
2021-10-08,22,8416,2021-11-15,0
2021-10-09,20,8436,2021-11-15,0
2021-10-10,13,8449,2021-11-15,0
2021-10-11,11,8460,2021-11-15,0
2021-10-12,25,8485,2021-11-15,0
2021-10-13,20,8505,2021-11-15,0
2021-10-14,20,8525,2021-11-15,0
2021-10-15,14,8539,2021-11-15,0
2021-10-16,19,8558,2021-11-15,0
2021-10-17,17,8575,2021-11-15,0
2021-10-18,16,8591,2021-11-15,0
2021-10-19,25,8616,2021-11-15,0
2021-10-20,15,8631,2021-11-15,0
2021-10-21,7,8638,2021-11-15,0
2021-10-22,23,8661,2021-11-15,0
2021-10-23,24,8685,2021-11-15,0
2021-10-24,23,8708,2021-11-15,0
2021-10-25,19,8727,2021-11-15,0
2021-10-26,21,8748,2021-11-15,0
2021-10-27,14,8762,2021-11-15,0
2021-10-28,22,8784,2021-11-15,0
2021-10-29,18,8802,2021-11-15,0
2021-10-30,18,8820,2021-11-15,0
2021-10-31,23,8843,2021-11-15,0
2021-11-01,17,8860,2021-11-15,0
2021-11-02,18,8878,2021-11-15,0
2021-11-03,23,8901,2021-11-15,0
2021-11-04,23,8924,2021-11-15,0
2021-11-05,22,8946,2021-11-15,0
2021-11-06,13,8959,2021-11-15,0
2021-11-07,18,8977,2021-11-15,0
2021-11-08,16,8993,2021-11-15,0
2021-11-09,3,8996,2021-11-15,0
NA,0,8996,2021-11-15,0
2020-03-19,1,1,2021-11-16,0
2020-03-20,0,1,2021-11-16,0
2020-03-21,0,1,2021-11-16,0
2020-03-22,0,1,2021-11-16,0
2020-03-23,0,1,2021-11-16,0
2020-03-24,1,2,2021-11-16,0
2020-03-25,1,3,2021-11-16,0
2020-03-26,1,4,2021-11-16,0
2020-03-27,5,9,2021-11-16,0
2020-03-28,3,12,2021-11-16,0
2020-03-29,0,12,2021-11-16,0
2020-03-30,5,17,2021-11-16,0
2020-03-31,2,19,2021-11-16,0
2020-04-01,5,24,2021-11-16,0
2020-04-02,3,27,2021-11-16,0
2020-04-03,1,28,2021-11-16,0
2020-04-04,5,33,2021-11-16,0
2020-04-05,5,38,2021-11-16,0
2020-04-06,10,48,2021-11-16,0
2020-04-07,6,54,2021-11-16,0
2020-04-08,7,61,2021-11-16,0
2020-04-09,8,69,2021-11-16,0
2020-04-10,6,75,2021-11-16,0
2020-04-11,4,79,2021-11-16,0
2020-04-12,4,83,2021-11-16,0
2020-04-13,10,93,2021-11-16,0
2020-04-14,6,99,2021-11-16,0
2020-04-15,17,116,2021-11-16,0
2020-04-16,10,126,2021-11-16,0
2020-04-17,17,143,2021-11-16,0
2020-04-18,17,160,2021-11-16,0
2020-04-19,16,176,2021-11-16,0
2020-04-20,21,197,2021-11-16,0
2020-04-21,26,223,2021-11-16,0
2020-04-22,21,244,2021-11-16,0
2020-04-23,19,263,2021-11-16,0
2020-04-24,23,286,2021-11-16,0
2020-04-25,18,304,2021-11-16,0
2020-04-26,17,321,2021-11-16,0
2020-04-27,21,342,2021-11-16,0
2020-04-28,16,358,2021-11-16,0
2020-04-29,29,387,2021-11-16,0
2020-04-30,18,405,2021-11-16,0
2020-05-01,30,435,2021-11-16,0
2020-05-02,19,454,2021-11-16,0
2020-05-03,29,483,2021-11-16,0
2020-05-04,23,506,2021-11-16,0
2020-05-05,19,525,2021-11-16,0
2020-05-06,25,550,2021-11-16,0
2020-05-07,30,580,2021-11-16,0
2020-05-08,20,600,2021-11-16,0
2020-05-09,26,626,2021-11-16,0
2020-05-10,19,645,2021-11-16,0
2020-05-11,25,670,2021-11-16,0
2020-05-12,20,690,2021-11-16,0
2020-05-13,22,712,2021-11-16,0
2020-05-14,20,732,2021-11-16,0
2020-05-15,20,752,2021-11-16,0
2020-05-16,20,772,2021-11-16,0
2020-05-17,23,795,2021-11-16,0
2020-05-18,18,813,2021-11-16,0
2020-05-19,35,848,2021-11-16,0
2020-05-20,24,872,2021-11-16,0
2020-05-21,17,889,2021-11-16,0
2020-05-22,20,909,2021-11-16,0
2020-05-23,26,935,2021-11-16,0
2020-05-24,25,960,2021-11-16,0
2020-05-25,30,990,2021-11-16,0
2020-05-26,29,1019,2021-11-16,0
2020-05-27,25,1044,2021-11-16,0
2020-05-28,21,1065,2021-11-16,0
2020-05-29,17,1082,2021-11-16,0
2020-05-30,11,1093,2021-11-16,0
2020-05-31,20,1113,2021-11-16,0
2020-06-01,23,1136,2021-11-16,0
2020-06-02,21,1157,2021-11-16,0
2020-06-03,25,1182,2021-11-16,0
2020-06-04,26,1208,2021-11-16,0
2020-06-05,18,1226,2021-11-16,0
2020-06-06,12,1238,2021-11-16,0
2020-06-07,22,1260,2021-11-16,0
2020-06-08,12,1272,2021-11-16,0
2020-06-09,13,1285,2021-11-16,0
2020-06-10,10,1295,2021-11-16,0
2020-06-11,12,1307,2021-11-16,0
2020-06-12,11,1318,2021-11-16,0
2020-06-13,13,1331,2021-11-16,0
2020-06-14,11,1342,2021-11-16,0
2020-06-15,8,1350,2021-11-16,0
2020-06-16,9,1359,2021-11-16,0
2020-06-17,17,1376,2021-11-16,0
2020-06-18,9,1385,2021-11-16,0
2020-06-19,8,1393,2021-11-16,0
2020-06-20,12,1405,2021-11-16,0
2020-06-21,11,1416,2021-11-16,0
2020-06-22,6,1422,2021-11-16,0
2020-06-23,10,1432,2021-11-16,0
2020-06-24,1,1433,2021-11-16,0
2020-06-25,9,1442,2021-11-16,0
2020-06-26,6,1448,2021-11-16,0
2020-06-27,5,1453,2021-11-16,0
2020-06-28,11,1464,2021-11-16,0
2020-06-29,7,1471,2021-11-16,0
2020-06-30,9,1480,2021-11-16,0
2020-07-01,2,1482,2021-11-16,0
2020-07-02,3,1485,2021-11-16,0
2020-07-03,5,1490,2021-11-16,0
2020-07-04,4,1494,2021-11-16,0
2020-07-05,6,1500,2021-11-16,0
2020-07-06,4,1504,2021-11-16,0
2020-07-07,2,1506,2021-11-16,0
2020-07-08,9,1515,2021-11-16,0
2020-07-09,4,1519,2021-11-16,0
2020-07-10,3,1522,2021-11-16,0
2020-07-11,4,1526,2021-11-16,0
2020-07-12,6,1532,2021-11-16,0
2020-07-13,2,1534,2021-11-16,0
2020-07-14,6,1540,2021-11-16,0
2020-07-15,7,1547,2021-11-16,0
2020-07-16,3,1550,2021-11-16,0
2020-07-17,7,1557,2021-11-16,0
2020-07-18,6,1563,2021-11-16,0
2020-07-19,5,1568,2021-11-16,0
2020-07-20,3,1571,2021-11-16,0
2020-07-21,6,1577,2021-11-16,0
2020-07-22,5,1582,2021-11-16,0
2020-07-23,8,1590,2021-11-16,0
2020-07-24,6,1596,2021-11-16,0
2020-07-25,2,1598,2021-11-16,0
2020-07-26,5,1603,2021-11-16,0
2020-07-27,5,1608,2021-11-16,0
2020-07-28,7,1615,2021-11-16,0
2020-07-29,3,1618,2021-11-16,0
2020-07-30,6,1624,2021-11-16,0
2020-07-31,9,1633,2021-11-16,0
2020-08-01,4,1637,2021-11-16,0
2020-08-02,7,1644,2021-11-16,0
2020-08-03,4,1648,2021-11-16,0
2020-08-04,7,1655,2021-11-16,0
2020-08-05,8,1663,2021-11-16,0
2020-08-06,9,1672,2021-11-16,0
2020-08-07,7,1679,2021-11-16,0
2020-08-08,6,1685,2021-11-16,0
2020-08-09,10,1695,2021-11-16,0
2020-08-10,3,1698,2021-11-16,0
2020-08-11,9,1707,2021-11-16,0
2020-08-12,7,1714,2021-11-16,0
2020-08-13,5,1719,2021-11-16,0
2020-08-14,9,1728,2021-11-16,0
2020-08-15,13,1741,2021-11-16,0
2020-08-16,13,1754,2021-11-16,0
2020-08-17,6,1760,2021-11-16,0
2020-08-18,11,1771,2021-11-16,0
2020-08-19,3,1774,2021-11-16,0
2020-08-20,10,1784,2021-11-16,0
2020-08-21,12,1796,2021-11-16,0
2020-08-22,9,1805,2021-11-16,0
2020-08-23,7,1812,2021-11-16,0
2020-08-24,9,1821,2021-11-16,0
2020-08-25,4,1825,2021-11-16,0
2020-08-26,3,1828,2021-11-16,0
2020-08-27,7,1835,2021-11-16,0
2020-08-28,6,1841,2021-11-16,0
2020-08-29,3,1844,2021-11-16,0
2020-08-30,5,1849,2021-11-16,0
2020-08-31,9,1858,2021-11-16,0
2020-09-01,2,1860,2021-11-16,0
2020-09-02,7,1867,2021-11-16,0
2020-09-03,12,1879,2021-11-16,0
2020-09-04,4,1883,2021-11-16,0
2020-09-05,6,1889,2021-11-16,0
2020-09-06,12,1901,2021-11-16,0
2020-09-07,3,1904,2021-11-16,0
2020-09-08,6,1910,2021-11-16,0
2020-09-09,10,1920,2021-11-16,0
2020-09-10,9,1929,2021-11-16,0
2020-09-11,11,1940,2021-11-16,0
2020-09-12,8,1948,2021-11-16,0
2020-09-13,8,1956,2021-11-16,0
2020-09-14,2,1958,2021-11-16,0
2020-09-15,7,1965,2021-11-16,0
2020-09-16,9,1974,2021-11-16,0
2020-09-17,5,1979,2021-11-16,0
2020-09-18,6,1985,2021-11-16,0
2020-09-19,4,1989,2021-11-16,0
2020-09-20,9,1998,2021-11-16,0
2020-09-21,7,2005,2021-11-16,0
2020-09-22,8,2013,2021-11-16,0
2020-09-23,9,2022,2021-11-16,0
2020-09-24,8,2030,2021-11-16,0
2020-09-25,11,2041,2021-11-16,0
2020-09-26,9,2050,2021-11-16,0
2020-09-27,14,2064,2021-11-16,0
2020-09-28,11,2075,2021-11-16,0
2020-09-29,5,2080,2021-11-16,0
2020-09-30,16,2096,2021-11-16,0
2020-10-01,7,2103,2021-11-16,0
2020-10-02,13,2116,2021-11-16,0
2020-10-03,9,2125,2021-11-16,0
2020-10-04,7,2132,2021-11-16,0
2020-10-05,10,2142,2021-11-16,0
2020-10-06,13,2155,2021-11-16,0
2020-10-07,19,2174,2021-11-16,0
2020-10-08,9,2183,2021-11-16,0
2020-10-09,17,2200,2021-11-16,0
2020-10-10,16,2216,2021-11-16,0
2020-10-11,16,2232,2021-11-16,0
2020-10-12,20,2252,2021-11-16,0
2020-10-13,14,2266,2021-11-16,0
2020-10-14,10,2276,2021-11-16,0
2020-10-15,9,2285,2021-11-16,0
2020-10-16,12,2297,2021-11-16,0
2020-10-17,18,2315,2021-11-16,0
2020-10-18,25,2340,2021-11-16,0
2020-10-19,18,2358,2021-11-16,0
2020-10-20,15,2373,2021-11-16,0
2020-10-21,24,2397,2021-11-16,0
2020-10-22,18,2415,2021-11-16,0
2020-10-23,19,2434,2021-11-16,0
2020-10-24,8,2442,2021-11-16,0
2020-10-25,17,2459,2021-11-16,0
2020-10-26,25,2484,2021-11-16,0
2020-10-27,23,2507,2021-11-16,0
2020-10-28,29,2536,2021-11-16,0
2020-10-29,18,2554,2021-11-16,0
2020-10-30,27,2581,2021-11-16,0
2020-10-31,25,2606,2021-11-16,0
2020-11-01,21,2627,2021-11-16,0
2020-11-02,25,2652,2021-11-16,0
2020-11-03,25,2677,2021-11-16,0
2020-11-04,33,2710,2021-11-16,0
2020-11-05,38,2748,2021-11-16,0
2020-11-06,39,2787,2021-11-16,0
2020-11-07,42,2829,2021-11-16,0
2020-11-08,47,2876,2021-11-16,0
2020-11-09,36,2912,2021-11-16,0
2020-11-10,35,2947,2021-11-16,0
2020-11-11,43,2990,2021-11-16,0
2020-11-12,45,3035,2021-11-16,0
2020-11-13,40,3075,2021-11-16,0
2020-11-14,47,3122,2021-11-16,0
2020-11-15,46,3168,2021-11-16,0
2020-11-16,62,3230,2021-11-16,0
2020-11-17,56,3286,2021-11-16,0
2020-11-18,61,3347,2021-11-16,0
2020-11-19,60,3407,2021-11-16,0
2020-11-20,63,3470,2021-11-16,0
2020-11-21,58,3528,2021-11-16,0
2020-11-22,67,3595,2021-11-16,0
2020-11-23,59,3654,2021-11-16,0
2020-11-24,69,3723,2021-11-16,0
2020-11-25,72,3795,2021-11-16,0
2020-11-26,54,3849,2021-11-16,0
2020-11-27,69,3918,2021-11-16,0
2020-11-28,62,3980,2021-11-16,0
2020-11-29,68,4048,2021-11-16,0
2020-11-30,61,4109,2021-11-16,0
2020-12-01,64,4173,2021-11-16,0
2020-12-02,73,4246,2021-11-16,0
2020-12-03,86,4332,2021-11-16,0
2020-12-04,67,4399,2021-11-16,0
2020-12-05,74,4473,2021-11-16,0
2020-12-06,80,4553,2021-11-16,0
2020-12-07,75,4628,2021-11-16,0
2020-12-08,61,4689,2021-11-16,0
2020-12-09,71,4760,2021-11-16,0
2020-12-10,72,4832,2021-11-16,0
2020-12-11,71,4903,2021-11-16,0
2020-12-12,72,4975,2021-11-16,0
2020-12-13,56,5031,2021-11-16,0
2020-12-14,43,5074,2021-11-16,0
2020-12-15,65,5139,2021-11-16,0
2020-12-16,73,5212,2021-11-16,0
2020-12-17,60,5272,2021-11-16,0
2020-12-18,59,5331,2021-11-16,0
2020-12-19,56,5387,2021-11-16,0
2020-12-20,61,5448,2021-11-16,0
2020-12-21,58,5506,2021-11-16,0
2020-12-22,33,5539,2021-11-16,0
2020-12-23,46,5585,2021-11-16,0
2020-12-24,50,5635,2021-11-16,0
2020-12-25,36,5671,2021-11-16,0
2020-12-26,43,5714,2021-11-16,0
2020-12-27,41,5755,2021-11-16,0
2020-12-28,34,5789,2021-11-16,0
2020-12-29,37,5826,2021-11-16,0
2020-12-30,47,5873,2021-11-16,0
2020-12-31,36,5909,2021-11-16,0
2021-01-01,28,5937,2021-11-16,0
2021-01-02,47,5984,2021-11-16,0
2021-01-03,37,6021,2021-11-16,0
2021-01-04,32,6053,2021-11-16,0
2021-01-05,40,6093,2021-11-16,0
2021-01-06,32,6125,2021-11-16,0
2021-01-07,37,6162,2021-11-16,0
2021-01-08,32,6194,2021-11-16,0
2021-01-09,26,6220,2021-11-16,0
2021-01-10,29,6249,2021-11-16,0
2021-01-11,26,6275,2021-11-16,0
2021-01-12,32,6307,2021-11-16,0
2021-01-13,23,6330,2021-11-16,0
2021-01-14,41,6371,2021-11-16,0
2021-01-15,26,6397,2021-11-16,0
2021-01-16,30,6427,2021-11-16,0
2021-01-17,21,6448,2021-11-16,0
2021-01-18,19,6467,2021-11-16,0
2021-01-19,14,6481,2021-11-16,0
2021-01-20,26,6507,2021-11-16,0
2021-01-21,16,6523,2021-11-16,0
2021-01-22,13,6536,2021-11-16,0
2021-01-23,17,6553,2021-11-16,0
2021-01-24,24,6577,2021-11-16,0
2021-01-25,19,6596,2021-11-16,0
2021-01-26,21,6617,2021-11-16,0
2021-01-27,11,6628,2021-11-16,0
2021-01-28,12,6640,2021-11-16,0
2021-01-29,15,6655,2021-11-16,0
2021-01-30,13,6668,2021-11-16,0
2021-01-31,16,6684,2021-11-16,0
2021-02-01,17,6701,2021-11-16,0
2021-02-02,10,6711,2021-11-16,0
2021-02-03,11,6722,2021-11-16,0
2021-02-04,11,6733,2021-11-16,0
2021-02-05,12,6745,2021-11-16,0
2021-02-06,12,6757,2021-11-16,0
2021-02-07,19,6776,2021-11-16,0
2021-02-08,11,6787,2021-11-16,0
2021-02-09,15,6802,2021-11-16,0
2021-02-10,14,6816,2021-11-16,0
2021-02-11,7,6823,2021-11-16,0
2021-02-12,13,6836,2021-11-16,0
2021-02-13,8,6844,2021-11-16,0
2021-02-14,10,6854,2021-11-16,0
2021-02-15,9,6863,2021-11-16,0
2021-02-16,12,6875,2021-11-16,0
2021-02-17,10,6885,2021-11-16,0
2021-02-18,7,6892,2021-11-16,0
2021-02-19,6,6898,2021-11-16,0
2021-02-20,7,6905,2021-11-16,0
2021-02-21,4,6909,2021-11-16,0
2021-02-22,5,6914,2021-11-16,0
2021-02-23,9,6923,2021-11-16,0
2021-02-24,5,6928,2021-11-16,0
2021-02-25,5,6933,2021-11-16,0
2021-02-26,7,6940,2021-11-16,0
2021-02-27,6,6946,2021-11-16,0
2021-02-28,8,6954,2021-11-16,0
2021-03-01,7,6961,2021-11-16,0
2021-03-02,3,6964,2021-11-16,0
2021-03-03,10,6974,2021-11-16,0
2021-03-04,6,6980,2021-11-16,0
2021-03-05,10,6990,2021-11-16,0
2021-03-06,5,6995,2021-11-16,0
2021-03-07,9,7004,2021-11-16,0
2021-03-08,5,7009,2021-11-16,0
2021-03-09,7,7016,2021-11-16,0
2021-03-10,5,7021,2021-11-16,0
2021-03-11,4,7025,2021-11-16,0
2021-03-12,11,7036,2021-11-16,0
2021-03-13,5,7041,2021-11-16,0
2021-03-14,5,7046,2021-11-16,0
2021-03-15,2,7048,2021-11-16,0
2021-03-16,6,7054,2021-11-16,0
2021-03-17,4,7058,2021-11-16,0
2021-03-18,5,7063,2021-11-16,0
2021-03-19,5,7068,2021-11-16,0
2021-03-20,9,7077,2021-11-16,0
2021-03-21,5,7082,2021-11-16,0
2021-03-22,4,7086,2021-11-16,0
2021-03-23,5,7091,2021-11-16,0
2021-03-24,1,7092,2021-11-16,0
2021-03-25,5,7097,2021-11-16,0
2021-03-26,3,7100,2021-11-16,0
2021-03-27,7,7107,2021-11-16,0
2021-03-28,6,7113,2021-11-16,0
2021-03-29,5,7118,2021-11-16,0
2021-03-30,6,7124,2021-11-16,0
2021-03-31,8,7132,2021-11-16,0
2021-04-01,6,7138,2021-11-16,0
2021-04-02,9,7147,2021-11-16,0
2021-04-03,8,7155,2021-11-16,0
2021-04-04,6,7161,2021-11-16,0
2021-04-05,8,7169,2021-11-16,0
2021-04-06,7,7176,2021-11-16,0
2021-04-07,6,7182,2021-11-16,0
2021-04-08,10,7192,2021-11-16,0
2021-04-09,7,7199,2021-11-16,0
2021-04-10,7,7206,2021-11-16,0
2021-04-11,8,7214,2021-11-16,0
2021-04-12,10,7224,2021-11-16,0
2021-04-13,7,7231,2021-11-16,0
2021-04-14,8,7239,2021-11-16,0
2021-04-15,14,7253,2021-11-16,0
2021-04-16,8,7261,2021-11-16,0
2021-04-17,8,7269,2021-11-16,0
2021-04-18,8,7277,2021-11-16,0
2021-04-19,10,7287,2021-11-16,0
2021-04-20,5,7292,2021-11-16,0
2021-04-21,8,7300,2021-11-16,0
2021-04-22,2,7302,2021-11-16,0
2021-04-23,15,7317,2021-11-16,0
2021-04-24,11,7328,2021-11-16,0
2021-04-25,15,7343,2021-11-16,0
2021-04-26,15,7358,2021-11-16,0
2021-04-27,7,7365,2021-11-16,0
2021-04-28,14,7379,2021-11-16,0
2021-04-29,8,7387,2021-11-16,0
2021-04-30,11,7398,2021-11-16,0
2021-05-01,7,7405,2021-11-16,0
2021-05-02,8,7413,2021-11-16,0
2021-05-03,5,7418,2021-11-16,0
2021-05-04,13,7431,2021-11-16,0
2021-05-05,8,7439,2021-11-16,0
2021-05-06,5,7444,2021-11-16,0
2021-05-07,8,7452,2021-11-16,0
2021-05-08,7,7459,2021-11-16,0
2021-05-09,9,7468,2021-11-16,0
2021-05-10,8,7476,2021-11-16,0
2021-05-11,6,7482,2021-11-16,0
2021-05-12,9,7491,2021-11-16,0
2021-05-13,9,7500,2021-11-16,0
2021-05-14,11,7511,2021-11-16,0
2021-05-15,10,7521,2021-11-16,0
2021-05-16,6,7527,2021-11-16,0
2021-05-17,6,7533,2021-11-16,0
2021-05-18,7,7540,2021-11-16,0
2021-05-19,2,7542,2021-11-16,0
2021-05-20,5,7547,2021-11-16,0
2021-05-21,7,7554,2021-11-16,0
2021-05-22,11,7565,2021-11-16,0
2021-05-23,5,7570,2021-11-16,0
2021-05-24,5,7575,2021-11-16,0
2021-05-25,6,7581,2021-11-16,0
2021-05-26,3,7584,2021-11-16,0
2021-05-27,7,7591,2021-11-16,0
2021-05-28,2,7593,2021-11-16,0
2021-05-29,6,7599,2021-11-16,0
2021-05-30,4,7603,2021-11-16,0
2021-05-31,3,7606,2021-11-16,0
2021-06-01,5,7611,2021-11-16,0
2021-06-02,8,7619,2021-11-16,0
2021-06-03,4,7623,2021-11-16,0
2021-06-04,4,7627,2021-11-16,0
2021-06-05,2,7629,2021-11-16,0
2021-06-06,5,7634,2021-11-16,0
2021-06-07,3,7637,2021-11-16,0
2021-06-08,5,7642,2021-11-16,0
2021-06-09,4,7646,2021-11-16,0
2021-06-10,6,7652,2021-11-16,0
2021-06-11,6,7658,2021-11-16,0
2021-06-12,4,7662,2021-11-16,0
2021-06-13,4,7666,2021-11-16,0
2021-06-14,3,7669,2021-11-16,0
2021-06-15,2,7671,2021-11-16,0
2021-06-16,2,7673,2021-11-16,0
2021-06-17,4,7677,2021-11-16,0
2021-06-18,1,7678,2021-11-16,0
2021-06-19,6,7684,2021-11-16,0
2021-06-20,1,7685,2021-11-16,0
2021-06-21,5,7690,2021-11-16,0
2021-06-22,3,7693,2021-11-16,0
2021-06-23,4,7697,2021-11-16,0
2021-06-24,3,7700,2021-11-16,0
2021-06-25,3,7703,2021-11-16,0
2021-06-26,4,7707,2021-11-16,0
2021-06-27,2,7709,2021-11-16,0
2021-06-28,2,7711,2021-11-16,0
2021-06-29,2,7713,2021-11-16,0
2021-06-30,2,7715,2021-11-16,0
2021-07-01,0,7715,2021-11-16,0
2021-07-02,2,7717,2021-11-16,0
2021-07-03,2,7719,2021-11-16,0
2021-07-04,3,7722,2021-11-16,0
2021-07-05,1,7723,2021-11-16,0
2021-07-06,4,7727,2021-11-16,0
2021-07-07,1,7728,2021-11-16,0
2021-07-08,1,7729,2021-11-16,0
2021-07-09,0,7729,2021-11-16,0
2021-07-10,1,7730,2021-11-16,0
2021-07-11,3,7733,2021-11-16,0
2021-07-12,1,7734,2021-11-16,0
2021-07-13,2,7736,2021-11-16,0
2021-07-14,2,7738,2021-11-16,0
2021-07-15,2,7740,2021-11-16,0
2021-07-16,1,7741,2021-11-16,0
2021-07-17,1,7742,2021-11-16,0
2021-07-18,0,7742,2021-11-16,0
2021-07-19,0,7742,2021-11-16,0
2021-07-20,2,7744,2021-11-16,0
2021-07-21,2,7746,2021-11-16,0
2021-07-22,2,7748,2021-11-16,0
2021-07-23,3,7751,2021-11-16,0
2021-07-24,0,7751,2021-11-16,0
2021-07-25,2,7753,2021-11-16,0
2021-07-26,1,7754,2021-11-16,0
2021-07-27,2,7756,2021-11-16,0
2021-07-28,3,7759,2021-11-16,0
2021-07-29,2,7761,2021-11-16,0
2021-07-30,5,7766,2021-11-16,0
2021-07-31,4,7770,2021-11-16,0
2021-08-01,1,7771,2021-11-16,0
2021-08-02,3,7774,2021-11-16,0
2021-08-03,2,7776,2021-11-16,0
2021-08-04,3,7779,2021-11-16,0
2021-08-05,2,7781,2021-11-16,0
2021-08-06,7,7788,2021-11-16,0
2021-08-07,3,7791,2021-11-16,0
2021-08-08,2,7793,2021-11-16,0
2021-08-09,3,7796,2021-11-16,0
2021-08-10,2,7798,2021-11-16,0
2021-08-11,2,7800,2021-11-16,0
2021-08-12,7,7807,2021-11-16,0
2021-08-13,5,7812,2021-11-16,0
2021-08-14,6,7818,2021-11-16,0
2021-08-15,0,7818,2021-11-16,0
2021-08-16,7,7825,2021-11-16,0
2021-08-17,7,7832,2021-11-16,0
2021-08-18,9,7841,2021-11-16,0
2021-08-19,2,7843,2021-11-16,0
2021-08-20,3,7846,2021-11-16,0
2021-08-21,5,7851,2021-11-16,0
2021-08-22,7,7858,2021-11-16,0
2021-08-23,5,7863,2021-11-16,0
2021-08-24,12,7875,2021-11-16,0
2021-08-25,7,7882,2021-11-16,0
2021-08-26,2,7884,2021-11-16,0
2021-08-27,6,7890,2021-11-16,0
2021-08-28,11,7901,2021-11-16,0
2021-08-29,11,7912,2021-11-16,0
2021-08-30,8,7920,2021-11-16,0
2021-08-31,6,7926,2021-11-16,0
2021-09-01,6,7932,2021-11-16,0
2021-09-02,6,7938,2021-11-16,0
2021-09-03,9,7947,2021-11-16,0
2021-09-04,9,7956,2021-11-16,0
2021-09-05,10,7966,2021-11-16,0
2021-09-06,8,7974,2021-11-16,0
2021-09-07,7,7981,2021-11-16,0
2021-09-08,11,7992,2021-11-16,0
2021-09-09,5,7997,2021-11-16,0
2021-09-10,9,8006,2021-11-16,0
2021-09-11,17,8023,2021-11-16,0
2021-09-12,10,8033,2021-11-16,0
2021-09-13,7,8040,2021-11-16,0
2021-09-14,11,8051,2021-11-16,0
2021-09-15,14,8065,2021-11-16,0
2021-09-16,16,8081,2021-11-16,0
2021-09-17,8,8089,2021-11-16,0
2021-09-18,13,8102,2021-11-16,0
2021-09-19,11,8113,2021-11-16,0
2021-09-20,15,8128,2021-11-16,0
2021-09-21,15,8143,2021-11-16,0
2021-09-22,17,8160,2021-11-16,0
2021-09-23,13,8173,2021-11-16,0
2021-09-24,13,8186,2021-11-16,1
2021-09-25,16,8202,2021-11-16,0
2021-09-26,15,8217,2021-11-16,1
2021-09-27,15,8232,2021-11-16,0
2021-09-28,11,8243,2021-11-16,1
2021-09-29,19,8262,2021-11-16,0
2021-09-30,17,8279,2021-11-16,0
2021-10-01,13,8292,2021-11-16,0
2021-10-02,13,8305,2021-11-16,0
2021-10-03,23,8328,2021-11-16,0
2021-10-04,13,8341,2021-11-16,0
2021-10-05,23,8364,2021-11-16,0
2021-10-06,20,8384,2021-11-16,0
2021-10-07,13,8397,2021-11-16,0
2021-10-08,22,8419,2021-11-16,0
2021-10-09,20,8439,2021-11-16,0
2021-10-10,13,8452,2021-11-16,0
2021-10-11,11,8463,2021-11-16,0
2021-10-12,25,8488,2021-11-16,0
2021-10-13,20,8508,2021-11-16,0
2021-10-14,20,8528,2021-11-16,0
2021-10-15,14,8542,2021-11-16,0
2021-10-16,19,8561,2021-11-16,0
2021-10-17,17,8578,2021-11-16,0
2021-10-18,16,8594,2021-11-16,0
2021-10-19,25,8619,2021-11-16,0
2021-10-20,15,8634,2021-11-16,0
2021-10-21,7,8641,2021-11-16,0
2021-10-22,23,8664,2021-11-16,0
2021-10-23,24,8688,2021-11-16,0
2021-10-24,23,8711,2021-11-16,0
2021-10-25,19,8730,2021-11-16,0
2021-10-26,21,8751,2021-11-16,0
2021-10-27,14,8765,2021-11-16,0
2021-10-28,22,8787,2021-11-16,0
2021-10-29,19,8806,2021-11-16,1
2021-10-30,18,8824,2021-11-16,0
2021-10-31,23,8847,2021-11-16,0
2021-11-01,17,8864,2021-11-16,0
2021-11-02,18,8882,2021-11-16,0
2021-11-03,25,8907,2021-11-16,2
2021-11-04,24,8931,2021-11-16,1
2021-11-05,28,8959,2021-11-16,6
2021-11-06,12,8971,2021-11-16,-1
2021-11-07,19,8990,2021-11-16,1
2021-11-08,23,9013,2021-11-16,7
2021-11-09,8,9021,2021-11-16,5
2021-11-10,16,9037,2021-11-16,16
2021-11-11,10,9047,2021-11-16,10
NA,0,9047,2021-11-16,0
2020-03-19,1,1,2021-11-17,0
2020-03-20,0,1,2021-11-17,0
2020-03-21,0,1,2021-11-17,0
2020-03-22,0,1,2021-11-17,0
2020-03-23,0,1,2021-11-17,0
2020-03-24,1,2,2021-11-17,0
2020-03-25,1,3,2021-11-17,0
2020-03-26,1,4,2021-11-17,0
2020-03-27,5,9,2021-11-17,0
2020-03-28,3,12,2021-11-17,0
2020-03-29,0,12,2021-11-17,0
2020-03-30,5,17,2021-11-17,0
2020-03-31,2,19,2021-11-17,0
2020-04-01,5,24,2021-11-17,0
2020-04-02,3,27,2021-11-17,0
2020-04-03,1,28,2021-11-17,0
2020-04-04,5,33,2021-11-17,0
2020-04-05,5,38,2021-11-17,0
2020-04-06,10,48,2021-11-17,0
2020-04-07,6,54,2021-11-17,0
2020-04-08,7,61,2021-11-17,0
2020-04-09,8,69,2021-11-17,0
2020-04-10,6,75,2021-11-17,0
2020-04-11,4,79,2021-11-17,0
2020-04-12,4,83,2021-11-17,0
2020-04-13,10,93,2021-11-17,0
2020-04-14,6,99,2021-11-17,0
2020-04-15,17,116,2021-11-17,0
2020-04-16,10,126,2021-11-17,0
2020-04-17,17,143,2021-11-17,0
2020-04-18,17,160,2021-11-17,0
2020-04-19,16,176,2021-11-17,0
2020-04-20,21,197,2021-11-17,0
2020-04-21,26,223,2021-11-17,0
2020-04-22,21,244,2021-11-17,0
2020-04-23,19,263,2021-11-17,0
2020-04-24,23,286,2021-11-17,0
2020-04-25,18,304,2021-11-17,0
2020-04-26,17,321,2021-11-17,0
2020-04-27,21,342,2021-11-17,0
2020-04-28,16,358,2021-11-17,0
2020-04-29,29,387,2021-11-17,0
2020-04-30,18,405,2021-11-17,0
2020-05-01,30,435,2021-11-17,0
2020-05-02,19,454,2021-11-17,0
2020-05-03,29,483,2021-11-17,0
2020-05-04,23,506,2021-11-17,0
2020-05-05,19,525,2021-11-17,0
2020-05-06,25,550,2021-11-17,0
2020-05-07,30,580,2021-11-17,0
2020-05-08,20,600,2021-11-17,0
2020-05-09,26,626,2021-11-17,0
2020-05-10,19,645,2021-11-17,0
2020-05-11,25,670,2021-11-17,0
2020-05-12,20,690,2021-11-17,0
2020-05-13,22,712,2021-11-17,0
2020-05-14,20,732,2021-11-17,0
2020-05-15,20,752,2021-11-17,0
2020-05-16,20,772,2021-11-17,0
2020-05-17,23,795,2021-11-17,0
2020-05-18,18,813,2021-11-17,0
2020-05-19,35,848,2021-11-17,0
2020-05-20,24,872,2021-11-17,0
2020-05-21,17,889,2021-11-17,0
2020-05-22,20,909,2021-11-17,0
2020-05-23,26,935,2021-11-17,0
2020-05-24,25,960,2021-11-17,0
2020-05-25,30,990,2021-11-17,0
2020-05-26,29,1019,2021-11-17,0
2020-05-27,25,1044,2021-11-17,0
2020-05-28,21,1065,2021-11-17,0
2020-05-29,17,1082,2021-11-17,0
2020-05-30,11,1093,2021-11-17,0
2020-05-31,20,1113,2021-11-17,0
2020-06-01,23,1136,2021-11-17,0
2020-06-02,21,1157,2021-11-17,0
2020-06-03,25,1182,2021-11-17,0
2020-06-04,26,1208,2021-11-17,0
2020-06-05,18,1226,2021-11-17,0
2020-06-06,12,1238,2021-11-17,0
2020-06-07,22,1260,2021-11-17,0
2020-06-08,12,1272,2021-11-17,0
2020-06-09,13,1285,2021-11-17,0
2020-06-10,10,1295,2021-11-17,0
2020-06-11,12,1307,2021-11-17,0
2020-06-12,11,1318,2021-11-17,0
2020-06-13,13,1331,2021-11-17,0
2020-06-14,11,1342,2021-11-17,0
2020-06-15,8,1350,2021-11-17,0
2020-06-16,9,1359,2021-11-17,0
2020-06-17,17,1376,2021-11-17,0
2020-06-18,9,1385,2021-11-17,0
2020-06-19,8,1393,2021-11-17,0
2020-06-20,12,1405,2021-11-17,0
2020-06-21,11,1416,2021-11-17,0
2020-06-22,6,1422,2021-11-17,0
2020-06-23,10,1432,2021-11-17,0
2020-06-24,1,1433,2021-11-17,0
2020-06-25,9,1442,2021-11-17,0
2020-06-26,6,1448,2021-11-17,0
2020-06-27,5,1453,2021-11-17,0
2020-06-28,11,1464,2021-11-17,0
2020-06-29,7,1471,2021-11-17,0
2020-06-30,9,1480,2021-11-17,0
2020-07-01,2,1482,2021-11-17,0
2020-07-02,3,1485,2021-11-17,0
2020-07-03,5,1490,2021-11-17,0
2020-07-04,4,1494,2021-11-17,0
2020-07-05,6,1500,2021-11-17,0
2020-07-06,4,1504,2021-11-17,0
2020-07-07,2,1506,2021-11-17,0
2020-07-08,9,1515,2021-11-17,0
2020-07-09,4,1519,2021-11-17,0
2020-07-10,3,1522,2021-11-17,0
2020-07-11,4,1526,2021-11-17,0
2020-07-12,6,1532,2021-11-17,0
2020-07-13,2,1534,2021-11-17,0
2020-07-14,6,1540,2021-11-17,0
2020-07-15,7,1547,2021-11-17,0
2020-07-16,3,1550,2021-11-17,0
2020-07-17,7,1557,2021-11-17,0
2020-07-18,6,1563,2021-11-17,0
2020-07-19,5,1568,2021-11-17,0
2020-07-20,3,1571,2021-11-17,0
2020-07-21,6,1577,2021-11-17,0
2020-07-22,5,1582,2021-11-17,0
2020-07-23,8,1590,2021-11-17,0
2020-07-24,6,1596,2021-11-17,0
2020-07-25,2,1598,2021-11-17,0
2020-07-26,5,1603,2021-11-17,0
2020-07-27,5,1608,2021-11-17,0
2020-07-28,7,1615,2021-11-17,0
2020-07-29,3,1618,2021-11-17,0
2020-07-30,6,1624,2021-11-17,0
2020-07-31,9,1633,2021-11-17,0
2020-08-01,4,1637,2021-11-17,0
2020-08-02,7,1644,2021-11-17,0
2020-08-03,4,1648,2021-11-17,0
2020-08-04,7,1655,2021-11-17,0
2020-08-05,8,1663,2021-11-17,0
2020-08-06,9,1672,2021-11-17,0
2020-08-07,7,1679,2021-11-17,0
2020-08-08,6,1685,2021-11-17,0
2020-08-09,10,1695,2021-11-17,0
2020-08-10,3,1698,2021-11-17,0
2020-08-11,9,1707,2021-11-17,0
2020-08-12,7,1714,2021-11-17,0
2020-08-13,5,1719,2021-11-17,0
2020-08-14,9,1728,2021-11-17,0
2020-08-15,13,1741,2021-11-17,0
2020-08-16,13,1754,2021-11-17,0
2020-08-17,6,1760,2021-11-17,0
2020-08-18,11,1771,2021-11-17,0
2020-08-19,3,1774,2021-11-17,0
2020-08-20,10,1784,2021-11-17,0
2020-08-21,12,1796,2021-11-17,0
2020-08-22,9,1805,2021-11-17,0
2020-08-23,7,1812,2021-11-17,0
2020-08-24,9,1821,2021-11-17,0
2020-08-25,4,1825,2021-11-17,0
2020-08-26,3,1828,2021-11-17,0
2020-08-27,7,1835,2021-11-17,0
2020-08-28,6,1841,2021-11-17,0
2020-08-29,3,1844,2021-11-17,0
2020-08-30,5,1849,2021-11-17,0
2020-08-31,9,1858,2021-11-17,0
2020-09-01,2,1860,2021-11-17,0
2020-09-02,7,1867,2021-11-17,0
2020-09-03,12,1879,2021-11-17,0
2020-09-04,4,1883,2021-11-17,0
2020-09-05,6,1889,2021-11-17,0
2020-09-06,12,1901,2021-11-17,0
2020-09-07,3,1904,2021-11-17,0
2020-09-08,6,1910,2021-11-17,0
2020-09-09,10,1920,2021-11-17,0
2020-09-10,9,1929,2021-11-17,0
2020-09-11,11,1940,2021-11-17,0
2020-09-12,8,1948,2021-11-17,0
2020-09-13,8,1956,2021-11-17,0
2020-09-14,2,1958,2021-11-17,0
2020-09-15,7,1965,2021-11-17,0
2020-09-16,9,1974,2021-11-17,0
2020-09-17,5,1979,2021-11-17,0
2020-09-18,6,1985,2021-11-17,0
2020-09-19,4,1989,2021-11-17,0
2020-09-20,9,1998,2021-11-17,0
2020-09-21,7,2005,2021-11-17,0
2020-09-22,8,2013,2021-11-17,0
2020-09-23,9,2022,2021-11-17,0
2020-09-24,8,2030,2021-11-17,0
2020-09-25,11,2041,2021-11-17,0
2020-09-26,9,2050,2021-11-17,0
2020-09-27,14,2064,2021-11-17,0
2020-09-28,11,2075,2021-11-17,0
2020-09-29,5,2080,2021-11-17,0
2020-09-30,16,2096,2021-11-17,0
2020-10-01,7,2103,2021-11-17,0
2020-10-02,13,2116,2021-11-17,0
2020-10-03,9,2125,2021-11-17,0
2020-10-04,7,2132,2021-11-17,0
2020-10-05,10,2142,2021-11-17,0
2020-10-06,13,2155,2021-11-17,0
2020-10-07,19,2174,2021-11-17,0
2020-10-08,9,2183,2021-11-17,0
2020-10-09,17,2200,2021-11-17,0
2020-10-10,16,2216,2021-11-17,0
2020-10-11,16,2232,2021-11-17,0
2020-10-12,20,2252,2021-11-17,0
2020-10-13,14,2266,2021-11-17,0
2020-10-14,10,2276,2021-11-17,0
2020-10-15,9,2285,2021-11-17,0
2020-10-16,12,2297,2021-11-17,0
2020-10-17,18,2315,2021-11-17,0
2020-10-18,25,2340,2021-11-17,0
2020-10-19,18,2358,2021-11-17,0
2020-10-20,15,2373,2021-11-17,0
2020-10-21,24,2397,2021-11-17,0
2020-10-22,18,2415,2021-11-17,0
2020-10-23,19,2434,2021-11-17,0
2020-10-24,8,2442,2021-11-17,0
2020-10-25,17,2459,2021-11-17,0
2020-10-26,25,2484,2021-11-17,0
2020-10-27,23,2507,2021-11-17,0
2020-10-28,29,2536,2021-11-17,0
2020-10-29,18,2554,2021-11-17,0
2020-10-30,27,2581,2021-11-17,0
2020-10-31,25,2606,2021-11-17,0
2020-11-01,21,2627,2021-11-17,0
2020-11-02,25,2652,2021-11-17,0
2020-11-03,25,2677,2021-11-17,0
2020-11-04,33,2710,2021-11-17,0
2020-11-05,38,2748,2021-11-17,0
2020-11-06,39,2787,2021-11-17,0
2020-11-07,42,2829,2021-11-17,0
2020-11-08,47,2876,2021-11-17,0
2020-11-09,36,2912,2021-11-17,0
2020-11-10,35,2947,2021-11-17,0
2020-11-11,43,2990,2021-11-17,0
2020-11-12,45,3035,2021-11-17,0
2020-11-13,40,3075,2021-11-17,0
2020-11-14,47,3122,2021-11-17,0
2020-11-15,46,3168,2021-11-17,0
2020-11-16,62,3230,2021-11-17,0
2020-11-17,56,3286,2021-11-17,0
2020-11-18,61,3347,2021-11-17,0
2020-11-19,60,3407,2021-11-17,0
2020-11-20,63,3470,2021-11-17,0
2020-11-21,58,3528,2021-11-17,0
2020-11-22,67,3595,2021-11-17,0
2020-11-23,59,3654,2021-11-17,0
2020-11-24,69,3723,2021-11-17,0
2020-11-25,72,3795,2021-11-17,0
2020-11-26,54,3849,2021-11-17,0
2020-11-27,69,3918,2021-11-17,0
2020-11-28,62,3980,2021-11-17,0
2020-11-29,68,4048,2021-11-17,0
2020-11-30,61,4109,2021-11-17,0
2020-12-01,64,4173,2021-11-17,0
2020-12-02,73,4246,2021-11-17,0
2020-12-03,86,4332,2021-11-17,0
2020-12-04,67,4399,2021-11-17,0
2020-12-05,74,4473,2021-11-17,0
2020-12-06,80,4553,2021-11-17,0
2020-12-07,75,4628,2021-11-17,0
2020-12-08,61,4689,2021-11-17,0
2020-12-09,71,4760,2021-11-17,0
2020-12-10,72,4832,2021-11-17,0
2020-12-11,71,4903,2021-11-17,0
2020-12-12,72,4975,2021-11-17,0
2020-12-13,56,5031,2021-11-17,0
2020-12-14,43,5074,2021-11-17,0
2020-12-15,65,5139,2021-11-17,0
2020-12-16,73,5212,2021-11-17,0
2020-12-17,60,5272,2021-11-17,0
2020-12-18,59,5331,2021-11-17,0
2020-12-19,56,5387,2021-11-17,0
2020-12-20,61,5448,2021-11-17,0
2020-12-21,58,5506,2021-11-17,0
2020-12-22,33,5539,2021-11-17,0
2020-12-23,46,5585,2021-11-17,0
2020-12-24,50,5635,2021-11-17,0
2020-12-25,36,5671,2021-11-17,0
2020-12-26,43,5714,2021-11-17,0
2020-12-27,41,5755,2021-11-17,0
2020-12-28,34,5789,2021-11-17,0
2020-12-29,37,5826,2021-11-17,0
2020-12-30,47,5873,2021-11-17,0
2020-12-31,36,5909,2021-11-17,0
2021-01-01,28,5937,2021-11-17,0
2021-01-02,47,5984,2021-11-17,0
2021-01-03,37,6021,2021-11-17,0
2021-01-04,32,6053,2021-11-17,0
2021-01-05,40,6093,2021-11-17,0
2021-01-06,32,6125,2021-11-17,0
2021-01-07,37,6162,2021-11-17,0
2021-01-08,32,6194,2021-11-17,0
2021-01-09,26,6220,2021-11-17,0
2021-01-10,29,6249,2021-11-17,0
2021-01-11,26,6275,2021-11-17,0
2021-01-12,32,6307,2021-11-17,0
2021-01-13,23,6330,2021-11-17,0
2021-01-14,41,6371,2021-11-17,0
2021-01-15,26,6397,2021-11-17,0
2021-01-16,30,6427,2021-11-17,0
2021-01-17,21,6448,2021-11-17,0
2021-01-18,19,6467,2021-11-17,0
2021-01-19,14,6481,2021-11-17,0
2021-01-20,26,6507,2021-11-17,0
2021-01-21,16,6523,2021-11-17,0
2021-01-22,13,6536,2021-11-17,0
2021-01-23,17,6553,2021-11-17,0
2021-01-24,24,6577,2021-11-17,0
2021-01-25,19,6596,2021-11-17,0
2021-01-26,21,6617,2021-11-17,0
2021-01-27,11,6628,2021-11-17,0
2021-01-28,12,6640,2021-11-17,0
2021-01-29,15,6655,2021-11-17,0
2021-01-30,13,6668,2021-11-17,0
2021-01-31,16,6684,2021-11-17,0
2021-02-01,17,6701,2021-11-17,0
2021-02-02,10,6711,2021-11-17,0
2021-02-03,11,6722,2021-11-17,0
2021-02-04,11,6733,2021-11-17,0
2021-02-05,12,6745,2021-11-17,0
2021-02-06,12,6757,2021-11-17,0
2021-02-07,19,6776,2021-11-17,0
2021-02-08,11,6787,2021-11-17,0
2021-02-09,15,6802,2021-11-17,0
2021-02-10,14,6816,2021-11-17,0
2021-02-11,7,6823,2021-11-17,0
2021-02-12,13,6836,2021-11-17,0
2021-02-13,8,6844,2021-11-17,0
2021-02-14,10,6854,2021-11-17,0
2021-02-15,9,6863,2021-11-17,0
2021-02-16,12,6875,2021-11-17,0
2021-02-17,10,6885,2021-11-17,0
2021-02-18,7,6892,2021-11-17,0
2021-02-19,6,6898,2021-11-17,0
2021-02-20,7,6905,2021-11-17,0
2021-02-21,4,6909,2021-11-17,0
2021-02-22,5,6914,2021-11-17,0
2021-02-23,9,6923,2021-11-17,0
2021-02-24,5,6928,2021-11-17,0
2021-02-25,5,6933,2021-11-17,0
2021-02-26,7,6940,2021-11-17,0
2021-02-27,6,6946,2021-11-17,0
2021-02-28,8,6954,2021-11-17,0
2021-03-01,7,6961,2021-11-17,0
2021-03-02,3,6964,2021-11-17,0
2021-03-03,10,6974,2021-11-17,0
2021-03-04,6,6980,2021-11-17,0
2021-03-05,10,6990,2021-11-17,0
2021-03-06,5,6995,2021-11-17,0
2021-03-07,9,7004,2021-11-17,0
2021-03-08,5,7009,2021-11-17,0
2021-03-09,7,7016,2021-11-17,0
2021-03-10,5,7021,2021-11-17,0
2021-03-11,4,7025,2021-11-17,0
2021-03-12,11,7036,2021-11-17,0
2021-03-13,5,7041,2021-11-17,0
2021-03-14,5,7046,2021-11-17,0
2021-03-15,2,7048,2021-11-17,0
2021-03-16,6,7054,2021-11-17,0
2021-03-17,4,7058,2021-11-17,0
2021-03-18,5,7063,2021-11-17,0
2021-03-19,5,7068,2021-11-17,0
2021-03-20,9,7077,2021-11-17,0
2021-03-21,5,7082,2021-11-17,0
2021-03-22,4,7086,2021-11-17,0
2021-03-23,5,7091,2021-11-17,0
2021-03-24,1,7092,2021-11-17,0
2021-03-25,5,7097,2021-11-17,0
2021-03-26,3,7100,2021-11-17,0
2021-03-27,7,7107,2021-11-17,0
2021-03-28,6,7113,2021-11-17,0
2021-03-29,5,7118,2021-11-17,0
2021-03-30,6,7124,2021-11-17,0
2021-03-31,8,7132,2021-11-17,0
2021-04-01,6,7138,2021-11-17,0
2021-04-02,9,7147,2021-11-17,0
2021-04-03,8,7155,2021-11-17,0
2021-04-04,6,7161,2021-11-17,0
2021-04-05,8,7169,2021-11-17,0
2021-04-06,7,7176,2021-11-17,0
2021-04-07,6,7182,2021-11-17,0
2021-04-08,10,7192,2021-11-17,0
2021-04-09,7,7199,2021-11-17,0
2021-04-10,7,7206,2021-11-17,0
2021-04-11,8,7214,2021-11-17,0
2021-04-12,10,7224,2021-11-17,0
2021-04-13,7,7231,2021-11-17,0
2021-04-14,8,7239,2021-11-17,0
2021-04-15,14,7253,2021-11-17,0
2021-04-16,8,7261,2021-11-17,0
2021-04-17,8,7269,2021-11-17,0
2021-04-18,8,7277,2021-11-17,0
2021-04-19,10,7287,2021-11-17,0
2021-04-20,5,7292,2021-11-17,0
2021-04-21,8,7300,2021-11-17,0
2021-04-22,2,7302,2021-11-17,0
2021-04-23,15,7317,2021-11-17,0
2021-04-24,11,7328,2021-11-17,0
2021-04-25,15,7343,2021-11-17,0
2021-04-26,15,7358,2021-11-17,0
2021-04-27,7,7365,2021-11-17,0
2021-04-28,14,7379,2021-11-17,0
2021-04-29,8,7387,2021-11-17,0
2021-04-30,11,7398,2021-11-17,0
2021-05-01,7,7405,2021-11-17,0
2021-05-02,8,7413,2021-11-17,0
2021-05-03,5,7418,2021-11-17,0
2021-05-04,13,7431,2021-11-17,0
2021-05-05,8,7439,2021-11-17,0
2021-05-06,5,7444,2021-11-17,0
2021-05-07,8,7452,2021-11-17,0
2021-05-08,7,7459,2021-11-17,0
2021-05-09,9,7468,2021-11-17,0
2021-05-10,8,7476,2021-11-17,0
2021-05-11,6,7482,2021-11-17,0
2021-05-12,9,7491,2021-11-17,0
2021-05-13,9,7500,2021-11-17,0
2021-05-14,11,7511,2021-11-17,0
2021-05-15,10,7521,2021-11-17,0
2021-05-16,6,7527,2021-11-17,0
2021-05-17,6,7533,2021-11-17,0
2021-05-18,7,7540,2021-11-17,0
2021-05-19,2,7542,2021-11-17,0
2021-05-20,5,7547,2021-11-17,0
2021-05-21,7,7554,2021-11-17,0
2021-05-22,11,7565,2021-11-17,0
2021-05-23,5,7570,2021-11-17,0
2021-05-24,5,7575,2021-11-17,0
2021-05-25,6,7581,2021-11-17,0
2021-05-26,3,7584,2021-11-17,0
2021-05-27,7,7591,2021-11-17,0
2021-05-28,2,7593,2021-11-17,0
2021-05-29,6,7599,2021-11-17,0
2021-05-30,4,7603,2021-11-17,0
2021-05-31,3,7606,2021-11-17,0
2021-06-01,5,7611,2021-11-17,0
2021-06-02,8,7619,2021-11-17,0
2021-06-03,4,7623,2021-11-17,0
2021-06-04,4,7627,2021-11-17,0
2021-06-05,2,7629,2021-11-17,0
2021-06-06,5,7634,2021-11-17,0
2021-06-07,3,7637,2021-11-17,0
2021-06-08,5,7642,2021-11-17,0
2021-06-09,4,7646,2021-11-17,0
2021-06-10,6,7652,2021-11-17,0
2021-06-11,6,7658,2021-11-17,0
2021-06-12,4,7662,2021-11-17,0
2021-06-13,4,7666,2021-11-17,0
2021-06-14,3,7669,2021-11-17,0
2021-06-15,2,7671,2021-11-17,0
2021-06-16,2,7673,2021-11-17,0
2021-06-17,4,7677,2021-11-17,0
2021-06-18,1,7678,2021-11-17,0
2021-06-19,6,7684,2021-11-17,0
2021-06-20,1,7685,2021-11-17,0
2021-06-21,5,7690,2021-11-17,0
2021-06-22,3,7693,2021-11-17,0
2021-06-23,4,7697,2021-11-17,0
2021-06-24,3,7700,2021-11-17,0
2021-06-25,3,7703,2021-11-17,0
2021-06-26,4,7707,2021-11-17,0
2021-06-27,2,7709,2021-11-17,0
2021-06-28,2,7711,2021-11-17,0
2021-06-29,2,7713,2021-11-17,0
2021-06-30,2,7715,2021-11-17,0
2021-07-01,0,7715,2021-11-17,0
2021-07-02,2,7717,2021-11-17,0
2021-07-03,2,7719,2021-11-17,0
2021-07-04,3,7722,2021-11-17,0
2021-07-05,1,7723,2021-11-17,0
2021-07-06,4,7727,2021-11-17,0
2021-07-07,1,7728,2021-11-17,0
2021-07-08,1,7729,2021-11-17,0
2021-07-09,0,7729,2021-11-17,0
2021-07-10,1,7730,2021-11-17,0
2021-07-11,3,7733,2021-11-17,0
2021-07-12,1,7734,2021-11-17,0
2021-07-13,2,7736,2021-11-17,0
2021-07-14,2,7738,2021-11-17,0
2021-07-15,2,7740,2021-11-17,0
2021-07-16,1,7741,2021-11-17,0
2021-07-17,1,7742,2021-11-17,0
2021-07-18,0,7742,2021-11-17,0
2021-07-19,0,7742,2021-11-17,0
2021-07-20,2,7744,2021-11-17,0
2021-07-21,2,7746,2021-11-17,0
2021-07-22,2,7748,2021-11-17,0
2021-07-23,3,7751,2021-11-17,0
2021-07-24,0,7751,2021-11-17,0
2021-07-25,2,7753,2021-11-17,0
2021-07-26,1,7754,2021-11-17,0
2021-07-27,2,7756,2021-11-17,0
2021-07-28,3,7759,2021-11-17,0
2021-07-29,2,7761,2021-11-17,0
2021-07-30,5,7766,2021-11-17,0
2021-07-31,4,7770,2021-11-17,0
2021-08-01,1,7771,2021-11-17,0
2021-08-02,3,7774,2021-11-17,0
2021-08-03,2,7776,2021-11-17,0
2021-08-04,3,7779,2021-11-17,0
2021-08-05,2,7781,2021-11-17,0
2021-08-06,7,7788,2021-11-17,0
2021-08-07,3,7791,2021-11-17,0
2021-08-08,2,7793,2021-11-17,0
2021-08-09,3,7796,2021-11-17,0
2021-08-10,2,7798,2021-11-17,0
2021-08-11,2,7800,2021-11-17,0
2021-08-12,7,7807,2021-11-17,0
2021-08-13,5,7812,2021-11-17,0
2021-08-14,6,7818,2021-11-17,0
2021-08-15,0,7818,2021-11-17,0
2021-08-16,7,7825,2021-11-17,0
2021-08-17,7,7832,2021-11-17,0
2021-08-18,9,7841,2021-11-17,0
2021-08-19,2,7843,2021-11-17,0
2021-08-20,3,7846,2021-11-17,0
2021-08-21,5,7851,2021-11-17,0
2021-08-22,7,7858,2021-11-17,0
2021-08-23,5,7863,2021-11-17,0
2021-08-24,12,7875,2021-11-17,0
2021-08-25,7,7882,2021-11-17,0
2021-08-26,2,7884,2021-11-17,0
2021-08-27,6,7890,2021-11-17,0
2021-08-28,11,7901,2021-11-17,0
2021-08-29,11,7912,2021-11-17,0
2021-08-30,8,7920,2021-11-17,0
2021-08-31,6,7926,2021-11-17,0
2021-09-01,6,7932,2021-11-17,0
2021-09-02,6,7938,2021-11-17,0
2021-09-03,9,7947,2021-11-17,0
2021-09-04,9,7956,2021-11-17,0
2021-09-05,10,7966,2021-11-17,0
2021-09-06,8,7974,2021-11-17,0
2021-09-07,7,7981,2021-11-17,0
2021-09-08,11,7992,2021-11-17,0
2021-09-09,5,7997,2021-11-17,0
2021-09-10,9,8006,2021-11-17,0
2021-09-11,17,8023,2021-11-17,0
2021-09-12,10,8033,2021-11-17,0
2021-09-13,7,8040,2021-11-17,0
2021-09-14,11,8051,2021-11-17,0
2021-09-15,14,8065,2021-11-17,0
2021-09-16,16,8081,2021-11-17,0
2021-09-17,8,8089,2021-11-17,0
2021-09-18,13,8102,2021-11-17,0
2021-09-19,11,8113,2021-11-17,0
2021-09-20,15,8128,2021-11-17,0
2021-09-21,15,8143,2021-11-17,0
2021-09-22,17,8160,2021-11-17,0
2021-09-23,13,8173,2021-11-17,0
2021-09-24,13,8186,2021-11-17,0
2021-09-25,16,8202,2021-11-17,0
2021-09-26,15,8217,2021-11-17,0
2021-09-27,15,8232,2021-11-17,0
2021-09-28,11,8243,2021-11-17,0
2021-09-29,19,8262,2021-11-17,0
2021-09-30,17,8279,2021-11-17,0
2021-10-01,13,8292,2021-11-17,0
2021-10-02,13,8305,2021-11-17,0
2021-10-03,23,8328,2021-11-17,0
2021-10-04,13,8341,2021-11-17,0
2021-10-05,23,8364,2021-11-17,0
2021-10-06,20,8384,2021-11-17,0
2021-10-07,13,8397,2021-11-17,0
2021-10-08,22,8419,2021-11-17,0
2021-10-09,20,8439,2021-11-17,0
2021-10-10,13,8452,2021-11-17,0
2021-10-11,11,8463,2021-11-17,0
2021-10-12,25,8488,2021-11-17,0
2021-10-13,20,8508,2021-11-17,0
2021-10-14,20,8528,2021-11-17,0
2021-10-15,14,8542,2021-11-17,0
2021-10-16,19,8561,2021-11-17,0
2021-10-17,17,8578,2021-11-17,0
2021-10-18,16,8594,2021-11-17,0
2021-10-19,25,8619,2021-11-17,0
2021-10-20,15,8634,2021-11-17,0
2021-10-21,7,8641,2021-11-17,0
2021-10-22,23,8664,2021-11-17,0
2021-10-23,24,8688,2021-11-17,0
2021-10-24,23,8711,2021-11-17,0
2021-10-25,19,8730,2021-11-17,0
2021-10-26,21,8751,2021-11-17,0
2021-10-27,14,8765,2021-11-17,0
2021-10-28,22,8787,2021-11-17,0
2021-10-29,19,8806,2021-11-17,0
2021-10-30,18,8824,2021-11-17,0
2021-10-31,23,8847,2021-11-17,0
2021-11-01,17,8864,2021-11-17,0
2021-11-02,18,8882,2021-11-17,0
2021-11-03,25,8907,2021-11-17,0
2021-11-04,25,8932,2021-11-17,1
2021-11-05,28,8960,2021-11-17,0
2021-11-06,12,8972,2021-11-17,0
2021-11-07,21,8993,2021-11-17,2
2021-11-08,25,9018,2021-11-17,2
2021-11-09,12,9030,2021-11-17,4
2021-11-10,16,9046,2021-11-17,0
2021-11-11,14,9060,2021-11-17,4
2021-11-12,12,9072,2021-11-17,12
2021-11-13,13,9085,2021-11-17,13
2021-11-14,8,9093,2021-11-17,8
NA,0,9093,2021-11-17,0
2020-03-19,1,1,2021-11-18,0
2020-03-20,0,1,2021-11-18,0
2020-03-21,0,1,2021-11-18,0
2020-03-22,0,1,2021-11-18,0
2020-03-23,0,1,2021-11-18,0
2020-03-24,1,2,2021-11-18,0
2020-03-25,1,3,2021-11-18,0
2020-03-26,1,4,2021-11-18,0
2020-03-27,5,9,2021-11-18,0
2020-03-28,3,12,2021-11-18,0
2020-03-29,0,12,2021-11-18,0
2020-03-30,5,17,2021-11-18,0
2020-03-31,2,19,2021-11-18,0
2020-04-01,5,24,2021-11-18,0
2020-04-02,3,27,2021-11-18,0
2020-04-03,1,28,2021-11-18,0
2020-04-04,5,33,2021-11-18,0
2020-04-05,5,38,2021-11-18,0
2020-04-06,10,48,2021-11-18,0
2020-04-07,6,54,2021-11-18,0
2020-04-08,7,61,2021-11-18,0
2020-04-09,8,69,2021-11-18,0
2020-04-10,6,75,2021-11-18,0
2020-04-11,4,79,2021-11-18,0
2020-04-12,4,83,2021-11-18,0
2020-04-13,10,93,2021-11-18,0
2020-04-14,6,99,2021-11-18,0
2020-04-15,17,116,2021-11-18,0
2020-04-16,10,126,2021-11-18,0
2020-04-17,17,143,2021-11-18,0
2020-04-18,17,160,2021-11-18,0
2020-04-19,16,176,2021-11-18,0
2020-04-20,21,197,2021-11-18,0
2020-04-21,26,223,2021-11-18,0
2020-04-22,21,244,2021-11-18,0
2020-04-23,19,263,2021-11-18,0
2020-04-24,23,286,2021-11-18,0
2020-04-25,18,304,2021-11-18,0
2020-04-26,17,321,2021-11-18,0
2020-04-27,21,342,2021-11-18,0
2020-04-28,16,358,2021-11-18,0
2020-04-29,29,387,2021-11-18,0
2020-04-30,18,405,2021-11-18,0
2020-05-01,30,435,2021-11-18,0
2020-05-02,19,454,2021-11-18,0
2020-05-03,29,483,2021-11-18,0
2020-05-04,23,506,2021-11-18,0
2020-05-05,19,525,2021-11-18,0
2020-05-06,25,550,2021-11-18,0
2020-05-07,30,580,2021-11-18,0
2020-05-08,20,600,2021-11-18,0
2020-05-09,26,626,2021-11-18,0
2020-05-10,19,645,2021-11-18,0
2020-05-11,25,670,2021-11-18,0
2020-05-12,20,690,2021-11-18,0
2020-05-13,22,712,2021-11-18,0
2020-05-14,20,732,2021-11-18,0
2020-05-15,20,752,2021-11-18,0
2020-05-16,20,772,2021-11-18,0
2020-05-17,23,795,2021-11-18,0
2020-05-18,18,813,2021-11-18,0
2020-05-19,35,848,2021-11-18,0
2020-05-20,24,872,2021-11-18,0
2020-05-21,17,889,2021-11-18,0
2020-05-22,20,909,2021-11-18,0
2020-05-23,26,935,2021-11-18,0
2020-05-24,25,960,2021-11-18,0
2020-05-25,30,990,2021-11-18,0
2020-05-26,29,1019,2021-11-18,0
2020-05-27,25,1044,2021-11-18,0
2020-05-28,21,1065,2021-11-18,0
2020-05-29,17,1082,2021-11-18,0
2020-05-30,11,1093,2021-11-18,0
2020-05-31,20,1113,2021-11-18,0
2020-06-01,23,1136,2021-11-18,0
2020-06-02,21,1157,2021-11-18,0
2020-06-03,25,1182,2021-11-18,0
2020-06-04,26,1208,2021-11-18,0
2020-06-05,18,1226,2021-11-18,0
2020-06-06,12,1238,2021-11-18,0
2020-06-07,22,1260,2021-11-18,0
2020-06-08,12,1272,2021-11-18,0
2020-06-09,13,1285,2021-11-18,0
2020-06-10,10,1295,2021-11-18,0
2020-06-11,12,1307,2021-11-18,0
2020-06-12,11,1318,2021-11-18,0
2020-06-13,13,1331,2021-11-18,0
2020-06-14,11,1342,2021-11-18,0
2020-06-15,8,1350,2021-11-18,0
2020-06-16,9,1359,2021-11-18,0
2020-06-17,17,1376,2021-11-18,0
2020-06-18,9,1385,2021-11-18,0
2020-06-19,8,1393,2021-11-18,0
2020-06-20,12,1405,2021-11-18,0
2020-06-21,11,1416,2021-11-18,0
2020-06-22,6,1422,2021-11-18,0
2020-06-23,10,1432,2021-11-18,0
2020-06-24,1,1433,2021-11-18,0
2020-06-25,9,1442,2021-11-18,0
2020-06-26,6,1448,2021-11-18,0
2020-06-27,5,1453,2021-11-18,0
2020-06-28,11,1464,2021-11-18,0
2020-06-29,7,1471,2021-11-18,0
2020-06-30,9,1480,2021-11-18,0
2020-07-01,2,1482,2021-11-18,0
2020-07-02,3,1485,2021-11-18,0
2020-07-03,5,1490,2021-11-18,0
2020-07-04,4,1494,2021-11-18,0
2020-07-05,6,1500,2021-11-18,0
2020-07-06,4,1504,2021-11-18,0
2020-07-07,2,1506,2021-11-18,0
2020-07-08,9,1515,2021-11-18,0
2020-07-09,4,1519,2021-11-18,0
2020-07-10,3,1522,2021-11-18,0
2020-07-11,4,1526,2021-11-18,0
2020-07-12,6,1532,2021-11-18,0
2020-07-13,2,1534,2021-11-18,0
2020-07-14,6,1540,2021-11-18,0
2020-07-15,7,1547,2021-11-18,0
2020-07-16,3,1550,2021-11-18,0
2020-07-17,7,1557,2021-11-18,0
2020-07-18,6,1563,2021-11-18,0
2020-07-19,5,1568,2021-11-18,0
2020-07-20,3,1571,2021-11-18,0
2020-07-21,6,1577,2021-11-18,0
2020-07-22,5,1582,2021-11-18,0
2020-07-23,8,1590,2021-11-18,0
2020-07-24,6,1596,2021-11-18,0
2020-07-25,2,1598,2021-11-18,0
2020-07-26,5,1603,2021-11-18,0
2020-07-27,5,1608,2021-11-18,0
2020-07-28,7,1615,2021-11-18,0
2020-07-29,3,1618,2021-11-18,0
2020-07-30,6,1624,2021-11-18,0
2020-07-31,9,1633,2021-11-18,0
2020-08-01,4,1637,2021-11-18,0
2020-08-02,7,1644,2021-11-18,0
2020-08-03,4,1648,2021-11-18,0
2020-08-04,7,1655,2021-11-18,0
2020-08-05,8,1663,2021-11-18,0
2020-08-06,9,1672,2021-11-18,0
2020-08-07,7,1679,2021-11-18,0
2020-08-08,6,1685,2021-11-18,0
2020-08-09,10,1695,2021-11-18,0
2020-08-10,3,1698,2021-11-18,0
2020-08-11,9,1707,2021-11-18,0
2020-08-12,7,1714,2021-11-18,0
2020-08-13,5,1719,2021-11-18,0
2020-08-14,9,1728,2021-11-18,0
2020-08-15,13,1741,2021-11-18,0
2020-08-16,13,1754,2021-11-18,0
2020-08-17,6,1760,2021-11-18,0
2020-08-18,11,1771,2021-11-18,0
2020-08-19,3,1774,2021-11-18,0
2020-08-20,10,1784,2021-11-18,0
2020-08-21,12,1796,2021-11-18,0
2020-08-22,9,1805,2021-11-18,0
2020-08-23,7,1812,2021-11-18,0
2020-08-24,9,1821,2021-11-18,0
2020-08-25,4,1825,2021-11-18,0
2020-08-26,3,1828,2021-11-18,0
2020-08-27,7,1835,2021-11-18,0
2020-08-28,6,1841,2021-11-18,0
2020-08-29,3,1844,2021-11-18,0
2020-08-30,5,1849,2021-11-18,0
2020-08-31,9,1858,2021-11-18,0
2020-09-01,2,1860,2021-11-18,0
2020-09-02,7,1867,2021-11-18,0
2020-09-03,12,1879,2021-11-18,0
2020-09-04,4,1883,2021-11-18,0
2020-09-05,6,1889,2021-11-18,0
2020-09-06,12,1901,2021-11-18,0
2020-09-07,3,1904,2021-11-18,0
2020-09-08,6,1910,2021-11-18,0
2020-09-09,10,1920,2021-11-18,0
2020-09-10,9,1929,2021-11-18,0
2020-09-11,11,1940,2021-11-18,0
2020-09-12,8,1948,2021-11-18,0
2020-09-13,8,1956,2021-11-18,0
2020-09-14,2,1958,2021-11-18,0
2020-09-15,7,1965,2021-11-18,0
2020-09-16,9,1974,2021-11-18,0
2020-09-17,5,1979,2021-11-18,0
2020-09-18,6,1985,2021-11-18,0
2020-09-19,4,1989,2021-11-18,0
2020-09-20,9,1998,2021-11-18,0
2020-09-21,7,2005,2021-11-18,0
2020-09-22,8,2013,2021-11-18,0
2020-09-23,9,2022,2021-11-18,0
2020-09-24,8,2030,2021-11-18,0
2020-09-25,11,2041,2021-11-18,0
2020-09-26,9,2050,2021-11-18,0
2020-09-27,14,2064,2021-11-18,0
2020-09-28,11,2075,2021-11-18,0
2020-09-29,5,2080,2021-11-18,0
2020-09-30,16,2096,2021-11-18,0
2020-10-01,7,2103,2021-11-18,0
2020-10-02,13,2116,2021-11-18,0
2020-10-03,9,2125,2021-11-18,0
2020-10-04,7,2132,2021-11-18,0
2020-10-05,10,2142,2021-11-18,0
2020-10-06,13,2155,2021-11-18,0
2020-10-07,19,2174,2021-11-18,0
2020-10-08,9,2183,2021-11-18,0
2020-10-09,17,2200,2021-11-18,0
2020-10-10,16,2216,2021-11-18,0
2020-10-11,16,2232,2021-11-18,0
2020-10-12,20,2252,2021-11-18,0
2020-10-13,14,2266,2021-11-18,0
2020-10-14,10,2276,2021-11-18,0
2020-10-15,9,2285,2021-11-18,0
2020-10-16,12,2297,2021-11-18,0
2020-10-17,18,2315,2021-11-18,0
2020-10-18,25,2340,2021-11-18,0
2020-10-19,18,2358,2021-11-18,0
2020-10-20,15,2373,2021-11-18,0
2020-10-21,24,2397,2021-11-18,0
2020-10-22,18,2415,2021-11-18,0
2020-10-23,19,2434,2021-11-18,0
2020-10-24,8,2442,2021-11-18,0
2020-10-25,17,2459,2021-11-18,0
2020-10-26,25,2484,2021-11-18,0
2020-10-27,23,2507,2021-11-18,0
2020-10-28,29,2536,2021-11-18,0
2020-10-29,18,2554,2021-11-18,0
2020-10-30,27,2581,2021-11-18,0
2020-10-31,25,2606,2021-11-18,0
2020-11-01,21,2627,2021-11-18,0
2020-11-02,25,2652,2021-11-18,0
2020-11-03,25,2677,2021-11-18,0
2020-11-04,33,2710,2021-11-18,0
2020-11-05,38,2748,2021-11-18,0
2020-11-06,39,2787,2021-11-18,0
2020-11-07,42,2829,2021-11-18,0
2020-11-08,47,2876,2021-11-18,0
2020-11-09,36,2912,2021-11-18,0
2020-11-10,35,2947,2021-11-18,0
2020-11-11,43,2990,2021-11-18,0
2020-11-12,45,3035,2021-11-18,0
2020-11-13,40,3075,2021-11-18,0
2020-11-14,47,3122,2021-11-18,0
2020-11-15,46,3168,2021-11-18,0
2020-11-16,62,3230,2021-11-18,0
2020-11-17,56,3286,2021-11-18,0
2020-11-18,61,3347,2021-11-18,0
2020-11-19,60,3407,2021-11-18,0
2020-11-20,63,3470,2021-11-18,0
2020-11-21,58,3528,2021-11-18,0
2020-11-22,67,3595,2021-11-18,0
2020-11-23,59,3654,2021-11-18,0
2020-11-24,69,3723,2021-11-18,0
2020-11-25,72,3795,2021-11-18,0
2020-11-26,54,3849,2021-11-18,0
2020-11-27,69,3918,2021-11-18,0
2020-11-28,62,3980,2021-11-18,0
2020-11-29,68,4048,2021-11-18,0
2020-11-30,61,4109,2021-11-18,0
2020-12-01,64,4173,2021-11-18,0
2020-12-02,73,4246,2021-11-18,0
2020-12-03,86,4332,2021-11-18,0
2020-12-04,67,4399,2021-11-18,0
2020-12-05,74,4473,2021-11-18,0
2020-12-06,80,4553,2021-11-18,0
2020-12-07,75,4628,2021-11-18,0
2020-12-08,61,4689,2021-11-18,0
2020-12-09,71,4760,2021-11-18,0
2020-12-10,72,4832,2021-11-18,0
2020-12-11,71,4903,2021-11-18,0
2020-12-12,72,4975,2021-11-18,0
2020-12-13,56,5031,2021-11-18,0
2020-12-14,43,5074,2021-11-18,0
2020-12-15,65,5139,2021-11-18,0
2020-12-16,73,5212,2021-11-18,0
2020-12-17,60,5272,2021-11-18,0
2020-12-18,59,5331,2021-11-18,0
2020-12-19,56,5387,2021-11-18,0
2020-12-20,61,5448,2021-11-18,0
2020-12-21,58,5506,2021-11-18,0
2020-12-22,33,5539,2021-11-18,0
2020-12-23,46,5585,2021-11-18,0
2020-12-24,50,5635,2021-11-18,0
2020-12-25,36,5671,2021-11-18,0
2020-12-26,43,5714,2021-11-18,0
2020-12-27,41,5755,2021-11-18,0
2020-12-28,34,5789,2021-11-18,0
2020-12-29,37,5826,2021-11-18,0
2020-12-30,47,5873,2021-11-18,0
2020-12-31,36,5909,2021-11-18,0
2021-01-01,28,5937,2021-11-18,0
2021-01-02,47,5984,2021-11-18,0
2021-01-03,37,6021,2021-11-18,0
2021-01-04,32,6053,2021-11-18,0
2021-01-05,40,6093,2021-11-18,0
2021-01-06,32,6125,2021-11-18,0
2021-01-07,37,6162,2021-11-18,0
2021-01-08,32,6194,2021-11-18,0
2021-01-09,26,6220,2021-11-18,0
2021-01-10,29,6249,2021-11-18,0
2021-01-11,26,6275,2021-11-18,0
2021-01-12,32,6307,2021-11-18,0
2021-01-13,23,6330,2021-11-18,0
2021-01-14,41,6371,2021-11-18,0
2021-01-15,26,6397,2021-11-18,0
2021-01-16,30,6427,2021-11-18,0
2021-01-17,21,6448,2021-11-18,0
2021-01-18,19,6467,2021-11-18,0
2021-01-19,14,6481,2021-11-18,0
2021-01-20,26,6507,2021-11-18,0
2021-01-21,16,6523,2021-11-18,0
2021-01-22,13,6536,2021-11-18,0
2021-01-23,17,6553,2021-11-18,0
2021-01-24,24,6577,2021-11-18,0
2021-01-25,19,6596,2021-11-18,0
2021-01-26,21,6617,2021-11-18,0
2021-01-27,11,6628,2021-11-18,0
2021-01-28,12,6640,2021-11-18,0
2021-01-29,15,6655,2021-11-18,0
2021-01-30,13,6668,2021-11-18,0
2021-01-31,16,6684,2021-11-18,0
2021-02-01,17,6701,2021-11-18,0
2021-02-02,10,6711,2021-11-18,0
2021-02-03,11,6722,2021-11-18,0
2021-02-04,11,6733,2021-11-18,0
2021-02-05,12,6745,2021-11-18,0
2021-02-06,12,6757,2021-11-18,0
2021-02-07,19,6776,2021-11-18,0
2021-02-08,11,6787,2021-11-18,0
2021-02-09,15,6802,2021-11-18,0
2021-02-10,14,6816,2021-11-18,0
2021-02-11,7,6823,2021-11-18,0
2021-02-12,13,6836,2021-11-18,0
2021-02-13,8,6844,2021-11-18,0
2021-02-14,10,6854,2021-11-18,0
2021-02-15,9,6863,2021-11-18,0
2021-02-16,12,6875,2021-11-18,0
2021-02-17,10,6885,2021-11-18,0
2021-02-18,7,6892,2021-11-18,0
2021-02-19,6,6898,2021-11-18,0
2021-02-20,7,6905,2021-11-18,0
2021-02-21,4,6909,2021-11-18,0
2021-02-22,5,6914,2021-11-18,0
2021-02-23,9,6923,2021-11-18,0
2021-02-24,5,6928,2021-11-18,0
2021-02-25,5,6933,2021-11-18,0
2021-02-26,7,6940,2021-11-18,0
2021-02-27,6,6946,2021-11-18,0
2021-02-28,8,6954,2021-11-18,0
2021-03-01,7,6961,2021-11-18,0
2021-03-02,3,6964,2021-11-18,0
2021-03-03,10,6974,2021-11-18,0
2021-03-04,6,6980,2021-11-18,0
2021-03-05,10,6990,2021-11-18,0
2021-03-06,5,6995,2021-11-18,0
2021-03-07,9,7004,2021-11-18,0
2021-03-08,5,7009,2021-11-18,0
2021-03-09,7,7016,2021-11-18,0
2021-03-10,5,7021,2021-11-18,0
2021-03-11,4,7025,2021-11-18,0
2021-03-12,11,7036,2021-11-18,0
2021-03-13,5,7041,2021-11-18,0
2021-03-14,5,7046,2021-11-18,0
2021-03-15,2,7048,2021-11-18,0
2021-03-16,6,7054,2021-11-18,0
2021-03-17,4,7058,2021-11-18,0
2021-03-18,5,7063,2021-11-18,0
2021-03-19,5,7068,2021-11-18,0
2021-03-20,9,7077,2021-11-18,0
2021-03-21,5,7082,2021-11-18,0
2021-03-22,4,7086,2021-11-18,0
2021-03-23,5,7091,2021-11-18,0
2021-03-24,1,7092,2021-11-18,0
2021-03-25,5,7097,2021-11-18,0
2021-03-26,3,7100,2021-11-18,0
2021-03-27,7,7107,2021-11-18,0
2021-03-28,6,7113,2021-11-18,0
2021-03-29,5,7118,2021-11-18,0
2021-03-30,6,7124,2021-11-18,0
2021-03-31,8,7132,2021-11-18,0
2021-04-01,6,7138,2021-11-18,0
2021-04-02,9,7147,2021-11-18,0
2021-04-03,8,7155,2021-11-18,0
2021-04-04,6,7161,2021-11-18,0
2021-04-05,8,7169,2021-11-18,0
2021-04-06,7,7176,2021-11-18,0
2021-04-07,6,7182,2021-11-18,0
2021-04-08,10,7192,2021-11-18,0
2021-04-09,7,7199,2021-11-18,0
2021-04-10,7,7206,2021-11-18,0
2021-04-11,8,7214,2021-11-18,0
2021-04-12,10,7224,2021-11-18,0
2021-04-13,7,7231,2021-11-18,0
2021-04-14,8,7239,2021-11-18,0
2021-04-15,14,7253,2021-11-18,0
2021-04-16,8,7261,2021-11-18,0
2021-04-17,8,7269,2021-11-18,0
2021-04-18,8,7277,2021-11-18,0
2021-04-19,10,7287,2021-11-18,0
2021-04-20,5,7292,2021-11-18,0
2021-04-21,8,7300,2021-11-18,0
2021-04-22,2,7302,2021-11-18,0
2021-04-23,15,7317,2021-11-18,0
2021-04-24,11,7328,2021-11-18,0
2021-04-25,15,7343,2021-11-18,0
2021-04-26,15,7358,2021-11-18,0
2021-04-27,7,7365,2021-11-18,0
2021-04-28,14,7379,2021-11-18,0
2021-04-29,8,7387,2021-11-18,0
2021-04-30,11,7398,2021-11-18,0
2021-05-01,7,7405,2021-11-18,0
2021-05-02,8,7413,2021-11-18,0
2021-05-03,5,7418,2021-11-18,0
2021-05-04,13,7431,2021-11-18,0
2021-05-05,8,7439,2021-11-18,0
2021-05-06,5,7444,2021-11-18,0
2021-05-07,8,7452,2021-11-18,0
2021-05-08,7,7459,2021-11-18,0
2021-05-09,9,7468,2021-11-18,0
2021-05-10,8,7476,2021-11-18,0
2021-05-11,6,7482,2021-11-18,0
2021-05-12,9,7491,2021-11-18,0
2021-05-13,9,7500,2021-11-18,0
2021-05-14,11,7511,2021-11-18,0
2021-05-15,10,7521,2021-11-18,0
2021-05-16,6,7527,2021-11-18,0
2021-05-17,6,7533,2021-11-18,0
2021-05-18,7,7540,2021-11-18,0
2021-05-19,2,7542,2021-11-18,0
2021-05-20,5,7547,2021-11-18,0
2021-05-21,7,7554,2021-11-18,0
2021-05-22,11,7565,2021-11-18,0
2021-05-23,5,7570,2021-11-18,0
2021-05-24,5,7575,2021-11-18,0
2021-05-25,6,7581,2021-11-18,0
2021-05-26,3,7584,2021-11-18,0
2021-05-27,7,7591,2021-11-18,0
2021-05-28,2,7593,2021-11-18,0
2021-05-29,6,7599,2021-11-18,0
2021-05-30,4,7603,2021-11-18,0
2021-05-31,3,7606,2021-11-18,0
2021-06-01,5,7611,2021-11-18,0
2021-06-02,8,7619,2021-11-18,0
2021-06-03,4,7623,2021-11-18,0
2021-06-04,4,7627,2021-11-18,0
2021-06-05,2,7629,2021-11-18,0
2021-06-06,5,7634,2021-11-18,0
2021-06-07,3,7637,2021-11-18,0
2021-06-08,5,7642,2021-11-18,0
2021-06-09,4,7646,2021-11-18,0
2021-06-10,6,7652,2021-11-18,0
2021-06-11,6,7658,2021-11-18,0
2021-06-12,4,7662,2021-11-18,0
2021-06-13,4,7666,2021-11-18,0
2021-06-14,3,7669,2021-11-18,0
2021-06-15,2,7671,2021-11-18,0
2021-06-16,2,7673,2021-11-18,0
2021-06-17,4,7677,2021-11-18,0
2021-06-18,1,7678,2021-11-18,0
2021-06-19,6,7684,2021-11-18,0
2021-06-20,1,7685,2021-11-18,0
2021-06-21,5,7690,2021-11-18,0
2021-06-22,3,7693,2021-11-18,0
2021-06-23,4,7697,2021-11-18,0
2021-06-24,3,7700,2021-11-18,0
2021-06-25,3,7703,2021-11-18,0
2021-06-26,4,7707,2021-11-18,0
2021-06-27,2,7709,2021-11-18,0
2021-06-28,2,7711,2021-11-18,0
2021-06-29,2,7713,2021-11-18,0
2021-06-30,2,7715,2021-11-18,0
2021-07-01,0,7715,2021-11-18,0
2021-07-02,2,7717,2021-11-18,0
2021-07-03,2,7719,2021-11-18,0
2021-07-04,3,7722,2021-11-18,0
2021-07-05,1,7723,2021-11-18,0
2021-07-06,4,7727,2021-11-18,0
2021-07-07,1,7728,2021-11-18,0
2021-07-08,1,7729,2021-11-18,0
2021-07-09,0,7729,2021-11-18,0
2021-07-10,1,7730,2021-11-18,0
2021-07-11,3,7733,2021-11-18,0
2021-07-12,1,7734,2021-11-18,0
2021-07-13,2,7736,2021-11-18,0
2021-07-14,2,7738,2021-11-18,0
2021-07-15,2,7740,2021-11-18,0
2021-07-16,1,7741,2021-11-18,0
2021-07-17,1,7742,2021-11-18,0
2021-07-18,0,7742,2021-11-18,0
2021-07-19,0,7742,2021-11-18,0
2021-07-20,2,7744,2021-11-18,0
2021-07-21,2,7746,2021-11-18,0
2021-07-22,2,7748,2021-11-18,0
2021-07-23,3,7751,2021-11-18,0
2021-07-24,0,7751,2021-11-18,0
2021-07-25,2,7753,2021-11-18,0
2021-07-26,1,7754,2021-11-18,0
2021-07-27,2,7756,2021-11-18,0
2021-07-28,3,7759,2021-11-18,0
2021-07-29,2,7761,2021-11-18,0
2021-07-30,5,7766,2021-11-18,0
2021-07-31,4,7770,2021-11-18,0
2021-08-01,1,7771,2021-11-18,0
2021-08-02,3,7774,2021-11-18,0
2021-08-03,2,7776,2021-11-18,0
2021-08-04,3,7779,2021-11-18,0
2021-08-05,2,7781,2021-11-18,0
2021-08-06,7,7788,2021-11-18,0
2021-08-07,3,7791,2021-11-18,0
2021-08-08,2,7793,2021-11-18,0
2021-08-09,3,7796,2021-11-18,0
2021-08-10,2,7798,2021-11-18,0
2021-08-11,2,7800,2021-11-18,0
2021-08-12,7,7807,2021-11-18,0
2021-08-13,5,7812,2021-11-18,0
2021-08-14,6,7818,2021-11-18,0
2021-08-15,0,7818,2021-11-18,0
2021-08-16,7,7825,2021-11-18,0
2021-08-17,7,7832,2021-11-18,0
2021-08-18,9,7841,2021-11-18,0
2021-08-19,2,7843,2021-11-18,0
2021-08-20,3,7846,2021-11-18,0
2021-08-21,5,7851,2021-11-18,0
2021-08-22,7,7858,2021-11-18,0
2021-08-23,5,7863,2021-11-18,0
2021-08-24,12,7875,2021-11-18,0
2021-08-25,7,7882,2021-11-18,0
2021-08-26,2,7884,2021-11-18,0
2021-08-27,6,7890,2021-11-18,0
2021-08-28,11,7901,2021-11-18,0
2021-08-29,11,7912,2021-11-18,0
2021-08-30,8,7920,2021-11-18,0
2021-08-31,6,7926,2021-11-18,0
2021-09-01,6,7932,2021-11-18,0
2021-09-02,6,7938,2021-11-18,0
2021-09-03,9,7947,2021-11-18,0
2021-09-04,9,7956,2021-11-18,0
2021-09-05,10,7966,2021-11-18,0
2021-09-06,8,7974,2021-11-18,0
2021-09-07,7,7981,2021-11-18,0
2021-09-08,11,7992,2021-11-18,0
2021-09-09,5,7997,2021-11-18,0
2021-09-10,9,8006,2021-11-18,0
2021-09-11,17,8023,2021-11-18,0
2021-09-12,10,8033,2021-11-18,0
2021-09-13,7,8040,2021-11-18,0
2021-09-14,11,8051,2021-11-18,0
2021-09-15,14,8065,2021-11-18,0
2021-09-16,16,8081,2021-11-18,0
2021-09-17,8,8089,2021-11-18,0
2021-09-18,13,8102,2021-11-18,0
2021-09-19,11,8113,2021-11-18,0
2021-09-20,15,8128,2021-11-18,0
2021-09-21,15,8143,2021-11-18,0
2021-09-22,17,8160,2021-11-18,0
2021-09-23,13,8173,2021-11-18,0
2021-09-24,13,8186,2021-11-18,0
2021-09-25,16,8202,2021-11-18,0
2021-09-26,15,8217,2021-11-18,0
2021-09-27,15,8232,2021-11-18,0
2021-09-28,11,8243,2021-11-18,0
2021-09-29,19,8262,2021-11-18,0
2021-09-30,17,8279,2021-11-18,0
2021-10-01,13,8292,2021-11-18,0
2021-10-02,13,8305,2021-11-18,0
2021-10-03,23,8328,2021-11-18,0
2021-10-04,13,8341,2021-11-18,0
2021-10-05,23,8364,2021-11-18,0
2021-10-06,20,8384,2021-11-18,0
2021-10-07,13,8397,2021-11-18,0
2021-10-08,22,8419,2021-11-18,0
2021-10-09,20,8439,2021-11-18,0
2021-10-10,13,8452,2021-11-18,0
2021-10-11,11,8463,2021-11-18,0
2021-10-12,25,8488,2021-11-18,0
2021-10-13,20,8508,2021-11-18,0
2021-10-14,20,8528,2021-11-18,0
2021-10-15,14,8542,2021-11-18,0
2021-10-16,19,8561,2021-11-18,0
2021-10-17,17,8578,2021-11-18,0
2021-10-18,16,8594,2021-11-18,0
2021-10-19,25,8619,2021-11-18,0
2021-10-20,15,8634,2021-11-18,0
2021-10-21,8,8642,2021-11-18,1
2021-10-22,23,8665,2021-11-18,0
2021-10-23,24,8689,2021-11-18,0
2021-10-24,23,8712,2021-11-18,0
2021-10-25,19,8731,2021-11-18,0
2021-10-26,21,8752,2021-11-18,0
2021-10-27,14,8766,2021-11-18,0
2021-10-28,23,8789,2021-11-18,1
2021-10-29,19,8808,2021-11-18,0
2021-10-30,18,8826,2021-11-18,0
2021-10-31,23,8849,2021-11-18,0
2021-11-01,17,8866,2021-11-18,0
2021-11-02,18,8884,2021-11-18,0
2021-11-03,25,8909,2021-11-18,0
2021-11-04,25,8934,2021-11-18,0
2021-11-05,28,8962,2021-11-18,0
2021-11-06,13,8975,2021-11-18,1
2021-11-07,21,8996,2021-11-18,0
2021-11-08,25,9021,2021-11-18,0
2021-11-09,13,9034,2021-11-18,1
2021-11-10,17,9051,2021-11-18,1
2021-11-11,17,9068,2021-11-18,3
2021-11-12,13,9081,2021-11-18,1
2021-11-13,21,9102,2021-11-18,8
2021-11-14,13,9115,2021-11-18,5
2021-11-15,10,9125,2021-11-18,10
NA,0,9125,2021-11-18,0
2020-03-19,1,1,2021-11-19,0
2020-03-20,0,1,2021-11-19,0
2020-03-21,0,1,2021-11-19,0
2020-03-22,0,1,2021-11-19,0
2020-03-23,0,1,2021-11-19,0
2020-03-24,1,2,2021-11-19,0
2020-03-25,1,3,2021-11-19,0
2020-03-26,1,4,2021-11-19,0
2020-03-27,5,9,2021-11-19,0
2020-03-28,3,12,2021-11-19,0
2020-03-29,0,12,2021-11-19,0
2020-03-30,5,17,2021-11-19,0
2020-03-31,2,19,2021-11-19,0
2020-04-01,5,24,2021-11-19,0
2020-04-02,3,27,2021-11-19,0
2020-04-03,1,28,2021-11-19,0
2020-04-04,5,33,2021-11-19,0
2020-04-05,5,38,2021-11-19,0
2020-04-06,10,48,2021-11-19,0
2020-04-07,6,54,2021-11-19,0
2020-04-08,7,61,2021-11-19,0
2020-04-09,8,69,2021-11-19,0
2020-04-10,6,75,2021-11-19,0
2020-04-11,4,79,2021-11-19,0
2020-04-12,4,83,2021-11-19,0
2020-04-13,10,93,2021-11-19,0
2020-04-14,6,99,2021-11-19,0
2020-04-15,17,116,2021-11-19,0
2020-04-16,10,126,2021-11-19,0
2020-04-17,17,143,2021-11-19,0
2020-04-18,17,160,2021-11-19,0
2020-04-19,16,176,2021-11-19,0
2020-04-20,21,197,2021-11-19,0
2020-04-21,26,223,2021-11-19,0
2020-04-22,21,244,2021-11-19,0
2020-04-23,19,263,2021-11-19,0
2020-04-24,23,286,2021-11-19,0
2020-04-25,18,304,2021-11-19,0
2020-04-26,17,321,2021-11-19,0
2020-04-27,21,342,2021-11-19,0
2020-04-28,16,358,2021-11-19,0
2020-04-29,29,387,2021-11-19,0
2020-04-30,18,405,2021-11-19,0
2020-05-01,30,435,2021-11-19,0
2020-05-02,19,454,2021-11-19,0
2020-05-03,29,483,2021-11-19,0
2020-05-04,23,506,2021-11-19,0
2020-05-05,19,525,2021-11-19,0
2020-05-06,25,550,2021-11-19,0
2020-05-07,30,580,2021-11-19,0
2020-05-08,20,600,2021-11-19,0
2020-05-09,26,626,2021-11-19,0
2020-05-10,19,645,2021-11-19,0
2020-05-11,25,670,2021-11-19,0
2020-05-12,20,690,2021-11-19,0
2020-05-13,22,712,2021-11-19,0
2020-05-14,20,732,2021-11-19,0
2020-05-15,20,752,2021-11-19,0
2020-05-16,20,772,2021-11-19,0
2020-05-17,23,795,2021-11-19,0
2020-05-18,18,813,2021-11-19,0
2020-05-19,35,848,2021-11-19,0
2020-05-20,24,872,2021-11-19,0
2020-05-21,17,889,2021-11-19,0
2020-05-22,20,909,2021-11-19,0
2020-05-23,26,935,2021-11-19,0
2020-05-24,25,960,2021-11-19,0
2020-05-25,30,990,2021-11-19,0
2020-05-26,29,1019,2021-11-19,0
2020-05-27,25,1044,2021-11-19,0
2020-05-28,21,1065,2021-11-19,0
2020-05-29,17,1082,2021-11-19,0
2020-05-30,11,1093,2021-11-19,0
2020-05-31,20,1113,2021-11-19,0
2020-06-01,23,1136,2021-11-19,0
2020-06-02,21,1157,2021-11-19,0
2020-06-03,25,1182,2021-11-19,0
2020-06-04,26,1208,2021-11-19,0
2020-06-05,18,1226,2021-11-19,0
2020-06-06,12,1238,2021-11-19,0
2020-06-07,22,1260,2021-11-19,0
2020-06-08,12,1272,2021-11-19,0
2020-06-09,13,1285,2021-11-19,0
2020-06-10,10,1295,2021-11-19,0
2020-06-11,12,1307,2021-11-19,0
2020-06-12,11,1318,2021-11-19,0
2020-06-13,13,1331,2021-11-19,0
2020-06-14,11,1342,2021-11-19,0
2020-06-15,8,1350,2021-11-19,0
2020-06-16,9,1359,2021-11-19,0
2020-06-17,17,1376,2021-11-19,0
2020-06-18,9,1385,2021-11-19,0
2020-06-19,8,1393,2021-11-19,0
2020-06-20,12,1405,2021-11-19,0
2020-06-21,11,1416,2021-11-19,0
2020-06-22,6,1422,2021-11-19,0
2020-06-23,10,1432,2021-11-19,0
2020-06-24,1,1433,2021-11-19,0
2020-06-25,9,1442,2021-11-19,0
2020-06-26,6,1448,2021-11-19,0
2020-06-27,5,1453,2021-11-19,0
2020-06-28,11,1464,2021-11-19,0
2020-06-29,7,1471,2021-11-19,0
2020-06-30,9,1480,2021-11-19,0
2020-07-01,2,1482,2021-11-19,0
2020-07-02,3,1485,2021-11-19,0
2020-07-03,5,1490,2021-11-19,0
2020-07-04,4,1494,2021-11-19,0
2020-07-05,6,1500,2021-11-19,0
2020-07-06,4,1504,2021-11-19,0
2020-07-07,2,1506,2021-11-19,0
2020-07-08,9,1515,2021-11-19,0
2020-07-09,4,1519,2021-11-19,0
2020-07-10,3,1522,2021-11-19,0
2020-07-11,4,1526,2021-11-19,0
2020-07-12,6,1532,2021-11-19,0
2020-07-13,2,1534,2021-11-19,0
2020-07-14,6,1540,2021-11-19,0
2020-07-15,7,1547,2021-11-19,0
2020-07-16,3,1550,2021-11-19,0
2020-07-17,7,1557,2021-11-19,0
2020-07-18,6,1563,2021-11-19,0
2020-07-19,5,1568,2021-11-19,0
2020-07-20,3,1571,2021-11-19,0
2020-07-21,6,1577,2021-11-19,0
2020-07-22,5,1582,2021-11-19,0
2020-07-23,8,1590,2021-11-19,0
2020-07-24,6,1596,2021-11-19,0
2020-07-25,2,1598,2021-11-19,0
2020-07-26,5,1603,2021-11-19,0
2020-07-27,5,1608,2021-11-19,0
2020-07-28,7,1615,2021-11-19,0
2020-07-29,3,1618,2021-11-19,0
2020-07-30,6,1624,2021-11-19,0
2020-07-31,9,1633,2021-11-19,0
2020-08-01,4,1637,2021-11-19,0
2020-08-02,7,1644,2021-11-19,0
2020-08-03,4,1648,2021-11-19,0
2020-08-04,7,1655,2021-11-19,0
2020-08-05,8,1663,2021-11-19,0
2020-08-06,9,1672,2021-11-19,0
2020-08-07,7,1679,2021-11-19,0
2020-08-08,6,1685,2021-11-19,0
2020-08-09,10,1695,2021-11-19,0
2020-08-10,3,1698,2021-11-19,0
2020-08-11,9,1707,2021-11-19,0
2020-08-12,7,1714,2021-11-19,0
2020-08-13,5,1719,2021-11-19,0
2020-08-14,9,1728,2021-11-19,0
2020-08-15,13,1741,2021-11-19,0
2020-08-16,13,1754,2021-11-19,0
2020-08-17,6,1760,2021-11-19,0
2020-08-18,11,1771,2021-11-19,0
2020-08-19,3,1774,2021-11-19,0
2020-08-20,10,1784,2021-11-19,0
2020-08-21,12,1796,2021-11-19,0
2020-08-22,9,1805,2021-11-19,0
2020-08-23,7,1812,2021-11-19,0
2020-08-24,9,1821,2021-11-19,0
2020-08-25,4,1825,2021-11-19,0
2020-08-26,3,1828,2021-11-19,0
2020-08-27,7,1835,2021-11-19,0
2020-08-28,6,1841,2021-11-19,0
2020-08-29,3,1844,2021-11-19,0
2020-08-30,5,1849,2021-11-19,0
2020-08-31,9,1858,2021-11-19,0
2020-09-01,2,1860,2021-11-19,0
2020-09-02,7,1867,2021-11-19,0
2020-09-03,12,1879,2021-11-19,0
2020-09-04,4,1883,2021-11-19,0
2020-09-05,6,1889,2021-11-19,0
2020-09-06,12,1901,2021-11-19,0
2020-09-07,3,1904,2021-11-19,0
2020-09-08,6,1910,2021-11-19,0
2020-09-09,10,1920,2021-11-19,0
2020-09-10,9,1929,2021-11-19,0
2020-09-11,11,1940,2021-11-19,0
2020-09-12,8,1948,2021-11-19,0
2020-09-13,8,1956,2021-11-19,0
2020-09-14,2,1958,2021-11-19,0
2020-09-15,7,1965,2021-11-19,0
2020-09-16,9,1974,2021-11-19,0
2020-09-17,5,1979,2021-11-19,0
2020-09-18,6,1985,2021-11-19,0
2020-09-19,4,1989,2021-11-19,0
2020-09-20,9,1998,2021-11-19,0
2020-09-21,7,2005,2021-11-19,0
2020-09-22,8,2013,2021-11-19,0
2020-09-23,9,2022,2021-11-19,0
2020-09-24,8,2030,2021-11-19,0
2020-09-25,11,2041,2021-11-19,0
2020-09-26,9,2050,2021-11-19,0
2020-09-27,14,2064,2021-11-19,0
2020-09-28,11,2075,2021-11-19,0
2020-09-29,5,2080,2021-11-19,0
2020-09-30,16,2096,2021-11-19,0
2020-10-01,7,2103,2021-11-19,0
2020-10-02,13,2116,2021-11-19,0
2020-10-03,9,2125,2021-11-19,0
2020-10-04,7,2132,2021-11-19,0
2020-10-05,10,2142,2021-11-19,0
2020-10-06,13,2155,2021-11-19,0
2020-10-07,19,2174,2021-11-19,0
2020-10-08,9,2183,2021-11-19,0
2020-10-09,17,2200,2021-11-19,0
2020-10-10,16,2216,2021-11-19,0
2020-10-11,16,2232,2021-11-19,0
2020-10-12,20,2252,2021-11-19,0
2020-10-13,14,2266,2021-11-19,0
2020-10-14,10,2276,2021-11-19,0
2020-10-15,9,2285,2021-11-19,0
2020-10-16,12,2297,2021-11-19,0
2020-10-17,18,2315,2021-11-19,0
2020-10-18,25,2340,2021-11-19,0
2020-10-19,18,2358,2021-11-19,0
2020-10-20,15,2373,2021-11-19,0
2020-10-21,24,2397,2021-11-19,0
2020-10-22,18,2415,2021-11-19,0
2020-10-23,19,2434,2021-11-19,0
2020-10-24,8,2442,2021-11-19,0
2020-10-25,17,2459,2021-11-19,0
2020-10-26,25,2484,2021-11-19,0
2020-10-27,23,2507,2021-11-19,0
2020-10-28,29,2536,2021-11-19,0
2020-10-29,18,2554,2021-11-19,0
2020-10-30,27,2581,2021-11-19,0
2020-10-31,25,2606,2021-11-19,0
2020-11-01,21,2627,2021-11-19,0
2020-11-02,25,2652,2021-11-19,0
2020-11-03,25,2677,2021-11-19,0
2020-11-04,33,2710,2021-11-19,0
2020-11-05,38,2748,2021-11-19,0
2020-11-06,39,2787,2021-11-19,0
2020-11-07,42,2829,2021-11-19,0
2020-11-08,47,2876,2021-11-19,0
2020-11-09,36,2912,2021-11-19,0
2020-11-10,35,2947,2021-11-19,0
2020-11-11,43,2990,2021-11-19,0
2020-11-12,45,3035,2021-11-19,0
2020-11-13,40,3075,2021-11-19,0
2020-11-14,47,3122,2021-11-19,0
2020-11-15,46,3168,2021-11-19,0
2020-11-16,62,3230,2021-11-19,0
2020-11-17,56,3286,2021-11-19,0
2020-11-18,61,3347,2021-11-19,0
2020-11-19,60,3407,2021-11-19,0
2020-11-20,63,3470,2021-11-19,0
2020-11-21,58,3528,2021-11-19,0
2020-11-22,67,3595,2021-11-19,0
2020-11-23,59,3654,2021-11-19,0
2020-11-24,69,3723,2021-11-19,0
2020-11-25,72,3795,2021-11-19,0
2020-11-26,54,3849,2021-11-19,0
2020-11-27,69,3918,2021-11-19,0
2020-11-28,62,3980,2021-11-19,0
2020-11-29,68,4048,2021-11-19,0
2020-11-30,61,4109,2021-11-19,0
2020-12-01,64,4173,2021-11-19,0
2020-12-02,73,4246,2021-11-19,0
2020-12-03,86,4332,2021-11-19,0
2020-12-04,67,4399,2021-11-19,0
2020-12-05,74,4473,2021-11-19,0
2020-12-06,80,4553,2021-11-19,0
2020-12-07,75,4628,2021-11-19,0
2020-12-08,61,4689,2021-11-19,0
2020-12-09,71,4760,2021-11-19,0
2020-12-10,72,4832,2021-11-19,0
2020-12-11,71,4903,2021-11-19,0
2020-12-12,72,4975,2021-11-19,0
2020-12-13,56,5031,2021-11-19,0
2020-12-14,43,5074,2021-11-19,0
2020-12-15,65,5139,2021-11-19,0
2020-12-16,73,5212,2021-11-19,0
2020-12-17,60,5272,2021-11-19,0
2020-12-18,59,5331,2021-11-19,0
2020-12-19,56,5387,2021-11-19,0
2020-12-20,61,5448,2021-11-19,0
2020-12-21,58,5506,2021-11-19,0
2020-12-22,33,5539,2021-11-19,0
2020-12-23,46,5585,2021-11-19,0
2020-12-24,50,5635,2021-11-19,0
2020-12-25,36,5671,2021-11-19,0
2020-12-26,43,5714,2021-11-19,0
2020-12-27,41,5755,2021-11-19,0
2020-12-28,34,5789,2021-11-19,0
2020-12-29,37,5826,2021-11-19,0
2020-12-30,47,5873,2021-11-19,0
2020-12-31,36,5909,2021-11-19,0
2021-01-01,28,5937,2021-11-19,0
2021-01-02,47,5984,2021-11-19,0
2021-01-03,37,6021,2021-11-19,0
2021-01-04,32,6053,2021-11-19,0
2021-01-05,40,6093,2021-11-19,0
2021-01-06,32,6125,2021-11-19,0
2021-01-07,37,6162,2021-11-19,0
2021-01-08,32,6194,2021-11-19,0
2021-01-09,26,6220,2021-11-19,0
2021-01-10,29,6249,2021-11-19,0
2021-01-11,26,6275,2021-11-19,0
2021-01-12,32,6307,2021-11-19,0
2021-01-13,23,6330,2021-11-19,0
2021-01-14,41,6371,2021-11-19,0
2021-01-15,26,6397,2021-11-19,0
2021-01-16,30,6427,2021-11-19,0
2021-01-17,21,6448,2021-11-19,0
2021-01-18,19,6467,2021-11-19,0
2021-01-19,14,6481,2021-11-19,0
2021-01-20,26,6507,2021-11-19,0
2021-01-21,16,6523,2021-11-19,0
2021-01-22,13,6536,2021-11-19,0
2021-01-23,17,6553,2021-11-19,0
2021-01-24,24,6577,2021-11-19,0
2021-01-25,19,6596,2021-11-19,0
2021-01-26,21,6617,2021-11-19,0
2021-01-27,11,6628,2021-11-19,0
2021-01-28,12,6640,2021-11-19,0
2021-01-29,15,6655,2021-11-19,0
2021-01-30,13,6668,2021-11-19,0
2021-01-31,16,6684,2021-11-19,0
2021-02-01,17,6701,2021-11-19,0
2021-02-02,10,6711,2021-11-19,0
2021-02-03,11,6722,2021-11-19,0
2021-02-04,11,6733,2021-11-19,0
2021-02-05,12,6745,2021-11-19,0
2021-02-06,12,6757,2021-11-19,0
2021-02-07,19,6776,2021-11-19,0
2021-02-08,11,6787,2021-11-19,0
2021-02-09,15,6802,2021-11-19,0
2021-02-10,14,6816,2021-11-19,0
2021-02-11,7,6823,2021-11-19,0
2021-02-12,13,6836,2021-11-19,0
2021-02-13,8,6844,2021-11-19,0
2021-02-14,10,6854,2021-11-19,0
2021-02-15,9,6863,2021-11-19,0
2021-02-16,12,6875,2021-11-19,0
2021-02-17,10,6885,2021-11-19,0
2021-02-18,7,6892,2021-11-19,0
2021-02-19,6,6898,2021-11-19,0
2021-02-20,7,6905,2021-11-19,0
2021-02-21,4,6909,2021-11-19,0
2021-02-22,5,6914,2021-11-19,0
2021-02-23,9,6923,2021-11-19,0
2021-02-24,5,6928,2021-11-19,0
2021-02-25,5,6933,2021-11-19,0
2021-02-26,7,6940,2021-11-19,0
2021-02-27,6,6946,2021-11-19,0
2021-02-28,8,6954,2021-11-19,0
2021-03-01,7,6961,2021-11-19,0
2021-03-02,3,6964,2021-11-19,0
2021-03-03,10,6974,2021-11-19,0
2021-03-04,6,6980,2021-11-19,0
2021-03-05,10,6990,2021-11-19,0
2021-03-06,5,6995,2021-11-19,0
2021-03-07,9,7004,2021-11-19,0
2021-03-08,5,7009,2021-11-19,0
2021-03-09,7,7016,2021-11-19,0
2021-03-10,5,7021,2021-11-19,0
2021-03-11,4,7025,2021-11-19,0
2021-03-12,11,7036,2021-11-19,0
2021-03-13,5,7041,2021-11-19,0
2021-03-14,5,7046,2021-11-19,0
2021-03-15,2,7048,2021-11-19,0
2021-03-16,6,7054,2021-11-19,0
2021-03-17,4,7058,2021-11-19,0
2021-03-18,5,7063,2021-11-19,0
2021-03-19,5,7068,2021-11-19,0
2021-03-20,9,7077,2021-11-19,0
2021-03-21,5,7082,2021-11-19,0
2021-03-22,4,7086,2021-11-19,0
2021-03-23,5,7091,2021-11-19,0
2021-03-24,1,7092,2021-11-19,0
2021-03-25,5,7097,2021-11-19,0
2021-03-26,3,7100,2021-11-19,0
2021-03-27,7,7107,2021-11-19,0
2021-03-28,6,7113,2021-11-19,0
2021-03-29,5,7118,2021-11-19,0
2021-03-30,6,7124,2021-11-19,0
2021-03-31,8,7132,2021-11-19,0
2021-04-01,6,7138,2021-11-19,0
2021-04-02,9,7147,2021-11-19,0
2021-04-03,8,7155,2021-11-19,0
2021-04-04,6,7161,2021-11-19,0
2021-04-05,8,7169,2021-11-19,0
2021-04-06,7,7176,2021-11-19,0
2021-04-07,6,7182,2021-11-19,0
2021-04-08,10,7192,2021-11-19,0
2021-04-09,7,7199,2021-11-19,0
2021-04-10,7,7206,2021-11-19,0
2021-04-11,8,7214,2021-11-19,0
2021-04-12,10,7224,2021-11-19,0
2021-04-13,7,7231,2021-11-19,0
2021-04-14,8,7239,2021-11-19,0
2021-04-15,14,7253,2021-11-19,0
2021-04-16,8,7261,2021-11-19,0
2021-04-17,8,7269,2021-11-19,0
2021-04-18,8,7277,2021-11-19,0
2021-04-19,10,7287,2021-11-19,0
2021-04-20,5,7292,2021-11-19,0
2021-04-21,8,7300,2021-11-19,0
2021-04-22,2,7302,2021-11-19,0
2021-04-23,15,7317,2021-11-19,0
2021-04-24,11,7328,2021-11-19,0
2021-04-25,15,7343,2021-11-19,0
2021-04-26,15,7358,2021-11-19,0
2021-04-27,7,7365,2021-11-19,0
2021-04-28,14,7379,2021-11-19,0
2021-04-29,8,7387,2021-11-19,0
2021-04-30,11,7398,2021-11-19,0
2021-05-01,7,7405,2021-11-19,0
2021-05-02,8,7413,2021-11-19,0
2021-05-03,5,7418,2021-11-19,0
2021-05-04,13,7431,2021-11-19,0
2021-05-05,8,7439,2021-11-19,0
2021-05-06,5,7444,2021-11-19,0
2021-05-07,8,7452,2021-11-19,0
2021-05-08,7,7459,2021-11-19,0
2021-05-09,9,7468,2021-11-19,0
2021-05-10,8,7476,2021-11-19,0
2021-05-11,6,7482,2021-11-19,0
2021-05-12,9,7491,2021-11-19,0
2021-05-13,9,7500,2021-11-19,0
2021-05-14,11,7511,2021-11-19,0
2021-05-15,10,7521,2021-11-19,0
2021-05-16,6,7527,2021-11-19,0
2021-05-17,6,7533,2021-11-19,0
2021-05-18,7,7540,2021-11-19,0
2021-05-19,2,7542,2021-11-19,0
2021-05-20,5,7547,2021-11-19,0
2021-05-21,7,7554,2021-11-19,0
2021-05-22,11,7565,2021-11-19,0
2021-05-23,5,7570,2021-11-19,0
2021-05-24,5,7575,2021-11-19,0
2021-05-25,6,7581,2021-11-19,0
2021-05-26,3,7584,2021-11-19,0
2021-05-27,7,7591,2021-11-19,0
2021-05-28,2,7593,2021-11-19,0
2021-05-29,6,7599,2021-11-19,0
2021-05-30,4,7603,2021-11-19,0
2021-05-31,3,7606,2021-11-19,0
2021-06-01,5,7611,2021-11-19,0
2021-06-02,8,7619,2021-11-19,0
2021-06-03,4,7623,2021-11-19,0
2021-06-04,4,7627,2021-11-19,0
2021-06-05,2,7629,2021-11-19,0
2021-06-06,5,7634,2021-11-19,0
2021-06-07,3,7637,2021-11-19,0
2021-06-08,5,7642,2021-11-19,0
2021-06-09,4,7646,2021-11-19,0
2021-06-10,6,7652,2021-11-19,0
2021-06-11,6,7658,2021-11-19,0
2021-06-12,4,7662,2021-11-19,0
2021-06-13,4,7666,2021-11-19,0
2021-06-14,3,7669,2021-11-19,0
2021-06-15,2,7671,2021-11-19,0
2021-06-16,2,7673,2021-11-19,0
2021-06-17,4,7677,2021-11-19,0
2021-06-18,1,7678,2021-11-19,0
2021-06-19,6,7684,2021-11-19,0
2021-06-20,1,7685,2021-11-19,0
2021-06-21,5,7690,2021-11-19,0
2021-06-22,3,7693,2021-11-19,0
2021-06-23,4,7697,2021-11-19,0
2021-06-24,3,7700,2021-11-19,0
2021-06-25,3,7703,2021-11-19,0
2021-06-26,4,7707,2021-11-19,0
2021-06-27,2,7709,2021-11-19,0
2021-06-28,2,7711,2021-11-19,0
2021-06-29,2,7713,2021-11-19,0
2021-06-30,2,7715,2021-11-19,0
2021-07-01,0,7715,2021-11-19,0
2021-07-02,2,7717,2021-11-19,0
2021-07-03,2,7719,2021-11-19,0
2021-07-04,3,7722,2021-11-19,0
2021-07-05,1,7723,2021-11-19,0
2021-07-06,4,7727,2021-11-19,0
2021-07-07,1,7728,2021-11-19,0
2021-07-08,1,7729,2021-11-19,0
2021-07-09,0,7729,2021-11-19,0
2021-07-10,1,7730,2021-11-19,0
2021-07-11,3,7733,2021-11-19,0
2021-07-12,1,7734,2021-11-19,0
2021-07-13,2,7736,2021-11-19,0
2021-07-14,2,7738,2021-11-19,0
2021-07-15,2,7740,2021-11-19,0
2021-07-16,1,7741,2021-11-19,0
2021-07-17,1,7742,2021-11-19,0
2021-07-18,0,7742,2021-11-19,0
2021-07-19,0,7742,2021-11-19,0
2021-07-20,2,7744,2021-11-19,0
2021-07-21,2,7746,2021-11-19,0
2021-07-22,2,7748,2021-11-19,0
2021-07-23,3,7751,2021-11-19,0
2021-07-24,0,7751,2021-11-19,0
2021-07-25,2,7753,2021-11-19,0
2021-07-26,1,7754,2021-11-19,0
2021-07-27,2,7756,2021-11-19,0
2021-07-28,3,7759,2021-11-19,0
2021-07-29,2,7761,2021-11-19,0
2021-07-30,5,7766,2021-11-19,0
2021-07-31,4,7770,2021-11-19,0
2021-08-01,1,7771,2021-11-19,0
2021-08-02,3,7774,2021-11-19,0
2021-08-03,2,7776,2021-11-19,0
2021-08-04,3,7779,2021-11-19,0
2021-08-05,2,7781,2021-11-19,0
2021-08-06,7,7788,2021-11-19,0
2021-08-07,3,7791,2021-11-19,0
2021-08-08,2,7793,2021-11-19,0
2021-08-09,3,7796,2021-11-19,0
2021-08-10,2,7798,2021-11-19,0
2021-08-11,2,7800,2021-11-19,0
2021-08-12,7,7807,2021-11-19,0
2021-08-13,5,7812,2021-11-19,0
2021-08-14,6,7818,2021-11-19,0
2021-08-15,0,7818,2021-11-19,0
2021-08-16,7,7825,2021-11-19,0
2021-08-17,7,7832,2021-11-19,0
2021-08-18,9,7841,2021-11-19,0
2021-08-19,2,7843,2021-11-19,0
2021-08-20,3,7846,2021-11-19,0
2021-08-21,5,7851,2021-11-19,0
2021-08-22,7,7858,2021-11-19,0
2021-08-23,5,7863,2021-11-19,0
2021-08-24,12,7875,2021-11-19,0
2021-08-25,7,7882,2021-11-19,0
2021-08-26,2,7884,2021-11-19,0
2021-08-27,6,7890,2021-11-19,0
2021-08-28,11,7901,2021-11-19,0
2021-08-29,11,7912,2021-11-19,0
2021-08-30,8,7920,2021-11-19,0
2021-08-31,6,7926,2021-11-19,0
2021-09-01,6,7932,2021-11-19,0
2021-09-02,6,7938,2021-11-19,0
2021-09-03,9,7947,2021-11-19,0
2021-09-04,9,7956,2021-11-19,0
2021-09-05,10,7966,2021-11-19,0
2021-09-06,8,7974,2021-11-19,0
2021-09-07,7,7981,2021-11-19,0
2021-09-08,11,7992,2021-11-19,0
2021-09-09,5,7997,2021-11-19,0
2021-09-10,9,8006,2021-11-19,0
2021-09-11,17,8023,2021-11-19,0
2021-09-12,10,8033,2021-11-19,0
2021-09-13,7,8040,2021-11-19,0
2021-09-14,11,8051,2021-11-19,0
2021-09-15,14,8065,2021-11-19,0
2021-09-16,16,8081,2021-11-19,0
2021-09-17,8,8089,2021-11-19,0
2021-09-18,13,8102,2021-11-19,0
2021-09-19,11,8113,2021-11-19,0
2021-09-20,15,8128,2021-11-19,0
2021-09-21,15,8143,2021-11-19,0
2021-09-22,17,8160,2021-11-19,0
2021-09-23,13,8173,2021-11-19,0
2021-09-24,13,8186,2021-11-19,0
2021-09-25,16,8202,2021-11-19,0
2021-09-26,15,8217,2021-11-19,0
2021-09-27,15,8232,2021-11-19,0
2021-09-28,11,8243,2021-11-19,0
2021-09-29,19,8262,2021-11-19,0
2021-09-30,17,8279,2021-11-19,0
2021-10-01,13,8292,2021-11-19,0
2021-10-02,13,8305,2021-11-19,0
2021-10-03,23,8328,2021-11-19,0
2021-10-04,14,8342,2021-11-19,1
2021-10-05,23,8365,2021-11-19,0
2021-10-06,20,8385,2021-11-19,0
2021-10-07,13,8398,2021-11-19,0
2021-10-08,22,8420,2021-11-19,0
2021-10-09,20,8440,2021-11-19,0
2021-10-10,13,8453,2021-11-19,0
2021-10-11,11,8464,2021-11-19,0
2021-10-12,25,8489,2021-11-19,0
2021-10-13,20,8509,2021-11-19,0
2021-10-14,20,8529,2021-11-19,0
2021-10-15,14,8543,2021-11-19,0
2021-10-16,20,8563,2021-11-19,1
2021-10-17,17,8580,2021-11-19,0
2021-10-18,16,8596,2021-11-19,0
2021-10-19,25,8621,2021-11-19,0
2021-10-20,15,8636,2021-11-19,0
2021-10-21,8,8644,2021-11-19,0
2021-10-22,23,8667,2021-11-19,0
2021-10-23,24,8691,2021-11-19,0
2021-10-24,23,8714,2021-11-19,0
2021-10-25,19,8733,2021-11-19,0
2021-10-26,21,8754,2021-11-19,0
2021-10-27,14,8768,2021-11-19,0
2021-10-28,23,8791,2021-11-19,0
2021-10-29,19,8810,2021-11-19,0
2021-10-30,18,8828,2021-11-19,0
2021-10-31,24,8852,2021-11-19,1
2021-11-01,18,8870,2021-11-19,1
2021-11-02,18,8888,2021-11-19,0
2021-11-03,25,8913,2021-11-19,0
2021-11-04,25,8938,2021-11-19,0
2021-11-05,28,8966,2021-11-19,0
2021-11-06,14,8980,2021-11-19,1
2021-11-07,21,9001,2021-11-19,0
2021-11-08,25,9026,2021-11-19,0
2021-11-09,13,9039,2021-11-19,0
2021-11-10,17,9056,2021-11-19,0
2021-11-11,22,9078,2021-11-19,5
2021-11-12,15,9093,2021-11-19,2
2021-11-13,24,9117,2021-11-19,3
2021-11-14,19,9136,2021-11-19,6
2021-11-15,14,9150,2021-11-19,4
2021-11-16,3,9153,2021-11-19,3
2021-11-17,2,9155,2021-11-19,2
NA,0,9155,2021-11-19,0
2020-03-19,1,1,2021-11-23,0
2020-03-20,0,1,2021-11-23,0
2020-03-21,0,1,2021-11-23,0
2020-03-22,0,1,2021-11-23,0
2020-03-23,0,1,2021-11-23,0
2020-03-24,1,2,2021-11-23,0
2020-03-25,1,3,2021-11-23,0
2020-03-26,1,4,2021-11-23,0
2020-03-27,5,9,2021-11-23,0
2020-03-28,3,12,2021-11-23,0
2020-03-29,0,12,2021-11-23,0
2020-03-30,5,17,2021-11-23,0
2020-03-31,2,19,2021-11-23,0
2020-04-01,5,24,2021-11-23,0
2020-04-02,3,27,2021-11-23,0
2020-04-03,1,28,2021-11-23,0
2020-04-04,5,33,2021-11-23,0
2020-04-05,5,38,2021-11-23,0
2020-04-06,10,48,2021-11-23,0
2020-04-07,6,54,2021-11-23,0
2020-04-08,7,61,2021-11-23,0
2020-04-09,8,69,2021-11-23,0
2020-04-10,6,75,2021-11-23,0
2020-04-11,4,79,2021-11-23,0
2020-04-12,4,83,2021-11-23,0
2020-04-13,10,93,2021-11-23,0
2020-04-14,6,99,2021-11-23,0
2020-04-15,17,116,2021-11-23,0
2020-04-16,10,126,2021-11-23,0
2020-04-17,17,143,2021-11-23,0
2020-04-18,17,160,2021-11-23,0
2020-04-19,16,176,2021-11-23,0
2020-04-20,21,197,2021-11-23,0
2020-04-21,26,223,2021-11-23,0
2020-04-22,21,244,2021-11-23,0
2020-04-23,19,263,2021-11-23,0
2020-04-24,23,286,2021-11-23,0
2020-04-25,18,304,2021-11-23,0
2020-04-26,17,321,2021-11-23,0
2020-04-27,21,342,2021-11-23,0
2020-04-28,16,358,2021-11-23,0
2020-04-29,29,387,2021-11-23,0
2020-04-30,18,405,2021-11-23,0
2020-05-01,30,435,2021-11-23,0
2020-05-02,19,454,2021-11-23,0
2020-05-03,29,483,2021-11-23,0
2020-05-04,23,506,2021-11-23,0
2020-05-05,19,525,2021-11-23,0
2020-05-06,25,550,2021-11-23,0
2020-05-07,30,580,2021-11-23,0
2020-05-08,20,600,2021-11-23,0
2020-05-09,26,626,2021-11-23,0
2020-05-10,19,645,2021-11-23,0
2020-05-11,25,670,2021-11-23,0
2020-05-12,20,690,2021-11-23,0
2020-05-13,22,712,2021-11-23,0
2020-05-14,20,732,2021-11-23,0
2020-05-15,20,752,2021-11-23,0
2020-05-16,20,772,2021-11-23,0
2020-05-17,23,795,2021-11-23,0
2020-05-18,18,813,2021-11-23,0
2020-05-19,35,848,2021-11-23,0
2020-05-20,24,872,2021-11-23,0
2020-05-21,17,889,2021-11-23,0
2020-05-22,20,909,2021-11-23,0
2020-05-23,26,935,2021-11-23,0
2020-05-24,25,960,2021-11-23,0
2020-05-25,30,990,2021-11-23,0
2020-05-26,29,1019,2021-11-23,0
2020-05-27,25,1044,2021-11-23,0
2020-05-28,21,1065,2021-11-23,0
2020-05-29,17,1082,2021-11-23,0
2020-05-30,11,1093,2021-11-23,0
2020-05-31,20,1113,2021-11-23,0
2020-06-01,23,1136,2021-11-23,0
2020-06-02,21,1157,2021-11-23,0
2020-06-03,25,1182,2021-11-23,0
2020-06-04,26,1208,2021-11-23,0
2020-06-05,18,1226,2021-11-23,0
2020-06-06,12,1238,2021-11-23,0
2020-06-07,22,1260,2021-11-23,0
2020-06-08,12,1272,2021-11-23,0
2020-06-09,13,1285,2021-11-23,0
2020-06-10,10,1295,2021-11-23,0
2020-06-11,12,1307,2021-11-23,0
2020-06-12,11,1318,2021-11-23,0
2020-06-13,13,1331,2021-11-23,0
2020-06-14,11,1342,2021-11-23,0
2020-06-15,8,1350,2021-11-23,0
2020-06-16,9,1359,2021-11-23,0
2020-06-17,17,1376,2021-11-23,0
2020-06-18,9,1385,2021-11-23,0
2020-06-19,8,1393,2021-11-23,0
2020-06-20,12,1405,2021-11-23,0
2020-06-21,11,1416,2021-11-23,0
2020-06-22,6,1422,2021-11-23,0
2020-06-23,10,1432,2021-11-23,0
2020-06-24,1,1433,2021-11-23,0
2020-06-25,9,1442,2021-11-23,0
2020-06-26,6,1448,2021-11-23,0
2020-06-27,5,1453,2021-11-23,0
2020-06-28,11,1464,2021-11-23,0
2020-06-29,7,1471,2021-11-23,0
2020-06-30,9,1480,2021-11-23,0
2020-07-01,2,1482,2021-11-23,0
2020-07-02,3,1485,2021-11-23,0
2020-07-03,5,1490,2021-11-23,0
2020-07-04,4,1494,2021-11-23,0
2020-07-05,6,1500,2021-11-23,0
2020-07-06,4,1504,2021-11-23,0
2020-07-07,2,1506,2021-11-23,0
2020-07-08,9,1515,2021-11-23,0
2020-07-09,4,1519,2021-11-23,0
2020-07-10,3,1522,2021-11-23,0
2020-07-11,4,1526,2021-11-23,0
2020-07-12,6,1532,2021-11-23,0
2020-07-13,2,1534,2021-11-23,0
2020-07-14,6,1540,2021-11-23,0
2020-07-15,7,1547,2021-11-23,0
2020-07-16,3,1550,2021-11-23,0
2020-07-17,7,1557,2021-11-23,0
2020-07-18,6,1563,2021-11-23,0
2020-07-19,5,1568,2021-11-23,0
2020-07-20,3,1571,2021-11-23,0
2020-07-21,6,1577,2021-11-23,0
2020-07-22,5,1582,2021-11-23,0
2020-07-23,8,1590,2021-11-23,0
2020-07-24,6,1596,2021-11-23,0
2020-07-25,2,1598,2021-11-23,0
2020-07-26,5,1603,2021-11-23,0
2020-07-27,5,1608,2021-11-23,0
2020-07-28,7,1615,2021-11-23,0
2020-07-29,3,1618,2021-11-23,0
2020-07-30,6,1624,2021-11-23,0
2020-07-31,9,1633,2021-11-23,0
2020-08-01,4,1637,2021-11-23,0
2020-08-02,7,1644,2021-11-23,0
2020-08-03,4,1648,2021-11-23,0
2020-08-04,7,1655,2021-11-23,0
2020-08-05,8,1663,2021-11-23,0
2020-08-06,9,1672,2021-11-23,0
2020-08-07,7,1679,2021-11-23,0
2020-08-08,6,1685,2021-11-23,0
2020-08-09,10,1695,2021-11-23,0
2020-08-10,3,1698,2021-11-23,0
2020-08-11,9,1707,2021-11-23,0
2020-08-12,7,1714,2021-11-23,0
2020-08-13,5,1719,2021-11-23,0
2020-08-14,9,1728,2021-11-23,0
2020-08-15,13,1741,2021-11-23,0
2020-08-16,13,1754,2021-11-23,0
2020-08-17,6,1760,2021-11-23,0
2020-08-18,11,1771,2021-11-23,0
2020-08-19,3,1774,2021-11-23,0
2020-08-20,10,1784,2021-11-23,0
2020-08-21,12,1796,2021-11-23,0
2020-08-22,9,1805,2021-11-23,0
2020-08-23,7,1812,2021-11-23,0
2020-08-24,9,1821,2021-11-23,0
2020-08-25,4,1825,2021-11-23,0
2020-08-26,3,1828,2021-11-23,0
2020-08-27,7,1835,2021-11-23,0
2020-08-28,6,1841,2021-11-23,0
2020-08-29,3,1844,2021-11-23,0
2020-08-30,5,1849,2021-11-23,0
2020-08-31,9,1858,2021-11-23,0
2020-09-01,2,1860,2021-11-23,0
2020-09-02,7,1867,2021-11-23,0
2020-09-03,12,1879,2021-11-23,0
2020-09-04,4,1883,2021-11-23,0
2020-09-05,6,1889,2021-11-23,0
2020-09-06,12,1901,2021-11-23,0
2020-09-07,3,1904,2021-11-23,0
2020-09-08,6,1910,2021-11-23,0
2020-09-09,10,1920,2021-11-23,0
2020-09-10,9,1929,2021-11-23,0
2020-09-11,11,1940,2021-11-23,0
2020-09-12,8,1948,2021-11-23,0
2020-09-13,8,1956,2021-11-23,0
2020-09-14,2,1958,2021-11-23,0
2020-09-15,7,1965,2021-11-23,0
2020-09-16,9,1974,2021-11-23,0
2020-09-17,5,1979,2021-11-23,0
2020-09-18,6,1985,2021-11-23,0
2020-09-19,4,1989,2021-11-23,0
2020-09-20,9,1998,2021-11-23,0
2020-09-21,7,2005,2021-11-23,0
2020-09-22,8,2013,2021-11-23,0
2020-09-23,9,2022,2021-11-23,0
2020-09-24,8,2030,2021-11-23,0
2020-09-25,11,2041,2021-11-23,0
2020-09-26,9,2050,2021-11-23,0
2020-09-27,14,2064,2021-11-23,0
2020-09-28,11,2075,2021-11-23,0
2020-09-29,5,2080,2021-11-23,0
2020-09-30,16,2096,2021-11-23,0
2020-10-01,7,2103,2021-11-23,0
2020-10-02,13,2116,2021-11-23,0
2020-10-03,9,2125,2021-11-23,0
2020-10-04,7,2132,2021-11-23,0
2020-10-05,10,2142,2021-11-23,0
2020-10-06,13,2155,2021-11-23,0
2020-10-07,19,2174,2021-11-23,0
2020-10-08,9,2183,2021-11-23,0
2020-10-09,17,2200,2021-11-23,0
2020-10-10,16,2216,2021-11-23,0
2020-10-11,16,2232,2021-11-23,0
2020-10-12,20,2252,2021-11-23,0
2020-10-13,14,2266,2021-11-23,0
2020-10-14,10,2276,2021-11-23,0
2020-10-15,9,2285,2021-11-23,0
2020-10-16,12,2297,2021-11-23,0
2020-10-17,18,2315,2021-11-23,0
2020-10-18,25,2340,2021-11-23,0
2020-10-19,18,2358,2021-11-23,0
2020-10-20,15,2373,2021-11-23,0
2020-10-21,24,2397,2021-11-23,0
2020-10-22,18,2415,2021-11-23,0
2020-10-23,19,2434,2021-11-23,0
2020-10-24,8,2442,2021-11-23,0
2020-10-25,17,2459,2021-11-23,0
2020-10-26,25,2484,2021-11-23,0
2020-10-27,23,2507,2021-11-23,0
2020-10-28,29,2536,2021-11-23,0
2020-10-29,18,2554,2021-11-23,0
2020-10-30,27,2581,2021-11-23,0
2020-10-31,25,2606,2021-11-23,0
2020-11-01,21,2627,2021-11-23,0
2020-11-02,25,2652,2021-11-23,0
2020-11-03,25,2677,2021-11-23,0
2020-11-04,33,2710,2021-11-23,0
2020-11-05,38,2748,2021-11-23,0
2020-11-06,39,2787,2021-11-23,0
2020-11-07,42,2829,2021-11-23,0
2020-11-08,47,2876,2021-11-23,0
2020-11-09,36,2912,2021-11-23,0
2020-11-10,35,2947,2021-11-23,0
2020-11-11,43,2990,2021-11-23,0
2020-11-12,45,3035,2021-11-23,0
2020-11-13,40,3075,2021-11-23,0
2020-11-14,47,3122,2021-11-23,0
2020-11-15,46,3168,2021-11-23,0
2020-11-16,62,3230,2021-11-23,0
2020-11-17,56,3286,2021-11-23,0
2020-11-18,61,3347,2021-11-23,0
2020-11-19,60,3407,2021-11-23,0
2020-11-20,63,3470,2021-11-23,0
2020-11-21,58,3528,2021-11-23,0
2020-11-22,67,3595,2021-11-23,0
2020-11-23,59,3654,2021-11-23,0
2020-11-24,69,3723,2021-11-23,0
2020-11-25,72,3795,2021-11-23,0
2020-11-26,54,3849,2021-11-23,0
2020-11-27,69,3918,2021-11-23,0
2020-11-28,62,3980,2021-11-23,0
2020-11-29,68,4048,2021-11-23,0
2020-11-30,61,4109,2021-11-23,0
2020-12-01,64,4173,2021-11-23,0
2020-12-02,73,4246,2021-11-23,0
2020-12-03,86,4332,2021-11-23,0
2020-12-04,67,4399,2021-11-23,0
2020-12-05,74,4473,2021-11-23,0
2020-12-06,80,4553,2021-11-23,0
2020-12-07,75,4628,2021-11-23,0
2020-12-08,61,4689,2021-11-23,0
2020-12-09,71,4760,2021-11-23,0
2020-12-10,72,4832,2021-11-23,0
2020-12-11,71,4903,2021-11-23,0
2020-12-12,72,4975,2021-11-23,0
2020-12-13,56,5031,2021-11-23,0
2020-12-14,43,5074,2021-11-23,0
2020-12-15,65,5139,2021-11-23,0
2020-12-16,73,5212,2021-11-23,0
2020-12-17,60,5272,2021-11-23,0
2020-12-18,59,5331,2021-11-23,0
2020-12-19,56,5387,2021-11-23,0
2020-12-20,61,5448,2021-11-23,0
2020-12-21,58,5506,2021-11-23,0
2020-12-22,33,5539,2021-11-23,0
2020-12-23,46,5585,2021-11-23,0
2020-12-24,50,5635,2021-11-23,0
2020-12-25,36,5671,2021-11-23,0
2020-12-26,43,5714,2021-11-23,0
2020-12-27,41,5755,2021-11-23,0
2020-12-28,34,5789,2021-11-23,0
2020-12-29,37,5826,2021-11-23,0
2020-12-30,47,5873,2021-11-23,0
2020-12-31,36,5909,2021-11-23,0
2021-01-01,28,5937,2021-11-23,0
2021-01-02,47,5984,2021-11-23,0
2021-01-03,37,6021,2021-11-23,0
2021-01-04,32,6053,2021-11-23,0
2021-01-05,40,6093,2021-11-23,0
2021-01-06,32,6125,2021-11-23,0
2021-01-07,37,6162,2021-11-23,0
2021-01-08,32,6194,2021-11-23,0
2021-01-09,26,6220,2021-11-23,0
2021-01-10,29,6249,2021-11-23,0
2021-01-11,26,6275,2021-11-23,0
2021-01-12,32,6307,2021-11-23,0
2021-01-13,23,6330,2021-11-23,0
2021-01-14,41,6371,2021-11-23,0
2021-01-15,26,6397,2021-11-23,0
2021-01-16,30,6427,2021-11-23,0
2021-01-17,21,6448,2021-11-23,0
2021-01-18,19,6467,2021-11-23,0
2021-01-19,14,6481,2021-11-23,0
2021-01-20,26,6507,2021-11-23,0
2021-01-21,16,6523,2021-11-23,0
2021-01-22,13,6536,2021-11-23,0
2021-01-23,17,6553,2021-11-23,0
2021-01-24,24,6577,2021-11-23,0
2021-01-25,19,6596,2021-11-23,0
2021-01-26,21,6617,2021-11-23,0
2021-01-27,11,6628,2021-11-23,0
2021-01-28,12,6640,2021-11-23,0
2021-01-29,15,6655,2021-11-23,0
2021-01-30,13,6668,2021-11-23,0
2021-01-31,16,6684,2021-11-23,0
2021-02-01,17,6701,2021-11-23,0
2021-02-02,10,6711,2021-11-23,0
2021-02-03,11,6722,2021-11-23,0
2021-02-04,11,6733,2021-11-23,0
2021-02-05,12,6745,2021-11-23,0
2021-02-06,12,6757,2021-11-23,0
2021-02-07,19,6776,2021-11-23,0
2021-02-08,11,6787,2021-11-23,0
2021-02-09,15,6802,2021-11-23,0
2021-02-10,14,6816,2021-11-23,0
2021-02-11,7,6823,2021-11-23,0
2021-02-12,13,6836,2021-11-23,0
2021-02-13,8,6844,2021-11-23,0
2021-02-14,10,6854,2021-11-23,0
2021-02-15,9,6863,2021-11-23,0
2021-02-16,12,6875,2021-11-23,0
2021-02-17,10,6885,2021-11-23,0
2021-02-18,7,6892,2021-11-23,0
2021-02-19,6,6898,2021-11-23,0
2021-02-20,7,6905,2021-11-23,0
2021-02-21,4,6909,2021-11-23,0
2021-02-22,5,6914,2021-11-23,0
2021-02-23,9,6923,2021-11-23,0
2021-02-24,5,6928,2021-11-23,0
2021-02-25,5,6933,2021-11-23,0
2021-02-26,7,6940,2021-11-23,0
2021-02-27,6,6946,2021-11-23,0
2021-02-28,8,6954,2021-11-23,0
2021-03-01,7,6961,2021-11-23,0
2021-03-02,3,6964,2021-11-23,0
2021-03-03,10,6974,2021-11-23,0
2021-03-04,6,6980,2021-11-23,0
2021-03-05,10,6990,2021-11-23,0
2021-03-06,5,6995,2021-11-23,0
2021-03-07,9,7004,2021-11-23,0
2021-03-08,5,7009,2021-11-23,0
2021-03-09,7,7016,2021-11-23,0
2021-03-10,5,7021,2021-11-23,0
2021-03-11,4,7025,2021-11-23,0
2021-03-12,11,7036,2021-11-23,0
2021-03-13,5,7041,2021-11-23,0
2021-03-14,5,7046,2021-11-23,0
2021-03-15,2,7048,2021-11-23,0
2021-03-16,6,7054,2021-11-23,0
2021-03-17,4,7058,2021-11-23,0
2021-03-18,5,7063,2021-11-23,0
2021-03-19,5,7068,2021-11-23,0
2021-03-20,9,7077,2021-11-23,0
2021-03-21,5,7082,2021-11-23,0
2021-03-22,4,7086,2021-11-23,0
2021-03-23,5,7091,2021-11-23,0
2021-03-24,1,7092,2021-11-23,0
2021-03-25,5,7097,2021-11-23,0
2021-03-26,3,7100,2021-11-23,0
2021-03-27,7,7107,2021-11-23,0
2021-03-28,6,7113,2021-11-23,0
2021-03-29,5,7118,2021-11-23,0
2021-03-30,6,7124,2021-11-23,0
2021-03-31,8,7132,2021-11-23,0
2021-04-01,6,7138,2021-11-23,0
2021-04-02,9,7147,2021-11-23,0
2021-04-03,8,7155,2021-11-23,0
2021-04-04,6,7161,2021-11-23,0
2021-04-05,8,7169,2021-11-23,0
2021-04-06,7,7176,2021-11-23,0
2021-04-07,6,7182,2021-11-23,0
2021-04-08,10,7192,2021-11-23,0
2021-04-09,7,7199,2021-11-23,0
2021-04-10,7,7206,2021-11-23,0
2021-04-11,8,7214,2021-11-23,0
2021-04-12,10,7224,2021-11-23,0
2021-04-13,7,7231,2021-11-23,0
2021-04-14,8,7239,2021-11-23,0
2021-04-15,14,7253,2021-11-23,0
2021-04-16,8,7261,2021-11-23,0
2021-04-17,8,7269,2021-11-23,0
2021-04-18,8,7277,2021-11-23,0
2021-04-19,10,7287,2021-11-23,0
2021-04-20,5,7292,2021-11-23,0
2021-04-21,8,7300,2021-11-23,0
2021-04-22,2,7302,2021-11-23,0
2021-04-23,15,7317,2021-11-23,0
2021-04-24,11,7328,2021-11-23,0
2021-04-25,15,7343,2021-11-23,0
2021-04-26,15,7358,2021-11-23,0
2021-04-27,7,7365,2021-11-23,0
2021-04-28,14,7379,2021-11-23,0
2021-04-29,8,7387,2021-11-23,0
2021-04-30,11,7398,2021-11-23,0
2021-05-01,7,7405,2021-11-23,0
2021-05-02,8,7413,2021-11-23,0
2021-05-03,5,7418,2021-11-23,0
2021-05-04,13,7431,2021-11-23,0
2021-05-05,8,7439,2021-11-23,0
2021-05-06,5,7444,2021-11-23,0
2021-05-07,8,7452,2021-11-23,0
2021-05-08,7,7459,2021-11-23,0
2021-05-09,9,7468,2021-11-23,0
2021-05-10,8,7476,2021-11-23,0
2021-05-11,6,7482,2021-11-23,0
2021-05-12,9,7491,2021-11-23,0
2021-05-13,9,7500,2021-11-23,0
2021-05-14,11,7511,2021-11-23,0
2021-05-15,10,7521,2021-11-23,0
2021-05-16,6,7527,2021-11-23,0
2021-05-17,6,7533,2021-11-23,0
2021-05-18,7,7540,2021-11-23,0
2021-05-19,2,7542,2021-11-23,0
2021-05-20,5,7547,2021-11-23,0
2021-05-21,7,7554,2021-11-23,0
2021-05-22,11,7565,2021-11-23,0
2021-05-23,5,7570,2021-11-23,0
2021-05-24,5,7575,2021-11-23,0
2021-05-25,6,7581,2021-11-23,0
2021-05-26,3,7584,2021-11-23,0
2021-05-27,7,7591,2021-11-23,0
2021-05-28,2,7593,2021-11-23,0
2021-05-29,6,7599,2021-11-23,0
2021-05-30,4,7603,2021-11-23,0
2021-05-31,3,7606,2021-11-23,0
2021-06-01,5,7611,2021-11-23,0
2021-06-02,8,7619,2021-11-23,0
2021-06-03,4,7623,2021-11-23,0
2021-06-04,4,7627,2021-11-23,0
2021-06-05,2,7629,2021-11-23,0
2021-06-06,5,7634,2021-11-23,0
2021-06-07,3,7637,2021-11-23,0
2021-06-08,5,7642,2021-11-23,0
2021-06-09,4,7646,2021-11-23,0
2021-06-10,6,7652,2021-11-23,0
2021-06-11,6,7658,2021-11-23,0
2021-06-12,4,7662,2021-11-23,0
2021-06-13,4,7666,2021-11-23,0
2021-06-14,3,7669,2021-11-23,0
2021-06-15,2,7671,2021-11-23,0
2021-06-16,2,7673,2021-11-23,0
2021-06-17,4,7677,2021-11-23,0
2021-06-18,1,7678,2021-11-23,0
2021-06-19,6,7684,2021-11-23,0
2021-06-20,1,7685,2021-11-23,0
2021-06-21,5,7690,2021-11-23,0
2021-06-22,3,7693,2021-11-23,0
2021-06-23,4,7697,2021-11-23,0
2021-06-24,3,7700,2021-11-23,0
2021-06-25,3,7703,2021-11-23,0
2021-06-26,4,7707,2021-11-23,0
2021-06-27,2,7709,2021-11-23,0
2021-06-28,2,7711,2021-11-23,0
2021-06-29,2,7713,2021-11-23,0
2021-06-30,2,7715,2021-11-23,0
2021-07-01,0,7715,2021-11-23,0
2021-07-02,2,7717,2021-11-23,0
2021-07-03,2,7719,2021-11-23,0
2021-07-04,3,7722,2021-11-23,0
2021-07-05,1,7723,2021-11-23,0
2021-07-06,4,7727,2021-11-23,0
2021-07-07,1,7728,2021-11-23,0
2021-07-08,1,7729,2021-11-23,0
2021-07-09,0,7729,2021-11-23,0
2021-07-10,1,7730,2021-11-23,0
2021-07-11,3,7733,2021-11-23,0
2021-07-12,1,7734,2021-11-23,0
2021-07-13,2,7736,2021-11-23,0
2021-07-14,2,7738,2021-11-23,0
2021-07-15,2,7740,2021-11-23,0
2021-07-16,1,7741,2021-11-23,0
2021-07-17,1,7742,2021-11-23,0
2021-07-18,0,7742,2021-11-23,0
2021-07-19,0,7742,2021-11-23,0
2021-07-20,2,7744,2021-11-23,0
2021-07-21,2,7746,2021-11-23,0
2021-07-22,2,7748,2021-11-23,0
2021-07-23,3,7751,2021-11-23,0
2021-07-24,0,7751,2021-11-23,0
2021-07-25,2,7753,2021-11-23,0
2021-07-26,1,7754,2021-11-23,0
2021-07-27,2,7756,2021-11-23,0
2021-07-28,3,7759,2021-11-23,0
2021-07-29,2,7761,2021-11-23,0
2021-07-30,5,7766,2021-11-23,0
2021-07-31,4,7770,2021-11-23,0
2021-08-01,1,7771,2021-11-23,0
2021-08-02,3,7774,2021-11-23,0
2021-08-03,2,7776,2021-11-23,0
2021-08-04,3,7779,2021-11-23,0
2021-08-05,2,7781,2021-11-23,0
2021-08-06,7,7788,2021-11-23,0
2021-08-07,3,7791,2021-11-23,0
2021-08-08,2,7793,2021-11-23,0
2021-08-09,3,7796,2021-11-23,0
2021-08-10,2,7798,2021-11-23,0
2021-08-11,2,7800,2021-11-23,0
2021-08-12,7,7807,2021-11-23,0
2021-08-13,5,7812,2021-11-23,0
2021-08-14,6,7818,2021-11-23,0
2021-08-15,0,7818,2021-11-23,0
2021-08-16,7,7825,2021-11-23,0
2021-08-17,7,7832,2021-11-23,0
2021-08-18,9,7841,2021-11-23,0
2021-08-19,2,7843,2021-11-23,0
2021-08-20,3,7846,2021-11-23,0
2021-08-21,5,7851,2021-11-23,0
2021-08-22,7,7858,2021-11-23,0
2021-08-23,5,7863,2021-11-23,0
2021-08-24,12,7875,2021-11-23,0
2021-08-25,7,7882,2021-11-23,0
2021-08-26,2,7884,2021-11-23,0
2021-08-27,6,7890,2021-11-23,0
2021-08-28,11,7901,2021-11-23,0
2021-08-29,11,7912,2021-11-23,0
2021-08-30,8,7920,2021-11-23,0
2021-08-31,6,7926,2021-11-23,0
2021-09-01,6,7932,2021-11-23,0
2021-09-02,6,7938,2021-11-23,0
2021-09-03,9,7947,2021-11-23,0
2021-09-04,9,7956,2021-11-23,0
2021-09-05,10,7966,2021-11-23,0
2021-09-06,8,7974,2021-11-23,0
2021-09-07,7,7981,2021-11-23,0
2021-09-08,11,7992,2021-11-23,0
2021-09-09,5,7997,2021-11-23,0
2021-09-10,9,8006,2021-11-23,0
2021-09-11,17,8023,2021-11-23,0
2021-09-12,10,8033,2021-11-23,0
2021-09-13,7,8040,2021-11-23,0
2021-09-14,11,8051,2021-11-23,0
2021-09-15,14,8065,2021-11-23,0
2021-09-16,16,8081,2021-11-23,0
2021-09-17,8,8089,2021-11-23,0
2021-09-18,13,8102,2021-11-23,0
2021-09-19,11,8113,2021-11-23,0
2021-09-20,15,8128,2021-11-23,0
2021-09-21,15,8143,2021-11-23,0
2021-09-22,17,8160,2021-11-23,0
2021-09-23,13,8173,2021-11-23,0
2021-09-24,13,8186,2021-11-23,0
2021-09-25,16,8202,2021-11-23,0
2021-09-26,15,8217,2021-11-23,0
2021-09-27,15,8232,2021-11-23,0
2021-09-28,11,8243,2021-11-23,0
2021-09-29,19,8262,2021-11-23,0
2021-09-30,17,8279,2021-11-23,0
2021-10-01,13,8292,2021-11-23,0
2021-10-02,13,8305,2021-11-23,0
2021-10-03,23,8328,2021-11-23,0
2021-10-04,14,8342,2021-11-23,0
2021-10-05,23,8365,2021-11-23,0
2021-10-06,20,8385,2021-11-23,0
2021-10-07,13,8398,2021-11-23,0
2021-10-08,22,8420,2021-11-23,0
2021-10-09,20,8440,2021-11-23,0
2021-10-10,13,8453,2021-11-23,0
2021-10-11,11,8464,2021-11-23,0
2021-10-12,25,8489,2021-11-23,0
2021-10-13,20,8509,2021-11-23,0
2021-10-14,20,8529,2021-11-23,0
2021-10-15,14,8543,2021-11-23,0
2021-10-16,20,8563,2021-11-23,0
2021-10-17,17,8580,2021-11-23,0
2021-10-18,16,8596,2021-11-23,0
2021-10-19,25,8621,2021-11-23,0
2021-10-20,15,8636,2021-11-23,0
2021-10-21,8,8644,2021-11-23,0
2021-10-22,23,8667,2021-11-23,0
2021-10-23,24,8691,2021-11-23,0
2021-10-24,24,8715,2021-11-23,1
2021-10-25,20,8735,2021-11-23,1
2021-10-26,21,8756,2021-11-23,0
2021-10-27,14,8770,2021-11-23,0
2021-10-28,23,8793,2021-11-23,0
2021-10-29,19,8812,2021-11-23,0
2021-10-30,18,8830,2021-11-23,0
2021-10-31,24,8854,2021-11-23,0
2021-11-01,18,8872,2021-11-23,0
2021-11-02,18,8890,2021-11-23,0
2021-11-03,25,8915,2021-11-23,0
2021-11-04,26,8941,2021-11-23,1
2021-11-05,28,8969,2021-11-23,0
2021-11-06,14,8983,2021-11-23,0
2021-11-07,22,9005,2021-11-23,1
2021-11-08,26,9031,2021-11-23,1
2021-11-09,15,9046,2021-11-23,2
2021-11-10,18,9064,2021-11-23,1
2021-11-11,26,9090,2021-11-23,4
2021-11-12,22,9112,2021-11-23,7
2021-11-13,30,9142,2021-11-23,6
2021-11-14,23,9165,2021-11-23,4
2021-11-15,19,9184,2021-11-23,5
2021-11-16,12,9196,2021-11-23,9
2021-11-17,20,9216,2021-11-23,18
2021-11-18,12,9228,2021-11-23,12
2021-11-19,1,9229,2021-11-23,1
NA,0,9229,2021-11-23,0
2020-03-19,1,1,2021-11-24,0
2020-03-20,0,1,2021-11-24,0
2020-03-21,0,1,2021-11-24,0
2020-03-22,0,1,2021-11-24,0
2020-03-23,0,1,2021-11-24,0
2020-03-24,1,2,2021-11-24,0
2020-03-25,1,3,2021-11-24,0
2020-03-26,1,4,2021-11-24,0
2020-03-27,5,9,2021-11-24,0
2020-03-28,3,12,2021-11-24,0
2020-03-29,0,12,2021-11-24,0
2020-03-30,5,17,2021-11-24,0
2020-03-31,2,19,2021-11-24,0
2020-04-01,5,24,2021-11-24,0
2020-04-02,3,27,2021-11-24,0
2020-04-03,1,28,2021-11-24,0
2020-04-04,5,33,2021-11-24,0
2020-04-05,5,38,2021-11-24,0
2020-04-06,10,48,2021-11-24,0
2020-04-07,6,54,2021-11-24,0
2020-04-08,7,61,2021-11-24,0
2020-04-09,8,69,2021-11-24,0
2020-04-10,6,75,2021-11-24,0
2020-04-11,4,79,2021-11-24,0
2020-04-12,4,83,2021-11-24,0
2020-04-13,10,93,2021-11-24,0
2020-04-14,6,99,2021-11-24,0
2020-04-15,17,116,2021-11-24,0
2020-04-16,10,126,2021-11-24,0
2020-04-17,17,143,2021-11-24,0
2020-04-18,17,160,2021-11-24,0
2020-04-19,16,176,2021-11-24,0
2020-04-20,21,197,2021-11-24,0
2020-04-21,26,223,2021-11-24,0
2020-04-22,21,244,2021-11-24,0
2020-04-23,19,263,2021-11-24,0
2020-04-24,23,286,2021-11-24,0
2020-04-25,18,304,2021-11-24,0
2020-04-26,17,321,2021-11-24,0
2020-04-27,21,342,2021-11-24,0
2020-04-28,16,358,2021-11-24,0
2020-04-29,29,387,2021-11-24,0
2020-04-30,18,405,2021-11-24,0
2020-05-01,30,435,2021-11-24,0
2020-05-02,19,454,2021-11-24,0
2020-05-03,29,483,2021-11-24,0
2020-05-04,23,506,2021-11-24,0
2020-05-05,19,525,2021-11-24,0
2020-05-06,25,550,2021-11-24,0
2020-05-07,30,580,2021-11-24,0
2020-05-08,20,600,2021-11-24,0
2020-05-09,26,626,2021-11-24,0
2020-05-10,19,645,2021-11-24,0
2020-05-11,25,670,2021-11-24,0
2020-05-12,20,690,2021-11-24,0
2020-05-13,22,712,2021-11-24,0
2020-05-14,20,732,2021-11-24,0
2020-05-15,20,752,2021-11-24,0
2020-05-16,20,772,2021-11-24,0
2020-05-17,23,795,2021-11-24,0
2020-05-18,18,813,2021-11-24,0
2020-05-19,35,848,2021-11-24,0
2020-05-20,24,872,2021-11-24,0
2020-05-21,17,889,2021-11-24,0
2020-05-22,20,909,2021-11-24,0
2020-05-23,26,935,2021-11-24,0
2020-05-24,25,960,2021-11-24,0
2020-05-25,30,990,2021-11-24,0
2020-05-26,29,1019,2021-11-24,0
2020-05-27,25,1044,2021-11-24,0
2020-05-28,21,1065,2021-11-24,0
2020-05-29,17,1082,2021-11-24,0
2020-05-30,11,1093,2021-11-24,0
2020-05-31,20,1113,2021-11-24,0
2020-06-01,23,1136,2021-11-24,0
2020-06-02,21,1157,2021-11-24,0
2020-06-03,25,1182,2021-11-24,0
2020-06-04,26,1208,2021-11-24,0
2020-06-05,18,1226,2021-11-24,0
2020-06-06,12,1238,2021-11-24,0
2020-06-07,22,1260,2021-11-24,0
2020-06-08,12,1272,2021-11-24,0
2020-06-09,13,1285,2021-11-24,0
2020-06-10,10,1295,2021-11-24,0
2020-06-11,12,1307,2021-11-24,0
2020-06-12,11,1318,2021-11-24,0
2020-06-13,13,1331,2021-11-24,0
2020-06-14,11,1342,2021-11-24,0
2020-06-15,8,1350,2021-11-24,0
2020-06-16,9,1359,2021-11-24,0
2020-06-17,17,1376,2021-11-24,0
2020-06-18,9,1385,2021-11-24,0
2020-06-19,8,1393,2021-11-24,0
2020-06-20,12,1405,2021-11-24,0
2020-06-21,11,1416,2021-11-24,0
2020-06-22,6,1422,2021-11-24,0
2020-06-23,10,1432,2021-11-24,0
2020-06-24,1,1433,2021-11-24,0
2020-06-25,9,1442,2021-11-24,0
2020-06-26,6,1448,2021-11-24,0
2020-06-27,5,1453,2021-11-24,0
2020-06-28,11,1464,2021-11-24,0
2020-06-29,7,1471,2021-11-24,0
2020-06-30,9,1480,2021-11-24,0
2020-07-01,2,1482,2021-11-24,0
2020-07-02,3,1485,2021-11-24,0
2020-07-03,5,1490,2021-11-24,0
2020-07-04,4,1494,2021-11-24,0
2020-07-05,6,1500,2021-11-24,0
2020-07-06,4,1504,2021-11-24,0
2020-07-07,2,1506,2021-11-24,0
2020-07-08,9,1515,2021-11-24,0
2020-07-09,4,1519,2021-11-24,0
2020-07-10,3,1522,2021-11-24,0
2020-07-11,4,1526,2021-11-24,0
2020-07-12,6,1532,2021-11-24,0
2020-07-13,2,1534,2021-11-24,0
2020-07-14,6,1540,2021-11-24,0
2020-07-15,7,1547,2021-11-24,0
2020-07-16,3,1550,2021-11-24,0
2020-07-17,7,1557,2021-11-24,0
2020-07-18,6,1563,2021-11-24,0
2020-07-19,5,1568,2021-11-24,0
2020-07-20,3,1571,2021-11-24,0
2020-07-21,6,1577,2021-11-24,0
2020-07-22,5,1582,2021-11-24,0
2020-07-23,8,1590,2021-11-24,0
2020-07-24,6,1596,2021-11-24,0
2020-07-25,2,1598,2021-11-24,0
2020-07-26,5,1603,2021-11-24,0
2020-07-27,5,1608,2021-11-24,0
2020-07-28,7,1615,2021-11-24,0
2020-07-29,3,1618,2021-11-24,0
2020-07-30,6,1624,2021-11-24,0
2020-07-31,9,1633,2021-11-24,0
2020-08-01,4,1637,2021-11-24,0
2020-08-02,7,1644,2021-11-24,0
2020-08-03,4,1648,2021-11-24,0
2020-08-04,7,1655,2021-11-24,0
2020-08-05,8,1663,2021-11-24,0
2020-08-06,9,1672,2021-11-24,0
2020-08-07,7,1679,2021-11-24,0
2020-08-08,6,1685,2021-11-24,0
2020-08-09,10,1695,2021-11-24,0
2020-08-10,3,1698,2021-11-24,0
2020-08-11,9,1707,2021-11-24,0
2020-08-12,7,1714,2021-11-24,0
2020-08-13,5,1719,2021-11-24,0
2020-08-14,9,1728,2021-11-24,0
2020-08-15,13,1741,2021-11-24,0
2020-08-16,13,1754,2021-11-24,0
2020-08-17,6,1760,2021-11-24,0
2020-08-18,11,1771,2021-11-24,0
2020-08-19,3,1774,2021-11-24,0
2020-08-20,10,1784,2021-11-24,0
2020-08-21,12,1796,2021-11-24,0
2020-08-22,9,1805,2021-11-24,0
2020-08-23,7,1812,2021-11-24,0
2020-08-24,9,1821,2021-11-24,0
2020-08-25,4,1825,2021-11-24,0
2020-08-26,3,1828,2021-11-24,0
2020-08-27,7,1835,2021-11-24,0
2020-08-28,6,1841,2021-11-24,0
2020-08-29,3,1844,2021-11-24,0
2020-08-30,5,1849,2021-11-24,0
2020-08-31,9,1858,2021-11-24,0
2020-09-01,2,1860,2021-11-24,0
2020-09-02,7,1867,2021-11-24,0
2020-09-03,12,1879,2021-11-24,0
2020-09-04,4,1883,2021-11-24,0
2020-09-05,6,1889,2021-11-24,0
2020-09-06,12,1901,2021-11-24,0
2020-09-07,3,1904,2021-11-24,0
2020-09-08,6,1910,2021-11-24,0
2020-09-09,10,1920,2021-11-24,0
2020-09-10,9,1929,2021-11-24,0
2020-09-11,11,1940,2021-11-24,0
2020-09-12,8,1948,2021-11-24,0
2020-09-13,8,1956,2021-11-24,0
2020-09-14,2,1958,2021-11-24,0
2020-09-15,7,1965,2021-11-24,0
2020-09-16,9,1974,2021-11-24,0
2020-09-17,5,1979,2021-11-24,0
2020-09-18,6,1985,2021-11-24,0
2020-09-19,4,1989,2021-11-24,0
2020-09-20,9,1998,2021-11-24,0
2020-09-21,7,2005,2021-11-24,0
2020-09-22,8,2013,2021-11-24,0
2020-09-23,9,2022,2021-11-24,0
2020-09-24,8,2030,2021-11-24,0
2020-09-25,11,2041,2021-11-24,0
2020-09-26,9,2050,2021-11-24,0
2020-09-27,14,2064,2021-11-24,0
2020-09-28,11,2075,2021-11-24,0
2020-09-29,5,2080,2021-11-24,0
2020-09-30,16,2096,2021-11-24,0
2020-10-01,7,2103,2021-11-24,0
2020-10-02,13,2116,2021-11-24,0
2020-10-03,9,2125,2021-11-24,0
2020-10-04,7,2132,2021-11-24,0
2020-10-05,10,2142,2021-11-24,0
2020-10-06,13,2155,2021-11-24,0
2020-10-07,19,2174,2021-11-24,0
2020-10-08,9,2183,2021-11-24,0
2020-10-09,17,2200,2021-11-24,0
2020-10-10,16,2216,2021-11-24,0
2020-10-11,16,2232,2021-11-24,0
2020-10-12,20,2252,2021-11-24,0
2020-10-13,14,2266,2021-11-24,0
2020-10-14,10,2276,2021-11-24,0
2020-10-15,9,2285,2021-11-24,0
2020-10-16,12,2297,2021-11-24,0
2020-10-17,18,2315,2021-11-24,0
2020-10-18,25,2340,2021-11-24,0
2020-10-19,18,2358,2021-11-24,0
2020-10-20,15,2373,2021-11-24,0
2020-10-21,24,2397,2021-11-24,0
2020-10-22,18,2415,2021-11-24,0
2020-10-23,19,2434,2021-11-24,0
2020-10-24,8,2442,2021-11-24,0
2020-10-25,17,2459,2021-11-24,0
2020-10-26,25,2484,2021-11-24,0
2020-10-27,23,2507,2021-11-24,0
2020-10-28,29,2536,2021-11-24,0
2020-10-29,18,2554,2021-11-24,0
2020-10-30,27,2581,2021-11-24,0
2020-10-31,25,2606,2021-11-24,0
2020-11-01,21,2627,2021-11-24,0
2020-11-02,25,2652,2021-11-24,0
2020-11-03,25,2677,2021-11-24,0
2020-11-04,33,2710,2021-11-24,0
2020-11-05,38,2748,2021-11-24,0
2020-11-06,39,2787,2021-11-24,0
2020-11-07,42,2829,2021-11-24,0
2020-11-08,47,2876,2021-11-24,0
2020-11-09,36,2912,2021-11-24,0
2020-11-10,35,2947,2021-11-24,0
2020-11-11,43,2990,2021-11-24,0
2020-11-12,45,3035,2021-11-24,0
2020-11-13,40,3075,2021-11-24,0
2020-11-14,47,3122,2021-11-24,0
2020-11-15,46,3168,2021-11-24,0
2020-11-16,62,3230,2021-11-24,0
2020-11-17,56,3286,2021-11-24,0
2020-11-18,61,3347,2021-11-24,0
2020-11-19,60,3407,2021-11-24,0
2020-11-20,63,3470,2021-11-24,0
2020-11-21,58,3528,2021-11-24,0
2020-11-22,67,3595,2021-11-24,0
2020-11-23,59,3654,2021-11-24,0
2020-11-24,69,3723,2021-11-24,0
2020-11-25,72,3795,2021-11-24,0
2020-11-26,54,3849,2021-11-24,0
2020-11-27,69,3918,2021-11-24,0
2020-11-28,62,3980,2021-11-24,0
2020-11-29,68,4048,2021-11-24,0
2020-11-30,61,4109,2021-11-24,0
2020-12-01,64,4173,2021-11-24,0
2020-12-02,73,4246,2021-11-24,0
2020-12-03,86,4332,2021-11-24,0
2020-12-04,67,4399,2021-11-24,0
2020-12-05,74,4473,2021-11-24,0
2020-12-06,80,4553,2021-11-24,0
2020-12-07,75,4628,2021-11-24,0
2020-12-08,61,4689,2021-11-24,0
2020-12-09,71,4760,2021-11-24,0
2020-12-10,72,4832,2021-11-24,0
2020-12-11,71,4903,2021-11-24,0
2020-12-12,72,4975,2021-11-24,0
2020-12-13,56,5031,2021-11-24,0
2020-12-14,43,5074,2021-11-24,0
2020-12-15,65,5139,2021-11-24,0
2020-12-16,73,5212,2021-11-24,0
2020-12-17,60,5272,2021-11-24,0
2020-12-18,59,5331,2021-11-24,0
2020-12-19,56,5387,2021-11-24,0
2020-12-20,61,5448,2021-11-24,0
2020-12-21,58,5506,2021-11-24,0
2020-12-22,33,5539,2021-11-24,0
2020-12-23,46,5585,2021-11-24,0
2020-12-24,50,5635,2021-11-24,0
2020-12-25,36,5671,2021-11-24,0
2020-12-26,43,5714,2021-11-24,0
2020-12-27,41,5755,2021-11-24,0
2020-12-28,34,5789,2021-11-24,0
2020-12-29,37,5826,2021-11-24,0
2020-12-30,47,5873,2021-11-24,0
2020-12-31,36,5909,2021-11-24,0
2021-01-01,28,5937,2021-11-24,0
2021-01-02,47,5984,2021-11-24,0
2021-01-03,37,6021,2021-11-24,0
2021-01-04,32,6053,2021-11-24,0
2021-01-05,40,6093,2021-11-24,0
2021-01-06,32,6125,2021-11-24,0
2021-01-07,37,6162,2021-11-24,0
2021-01-08,32,6194,2021-11-24,0
2021-01-09,26,6220,2021-11-24,0
2021-01-10,29,6249,2021-11-24,0
2021-01-11,26,6275,2021-11-24,0
2021-01-12,32,6307,2021-11-24,0
2021-01-13,23,6330,2021-11-24,0
2021-01-14,41,6371,2021-11-24,0
2021-01-15,26,6397,2021-11-24,0
2021-01-16,30,6427,2021-11-24,0
2021-01-17,21,6448,2021-11-24,0
2021-01-18,19,6467,2021-11-24,0
2021-01-19,14,6481,2021-11-24,0
2021-01-20,26,6507,2021-11-24,0
2021-01-21,16,6523,2021-11-24,0
2021-01-22,13,6536,2021-11-24,0
2021-01-23,17,6553,2021-11-24,0
2021-01-24,24,6577,2021-11-24,0
2021-01-25,19,6596,2021-11-24,0
2021-01-26,21,6617,2021-11-24,0
2021-01-27,11,6628,2021-11-24,0
2021-01-28,12,6640,2021-11-24,0
2021-01-29,15,6655,2021-11-24,0
2021-01-30,13,6668,2021-11-24,0
2021-01-31,16,6684,2021-11-24,0
2021-02-01,17,6701,2021-11-24,0
2021-02-02,10,6711,2021-11-24,0
2021-02-03,11,6722,2021-11-24,0
2021-02-04,11,6733,2021-11-24,0
2021-02-05,12,6745,2021-11-24,0
2021-02-06,12,6757,2021-11-24,0
2021-02-07,19,6776,2021-11-24,0
2021-02-08,11,6787,2021-11-24,0
2021-02-09,15,6802,2021-11-24,0
2021-02-10,14,6816,2021-11-24,0
2021-02-11,7,6823,2021-11-24,0
2021-02-12,13,6836,2021-11-24,0
2021-02-13,8,6844,2021-11-24,0
2021-02-14,10,6854,2021-11-24,0
2021-02-15,9,6863,2021-11-24,0
2021-02-16,12,6875,2021-11-24,0
2021-02-17,10,6885,2021-11-24,0
2021-02-18,7,6892,2021-11-24,0
2021-02-19,6,6898,2021-11-24,0
2021-02-20,7,6905,2021-11-24,0
2021-02-21,4,6909,2021-11-24,0
2021-02-22,5,6914,2021-11-24,0
2021-02-23,9,6923,2021-11-24,0
2021-02-24,5,6928,2021-11-24,0
2021-02-25,5,6933,2021-11-24,0
2021-02-26,7,6940,2021-11-24,0
2021-02-27,6,6946,2021-11-24,0
2021-02-28,8,6954,2021-11-24,0
2021-03-01,7,6961,2021-11-24,0
2021-03-02,3,6964,2021-11-24,0
2021-03-03,10,6974,2021-11-24,0
2021-03-04,6,6980,2021-11-24,0
2021-03-05,10,6990,2021-11-24,0
2021-03-06,5,6995,2021-11-24,0
2021-03-07,9,7004,2021-11-24,0
2021-03-08,5,7009,2021-11-24,0
2021-03-09,7,7016,2021-11-24,0
2021-03-10,5,7021,2021-11-24,0
2021-03-11,4,7025,2021-11-24,0
2021-03-12,11,7036,2021-11-24,0
2021-03-13,5,7041,2021-11-24,0
2021-03-14,5,7046,2021-11-24,0
2021-03-15,2,7048,2021-11-24,0
2021-03-16,6,7054,2021-11-24,0
2021-03-17,4,7058,2021-11-24,0
2021-03-18,5,7063,2021-11-24,0
2021-03-19,5,7068,2021-11-24,0
2021-03-20,9,7077,2021-11-24,0
2021-03-21,5,7082,2021-11-24,0
2021-03-22,4,7086,2021-11-24,0
2021-03-23,5,7091,2021-11-24,0
2021-03-24,1,7092,2021-11-24,0
2021-03-25,5,7097,2021-11-24,0
2021-03-26,3,7100,2021-11-24,0
2021-03-27,7,7107,2021-11-24,0
2021-03-28,6,7113,2021-11-24,0
2021-03-29,5,7118,2021-11-24,0
2021-03-30,6,7124,2021-11-24,0
2021-03-31,8,7132,2021-11-24,0
2021-04-01,6,7138,2021-11-24,0
2021-04-02,9,7147,2021-11-24,0
2021-04-03,8,7155,2021-11-24,0
2021-04-04,6,7161,2021-11-24,0
2021-04-05,8,7169,2021-11-24,0
2021-04-06,7,7176,2021-11-24,0
2021-04-07,6,7182,2021-11-24,0
2021-04-08,10,7192,2021-11-24,0
2021-04-09,7,7199,2021-11-24,0
2021-04-10,7,7206,2021-11-24,0
2021-04-11,8,7214,2021-11-24,0
2021-04-12,10,7224,2021-11-24,0
2021-04-13,7,7231,2021-11-24,0
2021-04-14,8,7239,2021-11-24,0
2021-04-15,14,7253,2021-11-24,0
2021-04-16,8,7261,2021-11-24,0
2021-04-17,8,7269,2021-11-24,0
2021-04-18,8,7277,2021-11-24,0
2021-04-19,10,7287,2021-11-24,0
2021-04-20,5,7292,2021-11-24,0
2021-04-21,8,7300,2021-11-24,0
2021-04-22,2,7302,2021-11-24,0
2021-04-23,15,7317,2021-11-24,0
2021-04-24,11,7328,2021-11-24,0
2021-04-25,15,7343,2021-11-24,0
2021-04-26,15,7358,2021-11-24,0
2021-04-27,7,7365,2021-11-24,0
2021-04-28,14,7379,2021-11-24,0
2021-04-29,8,7387,2021-11-24,0
2021-04-30,11,7398,2021-11-24,0
2021-05-01,7,7405,2021-11-24,0
2021-05-02,8,7413,2021-11-24,0
2021-05-03,5,7418,2021-11-24,0
2021-05-04,13,7431,2021-11-24,0
2021-05-05,8,7439,2021-11-24,0
2021-05-06,5,7444,2021-11-24,0
2021-05-07,8,7452,2021-11-24,0
2021-05-08,7,7459,2021-11-24,0
2021-05-09,9,7468,2021-11-24,0
2021-05-10,8,7476,2021-11-24,0
2021-05-11,6,7482,2021-11-24,0
2021-05-12,9,7491,2021-11-24,0
2021-05-13,9,7500,2021-11-24,0
2021-05-14,11,7511,2021-11-24,0
2021-05-15,10,7521,2021-11-24,0
2021-05-16,6,7527,2021-11-24,0
2021-05-17,6,7533,2021-11-24,0
2021-05-18,7,7540,2021-11-24,0
2021-05-19,2,7542,2021-11-24,0
2021-05-20,5,7547,2021-11-24,0
2021-05-21,7,7554,2021-11-24,0
2021-05-22,11,7565,2021-11-24,0
2021-05-23,5,7570,2021-11-24,0
2021-05-24,5,7575,2021-11-24,0
2021-05-25,6,7581,2021-11-24,0
2021-05-26,3,7584,2021-11-24,0
2021-05-27,7,7591,2021-11-24,0
2021-05-28,2,7593,2021-11-24,0
2021-05-29,6,7599,2021-11-24,0
2021-05-30,4,7603,2021-11-24,0
2021-05-31,3,7606,2021-11-24,0
2021-06-01,5,7611,2021-11-24,0
2021-06-02,8,7619,2021-11-24,0
2021-06-03,4,7623,2021-11-24,0
2021-06-04,4,7627,2021-11-24,0
2021-06-05,2,7629,2021-11-24,0
2021-06-06,5,7634,2021-11-24,0
2021-06-07,3,7637,2021-11-24,0
2021-06-08,5,7642,2021-11-24,0
2021-06-09,4,7646,2021-11-24,0
2021-06-10,6,7652,2021-11-24,0
2021-06-11,6,7658,2021-11-24,0
2021-06-12,4,7662,2021-11-24,0
2021-06-13,4,7666,2021-11-24,0
2021-06-14,3,7669,2021-11-24,0
2021-06-15,2,7671,2021-11-24,0
2021-06-16,2,7673,2021-11-24,0
2021-06-17,4,7677,2021-11-24,0
2021-06-18,1,7678,2021-11-24,0
2021-06-19,6,7684,2021-11-24,0
2021-06-20,1,7685,2021-11-24,0
2021-06-21,5,7690,2021-11-24,0
2021-06-22,3,7693,2021-11-24,0
2021-06-23,4,7697,2021-11-24,0
2021-06-24,3,7700,2021-11-24,0
2021-06-25,3,7703,2021-11-24,0
2021-06-26,4,7707,2021-11-24,0
2021-06-27,2,7709,2021-11-24,0
2021-06-28,2,7711,2021-11-24,0
2021-06-29,2,7713,2021-11-24,0
2021-06-30,2,7715,2021-11-24,0
2021-07-01,0,7715,2021-11-24,0
2021-07-02,2,7717,2021-11-24,0
2021-07-03,2,7719,2021-11-24,0
2021-07-04,3,7722,2021-11-24,0
2021-07-05,1,7723,2021-11-24,0
2021-07-06,4,7727,2021-11-24,0
2021-07-07,1,7728,2021-11-24,0
2021-07-08,1,7729,2021-11-24,0
2021-07-09,0,7729,2021-11-24,0
2021-07-10,1,7730,2021-11-24,0
2021-07-11,3,7733,2021-11-24,0
2021-07-12,1,7734,2021-11-24,0
2021-07-13,2,7736,2021-11-24,0
2021-07-14,2,7738,2021-11-24,0
2021-07-15,2,7740,2021-11-24,0
2021-07-16,1,7741,2021-11-24,0
2021-07-17,1,7742,2021-11-24,0
2021-07-18,0,7742,2021-11-24,0
2021-07-19,0,7742,2021-11-24,0
2021-07-20,2,7744,2021-11-24,0
2021-07-21,2,7746,2021-11-24,0
2021-07-22,2,7748,2021-11-24,0
2021-07-23,3,7751,2021-11-24,0
2021-07-24,0,7751,2021-11-24,0
2021-07-25,2,7753,2021-11-24,0
2021-07-26,1,7754,2021-11-24,0
2021-07-27,2,7756,2021-11-24,0
2021-07-28,3,7759,2021-11-24,0
2021-07-29,2,7761,2021-11-24,0
2021-07-30,5,7766,2021-11-24,0
2021-07-31,4,7770,2021-11-24,0
2021-08-01,1,7771,2021-11-24,0
2021-08-02,3,7774,2021-11-24,0
2021-08-03,2,7776,2021-11-24,0
2021-08-04,3,7779,2021-11-24,0
2021-08-05,2,7781,2021-11-24,0
2021-08-06,7,7788,2021-11-24,0
2021-08-07,3,7791,2021-11-24,0
2021-08-08,2,7793,2021-11-24,0
2021-08-09,3,7796,2021-11-24,0
2021-08-10,2,7798,2021-11-24,0
2021-08-11,2,7800,2021-11-24,0
2021-08-12,7,7807,2021-11-24,0
2021-08-13,5,7812,2021-11-24,0
2021-08-14,6,7818,2021-11-24,0
2021-08-15,0,7818,2021-11-24,0
2021-08-16,7,7825,2021-11-24,0
2021-08-17,7,7832,2021-11-24,0
2021-08-18,9,7841,2021-11-24,0
2021-08-19,2,7843,2021-11-24,0
2021-08-20,3,7846,2021-11-24,0
2021-08-21,5,7851,2021-11-24,0
2021-08-22,7,7858,2021-11-24,0
2021-08-23,5,7863,2021-11-24,0
2021-08-24,12,7875,2021-11-24,0
2021-08-25,7,7882,2021-11-24,0
2021-08-26,2,7884,2021-11-24,0
2021-08-27,6,7890,2021-11-24,0
2021-08-28,11,7901,2021-11-24,0
2021-08-29,11,7912,2021-11-24,0
2021-08-30,8,7920,2021-11-24,0
2021-08-31,6,7926,2021-11-24,0
2021-09-01,6,7932,2021-11-24,0
2021-09-02,6,7938,2021-11-24,0
2021-09-03,9,7947,2021-11-24,0
2021-09-04,9,7956,2021-11-24,0
2021-09-05,10,7966,2021-11-24,0
2021-09-06,8,7974,2021-11-24,0
2021-09-07,7,7981,2021-11-24,0
2021-09-08,11,7992,2021-11-24,0
2021-09-09,5,7997,2021-11-24,0
2021-09-10,9,8006,2021-11-24,0
2021-09-11,17,8023,2021-11-24,0
2021-09-12,10,8033,2021-11-24,0
2021-09-13,7,8040,2021-11-24,0
2021-09-14,11,8051,2021-11-24,0
2021-09-15,14,8065,2021-11-24,0
2021-09-16,16,8081,2021-11-24,0
2021-09-17,8,8089,2021-11-24,0
2021-09-18,13,8102,2021-11-24,0
2021-09-19,11,8113,2021-11-24,0
2021-09-20,15,8128,2021-11-24,0
2021-09-21,15,8143,2021-11-24,0
2021-09-22,17,8160,2021-11-24,0
2021-09-23,13,8173,2021-11-24,0
2021-09-24,13,8186,2021-11-24,0
2021-09-25,16,8202,2021-11-24,0
2021-09-26,15,8217,2021-11-24,0
2021-09-27,15,8232,2021-11-24,0
2021-09-28,11,8243,2021-11-24,0
2021-09-29,19,8262,2021-11-24,0
2021-09-30,17,8279,2021-11-24,0
2021-10-01,13,8292,2021-11-24,0
2021-10-02,13,8305,2021-11-24,0
2021-10-03,23,8328,2021-11-24,0
2021-10-04,14,8342,2021-11-24,0
2021-10-05,23,8365,2021-11-24,0
2021-10-06,20,8385,2021-11-24,0
2021-10-07,13,8398,2021-11-24,0
2021-10-08,22,8420,2021-11-24,0
2021-10-09,20,8440,2021-11-24,0
2021-10-10,13,8453,2021-11-24,0
2021-10-11,11,8464,2021-11-24,0
2021-10-12,25,8489,2021-11-24,0
2021-10-13,20,8509,2021-11-24,0
2021-10-14,20,8529,2021-11-24,0
2021-10-15,14,8543,2021-11-24,0
2021-10-16,20,8563,2021-11-24,0
2021-10-17,17,8580,2021-11-24,0
2021-10-18,16,8596,2021-11-24,0
2021-10-19,25,8621,2021-11-24,0
2021-10-20,15,8636,2021-11-24,0
2021-10-21,8,8644,2021-11-24,0
2021-10-22,23,8667,2021-11-24,0
2021-10-23,24,8691,2021-11-24,0
2021-10-24,24,8715,2021-11-24,0
2021-10-25,20,8735,2021-11-24,0
2021-10-26,21,8756,2021-11-24,0
2021-10-27,14,8770,2021-11-24,0
2021-10-28,23,8793,2021-11-24,0
2021-10-29,19,8812,2021-11-24,0
2021-10-30,18,8830,2021-11-24,0
2021-10-31,24,8854,2021-11-24,0
2021-11-01,18,8872,2021-11-24,0
2021-11-02,18,8890,2021-11-24,0
2021-11-03,26,8916,2021-11-24,1
2021-11-04,26,8942,2021-11-24,0
2021-11-05,28,8970,2021-11-24,0
2021-11-06,14,8984,2021-11-24,0
2021-11-07,23,9007,2021-11-24,1
2021-11-08,26,9033,2021-11-24,0
2021-11-09,15,9048,2021-11-24,0
2021-11-10,18,9066,2021-11-24,0
2021-11-11,27,9093,2021-11-24,1
2021-11-12,23,9116,2021-11-24,1
2021-11-13,30,9146,2021-11-24,0
2021-11-14,23,9169,2021-11-24,0
2021-11-15,22,9191,2021-11-24,3
2021-11-16,14,9205,2021-11-24,2
2021-11-17,26,9231,2021-11-24,6
2021-11-18,19,9250,2021-11-24,7
2021-11-19,12,9262,2021-11-24,11
2021-11-20,8,9270,2021-11-24,8
2021-11-21,10,9280,2021-11-24,10
2021-11-22,2,9282,2021-11-24,2
NA,0,9282,2021-11-24,0
2020-03-19,1,1,2021-11-26,0
2020-03-20,0,1,2021-11-26,0
2020-03-21,0,1,2021-11-26,0
2020-03-22,0,1,2021-11-26,0
2020-03-23,0,1,2021-11-26,0
2020-03-24,1,2,2021-11-26,0
2020-03-25,1,3,2021-11-26,0
2020-03-26,1,4,2021-11-26,0
2020-03-27,5,9,2021-11-26,0
2020-03-28,3,12,2021-11-26,0
2020-03-29,0,12,2021-11-26,0
2020-03-30,5,17,2021-11-26,0
2020-03-31,2,19,2021-11-26,0
2020-04-01,5,24,2021-11-26,0
2020-04-02,3,27,2021-11-26,0
2020-04-03,1,28,2021-11-26,0
2020-04-04,5,33,2021-11-26,0
2020-04-05,5,38,2021-11-26,0
2020-04-06,10,48,2021-11-26,0
2020-04-07,6,54,2021-11-26,0
2020-04-08,7,61,2021-11-26,0
2020-04-09,8,69,2021-11-26,0
2020-04-10,6,75,2021-11-26,0
2020-04-11,4,79,2021-11-26,0
2020-04-12,4,83,2021-11-26,0
2020-04-13,10,93,2021-11-26,0
2020-04-14,6,99,2021-11-26,0
2020-04-15,17,116,2021-11-26,0
2020-04-16,10,126,2021-11-26,0
2020-04-17,17,143,2021-11-26,0
2020-04-18,17,160,2021-11-26,0
2020-04-19,16,176,2021-11-26,0
2020-04-20,21,197,2021-11-26,0
2020-04-21,26,223,2021-11-26,0
2020-04-22,21,244,2021-11-26,0
2020-04-23,19,263,2021-11-26,0
2020-04-24,23,286,2021-11-26,0
2020-04-25,18,304,2021-11-26,0
2020-04-26,17,321,2021-11-26,0
2020-04-27,21,342,2021-11-26,0
2020-04-28,16,358,2021-11-26,0
2020-04-29,29,387,2021-11-26,0
2020-04-30,18,405,2021-11-26,0
2020-05-01,30,435,2021-11-26,0
2020-05-02,19,454,2021-11-26,0
2020-05-03,29,483,2021-11-26,0
2020-05-04,23,506,2021-11-26,0
2020-05-05,19,525,2021-11-26,0
2020-05-06,25,550,2021-11-26,0
2020-05-07,30,580,2021-11-26,0
2020-05-08,20,600,2021-11-26,0
2020-05-09,26,626,2021-11-26,0
2020-05-10,19,645,2021-11-26,0
2020-05-11,25,670,2021-11-26,0
2020-05-12,20,690,2021-11-26,0
2020-05-13,22,712,2021-11-26,0
2020-05-14,20,732,2021-11-26,0
2020-05-15,20,752,2021-11-26,0
2020-05-16,20,772,2021-11-26,0
2020-05-17,23,795,2021-11-26,0
2020-05-18,18,813,2021-11-26,0
2020-05-19,35,848,2021-11-26,0
2020-05-20,24,872,2021-11-26,0
2020-05-21,17,889,2021-11-26,0
2020-05-22,20,909,2021-11-26,0
2020-05-23,26,935,2021-11-26,0
2020-05-24,25,960,2021-11-26,0
2020-05-25,30,990,2021-11-26,0
2020-05-26,29,1019,2021-11-26,0
2020-05-27,25,1044,2021-11-26,0
2020-05-28,21,1065,2021-11-26,0
2020-05-29,17,1082,2021-11-26,0
2020-05-30,11,1093,2021-11-26,0
2020-05-31,20,1113,2021-11-26,0
2020-06-01,23,1136,2021-11-26,0
2020-06-02,21,1157,2021-11-26,0
2020-06-03,25,1182,2021-11-26,0
2020-06-04,26,1208,2021-11-26,0
2020-06-05,18,1226,2021-11-26,0
2020-06-06,12,1238,2021-11-26,0
2020-06-07,22,1260,2021-11-26,0
2020-06-08,12,1272,2021-11-26,0
2020-06-09,13,1285,2021-11-26,0
2020-06-10,10,1295,2021-11-26,0
2020-06-11,12,1307,2021-11-26,0
2020-06-12,11,1318,2021-11-26,0
2020-06-13,13,1331,2021-11-26,0
2020-06-14,11,1342,2021-11-26,0
2020-06-15,8,1350,2021-11-26,0
2020-06-16,9,1359,2021-11-26,0
2020-06-17,17,1376,2021-11-26,0
2020-06-18,9,1385,2021-11-26,0
2020-06-19,8,1393,2021-11-26,0
2020-06-20,12,1405,2021-11-26,0
2020-06-21,11,1416,2021-11-26,0
2020-06-22,6,1422,2021-11-26,0
2020-06-23,10,1432,2021-11-26,0
2020-06-24,1,1433,2021-11-26,0
2020-06-25,9,1442,2021-11-26,0
2020-06-26,6,1448,2021-11-26,0
2020-06-27,5,1453,2021-11-26,0
2020-06-28,11,1464,2021-11-26,0
2020-06-29,7,1471,2021-11-26,0
2020-06-30,9,1480,2021-11-26,0
2020-07-01,2,1482,2021-11-26,0
2020-07-02,3,1485,2021-11-26,0
2020-07-03,5,1490,2021-11-26,0
2020-07-04,4,1494,2021-11-26,0
2020-07-05,6,1500,2021-11-26,0
2020-07-06,4,1504,2021-11-26,0
2020-07-07,2,1506,2021-11-26,0
2020-07-08,9,1515,2021-11-26,0
2020-07-09,4,1519,2021-11-26,0
2020-07-10,3,1522,2021-11-26,0
2020-07-11,4,1526,2021-11-26,0
2020-07-12,6,1532,2021-11-26,0
2020-07-13,2,1534,2021-11-26,0
2020-07-14,6,1540,2021-11-26,0
2020-07-15,7,1547,2021-11-26,0
2020-07-16,3,1550,2021-11-26,0
2020-07-17,7,1557,2021-11-26,0
2020-07-18,6,1563,2021-11-26,0
2020-07-19,5,1568,2021-11-26,0
2020-07-20,3,1571,2021-11-26,0
2020-07-21,6,1577,2021-11-26,0
2020-07-22,5,1582,2021-11-26,0
2020-07-23,8,1590,2021-11-26,0
2020-07-24,6,1596,2021-11-26,0
2020-07-25,2,1598,2021-11-26,0
2020-07-26,5,1603,2021-11-26,0
2020-07-27,5,1608,2021-11-26,0
2020-07-28,7,1615,2021-11-26,0
2020-07-29,3,1618,2021-11-26,0
2020-07-30,6,1624,2021-11-26,0
2020-07-31,9,1633,2021-11-26,0
2020-08-01,4,1637,2021-11-26,0
2020-08-02,7,1644,2021-11-26,0
2020-08-03,4,1648,2021-11-26,0
2020-08-04,7,1655,2021-11-26,0
2020-08-05,8,1663,2021-11-26,0
2020-08-06,9,1672,2021-11-26,0
2020-08-07,7,1679,2021-11-26,0
2020-08-08,6,1685,2021-11-26,0
2020-08-09,10,1695,2021-11-26,0
2020-08-10,3,1698,2021-11-26,0
2020-08-11,9,1707,2021-11-26,0
2020-08-12,7,1714,2021-11-26,0
2020-08-13,5,1719,2021-11-26,0
2020-08-14,9,1728,2021-11-26,0
2020-08-15,13,1741,2021-11-26,0
2020-08-16,13,1754,2021-11-26,0
2020-08-17,6,1760,2021-11-26,0
2020-08-18,11,1771,2021-11-26,0
2020-08-19,3,1774,2021-11-26,0
2020-08-20,10,1784,2021-11-26,0
2020-08-21,12,1796,2021-11-26,0
2020-08-22,9,1805,2021-11-26,0
2020-08-23,7,1812,2021-11-26,0
2020-08-24,9,1821,2021-11-26,0
2020-08-25,4,1825,2021-11-26,0
2020-08-26,3,1828,2021-11-26,0
2020-08-27,7,1835,2021-11-26,0
2020-08-28,6,1841,2021-11-26,0
2020-08-29,3,1844,2021-11-26,0
2020-08-30,5,1849,2021-11-26,0
2020-08-31,9,1858,2021-11-26,0
2020-09-01,2,1860,2021-11-26,0
2020-09-02,7,1867,2021-11-26,0
2020-09-03,12,1879,2021-11-26,0
2020-09-04,4,1883,2021-11-26,0
2020-09-05,6,1889,2021-11-26,0
2020-09-06,12,1901,2021-11-26,0
2020-09-07,3,1904,2021-11-26,0
2020-09-08,6,1910,2021-11-26,0
2020-09-09,10,1920,2021-11-26,0
2020-09-10,9,1929,2021-11-26,0
2020-09-11,11,1940,2021-11-26,0
2020-09-12,8,1948,2021-11-26,0
2020-09-13,8,1956,2021-11-26,0
2020-09-14,2,1958,2021-11-26,0
2020-09-15,7,1965,2021-11-26,0
2020-09-16,9,1974,2021-11-26,0
2020-09-17,5,1979,2021-11-26,0
2020-09-18,6,1985,2021-11-26,0
2020-09-19,4,1989,2021-11-26,0
2020-09-20,9,1998,2021-11-26,0
2020-09-21,7,2005,2021-11-26,0
2020-09-22,8,2013,2021-11-26,0
2020-09-23,9,2022,2021-11-26,0
2020-09-24,8,2030,2021-11-26,0
2020-09-25,11,2041,2021-11-26,0
2020-09-26,9,2050,2021-11-26,0
2020-09-27,14,2064,2021-11-26,0
2020-09-28,11,2075,2021-11-26,0
2020-09-29,5,2080,2021-11-26,0
2020-09-30,16,2096,2021-11-26,0
2020-10-01,7,2103,2021-11-26,0
2020-10-02,13,2116,2021-11-26,0
2020-10-03,9,2125,2021-11-26,0
2020-10-04,7,2132,2021-11-26,0
2020-10-05,10,2142,2021-11-26,0
2020-10-06,13,2155,2021-11-26,0
2020-10-07,19,2174,2021-11-26,0
2020-10-08,9,2183,2021-11-26,0
2020-10-09,17,2200,2021-11-26,0
2020-10-10,16,2216,2021-11-26,0
2020-10-11,16,2232,2021-11-26,0
2020-10-12,20,2252,2021-11-26,0
2020-10-13,14,2266,2021-11-26,0
2020-10-14,10,2276,2021-11-26,0
2020-10-15,9,2285,2021-11-26,0
2020-10-16,12,2297,2021-11-26,0
2020-10-17,18,2315,2021-11-26,0
2020-10-18,25,2340,2021-11-26,0
2020-10-19,18,2358,2021-11-26,0
2020-10-20,15,2373,2021-11-26,0
2020-10-21,24,2397,2021-11-26,0
2020-10-22,18,2415,2021-11-26,0
2020-10-23,19,2434,2021-11-26,0
2020-10-24,8,2442,2021-11-26,0
2020-10-25,17,2459,2021-11-26,0
2020-10-26,25,2484,2021-11-26,0
2020-10-27,23,2507,2021-11-26,0
2020-10-28,29,2536,2021-11-26,0
2020-10-29,18,2554,2021-11-26,0
2020-10-30,27,2581,2021-11-26,0
2020-10-31,25,2606,2021-11-26,0
2020-11-01,21,2627,2021-11-26,0
2020-11-02,25,2652,2021-11-26,0
2020-11-03,25,2677,2021-11-26,0
2020-11-04,33,2710,2021-11-26,0
2020-11-05,38,2748,2021-11-26,0
2020-11-06,39,2787,2021-11-26,0
2020-11-07,42,2829,2021-11-26,0
2020-11-08,47,2876,2021-11-26,0
2020-11-09,36,2912,2021-11-26,0
2020-11-10,35,2947,2021-11-26,0
2020-11-11,43,2990,2021-11-26,0
2020-11-12,45,3035,2021-11-26,0
2020-11-13,40,3075,2021-11-26,0
2020-11-14,47,3122,2021-11-26,0
2020-11-15,46,3168,2021-11-26,0
2020-11-16,62,3230,2021-11-26,0
2020-11-17,56,3286,2021-11-26,0
2020-11-18,61,3347,2021-11-26,0
2020-11-19,60,3407,2021-11-26,0
2020-11-20,63,3470,2021-11-26,0
2020-11-21,58,3528,2021-11-26,0
2020-11-22,67,3595,2021-11-26,0
2020-11-23,59,3654,2021-11-26,0
2020-11-24,69,3723,2021-11-26,0
2020-11-25,72,3795,2021-11-26,0
2020-11-26,54,3849,2021-11-26,0
2020-11-27,69,3918,2021-11-26,0
2020-11-28,62,3980,2021-11-26,0
2020-11-29,68,4048,2021-11-26,0
2020-11-30,61,4109,2021-11-26,0
2020-12-01,64,4173,2021-11-26,0
2020-12-02,73,4246,2021-11-26,0
2020-12-03,86,4332,2021-11-26,0
2020-12-04,67,4399,2021-11-26,0
2020-12-05,74,4473,2021-11-26,0
2020-12-06,80,4553,2021-11-26,0
2020-12-07,75,4628,2021-11-26,0
2020-12-08,61,4689,2021-11-26,0
2020-12-09,71,4760,2021-11-26,0
2020-12-10,72,4832,2021-11-26,0
2020-12-11,71,4903,2021-11-26,0
2020-12-12,72,4975,2021-11-26,0
2020-12-13,56,5031,2021-11-26,0
2020-12-14,43,5074,2021-11-26,0
2020-12-15,65,5139,2021-11-26,0
2020-12-16,73,5212,2021-11-26,0
2020-12-17,60,5272,2021-11-26,0
2020-12-18,59,5331,2021-11-26,0
2020-12-19,56,5387,2021-11-26,0
2020-12-20,61,5448,2021-11-26,0
2020-12-21,58,5506,2021-11-26,0
2020-12-22,33,5539,2021-11-26,0
2020-12-23,46,5585,2021-11-26,0
2020-12-24,50,5635,2021-11-26,0
2020-12-25,36,5671,2021-11-26,0
2020-12-26,43,5714,2021-11-26,0
2020-12-27,41,5755,2021-11-26,0
2020-12-28,34,5789,2021-11-26,0
2020-12-29,37,5826,2021-11-26,0
2020-12-30,47,5873,2021-11-26,0
2020-12-31,36,5909,2021-11-26,0
2021-01-01,28,5937,2021-11-26,0
2021-01-02,47,5984,2021-11-26,0
2021-01-03,37,6021,2021-11-26,0
2021-01-04,32,6053,2021-11-26,0
2021-01-05,40,6093,2021-11-26,0
2021-01-06,32,6125,2021-11-26,0
2021-01-07,37,6162,2021-11-26,0
2021-01-08,32,6194,2021-11-26,0
2021-01-09,26,6220,2021-11-26,0
2021-01-10,29,6249,2021-11-26,0
2021-01-11,26,6275,2021-11-26,0
2021-01-12,32,6307,2021-11-26,0
2021-01-13,23,6330,2021-11-26,0
2021-01-14,41,6371,2021-11-26,0
2021-01-15,26,6397,2021-11-26,0
2021-01-16,30,6427,2021-11-26,0
2021-01-17,21,6448,2021-11-26,0
2021-01-18,19,6467,2021-11-26,0
2021-01-19,14,6481,2021-11-26,0
2021-01-20,26,6507,2021-11-26,0
2021-01-21,16,6523,2021-11-26,0
2021-01-22,13,6536,2021-11-26,0
2021-01-23,17,6553,2021-11-26,0
2021-01-24,24,6577,2021-11-26,0
2021-01-25,19,6596,2021-11-26,0
2021-01-26,21,6617,2021-11-26,0
2021-01-27,11,6628,2021-11-26,0
2021-01-28,12,6640,2021-11-26,0
2021-01-29,15,6655,2021-11-26,0
2021-01-30,13,6668,2021-11-26,0
2021-01-31,16,6684,2021-11-26,0
2021-02-01,17,6701,2021-11-26,0
2021-02-02,10,6711,2021-11-26,0
2021-02-03,11,6722,2021-11-26,0
2021-02-04,11,6733,2021-11-26,0
2021-02-05,12,6745,2021-11-26,0
2021-02-06,12,6757,2021-11-26,0
2021-02-07,19,6776,2021-11-26,0
2021-02-08,11,6787,2021-11-26,0
2021-02-09,15,6802,2021-11-26,0
2021-02-10,14,6816,2021-11-26,0
2021-02-11,7,6823,2021-11-26,0
2021-02-12,13,6836,2021-11-26,0
2021-02-13,8,6844,2021-11-26,0
2021-02-14,10,6854,2021-11-26,0
2021-02-15,9,6863,2021-11-26,0
2021-02-16,12,6875,2021-11-26,0
2021-02-17,10,6885,2021-11-26,0
2021-02-18,7,6892,2021-11-26,0
2021-02-19,6,6898,2021-11-26,0
2021-02-20,7,6905,2021-11-26,0
2021-02-21,4,6909,2021-11-26,0
2021-02-22,5,6914,2021-11-26,0
2021-02-23,9,6923,2021-11-26,0
2021-02-24,5,6928,2021-11-26,0
2021-02-25,5,6933,2021-11-26,0
2021-02-26,7,6940,2021-11-26,0
2021-02-27,6,6946,2021-11-26,0
2021-02-28,8,6954,2021-11-26,0
2021-03-01,7,6961,2021-11-26,0
2021-03-02,3,6964,2021-11-26,0
2021-03-03,10,6974,2021-11-26,0
2021-03-04,6,6980,2021-11-26,0
2021-03-05,10,6990,2021-11-26,0
2021-03-06,5,6995,2021-11-26,0
2021-03-07,9,7004,2021-11-26,0
2021-03-08,5,7009,2021-11-26,0
2021-03-09,7,7016,2021-11-26,0
2021-03-10,5,7021,2021-11-26,0
2021-03-11,4,7025,2021-11-26,0
2021-03-12,11,7036,2021-11-26,0
2021-03-13,5,7041,2021-11-26,0
2021-03-14,5,7046,2021-11-26,0
2021-03-15,2,7048,2021-11-26,0
2021-03-16,6,7054,2021-11-26,0
2021-03-17,4,7058,2021-11-26,0
2021-03-18,5,7063,2021-11-26,0
2021-03-19,5,7068,2021-11-26,0
2021-03-20,9,7077,2021-11-26,0
2021-03-21,5,7082,2021-11-26,0
2021-03-22,4,7086,2021-11-26,0
2021-03-23,5,7091,2021-11-26,0
2021-03-24,1,7092,2021-11-26,0
2021-03-25,5,7097,2021-11-26,0
2021-03-26,3,7100,2021-11-26,0
2021-03-27,7,7107,2021-11-26,0
2021-03-28,6,7113,2021-11-26,0
2021-03-29,5,7118,2021-11-26,0
2021-03-30,6,7124,2021-11-26,0
2021-03-31,8,7132,2021-11-26,0
2021-04-01,6,7138,2021-11-26,0
2021-04-02,9,7147,2021-11-26,0
2021-04-03,8,7155,2021-11-26,0
2021-04-04,6,7161,2021-11-26,0
2021-04-05,8,7169,2021-11-26,0
2021-04-06,7,7176,2021-11-26,0
2021-04-07,6,7182,2021-11-26,0
2021-04-08,10,7192,2021-11-26,0
2021-04-09,7,7199,2021-11-26,0
2021-04-10,7,7206,2021-11-26,0
2021-04-11,8,7214,2021-11-26,0
2021-04-12,10,7224,2021-11-26,0
2021-04-13,7,7231,2021-11-26,0
2021-04-14,8,7239,2021-11-26,0
2021-04-15,14,7253,2021-11-26,0
2021-04-16,8,7261,2021-11-26,0
2021-04-17,8,7269,2021-11-26,0
2021-04-18,8,7277,2021-11-26,0
2021-04-19,10,7287,2021-11-26,0
2021-04-20,5,7292,2021-11-26,0
2021-04-21,8,7300,2021-11-26,0
2021-04-22,2,7302,2021-11-26,0
2021-04-23,15,7317,2021-11-26,0
2021-04-24,11,7328,2021-11-26,0
2021-04-25,15,7343,2021-11-26,0
2021-04-26,15,7358,2021-11-26,0
2021-04-27,7,7365,2021-11-26,0
2021-04-28,14,7379,2021-11-26,0
2021-04-29,8,7387,2021-11-26,0
2021-04-30,11,7398,2021-11-26,0
2021-05-01,7,7405,2021-11-26,0
2021-05-02,8,7413,2021-11-26,0
2021-05-03,5,7418,2021-11-26,0
2021-05-04,13,7431,2021-11-26,0
2021-05-05,8,7439,2021-11-26,0
2021-05-06,5,7444,2021-11-26,0
2021-05-07,8,7452,2021-11-26,0
2021-05-08,7,7459,2021-11-26,0
2021-05-09,9,7468,2021-11-26,0
2021-05-10,8,7476,2021-11-26,0
2021-05-11,6,7482,2021-11-26,0
2021-05-12,9,7491,2021-11-26,0
2021-05-13,9,7500,2021-11-26,0
2021-05-14,11,7511,2021-11-26,0
2021-05-15,10,7521,2021-11-26,0
2021-05-16,6,7527,2021-11-26,0
2021-05-17,6,7533,2021-11-26,0
2021-05-18,7,7540,2021-11-26,0
2021-05-19,2,7542,2021-11-26,0
2021-05-20,5,7547,2021-11-26,0
2021-05-21,7,7554,2021-11-26,0
2021-05-22,11,7565,2021-11-26,0
2021-05-23,5,7570,2021-11-26,0
2021-05-24,5,7575,2021-11-26,0
2021-05-25,6,7581,2021-11-26,0
2021-05-26,3,7584,2021-11-26,0
2021-05-27,7,7591,2021-11-26,0
2021-05-28,2,7593,2021-11-26,0
2021-05-29,6,7599,2021-11-26,0
2021-05-30,4,7603,2021-11-26,0
2021-05-31,3,7606,2021-11-26,0
2021-06-01,5,7611,2021-11-26,0
2021-06-02,8,7619,2021-11-26,0
2021-06-03,4,7623,2021-11-26,0
2021-06-04,4,7627,2021-11-26,0
2021-06-05,2,7629,2021-11-26,0
2021-06-06,5,7634,2021-11-26,0
2021-06-07,3,7637,2021-11-26,0
2021-06-08,5,7642,2021-11-26,0
2021-06-09,4,7646,2021-11-26,0
2021-06-10,6,7652,2021-11-26,0
2021-06-11,6,7658,2021-11-26,0
2021-06-12,4,7662,2021-11-26,0
2021-06-13,4,7666,2021-11-26,0
2021-06-14,3,7669,2021-11-26,0
2021-06-15,2,7671,2021-11-26,0
2021-06-16,2,7673,2021-11-26,0
2021-06-17,4,7677,2021-11-26,0
2021-06-18,1,7678,2021-11-26,0
2021-06-19,6,7684,2021-11-26,0
2021-06-20,1,7685,2021-11-26,0
2021-06-21,5,7690,2021-11-26,0
2021-06-22,3,7693,2021-11-26,0
2021-06-23,4,7697,2021-11-26,0
2021-06-24,3,7700,2021-11-26,0
2021-06-25,3,7703,2021-11-26,0
2021-06-26,4,7707,2021-11-26,0
2021-06-27,2,7709,2021-11-26,0
2021-06-28,2,7711,2021-11-26,0
2021-06-29,2,7713,2021-11-26,0
2021-06-30,2,7715,2021-11-26,0
2021-07-01,0,7715,2021-11-26,0
2021-07-02,2,7717,2021-11-26,0
2021-07-03,2,7719,2021-11-26,0
2021-07-04,3,7722,2021-11-26,0
2021-07-05,1,7723,2021-11-26,0
2021-07-06,4,7727,2021-11-26,0
2021-07-07,1,7728,2021-11-26,0
2021-07-08,1,7729,2021-11-26,0
2021-07-09,0,7729,2021-11-26,0
2021-07-10,1,7730,2021-11-26,0
2021-07-11,3,7733,2021-11-26,0
2021-07-12,1,7734,2021-11-26,0
2021-07-13,2,7736,2021-11-26,0
2021-07-14,2,7738,2021-11-26,0
2021-07-15,2,7740,2021-11-26,0
2021-07-16,1,7741,2021-11-26,0
2021-07-17,1,7742,2021-11-26,0
2021-07-18,0,7742,2021-11-26,0
2021-07-19,0,7742,2021-11-26,0
2021-07-20,2,7744,2021-11-26,0
2021-07-21,2,7746,2021-11-26,0
2021-07-22,2,7748,2021-11-26,0
2021-07-23,3,7751,2021-11-26,0
2021-07-24,0,7751,2021-11-26,0
2021-07-25,2,7753,2021-11-26,0
2021-07-26,1,7754,2021-11-26,0
2021-07-27,2,7756,2021-11-26,0
2021-07-28,3,7759,2021-11-26,0
2021-07-29,2,7761,2021-11-26,0
2021-07-30,5,7766,2021-11-26,0
2021-07-31,4,7770,2021-11-26,0
2021-08-01,1,7771,2021-11-26,0
2021-08-02,3,7774,2021-11-26,0
2021-08-03,2,7776,2021-11-26,0
2021-08-04,3,7779,2021-11-26,0
2021-08-05,2,7781,2021-11-26,0
2021-08-06,7,7788,2021-11-26,0
2021-08-07,3,7791,2021-11-26,0
2021-08-08,2,7793,2021-11-26,0
2021-08-09,3,7796,2021-11-26,0
2021-08-10,2,7798,2021-11-26,0
2021-08-11,2,7800,2021-11-26,0
2021-08-12,7,7807,2021-11-26,0
2021-08-13,5,7812,2021-11-26,0
2021-08-14,6,7818,2021-11-26,0
2021-08-15,0,7818,2021-11-26,0
2021-08-16,7,7825,2021-11-26,0
2021-08-17,7,7832,2021-11-26,0
2021-08-18,9,7841,2021-11-26,0
2021-08-19,2,7843,2021-11-26,0
2021-08-20,3,7846,2021-11-26,0
2021-08-21,5,7851,2021-11-26,0
2021-08-22,7,7858,2021-11-26,0
2021-08-23,5,7863,2021-11-26,0
2021-08-24,12,7875,2021-11-26,0
2021-08-25,7,7882,2021-11-26,0
2021-08-26,2,7884,2021-11-26,0
2021-08-27,6,7890,2021-11-26,0
2021-08-28,11,7901,2021-11-26,0
2021-08-29,11,7912,2021-11-26,0
2021-08-30,8,7920,2021-11-26,0
2021-08-31,6,7926,2021-11-26,0
2021-09-01,6,7932,2021-11-26,0
2021-09-02,6,7938,2021-11-26,0
2021-09-03,9,7947,2021-11-26,0
2021-09-04,9,7956,2021-11-26,0
2021-09-05,10,7966,2021-11-26,0
2021-09-06,8,7974,2021-11-26,0
2021-09-07,7,7981,2021-11-26,0
2021-09-08,11,7992,2021-11-26,0
2021-09-09,5,7997,2021-11-26,0
2021-09-10,9,8006,2021-11-26,0
2021-09-11,17,8023,2021-11-26,0
2021-09-12,10,8033,2021-11-26,0
2021-09-13,7,8040,2021-11-26,0
2021-09-14,11,8051,2021-11-26,0
2021-09-15,14,8065,2021-11-26,0
2021-09-16,16,8081,2021-11-26,0
2021-09-17,8,8089,2021-11-26,0
2021-09-18,13,8102,2021-11-26,0
2021-09-19,11,8113,2021-11-26,0
2021-09-20,15,8128,2021-11-26,0
2021-09-21,15,8143,2021-11-26,0
2021-09-22,17,8160,2021-11-26,0
2021-09-23,13,8173,2021-11-26,0
2021-09-24,13,8186,2021-11-26,0
2021-09-25,16,8202,2021-11-26,0
2021-09-26,15,8217,2021-11-26,0
2021-09-27,15,8232,2021-11-26,0
2021-09-28,11,8243,2021-11-26,0
2021-09-29,19,8262,2021-11-26,0
2021-09-30,17,8279,2021-11-26,0
2021-10-01,13,8292,2021-11-26,0
2021-10-02,13,8305,2021-11-26,0
2021-10-03,23,8328,2021-11-26,0
2021-10-04,14,8342,2021-11-26,0
2021-10-05,23,8365,2021-11-26,0
2021-10-06,20,8385,2021-11-26,0
2021-10-07,13,8398,2021-11-26,0
2021-10-08,22,8420,2021-11-26,0
2021-10-09,20,8440,2021-11-26,0
2021-10-10,13,8453,2021-11-26,0
2021-10-11,11,8464,2021-11-26,0
2021-10-12,25,8489,2021-11-26,0
2021-10-13,20,8509,2021-11-26,0
2021-10-14,20,8529,2021-11-26,0
2021-10-15,14,8543,2021-11-26,0
2021-10-16,20,8563,2021-11-26,0
2021-10-17,17,8580,2021-11-26,0
2021-10-18,16,8596,2021-11-26,0
2021-10-19,25,8621,2021-11-26,0
2021-10-20,15,8636,2021-11-26,0
2021-10-21,8,8644,2021-11-26,0
2021-10-22,23,8667,2021-11-26,0
2021-10-23,24,8691,2021-11-26,0
2021-10-24,24,8715,2021-11-26,0
2021-10-25,20,8735,2021-11-26,0
2021-10-26,21,8756,2021-11-26,0
2021-10-27,14,8770,2021-11-26,0
2021-10-28,23,8793,2021-11-26,0
2021-10-29,19,8812,2021-11-26,0
2021-10-30,18,8830,2021-11-26,0
2021-10-31,24,8854,2021-11-26,0
2021-11-01,18,8872,2021-11-26,0
2021-11-02,18,8890,2021-11-26,0
2021-11-03,27,8917,2021-11-26,1
2021-11-04,26,8943,2021-11-26,0
2021-11-05,29,8972,2021-11-26,1
2021-11-06,14,8986,2021-11-26,0
2021-11-07,24,9010,2021-11-26,1
2021-11-08,26,9036,2021-11-26,0
2021-11-09,15,9051,2021-11-26,0
2021-11-10,18,9069,2021-11-26,0
2021-11-11,26,9095,2021-11-26,-1
2021-11-12,24,9119,2021-11-26,1
2021-11-13,30,9149,2021-11-26,0
2021-11-14,23,9172,2021-11-26,0
2021-11-15,23,9195,2021-11-26,1
2021-11-16,19,9214,2021-11-26,5
2021-11-17,31,9245,2021-11-26,5
2021-11-18,25,9270,2021-11-26,6
2021-11-19,21,9291,2021-11-26,9
2021-11-20,18,9309,2021-11-26,10
2021-11-21,15,9324,2021-11-26,5
2021-11-22,13,9337,2021-11-26,11
2021-11-23,1,9338,2021-11-26,1
NA,0,9338,2021-11-26,0
2020-03-19,1,1,2021-11-29,0
2020-03-20,0,1,2021-11-29,0
2020-03-21,0,1,2021-11-29,0
2020-03-22,0,1,2021-11-29,0
2020-03-23,0,1,2021-11-29,0
2020-03-24,1,2,2021-11-29,0
2020-03-25,1,3,2021-11-29,0
2020-03-26,1,4,2021-11-29,0
2020-03-27,5,9,2021-11-29,0
2020-03-28,3,12,2021-11-29,0
2020-03-29,0,12,2021-11-29,0
2020-03-30,5,17,2021-11-29,0
2020-03-31,2,19,2021-11-29,0
2020-04-01,5,24,2021-11-29,0
2020-04-02,3,27,2021-11-29,0
2020-04-03,1,28,2021-11-29,0
2020-04-04,5,33,2021-11-29,0
2020-04-05,5,38,2021-11-29,0
2020-04-06,10,48,2021-11-29,0
2020-04-07,6,54,2021-11-29,0
2020-04-08,7,61,2021-11-29,0
2020-04-09,8,69,2021-11-29,0
2020-04-10,6,75,2021-11-29,0
2020-04-11,4,79,2021-11-29,0
2020-04-12,4,83,2021-11-29,0
2020-04-13,10,93,2021-11-29,0
2020-04-14,6,99,2021-11-29,0
2020-04-15,17,116,2021-11-29,0
2020-04-16,10,126,2021-11-29,0
2020-04-17,17,143,2021-11-29,0
2020-04-18,17,160,2021-11-29,0
2020-04-19,16,176,2021-11-29,0
2020-04-20,21,197,2021-11-29,0
2020-04-21,26,223,2021-11-29,0
2020-04-22,21,244,2021-11-29,0
2020-04-23,19,263,2021-11-29,0
2020-04-24,23,286,2021-11-29,0
2020-04-25,18,304,2021-11-29,0
2020-04-26,17,321,2021-11-29,0
2020-04-27,21,342,2021-11-29,0
2020-04-28,16,358,2021-11-29,0
2020-04-29,29,387,2021-11-29,0
2020-04-30,18,405,2021-11-29,0
2020-05-01,30,435,2021-11-29,0
2020-05-02,19,454,2021-11-29,0
2020-05-03,29,483,2021-11-29,0
2020-05-04,23,506,2021-11-29,0
2020-05-05,19,525,2021-11-29,0
2020-05-06,25,550,2021-11-29,0
2020-05-07,30,580,2021-11-29,0
2020-05-08,20,600,2021-11-29,0
2020-05-09,26,626,2021-11-29,0
2020-05-10,19,645,2021-11-29,0
2020-05-11,25,670,2021-11-29,0
2020-05-12,20,690,2021-11-29,0
2020-05-13,22,712,2021-11-29,0
2020-05-14,20,732,2021-11-29,0
2020-05-15,20,752,2021-11-29,0
2020-05-16,20,772,2021-11-29,0
2020-05-17,23,795,2021-11-29,0
2020-05-18,18,813,2021-11-29,0
2020-05-19,35,848,2021-11-29,0
2020-05-20,24,872,2021-11-29,0
2020-05-21,17,889,2021-11-29,0
2020-05-22,20,909,2021-11-29,0
2020-05-23,26,935,2021-11-29,0
2020-05-24,25,960,2021-11-29,0
2020-05-25,30,990,2021-11-29,0
2020-05-26,29,1019,2021-11-29,0
2020-05-27,25,1044,2021-11-29,0
2020-05-28,21,1065,2021-11-29,0
2020-05-29,17,1082,2021-11-29,0
2020-05-30,11,1093,2021-11-29,0
2020-05-31,20,1113,2021-11-29,0
2020-06-01,23,1136,2021-11-29,0
2020-06-02,21,1157,2021-11-29,0
2020-06-03,25,1182,2021-11-29,0
2020-06-04,26,1208,2021-11-29,0
2020-06-05,18,1226,2021-11-29,0
2020-06-06,12,1238,2021-11-29,0
2020-06-07,22,1260,2021-11-29,0
2020-06-08,12,1272,2021-11-29,0
2020-06-09,13,1285,2021-11-29,0
2020-06-10,10,1295,2021-11-29,0
2020-06-11,12,1307,2021-11-29,0
2020-06-12,11,1318,2021-11-29,0
2020-06-13,13,1331,2021-11-29,0
2020-06-14,11,1342,2021-11-29,0
2020-06-15,8,1350,2021-11-29,0
2020-06-16,9,1359,2021-11-29,0
2020-06-17,17,1376,2021-11-29,0
2020-06-18,9,1385,2021-11-29,0
2020-06-19,8,1393,2021-11-29,0
2020-06-20,12,1405,2021-11-29,0
2020-06-21,11,1416,2021-11-29,0
2020-06-22,6,1422,2021-11-29,0
2020-06-23,10,1432,2021-11-29,0
2020-06-24,1,1433,2021-11-29,0
2020-06-25,9,1442,2021-11-29,0
2020-06-26,6,1448,2021-11-29,0
2020-06-27,5,1453,2021-11-29,0
2020-06-28,11,1464,2021-11-29,0
2020-06-29,7,1471,2021-11-29,0
2020-06-30,9,1480,2021-11-29,0
2020-07-01,2,1482,2021-11-29,0
2020-07-02,3,1485,2021-11-29,0
2020-07-03,5,1490,2021-11-29,0
2020-07-04,4,1494,2021-11-29,0
2020-07-05,6,1500,2021-11-29,0
2020-07-06,4,1504,2021-11-29,0
2020-07-07,2,1506,2021-11-29,0
2020-07-08,9,1515,2021-11-29,0
2020-07-09,4,1519,2021-11-29,0
2020-07-10,3,1522,2021-11-29,0
2020-07-11,4,1526,2021-11-29,0
2020-07-12,6,1532,2021-11-29,0
2020-07-13,2,1534,2021-11-29,0
2020-07-14,6,1540,2021-11-29,0
2020-07-15,7,1547,2021-11-29,0
2020-07-16,3,1550,2021-11-29,0
2020-07-17,7,1557,2021-11-29,0
2020-07-18,6,1563,2021-11-29,0
2020-07-19,5,1568,2021-11-29,0
2020-07-20,3,1571,2021-11-29,0
2020-07-21,6,1577,2021-11-29,0
2020-07-22,5,1582,2021-11-29,0
2020-07-23,8,1590,2021-11-29,0
2020-07-24,6,1596,2021-11-29,0
2020-07-25,2,1598,2021-11-29,0
2020-07-26,5,1603,2021-11-29,0
2020-07-27,5,1608,2021-11-29,0
2020-07-28,7,1615,2021-11-29,0
2020-07-29,3,1618,2021-11-29,0
2020-07-30,6,1624,2021-11-29,0
2020-07-31,9,1633,2021-11-29,0
2020-08-01,4,1637,2021-11-29,0
2020-08-02,7,1644,2021-11-29,0
2020-08-03,4,1648,2021-11-29,0
2020-08-04,7,1655,2021-11-29,0
2020-08-05,8,1663,2021-11-29,0
2020-08-06,9,1672,2021-11-29,0
2020-08-07,7,1679,2021-11-29,0
2020-08-08,6,1685,2021-11-29,0
2020-08-09,10,1695,2021-11-29,0
2020-08-10,3,1698,2021-11-29,0
2020-08-11,9,1707,2021-11-29,0
2020-08-12,7,1714,2021-11-29,0
2020-08-13,5,1719,2021-11-29,0
2020-08-14,9,1728,2021-11-29,0
2020-08-15,13,1741,2021-11-29,0
2020-08-16,13,1754,2021-11-29,0
2020-08-17,6,1760,2021-11-29,0
2020-08-18,11,1771,2021-11-29,0
2020-08-19,3,1774,2021-11-29,0
2020-08-20,10,1784,2021-11-29,0
2020-08-21,12,1796,2021-11-29,0
2020-08-22,9,1805,2021-11-29,0
2020-08-23,7,1812,2021-11-29,0
2020-08-24,9,1821,2021-11-29,0
2020-08-25,4,1825,2021-11-29,0
2020-08-26,3,1828,2021-11-29,0
2020-08-27,7,1835,2021-11-29,0
2020-08-28,6,1841,2021-11-29,0
2020-08-29,3,1844,2021-11-29,0
2020-08-30,5,1849,2021-11-29,0
2020-08-31,9,1858,2021-11-29,0
2020-09-01,2,1860,2021-11-29,0
2020-09-02,7,1867,2021-11-29,0
2020-09-03,12,1879,2021-11-29,0
2020-09-04,4,1883,2021-11-29,0
2020-09-05,6,1889,2021-11-29,0
2020-09-06,12,1901,2021-11-29,0
2020-09-07,3,1904,2021-11-29,0
2020-09-08,6,1910,2021-11-29,0
2020-09-09,10,1920,2021-11-29,0
2020-09-10,9,1929,2021-11-29,0
2020-09-11,11,1940,2021-11-29,0
2020-09-12,8,1948,2021-11-29,0
2020-09-13,8,1956,2021-11-29,0
2020-09-14,2,1958,2021-11-29,0
2020-09-15,7,1965,2021-11-29,0
2020-09-16,9,1974,2021-11-29,0
2020-09-17,5,1979,2021-11-29,0
2020-09-18,6,1985,2021-11-29,0
2020-09-19,4,1989,2021-11-29,0
2020-09-20,9,1998,2021-11-29,0
2020-09-21,7,2005,2021-11-29,0
2020-09-22,8,2013,2021-11-29,0
2020-09-23,9,2022,2021-11-29,0
2020-09-24,8,2030,2021-11-29,0
2020-09-25,11,2041,2021-11-29,0
2020-09-26,9,2050,2021-11-29,0
2020-09-27,14,2064,2021-11-29,0
2020-09-28,11,2075,2021-11-29,0
2020-09-29,5,2080,2021-11-29,0
2020-09-30,16,2096,2021-11-29,0
2020-10-01,7,2103,2021-11-29,0
2020-10-02,13,2116,2021-11-29,0
2020-10-03,9,2125,2021-11-29,0
2020-10-04,7,2132,2021-11-29,0
2020-10-05,10,2142,2021-11-29,0
2020-10-06,13,2155,2021-11-29,0
2020-10-07,19,2174,2021-11-29,0
2020-10-08,9,2183,2021-11-29,0
2020-10-09,17,2200,2021-11-29,0
2020-10-10,16,2216,2021-11-29,0
2020-10-11,16,2232,2021-11-29,0
2020-10-12,20,2252,2021-11-29,0
2020-10-13,14,2266,2021-11-29,0
2020-10-14,10,2276,2021-11-29,0
2020-10-15,9,2285,2021-11-29,0
2020-10-16,12,2297,2021-11-29,0
2020-10-17,18,2315,2021-11-29,0
2020-10-18,25,2340,2021-11-29,0
2020-10-19,18,2358,2021-11-29,0
2020-10-20,15,2373,2021-11-29,0
2020-10-21,24,2397,2021-11-29,0
2020-10-22,18,2415,2021-11-29,0
2020-10-23,19,2434,2021-11-29,0
2020-10-24,8,2442,2021-11-29,0
2020-10-25,17,2459,2021-11-29,0
2020-10-26,25,2484,2021-11-29,0
2020-10-27,23,2507,2021-11-29,0
2020-10-28,29,2536,2021-11-29,0
2020-10-29,18,2554,2021-11-29,0
2020-10-30,27,2581,2021-11-29,0
2020-10-31,25,2606,2021-11-29,0
2020-11-01,21,2627,2021-11-29,0
2020-11-02,25,2652,2021-11-29,0
2020-11-03,25,2677,2021-11-29,0
2020-11-04,33,2710,2021-11-29,0
2020-11-05,38,2748,2021-11-29,0
2020-11-06,39,2787,2021-11-29,0
2020-11-07,42,2829,2021-11-29,0
2020-11-08,47,2876,2021-11-29,0
2020-11-09,36,2912,2021-11-29,0
2020-11-10,35,2947,2021-11-29,0
2020-11-11,43,2990,2021-11-29,0
2020-11-12,45,3035,2021-11-29,0
2020-11-13,40,3075,2021-11-29,0
2020-11-14,47,3122,2021-11-29,0
2020-11-15,46,3168,2021-11-29,0
2020-11-16,62,3230,2021-11-29,0
2020-11-17,56,3286,2021-11-29,0
2020-11-18,61,3347,2021-11-29,0
2020-11-19,60,3407,2021-11-29,0
2020-11-20,63,3470,2021-11-29,0
2020-11-21,58,3528,2021-11-29,0
2020-11-22,67,3595,2021-11-29,0
2020-11-23,59,3654,2021-11-29,0
2020-11-24,69,3723,2021-11-29,0
2020-11-25,72,3795,2021-11-29,0
2020-11-26,54,3849,2021-11-29,0
2020-11-27,69,3918,2021-11-29,0
2020-11-28,62,3980,2021-11-29,0
2020-11-29,68,4048,2021-11-29,0
2020-11-30,61,4109,2021-11-29,0
2020-12-01,64,4173,2021-11-29,0
2020-12-02,73,4246,2021-11-29,0
2020-12-03,86,4332,2021-11-29,0
2020-12-04,67,4399,2021-11-29,0
2020-12-05,74,4473,2021-11-29,0
2020-12-06,80,4553,2021-11-29,0
2020-12-07,75,4628,2021-11-29,0
2020-12-08,61,4689,2021-11-29,0
2020-12-09,71,4760,2021-11-29,0
2020-12-10,72,4832,2021-11-29,0
2020-12-11,71,4903,2021-11-29,0
2020-12-12,72,4975,2021-11-29,0
2020-12-13,56,5031,2021-11-29,0
2020-12-14,43,5074,2021-11-29,0
2020-12-15,65,5139,2021-11-29,0
2020-12-16,73,5212,2021-11-29,0
2020-12-17,60,5272,2021-11-29,0
2020-12-18,59,5331,2021-11-29,0
2020-12-19,56,5387,2021-11-29,0
2020-12-20,61,5448,2021-11-29,0
2020-12-21,58,5506,2021-11-29,0
2020-12-22,33,5539,2021-11-29,0
2020-12-23,46,5585,2021-11-29,0
2020-12-24,50,5635,2021-11-29,0
2020-12-25,36,5671,2021-11-29,0
2020-12-26,43,5714,2021-11-29,0
2020-12-27,41,5755,2021-11-29,0
2020-12-28,34,5789,2021-11-29,0
2020-12-29,37,5826,2021-11-29,0
2020-12-30,47,5873,2021-11-29,0
2020-12-31,36,5909,2021-11-29,0
2021-01-01,28,5937,2021-11-29,0
2021-01-02,47,5984,2021-11-29,0
2021-01-03,37,6021,2021-11-29,0
2021-01-04,32,6053,2021-11-29,0
2021-01-05,40,6093,2021-11-29,0
2021-01-06,32,6125,2021-11-29,0
2021-01-07,37,6162,2021-11-29,0
2021-01-08,32,6194,2021-11-29,0
2021-01-09,26,6220,2021-11-29,0
2021-01-10,29,6249,2021-11-29,0
2021-01-11,26,6275,2021-11-29,0
2021-01-12,32,6307,2021-11-29,0
2021-01-13,23,6330,2021-11-29,0
2021-01-14,41,6371,2021-11-29,0
2021-01-15,26,6397,2021-11-29,0
2021-01-16,30,6427,2021-11-29,0
2021-01-17,21,6448,2021-11-29,0
2021-01-18,19,6467,2021-11-29,0
2021-01-19,14,6481,2021-11-29,0
2021-01-20,26,6507,2021-11-29,0
2021-01-21,16,6523,2021-11-29,0
2021-01-22,13,6536,2021-11-29,0
2021-01-23,17,6553,2021-11-29,0
2021-01-24,24,6577,2021-11-29,0
2021-01-25,19,6596,2021-11-29,0
2021-01-26,21,6617,2021-11-29,0
2021-01-27,11,6628,2021-11-29,0
2021-01-28,12,6640,2021-11-29,0
2021-01-29,15,6655,2021-11-29,0
2021-01-30,13,6668,2021-11-29,0
2021-01-31,16,6684,2021-11-29,0
2021-02-01,17,6701,2021-11-29,0
2021-02-02,10,6711,2021-11-29,0
2021-02-03,11,6722,2021-11-29,0
2021-02-04,11,6733,2021-11-29,0
2021-02-05,12,6745,2021-11-29,0
2021-02-06,12,6757,2021-11-29,0
2021-02-07,19,6776,2021-11-29,0
2021-02-08,11,6787,2021-11-29,0
2021-02-09,15,6802,2021-11-29,0
2021-02-10,14,6816,2021-11-29,0
2021-02-11,7,6823,2021-11-29,0
2021-02-12,13,6836,2021-11-29,0
2021-02-13,8,6844,2021-11-29,0
2021-02-14,10,6854,2021-11-29,0
2021-02-15,9,6863,2021-11-29,0
2021-02-16,12,6875,2021-11-29,0
2021-02-17,10,6885,2021-11-29,0
2021-02-18,7,6892,2021-11-29,0
2021-02-19,6,6898,2021-11-29,0
2021-02-20,7,6905,2021-11-29,0
2021-02-21,4,6909,2021-11-29,0
2021-02-22,5,6914,2021-11-29,0
2021-02-23,9,6923,2021-11-29,0
2021-02-24,5,6928,2021-11-29,0
2021-02-25,5,6933,2021-11-29,0
2021-02-26,7,6940,2021-11-29,0
2021-02-27,6,6946,2021-11-29,0
2021-02-28,8,6954,2021-11-29,0
2021-03-01,7,6961,2021-11-29,0
2021-03-02,3,6964,2021-11-29,0
2021-03-03,10,6974,2021-11-29,0
2021-03-04,6,6980,2021-11-29,0
2021-03-05,10,6990,2021-11-29,0
2021-03-06,5,6995,2021-11-29,0
2021-03-07,9,7004,2021-11-29,0
2021-03-08,5,7009,2021-11-29,0
2021-03-09,7,7016,2021-11-29,0
2021-03-10,5,7021,2021-11-29,0
2021-03-11,4,7025,2021-11-29,0
2021-03-12,11,7036,2021-11-29,0
2021-03-13,5,7041,2021-11-29,0
2021-03-14,5,7046,2021-11-29,0
2021-03-15,2,7048,2021-11-29,0
2021-03-16,6,7054,2021-11-29,0
2021-03-17,4,7058,2021-11-29,0
2021-03-18,5,7063,2021-11-29,0
2021-03-19,5,7068,2021-11-29,0
2021-03-20,9,7077,2021-11-29,0
2021-03-21,5,7082,2021-11-29,0
2021-03-22,4,7086,2021-11-29,0
2021-03-23,5,7091,2021-11-29,0
2021-03-24,1,7092,2021-11-29,0
2021-03-25,5,7097,2021-11-29,0
2021-03-26,3,7100,2021-11-29,0
2021-03-27,7,7107,2021-11-29,0
2021-03-28,6,7113,2021-11-29,0
2021-03-29,5,7118,2021-11-29,0
2021-03-30,6,7124,2021-11-29,0
2021-03-31,8,7132,2021-11-29,0
2021-04-01,6,7138,2021-11-29,0
2021-04-02,9,7147,2021-11-29,0
2021-04-03,8,7155,2021-11-29,0
2021-04-04,6,7161,2021-11-29,0
2021-04-05,8,7169,2021-11-29,0
2021-04-06,7,7176,2021-11-29,0
2021-04-07,6,7182,2021-11-29,0
2021-04-08,10,7192,2021-11-29,0
2021-04-09,7,7199,2021-11-29,0
2021-04-10,7,7206,2021-11-29,0
2021-04-11,8,7214,2021-11-29,0
2021-04-12,10,7224,2021-11-29,0
2021-04-13,7,7231,2021-11-29,0
2021-04-14,8,7239,2021-11-29,0
2021-04-15,14,7253,2021-11-29,0
2021-04-16,8,7261,2021-11-29,0
2021-04-17,8,7269,2021-11-29,0
2021-04-18,8,7277,2021-11-29,0
2021-04-19,10,7287,2021-11-29,0
2021-04-20,5,7292,2021-11-29,0
2021-04-21,8,7300,2021-11-29,0
2021-04-22,2,7302,2021-11-29,0
2021-04-23,15,7317,2021-11-29,0
2021-04-24,11,7328,2021-11-29,0
2021-04-25,15,7343,2021-11-29,0
2021-04-26,15,7358,2021-11-29,0
2021-04-27,7,7365,2021-11-29,0
2021-04-28,14,7379,2021-11-29,0
2021-04-29,8,7387,2021-11-29,0
2021-04-30,11,7398,2021-11-29,0
2021-05-01,7,7405,2021-11-29,0
2021-05-02,8,7413,2021-11-29,0
2021-05-03,5,7418,2021-11-29,0
2021-05-04,13,7431,2021-11-29,0
2021-05-05,8,7439,2021-11-29,0
2021-05-06,5,7444,2021-11-29,0
2021-05-07,8,7452,2021-11-29,0
2021-05-08,7,7459,2021-11-29,0
2021-05-09,9,7468,2021-11-29,0
2021-05-10,8,7476,2021-11-29,0
2021-05-11,6,7482,2021-11-29,0
2021-05-12,9,7491,2021-11-29,0
2021-05-13,9,7500,2021-11-29,0
2021-05-14,11,7511,2021-11-29,0
2021-05-15,10,7521,2021-11-29,0
2021-05-16,6,7527,2021-11-29,0
2021-05-17,6,7533,2021-11-29,0
2021-05-18,7,7540,2021-11-29,0
2021-05-19,2,7542,2021-11-29,0
2021-05-20,5,7547,2021-11-29,0
2021-05-21,7,7554,2021-11-29,0
2021-05-22,11,7565,2021-11-29,0
2021-05-23,5,7570,2021-11-29,0
2021-05-24,5,7575,2021-11-29,0
2021-05-25,6,7581,2021-11-29,0
2021-05-26,3,7584,2021-11-29,0
2021-05-27,7,7591,2021-11-29,0
2021-05-28,2,7593,2021-11-29,0
2021-05-29,6,7599,2021-11-29,0
2021-05-30,4,7603,2021-11-29,0
2021-05-31,3,7606,2021-11-29,0
2021-06-01,5,7611,2021-11-29,0
2021-06-02,8,7619,2021-11-29,0
2021-06-03,4,7623,2021-11-29,0
2021-06-04,4,7627,2021-11-29,0
2021-06-05,2,7629,2021-11-29,0
2021-06-06,5,7634,2021-11-29,0
2021-06-07,3,7637,2021-11-29,0
2021-06-08,5,7642,2021-11-29,0
2021-06-09,4,7646,2021-11-29,0
2021-06-10,6,7652,2021-11-29,0
2021-06-11,6,7658,2021-11-29,0
2021-06-12,4,7662,2021-11-29,0
2021-06-13,4,7666,2021-11-29,0
2021-06-14,3,7669,2021-11-29,0
2021-06-15,2,7671,2021-11-29,0
2021-06-16,2,7673,2021-11-29,0
2021-06-17,4,7677,2021-11-29,0
2021-06-18,1,7678,2021-11-29,0
2021-06-19,6,7684,2021-11-29,0
2021-06-20,1,7685,2021-11-29,0
2021-06-21,5,7690,2021-11-29,0
2021-06-22,3,7693,2021-11-29,0
2021-06-23,4,7697,2021-11-29,0
2021-06-24,3,7700,2021-11-29,0
2021-06-25,3,7703,2021-11-29,0
2021-06-26,4,7707,2021-11-29,0
2021-06-27,2,7709,2021-11-29,0
2021-06-28,2,7711,2021-11-29,0
2021-06-29,2,7713,2021-11-29,0
2021-06-30,2,7715,2021-11-29,0
2021-07-01,0,7715,2021-11-29,0
2021-07-02,2,7717,2021-11-29,0
2021-07-03,2,7719,2021-11-29,0
2021-07-04,3,7722,2021-11-29,0
2021-07-05,1,7723,2021-11-29,0
2021-07-06,4,7727,2021-11-29,0
2021-07-07,1,7728,2021-11-29,0
2021-07-08,1,7729,2021-11-29,0
2021-07-09,0,7729,2021-11-29,0
2021-07-10,1,7730,2021-11-29,0
2021-07-11,3,7733,2021-11-29,0
2021-07-12,1,7734,2021-11-29,0
2021-07-13,2,7736,2021-11-29,0
2021-07-14,2,7738,2021-11-29,0
2021-07-15,2,7740,2021-11-29,0
2021-07-16,1,7741,2021-11-29,0
2021-07-17,1,7742,2021-11-29,0
2021-07-18,0,7742,2021-11-29,0
2021-07-19,0,7742,2021-11-29,0
2021-07-20,2,7744,2021-11-29,0
2021-07-21,2,7746,2021-11-29,0
2021-07-22,2,7748,2021-11-29,0
2021-07-23,3,7751,2021-11-29,0
2021-07-24,0,7751,2021-11-29,0
2021-07-25,2,7753,2021-11-29,0
2021-07-26,1,7754,2021-11-29,0
2021-07-27,2,7756,2021-11-29,0
2021-07-28,3,7759,2021-11-29,0
2021-07-29,2,7761,2021-11-29,0
2021-07-30,5,7766,2021-11-29,0
2021-07-31,4,7770,2021-11-29,0
2021-08-01,1,7771,2021-11-29,0
2021-08-02,3,7774,2021-11-29,0
2021-08-03,2,7776,2021-11-29,0
2021-08-04,3,7779,2021-11-29,0
2021-08-05,2,7781,2021-11-29,0
2021-08-06,7,7788,2021-11-29,0
2021-08-07,3,7791,2021-11-29,0
2021-08-08,2,7793,2021-11-29,0
2021-08-09,3,7796,2021-11-29,0
2021-08-10,2,7798,2021-11-29,0
2021-08-11,2,7800,2021-11-29,0
2021-08-12,7,7807,2021-11-29,0
2021-08-13,5,7812,2021-11-29,0
2021-08-14,6,7818,2021-11-29,0
2021-08-15,0,7818,2021-11-29,0
2021-08-16,7,7825,2021-11-29,0
2021-08-17,7,7832,2021-11-29,0
2021-08-18,9,7841,2021-11-29,0
2021-08-19,2,7843,2021-11-29,0
2021-08-20,3,7846,2021-11-29,0
2021-08-21,5,7851,2021-11-29,0
2021-08-22,7,7858,2021-11-29,0
2021-08-23,5,7863,2021-11-29,0
2021-08-24,12,7875,2021-11-29,0
2021-08-25,7,7882,2021-11-29,0
2021-08-26,2,7884,2021-11-29,0
2021-08-27,6,7890,2021-11-29,0
2021-08-28,11,7901,2021-11-29,0
2021-08-29,11,7912,2021-11-29,0
2021-08-30,8,7920,2021-11-29,0
2021-08-31,6,7926,2021-11-29,0
2021-09-01,6,7932,2021-11-29,0
2021-09-02,6,7938,2021-11-29,0
2021-09-03,9,7947,2021-11-29,0
2021-09-04,9,7956,2021-11-29,0
2021-09-05,10,7966,2021-11-29,0
2021-09-06,8,7974,2021-11-29,0
2021-09-07,7,7981,2021-11-29,0
2021-09-08,11,7992,2021-11-29,0
2021-09-09,5,7997,2021-11-29,0
2021-09-10,9,8006,2021-11-29,0
2021-09-11,17,8023,2021-11-29,0
2021-09-12,10,8033,2021-11-29,0
2021-09-13,7,8040,2021-11-29,0
2021-09-14,11,8051,2021-11-29,0
2021-09-15,14,8065,2021-11-29,0
2021-09-16,16,8081,2021-11-29,0
2021-09-17,8,8089,2021-11-29,0
2021-09-18,13,8102,2021-11-29,0
2021-09-19,11,8113,2021-11-29,0
2021-09-20,15,8128,2021-11-29,0
2021-09-21,15,8143,2021-11-29,0
2021-09-22,17,8160,2021-11-29,0
2021-09-23,13,8173,2021-11-29,0
2021-09-24,13,8186,2021-11-29,0
2021-09-25,16,8202,2021-11-29,0
2021-09-26,15,8217,2021-11-29,0
2021-09-27,15,8232,2021-11-29,0
2021-09-28,11,8243,2021-11-29,0
2021-09-29,19,8262,2021-11-29,0
2021-09-30,17,8279,2021-11-29,0
2021-10-01,13,8292,2021-11-29,0
2021-10-02,13,8305,2021-11-29,0
2021-10-03,23,8328,2021-11-29,0
2021-10-04,14,8342,2021-11-29,0
2021-10-05,23,8365,2021-11-29,0
2021-10-06,20,8385,2021-11-29,0
2021-10-07,13,8398,2021-11-29,0
2021-10-08,22,8420,2021-11-29,0
2021-10-09,20,8440,2021-11-29,0
2021-10-10,13,8453,2021-11-29,0
2021-10-11,11,8464,2021-11-29,0
2021-10-12,25,8489,2021-11-29,0
2021-10-13,20,8509,2021-11-29,0
2021-10-14,20,8529,2021-11-29,0
2021-10-15,14,8543,2021-11-29,0
2021-10-16,20,8563,2021-11-29,0
2021-10-17,17,8580,2021-11-29,0
2021-10-18,16,8596,2021-11-29,0
2021-10-19,25,8621,2021-11-29,0
2021-10-20,15,8636,2021-11-29,0
2021-10-21,8,8644,2021-11-29,0
2021-10-22,23,8667,2021-11-29,0
2021-10-23,24,8691,2021-11-29,0
2021-10-24,24,8715,2021-11-29,0
2021-10-25,20,8735,2021-11-29,0
2021-10-26,21,8756,2021-11-29,0
2021-10-27,14,8770,2021-11-29,0
2021-10-28,23,8793,2021-11-29,0
2021-10-29,19,8812,2021-11-29,0
2021-10-30,18,8830,2021-11-29,0
2021-10-31,24,8854,2021-11-29,0
2021-11-01,18,8872,2021-11-29,0
2021-11-02,18,8890,2021-11-29,0
2021-11-03,27,8917,2021-11-29,0
2021-11-04,26,8943,2021-11-29,0
2021-11-05,29,8972,2021-11-29,0
2021-11-06,14,8986,2021-11-29,0
2021-11-07,24,9010,2021-11-29,0
2021-11-08,26,9036,2021-11-29,0
2021-11-09,15,9051,2021-11-29,0
2021-11-10,18,9069,2021-11-29,0
2021-11-11,26,9095,2021-11-29,0
2021-11-12,24,9119,2021-11-29,0
2021-11-13,30,9149,2021-11-29,0
2021-11-14,23,9172,2021-11-29,0
2021-11-15,25,9197,2021-11-29,2
2021-11-16,23,9220,2021-11-29,4
2021-11-17,32,9252,2021-11-29,1
2021-11-18,31,9283,2021-11-29,6
2021-11-19,26,9309,2021-11-29,5
2021-11-20,22,9331,2021-11-29,4
2021-11-21,22,9353,2021-11-29,7
2021-11-22,15,9368,2021-11-29,2
2021-11-23,13,9381,2021-11-29,12
2021-11-24,1,9382,2021-11-29,1
NA,0,9382,2021-11-29,0
2020-03-19,1,1,2021-11-30,0
2020-03-20,0,1,2021-11-30,0
2020-03-21,0,1,2021-11-30,0
2020-03-22,0,1,2021-11-30,0
2020-03-23,0,1,2021-11-30,0
2020-03-24,1,2,2021-11-30,0
2020-03-25,1,3,2021-11-30,0
2020-03-26,1,4,2021-11-30,0
2020-03-27,5,9,2021-11-30,0
2020-03-28,3,12,2021-11-30,0
2020-03-29,0,12,2021-11-30,0
2020-03-30,5,17,2021-11-30,0
2020-03-31,2,19,2021-11-30,0
2020-04-01,5,24,2021-11-30,0
2020-04-02,3,27,2021-11-30,0
2020-04-03,1,28,2021-11-30,0
2020-04-04,5,33,2021-11-30,0
2020-04-05,5,38,2021-11-30,0
2020-04-06,10,48,2021-11-30,0
2020-04-07,6,54,2021-11-30,0
2020-04-08,7,61,2021-11-30,0
2020-04-09,8,69,2021-11-30,0
2020-04-10,6,75,2021-11-30,0
2020-04-11,4,79,2021-11-30,0
2020-04-12,4,83,2021-11-30,0
2020-04-13,10,93,2021-11-30,0
2020-04-14,6,99,2021-11-30,0
2020-04-15,17,116,2021-11-30,0
2020-04-16,10,126,2021-11-30,0
2020-04-17,17,143,2021-11-30,0
2020-04-18,17,160,2021-11-30,0
2020-04-19,16,176,2021-11-30,0
2020-04-20,21,197,2021-11-30,0
2020-04-21,26,223,2021-11-30,0
2020-04-22,21,244,2021-11-30,0
2020-04-23,19,263,2021-11-30,0
2020-04-24,23,286,2021-11-30,0
2020-04-25,18,304,2021-11-30,0
2020-04-26,17,321,2021-11-30,0
2020-04-27,21,342,2021-11-30,0
2020-04-28,16,358,2021-11-30,0
2020-04-29,29,387,2021-11-30,0
2020-04-30,18,405,2021-11-30,0
2020-05-01,30,435,2021-11-30,0
2020-05-02,19,454,2021-11-30,0
2020-05-03,29,483,2021-11-30,0
2020-05-04,23,506,2021-11-30,0
2020-05-05,19,525,2021-11-30,0
2020-05-06,25,550,2021-11-30,0
2020-05-07,30,580,2021-11-30,0
2020-05-08,20,600,2021-11-30,0
2020-05-09,26,626,2021-11-30,0
2020-05-10,19,645,2021-11-30,0
2020-05-11,25,670,2021-11-30,0
2020-05-12,20,690,2021-11-30,0
2020-05-13,22,712,2021-11-30,0
2020-05-14,20,732,2021-11-30,0
2020-05-15,20,752,2021-11-30,0
2020-05-16,20,772,2021-11-30,0
2020-05-17,23,795,2021-11-30,0
2020-05-18,18,813,2021-11-30,0
2020-05-19,35,848,2021-11-30,0
2020-05-20,24,872,2021-11-30,0
2020-05-21,17,889,2021-11-30,0
2020-05-22,20,909,2021-11-30,0
2020-05-23,26,935,2021-11-30,0
2020-05-24,25,960,2021-11-30,0
2020-05-25,30,990,2021-11-30,0
2020-05-26,29,1019,2021-11-30,0
2020-05-27,25,1044,2021-11-30,0
2020-05-28,21,1065,2021-11-30,0
2020-05-29,17,1082,2021-11-30,0
2020-05-30,11,1093,2021-11-30,0
2020-05-31,20,1113,2021-11-30,0
2020-06-01,23,1136,2021-11-30,0
2020-06-02,21,1157,2021-11-30,0
2020-06-03,25,1182,2021-11-30,0
2020-06-04,26,1208,2021-11-30,0
2020-06-05,18,1226,2021-11-30,0
2020-06-06,12,1238,2021-11-30,0
2020-06-07,22,1260,2021-11-30,0
2020-06-08,12,1272,2021-11-30,0
2020-06-09,13,1285,2021-11-30,0
2020-06-10,10,1295,2021-11-30,0
2020-06-11,12,1307,2021-11-30,0
2020-06-12,11,1318,2021-11-30,0
2020-06-13,13,1331,2021-11-30,0
2020-06-14,11,1342,2021-11-30,0
2020-06-15,8,1350,2021-11-30,0
2020-06-16,9,1359,2021-11-30,0
2020-06-17,17,1376,2021-11-30,0
2020-06-18,9,1385,2021-11-30,0
2020-06-19,8,1393,2021-11-30,0
2020-06-20,12,1405,2021-11-30,0
2020-06-21,11,1416,2021-11-30,0
2020-06-22,6,1422,2021-11-30,0
2020-06-23,10,1432,2021-11-30,0
2020-06-24,1,1433,2021-11-30,0
2020-06-25,9,1442,2021-11-30,0
2020-06-26,6,1448,2021-11-30,0
2020-06-27,5,1453,2021-11-30,0
2020-06-28,11,1464,2021-11-30,0
2020-06-29,7,1471,2021-11-30,0
2020-06-30,9,1480,2021-11-30,0
2020-07-01,2,1482,2021-11-30,0
2020-07-02,3,1485,2021-11-30,0
2020-07-03,5,1490,2021-11-30,0
2020-07-04,4,1494,2021-11-30,0
2020-07-05,6,1500,2021-11-30,0
2020-07-06,4,1504,2021-11-30,0
2020-07-07,2,1506,2021-11-30,0
2020-07-08,9,1515,2021-11-30,0
2020-07-09,4,1519,2021-11-30,0
2020-07-10,3,1522,2021-11-30,0
2020-07-11,4,1526,2021-11-30,0
2020-07-12,6,1532,2021-11-30,0
2020-07-13,2,1534,2021-11-30,0
2020-07-14,6,1540,2021-11-30,0
2020-07-15,7,1547,2021-11-30,0
2020-07-16,3,1550,2021-11-30,0
2020-07-17,7,1557,2021-11-30,0
2020-07-18,6,1563,2021-11-30,0
2020-07-19,5,1568,2021-11-30,0
2020-07-20,3,1571,2021-11-30,0
2020-07-21,6,1577,2021-11-30,0
2020-07-22,5,1582,2021-11-30,0
2020-07-23,8,1590,2021-11-30,0
2020-07-24,6,1596,2021-11-30,0
2020-07-25,2,1598,2021-11-30,0
2020-07-26,5,1603,2021-11-30,0
2020-07-27,5,1608,2021-11-30,0
2020-07-28,7,1615,2021-11-30,0
2020-07-29,3,1618,2021-11-30,0
2020-07-30,6,1624,2021-11-30,0
2020-07-31,9,1633,2021-11-30,0
2020-08-01,4,1637,2021-11-30,0
2020-08-02,7,1644,2021-11-30,0
2020-08-03,4,1648,2021-11-30,0
2020-08-04,7,1655,2021-11-30,0
2020-08-05,8,1663,2021-11-30,0
2020-08-06,9,1672,2021-11-30,0
2020-08-07,7,1679,2021-11-30,0
2020-08-08,6,1685,2021-11-30,0
2020-08-09,10,1695,2021-11-30,0
2020-08-10,3,1698,2021-11-30,0
2020-08-11,9,1707,2021-11-30,0
2020-08-12,7,1714,2021-11-30,0
2020-08-13,5,1719,2021-11-30,0
2020-08-14,9,1728,2021-11-30,0
2020-08-15,13,1741,2021-11-30,0
2020-08-16,13,1754,2021-11-30,0
2020-08-17,6,1760,2021-11-30,0
2020-08-18,11,1771,2021-11-30,0
2020-08-19,3,1774,2021-11-30,0
2020-08-20,10,1784,2021-11-30,0
2020-08-21,12,1796,2021-11-30,0
2020-08-22,9,1805,2021-11-30,0
2020-08-23,7,1812,2021-11-30,0
2020-08-24,9,1821,2021-11-30,0
2020-08-25,4,1825,2021-11-30,0
2020-08-26,3,1828,2021-11-30,0
2020-08-27,7,1835,2021-11-30,0
2020-08-28,6,1841,2021-11-30,0
2020-08-29,3,1844,2021-11-30,0
2020-08-30,5,1849,2021-11-30,0
2020-08-31,9,1858,2021-11-30,0
2020-09-01,2,1860,2021-11-30,0
2020-09-02,7,1867,2021-11-30,0
2020-09-03,12,1879,2021-11-30,0
2020-09-04,4,1883,2021-11-30,0
2020-09-05,6,1889,2021-11-30,0
2020-09-06,12,1901,2021-11-30,0
2020-09-07,3,1904,2021-11-30,0
2020-09-08,6,1910,2021-11-30,0
2020-09-09,10,1920,2021-11-30,0
2020-09-10,9,1929,2021-11-30,0
2020-09-11,11,1940,2021-11-30,0
2020-09-12,8,1948,2021-11-30,0
2020-09-13,8,1956,2021-11-30,0
2020-09-14,2,1958,2021-11-30,0
2020-09-15,7,1965,2021-11-30,0
2020-09-16,9,1974,2021-11-30,0
2020-09-17,5,1979,2021-11-30,0
2020-09-18,6,1985,2021-11-30,0
2020-09-19,4,1989,2021-11-30,0
2020-09-20,9,1998,2021-11-30,0
2020-09-21,7,2005,2021-11-30,0
2020-09-22,8,2013,2021-11-30,0
2020-09-23,9,2022,2021-11-30,0
2020-09-24,8,2030,2021-11-30,0
2020-09-25,11,2041,2021-11-30,0
2020-09-26,9,2050,2021-11-30,0
2020-09-27,14,2064,2021-11-30,0
2020-09-28,11,2075,2021-11-30,0
2020-09-29,5,2080,2021-11-30,0
2020-09-30,16,2096,2021-11-30,0
2020-10-01,7,2103,2021-11-30,0
2020-10-02,13,2116,2021-11-30,0
2020-10-03,9,2125,2021-11-30,0
2020-10-04,7,2132,2021-11-30,0
2020-10-05,10,2142,2021-11-30,0
2020-10-06,13,2155,2021-11-30,0
2020-10-07,19,2174,2021-11-30,0
2020-10-08,9,2183,2021-11-30,0
2020-10-09,17,2200,2021-11-30,0
2020-10-10,16,2216,2021-11-30,0
2020-10-11,16,2232,2021-11-30,0
2020-10-12,20,2252,2021-11-30,0
2020-10-13,14,2266,2021-11-30,0
2020-10-14,10,2276,2021-11-30,0
2020-10-15,9,2285,2021-11-30,0
2020-10-16,12,2297,2021-11-30,0
2020-10-17,18,2315,2021-11-30,0
2020-10-18,25,2340,2021-11-30,0
2020-10-19,18,2358,2021-11-30,0
2020-10-20,15,2373,2021-11-30,0
2020-10-21,24,2397,2021-11-30,0
2020-10-22,18,2415,2021-11-30,0
2020-10-23,19,2434,2021-11-30,0
2020-10-24,8,2442,2021-11-30,0
2020-10-25,17,2459,2021-11-30,0
2020-10-26,25,2484,2021-11-30,0
2020-10-27,23,2507,2021-11-30,0
2020-10-28,29,2536,2021-11-30,0
2020-10-29,18,2554,2021-11-30,0
2020-10-30,27,2581,2021-11-30,0
2020-10-31,25,2606,2021-11-30,0
2020-11-01,21,2627,2021-11-30,0
2020-11-02,25,2652,2021-11-30,0
2020-11-03,25,2677,2021-11-30,0
2020-11-04,33,2710,2021-11-30,0
2020-11-05,38,2748,2021-11-30,0
2020-11-06,39,2787,2021-11-30,0
2020-11-07,42,2829,2021-11-30,0
2020-11-08,47,2876,2021-11-30,0
2020-11-09,36,2912,2021-11-30,0
2020-11-10,35,2947,2021-11-30,0
2020-11-11,43,2990,2021-11-30,0
2020-11-12,45,3035,2021-11-30,0
2020-11-13,40,3075,2021-11-30,0
2020-11-14,47,3122,2021-11-30,0
2020-11-15,46,3168,2021-11-30,0
2020-11-16,62,3230,2021-11-30,0
2020-11-17,56,3286,2021-11-30,0
2020-11-18,61,3347,2021-11-30,0
2020-11-19,60,3407,2021-11-30,0
2020-11-20,63,3470,2021-11-30,0
2020-11-21,58,3528,2021-11-30,0
2020-11-22,67,3595,2021-11-30,0
2020-11-23,59,3654,2021-11-30,0
2020-11-24,69,3723,2021-11-30,0
2020-11-25,72,3795,2021-11-30,0
2020-11-26,54,3849,2021-11-30,0
2020-11-27,69,3918,2021-11-30,0
2020-11-28,62,3980,2021-11-30,0
2020-11-29,68,4048,2021-11-30,0
2020-11-30,61,4109,2021-11-30,0
2020-12-01,64,4173,2021-11-30,0
2020-12-02,73,4246,2021-11-30,0
2020-12-03,86,4332,2021-11-30,0
2020-12-04,67,4399,2021-11-30,0
2020-12-05,74,4473,2021-11-30,0
2020-12-06,80,4553,2021-11-30,0
2020-12-07,75,4628,2021-11-30,0
2020-12-08,61,4689,2021-11-30,0
2020-12-09,71,4760,2021-11-30,0
2020-12-10,72,4832,2021-11-30,0
2020-12-11,71,4903,2021-11-30,0
2020-12-12,72,4975,2021-11-30,0
2020-12-13,56,5031,2021-11-30,0
2020-12-14,43,5074,2021-11-30,0
2020-12-15,65,5139,2021-11-30,0
2020-12-16,73,5212,2021-11-30,0
2020-12-17,60,5272,2021-11-30,0
2020-12-18,59,5331,2021-11-30,0
2020-12-19,56,5387,2021-11-30,0
2020-12-20,61,5448,2021-11-30,0
2020-12-21,58,5506,2021-11-30,0
2020-12-22,33,5539,2021-11-30,0
2020-12-23,46,5585,2021-11-30,0
2020-12-24,50,5635,2021-11-30,0
2020-12-25,36,5671,2021-11-30,0
2020-12-26,43,5714,2021-11-30,0
2020-12-27,41,5755,2021-11-30,0
2020-12-28,34,5789,2021-11-30,0
2020-12-29,37,5826,2021-11-30,0
2020-12-30,47,5873,2021-11-30,0
2020-12-31,36,5909,2021-11-30,0
2021-01-01,28,5937,2021-11-30,0
2021-01-02,47,5984,2021-11-30,0
2021-01-03,37,6021,2021-11-30,0
2021-01-04,32,6053,2021-11-30,0
2021-01-05,40,6093,2021-11-30,0
2021-01-06,32,6125,2021-11-30,0
2021-01-07,37,6162,2021-11-30,0
2021-01-08,32,6194,2021-11-30,0
2021-01-09,26,6220,2021-11-30,0
2021-01-10,29,6249,2021-11-30,0
2021-01-11,26,6275,2021-11-30,0
2021-01-12,32,6307,2021-11-30,0
2021-01-13,23,6330,2021-11-30,0
2021-01-14,41,6371,2021-11-30,0
2021-01-15,26,6397,2021-11-30,0
2021-01-16,30,6427,2021-11-30,0
2021-01-17,21,6448,2021-11-30,0
2021-01-18,19,6467,2021-11-30,0
2021-01-19,14,6481,2021-11-30,0
2021-01-20,26,6507,2021-11-30,0
2021-01-21,16,6523,2021-11-30,0
2021-01-22,13,6536,2021-11-30,0
2021-01-23,17,6553,2021-11-30,0
2021-01-24,24,6577,2021-11-30,0
2021-01-25,19,6596,2021-11-30,0
2021-01-26,21,6617,2021-11-30,0
2021-01-27,11,6628,2021-11-30,0
2021-01-28,12,6640,2021-11-30,0
2021-01-29,15,6655,2021-11-30,0
2021-01-30,13,6668,2021-11-30,0
2021-01-31,16,6684,2021-11-30,0
2021-02-01,17,6701,2021-11-30,0
2021-02-02,10,6711,2021-11-30,0
2021-02-03,11,6722,2021-11-30,0
2021-02-04,11,6733,2021-11-30,0
2021-02-05,12,6745,2021-11-30,0
2021-02-06,12,6757,2021-11-30,0
2021-02-07,19,6776,2021-11-30,0
2021-02-08,11,6787,2021-11-30,0
2021-02-09,15,6802,2021-11-30,0
2021-02-10,14,6816,2021-11-30,0
2021-02-11,7,6823,2021-11-30,0
2021-02-12,13,6836,2021-11-30,0
2021-02-13,8,6844,2021-11-30,0
2021-02-14,10,6854,2021-11-30,0
2021-02-15,9,6863,2021-11-30,0
2021-02-16,12,6875,2021-11-30,0
2021-02-17,10,6885,2021-11-30,0
2021-02-18,7,6892,2021-11-30,0
2021-02-19,6,6898,2021-11-30,0
2021-02-20,7,6905,2021-11-30,0
2021-02-21,4,6909,2021-11-30,0
2021-02-22,5,6914,2021-11-30,0
2021-02-23,9,6923,2021-11-30,0
2021-02-24,5,6928,2021-11-30,0
2021-02-25,5,6933,2021-11-30,0
2021-02-26,7,6940,2021-11-30,0
2021-02-27,6,6946,2021-11-30,0
2021-02-28,8,6954,2021-11-30,0
2021-03-01,7,6961,2021-11-30,0
2021-03-02,3,6964,2021-11-30,0
2021-03-03,10,6974,2021-11-30,0
2021-03-04,6,6980,2021-11-30,0
2021-03-05,10,6990,2021-11-30,0
2021-03-06,5,6995,2021-11-30,0
2021-03-07,9,7004,2021-11-30,0
2021-03-08,5,7009,2021-11-30,0
2021-03-09,7,7016,2021-11-30,0
2021-03-10,5,7021,2021-11-30,0
2021-03-11,4,7025,2021-11-30,0
2021-03-12,11,7036,2021-11-30,0
2021-03-13,5,7041,2021-11-30,0
2021-03-14,5,7046,2021-11-30,0
2021-03-15,2,7048,2021-11-30,0
2021-03-16,6,7054,2021-11-30,0
2021-03-17,4,7058,2021-11-30,0
2021-03-18,5,7063,2021-11-30,0
2021-03-19,5,7068,2021-11-30,0
2021-03-20,9,7077,2021-11-30,0
2021-03-21,5,7082,2021-11-30,0
2021-03-22,4,7086,2021-11-30,0
2021-03-23,5,7091,2021-11-30,0
2021-03-24,1,7092,2021-11-30,0
2021-03-25,5,7097,2021-11-30,0
2021-03-26,3,7100,2021-11-30,0
2021-03-27,7,7107,2021-11-30,0
2021-03-28,6,7113,2021-11-30,0
2021-03-29,5,7118,2021-11-30,0
2021-03-30,6,7124,2021-11-30,0
2021-03-31,8,7132,2021-11-30,0
2021-04-01,6,7138,2021-11-30,0
2021-04-02,9,7147,2021-11-30,0
2021-04-03,8,7155,2021-11-30,0
2021-04-04,6,7161,2021-11-30,0
2021-04-05,8,7169,2021-11-30,0
2021-04-06,7,7176,2021-11-30,0
2021-04-07,6,7182,2021-11-30,0
2021-04-08,10,7192,2021-11-30,0
2021-04-09,7,7199,2021-11-30,0
2021-04-10,7,7206,2021-11-30,0
2021-04-11,8,7214,2021-11-30,0
2021-04-12,10,7224,2021-11-30,0
2021-04-13,7,7231,2021-11-30,0
2021-04-14,8,7239,2021-11-30,0
2021-04-15,14,7253,2021-11-30,0
2021-04-16,8,7261,2021-11-30,0
2021-04-17,8,7269,2021-11-30,0
2021-04-18,8,7277,2021-11-30,0
2021-04-19,10,7287,2021-11-30,0
2021-04-20,5,7292,2021-11-30,0
2021-04-21,8,7300,2021-11-30,0
2021-04-22,2,7302,2021-11-30,0
2021-04-23,15,7317,2021-11-30,0
2021-04-24,11,7328,2021-11-30,0
2021-04-25,15,7343,2021-11-30,0
2021-04-26,15,7358,2021-11-30,0
2021-04-27,7,7365,2021-11-30,0
2021-04-28,14,7379,2021-11-30,0
2021-04-29,8,7387,2021-11-30,0
2021-04-30,11,7398,2021-11-30,0
2021-05-01,7,7405,2021-11-30,0
2021-05-02,8,7413,2021-11-30,0
2021-05-03,5,7418,2021-11-30,0
2021-05-04,13,7431,2021-11-30,0
2021-05-05,8,7439,2021-11-30,0
2021-05-06,5,7444,2021-11-30,0
2021-05-07,8,7452,2021-11-30,0
2021-05-08,7,7459,2021-11-30,0
2021-05-09,9,7468,2021-11-30,0
2021-05-10,8,7476,2021-11-30,0
2021-05-11,6,7482,2021-11-30,0
2021-05-12,9,7491,2021-11-30,0
2021-05-13,9,7500,2021-11-30,0
2021-05-14,11,7511,2021-11-30,0
2021-05-15,10,7521,2021-11-30,0
2021-05-16,6,7527,2021-11-30,0
2021-05-17,6,7533,2021-11-30,0
2021-05-18,7,7540,2021-11-30,0
2021-05-19,2,7542,2021-11-30,0
2021-05-20,5,7547,2021-11-30,0
2021-05-21,7,7554,2021-11-30,0
2021-05-22,11,7565,2021-11-30,0
2021-05-23,5,7570,2021-11-30,0
2021-05-24,5,7575,2021-11-30,0
2021-05-25,6,7581,2021-11-30,0
2021-05-26,3,7584,2021-11-30,0
2021-05-27,7,7591,2021-11-30,0
2021-05-28,2,7593,2021-11-30,0
2021-05-29,6,7599,2021-11-30,0
2021-05-30,4,7603,2021-11-30,0
2021-05-31,3,7606,2021-11-30,0
2021-06-01,5,7611,2021-11-30,0
2021-06-02,8,7619,2021-11-30,0
2021-06-03,4,7623,2021-11-30,0
2021-06-04,4,7627,2021-11-30,0
2021-06-05,2,7629,2021-11-30,0
2021-06-06,5,7634,2021-11-30,0
2021-06-07,3,7637,2021-11-30,0
2021-06-08,5,7642,2021-11-30,0
2021-06-09,4,7646,2021-11-30,0
2021-06-10,6,7652,2021-11-30,0
2021-06-11,6,7658,2021-11-30,0
2021-06-12,4,7662,2021-11-30,0
2021-06-13,4,7666,2021-11-30,0
2021-06-14,3,7669,2021-11-30,0
2021-06-15,2,7671,2021-11-30,0
2021-06-16,2,7673,2021-11-30,0
2021-06-17,4,7677,2021-11-30,0
2021-06-18,1,7678,2021-11-30,0
2021-06-19,6,7684,2021-11-30,0
2021-06-20,1,7685,2021-11-30,0
2021-06-21,5,7690,2021-11-30,0
2021-06-22,3,7693,2021-11-30,0
2021-06-23,4,7697,2021-11-30,0
2021-06-24,3,7700,2021-11-30,0
2021-06-25,3,7703,2021-11-30,0
2021-06-26,4,7707,2021-11-30,0
2021-06-27,2,7709,2021-11-30,0
2021-06-28,2,7711,2021-11-30,0
2021-06-29,2,7713,2021-11-30,0
2021-06-30,2,7715,2021-11-30,0
2021-07-01,0,7715,2021-11-30,0
2021-07-02,2,7717,2021-11-30,0
2021-07-03,2,7719,2021-11-30,0
2021-07-04,3,7722,2021-11-30,0
2021-07-05,1,7723,2021-11-30,0
2021-07-06,4,7727,2021-11-30,0
2021-07-07,1,7728,2021-11-30,0
2021-07-08,1,7729,2021-11-30,0
2021-07-09,0,7729,2021-11-30,0
2021-07-10,1,7730,2021-11-30,0
2021-07-11,3,7733,2021-11-30,0
2021-07-12,1,7734,2021-11-30,0
2021-07-13,2,7736,2021-11-30,0
2021-07-14,2,7738,2021-11-30,0
2021-07-15,2,7740,2021-11-30,0
2021-07-16,1,7741,2021-11-30,0
2021-07-17,1,7742,2021-11-30,0
2021-07-18,0,7742,2021-11-30,0
2021-07-19,0,7742,2021-11-30,0
2021-07-20,2,7744,2021-11-30,0
2021-07-21,2,7746,2021-11-30,0
2021-07-22,2,7748,2021-11-30,0
2021-07-23,3,7751,2021-11-30,0
2021-07-24,0,7751,2021-11-30,0
2021-07-25,2,7753,2021-11-30,0
2021-07-26,1,7754,2021-11-30,0
2021-07-27,2,7756,2021-11-30,0
2021-07-28,3,7759,2021-11-30,0
2021-07-29,2,7761,2021-11-30,0
2021-07-30,5,7766,2021-11-30,0
2021-07-31,4,7770,2021-11-30,0
2021-08-01,1,7771,2021-11-30,0
2021-08-02,3,7774,2021-11-30,0
2021-08-03,2,7776,2021-11-30,0
2021-08-04,3,7779,2021-11-30,0
2021-08-05,2,7781,2021-11-30,0
2021-08-06,7,7788,2021-11-30,0
2021-08-07,3,7791,2021-11-30,0
2021-08-08,2,7793,2021-11-30,0
2021-08-09,3,7796,2021-11-30,0
2021-08-10,2,7798,2021-11-30,0
2021-08-11,2,7800,2021-11-30,0
2021-08-12,7,7807,2021-11-30,0
2021-08-13,5,7812,2021-11-30,0
2021-08-14,6,7818,2021-11-30,0
2021-08-15,0,7818,2021-11-30,0
2021-08-16,7,7825,2021-11-30,0
2021-08-17,7,7832,2021-11-30,0
2021-08-18,9,7841,2021-11-30,0
2021-08-19,2,7843,2021-11-30,0
2021-08-20,3,7846,2021-11-30,0
2021-08-21,5,7851,2021-11-30,0
2021-08-22,7,7858,2021-11-30,0
2021-08-23,5,7863,2021-11-30,0
2021-08-24,12,7875,2021-11-30,0
2021-08-25,7,7882,2021-11-30,0
2021-08-26,2,7884,2021-11-30,0
2021-08-27,6,7890,2021-11-30,0
2021-08-28,11,7901,2021-11-30,0
2021-08-29,11,7912,2021-11-30,0
2021-08-30,8,7920,2021-11-30,0
2021-08-31,6,7926,2021-11-30,0
2021-09-01,6,7932,2021-11-30,0
2021-09-02,6,7938,2021-11-30,0
2021-09-03,9,7947,2021-11-30,0
2021-09-04,9,7956,2021-11-30,0
2021-09-05,10,7966,2021-11-30,0
2021-09-06,8,7974,2021-11-30,0
2021-09-07,7,7981,2021-11-30,0
2021-09-08,11,7992,2021-11-30,0
2021-09-09,5,7997,2021-11-30,0
2021-09-10,9,8006,2021-11-30,0
2021-09-11,17,8023,2021-11-30,0
2021-09-12,10,8033,2021-11-30,0
2021-09-13,7,8040,2021-11-30,0
2021-09-14,11,8051,2021-11-30,0
2021-09-15,14,8065,2021-11-30,0
2021-09-16,16,8081,2021-11-30,0
2021-09-17,8,8089,2021-11-30,0
2021-09-18,13,8102,2021-11-30,0
2021-09-19,11,8113,2021-11-30,0
2021-09-20,15,8128,2021-11-30,0
2021-09-21,15,8143,2021-11-30,0
2021-09-22,17,8160,2021-11-30,0
2021-09-23,13,8173,2021-11-30,0
2021-09-24,13,8186,2021-11-30,0
2021-09-25,16,8202,2021-11-30,0
2021-09-26,15,8217,2021-11-30,0
2021-09-27,15,8232,2021-11-30,0
2021-09-28,11,8243,2021-11-30,0
2021-09-29,19,8262,2021-11-30,0
2021-09-30,17,8279,2021-11-30,0
2021-10-01,13,8292,2021-11-30,0
2021-10-02,13,8305,2021-11-30,0
2021-10-03,23,8328,2021-11-30,0
2021-10-04,14,8342,2021-11-30,0
2021-10-05,23,8365,2021-11-30,0
2021-10-06,20,8385,2021-11-30,0
2021-10-07,13,8398,2021-11-30,0
2021-10-08,22,8420,2021-11-30,0
2021-10-09,20,8440,2021-11-30,0
2021-10-10,13,8453,2021-11-30,0
2021-10-11,11,8464,2021-11-30,0
2021-10-12,25,8489,2021-11-30,0
2021-10-13,20,8509,2021-11-30,0
2021-10-14,20,8529,2021-11-30,0
2021-10-15,14,8543,2021-11-30,0
2021-10-16,20,8563,2021-11-30,0
2021-10-17,17,8580,2021-11-30,0
2021-10-18,16,8596,2021-11-30,0
2021-10-19,25,8621,2021-11-30,0
2021-10-20,15,8636,2021-11-30,0
2021-10-21,8,8644,2021-11-30,0
2021-10-22,23,8667,2021-11-30,0
2021-10-23,24,8691,2021-11-30,0
2021-10-24,24,8715,2021-11-30,0
2021-10-25,20,8735,2021-11-30,0
2021-10-26,21,8756,2021-11-30,0
2021-10-27,14,8770,2021-11-30,0
2021-10-28,23,8793,2021-11-30,0
2021-10-29,19,8812,2021-11-30,0
2021-10-30,18,8830,2021-11-30,0
2021-10-31,24,8854,2021-11-30,0
2021-11-01,18,8872,2021-11-30,0
2021-11-02,18,8890,2021-11-30,0
2021-11-03,27,8917,2021-11-30,0
2021-11-04,26,8943,2021-11-30,0
2021-11-05,29,8972,2021-11-30,0
2021-11-06,14,8986,2021-11-30,0
2021-11-07,24,9010,2021-11-30,0
2021-11-08,26,9036,2021-11-30,0
2021-11-09,15,9051,2021-11-30,0
2021-11-10,18,9069,2021-11-30,0
2021-11-11,26,9095,2021-11-30,0
2021-11-12,24,9119,2021-11-30,0
2021-11-13,30,9149,2021-11-30,0
2021-11-14,23,9172,2021-11-30,0
2021-11-15,25,9197,2021-11-30,0
2021-11-16,23,9220,2021-11-30,0
2021-11-17,32,9252,2021-11-30,0
2021-11-18,31,9283,2021-11-30,0
2021-11-19,26,9309,2021-11-30,0
2021-11-20,22,9331,2021-11-30,0
2021-11-21,22,9353,2021-11-30,0
2021-11-22,15,9368,2021-11-30,0
2021-11-23,13,9381,2021-11-30,0
2021-11-24,1,9382,2021-11-30,0
NA,0,9382,2021-11-30,0
2020-03-19,1,1,2021-12-01,0
2020-03-20,0,1,2021-12-01,0
2020-03-21,0,1,2021-12-01,0
2020-03-22,0,1,2021-12-01,0
2020-03-23,0,1,2021-12-01,0
2020-03-24,1,2,2021-12-01,0
2020-03-25,1,3,2021-12-01,0
2020-03-26,1,4,2021-12-01,0
2020-03-27,5,9,2021-12-01,0
2020-03-28,3,12,2021-12-01,0
2020-03-29,0,12,2021-12-01,0
2020-03-30,5,17,2021-12-01,0
2020-03-31,2,19,2021-12-01,0
2020-04-01,5,24,2021-12-01,0
2020-04-02,3,27,2021-12-01,0
2020-04-03,1,28,2021-12-01,0
2020-04-04,5,33,2021-12-01,0
2020-04-05,5,38,2021-12-01,0
2020-04-06,10,48,2021-12-01,0
2020-04-07,6,54,2021-12-01,0
2020-04-08,7,61,2021-12-01,0
2020-04-09,8,69,2021-12-01,0
2020-04-10,6,75,2021-12-01,0
2020-04-11,4,79,2021-12-01,0
2020-04-12,4,83,2021-12-01,0
2020-04-13,10,93,2021-12-01,0
2020-04-14,6,99,2021-12-01,0
2020-04-15,17,116,2021-12-01,0
2020-04-16,10,126,2021-12-01,0
2020-04-17,17,143,2021-12-01,0
2020-04-18,17,160,2021-12-01,0
2020-04-19,16,176,2021-12-01,0
2020-04-20,21,197,2021-12-01,0
2020-04-21,26,223,2021-12-01,0
2020-04-22,21,244,2021-12-01,0
2020-04-23,19,263,2021-12-01,0
2020-04-24,23,286,2021-12-01,0
2020-04-25,18,304,2021-12-01,0
2020-04-26,17,321,2021-12-01,0
2020-04-27,21,342,2021-12-01,0
2020-04-28,16,358,2021-12-01,0
2020-04-29,29,387,2021-12-01,0
2020-04-30,18,405,2021-12-01,0
2020-05-01,30,435,2021-12-01,0
2020-05-02,19,454,2021-12-01,0
2020-05-03,29,483,2021-12-01,0
2020-05-04,23,506,2021-12-01,0
2020-05-05,19,525,2021-12-01,0
2020-05-06,25,550,2021-12-01,0
2020-05-07,30,580,2021-12-01,0
2020-05-08,20,600,2021-12-01,0
2020-05-09,26,626,2021-12-01,0
2020-05-10,19,645,2021-12-01,0
2020-05-11,25,670,2021-12-01,0
2020-05-12,20,690,2021-12-01,0
2020-05-13,22,712,2021-12-01,0
2020-05-14,20,732,2021-12-01,0
2020-05-15,20,752,2021-12-01,0
2020-05-16,20,772,2021-12-01,0
2020-05-17,23,795,2021-12-01,0
2020-05-18,18,813,2021-12-01,0
2020-05-19,35,848,2021-12-01,0
2020-05-20,24,872,2021-12-01,0
2020-05-21,17,889,2021-12-01,0
2020-05-22,20,909,2021-12-01,0
2020-05-23,26,935,2021-12-01,0
2020-05-24,25,960,2021-12-01,0
2020-05-25,30,990,2021-12-01,0
2020-05-26,29,1019,2021-12-01,0
2020-05-27,25,1044,2021-12-01,0
2020-05-28,21,1065,2021-12-01,0
2020-05-29,17,1082,2021-12-01,0
2020-05-30,11,1093,2021-12-01,0
2020-05-31,20,1113,2021-12-01,0
2020-06-01,23,1136,2021-12-01,0
2020-06-02,21,1157,2021-12-01,0
2020-06-03,25,1182,2021-12-01,0
2020-06-04,26,1208,2021-12-01,0
2020-06-05,18,1226,2021-12-01,0
2020-06-06,12,1238,2021-12-01,0
2020-06-07,22,1260,2021-12-01,0
2020-06-08,12,1272,2021-12-01,0
2020-06-09,13,1285,2021-12-01,0
2020-06-10,10,1295,2021-12-01,0
2020-06-11,12,1307,2021-12-01,0
2020-06-12,11,1318,2021-12-01,0
2020-06-13,13,1331,2021-12-01,0
2020-06-14,11,1342,2021-12-01,0
2020-06-15,8,1350,2021-12-01,0
2020-06-16,9,1359,2021-12-01,0
2020-06-17,17,1376,2021-12-01,0
2020-06-18,9,1385,2021-12-01,0
2020-06-19,8,1393,2021-12-01,0
2020-06-20,12,1405,2021-12-01,0
2020-06-21,11,1416,2021-12-01,0
2020-06-22,6,1422,2021-12-01,0
2020-06-23,10,1432,2021-12-01,0
2020-06-24,1,1433,2021-12-01,0
2020-06-25,9,1442,2021-12-01,0
2020-06-26,6,1448,2021-12-01,0
2020-06-27,5,1453,2021-12-01,0
2020-06-28,11,1464,2021-12-01,0
2020-06-29,7,1471,2021-12-01,0
2020-06-30,9,1480,2021-12-01,0
2020-07-01,2,1482,2021-12-01,0
2020-07-02,3,1485,2021-12-01,0
2020-07-03,5,1490,2021-12-01,0
2020-07-04,4,1494,2021-12-01,0
2020-07-05,6,1500,2021-12-01,0
2020-07-06,4,1504,2021-12-01,0
2020-07-07,2,1506,2021-12-01,0
2020-07-08,9,1515,2021-12-01,0
2020-07-09,4,1519,2021-12-01,0
2020-07-10,3,1522,2021-12-01,0
2020-07-11,4,1526,2021-12-01,0
2020-07-12,6,1532,2021-12-01,0
2020-07-13,2,1534,2021-12-01,0
2020-07-14,6,1540,2021-12-01,0
2020-07-15,7,1547,2021-12-01,0
2020-07-16,3,1550,2021-12-01,0
2020-07-17,7,1557,2021-12-01,0
2020-07-18,6,1563,2021-12-01,0
2020-07-19,5,1568,2021-12-01,0
2020-07-20,3,1571,2021-12-01,0
2020-07-21,6,1577,2021-12-01,0
2020-07-22,5,1582,2021-12-01,0
2020-07-23,8,1590,2021-12-01,0
2020-07-24,6,1596,2021-12-01,0
2020-07-25,2,1598,2021-12-01,0
2020-07-26,5,1603,2021-12-01,0
2020-07-27,5,1608,2021-12-01,0
2020-07-28,7,1615,2021-12-01,0
2020-07-29,3,1618,2021-12-01,0
2020-07-30,6,1624,2021-12-01,0
2020-07-31,9,1633,2021-12-01,0
2020-08-01,4,1637,2021-12-01,0
2020-08-02,7,1644,2021-12-01,0
2020-08-03,4,1648,2021-12-01,0
2020-08-04,7,1655,2021-12-01,0
2020-08-05,8,1663,2021-12-01,0
2020-08-06,9,1672,2021-12-01,0
2020-08-07,7,1679,2021-12-01,0
2020-08-08,6,1685,2021-12-01,0
2020-08-09,10,1695,2021-12-01,0
2020-08-10,3,1698,2021-12-01,0
2020-08-11,9,1707,2021-12-01,0
2020-08-12,7,1714,2021-12-01,0
2020-08-13,5,1719,2021-12-01,0
2020-08-14,9,1728,2021-12-01,0
2020-08-15,13,1741,2021-12-01,0
2020-08-16,13,1754,2021-12-01,0
2020-08-17,6,1760,2021-12-01,0
2020-08-18,11,1771,2021-12-01,0
2020-08-19,3,1774,2021-12-01,0
2020-08-20,10,1784,2021-12-01,0
2020-08-21,12,1796,2021-12-01,0
2020-08-22,9,1805,2021-12-01,0
2020-08-23,7,1812,2021-12-01,0
2020-08-24,9,1821,2021-12-01,0
2020-08-25,4,1825,2021-12-01,0
2020-08-26,3,1828,2021-12-01,0
2020-08-27,7,1835,2021-12-01,0
2020-08-28,6,1841,2021-12-01,0
2020-08-29,3,1844,2021-12-01,0
2020-08-30,5,1849,2021-12-01,0
2020-08-31,9,1858,2021-12-01,0
2020-09-01,2,1860,2021-12-01,0
2020-09-02,7,1867,2021-12-01,0
2020-09-03,12,1879,2021-12-01,0
2020-09-04,4,1883,2021-12-01,0
2020-09-05,6,1889,2021-12-01,0
2020-09-06,12,1901,2021-12-01,0
2020-09-07,3,1904,2021-12-01,0
2020-09-08,6,1910,2021-12-01,0
2020-09-09,10,1920,2021-12-01,0
2020-09-10,9,1929,2021-12-01,0
2020-09-11,11,1940,2021-12-01,0
2020-09-12,8,1948,2021-12-01,0
2020-09-13,8,1956,2021-12-01,0
2020-09-14,2,1958,2021-12-01,0
2020-09-15,7,1965,2021-12-01,0
2020-09-16,9,1974,2021-12-01,0
2020-09-17,5,1979,2021-12-01,0
2020-09-18,6,1985,2021-12-01,0
2020-09-19,4,1989,2021-12-01,0
2020-09-20,9,1998,2021-12-01,0
2020-09-21,7,2005,2021-12-01,0
2020-09-22,8,2013,2021-12-01,0
2020-09-23,9,2022,2021-12-01,0
2020-09-24,8,2030,2021-12-01,0
2020-09-25,11,2041,2021-12-01,0
2020-09-26,9,2050,2021-12-01,0
2020-09-27,14,2064,2021-12-01,0
2020-09-28,11,2075,2021-12-01,0
2020-09-29,5,2080,2021-12-01,0
2020-09-30,16,2096,2021-12-01,0
2020-10-01,7,2103,2021-12-01,0
2020-10-02,13,2116,2021-12-01,0
2020-10-03,9,2125,2021-12-01,0
2020-10-04,7,2132,2021-12-01,0
2020-10-05,10,2142,2021-12-01,0
2020-10-06,13,2155,2021-12-01,0
2020-10-07,19,2174,2021-12-01,0
2020-10-08,9,2183,2021-12-01,0
2020-10-09,17,2200,2021-12-01,0
2020-10-10,16,2216,2021-12-01,0
2020-10-11,16,2232,2021-12-01,0
2020-10-12,20,2252,2021-12-01,0
2020-10-13,14,2266,2021-12-01,0
2020-10-14,10,2276,2021-12-01,0
2020-10-15,9,2285,2021-12-01,0
2020-10-16,12,2297,2021-12-01,0
2020-10-17,18,2315,2021-12-01,0
2020-10-18,25,2340,2021-12-01,0
2020-10-19,18,2358,2021-12-01,0
2020-10-20,15,2373,2021-12-01,0
2020-10-21,24,2397,2021-12-01,0
2020-10-22,18,2415,2021-12-01,0
2020-10-23,19,2434,2021-12-01,0
2020-10-24,8,2442,2021-12-01,0
2020-10-25,17,2459,2021-12-01,0
2020-10-26,25,2484,2021-12-01,0
2020-10-27,23,2507,2021-12-01,0
2020-10-28,29,2536,2021-12-01,0
2020-10-29,18,2554,2021-12-01,0
2020-10-30,27,2581,2021-12-01,0
2020-10-31,25,2606,2021-12-01,0
2020-11-01,21,2627,2021-12-01,0
2020-11-02,25,2652,2021-12-01,0
2020-11-03,25,2677,2021-12-01,0
2020-11-04,33,2710,2021-12-01,0
2020-11-05,38,2748,2021-12-01,0
2020-11-06,39,2787,2021-12-01,0
2020-11-07,42,2829,2021-12-01,0
2020-11-08,47,2876,2021-12-01,0
2020-11-09,36,2912,2021-12-01,0
2020-11-10,35,2947,2021-12-01,0
2020-11-11,43,2990,2021-12-01,0
2020-11-12,45,3035,2021-12-01,0
2020-11-13,40,3075,2021-12-01,0
2020-11-14,47,3122,2021-12-01,0
2020-11-15,46,3168,2021-12-01,0
2020-11-16,62,3230,2021-12-01,0
2020-11-17,56,3286,2021-12-01,0
2020-11-18,61,3347,2021-12-01,0
2020-11-19,60,3407,2021-12-01,0
2020-11-20,63,3470,2021-12-01,0
2020-11-21,58,3528,2021-12-01,0
2020-11-22,67,3595,2021-12-01,0
2020-11-23,59,3654,2021-12-01,0
2020-11-24,69,3723,2021-12-01,0
2020-11-25,72,3795,2021-12-01,0
2020-11-26,54,3849,2021-12-01,0
2020-11-27,69,3918,2021-12-01,0
2020-11-28,62,3980,2021-12-01,0
2020-11-29,68,4048,2021-12-01,0
2020-11-30,61,4109,2021-12-01,0
2020-12-01,64,4173,2021-12-01,0
2020-12-02,73,4246,2021-12-01,0
2020-12-03,86,4332,2021-12-01,0
2020-12-04,67,4399,2021-12-01,0
2020-12-05,74,4473,2021-12-01,0
2020-12-06,80,4553,2021-12-01,0
2020-12-07,75,4628,2021-12-01,0
2020-12-08,61,4689,2021-12-01,0
2020-12-09,71,4760,2021-12-01,0
2020-12-10,72,4832,2021-12-01,0
2020-12-11,71,4903,2021-12-01,0
2020-12-12,72,4975,2021-12-01,0
2020-12-13,56,5031,2021-12-01,0
2020-12-14,43,5074,2021-12-01,0
2020-12-15,65,5139,2021-12-01,0
2020-12-16,73,5212,2021-12-01,0
2020-12-17,60,5272,2021-12-01,0
2020-12-18,59,5331,2021-12-01,0
2020-12-19,56,5387,2021-12-01,0
2020-12-20,61,5448,2021-12-01,0
2020-12-21,58,5506,2021-12-01,0
2020-12-22,33,5539,2021-12-01,0
2020-12-23,46,5585,2021-12-01,0
2020-12-24,50,5635,2021-12-01,0
2020-12-25,36,5671,2021-12-01,0
2020-12-26,43,5714,2021-12-01,0
2020-12-27,41,5755,2021-12-01,0
2020-12-28,34,5789,2021-12-01,0
2020-12-29,37,5826,2021-12-01,0
2020-12-30,47,5873,2021-12-01,0
2020-12-31,36,5909,2021-12-01,0
2021-01-01,28,5937,2021-12-01,0
2021-01-02,47,5984,2021-12-01,0
2021-01-03,37,6021,2021-12-01,0
2021-01-04,32,6053,2021-12-01,0
2021-01-05,40,6093,2021-12-01,0
2021-01-06,32,6125,2021-12-01,0
2021-01-07,37,6162,2021-12-01,0
2021-01-08,32,6194,2021-12-01,0
2021-01-09,26,6220,2021-12-01,0
2021-01-10,29,6249,2021-12-01,0
2021-01-11,26,6275,2021-12-01,0
2021-01-12,32,6307,2021-12-01,0
2021-01-13,23,6330,2021-12-01,0
2021-01-14,41,6371,2021-12-01,0
2021-01-15,26,6397,2021-12-01,0
2021-01-16,30,6427,2021-12-01,0
2021-01-17,21,6448,2021-12-01,0
2021-01-18,19,6467,2021-12-01,0
2021-01-19,14,6481,2021-12-01,0
2021-01-20,26,6507,2021-12-01,0
2021-01-21,16,6523,2021-12-01,0
2021-01-22,13,6536,2021-12-01,0
2021-01-23,17,6553,2021-12-01,0
2021-01-24,24,6577,2021-12-01,0
2021-01-25,19,6596,2021-12-01,0
2021-01-26,21,6617,2021-12-01,0
2021-01-27,11,6628,2021-12-01,0
2021-01-28,12,6640,2021-12-01,0
2021-01-29,15,6655,2021-12-01,0
2021-01-30,13,6668,2021-12-01,0
2021-01-31,16,6684,2021-12-01,0
2021-02-01,17,6701,2021-12-01,0
2021-02-02,10,6711,2021-12-01,0
2021-02-03,11,6722,2021-12-01,0
2021-02-04,11,6733,2021-12-01,0
2021-02-05,12,6745,2021-12-01,0
2021-02-06,12,6757,2021-12-01,0
2021-02-07,19,6776,2021-12-01,0
2021-02-08,11,6787,2021-12-01,0
2021-02-09,15,6802,2021-12-01,0
2021-02-10,14,6816,2021-12-01,0
2021-02-11,7,6823,2021-12-01,0
2021-02-12,13,6836,2021-12-01,0
2021-02-13,8,6844,2021-12-01,0
2021-02-14,10,6854,2021-12-01,0
2021-02-15,9,6863,2021-12-01,0
2021-02-16,12,6875,2021-12-01,0
2021-02-17,10,6885,2021-12-01,0
2021-02-18,7,6892,2021-12-01,0
2021-02-19,6,6898,2021-12-01,0
2021-02-20,7,6905,2021-12-01,0
2021-02-21,4,6909,2021-12-01,0
2021-02-22,5,6914,2021-12-01,0
2021-02-23,9,6923,2021-12-01,0
2021-02-24,5,6928,2021-12-01,0
2021-02-25,5,6933,2021-12-01,0
2021-02-26,7,6940,2021-12-01,0
2021-02-27,6,6946,2021-12-01,0
2021-02-28,8,6954,2021-12-01,0
2021-03-01,7,6961,2021-12-01,0
2021-03-02,3,6964,2021-12-01,0
2021-03-03,10,6974,2021-12-01,0
2021-03-04,6,6980,2021-12-01,0
2021-03-05,10,6990,2021-12-01,0
2021-03-06,5,6995,2021-12-01,0
2021-03-07,9,7004,2021-12-01,0
2021-03-08,5,7009,2021-12-01,0
2021-03-09,7,7016,2021-12-01,0
2021-03-10,5,7021,2021-12-01,0
2021-03-11,4,7025,2021-12-01,0
2021-03-12,11,7036,2021-12-01,0
2021-03-13,5,7041,2021-12-01,0
2021-03-14,5,7046,2021-12-01,0
2021-03-15,2,7048,2021-12-01,0
2021-03-16,6,7054,2021-12-01,0
2021-03-17,4,7058,2021-12-01,0
2021-03-18,5,7063,2021-12-01,0
2021-03-19,5,7068,2021-12-01,0
2021-03-20,9,7077,2021-12-01,0
2021-03-21,5,7082,2021-12-01,0
2021-03-22,4,7086,2021-12-01,0
2021-03-23,5,7091,2021-12-01,0
2021-03-24,1,7092,2021-12-01,0
2021-03-25,5,7097,2021-12-01,0
2021-03-26,3,7100,2021-12-01,0
2021-03-27,7,7107,2021-12-01,0
2021-03-28,6,7113,2021-12-01,0
2021-03-29,5,7118,2021-12-01,0
2021-03-30,6,7124,2021-12-01,0
2021-03-31,8,7132,2021-12-01,0
2021-04-01,6,7138,2021-12-01,0
2021-04-02,9,7147,2021-12-01,0
2021-04-03,8,7155,2021-12-01,0
2021-04-04,6,7161,2021-12-01,0
2021-04-05,8,7169,2021-12-01,0
2021-04-06,7,7176,2021-12-01,0
2021-04-07,6,7182,2021-12-01,0
2021-04-08,10,7192,2021-12-01,0
2021-04-09,7,7199,2021-12-01,0
2021-04-10,7,7206,2021-12-01,0
2021-04-11,8,7214,2021-12-01,0
2021-04-12,10,7224,2021-12-01,0
2021-04-13,7,7231,2021-12-01,0
2021-04-14,8,7239,2021-12-01,0
2021-04-15,14,7253,2021-12-01,0
2021-04-16,8,7261,2021-12-01,0
2021-04-17,8,7269,2021-12-01,0
2021-04-18,8,7277,2021-12-01,0
2021-04-19,10,7287,2021-12-01,0
2021-04-20,5,7292,2021-12-01,0
2021-04-21,8,7300,2021-12-01,0
2021-04-22,2,7302,2021-12-01,0
2021-04-23,15,7317,2021-12-01,0
2021-04-24,11,7328,2021-12-01,0
2021-04-25,15,7343,2021-12-01,0
2021-04-26,15,7358,2021-12-01,0
2021-04-27,7,7365,2021-12-01,0
2021-04-28,14,7379,2021-12-01,0
2021-04-29,8,7387,2021-12-01,0
2021-04-30,11,7398,2021-12-01,0
2021-05-01,7,7405,2021-12-01,0
2021-05-02,8,7413,2021-12-01,0
2021-05-03,5,7418,2021-12-01,0
2021-05-04,13,7431,2021-12-01,0
2021-05-05,8,7439,2021-12-01,0
2021-05-06,5,7444,2021-12-01,0
2021-05-07,8,7452,2021-12-01,0
2021-05-08,7,7459,2021-12-01,0
2021-05-09,9,7468,2021-12-01,0
2021-05-10,8,7476,2021-12-01,0
2021-05-11,6,7482,2021-12-01,0
2021-05-12,9,7491,2021-12-01,0
2021-05-13,9,7500,2021-12-01,0
2021-05-14,11,7511,2021-12-01,0
2021-05-15,10,7521,2021-12-01,0
2021-05-16,6,7527,2021-12-01,0
2021-05-17,6,7533,2021-12-01,0
2021-05-18,7,7540,2021-12-01,0
2021-05-19,2,7542,2021-12-01,0
2021-05-20,5,7547,2021-12-01,0
2021-05-21,7,7554,2021-12-01,0
2021-05-22,11,7565,2021-12-01,0
2021-05-23,5,7570,2021-12-01,0
2021-05-24,5,7575,2021-12-01,0
2021-05-25,6,7581,2021-12-01,0
2021-05-26,3,7584,2021-12-01,0
2021-05-27,7,7591,2021-12-01,0
2021-05-28,2,7593,2021-12-01,0
2021-05-29,6,7599,2021-12-01,0
2021-05-30,4,7603,2021-12-01,0
2021-05-31,3,7606,2021-12-01,0
2021-06-01,5,7611,2021-12-01,0
2021-06-02,8,7619,2021-12-01,0
2021-06-03,4,7623,2021-12-01,0
2021-06-04,4,7627,2021-12-01,0
2021-06-05,2,7629,2021-12-01,0
2021-06-06,5,7634,2021-12-01,0
2021-06-07,3,7637,2021-12-01,0
2021-06-08,5,7642,2021-12-01,0
2021-06-09,4,7646,2021-12-01,0
2021-06-10,6,7652,2021-12-01,0
2021-06-11,6,7658,2021-12-01,0
2021-06-12,4,7662,2021-12-01,0
2021-06-13,4,7666,2021-12-01,0
2021-06-14,3,7669,2021-12-01,0
2021-06-15,2,7671,2021-12-01,0
2021-06-16,2,7673,2021-12-01,0
2021-06-17,4,7677,2021-12-01,0
2021-06-18,1,7678,2021-12-01,0
2021-06-19,6,7684,2021-12-01,0
2021-06-20,1,7685,2021-12-01,0
2021-06-21,5,7690,2021-12-01,0
2021-06-22,3,7693,2021-12-01,0
2021-06-23,4,7697,2021-12-01,0
2021-06-24,3,7700,2021-12-01,0
2021-06-25,3,7703,2021-12-01,0
2021-06-26,4,7707,2021-12-01,0
2021-06-27,2,7709,2021-12-01,0
2021-06-28,2,7711,2021-12-01,0
2021-06-29,2,7713,2021-12-01,0
2021-06-30,2,7715,2021-12-01,0
2021-07-01,0,7715,2021-12-01,0
2021-07-02,2,7717,2021-12-01,0
2021-07-03,2,7719,2021-12-01,0
2021-07-04,3,7722,2021-12-01,0
2021-07-05,1,7723,2021-12-01,0
2021-07-06,4,7727,2021-12-01,0
2021-07-07,1,7728,2021-12-01,0
2021-07-08,1,7729,2021-12-01,0
2021-07-09,0,7729,2021-12-01,0
2021-07-10,1,7730,2021-12-01,0
2021-07-11,3,7733,2021-12-01,0
2021-07-12,1,7734,2021-12-01,0
2021-07-13,2,7736,2021-12-01,0
2021-07-14,2,7738,2021-12-01,0
2021-07-15,2,7740,2021-12-01,0
2021-07-16,1,7741,2021-12-01,0
2021-07-17,1,7742,2021-12-01,0
2021-07-18,0,7742,2021-12-01,0
2021-07-19,0,7742,2021-12-01,0
2021-07-20,2,7744,2021-12-01,0
2021-07-21,2,7746,2021-12-01,0
2021-07-22,2,7748,2021-12-01,0
2021-07-23,3,7751,2021-12-01,0
2021-07-24,0,7751,2021-12-01,0
2021-07-25,2,7753,2021-12-01,0
2021-07-26,1,7754,2021-12-01,0
2021-07-27,2,7756,2021-12-01,0
2021-07-28,3,7759,2021-12-01,0
2021-07-29,2,7761,2021-12-01,0
2021-07-30,5,7766,2021-12-01,0
2021-07-31,4,7770,2021-12-01,0
2021-08-01,1,7771,2021-12-01,0
2021-08-02,3,7774,2021-12-01,0
2021-08-03,2,7776,2021-12-01,0
2021-08-04,3,7779,2021-12-01,0
2021-08-05,2,7781,2021-12-01,0
2021-08-06,7,7788,2021-12-01,0
2021-08-07,3,7791,2021-12-01,0
2021-08-08,2,7793,2021-12-01,0
2021-08-09,3,7796,2021-12-01,0
2021-08-10,2,7798,2021-12-01,0
2021-08-11,2,7800,2021-12-01,0
2021-08-12,7,7807,2021-12-01,0
2021-08-13,5,7812,2021-12-01,0
2021-08-14,6,7818,2021-12-01,0
2021-08-15,0,7818,2021-12-01,0
2021-08-16,7,7825,2021-12-01,0
2021-08-17,7,7832,2021-12-01,0
2021-08-18,9,7841,2021-12-01,0
2021-08-19,2,7843,2021-12-01,0
2021-08-20,3,7846,2021-12-01,0
2021-08-21,5,7851,2021-12-01,0
2021-08-22,7,7858,2021-12-01,0
2021-08-23,5,7863,2021-12-01,0
2021-08-24,12,7875,2021-12-01,0
2021-08-25,7,7882,2021-12-01,0
2021-08-26,2,7884,2021-12-01,0
2021-08-27,6,7890,2021-12-01,0
2021-08-28,11,7901,2021-12-01,0
2021-08-29,11,7912,2021-12-01,0
2021-08-30,8,7920,2021-12-01,0
2021-08-31,6,7926,2021-12-01,0
2021-09-01,6,7932,2021-12-01,0
2021-09-02,6,7938,2021-12-01,0
2021-09-03,9,7947,2021-12-01,0
2021-09-04,9,7956,2021-12-01,0
2021-09-05,10,7966,2021-12-01,0
2021-09-06,8,7974,2021-12-01,0
2021-09-07,7,7981,2021-12-01,0
2021-09-08,11,7992,2021-12-01,0
2021-09-09,5,7997,2021-12-01,0
2021-09-10,9,8006,2021-12-01,0
2021-09-11,17,8023,2021-12-01,0
2021-09-12,10,8033,2021-12-01,0
2021-09-13,7,8040,2021-12-01,0
2021-09-14,11,8051,2021-12-01,0
2021-09-15,14,8065,2021-12-01,0
2021-09-16,16,8081,2021-12-01,0
2021-09-17,8,8089,2021-12-01,0
2021-09-18,13,8102,2021-12-01,0
2021-09-19,11,8113,2021-12-01,0
2021-09-20,15,8128,2021-12-01,0
2021-09-21,15,8143,2021-12-01,0
2021-09-22,17,8160,2021-12-01,0
2021-09-23,13,8173,2021-12-01,0
2021-09-24,13,8186,2021-12-01,0
2021-09-25,16,8202,2021-12-01,0
2021-09-26,15,8217,2021-12-01,0
2021-09-27,15,8232,2021-12-01,0
2021-09-28,11,8243,2021-12-01,0
2021-09-29,19,8262,2021-12-01,0
2021-09-30,17,8279,2021-12-01,0
2021-10-01,13,8292,2021-12-01,0
2021-10-02,13,8305,2021-12-01,0
2021-10-03,23,8328,2021-12-01,0
2021-10-04,14,8342,2021-12-01,0
2021-10-05,23,8365,2021-12-01,0
2021-10-06,20,8385,2021-12-01,0
2021-10-07,13,8398,2021-12-01,0
2021-10-08,22,8420,2021-12-01,0
2021-10-09,20,8440,2021-12-01,0
2021-10-10,13,8453,2021-12-01,0
2021-10-11,11,8464,2021-12-01,0
2021-10-12,25,8489,2021-12-01,0
2021-10-13,20,8509,2021-12-01,0
2021-10-14,20,8529,2021-12-01,0
2021-10-15,14,8543,2021-12-01,0
2021-10-16,20,8563,2021-12-01,0
2021-10-17,17,8580,2021-12-01,0
2021-10-18,16,8596,2021-12-01,0
2021-10-19,25,8621,2021-12-01,0
2021-10-20,15,8636,2021-12-01,0
2021-10-21,8,8644,2021-12-01,0
2021-10-22,23,8667,2021-12-01,0
2021-10-23,24,8691,2021-12-01,0
2021-10-24,24,8715,2021-12-01,0
2021-10-25,20,8735,2021-12-01,0
2021-10-26,21,8756,2021-12-01,0
2021-10-27,14,8770,2021-12-01,0
2021-10-28,23,8793,2021-12-01,0
2021-10-29,19,8812,2021-12-01,0
2021-10-30,18,8830,2021-12-01,0
2021-10-31,24,8854,2021-12-01,0
2021-11-01,18,8872,2021-12-01,0
2021-11-02,18,8890,2021-12-01,0
2021-11-03,27,8917,2021-12-01,0
2021-11-04,26,8943,2021-12-01,0
2021-11-05,29,8972,2021-12-01,0
2021-11-06,15,8987,2021-12-01,1
2021-11-07,24,9011,2021-12-01,0
2021-11-08,26,9037,2021-12-01,0
2021-11-09,15,9052,2021-12-01,0
2021-11-10,18,9070,2021-12-01,0
2021-11-11,26,9096,2021-12-01,0
2021-11-12,26,9122,2021-12-01,2
2021-11-13,30,9152,2021-12-01,0
2021-11-14,23,9175,2021-12-01,0
2021-11-15,26,9201,2021-12-01,1
2021-11-16,23,9224,2021-12-01,0
2021-11-17,32,9256,2021-12-01,0
2021-11-18,34,9290,2021-12-01,3
2021-11-19,31,9321,2021-12-01,5
2021-11-20,24,9345,2021-12-01,2
2021-11-21,28,9373,2021-12-01,6
2021-11-22,22,9395,2021-12-01,7
2021-11-23,25,9420,2021-12-01,12
2021-11-24,14,9434,2021-12-01,13
2021-11-25,16,9450,2021-12-01,16
2021-11-26,16,9466,2021-12-01,16
2021-11-27,9,9475,2021-12-01,9
2021-11-28,7,9482,2021-12-01,7
NA,0,9482,2021-12-01,0
2020-03-19,1,1,2021-12-02,0
2020-03-20,0,1,2021-12-02,0
2020-03-21,0,1,2021-12-02,0
2020-03-22,0,1,2021-12-02,0
2020-03-23,0,1,2021-12-02,0
2020-03-24,1,2,2021-12-02,0
2020-03-25,1,3,2021-12-02,0
2020-03-26,1,4,2021-12-02,0
2020-03-27,5,9,2021-12-02,0
2020-03-28,3,12,2021-12-02,0
2020-03-29,0,12,2021-12-02,0
2020-03-30,5,17,2021-12-02,0
2020-03-31,2,19,2021-12-02,0
2020-04-01,5,24,2021-12-02,0
2020-04-02,3,27,2021-12-02,0
2020-04-03,1,28,2021-12-02,0
2020-04-04,5,33,2021-12-02,0
2020-04-05,5,38,2021-12-02,0
2020-04-06,10,48,2021-12-02,0
2020-04-07,6,54,2021-12-02,0
2020-04-08,7,61,2021-12-02,0
2020-04-09,8,69,2021-12-02,0
2020-04-10,6,75,2021-12-02,0
2020-04-11,4,79,2021-12-02,0
2020-04-12,4,83,2021-12-02,0
2020-04-13,10,93,2021-12-02,0
2020-04-14,6,99,2021-12-02,0
2020-04-15,17,116,2021-12-02,0
2020-04-16,10,126,2021-12-02,0
2020-04-17,17,143,2021-12-02,0
2020-04-18,17,160,2021-12-02,0
2020-04-19,16,176,2021-12-02,0
2020-04-20,21,197,2021-12-02,0
2020-04-21,26,223,2021-12-02,0
2020-04-22,21,244,2021-12-02,0
2020-04-23,19,263,2021-12-02,0
2020-04-24,23,286,2021-12-02,0
2020-04-25,18,304,2021-12-02,0
2020-04-26,17,321,2021-12-02,0
2020-04-27,21,342,2021-12-02,0
2020-04-28,16,358,2021-12-02,0
2020-04-29,29,387,2021-12-02,0
2020-04-30,18,405,2021-12-02,0
2020-05-01,30,435,2021-12-02,0
2020-05-02,19,454,2021-12-02,0
2020-05-03,29,483,2021-12-02,0
2020-05-04,23,506,2021-12-02,0
2020-05-05,19,525,2021-12-02,0
2020-05-06,25,550,2021-12-02,0
2020-05-07,30,580,2021-12-02,0
2020-05-08,20,600,2021-12-02,0
2020-05-09,26,626,2021-12-02,0
2020-05-10,19,645,2021-12-02,0
2020-05-11,25,670,2021-12-02,0
2020-05-12,20,690,2021-12-02,0
2020-05-13,22,712,2021-12-02,0
2020-05-14,20,732,2021-12-02,0
2020-05-15,20,752,2021-12-02,0
2020-05-16,20,772,2021-12-02,0
2020-05-17,23,795,2021-12-02,0
2020-05-18,18,813,2021-12-02,0
2020-05-19,35,848,2021-12-02,0
2020-05-20,24,872,2021-12-02,0
2020-05-21,17,889,2021-12-02,0
2020-05-22,20,909,2021-12-02,0
2020-05-23,26,935,2021-12-02,0
2020-05-24,25,960,2021-12-02,0
2020-05-25,30,990,2021-12-02,0
2020-05-26,29,1019,2021-12-02,0
2020-05-27,25,1044,2021-12-02,0
2020-05-28,21,1065,2021-12-02,0
2020-05-29,17,1082,2021-12-02,0
2020-05-30,11,1093,2021-12-02,0
2020-05-31,20,1113,2021-12-02,0
2020-06-01,23,1136,2021-12-02,0
2020-06-02,21,1157,2021-12-02,0
2020-06-03,25,1182,2021-12-02,0
2020-06-04,26,1208,2021-12-02,0
2020-06-05,18,1226,2021-12-02,0
2020-06-06,12,1238,2021-12-02,0
2020-06-07,22,1260,2021-12-02,0
2020-06-08,12,1272,2021-12-02,0
2020-06-09,13,1285,2021-12-02,0
2020-06-10,10,1295,2021-12-02,0
2020-06-11,12,1307,2021-12-02,0
2020-06-12,11,1318,2021-12-02,0
2020-06-13,13,1331,2021-12-02,0
2020-06-14,11,1342,2021-12-02,0
2020-06-15,8,1350,2021-12-02,0
2020-06-16,9,1359,2021-12-02,0
2020-06-17,17,1376,2021-12-02,0
2020-06-18,9,1385,2021-12-02,0
2020-06-19,8,1393,2021-12-02,0
2020-06-20,12,1405,2021-12-02,0
2020-06-21,11,1416,2021-12-02,0
2020-06-22,6,1422,2021-12-02,0
2020-06-23,10,1432,2021-12-02,0
2020-06-24,1,1433,2021-12-02,0
2020-06-25,9,1442,2021-12-02,0
2020-06-26,6,1448,2021-12-02,0
2020-06-27,5,1453,2021-12-02,0
2020-06-28,11,1464,2021-12-02,0
2020-06-29,7,1471,2021-12-02,0
2020-06-30,9,1480,2021-12-02,0
2020-07-01,2,1482,2021-12-02,0
2020-07-02,3,1485,2021-12-02,0
2020-07-03,5,1490,2021-12-02,0
2020-07-04,4,1494,2021-12-02,0
2020-07-05,6,1500,2021-12-02,0
2020-07-06,4,1504,2021-12-02,0
2020-07-07,2,1506,2021-12-02,0
2020-07-08,9,1515,2021-12-02,0
2020-07-09,4,1519,2021-12-02,0
2020-07-10,3,1522,2021-12-02,0
2020-07-11,4,1526,2021-12-02,0
2020-07-12,6,1532,2021-12-02,0
2020-07-13,2,1534,2021-12-02,0
2020-07-14,6,1540,2021-12-02,0
2020-07-15,7,1547,2021-12-02,0
2020-07-16,3,1550,2021-12-02,0
2020-07-17,7,1557,2021-12-02,0
2020-07-18,6,1563,2021-12-02,0
2020-07-19,5,1568,2021-12-02,0
2020-07-20,3,1571,2021-12-02,0
2020-07-21,6,1577,2021-12-02,0
2020-07-22,5,1582,2021-12-02,0
2020-07-23,8,1590,2021-12-02,0
2020-07-24,6,1596,2021-12-02,0
2020-07-25,2,1598,2021-12-02,0
2020-07-26,5,1603,2021-12-02,0
2020-07-27,5,1608,2021-12-02,0
2020-07-28,7,1615,2021-12-02,0
2020-07-29,3,1618,2021-12-02,0
2020-07-30,6,1624,2021-12-02,0
2020-07-31,9,1633,2021-12-02,0
2020-08-01,4,1637,2021-12-02,0
2020-08-02,7,1644,2021-12-02,0
2020-08-03,4,1648,2021-12-02,0
2020-08-04,7,1655,2021-12-02,0
2020-08-05,8,1663,2021-12-02,0
2020-08-06,9,1672,2021-12-02,0
2020-08-07,7,1679,2021-12-02,0
2020-08-08,6,1685,2021-12-02,0
2020-08-09,10,1695,2021-12-02,0
2020-08-10,3,1698,2021-12-02,0
2020-08-11,9,1707,2021-12-02,0
2020-08-12,7,1714,2021-12-02,0
2020-08-13,5,1719,2021-12-02,0
2020-08-14,9,1728,2021-12-02,0
2020-08-15,13,1741,2021-12-02,0
2020-08-16,13,1754,2021-12-02,0
2020-08-17,6,1760,2021-12-02,0
2020-08-18,11,1771,2021-12-02,0
2020-08-19,3,1774,2021-12-02,0
2020-08-20,10,1784,2021-12-02,0
2020-08-21,12,1796,2021-12-02,0
2020-08-22,9,1805,2021-12-02,0
2020-08-23,7,1812,2021-12-02,0
2020-08-24,9,1821,2021-12-02,0
2020-08-25,4,1825,2021-12-02,0
2020-08-26,3,1828,2021-12-02,0
2020-08-27,7,1835,2021-12-02,0
2020-08-28,6,1841,2021-12-02,0
2020-08-29,3,1844,2021-12-02,0
2020-08-30,5,1849,2021-12-02,0
2020-08-31,9,1858,2021-12-02,0
2020-09-01,2,1860,2021-12-02,0
2020-09-02,7,1867,2021-12-02,0
2020-09-03,12,1879,2021-12-02,0
2020-09-04,4,1883,2021-12-02,0
2020-09-05,6,1889,2021-12-02,0
2020-09-06,12,1901,2021-12-02,0
2020-09-07,3,1904,2021-12-02,0
2020-09-08,6,1910,2021-12-02,0
2020-09-09,10,1920,2021-12-02,0
2020-09-10,9,1929,2021-12-02,0
2020-09-11,11,1940,2021-12-02,0
2020-09-12,8,1948,2021-12-02,0
2020-09-13,8,1956,2021-12-02,0
2020-09-14,2,1958,2021-12-02,0
2020-09-15,7,1965,2021-12-02,0
2020-09-16,9,1974,2021-12-02,0
2020-09-17,5,1979,2021-12-02,0
2020-09-18,6,1985,2021-12-02,0
2020-09-19,4,1989,2021-12-02,0
2020-09-20,9,1998,2021-12-02,0
2020-09-21,7,2005,2021-12-02,0
2020-09-22,8,2013,2021-12-02,0
2020-09-23,9,2022,2021-12-02,0
2020-09-24,8,2030,2021-12-02,0
2020-09-25,11,2041,2021-12-02,0
2020-09-26,9,2050,2021-12-02,0
2020-09-27,14,2064,2021-12-02,0
2020-09-28,11,2075,2021-12-02,0
2020-09-29,5,2080,2021-12-02,0
2020-09-30,16,2096,2021-12-02,0
2020-10-01,7,2103,2021-12-02,0
2020-10-02,13,2116,2021-12-02,0
2020-10-03,9,2125,2021-12-02,0
2020-10-04,7,2132,2021-12-02,0
2020-10-05,10,2142,2021-12-02,0
2020-10-06,13,2155,2021-12-02,0
2020-10-07,19,2174,2021-12-02,0
2020-10-08,9,2183,2021-12-02,0
2020-10-09,17,2200,2021-12-02,0
2020-10-10,16,2216,2021-12-02,0
2020-10-11,16,2232,2021-12-02,0
2020-10-12,20,2252,2021-12-02,0
2020-10-13,14,2266,2021-12-02,0
2020-10-14,10,2276,2021-12-02,0
2020-10-15,9,2285,2021-12-02,0
2020-10-16,12,2297,2021-12-02,0
2020-10-17,18,2315,2021-12-02,0
2020-10-18,25,2340,2021-12-02,0
2020-10-19,18,2358,2021-12-02,0
2020-10-20,15,2373,2021-12-02,0
2020-10-21,24,2397,2021-12-02,0
2020-10-22,18,2415,2021-12-02,0
2020-10-23,19,2434,2021-12-02,0
2020-10-24,8,2442,2021-12-02,0
2020-10-25,17,2459,2021-12-02,0
2020-10-26,25,2484,2021-12-02,0
2020-10-27,23,2507,2021-12-02,0
2020-10-28,29,2536,2021-12-02,0
2020-10-29,18,2554,2021-12-02,0
2020-10-30,27,2581,2021-12-02,0
2020-10-31,25,2606,2021-12-02,0
2020-11-01,21,2627,2021-12-02,0
2020-11-02,25,2652,2021-12-02,0
2020-11-03,25,2677,2021-12-02,0
2020-11-04,33,2710,2021-12-02,0
2020-11-05,38,2748,2021-12-02,0
2020-11-06,39,2787,2021-12-02,0
2020-11-07,42,2829,2021-12-02,0
2020-11-08,47,2876,2021-12-02,0
2020-11-09,36,2912,2021-12-02,0
2020-11-10,35,2947,2021-12-02,0
2020-11-11,43,2990,2021-12-02,0
2020-11-12,45,3035,2021-12-02,0
2020-11-13,40,3075,2021-12-02,0
2020-11-14,47,3122,2021-12-02,0
2020-11-15,46,3168,2021-12-02,0
2020-11-16,62,3230,2021-12-02,0
2020-11-17,56,3286,2021-12-02,0
2020-11-18,61,3347,2021-12-02,0
2020-11-19,60,3407,2021-12-02,0
2020-11-20,63,3470,2021-12-02,0
2020-11-21,58,3528,2021-12-02,0
2020-11-22,67,3595,2021-12-02,0
2020-11-23,59,3654,2021-12-02,0
2020-11-24,69,3723,2021-12-02,0
2020-11-25,72,3795,2021-12-02,0
2020-11-26,54,3849,2021-12-02,0
2020-11-27,69,3918,2021-12-02,0
2020-11-28,62,3980,2021-12-02,0
2020-11-29,68,4048,2021-12-02,0
2020-11-30,61,4109,2021-12-02,0
2020-12-01,64,4173,2021-12-02,0
2020-12-02,73,4246,2021-12-02,0
2020-12-03,86,4332,2021-12-02,0
2020-12-04,67,4399,2021-12-02,0
2020-12-05,74,4473,2021-12-02,0
2020-12-06,80,4553,2021-12-02,0
2020-12-07,75,4628,2021-12-02,0
2020-12-08,61,4689,2021-12-02,0
2020-12-09,71,4760,2021-12-02,0
2020-12-10,72,4832,2021-12-02,0
2020-12-11,71,4903,2021-12-02,0
2020-12-12,72,4975,2021-12-02,0
2020-12-13,56,5031,2021-12-02,0
2020-12-14,43,5074,2021-12-02,0
2020-12-15,65,5139,2021-12-02,0
2020-12-16,73,5212,2021-12-02,0
2020-12-17,60,5272,2021-12-02,0
2020-12-18,59,5331,2021-12-02,0
2020-12-19,56,5387,2021-12-02,0
2020-12-20,61,5448,2021-12-02,0
2020-12-21,58,5506,2021-12-02,0
2020-12-22,33,5539,2021-12-02,0
2020-12-23,46,5585,2021-12-02,0
2020-12-24,50,5635,2021-12-02,0
2020-12-25,36,5671,2021-12-02,0
2020-12-26,43,5714,2021-12-02,0
2020-12-27,41,5755,2021-12-02,0
2020-12-28,34,5789,2021-12-02,0
2020-12-29,37,5826,2021-12-02,0
2020-12-30,47,5873,2021-12-02,0
2020-12-31,36,5909,2021-12-02,0
2021-01-01,28,5937,2021-12-02,0
2021-01-02,47,5984,2021-12-02,0
2021-01-03,37,6021,2021-12-02,0
2021-01-04,32,6053,2021-12-02,0
2021-01-05,40,6093,2021-12-02,0
2021-01-06,32,6125,2021-12-02,0
2021-01-07,37,6162,2021-12-02,0
2021-01-08,32,6194,2021-12-02,0
2021-01-09,26,6220,2021-12-02,0
2021-01-10,29,6249,2021-12-02,0
2021-01-11,26,6275,2021-12-02,0
2021-01-12,32,6307,2021-12-02,0
2021-01-13,23,6330,2021-12-02,0
2021-01-14,41,6371,2021-12-02,0
2021-01-15,26,6397,2021-12-02,0
2021-01-16,30,6427,2021-12-02,0
2021-01-17,21,6448,2021-12-02,0
2021-01-18,19,6467,2021-12-02,0
2021-01-19,14,6481,2021-12-02,0
2021-01-20,26,6507,2021-12-02,0
2021-01-21,16,6523,2021-12-02,0
2021-01-22,13,6536,2021-12-02,0
2021-01-23,17,6553,2021-12-02,0
2021-01-24,24,6577,2021-12-02,0
2021-01-25,19,6596,2021-12-02,0
2021-01-26,21,6617,2021-12-02,0
2021-01-27,11,6628,2021-12-02,0
2021-01-28,12,6640,2021-12-02,0
2021-01-29,15,6655,2021-12-02,0
2021-01-30,13,6668,2021-12-02,0
2021-01-31,16,6684,2021-12-02,0
2021-02-01,17,6701,2021-12-02,0
2021-02-02,10,6711,2021-12-02,0
2021-02-03,11,6722,2021-12-02,0
2021-02-04,11,6733,2021-12-02,0
2021-02-05,12,6745,2021-12-02,0
2021-02-06,12,6757,2021-12-02,0
2021-02-07,19,6776,2021-12-02,0
2021-02-08,11,6787,2021-12-02,0
2021-02-09,15,6802,2021-12-02,0
2021-02-10,14,6816,2021-12-02,0
2021-02-11,7,6823,2021-12-02,0
2021-02-12,13,6836,2021-12-02,0
2021-02-13,8,6844,2021-12-02,0
2021-02-14,10,6854,2021-12-02,0
2021-02-15,9,6863,2021-12-02,0
2021-02-16,12,6875,2021-12-02,0
2021-02-17,10,6885,2021-12-02,0
2021-02-18,7,6892,2021-12-02,0
2021-02-19,6,6898,2021-12-02,0
2021-02-20,7,6905,2021-12-02,0
2021-02-21,4,6909,2021-12-02,0
2021-02-22,5,6914,2021-12-02,0
2021-02-23,9,6923,2021-12-02,0
2021-02-24,5,6928,2021-12-02,0
2021-02-25,5,6933,2021-12-02,0
2021-02-26,7,6940,2021-12-02,0
2021-02-27,6,6946,2021-12-02,0
2021-02-28,8,6954,2021-12-02,0
2021-03-01,7,6961,2021-12-02,0
2021-03-02,3,6964,2021-12-02,0
2021-03-03,10,6974,2021-12-02,0
2021-03-04,6,6980,2021-12-02,0
2021-03-05,10,6990,2021-12-02,0
2021-03-06,5,6995,2021-12-02,0
2021-03-07,9,7004,2021-12-02,0
2021-03-08,5,7009,2021-12-02,0
2021-03-09,7,7016,2021-12-02,0
2021-03-10,5,7021,2021-12-02,0
2021-03-11,4,7025,2021-12-02,0
2021-03-12,11,7036,2021-12-02,0
2021-03-13,5,7041,2021-12-02,0
2021-03-14,5,7046,2021-12-02,0
2021-03-15,2,7048,2021-12-02,0
2021-03-16,6,7054,2021-12-02,0
2021-03-17,4,7058,2021-12-02,0
2021-03-18,5,7063,2021-12-02,0
2021-03-19,5,7068,2021-12-02,0
2021-03-20,9,7077,2021-12-02,0
2021-03-21,5,7082,2021-12-02,0
2021-03-22,4,7086,2021-12-02,0
2021-03-23,5,7091,2021-12-02,0
2021-03-24,1,7092,2021-12-02,0
2021-03-25,5,7097,2021-12-02,0
2021-03-26,3,7100,2021-12-02,0
2021-03-27,7,7107,2021-12-02,0
2021-03-28,6,7113,2021-12-02,0
2021-03-29,5,7118,2021-12-02,0
2021-03-30,6,7124,2021-12-02,0
2021-03-31,8,7132,2021-12-02,0
2021-04-01,6,7138,2021-12-02,0
2021-04-02,9,7147,2021-12-02,0
2021-04-03,8,7155,2021-12-02,0
2021-04-04,6,7161,2021-12-02,0
2021-04-05,8,7169,2021-12-02,0
2021-04-06,7,7176,2021-12-02,0
2021-04-07,6,7182,2021-12-02,0
2021-04-08,10,7192,2021-12-02,0
2021-04-09,7,7199,2021-12-02,0
2021-04-10,7,7206,2021-12-02,0
2021-04-11,8,7214,2021-12-02,0
2021-04-12,10,7224,2021-12-02,0
2021-04-13,7,7231,2021-12-02,0
2021-04-14,8,7239,2021-12-02,0
2021-04-15,14,7253,2021-12-02,0
2021-04-16,8,7261,2021-12-02,0
2021-04-17,8,7269,2021-12-02,0
2021-04-18,8,7277,2021-12-02,0
2021-04-19,10,7287,2021-12-02,0
2021-04-20,5,7292,2021-12-02,0
2021-04-21,8,7300,2021-12-02,0
2021-04-22,2,7302,2021-12-02,0
2021-04-23,15,7317,2021-12-02,0
2021-04-24,11,7328,2021-12-02,0
2021-04-25,15,7343,2021-12-02,0
2021-04-26,15,7358,2021-12-02,0
2021-04-27,7,7365,2021-12-02,0
2021-04-28,14,7379,2021-12-02,0
2021-04-29,8,7387,2021-12-02,0
2021-04-30,11,7398,2021-12-02,0
2021-05-01,7,7405,2021-12-02,0
2021-05-02,8,7413,2021-12-02,0
2021-05-03,5,7418,2021-12-02,0
2021-05-04,13,7431,2021-12-02,0
2021-05-05,8,7439,2021-12-02,0
2021-05-06,5,7444,2021-12-02,0
2021-05-07,8,7452,2021-12-02,0
2021-05-08,7,7459,2021-12-02,0
2021-05-09,9,7468,2021-12-02,0
2021-05-10,8,7476,2021-12-02,0
2021-05-11,6,7482,2021-12-02,0
2021-05-12,9,7491,2021-12-02,0
2021-05-13,9,7500,2021-12-02,0
2021-05-14,11,7511,2021-12-02,0
2021-05-15,10,7521,2021-12-02,0
2021-05-16,6,7527,2021-12-02,0
2021-05-17,6,7533,2021-12-02,0
2021-05-18,7,7540,2021-12-02,0
2021-05-19,2,7542,2021-12-02,0
2021-05-20,5,7547,2021-12-02,0
2021-05-21,7,7554,2021-12-02,0
2021-05-22,11,7565,2021-12-02,0
2021-05-23,5,7570,2021-12-02,0
2021-05-24,5,7575,2021-12-02,0
2021-05-25,6,7581,2021-12-02,0
2021-05-26,3,7584,2021-12-02,0
2021-05-27,7,7591,2021-12-02,0
2021-05-28,2,7593,2021-12-02,0
2021-05-29,6,7599,2021-12-02,0
2021-05-30,4,7603,2021-12-02,0
2021-05-31,3,7606,2021-12-02,0
2021-06-01,5,7611,2021-12-02,0
2021-06-02,8,7619,2021-12-02,0
2021-06-03,4,7623,2021-12-02,0
2021-06-04,4,7627,2021-12-02,0
2021-06-05,2,7629,2021-12-02,0
2021-06-06,5,7634,2021-12-02,0
2021-06-07,3,7637,2021-12-02,0
2021-06-08,5,7642,2021-12-02,0
2021-06-09,4,7646,2021-12-02,0
2021-06-10,6,7652,2021-12-02,0
2021-06-11,6,7658,2021-12-02,0
2021-06-12,4,7662,2021-12-02,0
2021-06-13,4,7666,2021-12-02,0
2021-06-14,3,7669,2021-12-02,0
2021-06-15,2,7671,2021-12-02,0
2021-06-16,2,7673,2021-12-02,0
2021-06-17,4,7677,2021-12-02,0
2021-06-18,1,7678,2021-12-02,0
2021-06-19,6,7684,2021-12-02,0
2021-06-20,1,7685,2021-12-02,0
2021-06-21,5,7690,2021-12-02,0
2021-06-22,3,7693,2021-12-02,0
2021-06-23,4,7697,2021-12-02,0
2021-06-24,3,7700,2021-12-02,0
2021-06-25,3,7703,2021-12-02,0
2021-06-26,4,7707,2021-12-02,0
2021-06-27,2,7709,2021-12-02,0
2021-06-28,2,7711,2021-12-02,0
2021-06-29,2,7713,2021-12-02,0
2021-06-30,2,7715,2021-12-02,0
2021-07-01,0,7715,2021-12-02,0
2021-07-02,2,7717,2021-12-02,0
2021-07-03,2,7719,2021-12-02,0
2021-07-04,3,7722,2021-12-02,0
2021-07-05,1,7723,2021-12-02,0
2021-07-06,4,7727,2021-12-02,0
2021-07-07,1,7728,2021-12-02,0
2021-07-08,1,7729,2021-12-02,0
2021-07-09,0,7729,2021-12-02,0
2021-07-10,1,7730,2021-12-02,0
2021-07-11,3,7733,2021-12-02,0
2021-07-12,1,7734,2021-12-02,0
2021-07-13,2,7736,2021-12-02,0
2021-07-14,2,7738,2021-12-02,0
2021-07-15,2,7740,2021-12-02,0
2021-07-16,1,7741,2021-12-02,0
2021-07-17,1,7742,2021-12-02,0
2021-07-18,0,7742,2021-12-02,0
2021-07-19,0,7742,2021-12-02,0
2021-07-20,2,7744,2021-12-02,0
2021-07-21,2,7746,2021-12-02,0
2021-07-22,2,7748,2021-12-02,0
2021-07-23,3,7751,2021-12-02,0
2021-07-24,0,7751,2021-12-02,0
2021-07-25,2,7753,2021-12-02,0
2021-07-26,1,7754,2021-12-02,0
2021-07-27,2,7756,2021-12-02,0
2021-07-28,3,7759,2021-12-02,0
2021-07-29,2,7761,2021-12-02,0
2021-07-30,5,7766,2021-12-02,0
2021-07-31,4,7770,2021-12-02,0
2021-08-01,1,7771,2021-12-02,0
2021-08-02,3,7774,2021-12-02,0
2021-08-03,2,7776,2021-12-02,0
2021-08-04,3,7779,2021-12-02,0
2021-08-05,2,7781,2021-12-02,0
2021-08-06,7,7788,2021-12-02,0
2021-08-07,3,7791,2021-12-02,0
2021-08-08,2,7793,2021-12-02,0
2021-08-09,3,7796,2021-12-02,0
2021-08-10,2,7798,2021-12-02,0
2021-08-11,2,7800,2021-12-02,0
2021-08-12,7,7807,2021-12-02,0
2021-08-13,5,7812,2021-12-02,0
2021-08-14,6,7818,2021-12-02,0
2021-08-15,0,7818,2021-12-02,0
2021-08-16,7,7825,2021-12-02,0
2021-08-17,7,7832,2021-12-02,0
2021-08-18,9,7841,2021-12-02,0
2021-08-19,2,7843,2021-12-02,0
2021-08-20,3,7846,2021-12-02,0
2021-08-21,5,7851,2021-12-02,0
2021-08-22,7,7858,2021-12-02,0
2021-08-23,5,7863,2021-12-02,0
2021-08-24,12,7875,2021-12-02,0
2021-08-25,7,7882,2021-12-02,0
2021-08-26,2,7884,2021-12-02,0
2021-08-27,6,7890,2021-12-02,0
2021-08-28,11,7901,2021-12-02,0
2021-08-29,11,7912,2021-12-02,0
2021-08-30,8,7920,2021-12-02,0
2021-08-31,6,7926,2021-12-02,0
2021-09-01,6,7932,2021-12-02,0
2021-09-02,6,7938,2021-12-02,0
2021-09-03,9,7947,2021-12-02,0
2021-09-04,9,7956,2021-12-02,0
2021-09-05,10,7966,2021-12-02,0
2021-09-06,8,7974,2021-12-02,0
2021-09-07,7,7981,2021-12-02,0
2021-09-08,11,7992,2021-12-02,0
2021-09-09,5,7997,2021-12-02,0
2021-09-10,9,8006,2021-12-02,0
2021-09-11,17,8023,2021-12-02,0
2021-09-12,10,8033,2021-12-02,0
2021-09-13,7,8040,2021-12-02,0
2021-09-14,11,8051,2021-12-02,0
2021-09-15,14,8065,2021-12-02,0
2021-09-16,16,8081,2021-12-02,0
2021-09-17,8,8089,2021-12-02,0
2021-09-18,13,8102,2021-12-02,0
2021-09-19,11,8113,2021-12-02,0
2021-09-20,15,8128,2021-12-02,0
2021-09-21,15,8143,2021-12-02,0
2021-09-22,17,8160,2021-12-02,0
2021-09-23,13,8173,2021-12-02,0
2021-09-24,13,8186,2021-12-02,0
2021-09-25,16,8202,2021-12-02,0
2021-09-26,15,8217,2021-12-02,0
2021-09-27,15,8232,2021-12-02,0
2021-09-28,11,8243,2021-12-02,0
2021-09-29,19,8262,2021-12-02,0
2021-09-30,17,8279,2021-12-02,0
2021-10-01,13,8292,2021-12-02,0
2021-10-02,13,8305,2021-12-02,0
2021-10-03,23,8328,2021-12-02,0
2021-10-04,14,8342,2021-12-02,0
2021-10-05,23,8365,2021-12-02,0
2021-10-06,20,8385,2021-12-02,0
2021-10-07,13,8398,2021-12-02,0
2021-10-08,22,8420,2021-12-02,0
2021-10-09,20,8440,2021-12-02,0
2021-10-10,13,8453,2021-12-02,0
2021-10-11,11,8464,2021-12-02,0
2021-10-12,25,8489,2021-12-02,0
2021-10-13,20,8509,2021-12-02,0
2021-10-14,20,8529,2021-12-02,0
2021-10-15,14,8543,2021-12-02,0
2021-10-16,20,8563,2021-12-02,0
2021-10-17,17,8580,2021-12-02,0
2021-10-18,16,8596,2021-12-02,0
2021-10-19,25,8621,2021-12-02,0
2021-10-20,15,8636,2021-12-02,0
2021-10-21,8,8644,2021-12-02,0
2021-10-22,23,8667,2021-12-02,0
2021-10-23,24,8691,2021-12-02,0
2021-10-24,24,8715,2021-12-02,0
2021-10-25,20,8735,2021-12-02,0
2021-10-26,21,8756,2021-12-02,0
2021-10-27,14,8770,2021-12-02,0
2021-10-28,23,8793,2021-12-02,0
2021-10-29,19,8812,2021-12-02,0
2021-10-30,18,8830,2021-12-02,0
2021-10-31,24,8854,2021-12-02,0
2021-11-01,18,8872,2021-12-02,0
2021-11-02,18,8890,2021-12-02,0
2021-11-03,27,8917,2021-12-02,0
2021-11-04,27,8944,2021-12-02,1
2021-11-05,29,8973,2021-12-02,0
2021-11-06,15,8988,2021-12-02,0
2021-11-07,24,9012,2021-12-02,0
2021-11-08,26,9038,2021-12-02,0
2021-11-09,16,9054,2021-12-02,1
2021-11-10,18,9072,2021-12-02,0
2021-11-11,26,9098,2021-12-02,0
2021-11-12,26,9124,2021-12-02,0
2021-11-13,31,9155,2021-12-02,1
2021-11-14,24,9179,2021-12-02,1
2021-11-15,26,9205,2021-12-02,0
2021-11-16,24,9229,2021-12-02,1
2021-11-17,32,9261,2021-12-02,0
2021-11-18,34,9295,2021-12-02,0
2021-11-19,31,9326,2021-12-02,0
2021-11-20,27,9353,2021-12-02,3
2021-11-21,29,9382,2021-12-02,1
2021-11-22,22,9404,2021-12-02,0
2021-11-23,25,9429,2021-12-02,0
2021-11-24,19,9448,2021-12-02,5
2021-11-25,28,9476,2021-12-02,12
2021-11-26,33,9509,2021-12-02,17
2021-11-27,20,9529,2021-12-02,11
2021-11-28,17,9546,2021-12-02,10
2021-11-29,8,9554,2021-12-02,8
NA,0,9554,2021-12-02,0
2020-03-19,1,1,2021-12-03,0
2020-03-20,0,1,2021-12-03,0
2020-03-21,0,1,2021-12-03,0
2020-03-22,0,1,2021-12-03,0
2020-03-23,0,1,2021-12-03,0
2020-03-24,1,2,2021-12-03,0
2020-03-25,1,3,2021-12-03,0
2020-03-26,1,4,2021-12-03,0
2020-03-27,5,9,2021-12-03,0
2020-03-28,3,12,2021-12-03,0
2020-03-29,0,12,2021-12-03,0
2020-03-30,5,17,2021-12-03,0
2020-03-31,2,19,2021-12-03,0
2020-04-01,5,24,2021-12-03,0
2020-04-02,3,27,2021-12-03,0
2020-04-03,1,28,2021-12-03,0
2020-04-04,5,33,2021-12-03,0
2020-04-05,5,38,2021-12-03,0
2020-04-06,10,48,2021-12-03,0
2020-04-07,6,54,2021-12-03,0
2020-04-08,7,61,2021-12-03,0
2020-04-09,8,69,2021-12-03,0
2020-04-10,6,75,2021-12-03,0
2020-04-11,4,79,2021-12-03,0
2020-04-12,4,83,2021-12-03,0
2020-04-13,10,93,2021-12-03,0
2020-04-14,6,99,2021-12-03,0
2020-04-15,17,116,2021-12-03,0
2020-04-16,10,126,2021-12-03,0
2020-04-17,17,143,2021-12-03,0
2020-04-18,17,160,2021-12-03,0
2020-04-19,16,176,2021-12-03,0
2020-04-20,21,197,2021-12-03,0
2020-04-21,26,223,2021-12-03,0
2020-04-22,21,244,2021-12-03,0
2020-04-23,19,263,2021-12-03,0
2020-04-24,23,286,2021-12-03,0
2020-04-25,18,304,2021-12-03,0
2020-04-26,17,321,2021-12-03,0
2020-04-27,21,342,2021-12-03,0
2020-04-28,16,358,2021-12-03,0
2020-04-29,29,387,2021-12-03,0
2020-04-30,18,405,2021-12-03,0
2020-05-01,30,435,2021-12-03,0
2020-05-02,19,454,2021-12-03,0
2020-05-03,29,483,2021-12-03,0
2020-05-04,23,506,2021-12-03,0
2020-05-05,19,525,2021-12-03,0
2020-05-06,25,550,2021-12-03,0
2020-05-07,30,580,2021-12-03,0
2020-05-08,20,600,2021-12-03,0
2020-05-09,26,626,2021-12-03,0
2020-05-10,19,645,2021-12-03,0
2020-05-11,25,670,2021-12-03,0
2020-05-12,20,690,2021-12-03,0
2020-05-13,22,712,2021-12-03,0
2020-05-14,20,732,2021-12-03,0
2020-05-15,20,752,2021-12-03,0
2020-05-16,20,772,2021-12-03,0
2020-05-17,23,795,2021-12-03,0
2020-05-18,18,813,2021-12-03,0
2020-05-19,35,848,2021-12-03,0
2020-05-20,24,872,2021-12-03,0
2020-05-21,17,889,2021-12-03,0
2020-05-22,20,909,2021-12-03,0
2020-05-23,26,935,2021-12-03,0
2020-05-24,25,960,2021-12-03,0
2020-05-25,30,990,2021-12-03,0
2020-05-26,29,1019,2021-12-03,0
2020-05-27,25,1044,2021-12-03,0
2020-05-28,21,1065,2021-12-03,0
2020-05-29,17,1082,2021-12-03,0
2020-05-30,11,1093,2021-12-03,0
2020-05-31,20,1113,2021-12-03,0
2020-06-01,23,1136,2021-12-03,0
2020-06-02,21,1157,2021-12-03,0
2020-06-03,25,1182,2021-12-03,0
2020-06-04,26,1208,2021-12-03,0
2020-06-05,18,1226,2021-12-03,0
2020-06-06,12,1238,2021-12-03,0
2020-06-07,22,1260,2021-12-03,0
2020-06-08,12,1272,2021-12-03,0
2020-06-09,13,1285,2021-12-03,0
2020-06-10,10,1295,2021-12-03,0
2020-06-11,12,1307,2021-12-03,0
2020-06-12,11,1318,2021-12-03,0
2020-06-13,13,1331,2021-12-03,0
2020-06-14,11,1342,2021-12-03,0
2020-06-15,8,1350,2021-12-03,0
2020-06-16,9,1359,2021-12-03,0
2020-06-17,17,1376,2021-12-03,0
2020-06-18,9,1385,2021-12-03,0
2020-06-19,8,1393,2021-12-03,0
2020-06-20,12,1405,2021-12-03,0
2020-06-21,11,1416,2021-12-03,0
2020-06-22,6,1422,2021-12-03,0
2020-06-23,10,1432,2021-12-03,0
2020-06-24,1,1433,2021-12-03,0
2020-06-25,9,1442,2021-12-03,0
2020-06-26,6,1448,2021-12-03,0
2020-06-27,5,1453,2021-12-03,0
2020-06-28,11,1464,2021-12-03,0
2020-06-29,7,1471,2021-12-03,0
2020-06-30,9,1480,2021-12-03,0
2020-07-01,2,1482,2021-12-03,0
2020-07-02,3,1485,2021-12-03,0
2020-07-03,5,1490,2021-12-03,0
2020-07-04,4,1494,2021-12-03,0
2020-07-05,6,1500,2021-12-03,0
2020-07-06,4,1504,2021-12-03,0
2020-07-07,2,1506,2021-12-03,0
2020-07-08,9,1515,2021-12-03,0
2020-07-09,4,1519,2021-12-03,0
2020-07-10,3,1522,2021-12-03,0
2020-07-11,4,1526,2021-12-03,0
2020-07-12,6,1532,2021-12-03,0
2020-07-13,2,1534,2021-12-03,0
2020-07-14,6,1540,2021-12-03,0
2020-07-15,7,1547,2021-12-03,0
2020-07-16,3,1550,2021-12-03,0
2020-07-17,7,1557,2021-12-03,0
2020-07-18,6,1563,2021-12-03,0
2020-07-19,5,1568,2021-12-03,0
2020-07-20,3,1571,2021-12-03,0
2020-07-21,6,1577,2021-12-03,0
2020-07-22,5,1582,2021-12-03,0
2020-07-23,8,1590,2021-12-03,0
2020-07-24,6,1596,2021-12-03,0
2020-07-25,2,1598,2021-12-03,0
2020-07-26,5,1603,2021-12-03,0
2020-07-27,5,1608,2021-12-03,0
2020-07-28,7,1615,2021-12-03,0
2020-07-29,3,1618,2021-12-03,0
2020-07-30,6,1624,2021-12-03,0
2020-07-31,9,1633,2021-12-03,0
2020-08-01,4,1637,2021-12-03,0
2020-08-02,7,1644,2021-12-03,0
2020-08-03,4,1648,2021-12-03,0
2020-08-04,7,1655,2021-12-03,0
2020-08-05,8,1663,2021-12-03,0
2020-08-06,9,1672,2021-12-03,0
2020-08-07,7,1679,2021-12-03,0
2020-08-08,6,1685,2021-12-03,0
2020-08-09,10,1695,2021-12-03,0
2020-08-10,3,1698,2021-12-03,0
2020-08-11,9,1707,2021-12-03,0
2020-08-12,7,1714,2021-12-03,0
2020-08-13,5,1719,2021-12-03,0
2020-08-14,9,1728,2021-12-03,0
2020-08-15,13,1741,2021-12-03,0
2020-08-16,13,1754,2021-12-03,0
2020-08-17,6,1760,2021-12-03,0
2020-08-18,11,1771,2021-12-03,0
2020-08-19,3,1774,2021-12-03,0
2020-08-20,10,1784,2021-12-03,0
2020-08-21,12,1796,2021-12-03,0
2020-08-22,9,1805,2021-12-03,0
2020-08-23,7,1812,2021-12-03,0
2020-08-24,9,1821,2021-12-03,0
2020-08-25,4,1825,2021-12-03,0
2020-08-26,3,1828,2021-12-03,0
2020-08-27,7,1835,2021-12-03,0
2020-08-28,6,1841,2021-12-03,0
2020-08-29,3,1844,2021-12-03,0
2020-08-30,5,1849,2021-12-03,0
2020-08-31,9,1858,2021-12-03,0
2020-09-01,2,1860,2021-12-03,0
2020-09-02,7,1867,2021-12-03,0
2020-09-03,12,1879,2021-12-03,0
2020-09-04,4,1883,2021-12-03,0
2020-09-05,6,1889,2021-12-03,0
2020-09-06,12,1901,2021-12-03,0
2020-09-07,3,1904,2021-12-03,0
2020-09-08,6,1910,2021-12-03,0
2020-09-09,10,1920,2021-12-03,0
2020-09-10,9,1929,2021-12-03,0
2020-09-11,11,1940,2021-12-03,0
2020-09-12,8,1948,2021-12-03,0
2020-09-13,8,1956,2021-12-03,0
2020-09-14,2,1958,2021-12-03,0
2020-09-15,7,1965,2021-12-03,0
2020-09-16,9,1974,2021-12-03,0
2020-09-17,5,1979,2021-12-03,0
2020-09-18,6,1985,2021-12-03,0
2020-09-19,4,1989,2021-12-03,0
2020-09-20,9,1998,2021-12-03,0
2020-09-21,7,2005,2021-12-03,0
2020-09-22,8,2013,2021-12-03,0
2020-09-23,9,2022,2021-12-03,0
2020-09-24,8,2030,2021-12-03,0
2020-09-25,11,2041,2021-12-03,0
2020-09-26,9,2050,2021-12-03,0
2020-09-27,14,2064,2021-12-03,0
2020-09-28,11,2075,2021-12-03,0
2020-09-29,5,2080,2021-12-03,0
2020-09-30,16,2096,2021-12-03,0
2020-10-01,7,2103,2021-12-03,0
2020-10-02,13,2116,2021-12-03,0
2020-10-03,9,2125,2021-12-03,0
2020-10-04,7,2132,2021-12-03,0
2020-10-05,10,2142,2021-12-03,0
2020-10-06,13,2155,2021-12-03,0
2020-10-07,19,2174,2021-12-03,0
2020-10-08,9,2183,2021-12-03,0
2020-10-09,17,2200,2021-12-03,0
2020-10-10,16,2216,2021-12-03,0
2020-10-11,16,2232,2021-12-03,0
2020-10-12,20,2252,2021-12-03,0
2020-10-13,14,2266,2021-12-03,0
2020-10-14,10,2276,2021-12-03,0
2020-10-15,9,2285,2021-12-03,0
2020-10-16,12,2297,2021-12-03,0
2020-10-17,18,2315,2021-12-03,0
2020-10-18,25,2340,2021-12-03,0
2020-10-19,18,2358,2021-12-03,0
2020-10-20,15,2373,2021-12-03,0
2020-10-21,24,2397,2021-12-03,0
2020-10-22,18,2415,2021-12-03,0
2020-10-23,19,2434,2021-12-03,0
2020-10-24,8,2442,2021-12-03,0
2020-10-25,17,2459,2021-12-03,0
2020-10-26,25,2484,2021-12-03,0
2020-10-27,23,2507,2021-12-03,0
2020-10-28,29,2536,2021-12-03,0
2020-10-29,18,2554,2021-12-03,0
2020-10-30,27,2581,2021-12-03,0
2020-10-31,25,2606,2021-12-03,0
2020-11-01,21,2627,2021-12-03,0
2020-11-02,25,2652,2021-12-03,0
2020-11-03,25,2677,2021-12-03,0
2020-11-04,33,2710,2021-12-03,0
2020-11-05,38,2748,2021-12-03,0
2020-11-06,39,2787,2021-12-03,0
2020-11-07,42,2829,2021-12-03,0
2020-11-08,47,2876,2021-12-03,0
2020-11-09,36,2912,2021-12-03,0
2020-11-10,35,2947,2021-12-03,0
2020-11-11,43,2990,2021-12-03,0
2020-11-12,45,3035,2021-12-03,0
2020-11-13,40,3075,2021-12-03,0
2020-11-14,48,3123,2021-12-03,1
2020-11-15,46,3169,2021-12-03,0
2020-11-16,62,3231,2021-12-03,0
2020-11-17,56,3287,2021-12-03,0
2020-11-18,61,3348,2021-12-03,0
2020-11-19,60,3408,2021-12-03,0
2020-11-20,63,3471,2021-12-03,0
2020-11-21,58,3529,2021-12-03,0
2020-11-22,67,3596,2021-12-03,0
2020-11-23,59,3655,2021-12-03,0
2020-11-24,69,3724,2021-12-03,0
2020-11-25,72,3796,2021-12-03,0
2020-11-26,54,3850,2021-12-03,0
2020-11-27,69,3919,2021-12-03,0
2020-11-28,62,3981,2021-12-03,0
2020-11-29,68,4049,2021-12-03,0
2020-11-30,61,4110,2021-12-03,0
2020-12-01,64,4174,2021-12-03,0
2020-12-02,73,4247,2021-12-03,0
2020-12-03,86,4333,2021-12-03,0
2020-12-04,67,4400,2021-12-03,0
2020-12-05,74,4474,2021-12-03,0
2020-12-06,80,4554,2021-12-03,0
2020-12-07,75,4629,2021-12-03,0
2020-12-08,61,4690,2021-12-03,0
2020-12-09,71,4761,2021-12-03,0
2020-12-10,72,4833,2021-12-03,0
2020-12-11,71,4904,2021-12-03,0
2020-12-12,72,4976,2021-12-03,0
2020-12-13,56,5032,2021-12-03,0
2020-12-14,43,5075,2021-12-03,0
2020-12-15,65,5140,2021-12-03,0
2020-12-16,73,5213,2021-12-03,0
2020-12-17,60,5273,2021-12-03,0
2020-12-18,59,5332,2021-12-03,0
2020-12-19,56,5388,2021-12-03,0
2020-12-20,61,5449,2021-12-03,0
2020-12-21,58,5507,2021-12-03,0
2020-12-22,33,5540,2021-12-03,0
2020-12-23,46,5586,2021-12-03,0
2020-12-24,50,5636,2021-12-03,0
2020-12-25,36,5672,2021-12-03,0
2020-12-26,43,5715,2021-12-03,0
2020-12-27,41,5756,2021-12-03,0
2020-12-28,34,5790,2021-12-03,0
2020-12-29,37,5827,2021-12-03,0
2020-12-30,47,5874,2021-12-03,0
2020-12-31,36,5910,2021-12-03,0
2021-01-01,28,5938,2021-12-03,0
2021-01-02,47,5985,2021-12-03,0
2021-01-03,37,6022,2021-12-03,0
2021-01-04,32,6054,2021-12-03,0
2021-01-05,40,6094,2021-12-03,0
2021-01-06,32,6126,2021-12-03,0
2021-01-07,37,6163,2021-12-03,0
2021-01-08,32,6195,2021-12-03,0
2021-01-09,26,6221,2021-12-03,0
2021-01-10,29,6250,2021-12-03,0
2021-01-11,26,6276,2021-12-03,0
2021-01-12,32,6308,2021-12-03,0
2021-01-13,23,6331,2021-12-03,0
2021-01-14,41,6372,2021-12-03,0
2021-01-15,26,6398,2021-12-03,0
2021-01-16,30,6428,2021-12-03,0
2021-01-17,21,6449,2021-12-03,0
2021-01-18,19,6468,2021-12-03,0
2021-01-19,14,6482,2021-12-03,0
2021-01-20,26,6508,2021-12-03,0
2021-01-21,16,6524,2021-12-03,0
2021-01-22,13,6537,2021-12-03,0
2021-01-23,17,6554,2021-12-03,0
2021-01-24,24,6578,2021-12-03,0
2021-01-25,19,6597,2021-12-03,0
2021-01-26,21,6618,2021-12-03,0
2021-01-27,11,6629,2021-12-03,0
2021-01-28,12,6641,2021-12-03,0
2021-01-29,15,6656,2021-12-03,0
2021-01-30,13,6669,2021-12-03,0
2021-01-31,16,6685,2021-12-03,0
2021-02-01,17,6702,2021-12-03,0
2021-02-02,10,6712,2021-12-03,0
2021-02-03,11,6723,2021-12-03,0
2021-02-04,11,6734,2021-12-03,0
2021-02-05,12,6746,2021-12-03,0
2021-02-06,12,6758,2021-12-03,0
2021-02-07,19,6777,2021-12-03,0
2021-02-08,11,6788,2021-12-03,0
2021-02-09,15,6803,2021-12-03,0
2021-02-10,14,6817,2021-12-03,0
2021-02-11,7,6824,2021-12-03,0
2021-02-12,13,6837,2021-12-03,0
2021-02-13,8,6845,2021-12-03,0
2021-02-14,10,6855,2021-12-03,0
2021-02-15,9,6864,2021-12-03,0
2021-02-16,12,6876,2021-12-03,0
2021-02-17,10,6886,2021-12-03,0
2021-02-18,7,6893,2021-12-03,0
2021-02-19,6,6899,2021-12-03,0
2021-02-20,7,6906,2021-12-03,0
2021-02-21,4,6910,2021-12-03,0
2021-02-22,5,6915,2021-12-03,0
2021-02-23,9,6924,2021-12-03,0
2021-02-24,5,6929,2021-12-03,0
2021-02-25,5,6934,2021-12-03,0
2021-02-26,7,6941,2021-12-03,0
2021-02-27,6,6947,2021-12-03,0
2021-02-28,8,6955,2021-12-03,0
2021-03-01,7,6962,2021-12-03,0
2021-03-02,3,6965,2021-12-03,0
2021-03-03,10,6975,2021-12-03,0
2021-03-04,6,6981,2021-12-03,0
2021-03-05,10,6991,2021-12-03,0
2021-03-06,5,6996,2021-12-03,0
2021-03-07,9,7005,2021-12-03,0
2021-03-08,5,7010,2021-12-03,0
2021-03-09,7,7017,2021-12-03,0
2021-03-10,5,7022,2021-12-03,0
2021-03-11,4,7026,2021-12-03,0
2021-03-12,11,7037,2021-12-03,0
2021-03-13,5,7042,2021-12-03,0
2021-03-14,5,7047,2021-12-03,0
2021-03-15,2,7049,2021-12-03,0
2021-03-16,6,7055,2021-12-03,0
2021-03-17,4,7059,2021-12-03,0
2021-03-18,5,7064,2021-12-03,0
2021-03-19,5,7069,2021-12-03,0
2021-03-20,9,7078,2021-12-03,0
2021-03-21,5,7083,2021-12-03,0
2021-03-22,4,7087,2021-12-03,0
2021-03-23,5,7092,2021-12-03,0
2021-03-24,1,7093,2021-12-03,0
2021-03-25,5,7098,2021-12-03,0
2021-03-26,3,7101,2021-12-03,0
2021-03-27,7,7108,2021-12-03,0
2021-03-28,6,7114,2021-12-03,0
2021-03-29,5,7119,2021-12-03,0
2021-03-30,6,7125,2021-12-03,0
2021-03-31,8,7133,2021-12-03,0
2021-04-01,6,7139,2021-12-03,0
2021-04-02,9,7148,2021-12-03,0
2021-04-03,8,7156,2021-12-03,0
2021-04-04,6,7162,2021-12-03,0
2021-04-05,8,7170,2021-12-03,0
2021-04-06,7,7177,2021-12-03,0
2021-04-07,6,7183,2021-12-03,0
2021-04-08,10,7193,2021-12-03,0
2021-04-09,7,7200,2021-12-03,0
2021-04-10,7,7207,2021-12-03,0
2021-04-11,8,7215,2021-12-03,0
2021-04-12,10,7225,2021-12-03,0
2021-04-13,7,7232,2021-12-03,0
2021-04-14,8,7240,2021-12-03,0
2021-04-15,14,7254,2021-12-03,0
2021-04-16,8,7262,2021-12-03,0
2021-04-17,8,7270,2021-12-03,0
2021-04-18,8,7278,2021-12-03,0
2021-04-19,10,7288,2021-12-03,0
2021-04-20,5,7293,2021-12-03,0
2021-04-21,8,7301,2021-12-03,0
2021-04-22,2,7303,2021-12-03,0
2021-04-23,15,7318,2021-12-03,0
2021-04-24,11,7329,2021-12-03,0
2021-04-25,15,7344,2021-12-03,0
2021-04-26,15,7359,2021-12-03,0
2021-04-27,7,7366,2021-12-03,0
2021-04-28,14,7380,2021-12-03,0
2021-04-29,8,7388,2021-12-03,0
2021-04-30,11,7399,2021-12-03,0
2021-05-01,7,7406,2021-12-03,0
2021-05-02,8,7414,2021-12-03,0
2021-05-03,5,7419,2021-12-03,0
2021-05-04,13,7432,2021-12-03,0
2021-05-05,8,7440,2021-12-03,0
2021-05-06,5,7445,2021-12-03,0
2021-05-07,8,7453,2021-12-03,0
2021-05-08,7,7460,2021-12-03,0
2021-05-09,9,7469,2021-12-03,0
2021-05-10,8,7477,2021-12-03,0
2021-05-11,6,7483,2021-12-03,0
2021-05-12,9,7492,2021-12-03,0
2021-05-13,9,7501,2021-12-03,0
2021-05-14,11,7512,2021-12-03,0
2021-05-15,10,7522,2021-12-03,0
2021-05-16,6,7528,2021-12-03,0
2021-05-17,6,7534,2021-12-03,0
2021-05-18,7,7541,2021-12-03,0
2021-05-19,2,7543,2021-12-03,0
2021-05-20,5,7548,2021-12-03,0
2021-05-21,7,7555,2021-12-03,0
2021-05-22,11,7566,2021-12-03,0
2021-05-23,5,7571,2021-12-03,0
2021-05-24,5,7576,2021-12-03,0
2021-05-25,6,7582,2021-12-03,0
2021-05-26,3,7585,2021-12-03,0
2021-05-27,7,7592,2021-12-03,0
2021-05-28,2,7594,2021-12-03,0
2021-05-29,6,7600,2021-12-03,0
2021-05-30,4,7604,2021-12-03,0
2021-05-31,3,7607,2021-12-03,0
2021-06-01,5,7612,2021-12-03,0
2021-06-02,8,7620,2021-12-03,0
2021-06-03,4,7624,2021-12-03,0
2021-06-04,4,7628,2021-12-03,0
2021-06-05,2,7630,2021-12-03,0
2021-06-06,5,7635,2021-12-03,0
2021-06-07,3,7638,2021-12-03,0
2021-06-08,5,7643,2021-12-03,0
2021-06-09,4,7647,2021-12-03,0
2021-06-10,6,7653,2021-12-03,0
2021-06-11,6,7659,2021-12-03,0
2021-06-12,4,7663,2021-12-03,0
2021-06-13,4,7667,2021-12-03,0
2021-06-14,3,7670,2021-12-03,0
2021-06-15,2,7672,2021-12-03,0
2021-06-16,2,7674,2021-12-03,0
2021-06-17,4,7678,2021-12-03,0
2021-06-18,1,7679,2021-12-03,0
2021-06-19,6,7685,2021-12-03,0
2021-06-20,1,7686,2021-12-03,0
2021-06-21,5,7691,2021-12-03,0
2021-06-22,3,7694,2021-12-03,0
2021-06-23,4,7698,2021-12-03,0
2021-06-24,3,7701,2021-12-03,0
2021-06-25,3,7704,2021-12-03,0
2021-06-26,4,7708,2021-12-03,0
2021-06-27,2,7710,2021-12-03,0
2021-06-28,2,7712,2021-12-03,0
2021-06-29,2,7714,2021-12-03,0
2021-06-30,2,7716,2021-12-03,0
2021-07-01,0,7716,2021-12-03,0
2021-07-02,2,7718,2021-12-03,0
2021-07-03,2,7720,2021-12-03,0
2021-07-04,3,7723,2021-12-03,0
2021-07-05,1,7724,2021-12-03,0
2021-07-06,4,7728,2021-12-03,0
2021-07-07,1,7729,2021-12-03,0
2021-07-08,1,7730,2021-12-03,0
2021-07-09,0,7730,2021-12-03,0
2021-07-10,1,7731,2021-12-03,0
2021-07-11,3,7734,2021-12-03,0
2021-07-12,1,7735,2021-12-03,0
2021-07-13,2,7737,2021-12-03,0
2021-07-14,2,7739,2021-12-03,0
2021-07-15,2,7741,2021-12-03,0
2021-07-16,1,7742,2021-12-03,0
2021-07-17,1,7743,2021-12-03,0
2021-07-18,0,7743,2021-12-03,0
2021-07-19,0,7743,2021-12-03,0
2021-07-20,2,7745,2021-12-03,0
2021-07-21,2,7747,2021-12-03,0
2021-07-22,2,7749,2021-12-03,0
2021-07-23,3,7752,2021-12-03,0
2021-07-24,0,7752,2021-12-03,0
2021-07-25,2,7754,2021-12-03,0
2021-07-26,1,7755,2021-12-03,0
2021-07-27,2,7757,2021-12-03,0
2021-07-28,3,7760,2021-12-03,0
2021-07-29,2,7762,2021-12-03,0
2021-07-30,5,7767,2021-12-03,0
2021-07-31,4,7771,2021-12-03,0
2021-08-01,1,7772,2021-12-03,0
2021-08-02,3,7775,2021-12-03,0
2021-08-03,2,7777,2021-12-03,0
2021-08-04,3,7780,2021-12-03,0
2021-08-05,2,7782,2021-12-03,0
2021-08-06,7,7789,2021-12-03,0
2021-08-07,3,7792,2021-12-03,0
2021-08-08,2,7794,2021-12-03,0
2021-08-09,3,7797,2021-12-03,0
2021-08-10,2,7799,2021-12-03,0
2021-08-11,2,7801,2021-12-03,0
2021-08-12,7,7808,2021-12-03,0
2021-08-13,5,7813,2021-12-03,0
2021-08-14,6,7819,2021-12-03,0
2021-08-15,0,7819,2021-12-03,0
2021-08-16,7,7826,2021-12-03,0
2021-08-17,7,7833,2021-12-03,0
2021-08-18,9,7842,2021-12-03,0
2021-08-19,2,7844,2021-12-03,0
2021-08-20,3,7847,2021-12-03,0
2021-08-21,5,7852,2021-12-03,0
2021-08-22,7,7859,2021-12-03,0
2021-08-23,5,7864,2021-12-03,0
2021-08-24,12,7876,2021-12-03,0
2021-08-25,7,7883,2021-12-03,0
2021-08-26,2,7885,2021-12-03,0
2021-08-27,6,7891,2021-12-03,0
2021-08-28,11,7902,2021-12-03,0
2021-08-29,11,7913,2021-12-03,0
2021-08-30,8,7921,2021-12-03,0
2021-08-31,6,7927,2021-12-03,0
2021-09-01,6,7933,2021-12-03,0
2021-09-02,6,7939,2021-12-03,0
2021-09-03,9,7948,2021-12-03,0
2021-09-04,9,7957,2021-12-03,0
2021-09-05,10,7967,2021-12-03,0
2021-09-06,8,7975,2021-12-03,0
2021-09-07,7,7982,2021-12-03,0
2021-09-08,11,7993,2021-12-03,0
2021-09-09,5,7998,2021-12-03,0
2021-09-10,9,8007,2021-12-03,0
2021-09-11,17,8024,2021-12-03,0
2021-09-12,10,8034,2021-12-03,0
2021-09-13,7,8041,2021-12-03,0
2021-09-14,11,8052,2021-12-03,0
2021-09-15,14,8066,2021-12-03,0
2021-09-16,16,8082,2021-12-03,0
2021-09-17,8,8090,2021-12-03,0
2021-09-18,13,8103,2021-12-03,0
2021-09-19,11,8114,2021-12-03,0
2021-09-20,15,8129,2021-12-03,0
2021-09-21,15,8144,2021-12-03,0
2021-09-22,17,8161,2021-12-03,0
2021-09-23,13,8174,2021-12-03,0
2021-09-24,13,8187,2021-12-03,0
2021-09-25,16,8203,2021-12-03,0
2021-09-26,15,8218,2021-12-03,0
2021-09-27,15,8233,2021-12-03,0
2021-09-28,11,8244,2021-12-03,0
2021-09-29,19,8263,2021-12-03,0
2021-09-30,17,8280,2021-12-03,0
2021-10-01,13,8293,2021-12-03,0
2021-10-02,13,8306,2021-12-03,0
2021-10-03,23,8329,2021-12-03,0
2021-10-04,14,8343,2021-12-03,0
2021-10-05,23,8366,2021-12-03,0
2021-10-06,20,8386,2021-12-03,0
2021-10-07,13,8399,2021-12-03,0
2021-10-08,22,8421,2021-12-03,0
2021-10-09,20,8441,2021-12-03,0
2021-10-10,13,8454,2021-12-03,0
2021-10-11,11,8465,2021-12-03,0
2021-10-12,25,8490,2021-12-03,0
2021-10-13,20,8510,2021-12-03,0
2021-10-14,20,8530,2021-12-03,0
2021-10-15,14,8544,2021-12-03,0
2021-10-16,20,8564,2021-12-03,0
2021-10-17,17,8581,2021-12-03,0
2021-10-18,16,8597,2021-12-03,0
2021-10-19,25,8622,2021-12-03,0
2021-10-20,15,8637,2021-12-03,0
2021-10-21,8,8645,2021-12-03,0
2021-10-22,23,8668,2021-12-03,0
2021-10-23,24,8692,2021-12-03,0
2021-10-24,24,8716,2021-12-03,0
2021-10-25,20,8736,2021-12-03,0
2021-10-26,21,8757,2021-12-03,0
2021-10-27,14,8771,2021-12-03,0
2021-10-28,23,8794,2021-12-03,0
2021-10-29,19,8813,2021-12-03,0
2021-10-30,19,8832,2021-12-03,1
2021-10-31,24,8856,2021-12-03,0
2021-11-01,18,8874,2021-12-03,0
2021-11-02,18,8892,2021-12-03,0
2021-11-03,27,8919,2021-12-03,0
2021-11-04,27,8946,2021-12-03,0
2021-11-05,29,8975,2021-12-03,0
2021-11-06,15,8990,2021-12-03,0
2021-11-07,24,9014,2021-12-03,0
2021-11-08,27,9041,2021-12-03,1
2021-11-09,16,9057,2021-12-03,0
2021-11-10,18,9075,2021-12-03,0
2021-11-11,26,9101,2021-12-03,0
2021-11-12,27,9128,2021-12-03,1
2021-11-13,31,9159,2021-12-03,0
2021-11-14,24,9183,2021-12-03,0
2021-11-15,26,9209,2021-12-03,0
2021-11-16,24,9233,2021-12-03,0
2021-11-17,34,9267,2021-12-03,2
2021-11-18,35,9302,2021-12-03,1
2021-11-19,31,9333,2021-12-03,0
2021-11-20,27,9360,2021-12-03,0
2021-11-21,29,9389,2021-12-03,0
2021-11-22,22,9411,2021-12-03,0
2021-11-23,27,9438,2021-12-03,2
2021-11-24,21,9459,2021-12-03,2
2021-11-25,30,9489,2021-12-03,2
2021-11-26,40,9529,2021-12-03,7
2021-11-27,29,9558,2021-12-03,9
2021-11-28,30,9588,2021-12-03,13
2021-11-29,15,9603,2021-12-03,7
2021-11-30,13,9616,2021-12-03,13
NA,0,9616,2021-12-03,0
2020-03-19,1,1,2021-12-06,0
2020-03-20,0,1,2021-12-06,0
2020-03-21,0,1,2021-12-06,0
2020-03-22,0,1,2021-12-06,0
2020-03-23,0,1,2021-12-06,0
2020-03-24,1,2,2021-12-06,0
2020-03-25,1,3,2021-12-06,0
2020-03-26,1,4,2021-12-06,0
2020-03-27,5,9,2021-12-06,0
2020-03-28,3,12,2021-12-06,0
2020-03-29,0,12,2021-12-06,0
2020-03-30,5,17,2021-12-06,0
2020-03-31,2,19,2021-12-06,0
2020-04-01,5,24,2021-12-06,0
2020-04-02,3,27,2021-12-06,0
2020-04-03,1,28,2021-12-06,0
2020-04-04,5,33,2021-12-06,0
2020-04-05,5,38,2021-12-06,0
2020-04-06,10,48,2021-12-06,0
2020-04-07,6,54,2021-12-06,0
2020-04-08,7,61,2021-12-06,0
2020-04-09,8,69,2021-12-06,0
2020-04-10,6,75,2021-12-06,0
2020-04-11,4,79,2021-12-06,0
2020-04-12,4,83,2021-12-06,0
2020-04-13,10,93,2021-12-06,0
2020-04-14,6,99,2021-12-06,0
2020-04-15,17,116,2021-12-06,0
2020-04-16,10,126,2021-12-06,0
2020-04-17,17,143,2021-12-06,0
2020-04-18,17,160,2021-12-06,0
2020-04-19,16,176,2021-12-06,0
2020-04-20,21,197,2021-12-06,0
2020-04-21,26,223,2021-12-06,0
2020-04-22,21,244,2021-12-06,0
2020-04-23,19,263,2021-12-06,0
2020-04-24,23,286,2021-12-06,0
2020-04-25,18,304,2021-12-06,0
2020-04-26,17,321,2021-12-06,0
2020-04-27,21,342,2021-12-06,0
2020-04-28,16,358,2021-12-06,0
2020-04-29,29,387,2021-12-06,0
2020-04-30,18,405,2021-12-06,0
2020-05-01,30,435,2021-12-06,0
2020-05-02,19,454,2021-12-06,0
2020-05-03,29,483,2021-12-06,0
2020-05-04,23,506,2021-12-06,0
2020-05-05,19,525,2021-12-06,0
2020-05-06,25,550,2021-12-06,0
2020-05-07,30,580,2021-12-06,0
2020-05-08,20,600,2021-12-06,0
2020-05-09,26,626,2021-12-06,0
2020-05-10,19,645,2021-12-06,0
2020-05-11,25,670,2021-12-06,0
2020-05-12,20,690,2021-12-06,0
2020-05-13,22,712,2021-12-06,0
2020-05-14,20,732,2021-12-06,0
2020-05-15,20,752,2021-12-06,0
2020-05-16,20,772,2021-12-06,0
2020-05-17,23,795,2021-12-06,0
2020-05-18,18,813,2021-12-06,0
2020-05-19,35,848,2021-12-06,0
2020-05-20,24,872,2021-12-06,0
2020-05-21,17,889,2021-12-06,0
2020-05-22,20,909,2021-12-06,0
2020-05-23,26,935,2021-12-06,0
2020-05-24,25,960,2021-12-06,0
2020-05-25,30,990,2021-12-06,0
2020-05-26,29,1019,2021-12-06,0
2020-05-27,25,1044,2021-12-06,0
2020-05-28,21,1065,2021-12-06,0
2020-05-29,17,1082,2021-12-06,0
2020-05-30,11,1093,2021-12-06,0
2020-05-31,20,1113,2021-12-06,0
2020-06-01,23,1136,2021-12-06,0
2020-06-02,21,1157,2021-12-06,0
2020-06-03,25,1182,2021-12-06,0
2020-06-04,26,1208,2021-12-06,0
2020-06-05,18,1226,2021-12-06,0
2020-06-06,12,1238,2021-12-06,0
2020-06-07,22,1260,2021-12-06,0
2020-06-08,12,1272,2021-12-06,0
2020-06-09,13,1285,2021-12-06,0
2020-06-10,10,1295,2021-12-06,0
2020-06-11,12,1307,2021-12-06,0
2020-06-12,11,1318,2021-12-06,0
2020-06-13,13,1331,2021-12-06,0
2020-06-14,11,1342,2021-12-06,0
2020-06-15,8,1350,2021-12-06,0
2020-06-16,9,1359,2021-12-06,0
2020-06-17,17,1376,2021-12-06,0
2020-06-18,9,1385,2021-12-06,0
2020-06-19,8,1393,2021-12-06,0
2020-06-20,12,1405,2021-12-06,0
2020-06-21,11,1416,2021-12-06,0
2020-06-22,6,1422,2021-12-06,0
2020-06-23,10,1432,2021-12-06,0
2020-06-24,1,1433,2021-12-06,0
2020-06-25,9,1442,2021-12-06,0
2020-06-26,6,1448,2021-12-06,0
2020-06-27,5,1453,2021-12-06,0
2020-06-28,11,1464,2021-12-06,0
2020-06-29,7,1471,2021-12-06,0
2020-06-30,9,1480,2021-12-06,0
2020-07-01,2,1482,2021-12-06,0
2020-07-02,3,1485,2021-12-06,0
2020-07-03,5,1490,2021-12-06,0
2020-07-04,4,1494,2021-12-06,0
2020-07-05,6,1500,2021-12-06,0
2020-07-06,4,1504,2021-12-06,0
2020-07-07,2,1506,2021-12-06,0
2020-07-08,9,1515,2021-12-06,0
2020-07-09,4,1519,2021-12-06,0
2020-07-10,3,1522,2021-12-06,0
2020-07-11,4,1526,2021-12-06,0
2020-07-12,6,1532,2021-12-06,0
2020-07-13,2,1534,2021-12-06,0
2020-07-14,6,1540,2021-12-06,0
2020-07-15,7,1547,2021-12-06,0
2020-07-16,3,1550,2021-12-06,0
2020-07-17,7,1557,2021-12-06,0
2020-07-18,6,1563,2021-12-06,0
2020-07-19,5,1568,2021-12-06,0
2020-07-20,3,1571,2021-12-06,0
2020-07-21,6,1577,2021-12-06,0
2020-07-22,5,1582,2021-12-06,0
2020-07-23,8,1590,2021-12-06,0
2020-07-24,6,1596,2021-12-06,0
2020-07-25,2,1598,2021-12-06,0
2020-07-26,5,1603,2021-12-06,0
2020-07-27,5,1608,2021-12-06,0
2020-07-28,7,1615,2021-12-06,0
2020-07-29,3,1618,2021-12-06,0
2020-07-30,6,1624,2021-12-06,0
2020-07-31,9,1633,2021-12-06,0
2020-08-01,4,1637,2021-12-06,0
2020-08-02,7,1644,2021-12-06,0
2020-08-03,4,1648,2021-12-06,0
2020-08-04,7,1655,2021-12-06,0
2020-08-05,8,1663,2021-12-06,0
2020-08-06,9,1672,2021-12-06,0
2020-08-07,7,1679,2021-12-06,0
2020-08-08,6,1685,2021-12-06,0
2020-08-09,10,1695,2021-12-06,0
2020-08-10,3,1698,2021-12-06,0
2020-08-11,9,1707,2021-12-06,0
2020-08-12,7,1714,2021-12-06,0
2020-08-13,5,1719,2021-12-06,0
2020-08-14,9,1728,2021-12-06,0
2020-08-15,13,1741,2021-12-06,0
2020-08-16,13,1754,2021-12-06,0
2020-08-17,6,1760,2021-12-06,0
2020-08-18,11,1771,2021-12-06,0
2020-08-19,3,1774,2021-12-06,0
2020-08-20,10,1784,2021-12-06,0
2020-08-21,12,1796,2021-12-06,0
2020-08-22,9,1805,2021-12-06,0
2020-08-23,7,1812,2021-12-06,0
2020-08-24,9,1821,2021-12-06,0
2020-08-25,4,1825,2021-12-06,0
2020-08-26,3,1828,2021-12-06,0
2020-08-27,7,1835,2021-12-06,0
2020-08-28,6,1841,2021-12-06,0
2020-08-29,3,1844,2021-12-06,0
2020-08-30,5,1849,2021-12-06,0
2020-08-31,9,1858,2021-12-06,0
2020-09-01,2,1860,2021-12-06,0
2020-09-02,7,1867,2021-12-06,0
2020-09-03,12,1879,2021-12-06,0
2020-09-04,4,1883,2021-12-06,0
2020-09-05,6,1889,2021-12-06,0
2020-09-06,12,1901,2021-12-06,0
2020-09-07,3,1904,2021-12-06,0
2020-09-08,6,1910,2021-12-06,0
2020-09-09,10,1920,2021-12-06,0
2020-09-10,9,1929,2021-12-06,0
2020-09-11,11,1940,2021-12-06,0
2020-09-12,8,1948,2021-12-06,0
2020-09-13,8,1956,2021-12-06,0
2020-09-14,2,1958,2021-12-06,0
2020-09-15,7,1965,2021-12-06,0
2020-09-16,9,1974,2021-12-06,0
2020-09-17,5,1979,2021-12-06,0
2020-09-18,6,1985,2021-12-06,0
2020-09-19,4,1989,2021-12-06,0
2020-09-20,9,1998,2021-12-06,0
2020-09-21,7,2005,2021-12-06,0
2020-09-22,8,2013,2021-12-06,0
2020-09-23,9,2022,2021-12-06,0
2020-09-24,8,2030,2021-12-06,0
2020-09-25,11,2041,2021-12-06,0
2020-09-26,9,2050,2021-12-06,0
2020-09-27,14,2064,2021-12-06,0
2020-09-28,11,2075,2021-12-06,0
2020-09-29,5,2080,2021-12-06,0
2020-09-30,16,2096,2021-12-06,0
2020-10-01,7,2103,2021-12-06,0
2020-10-02,13,2116,2021-12-06,0
2020-10-03,9,2125,2021-12-06,0
2020-10-04,7,2132,2021-12-06,0
2020-10-05,10,2142,2021-12-06,0
2020-10-06,13,2155,2021-12-06,0
2020-10-07,19,2174,2021-12-06,0
2020-10-08,9,2183,2021-12-06,0
2020-10-09,17,2200,2021-12-06,0
2020-10-10,16,2216,2021-12-06,0
2020-10-11,16,2232,2021-12-06,0
2020-10-12,20,2252,2021-12-06,0
2020-10-13,14,2266,2021-12-06,0
2020-10-14,10,2276,2021-12-06,0
2020-10-15,9,2285,2021-12-06,0
2020-10-16,12,2297,2021-12-06,0
2020-10-17,18,2315,2021-12-06,0
2020-10-18,25,2340,2021-12-06,0
2020-10-19,18,2358,2021-12-06,0
2020-10-20,15,2373,2021-12-06,0
2020-10-21,24,2397,2021-12-06,0
2020-10-22,18,2415,2021-12-06,0
2020-10-23,19,2434,2021-12-06,0
2020-10-24,8,2442,2021-12-06,0
2020-10-25,17,2459,2021-12-06,0
2020-10-26,25,2484,2021-12-06,0
2020-10-27,23,2507,2021-12-06,0
2020-10-28,29,2536,2021-12-06,0
2020-10-29,18,2554,2021-12-06,0
2020-10-30,27,2581,2021-12-06,0
2020-10-31,25,2606,2021-12-06,0
2020-11-01,21,2627,2021-12-06,0
2020-11-02,25,2652,2021-12-06,0
2020-11-03,25,2677,2021-12-06,0
2020-11-04,33,2710,2021-12-06,0
2020-11-05,38,2748,2021-12-06,0
2020-11-06,39,2787,2021-12-06,0
2020-11-07,42,2829,2021-12-06,0
2020-11-08,47,2876,2021-12-06,0
2020-11-09,36,2912,2021-12-06,0
2020-11-10,35,2947,2021-12-06,0
2020-11-11,43,2990,2021-12-06,0
2020-11-12,45,3035,2021-12-06,0
2020-11-13,40,3075,2021-12-06,0
2020-11-14,48,3123,2021-12-06,0
2020-11-15,46,3169,2021-12-06,0
2020-11-16,62,3231,2021-12-06,0
2020-11-17,56,3287,2021-12-06,0
2020-11-18,61,3348,2021-12-06,0
2020-11-19,60,3408,2021-12-06,0
2020-11-20,63,3471,2021-12-06,0
2020-11-21,58,3529,2021-12-06,0
2020-11-22,67,3596,2021-12-06,0
2020-11-23,59,3655,2021-12-06,0
2020-11-24,69,3724,2021-12-06,0
2020-11-25,72,3796,2021-12-06,0
2020-11-26,54,3850,2021-12-06,0
2020-11-27,69,3919,2021-12-06,0
2020-11-28,62,3981,2021-12-06,0
2020-11-29,68,4049,2021-12-06,0
2020-11-30,61,4110,2021-12-06,0
2020-12-01,64,4174,2021-12-06,0
2020-12-02,73,4247,2021-12-06,0
2020-12-03,86,4333,2021-12-06,0
2020-12-04,67,4400,2021-12-06,0
2020-12-05,74,4474,2021-12-06,0
2020-12-06,80,4554,2021-12-06,0
2020-12-07,75,4629,2021-12-06,0
2020-12-08,61,4690,2021-12-06,0
2020-12-09,71,4761,2021-12-06,0
2020-12-10,72,4833,2021-12-06,0
2020-12-11,71,4904,2021-12-06,0
2020-12-12,72,4976,2021-12-06,0
2020-12-13,56,5032,2021-12-06,0
2020-12-14,43,5075,2021-12-06,0
2020-12-15,65,5140,2021-12-06,0
2020-12-16,73,5213,2021-12-06,0
2020-12-17,60,5273,2021-12-06,0
2020-12-18,59,5332,2021-12-06,0
2020-12-19,56,5388,2021-12-06,0
2020-12-20,61,5449,2021-12-06,0
2020-12-21,58,5507,2021-12-06,0
2020-12-22,33,5540,2021-12-06,0
2020-12-23,46,5586,2021-12-06,0
2020-12-24,50,5636,2021-12-06,0
2020-12-25,36,5672,2021-12-06,0
2020-12-26,43,5715,2021-12-06,0
2020-12-27,41,5756,2021-12-06,0
2020-12-28,34,5790,2021-12-06,0
2020-12-29,37,5827,2021-12-06,0
2020-12-30,47,5874,2021-12-06,0
2020-12-31,36,5910,2021-12-06,0
2021-01-01,28,5938,2021-12-06,0
2021-01-02,47,5985,2021-12-06,0
2021-01-03,37,6022,2021-12-06,0
2021-01-04,32,6054,2021-12-06,0
2021-01-05,40,6094,2021-12-06,0
2021-01-06,32,6126,2021-12-06,0
2021-01-07,37,6163,2021-12-06,0
2021-01-08,32,6195,2021-12-06,0
2021-01-09,26,6221,2021-12-06,0
2021-01-10,29,6250,2021-12-06,0
2021-01-11,26,6276,2021-12-06,0
2021-01-12,32,6308,2021-12-06,0
2021-01-13,23,6331,2021-12-06,0
2021-01-14,41,6372,2021-12-06,0
2021-01-15,26,6398,2021-12-06,0
2021-01-16,30,6428,2021-12-06,0
2021-01-17,21,6449,2021-12-06,0
2021-01-18,19,6468,2021-12-06,0
2021-01-19,14,6482,2021-12-06,0
2021-01-20,26,6508,2021-12-06,0
2021-01-21,16,6524,2021-12-06,0
2021-01-22,13,6537,2021-12-06,0
2021-01-23,17,6554,2021-12-06,0
2021-01-24,24,6578,2021-12-06,0
2021-01-25,19,6597,2021-12-06,0
2021-01-26,21,6618,2021-12-06,0
2021-01-27,11,6629,2021-12-06,0
2021-01-28,12,6641,2021-12-06,0
2021-01-29,15,6656,2021-12-06,0
2021-01-30,13,6669,2021-12-06,0
2021-01-31,16,6685,2021-12-06,0
2021-02-01,17,6702,2021-12-06,0
2021-02-02,10,6712,2021-12-06,0
2021-02-03,11,6723,2021-12-06,0
2021-02-04,11,6734,2021-12-06,0
2021-02-05,12,6746,2021-12-06,0
2021-02-06,12,6758,2021-12-06,0
2021-02-07,19,6777,2021-12-06,0
2021-02-08,11,6788,2021-12-06,0
2021-02-09,15,6803,2021-12-06,0
2021-02-10,14,6817,2021-12-06,0
2021-02-11,7,6824,2021-12-06,0
2021-02-12,13,6837,2021-12-06,0
2021-02-13,8,6845,2021-12-06,0
2021-02-14,10,6855,2021-12-06,0
2021-02-15,9,6864,2021-12-06,0
2021-02-16,12,6876,2021-12-06,0
2021-02-17,10,6886,2021-12-06,0
2021-02-18,7,6893,2021-12-06,0
2021-02-19,6,6899,2021-12-06,0
2021-02-20,7,6906,2021-12-06,0
2021-02-21,4,6910,2021-12-06,0
2021-02-22,5,6915,2021-12-06,0
2021-02-23,9,6924,2021-12-06,0
2021-02-24,5,6929,2021-12-06,0
2021-02-25,5,6934,2021-12-06,0
2021-02-26,7,6941,2021-12-06,0
2021-02-27,6,6947,2021-12-06,0
2021-02-28,8,6955,2021-12-06,0
2021-03-01,7,6962,2021-12-06,0
2021-03-02,3,6965,2021-12-06,0
2021-03-03,10,6975,2021-12-06,0
2021-03-04,6,6981,2021-12-06,0
2021-03-05,10,6991,2021-12-06,0
2021-03-06,5,6996,2021-12-06,0
2021-03-07,9,7005,2021-12-06,0
2021-03-08,5,7010,2021-12-06,0
2021-03-09,7,7017,2021-12-06,0
2021-03-10,5,7022,2021-12-06,0
2021-03-11,4,7026,2021-12-06,0
2021-03-12,11,7037,2021-12-06,0
2021-03-13,5,7042,2021-12-06,0
2021-03-14,5,7047,2021-12-06,0
2021-03-15,2,7049,2021-12-06,0
2021-03-16,6,7055,2021-12-06,0
2021-03-17,4,7059,2021-12-06,0
2021-03-18,5,7064,2021-12-06,0
2021-03-19,5,7069,2021-12-06,0
2021-03-20,9,7078,2021-12-06,0
2021-03-21,5,7083,2021-12-06,0
2021-03-22,4,7087,2021-12-06,0
2021-03-23,5,7092,2021-12-06,0
2021-03-24,1,7093,2021-12-06,0
2021-03-25,5,7098,2021-12-06,0
2021-03-26,3,7101,2021-12-06,0
2021-03-27,7,7108,2021-12-06,0
2021-03-28,6,7114,2021-12-06,0
2021-03-29,5,7119,2021-12-06,0
2021-03-30,6,7125,2021-12-06,0
2021-03-31,8,7133,2021-12-06,0
2021-04-01,6,7139,2021-12-06,0
2021-04-02,9,7148,2021-12-06,0
2021-04-03,8,7156,2021-12-06,0
2021-04-04,6,7162,2021-12-06,0
2021-04-05,8,7170,2021-12-06,0
2021-04-06,7,7177,2021-12-06,0
2021-04-07,6,7183,2021-12-06,0
2021-04-08,10,7193,2021-12-06,0
2021-04-09,7,7200,2021-12-06,0
2021-04-10,7,7207,2021-12-06,0
2021-04-11,8,7215,2021-12-06,0
2021-04-12,10,7225,2021-12-06,0
2021-04-13,7,7232,2021-12-06,0
2021-04-14,8,7240,2021-12-06,0
2021-04-15,14,7254,2021-12-06,0
2021-04-16,8,7262,2021-12-06,0
2021-04-17,8,7270,2021-12-06,0
2021-04-18,8,7278,2021-12-06,0
2021-04-19,10,7288,2021-12-06,0
2021-04-20,5,7293,2021-12-06,0
2021-04-21,8,7301,2021-12-06,0
2021-04-22,2,7303,2021-12-06,0
2021-04-23,15,7318,2021-12-06,0
2021-04-24,11,7329,2021-12-06,0
2021-04-25,15,7344,2021-12-06,0
2021-04-26,15,7359,2021-12-06,0
2021-04-27,7,7366,2021-12-06,0
2021-04-28,14,7380,2021-12-06,0
2021-04-29,8,7388,2021-12-06,0
2021-04-30,11,7399,2021-12-06,0
2021-05-01,7,7406,2021-12-06,0
2021-05-02,8,7414,2021-12-06,0
2021-05-03,5,7419,2021-12-06,0
2021-05-04,13,7432,2021-12-06,0
2021-05-05,8,7440,2021-12-06,0
2021-05-06,5,7445,2021-12-06,0
2021-05-07,8,7453,2021-12-06,0
2021-05-08,7,7460,2021-12-06,0
2021-05-09,9,7469,2021-12-06,0
2021-05-10,8,7477,2021-12-06,0
2021-05-11,6,7483,2021-12-06,0
2021-05-12,9,7492,2021-12-06,0
2021-05-13,9,7501,2021-12-06,0
2021-05-14,11,7512,2021-12-06,0
2021-05-15,10,7522,2021-12-06,0
2021-05-16,6,7528,2021-12-06,0
2021-05-17,6,7534,2021-12-06,0
2021-05-18,7,7541,2021-12-06,0
2021-05-19,2,7543,2021-12-06,0
2021-05-20,5,7548,2021-12-06,0
2021-05-21,7,7555,2021-12-06,0
2021-05-22,11,7566,2021-12-06,0
2021-05-23,5,7571,2021-12-06,0
2021-05-24,5,7576,2021-12-06,0
2021-05-25,6,7582,2021-12-06,0
2021-05-26,3,7585,2021-12-06,0
2021-05-27,7,7592,2021-12-06,0
2021-05-28,2,7594,2021-12-06,0
2021-05-29,6,7600,2021-12-06,0
2021-05-30,4,7604,2021-12-06,0
2021-05-31,3,7607,2021-12-06,0
2021-06-01,5,7612,2021-12-06,0
2021-06-02,8,7620,2021-12-06,0
2021-06-03,4,7624,2021-12-06,0
2021-06-04,4,7628,2021-12-06,0
2021-06-05,2,7630,2021-12-06,0
2021-06-06,5,7635,2021-12-06,0
2021-06-07,3,7638,2021-12-06,0
2021-06-08,5,7643,2021-12-06,0
2021-06-09,4,7647,2021-12-06,0
2021-06-10,6,7653,2021-12-06,0
2021-06-11,6,7659,2021-12-06,0
2021-06-12,4,7663,2021-12-06,0
2021-06-13,4,7667,2021-12-06,0
2021-06-14,3,7670,2021-12-06,0
2021-06-15,2,7672,2021-12-06,0
2021-06-16,2,7674,2021-12-06,0
2021-06-17,4,7678,2021-12-06,0
2021-06-18,1,7679,2021-12-06,0
2021-06-19,6,7685,2021-12-06,0
2021-06-20,1,7686,2021-12-06,0
2021-06-21,5,7691,2021-12-06,0
2021-06-22,3,7694,2021-12-06,0
2021-06-23,4,7698,2021-12-06,0
2021-06-24,3,7701,2021-12-06,0
2021-06-25,3,7704,2021-12-06,0
2021-06-26,4,7708,2021-12-06,0
2021-06-27,2,7710,2021-12-06,0
2021-06-28,2,7712,2021-12-06,0
2021-06-29,2,7714,2021-12-06,0
2021-06-30,2,7716,2021-12-06,0
2021-07-01,0,7716,2021-12-06,0
2021-07-02,2,7718,2021-12-06,0
2021-07-03,2,7720,2021-12-06,0
2021-07-04,3,7723,2021-12-06,0
2021-07-05,1,7724,2021-12-06,0
2021-07-06,4,7728,2021-12-06,0
2021-07-07,1,7729,2021-12-06,0
2021-07-08,1,7730,2021-12-06,0
2021-07-09,0,7730,2021-12-06,0
2021-07-10,1,7731,2021-12-06,0
2021-07-11,3,7734,2021-12-06,0
2021-07-12,1,7735,2021-12-06,0
2021-07-13,2,7737,2021-12-06,0
2021-07-14,2,7739,2021-12-06,0
2021-07-15,2,7741,2021-12-06,0
2021-07-16,1,7742,2021-12-06,0
2021-07-17,1,7743,2021-12-06,0
2021-07-18,0,7743,2021-12-06,0
2021-07-19,0,7743,2021-12-06,0
2021-07-20,2,7745,2021-12-06,0
2021-07-21,2,7747,2021-12-06,0
2021-07-22,2,7749,2021-12-06,0
2021-07-23,3,7752,2021-12-06,0
2021-07-24,0,7752,2021-12-06,0
2021-07-25,2,7754,2021-12-06,0
2021-07-26,1,7755,2021-12-06,0
2021-07-27,2,7757,2021-12-06,0
2021-07-28,3,7760,2021-12-06,0
2021-07-29,2,7762,2021-12-06,0
2021-07-30,5,7767,2021-12-06,0
2021-07-31,4,7771,2021-12-06,0
2021-08-01,1,7772,2021-12-06,0
2021-08-02,3,7775,2021-12-06,0
2021-08-03,2,7777,2021-12-06,0
2021-08-04,3,7780,2021-12-06,0
2021-08-05,2,7782,2021-12-06,0
2021-08-06,7,7789,2021-12-06,0
2021-08-07,3,7792,2021-12-06,0
2021-08-08,2,7794,2021-12-06,0
2021-08-09,3,7797,2021-12-06,0
2021-08-10,2,7799,2021-12-06,0
2021-08-11,2,7801,2021-12-06,0
2021-08-12,7,7808,2021-12-06,0
2021-08-13,5,7813,2021-12-06,0
2021-08-14,6,7819,2021-12-06,0
2021-08-15,0,7819,2021-12-06,0
2021-08-16,7,7826,2021-12-06,0
2021-08-17,7,7833,2021-12-06,0
2021-08-18,9,7842,2021-12-06,0
2021-08-19,2,7844,2021-12-06,0
2021-08-20,3,7847,2021-12-06,0
2021-08-21,5,7852,2021-12-06,0
2021-08-22,7,7859,2021-12-06,0
2021-08-23,5,7864,2021-12-06,0
2021-08-24,12,7876,2021-12-06,0
2021-08-25,7,7883,2021-12-06,0
2021-08-26,2,7885,2021-12-06,0
2021-08-27,6,7891,2021-12-06,0
2021-08-28,11,7902,2021-12-06,0
2021-08-29,11,7913,2021-12-06,0
2021-08-30,8,7921,2021-12-06,0
2021-08-31,6,7927,2021-12-06,0
2021-09-01,6,7933,2021-12-06,0
2021-09-02,6,7939,2021-12-06,0
2021-09-03,9,7948,2021-12-06,0
2021-09-04,9,7957,2021-12-06,0
2021-09-05,10,7967,2021-12-06,0
2021-09-06,8,7975,2021-12-06,0
2021-09-07,7,7982,2021-12-06,0
2021-09-08,11,7993,2021-12-06,0
2021-09-09,5,7998,2021-12-06,0
2021-09-10,9,8007,2021-12-06,0
2021-09-11,17,8024,2021-12-06,0
2021-09-12,10,8034,2021-12-06,0
2021-09-13,7,8041,2021-12-06,0
2021-09-14,11,8052,2021-12-06,0
2021-09-15,14,8066,2021-12-06,0
2021-09-16,16,8082,2021-12-06,0
2021-09-17,8,8090,2021-12-06,0
2021-09-18,13,8103,2021-12-06,0
2021-09-19,11,8114,2021-12-06,0
2021-09-20,15,8129,2021-12-06,0
2021-09-21,15,8144,2021-12-06,0
2021-09-22,17,8161,2021-12-06,0
2021-09-23,13,8174,2021-12-06,0
2021-09-24,13,8187,2021-12-06,0
2021-09-25,16,8203,2021-12-06,0
2021-09-26,15,8218,2021-12-06,0
2021-09-27,15,8233,2021-12-06,0
2021-09-28,11,8244,2021-12-06,0
2021-09-29,19,8263,2021-12-06,0
2021-09-30,17,8280,2021-12-06,0
2021-10-01,13,8293,2021-12-06,0
2021-10-02,13,8306,2021-12-06,0
2021-10-03,23,8329,2021-12-06,0
2021-10-04,14,8343,2021-12-06,0
2021-10-05,23,8366,2021-12-06,0
2021-10-06,20,8386,2021-12-06,0
2021-10-07,13,8399,2021-12-06,0
2021-10-08,22,8421,2021-12-06,0
2021-10-09,20,8441,2021-12-06,0
2021-10-10,13,8454,2021-12-06,0
2021-10-11,11,8465,2021-12-06,0
2021-10-12,25,8490,2021-12-06,0
2021-10-13,20,8510,2021-12-06,0
2021-10-14,20,8530,2021-12-06,0
2021-10-15,14,8544,2021-12-06,0
2021-10-16,20,8564,2021-12-06,0
2021-10-17,17,8581,2021-12-06,0
2021-10-18,16,8597,2021-12-06,0
2021-10-19,25,8622,2021-12-06,0
2021-10-20,15,8637,2021-12-06,0
2021-10-21,8,8645,2021-12-06,0
2021-10-22,23,8668,2021-12-06,0
2021-10-23,24,8692,2021-12-06,0
2021-10-24,24,8716,2021-12-06,0
2021-10-25,20,8736,2021-12-06,0
2021-10-26,21,8757,2021-12-06,0
2021-10-27,14,8771,2021-12-06,0
2021-10-28,23,8794,2021-12-06,0
2021-10-29,19,8813,2021-12-06,0
2021-10-30,19,8832,2021-12-06,0
2021-10-31,24,8856,2021-12-06,0
2021-11-01,18,8874,2021-12-06,0
2021-11-02,18,8892,2021-12-06,0
2021-11-03,27,8919,2021-12-06,0
2021-11-04,27,8946,2021-12-06,0
2021-11-05,29,8975,2021-12-06,0
2021-11-06,15,8990,2021-12-06,0
2021-11-07,24,9014,2021-12-06,0
2021-11-08,27,9041,2021-12-06,0
2021-11-09,16,9057,2021-12-06,0
2021-11-10,18,9075,2021-12-06,0
2021-11-11,26,9101,2021-12-06,0
2021-11-12,27,9128,2021-12-06,0
2021-11-13,31,9159,2021-12-06,0
2021-11-14,24,9183,2021-12-06,0
2021-11-15,26,9209,2021-12-06,0
2021-11-16,25,9234,2021-12-06,1
2021-11-17,35,9269,2021-12-06,1
2021-11-18,36,9305,2021-12-06,1
2021-11-19,31,9336,2021-12-06,0
2021-11-20,27,9363,2021-12-06,0
2021-11-21,30,9393,2021-12-06,1
2021-11-22,23,9416,2021-12-06,1
2021-11-23,30,9446,2021-12-06,3
2021-11-24,21,9467,2021-12-06,0
2021-11-25,31,9498,2021-12-06,1
2021-11-26,42,9540,2021-12-06,2
2021-11-27,32,9572,2021-12-06,3
2021-11-28,31,9603,2021-12-06,1
2021-11-29,17,9620,2021-12-06,2
2021-11-30,19,9639,2021-12-06,6
2021-12-01,14,9653,2021-12-06,14
2021-12-02,1,9654,2021-12-06,1
NA,0,9654,2021-12-06,0
2020-03-19,1,1,2021-12-07,0
2020-03-20,0,1,2021-12-07,0
2020-03-21,0,1,2021-12-07,0
2020-03-22,0,1,2021-12-07,0
2020-03-23,0,1,2021-12-07,0
2020-03-24,1,2,2021-12-07,0
2020-03-25,1,3,2021-12-07,0
2020-03-26,1,4,2021-12-07,0
2020-03-27,5,9,2021-12-07,0
2020-03-28,3,12,2021-12-07,0
2020-03-29,0,12,2021-12-07,0
2020-03-30,5,17,2021-12-07,0
2020-03-31,2,19,2021-12-07,0
2020-04-01,5,24,2021-12-07,0
2020-04-02,3,27,2021-12-07,0
2020-04-03,1,28,2021-12-07,0
2020-04-04,5,33,2021-12-07,0
2020-04-05,5,38,2021-12-07,0
2020-04-06,10,48,2021-12-07,0
2020-04-07,6,54,2021-12-07,0
2020-04-08,7,61,2021-12-07,0
2020-04-09,8,69,2021-12-07,0
2020-04-10,6,75,2021-12-07,0
2020-04-11,4,79,2021-12-07,0
2020-04-12,4,83,2021-12-07,0
2020-04-13,10,93,2021-12-07,0
2020-04-14,6,99,2021-12-07,0
2020-04-15,17,116,2021-12-07,0
2020-04-16,10,126,2021-12-07,0
2020-04-17,17,143,2021-12-07,0
2020-04-18,17,160,2021-12-07,0
2020-04-19,16,176,2021-12-07,0
2020-04-20,21,197,2021-12-07,0
2020-04-21,26,223,2021-12-07,0
2020-04-22,21,244,2021-12-07,0
2020-04-23,19,263,2021-12-07,0
2020-04-24,23,286,2021-12-07,0
2020-04-25,18,304,2021-12-07,0
2020-04-26,17,321,2021-12-07,0
2020-04-27,21,342,2021-12-07,0
2020-04-28,16,358,2021-12-07,0
2020-04-29,29,387,2021-12-07,0
2020-04-30,18,405,2021-12-07,0
2020-05-01,30,435,2021-12-07,0
2020-05-02,19,454,2021-12-07,0
2020-05-03,29,483,2021-12-07,0
2020-05-04,23,506,2021-12-07,0
2020-05-05,19,525,2021-12-07,0
2020-05-06,25,550,2021-12-07,0
2020-05-07,30,580,2021-12-07,0
2020-05-08,20,600,2021-12-07,0
2020-05-09,26,626,2021-12-07,0
2020-05-10,19,645,2021-12-07,0
2020-05-11,25,670,2021-12-07,0
2020-05-12,20,690,2021-12-07,0
2020-05-13,22,712,2021-12-07,0
2020-05-14,20,732,2021-12-07,0
2020-05-15,20,752,2021-12-07,0
2020-05-16,20,772,2021-12-07,0
2020-05-17,23,795,2021-12-07,0
2020-05-18,18,813,2021-12-07,0
2020-05-19,35,848,2021-12-07,0
2020-05-20,24,872,2021-12-07,0
2020-05-21,17,889,2021-12-07,0
2020-05-22,20,909,2021-12-07,0
2020-05-23,26,935,2021-12-07,0
2020-05-24,25,960,2021-12-07,0
2020-05-25,30,990,2021-12-07,0
2020-05-26,29,1019,2021-12-07,0
2020-05-27,25,1044,2021-12-07,0
2020-05-28,21,1065,2021-12-07,0
2020-05-29,17,1082,2021-12-07,0
2020-05-30,11,1093,2021-12-07,0
2020-05-31,20,1113,2021-12-07,0
2020-06-01,23,1136,2021-12-07,0
2020-06-02,21,1157,2021-12-07,0
2020-06-03,25,1182,2021-12-07,0
2020-06-04,26,1208,2021-12-07,0
2020-06-05,18,1226,2021-12-07,0
2020-06-06,12,1238,2021-12-07,0
2020-06-07,22,1260,2021-12-07,0
2020-06-08,12,1272,2021-12-07,0
2020-06-09,13,1285,2021-12-07,0
2020-06-10,10,1295,2021-12-07,0
2020-06-11,12,1307,2021-12-07,0
2020-06-12,11,1318,2021-12-07,0
2020-06-13,13,1331,2021-12-07,0
2020-06-14,11,1342,2021-12-07,0
2020-06-15,8,1350,2021-12-07,0
2020-06-16,9,1359,2021-12-07,0
2020-06-17,17,1376,2021-12-07,0
2020-06-18,9,1385,2021-12-07,0
2020-06-19,8,1393,2021-12-07,0
2020-06-20,12,1405,2021-12-07,0
2020-06-21,11,1416,2021-12-07,0
2020-06-22,6,1422,2021-12-07,0
2020-06-23,10,1432,2021-12-07,0
2020-06-24,1,1433,2021-12-07,0
2020-06-25,9,1442,2021-12-07,0
2020-06-26,6,1448,2021-12-07,0
2020-06-27,5,1453,2021-12-07,0
2020-06-28,11,1464,2021-12-07,0
2020-06-29,7,1471,2021-12-07,0
2020-06-30,9,1480,2021-12-07,0
2020-07-01,2,1482,2021-12-07,0
2020-07-02,3,1485,2021-12-07,0
2020-07-03,5,1490,2021-12-07,0
2020-07-04,4,1494,2021-12-07,0
2020-07-05,6,1500,2021-12-07,0
2020-07-06,4,1504,2021-12-07,0
2020-07-07,2,1506,2021-12-07,0
2020-07-08,9,1515,2021-12-07,0
2020-07-09,4,1519,2021-12-07,0
2020-07-10,3,1522,2021-12-07,0
2020-07-11,4,1526,2021-12-07,0
2020-07-12,6,1532,2021-12-07,0
2020-07-13,2,1534,2021-12-07,0
2020-07-14,6,1540,2021-12-07,0
2020-07-15,7,1547,2021-12-07,0
2020-07-16,3,1550,2021-12-07,0
2020-07-17,7,1557,2021-12-07,0
2020-07-18,6,1563,2021-12-07,0
2020-07-19,5,1568,2021-12-07,0
2020-07-20,3,1571,2021-12-07,0
2020-07-21,6,1577,2021-12-07,0
2020-07-22,5,1582,2021-12-07,0
2020-07-23,8,1590,2021-12-07,0
2020-07-24,6,1596,2021-12-07,0
2020-07-25,2,1598,2021-12-07,0
2020-07-26,5,1603,2021-12-07,0
2020-07-27,5,1608,2021-12-07,0
2020-07-28,7,1615,2021-12-07,0
2020-07-29,3,1618,2021-12-07,0
2020-07-30,6,1624,2021-12-07,0
2020-07-31,9,1633,2021-12-07,0
2020-08-01,4,1637,2021-12-07,0
2020-08-02,7,1644,2021-12-07,0
2020-08-03,4,1648,2021-12-07,0
2020-08-04,7,1655,2021-12-07,0
2020-08-05,8,1663,2021-12-07,0
2020-08-06,9,1672,2021-12-07,0
2020-08-07,7,1679,2021-12-07,0
2020-08-08,6,1685,2021-12-07,0
2020-08-09,10,1695,2021-12-07,0
2020-08-10,3,1698,2021-12-07,0
2020-08-11,9,1707,2021-12-07,0
2020-08-12,7,1714,2021-12-07,0
2020-08-13,5,1719,2021-12-07,0
2020-08-14,9,1728,2021-12-07,0
2020-08-15,13,1741,2021-12-07,0
2020-08-16,13,1754,2021-12-07,0
2020-08-17,6,1760,2021-12-07,0
2020-08-18,11,1771,2021-12-07,0
2020-08-19,3,1774,2021-12-07,0
2020-08-20,10,1784,2021-12-07,0
2020-08-21,12,1796,2021-12-07,0
2020-08-22,9,1805,2021-12-07,0
2020-08-23,7,1812,2021-12-07,0
2020-08-24,9,1821,2021-12-07,0
2020-08-25,4,1825,2021-12-07,0
2020-08-26,3,1828,2021-12-07,0
2020-08-27,7,1835,2021-12-07,0
2020-08-28,6,1841,2021-12-07,0
2020-08-29,3,1844,2021-12-07,0
2020-08-30,5,1849,2021-12-07,0
2020-08-31,9,1858,2021-12-07,0
2020-09-01,2,1860,2021-12-07,0
2020-09-02,7,1867,2021-12-07,0
2020-09-03,12,1879,2021-12-07,0
2020-09-04,4,1883,2021-12-07,0
2020-09-05,6,1889,2021-12-07,0
2020-09-06,12,1901,2021-12-07,0
2020-09-07,3,1904,2021-12-07,0
2020-09-08,6,1910,2021-12-07,0
2020-09-09,10,1920,2021-12-07,0
2020-09-10,9,1929,2021-12-07,0
2020-09-11,11,1940,2021-12-07,0
2020-09-12,8,1948,2021-12-07,0
2020-09-13,8,1956,2021-12-07,0
2020-09-14,2,1958,2021-12-07,0
2020-09-15,7,1965,2021-12-07,0
2020-09-16,9,1974,2021-12-07,0
2020-09-17,5,1979,2021-12-07,0
2020-09-18,6,1985,2021-12-07,0
2020-09-19,4,1989,2021-12-07,0
2020-09-20,9,1998,2021-12-07,0
2020-09-21,7,2005,2021-12-07,0
2020-09-22,8,2013,2021-12-07,0
2020-09-23,9,2022,2021-12-07,0
2020-09-24,8,2030,2021-12-07,0
2020-09-25,11,2041,2021-12-07,0
2020-09-26,9,2050,2021-12-07,0
2020-09-27,14,2064,2021-12-07,0
2020-09-28,11,2075,2021-12-07,0
2020-09-29,5,2080,2021-12-07,0
2020-09-30,16,2096,2021-12-07,0
2020-10-01,7,2103,2021-12-07,0
2020-10-02,13,2116,2021-12-07,0
2020-10-03,9,2125,2021-12-07,0
2020-10-04,7,2132,2021-12-07,0
2020-10-05,10,2142,2021-12-07,0
2020-10-06,13,2155,2021-12-07,0
2020-10-07,19,2174,2021-12-07,0
2020-10-08,9,2183,2021-12-07,0
2020-10-09,17,2200,2021-12-07,0
2020-10-10,16,2216,2021-12-07,0
2020-10-11,16,2232,2021-12-07,0
2020-10-12,20,2252,2021-12-07,0
2020-10-13,14,2266,2021-12-07,0
2020-10-14,10,2276,2021-12-07,0
2020-10-15,9,2285,2021-12-07,0
2020-10-16,12,2297,2021-12-07,0
2020-10-17,18,2315,2021-12-07,0
2020-10-18,25,2340,2021-12-07,0
2020-10-19,18,2358,2021-12-07,0
2020-10-20,15,2373,2021-12-07,0
2020-10-21,24,2397,2021-12-07,0
2020-10-22,18,2415,2021-12-07,0
2020-10-23,19,2434,2021-12-07,0
2020-10-24,8,2442,2021-12-07,0
2020-10-25,17,2459,2021-12-07,0
2020-10-26,25,2484,2021-12-07,0
2020-10-27,23,2507,2021-12-07,0
2020-10-28,29,2536,2021-12-07,0
2020-10-29,18,2554,2021-12-07,0
2020-10-30,27,2581,2021-12-07,0
2020-10-31,25,2606,2021-12-07,0
2020-11-01,21,2627,2021-12-07,0
2020-11-02,25,2652,2021-12-07,0
2020-11-03,25,2677,2021-12-07,0
2020-11-04,33,2710,2021-12-07,0
2020-11-05,38,2748,2021-12-07,0
2020-11-06,39,2787,2021-12-07,0
2020-11-07,42,2829,2021-12-07,0
2020-11-08,47,2876,2021-12-07,0
2020-11-09,36,2912,2021-12-07,0
2020-11-10,35,2947,2021-12-07,0
2020-11-11,43,2990,2021-12-07,0
2020-11-12,45,3035,2021-12-07,0
2020-11-13,40,3075,2021-12-07,0
2020-11-14,48,3123,2021-12-07,0
2020-11-15,46,3169,2021-12-07,0
2020-11-16,62,3231,2021-12-07,0
2020-11-17,56,3287,2021-12-07,0
2020-11-18,61,3348,2021-12-07,0
2020-11-19,60,3408,2021-12-07,0
2020-11-20,63,3471,2021-12-07,0
2020-11-21,58,3529,2021-12-07,0
2020-11-22,67,3596,2021-12-07,0
2020-11-23,59,3655,2021-12-07,0
2020-11-24,69,3724,2021-12-07,0
2020-11-25,72,3796,2021-12-07,0
2020-11-26,54,3850,2021-12-07,0
2020-11-27,69,3919,2021-12-07,0
2020-11-28,62,3981,2021-12-07,0
2020-11-29,68,4049,2021-12-07,0
2020-11-30,61,4110,2021-12-07,0
2020-12-01,64,4174,2021-12-07,0
2020-12-02,73,4247,2021-12-07,0
2020-12-03,86,4333,2021-12-07,0
2020-12-04,67,4400,2021-12-07,0
2020-12-05,74,4474,2021-12-07,0
2020-12-06,80,4554,2021-12-07,0
2020-12-07,75,4629,2021-12-07,0
2020-12-08,61,4690,2021-12-07,0
2020-12-09,71,4761,2021-12-07,0
2020-12-10,72,4833,2021-12-07,0
2020-12-11,71,4904,2021-12-07,0
2020-12-12,72,4976,2021-12-07,0
2020-12-13,56,5032,2021-12-07,0
2020-12-14,43,5075,2021-12-07,0
2020-12-15,65,5140,2021-12-07,0
2020-12-16,73,5213,2021-12-07,0
2020-12-17,60,5273,2021-12-07,0
2020-12-18,59,5332,2021-12-07,0
2020-12-19,56,5388,2021-12-07,0
2020-12-20,61,5449,2021-12-07,0
2020-12-21,58,5507,2021-12-07,0
2020-12-22,33,5540,2021-12-07,0
2020-12-23,46,5586,2021-12-07,0
2020-12-24,50,5636,2021-12-07,0
2020-12-25,36,5672,2021-12-07,0
2020-12-26,43,5715,2021-12-07,0
2020-12-27,41,5756,2021-12-07,0
2020-12-28,34,5790,2021-12-07,0
2020-12-29,37,5827,2021-12-07,0
2020-12-30,47,5874,2021-12-07,0
2020-12-31,36,5910,2021-12-07,0
2021-01-01,28,5938,2021-12-07,0
2021-01-02,47,5985,2021-12-07,0
2021-01-03,37,6022,2021-12-07,0
2021-01-04,32,6054,2021-12-07,0
2021-01-05,40,6094,2021-12-07,0
2021-01-06,32,6126,2021-12-07,0
2021-01-07,37,6163,2021-12-07,0
2021-01-08,32,6195,2021-12-07,0
2021-01-09,26,6221,2021-12-07,0
2021-01-10,29,6250,2021-12-07,0
2021-01-11,26,6276,2021-12-07,0
2021-01-12,32,6308,2021-12-07,0
2021-01-13,23,6331,2021-12-07,0
2021-01-14,41,6372,2021-12-07,0
2021-01-15,26,6398,2021-12-07,0
2021-01-16,30,6428,2021-12-07,0
2021-01-17,21,6449,2021-12-07,0
2021-01-18,19,6468,2021-12-07,0
2021-01-19,14,6482,2021-12-07,0
2021-01-20,26,6508,2021-12-07,0
2021-01-21,16,6524,2021-12-07,0
2021-01-22,13,6537,2021-12-07,0
2021-01-23,17,6554,2021-12-07,0
2021-01-24,24,6578,2021-12-07,0
2021-01-25,19,6597,2021-12-07,0
2021-01-26,21,6618,2021-12-07,0
2021-01-27,11,6629,2021-12-07,0
2021-01-28,12,6641,2021-12-07,0
2021-01-29,15,6656,2021-12-07,0
2021-01-30,13,6669,2021-12-07,0
2021-01-31,16,6685,2021-12-07,0
2021-02-01,17,6702,2021-12-07,0
2021-02-02,10,6712,2021-12-07,0
2021-02-03,11,6723,2021-12-07,0
2021-02-04,11,6734,2021-12-07,0
2021-02-05,12,6746,2021-12-07,0
2021-02-06,12,6758,2021-12-07,0
2021-02-07,19,6777,2021-12-07,0
2021-02-08,11,6788,2021-12-07,0
2021-02-09,15,6803,2021-12-07,0
2021-02-10,14,6817,2021-12-07,0
2021-02-11,7,6824,2021-12-07,0
2021-02-12,13,6837,2021-12-07,0
2021-02-13,8,6845,2021-12-07,0
2021-02-14,10,6855,2021-12-07,0
2021-02-15,9,6864,2021-12-07,0
2021-02-16,12,6876,2021-12-07,0
2021-02-17,10,6886,2021-12-07,0
2021-02-18,7,6893,2021-12-07,0
2021-02-19,6,6899,2021-12-07,0
2021-02-20,7,6906,2021-12-07,0
2021-02-21,4,6910,2021-12-07,0
2021-02-22,5,6915,2021-12-07,0
2021-02-23,9,6924,2021-12-07,0
2021-02-24,5,6929,2021-12-07,0
2021-02-25,5,6934,2021-12-07,0
2021-02-26,7,6941,2021-12-07,0
2021-02-27,6,6947,2021-12-07,0
2021-02-28,8,6955,2021-12-07,0
2021-03-01,7,6962,2021-12-07,0
2021-03-02,3,6965,2021-12-07,0
2021-03-03,10,6975,2021-12-07,0
2021-03-04,6,6981,2021-12-07,0
2021-03-05,10,6991,2021-12-07,0
2021-03-06,5,6996,2021-12-07,0
2021-03-07,9,7005,2021-12-07,0
2021-03-08,5,7010,2021-12-07,0
2021-03-09,7,7017,2021-12-07,0
2021-03-10,5,7022,2021-12-07,0
2021-03-11,4,7026,2021-12-07,0
2021-03-12,11,7037,2021-12-07,0
2021-03-13,5,7042,2021-12-07,0
2021-03-14,5,7047,2021-12-07,0
2021-03-15,2,7049,2021-12-07,0
2021-03-16,6,7055,2021-12-07,0
2021-03-17,4,7059,2021-12-07,0
2021-03-18,5,7064,2021-12-07,0
2021-03-19,5,7069,2021-12-07,0
2021-03-20,9,7078,2021-12-07,0
2021-03-21,5,7083,2021-12-07,0
2021-03-22,4,7087,2021-12-07,0
2021-03-23,5,7092,2021-12-07,0
2021-03-24,1,7093,2021-12-07,0
2021-03-25,5,7098,2021-12-07,0
2021-03-26,3,7101,2021-12-07,0
2021-03-27,7,7108,2021-12-07,0
2021-03-28,6,7114,2021-12-07,0
2021-03-29,5,7119,2021-12-07,0
2021-03-30,6,7125,2021-12-07,0
2021-03-31,8,7133,2021-12-07,0
2021-04-01,6,7139,2021-12-07,0
2021-04-02,9,7148,2021-12-07,0
2021-04-03,8,7156,2021-12-07,0
2021-04-04,6,7162,2021-12-07,0
2021-04-05,8,7170,2021-12-07,0
2021-04-06,7,7177,2021-12-07,0
2021-04-07,6,7183,2021-12-07,0
2021-04-08,10,7193,2021-12-07,0
2021-04-09,7,7200,2021-12-07,0
2021-04-10,7,7207,2021-12-07,0
2021-04-11,8,7215,2021-12-07,0
2021-04-12,10,7225,2021-12-07,0
2021-04-13,7,7232,2021-12-07,0
2021-04-14,8,7240,2021-12-07,0
2021-04-15,14,7254,2021-12-07,0
2021-04-16,8,7262,2021-12-07,0
2021-04-17,8,7270,2021-12-07,0
2021-04-18,8,7278,2021-12-07,0
2021-04-19,10,7288,2021-12-07,0
2021-04-20,5,7293,2021-12-07,0
2021-04-21,8,7301,2021-12-07,0
2021-04-22,2,7303,2021-12-07,0
2021-04-23,15,7318,2021-12-07,0
2021-04-24,11,7329,2021-12-07,0
2021-04-25,15,7344,2021-12-07,0
2021-04-26,15,7359,2021-12-07,0
2021-04-27,7,7366,2021-12-07,0
2021-04-28,14,7380,2021-12-07,0
2021-04-29,8,7388,2021-12-07,0
2021-04-30,11,7399,2021-12-07,0
2021-05-01,7,7406,2021-12-07,0
2021-05-02,8,7414,2021-12-07,0
2021-05-03,5,7419,2021-12-07,0
2021-05-04,13,7432,2021-12-07,0
2021-05-05,8,7440,2021-12-07,0
2021-05-06,5,7445,2021-12-07,0
2021-05-07,8,7453,2021-12-07,0
2021-05-08,7,7460,2021-12-07,0
2021-05-09,9,7469,2021-12-07,0
2021-05-10,8,7477,2021-12-07,0
2021-05-11,6,7483,2021-12-07,0
2021-05-12,9,7492,2021-12-07,0
2021-05-13,9,7501,2021-12-07,0
2021-05-14,11,7512,2021-12-07,0
2021-05-15,10,7522,2021-12-07,0
2021-05-16,6,7528,2021-12-07,0
2021-05-17,6,7534,2021-12-07,0
2021-05-18,7,7541,2021-12-07,0
2021-05-19,2,7543,2021-12-07,0
2021-05-20,5,7548,2021-12-07,0
2021-05-21,7,7555,2021-12-07,0
2021-05-22,11,7566,2021-12-07,0
2021-05-23,5,7571,2021-12-07,0
2021-05-24,5,7576,2021-12-07,0
2021-05-25,6,7582,2021-12-07,0
2021-05-26,3,7585,2021-12-07,0
2021-05-27,7,7592,2021-12-07,0
2021-05-28,2,7594,2021-12-07,0
2021-05-29,6,7600,2021-12-07,0
2021-05-30,4,7604,2021-12-07,0
2021-05-31,3,7607,2021-12-07,0
2021-06-01,5,7612,2021-12-07,0
2021-06-02,8,7620,2021-12-07,0
2021-06-03,4,7624,2021-12-07,0
2021-06-04,4,7628,2021-12-07,0
2021-06-05,2,7630,2021-12-07,0
2021-06-06,5,7635,2021-12-07,0
2021-06-07,3,7638,2021-12-07,0
2021-06-08,5,7643,2021-12-07,0
2021-06-09,4,7647,2021-12-07,0
2021-06-10,6,7653,2021-12-07,0
2021-06-11,6,7659,2021-12-07,0
2021-06-12,4,7663,2021-12-07,0
2021-06-13,4,7667,2021-12-07,0
2021-06-14,3,7670,2021-12-07,0
2021-06-15,2,7672,2021-12-07,0
2021-06-16,2,7674,2021-12-07,0
2021-06-17,4,7678,2021-12-07,0
2021-06-18,1,7679,2021-12-07,0
2021-06-19,6,7685,2021-12-07,0
2021-06-20,1,7686,2021-12-07,0
2021-06-21,5,7691,2021-12-07,0
2021-06-22,3,7694,2021-12-07,0
2021-06-23,4,7698,2021-12-07,0
2021-06-24,3,7701,2021-12-07,0
2021-06-25,3,7704,2021-12-07,0
2021-06-26,4,7708,2021-12-07,0
2021-06-27,2,7710,2021-12-07,0
2021-06-28,2,7712,2021-12-07,0
2021-06-29,2,7714,2021-12-07,0
2021-06-30,2,7716,2021-12-07,0
2021-07-01,0,7716,2021-12-07,0
2021-07-02,2,7718,2021-12-07,0
2021-07-03,2,7720,2021-12-07,0
2021-07-04,3,7723,2021-12-07,0
2021-07-05,1,7724,2021-12-07,0
2021-07-06,4,7728,2021-12-07,0
2021-07-07,1,7729,2021-12-07,0
2021-07-08,1,7730,2021-12-07,0
2021-07-09,0,7730,2021-12-07,0
2021-07-10,1,7731,2021-12-07,0
2021-07-11,3,7734,2021-12-07,0
2021-07-12,1,7735,2021-12-07,0
2021-07-13,2,7737,2021-12-07,0
2021-07-14,2,7739,2021-12-07,0
2021-07-15,2,7741,2021-12-07,0
2021-07-16,1,7742,2021-12-07,0
2021-07-17,1,7743,2021-12-07,0
2021-07-18,0,7743,2021-12-07,0
2021-07-19,0,7743,2021-12-07,0
2021-07-20,2,7745,2021-12-07,0
2021-07-21,2,7747,2021-12-07,0
2021-07-22,2,7749,2021-12-07,0
2021-07-23,3,7752,2021-12-07,0
2021-07-24,0,7752,2021-12-07,0
2021-07-25,2,7754,2021-12-07,0
2021-07-26,1,7755,2021-12-07,0
2021-07-27,2,7757,2021-12-07,0
2021-07-28,3,7760,2021-12-07,0
2021-07-29,2,7762,2021-12-07,0
2021-07-30,5,7767,2021-12-07,0
2021-07-31,4,7771,2021-12-07,0
2021-08-01,1,7772,2021-12-07,0
2021-08-02,3,7775,2021-12-07,0
2021-08-03,2,7777,2021-12-07,0
2021-08-04,3,7780,2021-12-07,0
2021-08-05,2,7782,2021-12-07,0
2021-08-06,7,7789,2021-12-07,0
2021-08-07,3,7792,2021-12-07,0
2021-08-08,2,7794,2021-12-07,0
2021-08-09,3,7797,2021-12-07,0
2021-08-10,2,7799,2021-12-07,0
2021-08-11,2,7801,2021-12-07,0
2021-08-12,7,7808,2021-12-07,0
2021-08-13,5,7813,2021-12-07,0
2021-08-14,6,7819,2021-12-07,0
2021-08-15,0,7819,2021-12-07,0
2021-08-16,7,7826,2021-12-07,0
2021-08-17,7,7833,2021-12-07,0
2021-08-18,9,7842,2021-12-07,0
2021-08-19,2,7844,2021-12-07,0
2021-08-20,3,7847,2021-12-07,0
2021-08-21,5,7852,2021-12-07,0
2021-08-22,7,7859,2021-12-07,0
2021-08-23,5,7864,2021-12-07,0
2021-08-24,12,7876,2021-12-07,0
2021-08-25,7,7883,2021-12-07,0
2021-08-26,2,7885,2021-12-07,0
2021-08-27,6,7891,2021-12-07,0
2021-08-28,11,7902,2021-12-07,0
2021-08-29,11,7913,2021-12-07,0
2021-08-30,8,7921,2021-12-07,0
2021-08-31,6,7927,2021-12-07,0
2021-09-01,6,7933,2021-12-07,0
2021-09-02,6,7939,2021-12-07,0
2021-09-03,9,7948,2021-12-07,0
2021-09-04,9,7957,2021-12-07,0
2021-09-05,10,7967,2021-12-07,0
2021-09-06,8,7975,2021-12-07,0
2021-09-07,7,7982,2021-12-07,0
2021-09-08,11,7993,2021-12-07,0
2021-09-09,5,7998,2021-12-07,0
2021-09-10,9,8007,2021-12-07,0
2021-09-11,17,8024,2021-12-07,0
2021-09-12,10,8034,2021-12-07,0
2021-09-13,7,8041,2021-12-07,0
2021-09-14,11,8052,2021-12-07,0
2021-09-15,14,8066,2021-12-07,0
2021-09-16,16,8082,2021-12-07,0
2021-09-17,8,8090,2021-12-07,0
2021-09-18,13,8103,2021-12-07,0
2021-09-19,11,8114,2021-12-07,0
2021-09-20,15,8129,2021-12-07,0
2021-09-21,15,8144,2021-12-07,0
2021-09-22,17,8161,2021-12-07,0
2021-09-23,13,8174,2021-12-07,0
2021-09-24,13,8187,2021-12-07,0
2021-09-25,16,8203,2021-12-07,0
2021-09-26,15,8218,2021-12-07,0
2021-09-27,15,8233,2021-12-07,0
2021-09-28,11,8244,2021-12-07,0
2021-09-29,19,8263,2021-12-07,0
2021-09-30,17,8280,2021-12-07,0
2021-10-01,13,8293,2021-12-07,0
2021-10-02,14,8307,2021-12-07,1
2021-10-03,23,8330,2021-12-07,0
2021-10-04,15,8345,2021-12-07,1
2021-10-05,23,8368,2021-12-07,0
2021-10-06,20,8388,2021-12-07,0
2021-10-07,13,8401,2021-12-07,0
2021-10-08,22,8423,2021-12-07,0
2021-10-09,20,8443,2021-12-07,0
2021-10-10,13,8456,2021-12-07,0
2021-10-11,11,8467,2021-12-07,0
2021-10-12,25,8492,2021-12-07,0
2021-10-13,20,8512,2021-12-07,0
2021-10-14,20,8532,2021-12-07,0
2021-10-15,14,8546,2021-12-07,0
2021-10-16,20,8566,2021-12-07,0
2021-10-17,17,8583,2021-12-07,0
2021-10-18,16,8599,2021-12-07,0
2021-10-19,25,8624,2021-12-07,0
2021-10-20,15,8639,2021-12-07,0
2021-10-21,8,8647,2021-12-07,0
2021-10-22,23,8670,2021-12-07,0
2021-10-23,24,8694,2021-12-07,0
2021-10-24,24,8718,2021-12-07,0
2021-10-25,20,8738,2021-12-07,0
2021-10-26,21,8759,2021-12-07,0
2021-10-27,15,8774,2021-12-07,1
2021-10-28,23,8797,2021-12-07,0
2021-10-29,19,8816,2021-12-07,0
2021-10-30,19,8835,2021-12-07,0
2021-10-31,24,8859,2021-12-07,0
2021-11-01,18,8877,2021-12-07,0
2021-11-02,18,8895,2021-12-07,0
2021-11-03,27,8922,2021-12-07,0
2021-11-04,27,8949,2021-12-07,0
2021-11-05,29,8978,2021-12-07,0
2021-11-06,15,8993,2021-12-07,0
2021-11-07,24,9017,2021-12-07,0
2021-11-08,27,9044,2021-12-07,0
2021-11-09,16,9060,2021-12-07,0
2021-11-10,18,9078,2021-12-07,0
2021-11-11,26,9104,2021-12-07,0
2021-11-12,27,9131,2021-12-07,0
2021-11-13,31,9162,2021-12-07,0
2021-11-14,24,9186,2021-12-07,0
2021-11-15,26,9212,2021-12-07,0
2021-11-16,25,9237,2021-12-07,0
2021-11-17,35,9272,2021-12-07,0
2021-11-18,36,9308,2021-12-07,0
2021-11-19,31,9339,2021-12-07,0
2021-11-20,28,9367,2021-12-07,1
2021-11-21,30,9397,2021-12-07,0
2021-11-22,24,9421,2021-12-07,1
2021-11-23,30,9451,2021-12-07,0
2021-11-24,22,9473,2021-12-07,1
2021-11-25,31,9504,2021-12-07,0
2021-11-26,45,9549,2021-12-07,3
2021-11-27,32,9581,2021-12-07,0
2021-11-28,35,9616,2021-12-07,4
2021-11-29,21,9637,2021-12-07,4
2021-11-30,23,9660,2021-12-07,4
2021-12-01,25,9685,2021-12-07,11
2021-12-02,13,9698,2021-12-07,12
2021-12-03,1,9699,2021-12-07,1
NA,0,9699,2021-12-07,0
2020-03-19,1,1,2021-12-08,0
2020-03-20,0,1,2021-12-08,0
2020-03-21,0,1,2021-12-08,0
2020-03-22,0,1,2021-12-08,0
2020-03-23,0,1,2021-12-08,0
2020-03-24,1,2,2021-12-08,0
2020-03-25,1,3,2021-12-08,0
2020-03-26,1,4,2021-12-08,0
2020-03-27,5,9,2021-12-08,0
2020-03-28,3,12,2021-12-08,0
2020-03-29,0,12,2021-12-08,0
2020-03-30,5,17,2021-12-08,0
2020-03-31,2,19,2021-12-08,0
2020-04-01,5,24,2021-12-08,0
2020-04-02,3,27,2021-12-08,0
2020-04-03,1,28,2021-12-08,0
2020-04-04,5,33,2021-12-08,0
2020-04-05,5,38,2021-12-08,0
2020-04-06,10,48,2021-12-08,0
2020-04-07,6,54,2021-12-08,0
2020-04-08,7,61,2021-12-08,0
2020-04-09,8,69,2021-12-08,0
2020-04-10,6,75,2021-12-08,0
2020-04-11,4,79,2021-12-08,0
2020-04-12,4,83,2021-12-08,0
2020-04-13,10,93,2021-12-08,0
2020-04-14,6,99,2021-12-08,0
2020-04-15,17,116,2021-12-08,0
2020-04-16,10,126,2021-12-08,0
2020-04-17,17,143,2021-12-08,0
2020-04-18,17,160,2021-12-08,0
2020-04-19,16,176,2021-12-08,0
2020-04-20,21,197,2021-12-08,0
2020-04-21,26,223,2021-12-08,0
2020-04-22,21,244,2021-12-08,0
2020-04-23,19,263,2021-12-08,0
2020-04-24,23,286,2021-12-08,0
2020-04-25,18,304,2021-12-08,0
2020-04-26,17,321,2021-12-08,0
2020-04-27,21,342,2021-12-08,0
2020-04-28,16,358,2021-12-08,0
2020-04-29,29,387,2021-12-08,0
2020-04-30,18,405,2021-12-08,0
2020-05-01,30,435,2021-12-08,0
2020-05-02,19,454,2021-12-08,0
2020-05-03,29,483,2021-12-08,0
2020-05-04,23,506,2021-12-08,0
2020-05-05,19,525,2021-12-08,0
2020-05-06,25,550,2021-12-08,0
2020-05-07,30,580,2021-12-08,0
2020-05-08,20,600,2021-12-08,0
2020-05-09,26,626,2021-12-08,0
2020-05-10,19,645,2021-12-08,0
2020-05-11,25,670,2021-12-08,0
2020-05-12,20,690,2021-12-08,0
2020-05-13,22,712,2021-12-08,0
2020-05-14,20,732,2021-12-08,0
2020-05-15,20,752,2021-12-08,0
2020-05-16,20,772,2021-12-08,0
2020-05-17,23,795,2021-12-08,0
2020-05-18,18,813,2021-12-08,0
2020-05-19,35,848,2021-12-08,0
2020-05-20,24,872,2021-12-08,0
2020-05-21,17,889,2021-12-08,0
2020-05-22,20,909,2021-12-08,0
2020-05-23,26,935,2021-12-08,0
2020-05-24,25,960,2021-12-08,0
2020-05-25,30,990,2021-12-08,0
2020-05-26,29,1019,2021-12-08,0
2020-05-27,25,1044,2021-12-08,0
2020-05-28,21,1065,2021-12-08,0
2020-05-29,17,1082,2021-12-08,0
2020-05-30,11,1093,2021-12-08,0
2020-05-31,20,1113,2021-12-08,0
2020-06-01,23,1136,2021-12-08,0
2020-06-02,21,1157,2021-12-08,0
2020-06-03,25,1182,2021-12-08,0
2020-06-04,26,1208,2021-12-08,0
2020-06-05,18,1226,2021-12-08,0
2020-06-06,12,1238,2021-12-08,0
2020-06-07,22,1260,2021-12-08,0
2020-06-08,12,1272,2021-12-08,0
2020-06-09,13,1285,2021-12-08,0
2020-06-10,10,1295,2021-12-08,0
2020-06-11,12,1307,2021-12-08,0
2020-06-12,11,1318,2021-12-08,0
2020-06-13,13,1331,2021-12-08,0
2020-06-14,11,1342,2021-12-08,0
2020-06-15,8,1350,2021-12-08,0
2020-06-16,9,1359,2021-12-08,0
2020-06-17,17,1376,2021-12-08,0
2020-06-18,9,1385,2021-12-08,0
2020-06-19,8,1393,2021-12-08,0
2020-06-20,12,1405,2021-12-08,0
2020-06-21,11,1416,2021-12-08,0
2020-06-22,6,1422,2021-12-08,0
2020-06-23,10,1432,2021-12-08,0
2020-06-24,1,1433,2021-12-08,0
2020-06-25,9,1442,2021-12-08,0
2020-06-26,6,1448,2021-12-08,0
2020-06-27,5,1453,2021-12-08,0
2020-06-28,11,1464,2021-12-08,0
2020-06-29,7,1471,2021-12-08,0
2020-06-30,9,1480,2021-12-08,0
2020-07-01,2,1482,2021-12-08,0
2020-07-02,3,1485,2021-12-08,0
2020-07-03,5,1490,2021-12-08,0
2020-07-04,4,1494,2021-12-08,0
2020-07-05,6,1500,2021-12-08,0
2020-07-06,4,1504,2021-12-08,0
2020-07-07,2,1506,2021-12-08,0
2020-07-08,9,1515,2021-12-08,0
2020-07-09,4,1519,2021-12-08,0
2020-07-10,3,1522,2021-12-08,0
2020-07-11,4,1526,2021-12-08,0
2020-07-12,6,1532,2021-12-08,0
2020-07-13,2,1534,2021-12-08,0
2020-07-14,6,1540,2021-12-08,0
2020-07-15,7,1547,2021-12-08,0
2020-07-16,3,1550,2021-12-08,0
2020-07-17,7,1557,2021-12-08,0
2020-07-18,6,1563,2021-12-08,0
2020-07-19,5,1568,2021-12-08,0
2020-07-20,3,1571,2021-12-08,0
2020-07-21,6,1577,2021-12-08,0
2020-07-22,5,1582,2021-12-08,0
2020-07-23,8,1590,2021-12-08,0
2020-07-24,6,1596,2021-12-08,0
2020-07-25,2,1598,2021-12-08,0
2020-07-26,5,1603,2021-12-08,0
2020-07-27,5,1608,2021-12-08,0
2020-07-28,7,1615,2021-12-08,0
2020-07-29,3,1618,2021-12-08,0
2020-07-30,6,1624,2021-12-08,0
2020-07-31,9,1633,2021-12-08,0
2020-08-01,4,1637,2021-12-08,0
2020-08-02,7,1644,2021-12-08,0
2020-08-03,4,1648,2021-12-08,0
2020-08-04,7,1655,2021-12-08,0
2020-08-05,8,1663,2021-12-08,0
2020-08-06,9,1672,2021-12-08,0
2020-08-07,7,1679,2021-12-08,0
2020-08-08,6,1685,2021-12-08,0
2020-08-09,10,1695,2021-12-08,0
2020-08-10,3,1698,2021-12-08,0
2020-08-11,9,1707,2021-12-08,0
2020-08-12,7,1714,2021-12-08,0
2020-08-13,5,1719,2021-12-08,0
2020-08-14,9,1728,2021-12-08,0
2020-08-15,13,1741,2021-12-08,0
2020-08-16,13,1754,2021-12-08,0
2020-08-17,6,1760,2021-12-08,0
2020-08-18,11,1771,2021-12-08,0
2020-08-19,3,1774,2021-12-08,0
2020-08-20,10,1784,2021-12-08,0
2020-08-21,12,1796,2021-12-08,0
2020-08-22,9,1805,2021-12-08,0
2020-08-23,7,1812,2021-12-08,0
2020-08-24,9,1821,2021-12-08,0
2020-08-25,4,1825,2021-12-08,0
2020-08-26,3,1828,2021-12-08,0
2020-08-27,7,1835,2021-12-08,0
2020-08-28,6,1841,2021-12-08,0
2020-08-29,3,1844,2021-12-08,0
2020-08-30,5,1849,2021-12-08,0
2020-08-31,9,1858,2021-12-08,0
2020-09-01,2,1860,2021-12-08,0
2020-09-02,7,1867,2021-12-08,0
2020-09-03,12,1879,2021-12-08,0
2020-09-04,4,1883,2021-12-08,0
2020-09-05,6,1889,2021-12-08,0
2020-09-06,12,1901,2021-12-08,0
2020-09-07,3,1904,2021-12-08,0
2020-09-08,6,1910,2021-12-08,0
2020-09-09,10,1920,2021-12-08,0
2020-09-10,9,1929,2021-12-08,0
2020-09-11,11,1940,2021-12-08,0
2020-09-12,8,1948,2021-12-08,0
2020-09-13,8,1956,2021-12-08,0
2020-09-14,2,1958,2021-12-08,0
2020-09-15,7,1965,2021-12-08,0
2020-09-16,9,1974,2021-12-08,0
2020-09-17,5,1979,2021-12-08,0
2020-09-18,6,1985,2021-12-08,0
2020-09-19,4,1989,2021-12-08,0
2020-09-20,9,1998,2021-12-08,0
2020-09-21,7,2005,2021-12-08,0
2020-09-22,8,2013,2021-12-08,0
2020-09-23,9,2022,2021-12-08,0
2020-09-24,8,2030,2021-12-08,0
2020-09-25,11,2041,2021-12-08,0
2020-09-26,9,2050,2021-12-08,0
2020-09-27,14,2064,2021-12-08,0
2020-09-28,11,2075,2021-12-08,0
2020-09-29,5,2080,2021-12-08,0
2020-09-30,16,2096,2021-12-08,0
2020-10-01,7,2103,2021-12-08,0
2020-10-02,13,2116,2021-12-08,0
2020-10-03,9,2125,2021-12-08,0
2020-10-04,7,2132,2021-12-08,0
2020-10-05,10,2142,2021-12-08,0
2020-10-06,13,2155,2021-12-08,0
2020-10-07,19,2174,2021-12-08,0
2020-10-08,9,2183,2021-12-08,0
2020-10-09,17,2200,2021-12-08,0
2020-10-10,16,2216,2021-12-08,0
2020-10-11,16,2232,2021-12-08,0
2020-10-12,20,2252,2021-12-08,0
2020-10-13,14,2266,2021-12-08,0
2020-10-14,10,2276,2021-12-08,0
2020-10-15,9,2285,2021-12-08,0
2020-10-16,12,2297,2021-12-08,0
2020-10-17,18,2315,2021-12-08,0
2020-10-18,25,2340,2021-12-08,0
2020-10-19,18,2358,2021-12-08,0
2020-10-20,15,2373,2021-12-08,0
2020-10-21,24,2397,2021-12-08,0
2020-10-22,18,2415,2021-12-08,0
2020-10-23,19,2434,2021-12-08,0
2020-10-24,8,2442,2021-12-08,0
2020-10-25,17,2459,2021-12-08,0
2020-10-26,25,2484,2021-12-08,0
2020-10-27,23,2507,2021-12-08,0
2020-10-28,29,2536,2021-12-08,0
2020-10-29,18,2554,2021-12-08,0
2020-10-30,27,2581,2021-12-08,0
2020-10-31,25,2606,2021-12-08,0
2020-11-01,21,2627,2021-12-08,0
2020-11-02,25,2652,2021-12-08,0
2020-11-03,25,2677,2021-12-08,0
2020-11-04,33,2710,2021-12-08,0
2020-11-05,38,2748,2021-12-08,0
2020-11-06,39,2787,2021-12-08,0
2020-11-07,42,2829,2021-12-08,0
2020-11-08,47,2876,2021-12-08,0
2020-11-09,36,2912,2021-12-08,0
2020-11-10,35,2947,2021-12-08,0
2020-11-11,43,2990,2021-12-08,0
2020-11-12,45,3035,2021-12-08,0
2020-11-13,40,3075,2021-12-08,0
2020-11-14,48,3123,2021-12-08,0
2020-11-15,46,3169,2021-12-08,0
2020-11-16,62,3231,2021-12-08,0
2020-11-17,56,3287,2021-12-08,0
2020-11-18,61,3348,2021-12-08,0
2020-11-19,60,3408,2021-12-08,0
2020-11-20,63,3471,2021-12-08,0
2020-11-21,58,3529,2021-12-08,0
2020-11-22,67,3596,2021-12-08,0
2020-11-23,59,3655,2021-12-08,0
2020-11-24,69,3724,2021-12-08,0
2020-11-25,72,3796,2021-12-08,0
2020-11-26,54,3850,2021-12-08,0
2020-11-27,69,3919,2021-12-08,0
2020-11-28,62,3981,2021-12-08,0
2020-11-29,68,4049,2021-12-08,0
2020-11-30,61,4110,2021-12-08,0
2020-12-01,64,4174,2021-12-08,0
2020-12-02,73,4247,2021-12-08,0
2020-12-03,86,4333,2021-12-08,0
2020-12-04,67,4400,2021-12-08,0
2020-12-05,74,4474,2021-12-08,0
2020-12-06,80,4554,2021-12-08,0
2020-12-07,75,4629,2021-12-08,0
2020-12-08,61,4690,2021-12-08,0
2020-12-09,71,4761,2021-12-08,0
2020-12-10,72,4833,2021-12-08,0
2020-12-11,71,4904,2021-12-08,0
2020-12-12,72,4976,2021-12-08,0
2020-12-13,56,5032,2021-12-08,0
2020-12-14,43,5075,2021-12-08,0
2020-12-15,65,5140,2021-12-08,0
2020-12-16,73,5213,2021-12-08,0
2020-12-17,60,5273,2021-12-08,0
2020-12-18,59,5332,2021-12-08,0
2020-12-19,56,5388,2021-12-08,0
2020-12-20,61,5449,2021-12-08,0
2020-12-21,58,5507,2021-12-08,0
2020-12-22,33,5540,2021-12-08,0
2020-12-23,46,5586,2021-12-08,0
2020-12-24,50,5636,2021-12-08,0
2020-12-25,36,5672,2021-12-08,0
2020-12-26,43,5715,2021-12-08,0
2020-12-27,41,5756,2021-12-08,0
2020-12-28,34,5790,2021-12-08,0
2020-12-29,37,5827,2021-12-08,0
2020-12-30,47,5874,2021-12-08,0
2020-12-31,36,5910,2021-12-08,0
2021-01-01,28,5938,2021-12-08,0
2021-01-02,47,5985,2021-12-08,0
2021-01-03,37,6022,2021-12-08,0
2021-01-04,32,6054,2021-12-08,0
2021-01-05,40,6094,2021-12-08,0
2021-01-06,32,6126,2021-12-08,0
2021-01-07,37,6163,2021-12-08,0
2021-01-08,32,6195,2021-12-08,0
2021-01-09,26,6221,2021-12-08,0
2021-01-10,29,6250,2021-12-08,0
2021-01-11,26,6276,2021-12-08,0
2021-01-12,32,6308,2021-12-08,0
2021-01-13,23,6331,2021-12-08,0
2021-01-14,41,6372,2021-12-08,0
2021-01-15,26,6398,2021-12-08,0
2021-01-16,30,6428,2021-12-08,0
2021-01-17,21,6449,2021-12-08,0
2021-01-18,19,6468,2021-12-08,0
2021-01-19,14,6482,2021-12-08,0
2021-01-20,26,6508,2021-12-08,0
2021-01-21,16,6524,2021-12-08,0
2021-01-22,13,6537,2021-12-08,0
2021-01-23,17,6554,2021-12-08,0
2021-01-24,24,6578,2021-12-08,0
2021-01-25,19,6597,2021-12-08,0
2021-01-26,21,6618,2021-12-08,0
2021-01-27,11,6629,2021-12-08,0
2021-01-28,12,6641,2021-12-08,0
2021-01-29,15,6656,2021-12-08,0
2021-01-30,13,6669,2021-12-08,0
2021-01-31,16,6685,2021-12-08,0
2021-02-01,17,6702,2021-12-08,0
2021-02-02,10,6712,2021-12-08,0
2021-02-03,11,6723,2021-12-08,0
2021-02-04,11,6734,2021-12-08,0
2021-02-05,12,6746,2021-12-08,0
2021-02-06,12,6758,2021-12-08,0
2021-02-07,19,6777,2021-12-08,0
2021-02-08,11,6788,2021-12-08,0
2021-02-09,15,6803,2021-12-08,0
2021-02-10,14,6817,2021-12-08,0
2021-02-11,7,6824,2021-12-08,0
2021-02-12,13,6837,2021-12-08,0
2021-02-13,8,6845,2021-12-08,0
2021-02-14,10,6855,2021-12-08,0
2021-02-15,9,6864,2021-12-08,0
2021-02-16,12,6876,2021-12-08,0
2021-02-17,10,6886,2021-12-08,0
2021-02-18,7,6893,2021-12-08,0
2021-02-19,6,6899,2021-12-08,0
2021-02-20,7,6906,2021-12-08,0
2021-02-21,4,6910,2021-12-08,0
2021-02-22,5,6915,2021-12-08,0
2021-02-23,9,6924,2021-12-08,0
2021-02-24,5,6929,2021-12-08,0
2021-02-25,5,6934,2021-12-08,0
2021-02-26,7,6941,2021-12-08,0
2021-02-27,6,6947,2021-12-08,0
2021-02-28,8,6955,2021-12-08,0
2021-03-01,7,6962,2021-12-08,0
2021-03-02,3,6965,2021-12-08,0
2021-03-03,10,6975,2021-12-08,0
2021-03-04,6,6981,2021-12-08,0
2021-03-05,10,6991,2021-12-08,0
2021-03-06,5,6996,2021-12-08,0
2021-03-07,9,7005,2021-12-08,0
2021-03-08,5,7010,2021-12-08,0
2021-03-09,7,7017,2021-12-08,0
2021-03-10,5,7022,2021-12-08,0
2021-03-11,4,7026,2021-12-08,0
2021-03-12,11,7037,2021-12-08,0
2021-03-13,5,7042,2021-12-08,0
2021-03-14,5,7047,2021-12-08,0
2021-03-15,2,7049,2021-12-08,0
2021-03-16,6,7055,2021-12-08,0
2021-03-17,4,7059,2021-12-08,0
2021-03-18,5,7064,2021-12-08,0
2021-03-19,5,7069,2021-12-08,0
2021-03-20,9,7078,2021-12-08,0
2021-03-21,5,7083,2021-12-08,0
2021-03-22,4,7087,2021-12-08,0
2021-03-23,5,7092,2021-12-08,0
2021-03-24,1,7093,2021-12-08,0
2021-03-25,5,7098,2021-12-08,0
2021-03-26,3,7101,2021-12-08,0
2021-03-27,7,7108,2021-12-08,0
2021-03-28,6,7114,2021-12-08,0
2021-03-29,5,7119,2021-12-08,0
2021-03-30,6,7125,2021-12-08,0
2021-03-31,8,7133,2021-12-08,0
2021-04-01,6,7139,2021-12-08,0
2021-04-02,9,7148,2021-12-08,0
2021-04-03,8,7156,2021-12-08,0
2021-04-04,6,7162,2021-12-08,0
2021-04-05,8,7170,2021-12-08,0
2021-04-06,7,7177,2021-12-08,0
2021-04-07,6,7183,2021-12-08,0
2021-04-08,10,7193,2021-12-08,0
2021-04-09,7,7200,2021-12-08,0
2021-04-10,7,7207,2021-12-08,0
2021-04-11,8,7215,2021-12-08,0
2021-04-12,10,7225,2021-12-08,0
2021-04-13,7,7232,2021-12-08,0
2021-04-14,8,7240,2021-12-08,0
2021-04-15,14,7254,2021-12-08,0
2021-04-16,8,7262,2021-12-08,0
2021-04-17,8,7270,2021-12-08,0
2021-04-18,8,7278,2021-12-08,0
2021-04-19,10,7288,2021-12-08,0
2021-04-20,5,7293,2021-12-08,0
2021-04-21,8,7301,2021-12-08,0
2021-04-22,2,7303,2021-12-08,0
2021-04-23,15,7318,2021-12-08,0
2021-04-24,11,7329,2021-12-08,0
2021-04-25,15,7344,2021-12-08,0
2021-04-26,15,7359,2021-12-08,0
2021-04-27,7,7366,2021-12-08,0
2021-04-28,14,7380,2021-12-08,0
2021-04-29,8,7388,2021-12-08,0
2021-04-30,11,7399,2021-12-08,0
2021-05-01,7,7406,2021-12-08,0
2021-05-02,8,7414,2021-12-08,0
2021-05-03,5,7419,2021-12-08,0
2021-05-04,13,7432,2021-12-08,0
2021-05-05,8,7440,2021-12-08,0
2021-05-06,5,7445,2021-12-08,0
2021-05-07,8,7453,2021-12-08,0
2021-05-08,7,7460,2021-12-08,0
2021-05-09,9,7469,2021-12-08,0
2021-05-10,8,7477,2021-12-08,0
2021-05-11,6,7483,2021-12-08,0
2021-05-12,9,7492,2021-12-08,0
2021-05-13,9,7501,2021-12-08,0
2021-05-14,11,7512,2021-12-08,0
2021-05-15,10,7522,2021-12-08,0
2021-05-16,6,7528,2021-12-08,0
2021-05-17,6,7534,2021-12-08,0
2021-05-18,7,7541,2021-12-08,0
2021-05-19,2,7543,2021-12-08,0
2021-05-20,5,7548,2021-12-08,0
2021-05-21,7,7555,2021-12-08,0
2021-05-22,11,7566,2021-12-08,0
2021-05-23,5,7571,2021-12-08,0
2021-05-24,5,7576,2021-12-08,0
2021-05-25,6,7582,2021-12-08,0
2021-05-26,3,7585,2021-12-08,0
2021-05-27,7,7592,2021-12-08,0
2021-05-28,2,7594,2021-12-08,0
2021-05-29,6,7600,2021-12-08,0
2021-05-30,4,7604,2021-12-08,0
2021-05-31,3,7607,2021-12-08,0
2021-06-01,5,7612,2021-12-08,0
2021-06-02,8,7620,2021-12-08,0
2021-06-03,4,7624,2021-12-08,0
2021-06-04,4,7628,2021-12-08,0
2021-06-05,2,7630,2021-12-08,0
2021-06-06,5,7635,2021-12-08,0
2021-06-07,3,7638,2021-12-08,0
2021-06-08,5,7643,2021-12-08,0
2021-06-09,4,7647,2021-12-08,0
2021-06-10,6,7653,2021-12-08,0
2021-06-11,6,7659,2021-12-08,0
2021-06-12,4,7663,2021-12-08,0
2021-06-13,4,7667,2021-12-08,0
2021-06-14,3,7670,2021-12-08,0
2021-06-15,2,7672,2021-12-08,0
2021-06-16,2,7674,2021-12-08,0
2021-06-17,4,7678,2021-12-08,0
2021-06-18,1,7679,2021-12-08,0
2021-06-19,6,7685,2021-12-08,0
2021-06-20,1,7686,2021-12-08,0
2021-06-21,5,7691,2021-12-08,0
2021-06-22,3,7694,2021-12-08,0
2021-06-23,4,7698,2021-12-08,0
2021-06-24,3,7701,2021-12-08,0
2021-06-25,3,7704,2021-12-08,0
2021-06-26,4,7708,2021-12-08,0
2021-06-27,2,7710,2021-12-08,0
2021-06-28,2,7712,2021-12-08,0
2021-06-29,2,7714,2021-12-08,0
2021-06-30,2,7716,2021-12-08,0
2021-07-01,0,7716,2021-12-08,0
2021-07-02,2,7718,2021-12-08,0
2021-07-03,2,7720,2021-12-08,0
2021-07-04,3,7723,2021-12-08,0
2021-07-05,1,7724,2021-12-08,0
2021-07-06,4,7728,2021-12-08,0
2021-07-07,1,7729,2021-12-08,0
2021-07-08,1,7730,2021-12-08,0
2021-07-09,0,7730,2021-12-08,0
2021-07-10,1,7731,2021-12-08,0
2021-07-11,3,7734,2021-12-08,0
2021-07-12,1,7735,2021-12-08,0
2021-07-13,2,7737,2021-12-08,0
2021-07-14,2,7739,2021-12-08,0
2021-07-15,2,7741,2021-12-08,0
2021-07-16,1,7742,2021-12-08,0
2021-07-17,1,7743,2021-12-08,0
2021-07-18,0,7743,2021-12-08,0
2021-07-19,0,7743,2021-12-08,0
2021-07-20,2,7745,2021-12-08,0
2021-07-21,2,7747,2021-12-08,0
2021-07-22,2,7749,2021-12-08,0
2021-07-23,3,7752,2021-12-08,0
2021-07-24,0,7752,2021-12-08,0
2021-07-25,2,7754,2021-12-08,0
2021-07-26,1,7755,2021-12-08,0
2021-07-27,2,7757,2021-12-08,0
2021-07-28,3,7760,2021-12-08,0
2021-07-29,2,7762,2021-12-08,0
2021-07-30,5,7767,2021-12-08,0
2021-07-31,4,7771,2021-12-08,0
2021-08-01,1,7772,2021-12-08,0
2021-08-02,3,7775,2021-12-08,0
2021-08-03,2,7777,2021-12-08,0
2021-08-04,3,7780,2021-12-08,0
2021-08-05,2,7782,2021-12-08,0
2021-08-06,7,7789,2021-12-08,0
2021-08-07,3,7792,2021-12-08,0
2021-08-08,2,7794,2021-12-08,0
2021-08-09,3,7797,2021-12-08,0
2021-08-10,2,7799,2021-12-08,0
2021-08-11,2,7801,2021-12-08,0
2021-08-12,7,7808,2021-12-08,0
2021-08-13,5,7813,2021-12-08,0
2021-08-14,6,7819,2021-12-08,0
2021-08-15,0,7819,2021-12-08,0
2021-08-16,7,7826,2021-12-08,0
2021-08-17,7,7833,2021-12-08,0
2021-08-18,9,7842,2021-12-08,0
2021-08-19,2,7844,2021-12-08,0
2021-08-20,3,7847,2021-12-08,0
2021-08-21,5,7852,2021-12-08,0
2021-08-22,7,7859,2021-12-08,0
2021-08-23,5,7864,2021-12-08,0
2021-08-24,12,7876,2021-12-08,0
2021-08-25,7,7883,2021-12-08,0
2021-08-26,2,7885,2021-12-08,0
2021-08-27,6,7891,2021-12-08,0
2021-08-28,11,7902,2021-12-08,0
2021-08-29,11,7913,2021-12-08,0
2021-08-30,8,7921,2021-12-08,0
2021-08-31,6,7927,2021-12-08,0
2021-09-01,6,7933,2021-12-08,0
2021-09-02,6,7939,2021-12-08,0
2021-09-03,9,7948,2021-12-08,0
2021-09-04,9,7957,2021-12-08,0
2021-09-05,10,7967,2021-12-08,0
2021-09-06,8,7975,2021-12-08,0
2021-09-07,7,7982,2021-12-08,0
2021-09-08,11,7993,2021-12-08,0
2021-09-09,5,7998,2021-12-08,0
2021-09-10,9,8007,2021-12-08,0
2021-09-11,17,8024,2021-12-08,0
2021-09-12,10,8034,2021-12-08,0
2021-09-13,7,8041,2021-12-08,0
2021-09-14,11,8052,2021-12-08,0
2021-09-15,14,8066,2021-12-08,0
2021-09-16,16,8082,2021-12-08,0
2021-09-17,8,8090,2021-12-08,0
2021-09-18,13,8103,2021-12-08,0
2021-09-19,11,8114,2021-12-08,0
2021-09-20,16,8130,2021-12-08,1
2021-09-21,15,8145,2021-12-08,0
2021-09-22,17,8162,2021-12-08,0
2021-09-23,13,8175,2021-12-08,0
2021-09-24,13,8188,2021-12-08,0
2021-09-25,16,8204,2021-12-08,0
2021-09-26,15,8219,2021-12-08,0
2021-09-27,15,8234,2021-12-08,0
2021-09-28,11,8245,2021-12-08,0
2021-09-29,19,8264,2021-12-08,0
2021-09-30,17,8281,2021-12-08,0
2021-10-01,13,8294,2021-12-08,0
2021-10-02,14,8308,2021-12-08,0
2021-10-03,23,8331,2021-12-08,0
2021-10-04,15,8346,2021-12-08,0
2021-10-05,23,8369,2021-12-08,0
2021-10-06,20,8389,2021-12-08,0
2021-10-07,13,8402,2021-12-08,0
2021-10-08,22,8424,2021-12-08,0
2021-10-09,20,8444,2021-12-08,0
2021-10-10,13,8457,2021-12-08,0
2021-10-11,11,8468,2021-12-08,0
2021-10-12,25,8493,2021-12-08,0
2021-10-13,20,8513,2021-12-08,0
2021-10-14,20,8533,2021-12-08,0
2021-10-15,14,8547,2021-12-08,0
2021-10-16,20,8567,2021-12-08,0
2021-10-17,17,8584,2021-12-08,0
2021-10-18,16,8600,2021-12-08,0
2021-10-19,25,8625,2021-12-08,0
2021-10-20,15,8640,2021-12-08,0
2021-10-21,8,8648,2021-12-08,0
2021-10-22,23,8671,2021-12-08,0
2021-10-23,24,8695,2021-12-08,0
2021-10-24,24,8719,2021-12-08,0
2021-10-25,20,8739,2021-12-08,0
2021-10-26,21,8760,2021-12-08,0
2021-10-27,15,8775,2021-12-08,0
2021-10-28,24,8799,2021-12-08,1
2021-10-29,19,8818,2021-12-08,0
2021-10-30,19,8837,2021-12-08,0
2021-10-31,25,8862,2021-12-08,1
2021-11-01,18,8880,2021-12-08,0
2021-11-02,18,8898,2021-12-08,0
2021-11-03,27,8925,2021-12-08,0
2021-11-04,27,8952,2021-12-08,0
2021-11-05,29,8981,2021-12-08,0
2021-11-06,15,8996,2021-12-08,0
2021-11-07,24,9020,2021-12-08,0
2021-11-08,27,9047,2021-12-08,0
2021-11-09,16,9063,2021-12-08,0
2021-11-10,18,9081,2021-12-08,0
2021-11-11,27,9108,2021-12-08,1
2021-11-12,27,9135,2021-12-08,0
2021-11-13,31,9166,2021-12-08,0
2021-11-14,24,9190,2021-12-08,0
2021-11-15,26,9216,2021-12-08,0
2021-11-16,25,9241,2021-12-08,0
2021-11-17,35,9276,2021-12-08,0
2021-11-18,36,9312,2021-12-08,0
2021-11-19,32,9344,2021-12-08,1
2021-11-20,28,9372,2021-12-08,0
2021-11-21,30,9402,2021-12-08,0
2021-11-22,25,9427,2021-12-08,1
2021-11-23,30,9457,2021-12-08,0
2021-11-24,22,9479,2021-12-08,0
2021-11-25,33,9512,2021-12-08,2
2021-11-26,46,9558,2021-12-08,1
2021-11-27,35,9593,2021-12-08,3
2021-11-28,35,9628,2021-12-08,0
2021-11-29,24,9652,2021-12-08,3
2021-11-30,26,9678,2021-12-08,3
2021-12-01,35,9713,2021-12-08,10
2021-12-02,24,9737,2021-12-08,11
2021-12-03,13,9750,2021-12-08,12
2021-12-04,11,9761,2021-12-08,11
2021-12-05,13,9774,2021-12-08,13
NA,0,9774,2021-12-08,0
2020-03-19,1,1,2021-12-09,0
2020-03-20,0,1,2021-12-09,0
2020-03-21,0,1,2021-12-09,0
2020-03-22,0,1,2021-12-09,0
2020-03-23,0,1,2021-12-09,0
2020-03-24,1,2,2021-12-09,0
2020-03-25,1,3,2021-12-09,0
2020-03-26,1,4,2021-12-09,0
2020-03-27,5,9,2021-12-09,0
2020-03-28,3,12,2021-12-09,0
2020-03-29,0,12,2021-12-09,0
2020-03-30,5,17,2021-12-09,0
2020-03-31,2,19,2021-12-09,0
2020-04-01,5,24,2021-12-09,0
2020-04-02,3,27,2021-12-09,0
2020-04-03,1,28,2021-12-09,0
2020-04-04,5,33,2021-12-09,0
2020-04-05,5,38,2021-12-09,0
2020-04-06,10,48,2021-12-09,0
2020-04-07,6,54,2021-12-09,0
2020-04-08,7,61,2021-12-09,0
2020-04-09,8,69,2021-12-09,0
2020-04-10,6,75,2021-12-09,0
2020-04-11,4,79,2021-12-09,0
2020-04-12,4,83,2021-12-09,0
2020-04-13,10,93,2021-12-09,0
2020-04-14,6,99,2021-12-09,0
2020-04-15,17,116,2021-12-09,0
2020-04-16,10,126,2021-12-09,0
2020-04-17,17,143,2021-12-09,0
2020-04-18,17,160,2021-12-09,0
2020-04-19,16,176,2021-12-09,0
2020-04-20,21,197,2021-12-09,0
2020-04-21,26,223,2021-12-09,0
2020-04-22,21,244,2021-12-09,0
2020-04-23,19,263,2021-12-09,0
2020-04-24,23,286,2021-12-09,0
2020-04-25,18,304,2021-12-09,0
2020-04-26,17,321,2021-12-09,0
2020-04-27,21,342,2021-12-09,0
2020-04-28,16,358,2021-12-09,0
2020-04-29,29,387,2021-12-09,0
2020-04-30,18,405,2021-12-09,0
2020-05-01,30,435,2021-12-09,0
2020-05-02,19,454,2021-12-09,0
2020-05-03,29,483,2021-12-09,0
2020-05-04,23,506,2021-12-09,0
2020-05-05,19,525,2021-12-09,0
2020-05-06,25,550,2021-12-09,0
2020-05-07,30,580,2021-12-09,0
2020-05-08,20,600,2021-12-09,0
2020-05-09,26,626,2021-12-09,0
2020-05-10,19,645,2021-12-09,0
2020-05-11,25,670,2021-12-09,0
2020-05-12,20,690,2021-12-09,0
2020-05-13,22,712,2021-12-09,0
2020-05-14,20,732,2021-12-09,0
2020-05-15,20,752,2021-12-09,0
2020-05-16,20,772,2021-12-09,0
2020-05-17,23,795,2021-12-09,0
2020-05-18,18,813,2021-12-09,0
2020-05-19,35,848,2021-12-09,0
2020-05-20,24,872,2021-12-09,0
2020-05-21,17,889,2021-12-09,0
2020-05-22,20,909,2021-12-09,0
2020-05-23,26,935,2021-12-09,0
2020-05-24,25,960,2021-12-09,0
2020-05-25,30,990,2021-12-09,0
2020-05-26,29,1019,2021-12-09,0
2020-05-27,25,1044,2021-12-09,0
2020-05-28,21,1065,2021-12-09,0
2020-05-29,17,1082,2021-12-09,0
2020-05-30,11,1093,2021-12-09,0
2020-05-31,20,1113,2021-12-09,0
2020-06-01,23,1136,2021-12-09,0
2020-06-02,21,1157,2021-12-09,0
2020-06-03,25,1182,2021-12-09,0
2020-06-04,26,1208,2021-12-09,0
2020-06-05,18,1226,2021-12-09,0
2020-06-06,12,1238,2021-12-09,0
2020-06-07,22,1260,2021-12-09,0
2020-06-08,12,1272,2021-12-09,0
2020-06-09,13,1285,2021-12-09,0
2020-06-10,10,1295,2021-12-09,0
2020-06-11,12,1307,2021-12-09,0
2020-06-12,11,1318,2021-12-09,0
2020-06-13,13,1331,2021-12-09,0
2020-06-14,11,1342,2021-12-09,0
2020-06-15,8,1350,2021-12-09,0
2020-06-16,9,1359,2021-12-09,0
2020-06-17,17,1376,2021-12-09,0
2020-06-18,9,1385,2021-12-09,0
2020-06-19,8,1393,2021-12-09,0
2020-06-20,12,1405,2021-12-09,0
2020-06-21,11,1416,2021-12-09,0
2020-06-22,6,1422,2021-12-09,0
2020-06-23,10,1432,2021-12-09,0
2020-06-24,1,1433,2021-12-09,0
2020-06-25,9,1442,2021-12-09,0
2020-06-26,6,1448,2021-12-09,0
2020-06-27,5,1453,2021-12-09,0
2020-06-28,11,1464,2021-12-09,0
2020-06-29,7,1471,2021-12-09,0
2020-06-30,9,1480,2021-12-09,0
2020-07-01,2,1482,2021-12-09,0
2020-07-02,3,1485,2021-12-09,0
2020-07-03,5,1490,2021-12-09,0
2020-07-04,4,1494,2021-12-09,0
2020-07-05,6,1500,2021-12-09,0
2020-07-06,4,1504,2021-12-09,0
2020-07-07,2,1506,2021-12-09,0
2020-07-08,9,1515,2021-12-09,0
2020-07-09,4,1519,2021-12-09,0
2020-07-10,3,1522,2021-12-09,0
2020-07-11,4,1526,2021-12-09,0
2020-07-12,6,1532,2021-12-09,0
2020-07-13,2,1534,2021-12-09,0
2020-07-14,6,1540,2021-12-09,0
2020-07-15,7,1547,2021-12-09,0
2020-07-16,3,1550,2021-12-09,0
2020-07-17,7,1557,2021-12-09,0
2020-07-18,6,1563,2021-12-09,0
2020-07-19,5,1568,2021-12-09,0
2020-07-20,3,1571,2021-12-09,0
2020-07-21,6,1577,2021-12-09,0
2020-07-22,5,1582,2021-12-09,0
2020-07-23,8,1590,2021-12-09,0
2020-07-24,6,1596,2021-12-09,0
2020-07-25,2,1598,2021-12-09,0
2020-07-26,5,1603,2021-12-09,0
2020-07-27,5,1608,2021-12-09,0
2020-07-28,7,1615,2021-12-09,0
2020-07-29,3,1618,2021-12-09,0
2020-07-30,6,1624,2021-12-09,0
2020-07-31,9,1633,2021-12-09,0
2020-08-01,4,1637,2021-12-09,0
2020-08-02,7,1644,2021-12-09,0
2020-08-03,4,1648,2021-12-09,0
2020-08-04,7,1655,2021-12-09,0
2020-08-05,8,1663,2021-12-09,0
2020-08-06,9,1672,2021-12-09,0
2020-08-07,7,1679,2021-12-09,0
2020-08-08,6,1685,2021-12-09,0
2020-08-09,10,1695,2021-12-09,0
2020-08-10,3,1698,2021-12-09,0
2020-08-11,9,1707,2021-12-09,0
2020-08-12,7,1714,2021-12-09,0
2020-08-13,5,1719,2021-12-09,0
2020-08-14,9,1728,2021-12-09,0
2020-08-15,13,1741,2021-12-09,0
2020-08-16,13,1754,2021-12-09,0
2020-08-17,6,1760,2021-12-09,0
2020-08-18,11,1771,2021-12-09,0
2020-08-19,3,1774,2021-12-09,0
2020-08-20,10,1784,2021-12-09,0
2020-08-21,12,1796,2021-12-09,0
2020-08-22,9,1805,2021-12-09,0
2020-08-23,7,1812,2021-12-09,0
2020-08-24,9,1821,2021-12-09,0
2020-08-25,4,1825,2021-12-09,0
2020-08-26,3,1828,2021-12-09,0
2020-08-27,7,1835,2021-12-09,0
2020-08-28,6,1841,2021-12-09,0
2020-08-29,3,1844,2021-12-09,0
2020-08-30,5,1849,2021-12-09,0
2020-08-31,9,1858,2021-12-09,0
2020-09-01,2,1860,2021-12-09,0
2020-09-02,7,1867,2021-12-09,0
2020-09-03,12,1879,2021-12-09,0
2020-09-04,4,1883,2021-12-09,0
2020-09-05,6,1889,2021-12-09,0
2020-09-06,12,1901,2021-12-09,0
2020-09-07,3,1904,2021-12-09,0
2020-09-08,6,1910,2021-12-09,0
2020-09-09,10,1920,2021-12-09,0
2020-09-10,9,1929,2021-12-09,0
2020-09-11,11,1940,2021-12-09,0
2020-09-12,8,1948,2021-12-09,0
2020-09-13,8,1956,2021-12-09,0
2020-09-14,2,1958,2021-12-09,0
2020-09-15,7,1965,2021-12-09,0
2020-09-16,9,1974,2021-12-09,0
2020-09-17,5,1979,2021-12-09,0
2020-09-18,6,1985,2021-12-09,0
2020-09-19,4,1989,2021-12-09,0
2020-09-20,9,1998,2021-12-09,0
2020-09-21,7,2005,2021-12-09,0
2020-09-22,8,2013,2021-12-09,0
2020-09-23,9,2022,2021-12-09,0
2020-09-24,8,2030,2021-12-09,0
2020-09-25,11,2041,2021-12-09,0
2020-09-26,9,2050,2021-12-09,0
2020-09-27,14,2064,2021-12-09,0
2020-09-28,11,2075,2021-12-09,0
2020-09-29,5,2080,2021-12-09,0
2020-09-30,16,2096,2021-12-09,0
2020-10-01,7,2103,2021-12-09,0
2020-10-02,13,2116,2021-12-09,0
2020-10-03,9,2125,2021-12-09,0
2020-10-04,7,2132,2021-12-09,0
2020-10-05,10,2142,2021-12-09,0
2020-10-06,13,2155,2021-12-09,0
2020-10-07,19,2174,2021-12-09,0
2020-10-08,9,2183,2021-12-09,0
2020-10-09,17,2200,2021-12-09,0
2020-10-10,16,2216,2021-12-09,0
2020-10-11,16,2232,2021-12-09,0
2020-10-12,20,2252,2021-12-09,0
2020-10-13,14,2266,2021-12-09,0
2020-10-14,10,2276,2021-12-09,0
2020-10-15,9,2285,2021-12-09,0
2020-10-16,12,2297,2021-12-09,0
2020-10-17,18,2315,2021-12-09,0
2020-10-18,25,2340,2021-12-09,0
2020-10-19,18,2358,2021-12-09,0
2020-10-20,15,2373,2021-12-09,0
2020-10-21,24,2397,2021-12-09,0
2020-10-22,18,2415,2021-12-09,0
2020-10-23,19,2434,2021-12-09,0
2020-10-24,8,2442,2021-12-09,0
2020-10-25,17,2459,2021-12-09,0
2020-10-26,25,2484,2021-12-09,0
2020-10-27,23,2507,2021-12-09,0
2020-10-28,29,2536,2021-12-09,0
2020-10-29,18,2554,2021-12-09,0
2020-10-30,27,2581,2021-12-09,0
2020-10-31,25,2606,2021-12-09,0
2020-11-01,21,2627,2021-12-09,0
2020-11-02,25,2652,2021-12-09,0
2020-11-03,25,2677,2021-12-09,0
2020-11-04,33,2710,2021-12-09,0
2020-11-05,38,2748,2021-12-09,0
2020-11-06,39,2787,2021-12-09,0
2020-11-07,42,2829,2021-12-09,0
2020-11-08,47,2876,2021-12-09,0
2020-11-09,36,2912,2021-12-09,0
2020-11-10,35,2947,2021-12-09,0
2020-11-11,43,2990,2021-12-09,0
2020-11-12,45,3035,2021-12-09,0
2020-11-13,40,3075,2021-12-09,0
2020-11-14,48,3123,2021-12-09,0
2020-11-15,46,3169,2021-12-09,0
2020-11-16,62,3231,2021-12-09,0
2020-11-17,56,3287,2021-12-09,0
2020-11-18,61,3348,2021-12-09,0
2020-11-19,60,3408,2021-12-09,0
2020-11-20,63,3471,2021-12-09,0
2020-11-21,58,3529,2021-12-09,0
2020-11-22,67,3596,2021-12-09,0
2020-11-23,59,3655,2021-12-09,0
2020-11-24,69,3724,2021-12-09,0
2020-11-25,72,3796,2021-12-09,0
2020-11-26,54,3850,2021-12-09,0
2020-11-27,69,3919,2021-12-09,0
2020-11-28,62,3981,2021-12-09,0
2020-11-29,68,4049,2021-12-09,0
2020-11-30,61,4110,2021-12-09,0
2020-12-01,64,4174,2021-12-09,0
2020-12-02,73,4247,2021-12-09,0
2020-12-03,86,4333,2021-12-09,0
2020-12-04,67,4400,2021-12-09,0
2020-12-05,74,4474,2021-12-09,0
2020-12-06,80,4554,2021-12-09,0
2020-12-07,75,4629,2021-12-09,0
2020-12-08,61,4690,2021-12-09,0
2020-12-09,71,4761,2021-12-09,0
2020-12-10,72,4833,2021-12-09,0
2020-12-11,71,4904,2021-12-09,0
2020-12-12,72,4976,2021-12-09,0
2020-12-13,56,5032,2021-12-09,0
2020-12-14,43,5075,2021-12-09,0
2020-12-15,65,5140,2021-12-09,0
2020-12-16,73,5213,2021-12-09,0
2020-12-17,60,5273,2021-12-09,0
2020-12-18,59,5332,2021-12-09,0
2020-12-19,56,5388,2021-12-09,0
2020-12-20,61,5449,2021-12-09,0
2020-12-21,58,5507,2021-12-09,0
2020-12-22,33,5540,2021-12-09,0
2020-12-23,46,5586,2021-12-09,0
2020-12-24,50,5636,2021-12-09,0
2020-12-25,36,5672,2021-12-09,0
2020-12-26,43,5715,2021-12-09,0
2020-12-27,41,5756,2021-12-09,0
2020-12-28,34,5790,2021-12-09,0
2020-12-29,37,5827,2021-12-09,0
2020-12-30,47,5874,2021-12-09,0
2020-12-31,36,5910,2021-12-09,0
2021-01-01,28,5938,2021-12-09,0
2021-01-02,47,5985,2021-12-09,0
2021-01-03,37,6022,2021-12-09,0
2021-01-04,32,6054,2021-12-09,0
2021-01-05,40,6094,2021-12-09,0
2021-01-06,32,6126,2021-12-09,0
2021-01-07,37,6163,2021-12-09,0
2021-01-08,32,6195,2021-12-09,0
2021-01-09,26,6221,2021-12-09,0
2021-01-10,29,6250,2021-12-09,0
2021-01-11,26,6276,2021-12-09,0
2021-01-12,32,6308,2021-12-09,0
2021-01-13,23,6331,2021-12-09,0
2021-01-14,41,6372,2021-12-09,0
2021-01-15,26,6398,2021-12-09,0
2021-01-16,30,6428,2021-12-09,0
2021-01-17,21,6449,2021-12-09,0
2021-01-18,19,6468,2021-12-09,0
2021-01-19,14,6482,2021-12-09,0
2021-01-20,26,6508,2021-12-09,0
2021-01-21,16,6524,2021-12-09,0
2021-01-22,13,6537,2021-12-09,0
2021-01-23,17,6554,2021-12-09,0
2021-01-24,24,6578,2021-12-09,0
2021-01-25,19,6597,2021-12-09,0
2021-01-26,21,6618,2021-12-09,0
2021-01-27,11,6629,2021-12-09,0
2021-01-28,12,6641,2021-12-09,0
2021-01-29,15,6656,2021-12-09,0
2021-01-30,13,6669,2021-12-09,0
2021-01-31,16,6685,2021-12-09,0
2021-02-01,17,6702,2021-12-09,0
2021-02-02,10,6712,2021-12-09,0
2021-02-03,11,6723,2021-12-09,0
2021-02-04,11,6734,2021-12-09,0
2021-02-05,12,6746,2021-12-09,0
2021-02-06,12,6758,2021-12-09,0
2021-02-07,19,6777,2021-12-09,0
2021-02-08,11,6788,2021-12-09,0
2021-02-09,15,6803,2021-12-09,0
2021-02-10,14,6817,2021-12-09,0
2021-02-11,7,6824,2021-12-09,0
2021-02-12,13,6837,2021-12-09,0
2021-02-13,8,6845,2021-12-09,0
2021-02-14,10,6855,2021-12-09,0
2021-02-15,9,6864,2021-12-09,0
2021-02-16,12,6876,2021-12-09,0
2021-02-17,10,6886,2021-12-09,0
2021-02-18,7,6893,2021-12-09,0
2021-02-19,6,6899,2021-12-09,0
2021-02-20,7,6906,2021-12-09,0
2021-02-21,4,6910,2021-12-09,0
2021-02-22,5,6915,2021-12-09,0
2021-02-23,9,6924,2021-12-09,0
2021-02-24,5,6929,2021-12-09,0
2021-02-25,5,6934,2021-12-09,0
2021-02-26,7,6941,2021-12-09,0
2021-02-27,6,6947,2021-12-09,0
2021-02-28,8,6955,2021-12-09,0
2021-03-01,7,6962,2021-12-09,0
2021-03-02,3,6965,2021-12-09,0
2021-03-03,10,6975,2021-12-09,0
2021-03-04,6,6981,2021-12-09,0
2021-03-05,10,6991,2021-12-09,0
2021-03-06,5,6996,2021-12-09,0
2021-03-07,9,7005,2021-12-09,0
2021-03-08,5,7010,2021-12-09,0
2021-03-09,7,7017,2021-12-09,0
2021-03-10,5,7022,2021-12-09,0
2021-03-11,4,7026,2021-12-09,0
2021-03-12,11,7037,2021-12-09,0
2021-03-13,5,7042,2021-12-09,0
2021-03-14,5,7047,2021-12-09,0
2021-03-15,2,7049,2021-12-09,0
2021-03-16,6,7055,2021-12-09,0
2021-03-17,4,7059,2021-12-09,0
2021-03-18,5,7064,2021-12-09,0
2021-03-19,5,7069,2021-12-09,0
2021-03-20,9,7078,2021-12-09,0
2021-03-21,5,7083,2021-12-09,0
2021-03-22,4,7087,2021-12-09,0
2021-03-23,5,7092,2021-12-09,0
2021-03-24,1,7093,2021-12-09,0
2021-03-25,5,7098,2021-12-09,0
2021-03-26,3,7101,2021-12-09,0
2021-03-27,7,7108,2021-12-09,0
2021-03-28,6,7114,2021-12-09,0
2021-03-29,5,7119,2021-12-09,0
2021-03-30,6,7125,2021-12-09,0
2021-03-31,8,7133,2021-12-09,0
2021-04-01,6,7139,2021-12-09,0
2021-04-02,9,7148,2021-12-09,0
2021-04-03,8,7156,2021-12-09,0
2021-04-04,6,7162,2021-12-09,0
2021-04-05,8,7170,2021-12-09,0
2021-04-06,7,7177,2021-12-09,0
2021-04-07,6,7183,2021-12-09,0
2021-04-08,10,7193,2021-12-09,0
2021-04-09,7,7200,2021-12-09,0
2021-04-10,7,7207,2021-12-09,0
2021-04-11,8,7215,2021-12-09,0
2021-04-12,10,7225,2021-12-09,0
2021-04-13,7,7232,2021-12-09,0
2021-04-14,8,7240,2021-12-09,0
2021-04-15,14,7254,2021-12-09,0
2021-04-16,8,7262,2021-12-09,0
2021-04-17,8,7270,2021-12-09,0
2021-04-18,8,7278,2021-12-09,0
2021-04-19,10,7288,2021-12-09,0
2021-04-20,5,7293,2021-12-09,0
2021-04-21,8,7301,2021-12-09,0
2021-04-22,2,7303,2021-12-09,0
2021-04-23,15,7318,2021-12-09,0
2021-04-24,11,7329,2021-12-09,0
2021-04-25,15,7344,2021-12-09,0
2021-04-26,15,7359,2021-12-09,0
2021-04-27,7,7366,2021-12-09,0
2021-04-28,14,7380,2021-12-09,0
2021-04-29,8,7388,2021-12-09,0
2021-04-30,11,7399,2021-12-09,0
2021-05-01,7,7406,2021-12-09,0
2021-05-02,8,7414,2021-12-09,0
2021-05-03,5,7419,2021-12-09,0
2021-05-04,13,7432,2021-12-09,0
2021-05-05,8,7440,2021-12-09,0
2021-05-06,5,7445,2021-12-09,0
2021-05-07,8,7453,2021-12-09,0
2021-05-08,7,7460,2021-12-09,0
2021-05-09,9,7469,2021-12-09,0
2021-05-10,8,7477,2021-12-09,0
2021-05-11,6,7483,2021-12-09,0
2021-05-12,9,7492,2021-12-09,0
2021-05-13,9,7501,2021-12-09,0
2021-05-14,11,7512,2021-12-09,0
2021-05-15,10,7522,2021-12-09,0
2021-05-16,6,7528,2021-12-09,0
2021-05-17,6,7534,2021-12-09,0
2021-05-18,7,7541,2021-12-09,0
2021-05-19,2,7543,2021-12-09,0
2021-05-20,5,7548,2021-12-09,0
2021-05-21,7,7555,2021-12-09,0
2021-05-22,11,7566,2021-12-09,0
2021-05-23,5,7571,2021-12-09,0
2021-05-24,5,7576,2021-12-09,0
2021-05-25,6,7582,2021-12-09,0
2021-05-26,3,7585,2021-12-09,0
2021-05-27,7,7592,2021-12-09,0
2021-05-28,2,7594,2021-12-09,0
2021-05-29,6,7600,2021-12-09,0
2021-05-30,4,7604,2021-12-09,0
2021-05-31,3,7607,2021-12-09,0
2021-06-01,5,7612,2021-12-09,0
2021-06-02,8,7620,2021-12-09,0
2021-06-03,4,7624,2021-12-09,0
2021-06-04,4,7628,2021-12-09,0
2021-06-05,2,7630,2021-12-09,0
2021-06-06,5,7635,2021-12-09,0
2021-06-07,3,7638,2021-12-09,0
2021-06-08,5,7643,2021-12-09,0
2021-06-09,4,7647,2021-12-09,0
2021-06-10,6,7653,2021-12-09,0
2021-06-11,6,7659,2021-12-09,0
2021-06-12,4,7663,2021-12-09,0
2021-06-13,4,7667,2021-12-09,0
2021-06-14,3,7670,2021-12-09,0
2021-06-15,2,7672,2021-12-09,0
2021-06-16,2,7674,2021-12-09,0
2021-06-17,4,7678,2021-12-09,0
2021-06-18,1,7679,2021-12-09,0
2021-06-19,6,7685,2021-12-09,0
2021-06-20,1,7686,2021-12-09,0
2021-06-21,5,7691,2021-12-09,0
2021-06-22,3,7694,2021-12-09,0
2021-06-23,4,7698,2021-12-09,0
2021-06-24,3,7701,2021-12-09,0
2021-06-25,3,7704,2021-12-09,0
2021-06-26,4,7708,2021-12-09,0
2021-06-27,2,7710,2021-12-09,0
2021-06-28,2,7712,2021-12-09,0
2021-06-29,2,7714,2021-12-09,0
2021-06-30,2,7716,2021-12-09,0
2021-07-01,0,7716,2021-12-09,0
2021-07-02,2,7718,2021-12-09,0
2021-07-03,2,7720,2021-12-09,0
2021-07-04,3,7723,2021-12-09,0
2021-07-05,1,7724,2021-12-09,0
2021-07-06,4,7728,2021-12-09,0
2021-07-07,1,7729,2021-12-09,0
2021-07-08,1,7730,2021-12-09,0
2021-07-09,0,7730,2021-12-09,0
2021-07-10,1,7731,2021-12-09,0
2021-07-11,3,7734,2021-12-09,0
2021-07-12,1,7735,2021-12-09,0
2021-07-13,2,7737,2021-12-09,0
2021-07-14,2,7739,2021-12-09,0
2021-07-15,2,7741,2021-12-09,0
2021-07-16,1,7742,2021-12-09,0
2021-07-17,1,7743,2021-12-09,0
2021-07-18,0,7743,2021-12-09,0
2021-07-19,0,7743,2021-12-09,0
2021-07-20,2,7745,2021-12-09,0
2021-07-21,2,7747,2021-12-09,0
2021-07-22,2,7749,2021-12-09,0
2021-07-23,3,7752,2021-12-09,0
2021-07-24,0,7752,2021-12-09,0
2021-07-25,2,7754,2021-12-09,0
2021-07-26,1,7755,2021-12-09,0
2021-07-27,2,7757,2021-12-09,0
2021-07-28,3,7760,2021-12-09,0
2021-07-29,2,7762,2021-12-09,0
2021-07-30,5,7767,2021-12-09,0
2021-07-31,4,7771,2021-12-09,0
2021-08-01,1,7772,2021-12-09,0
2021-08-02,3,7775,2021-12-09,0
2021-08-03,2,7777,2021-12-09,0
2021-08-04,3,7780,2021-12-09,0
2021-08-05,2,7782,2021-12-09,0
2021-08-06,7,7789,2021-12-09,0
2021-08-07,3,7792,2021-12-09,0
2021-08-08,2,7794,2021-12-09,0
2021-08-09,3,7797,2021-12-09,0
2021-08-10,2,7799,2021-12-09,0
2021-08-11,2,7801,2021-12-09,0
2021-08-12,7,7808,2021-12-09,0
2021-08-13,5,7813,2021-12-09,0
2021-08-14,6,7819,2021-12-09,0
2021-08-15,0,7819,2021-12-09,0
2021-08-16,7,7826,2021-12-09,0
2021-08-17,7,7833,2021-12-09,0
2021-08-18,9,7842,2021-12-09,0
2021-08-19,2,7844,2021-12-09,0
2021-08-20,3,7847,2021-12-09,0
2021-08-21,5,7852,2021-12-09,0
2021-08-22,7,7859,2021-12-09,0
2021-08-23,5,7864,2021-12-09,0
2021-08-24,12,7876,2021-12-09,0
2021-08-25,7,7883,2021-12-09,0
2021-08-26,2,7885,2021-12-09,0
2021-08-27,6,7891,2021-12-09,0
2021-08-28,11,7902,2021-12-09,0
2021-08-29,11,7913,2021-12-09,0
2021-08-30,8,7921,2021-12-09,0
2021-08-31,6,7927,2021-12-09,0
2021-09-01,6,7933,2021-12-09,0
2021-09-02,6,7939,2021-12-09,0
2021-09-03,9,7948,2021-12-09,0
2021-09-04,9,7957,2021-12-09,0
2021-09-05,10,7967,2021-12-09,0
2021-09-06,8,7975,2021-12-09,0
2021-09-07,7,7982,2021-12-09,0
2021-09-08,11,7993,2021-12-09,0
2021-09-09,5,7998,2021-12-09,0
2021-09-10,9,8007,2021-12-09,0
2021-09-11,17,8024,2021-12-09,0
2021-09-12,10,8034,2021-12-09,0
2021-09-13,7,8041,2021-12-09,0
2021-09-14,11,8052,2021-12-09,0
2021-09-15,14,8066,2021-12-09,0
2021-09-16,16,8082,2021-12-09,0
2021-09-17,8,8090,2021-12-09,0
2021-09-18,13,8103,2021-12-09,0
2021-09-19,11,8114,2021-12-09,0
2021-09-20,16,8130,2021-12-09,0
2021-09-21,15,8145,2021-12-09,0
2021-09-22,17,8162,2021-12-09,0
2021-09-23,13,8175,2021-12-09,0
2021-09-24,13,8188,2021-12-09,0
2021-09-25,16,8204,2021-12-09,0
2021-09-26,15,8219,2021-12-09,0
2021-09-27,15,8234,2021-12-09,0
2021-09-28,11,8245,2021-12-09,0
2021-09-29,19,8264,2021-12-09,0
2021-09-30,17,8281,2021-12-09,0
2021-10-01,13,8294,2021-12-09,0
2021-10-02,14,8308,2021-12-09,0
2021-10-03,23,8331,2021-12-09,0
2021-10-04,15,8346,2021-12-09,0
2021-10-05,23,8369,2021-12-09,0
2021-10-06,20,8389,2021-12-09,0
2021-10-07,13,8402,2021-12-09,0
2021-10-08,22,8424,2021-12-09,0
2021-10-09,20,8444,2021-12-09,0
2021-10-10,13,8457,2021-12-09,0
2021-10-11,11,8468,2021-12-09,0
2021-10-12,25,8493,2021-12-09,0
2021-10-13,20,8513,2021-12-09,0
2021-10-14,20,8533,2021-12-09,0
2021-10-15,14,8547,2021-12-09,0
2021-10-16,20,8567,2021-12-09,0
2021-10-17,17,8584,2021-12-09,0
2021-10-18,16,8600,2021-12-09,0
2021-10-19,25,8625,2021-12-09,0
2021-10-20,15,8640,2021-12-09,0
2021-10-21,8,8648,2021-12-09,0
2021-10-22,23,8671,2021-12-09,0
2021-10-23,24,8695,2021-12-09,0
2021-10-24,24,8719,2021-12-09,0
2021-10-25,20,8739,2021-12-09,0
2021-10-26,21,8760,2021-12-09,0
2021-10-27,15,8775,2021-12-09,0
2021-10-28,24,8799,2021-12-09,0
2021-10-29,19,8818,2021-12-09,0
2021-10-30,19,8837,2021-12-09,0
2021-10-31,25,8862,2021-12-09,0
2021-11-01,18,8880,2021-12-09,0
2021-11-02,18,8898,2021-12-09,0
2021-11-03,27,8925,2021-12-09,0
2021-11-04,27,8952,2021-12-09,0
2021-11-05,29,8981,2021-12-09,0
2021-11-06,15,8996,2021-12-09,0
2021-11-07,24,9020,2021-12-09,0
2021-11-08,27,9047,2021-12-09,0
2021-11-09,16,9063,2021-12-09,0
2021-11-10,18,9081,2021-12-09,0
2021-11-11,27,9108,2021-12-09,0
2021-11-12,27,9135,2021-12-09,0
2021-11-13,31,9166,2021-12-09,0
2021-11-14,24,9190,2021-12-09,0
2021-11-15,26,9216,2021-12-09,0
2021-11-16,25,9241,2021-12-09,0
2021-11-17,35,9276,2021-12-09,0
2021-11-18,36,9312,2021-12-09,0
2021-11-19,32,9344,2021-12-09,0
2021-11-20,28,9372,2021-12-09,0
2021-11-21,30,9402,2021-12-09,0
2021-11-22,25,9427,2021-12-09,0
2021-11-23,30,9457,2021-12-09,0
2021-11-24,22,9479,2021-12-09,0
2021-11-25,33,9512,2021-12-09,0
2021-11-26,47,9559,2021-12-09,1
2021-11-27,36,9595,2021-12-09,1
2021-11-28,36,9631,2021-12-09,1
2021-11-29,25,9656,2021-12-09,1
2021-11-30,27,9683,2021-12-09,1
2021-12-01,40,9723,2021-12-09,5
2021-12-02,25,9748,2021-12-09,1
2021-12-03,17,9765,2021-12-09,4
2021-12-04,18,9783,2021-12-09,7
2021-12-05,18,9801,2021-12-09,5
2021-12-06,11,9812,2021-12-09,11
2021-12-07,2,9814,2021-12-09,2
NA,0,9814,2021-12-09,0
2020-03-19,1,1,2021-12-10,0
2020-03-20,0,1,2021-12-10,0
2020-03-21,0,1,2021-12-10,0
2020-03-22,0,1,2021-12-10,0
2020-03-23,0,1,2021-12-10,0
2020-03-24,1,2,2021-12-10,0
2020-03-25,1,3,2021-12-10,0
2020-03-26,1,4,2021-12-10,0
2020-03-27,5,9,2021-12-10,0
2020-03-28,3,12,2021-12-10,0
2020-03-29,0,12,2021-12-10,0
2020-03-30,5,17,2021-12-10,0
2020-03-31,2,19,2021-12-10,0
2020-04-01,5,24,2021-12-10,0
2020-04-02,3,27,2021-12-10,0
2020-04-03,1,28,2021-12-10,0
2020-04-04,5,33,2021-12-10,0
2020-04-05,5,38,2021-12-10,0
2020-04-06,10,48,2021-12-10,0
2020-04-07,6,54,2021-12-10,0
2020-04-08,7,61,2021-12-10,0
2020-04-09,8,69,2021-12-10,0
2020-04-10,6,75,2021-12-10,0
2020-04-11,4,79,2021-12-10,0
2020-04-12,4,83,2021-12-10,0
2020-04-13,10,93,2021-12-10,0
2020-04-14,6,99,2021-12-10,0
2020-04-15,17,116,2021-12-10,0
2020-04-16,10,126,2021-12-10,0
2020-04-17,17,143,2021-12-10,0
2020-04-18,17,160,2021-12-10,0
2020-04-19,16,176,2021-12-10,0
2020-04-20,21,197,2021-12-10,0
2020-04-21,26,223,2021-12-10,0
2020-04-22,21,244,2021-12-10,0
2020-04-23,19,263,2021-12-10,0
2020-04-24,23,286,2021-12-10,0
2020-04-25,18,304,2021-12-10,0
2020-04-26,17,321,2021-12-10,0
2020-04-27,21,342,2021-12-10,0
2020-04-28,16,358,2021-12-10,0
2020-04-29,29,387,2021-12-10,0
2020-04-30,18,405,2021-12-10,0
2020-05-01,30,435,2021-12-10,0
2020-05-02,19,454,2021-12-10,0
2020-05-03,29,483,2021-12-10,0
2020-05-04,23,506,2021-12-10,0
2020-05-05,19,525,2021-12-10,0
2020-05-06,25,550,2021-12-10,0
2020-05-07,30,580,2021-12-10,0
2020-05-08,20,600,2021-12-10,0
2020-05-09,26,626,2021-12-10,0
2020-05-10,19,645,2021-12-10,0
2020-05-11,25,670,2021-12-10,0
2020-05-12,20,690,2021-12-10,0
2020-05-13,22,712,2021-12-10,0
2020-05-14,20,732,2021-12-10,0
2020-05-15,20,752,2021-12-10,0
2020-05-16,20,772,2021-12-10,0
2020-05-17,23,795,2021-12-10,0
2020-05-18,18,813,2021-12-10,0
2020-05-19,35,848,2021-12-10,0
2020-05-20,24,872,2021-12-10,0
2020-05-21,17,889,2021-12-10,0
2020-05-22,20,909,2021-12-10,0
2020-05-23,26,935,2021-12-10,0
2020-05-24,25,960,2021-12-10,0
2020-05-25,30,990,2021-12-10,0
2020-05-26,29,1019,2021-12-10,0
2020-05-27,25,1044,2021-12-10,0
2020-05-28,21,1065,2021-12-10,0
2020-05-29,17,1082,2021-12-10,0
2020-05-30,11,1093,2021-12-10,0
2020-05-31,20,1113,2021-12-10,0
2020-06-01,23,1136,2021-12-10,0
2020-06-02,21,1157,2021-12-10,0
2020-06-03,25,1182,2021-12-10,0
2020-06-04,26,1208,2021-12-10,0
2020-06-05,18,1226,2021-12-10,0
2020-06-06,12,1238,2021-12-10,0
2020-06-07,22,1260,2021-12-10,0
2020-06-08,12,1272,2021-12-10,0
2020-06-09,13,1285,2021-12-10,0
2020-06-10,10,1295,2021-12-10,0
2020-06-11,12,1307,2021-12-10,0
2020-06-12,11,1318,2021-12-10,0
2020-06-13,13,1331,2021-12-10,0
2020-06-14,11,1342,2021-12-10,0
2020-06-15,8,1350,2021-12-10,0
2020-06-16,9,1359,2021-12-10,0
2020-06-17,17,1376,2021-12-10,0
2020-06-18,9,1385,2021-12-10,0
2020-06-19,8,1393,2021-12-10,0
2020-06-20,12,1405,2021-12-10,0
2020-06-21,11,1416,2021-12-10,0
2020-06-22,6,1422,2021-12-10,0
2020-06-23,10,1432,2021-12-10,0
2020-06-24,1,1433,2021-12-10,0
2020-06-25,9,1442,2021-12-10,0
2020-06-26,6,1448,2021-12-10,0
2020-06-27,5,1453,2021-12-10,0
2020-06-28,11,1464,2021-12-10,0
2020-06-29,7,1471,2021-12-10,0
2020-06-30,9,1480,2021-12-10,0
2020-07-01,2,1482,2021-12-10,0
2020-07-02,3,1485,2021-12-10,0
2020-07-03,5,1490,2021-12-10,0
2020-07-04,4,1494,2021-12-10,0
2020-07-05,6,1500,2021-12-10,0
2020-07-06,4,1504,2021-12-10,0
2020-07-07,2,1506,2021-12-10,0
2020-07-08,9,1515,2021-12-10,0
2020-07-09,4,1519,2021-12-10,0
2020-07-10,3,1522,2021-12-10,0
2020-07-11,4,1526,2021-12-10,0
2020-07-12,6,1532,2021-12-10,0
2020-07-13,2,1534,2021-12-10,0
2020-07-14,6,1540,2021-12-10,0
2020-07-15,7,1547,2021-12-10,0
2020-07-16,3,1550,2021-12-10,0
2020-07-17,7,1557,2021-12-10,0
2020-07-18,6,1563,2021-12-10,0
2020-07-19,5,1568,2021-12-10,0
2020-07-20,3,1571,2021-12-10,0
2020-07-21,6,1577,2021-12-10,0
2020-07-22,5,1582,2021-12-10,0
2020-07-23,8,1590,2021-12-10,0
2020-07-24,6,1596,2021-12-10,0
2020-07-25,2,1598,2021-12-10,0
2020-07-26,5,1603,2021-12-10,0
2020-07-27,5,1608,2021-12-10,0
2020-07-28,7,1615,2021-12-10,0
2020-07-29,3,1618,2021-12-10,0
2020-07-30,6,1624,2021-12-10,0
2020-07-31,9,1633,2021-12-10,0
2020-08-01,4,1637,2021-12-10,0
2020-08-02,7,1644,2021-12-10,0
2020-08-03,4,1648,2021-12-10,0
2020-08-04,7,1655,2021-12-10,0
2020-08-05,8,1663,2021-12-10,0
2020-08-06,9,1672,2021-12-10,0
2020-08-07,7,1679,2021-12-10,0
2020-08-08,6,1685,2021-12-10,0
2020-08-09,10,1695,2021-12-10,0
2020-08-10,3,1698,2021-12-10,0
2020-08-11,9,1707,2021-12-10,0
2020-08-12,7,1714,2021-12-10,0
2020-08-13,5,1719,2021-12-10,0
2020-08-14,9,1728,2021-12-10,0
2020-08-15,13,1741,2021-12-10,0
2020-08-16,13,1754,2021-12-10,0
2020-08-17,6,1760,2021-12-10,0
2020-08-18,11,1771,2021-12-10,0
2020-08-19,3,1774,2021-12-10,0
2020-08-20,10,1784,2021-12-10,0
2020-08-21,12,1796,2021-12-10,0
2020-08-22,9,1805,2021-12-10,0
2020-08-23,7,1812,2021-12-10,0
2020-08-24,9,1821,2021-12-10,0
2020-08-25,4,1825,2021-12-10,0
2020-08-26,3,1828,2021-12-10,0
2020-08-27,7,1835,2021-12-10,0
2020-08-28,6,1841,2021-12-10,0
2020-08-29,3,1844,2021-12-10,0
2020-08-30,5,1849,2021-12-10,0
2020-08-31,9,1858,2021-12-10,0
2020-09-01,2,1860,2021-12-10,0
2020-09-02,7,1867,2021-12-10,0
2020-09-03,12,1879,2021-12-10,0
2020-09-04,4,1883,2021-12-10,0
2020-09-05,6,1889,2021-12-10,0
2020-09-06,12,1901,2021-12-10,0
2020-09-07,3,1904,2021-12-10,0
2020-09-08,6,1910,2021-12-10,0
2020-09-09,10,1920,2021-12-10,0
2020-09-10,9,1929,2021-12-10,0
2020-09-11,11,1940,2021-12-10,0
2020-09-12,8,1948,2021-12-10,0
2020-09-13,8,1956,2021-12-10,0
2020-09-14,2,1958,2021-12-10,0
2020-09-15,7,1965,2021-12-10,0
2020-09-16,9,1974,2021-12-10,0
2020-09-17,5,1979,2021-12-10,0
2020-09-18,6,1985,2021-12-10,0
2020-09-19,4,1989,2021-12-10,0
2020-09-20,9,1998,2021-12-10,0
2020-09-21,7,2005,2021-12-10,0
2020-09-22,8,2013,2021-12-10,0
2020-09-23,9,2022,2021-12-10,0
2020-09-24,8,2030,2021-12-10,0
2020-09-25,11,2041,2021-12-10,0
2020-09-26,9,2050,2021-12-10,0
2020-09-27,14,2064,2021-12-10,0
2020-09-28,11,2075,2021-12-10,0
2020-09-29,5,2080,2021-12-10,0
2020-09-30,16,2096,2021-12-10,0
2020-10-01,7,2103,2021-12-10,0
2020-10-02,13,2116,2021-12-10,0
2020-10-03,9,2125,2021-12-10,0
2020-10-04,7,2132,2021-12-10,0
2020-10-05,10,2142,2021-12-10,0
2020-10-06,13,2155,2021-12-10,0
2020-10-07,19,2174,2021-12-10,0
2020-10-08,9,2183,2021-12-10,0
2020-10-09,17,2200,2021-12-10,0
2020-10-10,16,2216,2021-12-10,0
2020-10-11,16,2232,2021-12-10,0
2020-10-12,20,2252,2021-12-10,0
2020-10-13,14,2266,2021-12-10,0
2020-10-14,10,2276,2021-12-10,0
2020-10-15,9,2285,2021-12-10,0
2020-10-16,12,2297,2021-12-10,0
2020-10-17,18,2315,2021-12-10,0
2020-10-18,25,2340,2021-12-10,0
2020-10-19,18,2358,2021-12-10,0
2020-10-20,15,2373,2021-12-10,0
2020-10-21,24,2397,2021-12-10,0
2020-10-22,18,2415,2021-12-10,0
2020-10-23,19,2434,2021-12-10,0
2020-10-24,8,2442,2021-12-10,0
2020-10-25,17,2459,2021-12-10,0
2020-10-26,25,2484,2021-12-10,0
2020-10-27,23,2507,2021-12-10,0
2020-10-28,29,2536,2021-12-10,0
2020-10-29,18,2554,2021-12-10,0
2020-10-30,27,2581,2021-12-10,0
2020-10-31,25,2606,2021-12-10,0
2020-11-01,21,2627,2021-12-10,0
2020-11-02,25,2652,2021-12-10,0
2020-11-03,25,2677,2021-12-10,0
2020-11-04,33,2710,2021-12-10,0
2020-11-05,38,2748,2021-12-10,0
2020-11-06,39,2787,2021-12-10,0
2020-11-07,42,2829,2021-12-10,0
2020-11-08,47,2876,2021-12-10,0
2020-11-09,37,2913,2021-12-10,1
2020-11-10,35,2948,2021-12-10,0
2020-11-11,43,2991,2021-12-10,0
2020-11-12,45,3036,2021-12-10,0
2020-11-13,40,3076,2021-12-10,0
2020-11-14,48,3124,2021-12-10,0
2020-11-15,46,3170,2021-12-10,0
2020-11-16,62,3232,2021-12-10,0
2020-11-17,56,3288,2021-12-10,0
2020-11-18,61,3349,2021-12-10,0
2020-11-19,60,3409,2021-12-10,0
2020-11-20,63,3472,2021-12-10,0
2020-11-21,58,3530,2021-12-10,0
2020-11-22,67,3597,2021-12-10,0
2020-11-23,59,3656,2021-12-10,0
2020-11-24,69,3725,2021-12-10,0
2020-11-25,72,3797,2021-12-10,0
2020-11-26,54,3851,2021-12-10,0
2020-11-27,69,3920,2021-12-10,0
2020-11-28,62,3982,2021-12-10,0
2020-11-29,68,4050,2021-12-10,0
2020-11-30,61,4111,2021-12-10,0
2020-12-01,64,4175,2021-12-10,0
2020-12-02,73,4248,2021-12-10,0
2020-12-03,86,4334,2021-12-10,0
2020-12-04,67,4401,2021-12-10,0
2020-12-05,74,4475,2021-12-10,0
2020-12-06,80,4555,2021-12-10,0
2020-12-07,75,4630,2021-12-10,0
2020-12-08,61,4691,2021-12-10,0
2020-12-09,71,4762,2021-12-10,0
2020-12-10,72,4834,2021-12-10,0
2020-12-11,71,4905,2021-12-10,0
2020-12-12,72,4977,2021-12-10,0
2020-12-13,56,5033,2021-12-10,0
2020-12-14,43,5076,2021-12-10,0
2020-12-15,65,5141,2021-12-10,0
2020-12-16,73,5214,2021-12-10,0
2020-12-17,60,5274,2021-12-10,0
2020-12-18,59,5333,2021-12-10,0
2020-12-19,56,5389,2021-12-10,0
2020-12-20,61,5450,2021-12-10,0
2020-12-21,58,5508,2021-12-10,0
2020-12-22,33,5541,2021-12-10,0
2020-12-23,46,5587,2021-12-10,0
2020-12-24,50,5637,2021-12-10,0
2020-12-25,36,5673,2021-12-10,0
2020-12-26,43,5716,2021-12-10,0
2020-12-27,41,5757,2021-12-10,0
2020-12-28,34,5791,2021-12-10,0
2020-12-29,37,5828,2021-12-10,0
2020-12-30,47,5875,2021-12-10,0
2020-12-31,36,5911,2021-12-10,0
2021-01-01,28,5939,2021-12-10,0
2021-01-02,47,5986,2021-12-10,0
2021-01-03,37,6023,2021-12-10,0
2021-01-04,32,6055,2021-12-10,0
2021-01-05,40,6095,2021-12-10,0
2021-01-06,32,6127,2021-12-10,0
2021-01-07,37,6164,2021-12-10,0
2021-01-08,32,6196,2021-12-10,0
2021-01-09,26,6222,2021-12-10,0
2021-01-10,29,6251,2021-12-10,0
2021-01-11,26,6277,2021-12-10,0
2021-01-12,32,6309,2021-12-10,0
2021-01-13,23,6332,2021-12-10,0
2021-01-14,41,6373,2021-12-10,0
2021-01-15,26,6399,2021-12-10,0
2021-01-16,30,6429,2021-12-10,0
2021-01-17,21,6450,2021-12-10,0
2021-01-18,19,6469,2021-12-10,0
2021-01-19,14,6483,2021-12-10,0
2021-01-20,26,6509,2021-12-10,0
2021-01-21,16,6525,2021-12-10,0
2021-01-22,13,6538,2021-12-10,0
2021-01-23,17,6555,2021-12-10,0
2021-01-24,24,6579,2021-12-10,0
2021-01-25,19,6598,2021-12-10,0
2021-01-26,21,6619,2021-12-10,0
2021-01-27,11,6630,2021-12-10,0
2021-01-28,12,6642,2021-12-10,0
2021-01-29,15,6657,2021-12-10,0
2021-01-30,13,6670,2021-12-10,0
2021-01-31,16,6686,2021-12-10,0
2021-02-01,17,6703,2021-12-10,0
2021-02-02,10,6713,2021-12-10,0
2021-02-03,11,6724,2021-12-10,0
2021-02-04,11,6735,2021-12-10,0
2021-02-05,12,6747,2021-12-10,0
2021-02-06,12,6759,2021-12-10,0
2021-02-07,19,6778,2021-12-10,0
2021-02-08,11,6789,2021-12-10,0
2021-02-09,15,6804,2021-12-10,0
2021-02-10,14,6818,2021-12-10,0
2021-02-11,7,6825,2021-12-10,0
2021-02-12,13,6838,2021-12-10,0
2021-02-13,8,6846,2021-12-10,0
2021-02-14,10,6856,2021-12-10,0
2021-02-15,9,6865,2021-12-10,0
2021-02-16,12,6877,2021-12-10,0
2021-02-17,10,6887,2021-12-10,0
2021-02-18,7,6894,2021-12-10,0
2021-02-19,6,6900,2021-12-10,0
2021-02-20,7,6907,2021-12-10,0
2021-02-21,4,6911,2021-12-10,0
2021-02-22,5,6916,2021-12-10,0
2021-02-23,9,6925,2021-12-10,0
2021-02-24,5,6930,2021-12-10,0
2021-02-25,5,6935,2021-12-10,0
2021-02-26,7,6942,2021-12-10,0
2021-02-27,6,6948,2021-12-10,0
2021-02-28,8,6956,2021-12-10,0
2021-03-01,7,6963,2021-12-10,0
2021-03-02,3,6966,2021-12-10,0
2021-03-03,10,6976,2021-12-10,0
2021-03-04,6,6982,2021-12-10,0
2021-03-05,10,6992,2021-12-10,0
2021-03-06,5,6997,2021-12-10,0
2021-03-07,9,7006,2021-12-10,0
2021-03-08,5,7011,2021-12-10,0
2021-03-09,7,7018,2021-12-10,0
2021-03-10,5,7023,2021-12-10,0
2021-03-11,4,7027,2021-12-10,0
2021-03-12,11,7038,2021-12-10,0
2021-03-13,5,7043,2021-12-10,0
2021-03-14,5,7048,2021-12-10,0
2021-03-15,2,7050,2021-12-10,0
2021-03-16,6,7056,2021-12-10,0
2021-03-17,4,7060,2021-12-10,0
2021-03-18,5,7065,2021-12-10,0
2021-03-19,5,7070,2021-12-10,0
2021-03-20,9,7079,2021-12-10,0
2021-03-21,5,7084,2021-12-10,0
2021-03-22,4,7088,2021-12-10,0
2021-03-23,5,7093,2021-12-10,0
2021-03-24,1,7094,2021-12-10,0
2021-03-25,5,7099,2021-12-10,0
2021-03-26,3,7102,2021-12-10,0
2021-03-27,7,7109,2021-12-10,0
2021-03-28,6,7115,2021-12-10,0
2021-03-29,5,7120,2021-12-10,0
2021-03-30,6,7126,2021-12-10,0
2021-03-31,8,7134,2021-12-10,0
2021-04-01,6,7140,2021-12-10,0
2021-04-02,9,7149,2021-12-10,0
2021-04-03,8,7157,2021-12-10,0
2021-04-04,6,7163,2021-12-10,0
2021-04-05,8,7171,2021-12-10,0
2021-04-06,7,7178,2021-12-10,0
2021-04-07,6,7184,2021-12-10,0
2021-04-08,10,7194,2021-12-10,0
2021-04-09,7,7201,2021-12-10,0
2021-04-10,7,7208,2021-12-10,0
2021-04-11,8,7216,2021-12-10,0
2021-04-12,10,7226,2021-12-10,0
2021-04-13,7,7233,2021-12-10,0
2021-04-14,8,7241,2021-12-10,0
2021-04-15,14,7255,2021-12-10,0
2021-04-16,8,7263,2021-12-10,0
2021-04-17,8,7271,2021-12-10,0
2021-04-18,8,7279,2021-12-10,0
2021-04-19,10,7289,2021-12-10,0
2021-04-20,5,7294,2021-12-10,0
2021-04-21,8,7302,2021-12-10,0
2021-04-22,2,7304,2021-12-10,0
2021-04-23,15,7319,2021-12-10,0
2021-04-24,11,7330,2021-12-10,0
2021-04-25,15,7345,2021-12-10,0
2021-04-26,15,7360,2021-12-10,0
2021-04-27,7,7367,2021-12-10,0
2021-04-28,14,7381,2021-12-10,0
2021-04-29,8,7389,2021-12-10,0
2021-04-30,11,7400,2021-12-10,0
2021-05-01,7,7407,2021-12-10,0
2021-05-02,8,7415,2021-12-10,0
2021-05-03,5,7420,2021-12-10,0
2021-05-04,13,7433,2021-12-10,0
2021-05-05,8,7441,2021-12-10,0
2021-05-06,5,7446,2021-12-10,0
2021-05-07,8,7454,2021-12-10,0
2021-05-08,7,7461,2021-12-10,0
2021-05-09,9,7470,2021-12-10,0
2021-05-10,8,7478,2021-12-10,0
2021-05-11,6,7484,2021-12-10,0
2021-05-12,9,7493,2021-12-10,0
2021-05-13,9,7502,2021-12-10,0
2021-05-14,11,7513,2021-12-10,0
2021-05-15,10,7523,2021-12-10,0
2021-05-16,6,7529,2021-12-10,0
2021-05-17,6,7535,2021-12-10,0
2021-05-18,7,7542,2021-12-10,0
2021-05-19,2,7544,2021-12-10,0
2021-05-20,5,7549,2021-12-10,0
2021-05-21,7,7556,2021-12-10,0
2021-05-22,11,7567,2021-12-10,0
2021-05-23,5,7572,2021-12-10,0
2021-05-24,5,7577,2021-12-10,0
2021-05-25,6,7583,2021-12-10,0
2021-05-26,3,7586,2021-12-10,0
2021-05-27,7,7593,2021-12-10,0
2021-05-28,2,7595,2021-12-10,0
2021-05-29,6,7601,2021-12-10,0
2021-05-30,4,7605,2021-12-10,0
2021-05-31,3,7608,2021-12-10,0
2021-06-01,5,7613,2021-12-10,0
2021-06-02,8,7621,2021-12-10,0
2021-06-03,4,7625,2021-12-10,0
2021-06-04,4,7629,2021-12-10,0
2021-06-05,2,7631,2021-12-10,0
2021-06-06,5,7636,2021-12-10,0
2021-06-07,3,7639,2021-12-10,0
2021-06-08,5,7644,2021-12-10,0
2021-06-09,4,7648,2021-12-10,0
2021-06-10,6,7654,2021-12-10,0
2021-06-11,6,7660,2021-12-10,0
2021-06-12,4,7664,2021-12-10,0
2021-06-13,4,7668,2021-12-10,0
2021-06-14,3,7671,2021-12-10,0
2021-06-15,2,7673,2021-12-10,0
2021-06-16,2,7675,2021-12-10,0
2021-06-17,4,7679,2021-12-10,0
2021-06-18,1,7680,2021-12-10,0
2021-06-19,6,7686,2021-12-10,0
2021-06-20,1,7687,2021-12-10,0
2021-06-21,5,7692,2021-12-10,0
2021-06-22,3,7695,2021-12-10,0
2021-06-23,4,7699,2021-12-10,0
2021-06-24,3,7702,2021-12-10,0
2021-06-25,3,7705,2021-12-10,0
2021-06-26,4,7709,2021-12-10,0
2021-06-27,2,7711,2021-12-10,0
2021-06-28,2,7713,2021-12-10,0
2021-06-29,2,7715,2021-12-10,0
2021-06-30,2,7717,2021-12-10,0
2021-07-01,0,7717,2021-12-10,0
2021-07-02,2,7719,2021-12-10,0
2021-07-03,2,7721,2021-12-10,0
2021-07-04,3,7724,2021-12-10,0
2021-07-05,1,7725,2021-12-10,0
2021-07-06,4,7729,2021-12-10,0
2021-07-07,1,7730,2021-12-10,0
2021-07-08,1,7731,2021-12-10,0
2021-07-09,0,7731,2021-12-10,0
2021-07-10,1,7732,2021-12-10,0
2021-07-11,3,7735,2021-12-10,0
2021-07-12,1,7736,2021-12-10,0
2021-07-13,2,7738,2021-12-10,0
2021-07-14,2,7740,2021-12-10,0
2021-07-15,2,7742,2021-12-10,0
2021-07-16,1,7743,2021-12-10,0
2021-07-17,1,7744,2021-12-10,0
2021-07-18,0,7744,2021-12-10,0
2021-07-19,0,7744,2021-12-10,0
2021-07-20,2,7746,2021-12-10,0
2021-07-21,2,7748,2021-12-10,0
2021-07-22,2,7750,2021-12-10,0
2021-07-23,3,7753,2021-12-10,0
2021-07-24,0,7753,2021-12-10,0
2021-07-25,2,7755,2021-12-10,0
2021-07-26,1,7756,2021-12-10,0
2021-07-27,2,7758,2021-12-10,0
2021-07-28,3,7761,2021-12-10,0
2021-07-29,2,7763,2021-12-10,0
2021-07-30,5,7768,2021-12-10,0
2021-07-31,4,7772,2021-12-10,0
2021-08-01,1,7773,2021-12-10,0
2021-08-02,3,7776,2021-12-10,0
2021-08-03,2,7778,2021-12-10,0
2021-08-04,3,7781,2021-12-10,0
2021-08-05,2,7783,2021-12-10,0
2021-08-06,7,7790,2021-12-10,0
2021-08-07,3,7793,2021-12-10,0
2021-08-08,2,7795,2021-12-10,0
2021-08-09,3,7798,2021-12-10,0
2021-08-10,2,7800,2021-12-10,0
2021-08-11,2,7802,2021-12-10,0
2021-08-12,7,7809,2021-12-10,0
2021-08-13,5,7814,2021-12-10,0
2021-08-14,6,7820,2021-12-10,0
2021-08-15,0,7820,2021-12-10,0
2021-08-16,7,7827,2021-12-10,0
2021-08-17,7,7834,2021-12-10,0
2021-08-18,9,7843,2021-12-10,0
2021-08-19,2,7845,2021-12-10,0
2021-08-20,3,7848,2021-12-10,0
2021-08-21,5,7853,2021-12-10,0
2021-08-22,7,7860,2021-12-10,0
2021-08-23,5,7865,2021-12-10,0
2021-08-24,12,7877,2021-12-10,0
2021-08-25,7,7884,2021-12-10,0
2021-08-26,2,7886,2021-12-10,0
2021-08-27,6,7892,2021-12-10,0
2021-08-28,11,7903,2021-12-10,0
2021-08-29,11,7914,2021-12-10,0
2021-08-30,8,7922,2021-12-10,0
2021-08-31,6,7928,2021-12-10,0
2021-09-01,6,7934,2021-12-10,0
2021-09-02,6,7940,2021-12-10,0
2021-09-03,9,7949,2021-12-10,0
2021-09-04,9,7958,2021-12-10,0
2021-09-05,10,7968,2021-12-10,0
2021-09-06,8,7976,2021-12-10,0
2021-09-07,7,7983,2021-12-10,0
2021-09-08,11,7994,2021-12-10,0
2021-09-09,5,7999,2021-12-10,0
2021-09-10,9,8008,2021-12-10,0
2021-09-11,17,8025,2021-12-10,0
2021-09-12,10,8035,2021-12-10,0
2021-09-13,7,8042,2021-12-10,0
2021-09-14,11,8053,2021-12-10,0
2021-09-15,14,8067,2021-12-10,0
2021-09-16,16,8083,2021-12-10,0
2021-09-17,8,8091,2021-12-10,0
2021-09-18,13,8104,2021-12-10,0
2021-09-19,11,8115,2021-12-10,0
2021-09-20,16,8131,2021-12-10,0
2021-09-21,15,8146,2021-12-10,0
2021-09-22,17,8163,2021-12-10,0
2021-09-23,13,8176,2021-12-10,0
2021-09-24,13,8189,2021-12-10,0
2021-09-25,16,8205,2021-12-10,0
2021-09-26,15,8220,2021-12-10,0
2021-09-27,15,8235,2021-12-10,0
2021-09-28,11,8246,2021-12-10,0
2021-09-29,19,8265,2021-12-10,0
2021-09-30,17,8282,2021-12-10,0
2021-10-01,13,8295,2021-12-10,0
2021-10-02,14,8309,2021-12-10,0
2021-10-03,23,8332,2021-12-10,0
2021-10-04,15,8347,2021-12-10,0
2021-10-05,23,8370,2021-12-10,0
2021-10-06,20,8390,2021-12-10,0
2021-10-07,13,8403,2021-12-10,0
2021-10-08,22,8425,2021-12-10,0
2021-10-09,20,8445,2021-12-10,0
2021-10-10,13,8458,2021-12-10,0
2021-10-11,11,8469,2021-12-10,0
2021-10-12,25,8494,2021-12-10,0
2021-10-13,20,8514,2021-12-10,0
2021-10-14,20,8534,2021-12-10,0
2021-10-15,14,8548,2021-12-10,0
2021-10-16,20,8568,2021-12-10,0
2021-10-17,17,8585,2021-12-10,0
2021-10-18,16,8601,2021-12-10,0
2021-10-19,25,8626,2021-12-10,0
2021-10-20,15,8641,2021-12-10,0
2021-10-21,8,8649,2021-12-10,0
2021-10-22,23,8672,2021-12-10,0
2021-10-23,24,8696,2021-12-10,0
2021-10-24,24,8720,2021-12-10,0
2021-10-25,20,8740,2021-12-10,0
2021-10-26,21,8761,2021-12-10,0
2021-10-27,15,8776,2021-12-10,0
2021-10-28,24,8800,2021-12-10,0
2021-10-29,19,8819,2021-12-10,0
2021-10-30,19,8838,2021-12-10,0
2021-10-31,25,8863,2021-12-10,0
2021-11-01,18,8881,2021-12-10,0
2021-11-02,18,8899,2021-12-10,0
2021-11-03,27,8926,2021-12-10,0
2021-11-04,27,8953,2021-12-10,0
2021-11-05,29,8982,2021-12-10,0
2021-11-06,16,8998,2021-12-10,1
2021-11-07,24,9022,2021-12-10,0
2021-11-08,27,9049,2021-12-10,0
2021-11-09,16,9065,2021-12-10,0
2021-11-10,18,9083,2021-12-10,0
2021-11-11,27,9110,2021-12-10,0
2021-11-12,27,9137,2021-12-10,0
2021-11-13,31,9168,2021-12-10,0
2021-11-14,24,9192,2021-12-10,0
2021-11-15,27,9219,2021-12-10,1
2021-11-16,25,9244,2021-12-10,0
2021-11-17,36,9280,2021-12-10,1
2021-11-18,36,9316,2021-12-10,0
2021-11-19,32,9348,2021-12-10,0
2021-11-20,28,9376,2021-12-10,0
2021-11-21,30,9406,2021-12-10,0
2021-11-22,25,9431,2021-12-10,0
2021-11-23,30,9461,2021-12-10,0
2021-11-24,22,9483,2021-12-10,0
2021-11-25,34,9517,2021-12-10,1
2021-11-26,48,9565,2021-12-10,1
2021-11-27,36,9601,2021-12-10,0
2021-11-28,37,9638,2021-12-10,1
2021-11-29,25,9663,2021-12-10,0
2021-11-30,28,9691,2021-12-10,1
2021-12-01,44,9735,2021-12-10,4
2021-12-02,31,9766,2021-12-10,6
2021-12-03,25,9791,2021-12-10,8
2021-12-04,23,9814,2021-12-10,5
2021-12-05,27,9841,2021-12-10,9
2021-12-06,16,9857,2021-12-10,5
2021-12-07,14,9871,2021-12-10,12
2021-12-08,1,9872,2021-12-10,1
NA,0,9872,2021-12-10,0
2020-03-19,1,1,2021-12-13,0
2020-03-20,0,1,2021-12-13,0
2020-03-21,0,1,2021-12-13,0
2020-03-22,0,1,2021-12-13,0
2020-03-23,0,1,2021-12-13,0
2020-03-24,1,2,2021-12-13,0
2020-03-25,1,3,2021-12-13,0
2020-03-26,1,4,2021-12-13,0
2020-03-27,5,9,2021-12-13,0
2020-03-28,3,12,2021-12-13,0
2020-03-29,0,12,2021-12-13,0
2020-03-30,5,17,2021-12-13,0
2020-03-31,2,19,2021-12-13,0
2020-04-01,5,24,2021-12-13,0
2020-04-02,3,27,2021-12-13,0
2020-04-03,1,28,2021-12-13,0
2020-04-04,5,33,2021-12-13,0
2020-04-05,5,38,2021-12-13,0
2020-04-06,10,48,2021-12-13,0
2020-04-07,6,54,2021-12-13,0
2020-04-08,7,61,2021-12-13,0
2020-04-09,8,69,2021-12-13,0
2020-04-10,6,75,2021-12-13,0
2020-04-11,4,79,2021-12-13,0
2020-04-12,4,83,2021-12-13,0
2020-04-13,10,93,2021-12-13,0
2020-04-14,6,99,2021-12-13,0
2020-04-15,17,116,2021-12-13,0
2020-04-16,10,126,2021-12-13,0
2020-04-17,17,143,2021-12-13,0
2020-04-18,17,160,2021-12-13,0
2020-04-19,16,176,2021-12-13,0
2020-04-20,21,197,2021-12-13,0
2020-04-21,26,223,2021-12-13,0
2020-04-22,21,244,2021-12-13,0
2020-04-23,19,263,2021-12-13,0
2020-04-24,23,286,2021-12-13,0
2020-04-25,18,304,2021-12-13,0
2020-04-26,17,321,2021-12-13,0
2020-04-27,21,342,2021-12-13,0
2020-04-28,16,358,2021-12-13,0
2020-04-29,29,387,2021-12-13,0
2020-04-30,18,405,2021-12-13,0
2020-05-01,30,435,2021-12-13,0
2020-05-02,19,454,2021-12-13,0
2020-05-03,29,483,2021-12-13,0
2020-05-04,23,506,2021-12-13,0
2020-05-05,19,525,2021-12-13,0
2020-05-06,25,550,2021-12-13,0
2020-05-07,30,580,2021-12-13,0
2020-05-08,20,600,2021-12-13,0
2020-05-09,26,626,2021-12-13,0
2020-05-10,19,645,2021-12-13,0
2020-05-11,25,670,2021-12-13,0
2020-05-12,20,690,2021-12-13,0
2020-05-13,22,712,2021-12-13,0
2020-05-14,20,732,2021-12-13,0
2020-05-15,20,752,2021-12-13,0
2020-05-16,20,772,2021-12-13,0
2020-05-17,23,795,2021-12-13,0
2020-05-18,18,813,2021-12-13,0
2020-05-19,35,848,2021-12-13,0
2020-05-20,24,872,2021-12-13,0
2020-05-21,17,889,2021-12-13,0
2020-05-22,20,909,2021-12-13,0
2020-05-23,26,935,2021-12-13,0
2020-05-24,25,960,2021-12-13,0
2020-05-25,30,990,2021-12-13,0
2020-05-26,29,1019,2021-12-13,0
2020-05-27,25,1044,2021-12-13,0
2020-05-28,21,1065,2021-12-13,0
2020-05-29,17,1082,2021-12-13,0
2020-05-30,11,1093,2021-12-13,0
2020-05-31,20,1113,2021-12-13,0
2020-06-01,23,1136,2021-12-13,0
2020-06-02,21,1157,2021-12-13,0
2020-06-03,25,1182,2021-12-13,0
2020-06-04,26,1208,2021-12-13,0
2020-06-05,18,1226,2021-12-13,0
2020-06-06,12,1238,2021-12-13,0
2020-06-07,22,1260,2021-12-13,0
2020-06-08,12,1272,2021-12-13,0
2020-06-09,13,1285,2021-12-13,0
2020-06-10,10,1295,2021-12-13,0
2020-06-11,12,1307,2021-12-13,0
2020-06-12,11,1318,2021-12-13,0
2020-06-13,13,1331,2021-12-13,0
2020-06-14,11,1342,2021-12-13,0
2020-06-15,8,1350,2021-12-13,0
2020-06-16,9,1359,2021-12-13,0
2020-06-17,17,1376,2021-12-13,0
2020-06-18,9,1385,2021-12-13,0
2020-06-19,8,1393,2021-12-13,0
2020-06-20,12,1405,2021-12-13,0
2020-06-21,11,1416,2021-12-13,0
2020-06-22,6,1422,2021-12-13,0
2020-06-23,10,1432,2021-12-13,0
2020-06-24,1,1433,2021-12-13,0
2020-06-25,9,1442,2021-12-13,0
2020-06-26,6,1448,2021-12-13,0
2020-06-27,5,1453,2021-12-13,0
2020-06-28,11,1464,2021-12-13,0
2020-06-29,7,1471,2021-12-13,0
2020-06-30,9,1480,2021-12-13,0
2020-07-01,2,1482,2021-12-13,0
2020-07-02,3,1485,2021-12-13,0
2020-07-03,5,1490,2021-12-13,0
2020-07-04,4,1494,2021-12-13,0
2020-07-05,6,1500,2021-12-13,0
2020-07-06,4,1504,2021-12-13,0
2020-07-07,2,1506,2021-12-13,0
2020-07-08,9,1515,2021-12-13,0
2020-07-09,4,1519,2021-12-13,0
2020-07-10,3,1522,2021-12-13,0
2020-07-11,4,1526,2021-12-13,0
2020-07-12,6,1532,2021-12-13,0
2020-07-13,2,1534,2021-12-13,0
2020-07-14,6,1540,2021-12-13,0
2020-07-15,7,1547,2021-12-13,0
2020-07-16,3,1550,2021-12-13,0
2020-07-17,7,1557,2021-12-13,0
2020-07-18,6,1563,2021-12-13,0
2020-07-19,5,1568,2021-12-13,0
2020-07-20,3,1571,2021-12-13,0
2020-07-21,6,1577,2021-12-13,0
2020-07-22,5,1582,2021-12-13,0
2020-07-23,8,1590,2021-12-13,0
2020-07-24,6,1596,2021-12-13,0
2020-07-25,2,1598,2021-12-13,0
2020-07-26,5,1603,2021-12-13,0
2020-07-27,5,1608,2021-12-13,0
2020-07-28,7,1615,2021-12-13,0
2020-07-29,3,1618,2021-12-13,0
2020-07-30,6,1624,2021-12-13,0
2020-07-31,9,1633,2021-12-13,0
2020-08-01,4,1637,2021-12-13,0
2020-08-02,7,1644,2021-12-13,0
2020-08-03,4,1648,2021-12-13,0
2020-08-04,7,1655,2021-12-13,0
2020-08-05,8,1663,2021-12-13,0
2020-08-06,9,1672,2021-12-13,0
2020-08-07,7,1679,2021-12-13,0
2020-08-08,6,1685,2021-12-13,0
2020-08-09,10,1695,2021-12-13,0
2020-08-10,3,1698,2021-12-13,0
2020-08-11,9,1707,2021-12-13,0
2020-08-12,7,1714,2021-12-13,0
2020-08-13,5,1719,2021-12-13,0
2020-08-14,9,1728,2021-12-13,0
2020-08-15,13,1741,2021-12-13,0
2020-08-16,13,1754,2021-12-13,0
2020-08-17,6,1760,2021-12-13,0
2020-08-18,11,1771,2021-12-13,0
2020-08-19,3,1774,2021-12-13,0
2020-08-20,10,1784,2021-12-13,0
2020-08-21,12,1796,2021-12-13,0
2020-08-22,9,1805,2021-12-13,0
2020-08-23,7,1812,2021-12-13,0
2020-08-24,9,1821,2021-12-13,0
2020-08-25,4,1825,2021-12-13,0
2020-08-26,3,1828,2021-12-13,0
2020-08-27,7,1835,2021-12-13,0
2020-08-28,6,1841,2021-12-13,0
2020-08-29,3,1844,2021-12-13,0
2020-08-30,5,1849,2021-12-13,0
2020-08-31,9,1858,2021-12-13,0
2020-09-01,2,1860,2021-12-13,0
2020-09-02,7,1867,2021-12-13,0
2020-09-03,12,1879,2021-12-13,0
2020-09-04,4,1883,2021-12-13,0
2020-09-05,6,1889,2021-12-13,0
2020-09-06,12,1901,2021-12-13,0
2020-09-07,3,1904,2021-12-13,0
2020-09-08,6,1910,2021-12-13,0
2020-09-09,10,1920,2021-12-13,0
2020-09-10,9,1929,2021-12-13,0
2020-09-11,11,1940,2021-12-13,0
2020-09-12,8,1948,2021-12-13,0
2020-09-13,8,1956,2021-12-13,0
2020-09-14,2,1958,2021-12-13,0
2020-09-15,7,1965,2021-12-13,0
2020-09-16,9,1974,2021-12-13,0
2020-09-17,5,1979,2021-12-13,0
2020-09-18,6,1985,2021-12-13,0
2020-09-19,4,1989,2021-12-13,0
2020-09-20,9,1998,2021-12-13,0
2020-09-21,7,2005,2021-12-13,0
2020-09-22,8,2013,2021-12-13,0
2020-09-23,9,2022,2021-12-13,0
2020-09-24,8,2030,2021-12-13,0
2020-09-25,11,2041,2021-12-13,0
2020-09-26,9,2050,2021-12-13,0
2020-09-27,14,2064,2021-12-13,0
2020-09-28,11,2075,2021-12-13,0
2020-09-29,5,2080,2021-12-13,0
2020-09-30,16,2096,2021-12-13,0
2020-10-01,7,2103,2021-12-13,0
2020-10-02,13,2116,2021-12-13,0
2020-10-03,9,2125,2021-12-13,0
2020-10-04,7,2132,2021-12-13,0
2020-10-05,10,2142,2021-12-13,0
2020-10-06,13,2155,2021-12-13,0
2020-10-07,19,2174,2021-12-13,0
2020-10-08,9,2183,2021-12-13,0
2020-10-09,17,2200,2021-12-13,0
2020-10-10,16,2216,2021-12-13,0
2020-10-11,16,2232,2021-12-13,0
2020-10-12,20,2252,2021-12-13,0
2020-10-13,14,2266,2021-12-13,0
2020-10-14,10,2276,2021-12-13,0
2020-10-15,9,2285,2021-12-13,0
2020-10-16,12,2297,2021-12-13,0
2020-10-17,18,2315,2021-12-13,0
2020-10-18,25,2340,2021-12-13,0
2020-10-19,18,2358,2021-12-13,0
2020-10-20,15,2373,2021-12-13,0
2020-10-21,24,2397,2021-12-13,0
2020-10-22,18,2415,2021-12-13,0
2020-10-23,19,2434,2021-12-13,0
2020-10-24,8,2442,2021-12-13,0
2020-10-25,17,2459,2021-12-13,0
2020-10-26,25,2484,2021-12-13,0
2020-10-27,23,2507,2021-12-13,0
2020-10-28,29,2536,2021-12-13,0
2020-10-29,18,2554,2021-12-13,0
2020-10-30,27,2581,2021-12-13,0
2020-10-31,25,2606,2021-12-13,0
2020-11-01,21,2627,2021-12-13,0
2020-11-02,25,2652,2021-12-13,0
2020-11-03,25,2677,2021-12-13,0
2020-11-04,33,2710,2021-12-13,0
2020-11-05,38,2748,2021-12-13,0
2020-11-06,39,2787,2021-12-13,0
2020-11-07,42,2829,2021-12-13,0
2020-11-08,47,2876,2021-12-13,0
2020-11-09,37,2913,2021-12-13,0
2020-11-10,35,2948,2021-12-13,0
2020-11-11,43,2991,2021-12-13,0
2020-11-12,45,3036,2021-12-13,0
2020-11-13,40,3076,2021-12-13,0
2020-11-14,48,3124,2021-12-13,0
2020-11-15,46,3170,2021-12-13,0
2020-11-16,62,3232,2021-12-13,0
2020-11-17,56,3288,2021-12-13,0
2020-11-18,61,3349,2021-12-13,0
2020-11-19,60,3409,2021-12-13,0
2020-11-20,63,3472,2021-12-13,0
2020-11-21,58,3530,2021-12-13,0
2020-11-22,67,3597,2021-12-13,0
2020-11-23,59,3656,2021-12-13,0
2020-11-24,69,3725,2021-12-13,0
2020-11-25,72,3797,2021-12-13,0
2020-11-26,54,3851,2021-12-13,0
2020-11-27,69,3920,2021-12-13,0
2020-11-28,62,3982,2021-12-13,0
2020-11-29,68,4050,2021-12-13,0
2020-11-30,61,4111,2021-12-13,0
2020-12-01,64,4175,2021-12-13,0
2020-12-02,73,4248,2021-12-13,0
2020-12-03,86,4334,2021-12-13,0
2020-12-04,67,4401,2021-12-13,0
2020-12-05,74,4475,2021-12-13,0
2020-12-06,80,4555,2021-12-13,0
2020-12-07,75,4630,2021-12-13,0
2020-12-08,61,4691,2021-12-13,0
2020-12-09,71,4762,2021-12-13,0
2020-12-10,72,4834,2021-12-13,0
2020-12-11,71,4905,2021-12-13,0
2020-12-12,72,4977,2021-12-13,0
2020-12-13,56,5033,2021-12-13,0
2020-12-14,43,5076,2021-12-13,0
2020-12-15,65,5141,2021-12-13,0
2020-12-16,73,5214,2021-12-13,0
2020-12-17,60,5274,2021-12-13,0
2020-12-18,59,5333,2021-12-13,0
2020-12-19,56,5389,2021-12-13,0
2020-12-20,61,5450,2021-12-13,0
2020-12-21,58,5508,2021-12-13,0
2020-12-22,33,5541,2021-12-13,0
2020-12-23,46,5587,2021-12-13,0
2020-12-24,50,5637,2021-12-13,0
2020-12-25,36,5673,2021-12-13,0
2020-12-26,43,5716,2021-12-13,0
2020-12-27,41,5757,2021-12-13,0
2020-12-28,34,5791,2021-12-13,0
2020-12-29,37,5828,2021-12-13,0
2020-12-30,47,5875,2021-12-13,0
2020-12-31,36,5911,2021-12-13,0
2021-01-01,28,5939,2021-12-13,0
2021-01-02,47,5986,2021-12-13,0
2021-01-03,37,6023,2021-12-13,0
2021-01-04,32,6055,2021-12-13,0
2021-01-05,40,6095,2021-12-13,0
2021-01-06,32,6127,2021-12-13,0
2021-01-07,37,6164,2021-12-13,0
2021-01-08,32,6196,2021-12-13,0
2021-01-09,26,6222,2021-12-13,0
2021-01-10,29,6251,2021-12-13,0
2021-01-11,26,6277,2021-12-13,0
2021-01-12,32,6309,2021-12-13,0
2021-01-13,23,6332,2021-12-13,0
2021-01-14,41,6373,2021-12-13,0
2021-01-15,26,6399,2021-12-13,0
2021-01-16,30,6429,2021-12-13,0
2021-01-17,21,6450,2021-12-13,0
2021-01-18,19,6469,2021-12-13,0
2021-01-19,14,6483,2021-12-13,0
2021-01-20,26,6509,2021-12-13,0
2021-01-21,16,6525,2021-12-13,0
2021-01-22,13,6538,2021-12-13,0
2021-01-23,17,6555,2021-12-13,0
2021-01-24,24,6579,2021-12-13,0
2021-01-25,19,6598,2021-12-13,0
2021-01-26,21,6619,2021-12-13,0
2021-01-27,11,6630,2021-12-13,0
2021-01-28,12,6642,2021-12-13,0
2021-01-29,15,6657,2021-12-13,0
2021-01-30,13,6670,2021-12-13,0
2021-01-31,16,6686,2021-12-13,0
2021-02-01,17,6703,2021-12-13,0
2021-02-02,10,6713,2021-12-13,0
2021-02-03,11,6724,2021-12-13,0
2021-02-04,11,6735,2021-12-13,0
2021-02-05,12,6747,2021-12-13,0
2021-02-06,12,6759,2021-12-13,0
2021-02-07,19,6778,2021-12-13,0
2021-02-08,11,6789,2021-12-13,0
2021-02-09,15,6804,2021-12-13,0
2021-02-10,14,6818,2021-12-13,0
2021-02-11,7,6825,2021-12-13,0
2021-02-12,13,6838,2021-12-13,0
2021-02-13,8,6846,2021-12-13,0
2021-02-14,10,6856,2021-12-13,0
2021-02-15,9,6865,2021-12-13,0
2021-02-16,12,6877,2021-12-13,0
2021-02-17,10,6887,2021-12-13,0
2021-02-18,7,6894,2021-12-13,0
2021-02-19,6,6900,2021-12-13,0
2021-02-20,7,6907,2021-12-13,0
2021-02-21,4,6911,2021-12-13,0
2021-02-22,5,6916,2021-12-13,0
2021-02-23,9,6925,2021-12-13,0
2021-02-24,5,6930,2021-12-13,0
2021-02-25,5,6935,2021-12-13,0
2021-02-26,7,6942,2021-12-13,0
2021-02-27,6,6948,2021-12-13,0
2021-02-28,8,6956,2021-12-13,0
2021-03-01,7,6963,2021-12-13,0
2021-03-02,3,6966,2021-12-13,0
2021-03-03,10,6976,2021-12-13,0
2021-03-04,6,6982,2021-12-13,0
2021-03-05,10,6992,2021-12-13,0
2021-03-06,5,6997,2021-12-13,0
2021-03-07,9,7006,2021-12-13,0
2021-03-08,5,7011,2021-12-13,0
2021-03-09,7,7018,2021-12-13,0
2021-03-10,5,7023,2021-12-13,0
2021-03-11,4,7027,2021-12-13,0
2021-03-12,11,7038,2021-12-13,0
2021-03-13,5,7043,2021-12-13,0
2021-03-14,5,7048,2021-12-13,0
2021-03-15,2,7050,2021-12-13,0
2021-03-16,6,7056,2021-12-13,0
2021-03-17,4,7060,2021-12-13,0
2021-03-18,5,7065,2021-12-13,0
2021-03-19,5,7070,2021-12-13,0
2021-03-20,9,7079,2021-12-13,0
2021-03-21,5,7084,2021-12-13,0
2021-03-22,4,7088,2021-12-13,0
2021-03-23,5,7093,2021-12-13,0
2021-03-24,1,7094,2021-12-13,0
2021-03-25,5,7099,2021-12-13,0
2021-03-26,3,7102,2021-12-13,0
2021-03-27,7,7109,2021-12-13,0
2021-03-28,6,7115,2021-12-13,0
2021-03-29,5,7120,2021-12-13,0
2021-03-30,6,7126,2021-12-13,0
2021-03-31,8,7134,2021-12-13,0
2021-04-01,6,7140,2021-12-13,0
2021-04-02,9,7149,2021-12-13,0
2021-04-03,8,7157,2021-12-13,0
2021-04-04,6,7163,2021-12-13,0
2021-04-05,8,7171,2021-12-13,0
2021-04-06,7,7178,2021-12-13,0
2021-04-07,6,7184,2021-12-13,0
2021-04-08,10,7194,2021-12-13,0
2021-04-09,7,7201,2021-12-13,0
2021-04-10,7,7208,2021-12-13,0
2021-04-11,8,7216,2021-12-13,0
2021-04-12,10,7226,2021-12-13,0
2021-04-13,7,7233,2021-12-13,0
2021-04-14,8,7241,2021-12-13,0
2021-04-15,14,7255,2021-12-13,0
2021-04-16,8,7263,2021-12-13,0
2021-04-17,8,7271,2021-12-13,0
2021-04-18,8,7279,2021-12-13,0
2021-04-19,10,7289,2021-12-13,0
2021-04-20,5,7294,2021-12-13,0
2021-04-21,8,7302,2021-12-13,0
2021-04-22,2,7304,2021-12-13,0
2021-04-23,15,7319,2021-12-13,0
2021-04-24,11,7330,2021-12-13,0
2021-04-25,15,7345,2021-12-13,0
2021-04-26,15,7360,2021-12-13,0
2021-04-27,7,7367,2021-12-13,0
2021-04-28,14,7381,2021-12-13,0
2021-04-29,8,7389,2021-12-13,0
2021-04-30,11,7400,2021-12-13,0
2021-05-01,7,7407,2021-12-13,0
2021-05-02,8,7415,2021-12-13,0
2021-05-03,5,7420,2021-12-13,0
2021-05-04,13,7433,2021-12-13,0
2021-05-05,8,7441,2021-12-13,0
2021-05-06,5,7446,2021-12-13,0
2021-05-07,8,7454,2021-12-13,0
2021-05-08,7,7461,2021-12-13,0
2021-05-09,9,7470,2021-12-13,0
2021-05-10,8,7478,2021-12-13,0
2021-05-11,6,7484,2021-12-13,0
2021-05-12,9,7493,2021-12-13,0
2021-05-13,9,7502,2021-12-13,0
2021-05-14,11,7513,2021-12-13,0
2021-05-15,10,7523,2021-12-13,0
2021-05-16,6,7529,2021-12-13,0
2021-05-17,6,7535,2021-12-13,0
2021-05-18,7,7542,2021-12-13,0
2021-05-19,2,7544,2021-12-13,0
2021-05-20,5,7549,2021-12-13,0
2021-05-21,7,7556,2021-12-13,0
2021-05-22,11,7567,2021-12-13,0
2021-05-23,5,7572,2021-12-13,0
2021-05-24,5,7577,2021-12-13,0
2021-05-25,6,7583,2021-12-13,0
2021-05-26,3,7586,2021-12-13,0
2021-05-27,7,7593,2021-12-13,0
2021-05-28,2,7595,2021-12-13,0
2021-05-29,6,7601,2021-12-13,0
2021-05-30,4,7605,2021-12-13,0
2021-05-31,3,7608,2021-12-13,0
2021-06-01,5,7613,2021-12-13,0
2021-06-02,8,7621,2021-12-13,0
2021-06-03,4,7625,2021-12-13,0
2021-06-04,4,7629,2021-12-13,0
2021-06-05,2,7631,2021-12-13,0
2021-06-06,5,7636,2021-12-13,0
2021-06-07,3,7639,2021-12-13,0
2021-06-08,5,7644,2021-12-13,0
2021-06-09,4,7648,2021-12-13,0
2021-06-10,6,7654,2021-12-13,0
2021-06-11,6,7660,2021-12-13,0
2021-06-12,4,7664,2021-12-13,0
2021-06-13,4,7668,2021-12-13,0
2021-06-14,3,7671,2021-12-13,0
2021-06-15,2,7673,2021-12-13,0
2021-06-16,2,7675,2021-12-13,0
2021-06-17,4,7679,2021-12-13,0
2021-06-18,1,7680,2021-12-13,0
2021-06-19,6,7686,2021-12-13,0
2021-06-20,1,7687,2021-12-13,0
2021-06-21,5,7692,2021-12-13,0
2021-06-22,3,7695,2021-12-13,0
2021-06-23,4,7699,2021-12-13,0
2021-06-24,3,7702,2021-12-13,0
2021-06-25,3,7705,2021-12-13,0
2021-06-26,4,7709,2021-12-13,0
2021-06-27,2,7711,2021-12-13,0
2021-06-28,2,7713,2021-12-13,0
2021-06-29,2,7715,2021-12-13,0
2021-06-30,2,7717,2021-12-13,0
2021-07-01,0,7717,2021-12-13,0
2021-07-02,2,7719,2021-12-13,0
2021-07-03,2,7721,2021-12-13,0
2021-07-04,3,7724,2021-12-13,0
2021-07-05,1,7725,2021-12-13,0
2021-07-06,4,7729,2021-12-13,0
2021-07-07,1,7730,2021-12-13,0
2021-07-08,1,7731,2021-12-13,0
2021-07-09,0,7731,2021-12-13,0
2021-07-10,1,7732,2021-12-13,0
2021-07-11,3,7735,2021-12-13,0
2021-07-12,1,7736,2021-12-13,0
2021-07-13,2,7738,2021-12-13,0
2021-07-14,2,7740,2021-12-13,0
2021-07-15,2,7742,2021-12-13,0
2021-07-16,1,7743,2021-12-13,0
2021-07-17,1,7744,2021-12-13,0
2021-07-18,0,7744,2021-12-13,0
2021-07-19,0,7744,2021-12-13,0
2021-07-20,2,7746,2021-12-13,0
2021-07-21,2,7748,2021-12-13,0
2021-07-22,2,7750,2021-12-13,0
2021-07-23,3,7753,2021-12-13,0
2021-07-24,0,7753,2021-12-13,0
2021-07-25,2,7755,2021-12-13,0
2021-07-26,1,7756,2021-12-13,0
2021-07-27,2,7758,2021-12-13,0
2021-07-28,3,7761,2021-12-13,0
2021-07-29,2,7763,2021-12-13,0
2021-07-30,5,7768,2021-12-13,0
2021-07-31,4,7772,2021-12-13,0
2021-08-01,1,7773,2021-12-13,0
2021-08-02,3,7776,2021-12-13,0
2021-08-03,2,7778,2021-12-13,0
2021-08-04,3,7781,2021-12-13,0
2021-08-05,2,7783,2021-12-13,0
2021-08-06,7,7790,2021-12-13,0
2021-08-07,3,7793,2021-12-13,0
2021-08-08,2,7795,2021-12-13,0
2021-08-09,3,7798,2021-12-13,0
2021-08-10,2,7800,2021-12-13,0
2021-08-11,2,7802,2021-12-13,0
2021-08-12,7,7809,2021-12-13,0
2021-08-13,5,7814,2021-12-13,0
2021-08-14,6,7820,2021-12-13,0
2021-08-15,0,7820,2021-12-13,0
2021-08-16,7,7827,2021-12-13,0
2021-08-17,7,7834,2021-12-13,0
2021-08-18,9,7843,2021-12-13,0
2021-08-19,2,7845,2021-12-13,0
2021-08-20,3,7848,2021-12-13,0
2021-08-21,5,7853,2021-12-13,0
2021-08-22,7,7860,2021-12-13,0
2021-08-23,5,7865,2021-12-13,0
2021-08-24,12,7877,2021-12-13,0
2021-08-25,7,7884,2021-12-13,0
2021-08-26,2,7886,2021-12-13,0
2021-08-27,6,7892,2021-12-13,0
2021-08-28,11,7903,2021-12-13,0
2021-08-29,11,7914,2021-12-13,0
2021-08-30,8,7922,2021-12-13,0
2021-08-31,6,7928,2021-12-13,0
2021-09-01,6,7934,2021-12-13,0
2021-09-02,6,7940,2021-12-13,0
2021-09-03,9,7949,2021-12-13,0
2021-09-04,9,7958,2021-12-13,0
2021-09-05,10,7968,2021-12-13,0
2021-09-06,8,7976,2021-12-13,0
2021-09-07,7,7983,2021-12-13,0
2021-09-08,11,7994,2021-12-13,0
2021-09-09,5,7999,2021-12-13,0
2021-09-10,9,8008,2021-12-13,0
2021-09-11,17,8025,2021-12-13,0
2021-09-12,10,8035,2021-12-13,0
2021-09-13,7,8042,2021-12-13,0
2021-09-14,11,8053,2021-12-13,0
2021-09-15,14,8067,2021-12-13,0
2021-09-16,16,8083,2021-12-13,0
2021-09-17,8,8091,2021-12-13,0
2021-09-18,13,8104,2021-12-13,0
2021-09-19,11,8115,2021-12-13,0
2021-09-20,16,8131,2021-12-13,0
2021-09-21,15,8146,2021-12-13,0
2021-09-22,17,8163,2021-12-13,0
2021-09-23,13,8176,2021-12-13,0
2021-09-24,13,8189,2021-12-13,0
2021-09-25,16,8205,2021-12-13,0
2021-09-26,15,8220,2021-12-13,0
2021-09-27,15,8235,2021-12-13,0
2021-09-28,11,8246,2021-12-13,0
2021-09-29,19,8265,2021-12-13,0
2021-09-30,17,8282,2021-12-13,0
2021-10-01,13,8295,2021-12-13,0
2021-10-02,14,8309,2021-12-13,0
2021-10-03,23,8332,2021-12-13,0
2021-10-04,15,8347,2021-12-13,0
2021-10-05,23,8370,2021-12-13,0
2021-10-06,20,8390,2021-12-13,0
2021-10-07,13,8403,2021-12-13,0
2021-10-08,22,8425,2021-12-13,0
2021-10-09,20,8445,2021-12-13,0
2021-10-10,13,8458,2021-12-13,0
2021-10-11,11,8469,2021-12-13,0
2021-10-12,25,8494,2021-12-13,0
2021-10-13,20,8514,2021-12-13,0
2021-10-14,20,8534,2021-12-13,0
2021-10-15,14,8548,2021-12-13,0
2021-10-16,20,8568,2021-12-13,0
2021-10-17,17,8585,2021-12-13,0
2021-10-18,16,8601,2021-12-13,0
2021-10-19,25,8626,2021-12-13,0
2021-10-20,15,8641,2021-12-13,0
2021-10-21,8,8649,2021-12-13,0
2021-10-22,23,8672,2021-12-13,0
2021-10-23,24,8696,2021-12-13,0
2021-10-24,24,8720,2021-12-13,0
2021-10-25,20,8740,2021-12-13,0
2021-10-26,21,8761,2021-12-13,0
2021-10-27,15,8776,2021-12-13,0
2021-10-28,24,8800,2021-12-13,0
2021-10-29,19,8819,2021-12-13,0
2021-10-30,19,8838,2021-12-13,0
2021-10-31,26,8864,2021-12-13,1
2021-11-01,18,8882,2021-12-13,0
2021-11-02,18,8900,2021-12-13,0
2021-11-03,27,8927,2021-12-13,0
2021-11-04,27,8954,2021-12-13,0
2021-11-05,29,8983,2021-12-13,0
2021-11-06,16,8999,2021-12-13,0
2021-11-07,24,9023,2021-12-13,0
2021-11-08,27,9050,2021-12-13,0
2021-11-09,16,9066,2021-12-13,0
2021-11-10,18,9084,2021-12-13,0
2021-11-11,27,9111,2021-12-13,0
2021-11-12,27,9138,2021-12-13,0
2021-11-13,31,9169,2021-12-13,0
2021-11-14,24,9193,2021-12-13,0
2021-11-15,27,9220,2021-12-13,0
2021-11-16,25,9245,2021-12-13,0
2021-11-17,36,9281,2021-12-13,0
2021-11-18,36,9317,2021-12-13,0
2021-11-19,32,9349,2021-12-13,0
2021-11-20,28,9377,2021-12-13,0
2021-11-21,31,9408,2021-12-13,1
2021-11-22,25,9433,2021-12-13,0
2021-11-23,30,9463,2021-12-13,0
2021-11-24,22,9485,2021-12-13,0
2021-11-25,34,9519,2021-12-13,0
2021-11-26,49,9568,2021-12-13,1
2021-11-27,36,9604,2021-12-13,0
2021-11-28,37,9641,2021-12-13,0
2021-11-29,28,9669,2021-12-13,3
2021-11-30,29,9698,2021-12-13,1
2021-12-01,45,9743,2021-12-13,1
2021-12-02,33,9776,2021-12-13,2
2021-12-03,27,9803,2021-12-13,2
2021-12-04,28,9831,2021-12-13,5
2021-12-05,29,9860,2021-12-13,2
2021-12-06,23,9883,2021-12-13,7
2021-12-07,21,9904,2021-12-13,7
2021-12-08,13,9917,2021-12-13,12
2021-12-09,1,9918,2021-12-13,1
NA,0,9918,2021-12-13,0
2020-03-19,1,1,2021-12-14,0
2020-03-20,0,1,2021-12-14,0
2020-03-21,0,1,2021-12-14,0
2020-03-22,0,1,2021-12-14,0
2020-03-23,0,1,2021-12-14,0
2020-03-24,1,2,2021-12-14,0
2020-03-25,1,3,2021-12-14,0
2020-03-26,1,4,2021-12-14,0
2020-03-27,5,9,2021-12-14,0
2020-03-28,3,12,2021-12-14,0
2020-03-29,0,12,2021-12-14,0
2020-03-30,5,17,2021-12-14,0
2020-03-31,2,19,2021-12-14,0
2020-04-01,5,24,2021-12-14,0
2020-04-02,3,27,2021-12-14,0
2020-04-03,1,28,2021-12-14,0
2020-04-04,5,33,2021-12-14,0
2020-04-05,5,38,2021-12-14,0
2020-04-06,10,48,2021-12-14,0
2020-04-07,6,54,2021-12-14,0
2020-04-08,7,61,2021-12-14,0
2020-04-09,8,69,2021-12-14,0
2020-04-10,6,75,2021-12-14,0
2020-04-11,4,79,2021-12-14,0
2020-04-12,4,83,2021-12-14,0
2020-04-13,10,93,2021-12-14,0
2020-04-14,6,99,2021-12-14,0
2020-04-15,17,116,2021-12-14,0
2020-04-16,10,126,2021-12-14,0
2020-04-17,17,143,2021-12-14,0
2020-04-18,17,160,2021-12-14,0
2020-04-19,16,176,2021-12-14,0
2020-04-20,21,197,2021-12-14,0
2020-04-21,26,223,2021-12-14,0
2020-04-22,21,244,2021-12-14,0
2020-04-23,19,263,2021-12-14,0
2020-04-24,23,286,2021-12-14,0
2020-04-25,18,304,2021-12-14,0
2020-04-26,17,321,2021-12-14,0
2020-04-27,21,342,2021-12-14,0
2020-04-28,16,358,2021-12-14,0
2020-04-29,29,387,2021-12-14,0
2020-04-30,18,405,2021-12-14,0
2020-05-01,30,435,2021-12-14,0
2020-05-02,19,454,2021-12-14,0
2020-05-03,29,483,2021-12-14,0
2020-05-04,23,506,2021-12-14,0
2020-05-05,19,525,2021-12-14,0
2020-05-06,25,550,2021-12-14,0
2020-05-07,30,580,2021-12-14,0
2020-05-08,20,600,2021-12-14,0
2020-05-09,26,626,2021-12-14,0
2020-05-10,19,645,2021-12-14,0
2020-05-11,25,670,2021-12-14,0
2020-05-12,20,690,2021-12-14,0
2020-05-13,22,712,2021-12-14,0
2020-05-14,20,732,2021-12-14,0
2020-05-15,20,752,2021-12-14,0
2020-05-16,20,772,2021-12-14,0
2020-05-17,23,795,2021-12-14,0
2020-05-18,18,813,2021-12-14,0
2020-05-19,35,848,2021-12-14,0
2020-05-20,24,872,2021-12-14,0
2020-05-21,17,889,2021-12-14,0
2020-05-22,20,909,2021-12-14,0
2020-05-23,26,935,2021-12-14,0
2020-05-24,25,960,2021-12-14,0
2020-05-25,30,990,2021-12-14,0
2020-05-26,29,1019,2021-12-14,0
2020-05-27,25,1044,2021-12-14,0
2020-05-28,21,1065,2021-12-14,0
2020-05-29,17,1082,2021-12-14,0
2020-05-30,11,1093,2021-12-14,0
2020-05-31,20,1113,2021-12-14,0
2020-06-01,23,1136,2021-12-14,0
2020-06-02,21,1157,2021-12-14,0
2020-06-03,25,1182,2021-12-14,0
2020-06-04,26,1208,2021-12-14,0
2020-06-05,18,1226,2021-12-14,0
2020-06-06,12,1238,2021-12-14,0
2020-06-07,22,1260,2021-12-14,0
2020-06-08,12,1272,2021-12-14,0
2020-06-09,13,1285,2021-12-14,0
2020-06-10,10,1295,2021-12-14,0
2020-06-11,12,1307,2021-12-14,0
2020-06-12,11,1318,2021-12-14,0
2020-06-13,13,1331,2021-12-14,0
2020-06-14,11,1342,2021-12-14,0
2020-06-15,8,1350,2021-12-14,0
2020-06-16,9,1359,2021-12-14,0
2020-06-17,17,1376,2021-12-14,0
2020-06-18,9,1385,2021-12-14,0
2020-06-19,8,1393,2021-12-14,0
2020-06-20,12,1405,2021-12-14,0
2020-06-21,11,1416,2021-12-14,0
2020-06-22,6,1422,2021-12-14,0
2020-06-23,10,1432,2021-12-14,0
2020-06-24,1,1433,2021-12-14,0
2020-06-25,9,1442,2021-12-14,0
2020-06-26,6,1448,2021-12-14,0
2020-06-27,5,1453,2021-12-14,0
2020-06-28,11,1464,2021-12-14,0
2020-06-29,7,1471,2021-12-14,0
2020-06-30,9,1480,2021-12-14,0
2020-07-01,2,1482,2021-12-14,0
2020-07-02,3,1485,2021-12-14,0
2020-07-03,5,1490,2021-12-14,0
2020-07-04,4,1494,2021-12-14,0
2020-07-05,6,1500,2021-12-14,0
2020-07-06,4,1504,2021-12-14,0
2020-07-07,2,1506,2021-12-14,0
2020-07-08,9,1515,2021-12-14,0
2020-07-09,4,1519,2021-12-14,0
2020-07-10,3,1522,2021-12-14,0
2020-07-11,4,1526,2021-12-14,0
2020-07-12,6,1532,2021-12-14,0
2020-07-13,2,1534,2021-12-14,0
2020-07-14,6,1540,2021-12-14,0
2020-07-15,7,1547,2021-12-14,0
2020-07-16,3,1550,2021-12-14,0
2020-07-17,7,1557,2021-12-14,0
2020-07-18,6,1563,2021-12-14,0
2020-07-19,5,1568,2021-12-14,0
2020-07-20,3,1571,2021-12-14,0
2020-07-21,6,1577,2021-12-14,0
2020-07-22,5,1582,2021-12-14,0
2020-07-23,8,1590,2021-12-14,0
2020-07-24,6,1596,2021-12-14,0
2020-07-25,2,1598,2021-12-14,0
2020-07-26,5,1603,2021-12-14,0
2020-07-27,5,1608,2021-12-14,0
2020-07-28,7,1615,2021-12-14,0
2020-07-29,3,1618,2021-12-14,0
2020-07-30,6,1624,2021-12-14,0
2020-07-31,9,1633,2021-12-14,0
2020-08-01,4,1637,2021-12-14,0
2020-08-02,7,1644,2021-12-14,0
2020-08-03,4,1648,2021-12-14,0
2020-08-04,7,1655,2021-12-14,0
2020-08-05,8,1663,2021-12-14,0
2020-08-06,9,1672,2021-12-14,0
2020-08-07,7,1679,2021-12-14,0
2020-08-08,6,1685,2021-12-14,0
2020-08-09,10,1695,2021-12-14,0
2020-08-10,3,1698,2021-12-14,0
2020-08-11,9,1707,2021-12-14,0
2020-08-12,7,1714,2021-12-14,0
2020-08-13,5,1719,2021-12-14,0
2020-08-14,9,1728,2021-12-14,0
2020-08-15,13,1741,2021-12-14,0
2020-08-16,13,1754,2021-12-14,0
2020-08-17,6,1760,2021-12-14,0
2020-08-18,11,1771,2021-12-14,0
2020-08-19,3,1774,2021-12-14,0
2020-08-20,10,1784,2021-12-14,0
2020-08-21,12,1796,2021-12-14,0
2020-08-22,9,1805,2021-12-14,0
2020-08-23,7,1812,2021-12-14,0
2020-08-24,9,1821,2021-12-14,0
2020-08-25,4,1825,2021-12-14,0
2020-08-26,3,1828,2021-12-14,0
2020-08-27,7,1835,2021-12-14,0
2020-08-28,6,1841,2021-12-14,0
2020-08-29,3,1844,2021-12-14,0
2020-08-30,5,1849,2021-12-14,0
2020-08-31,9,1858,2021-12-14,0
2020-09-01,2,1860,2021-12-14,0
2020-09-02,7,1867,2021-12-14,0
2020-09-03,12,1879,2021-12-14,0
2020-09-04,4,1883,2021-12-14,0
2020-09-05,6,1889,2021-12-14,0
2020-09-06,12,1901,2021-12-14,0
2020-09-07,3,1904,2021-12-14,0
2020-09-08,6,1910,2021-12-14,0
2020-09-09,10,1920,2021-12-14,0
2020-09-10,9,1929,2021-12-14,0
2020-09-11,11,1940,2021-12-14,0
2020-09-12,8,1948,2021-12-14,0
2020-09-13,8,1956,2021-12-14,0
2020-09-14,2,1958,2021-12-14,0
2020-09-15,7,1965,2021-12-14,0
2020-09-16,9,1974,2021-12-14,0
2020-09-17,5,1979,2021-12-14,0
2020-09-18,6,1985,2021-12-14,0
2020-09-19,4,1989,2021-12-14,0
2020-09-20,9,1998,2021-12-14,0
2020-09-21,7,2005,2021-12-14,0
2020-09-22,8,2013,2021-12-14,0
2020-09-23,9,2022,2021-12-14,0
2020-09-24,8,2030,2021-12-14,0
2020-09-25,11,2041,2021-12-14,0
2020-09-26,9,2050,2021-12-14,0
2020-09-27,14,2064,2021-12-14,0
2020-09-28,11,2075,2021-12-14,0
2020-09-29,5,2080,2021-12-14,0
2020-09-30,16,2096,2021-12-14,0
2020-10-01,7,2103,2021-12-14,0
2020-10-02,13,2116,2021-12-14,0
2020-10-03,9,2125,2021-12-14,0
2020-10-04,7,2132,2021-12-14,0
2020-10-05,10,2142,2021-12-14,0
2020-10-06,13,2155,2021-12-14,0
2020-10-07,19,2174,2021-12-14,0
2020-10-08,9,2183,2021-12-14,0
2020-10-09,17,2200,2021-12-14,0
2020-10-10,16,2216,2021-12-14,0
2020-10-11,16,2232,2021-12-14,0
2020-10-12,20,2252,2021-12-14,0
2020-10-13,14,2266,2021-12-14,0
2020-10-14,10,2276,2021-12-14,0
2020-10-15,9,2285,2021-12-14,0
2020-10-16,12,2297,2021-12-14,0
2020-10-17,18,2315,2021-12-14,0
2020-10-18,25,2340,2021-12-14,0
2020-10-19,18,2358,2021-12-14,0
2020-10-20,15,2373,2021-12-14,0
2020-10-21,24,2397,2021-12-14,0
2020-10-22,18,2415,2021-12-14,0
2020-10-23,19,2434,2021-12-14,0
2020-10-24,8,2442,2021-12-14,0
2020-10-25,17,2459,2021-12-14,0
2020-10-26,25,2484,2021-12-14,0
2020-10-27,23,2507,2021-12-14,0
2020-10-28,29,2536,2021-12-14,0
2020-10-29,18,2554,2021-12-14,0
2020-10-30,27,2581,2021-12-14,0
2020-10-31,25,2606,2021-12-14,0
2020-11-01,21,2627,2021-12-14,0
2020-11-02,25,2652,2021-12-14,0
2020-11-03,25,2677,2021-12-14,0
2020-11-04,33,2710,2021-12-14,0
2020-11-05,38,2748,2021-12-14,0
2020-11-06,39,2787,2021-12-14,0
2020-11-07,42,2829,2021-12-14,0
2020-11-08,47,2876,2021-12-14,0
2020-11-09,37,2913,2021-12-14,0
2020-11-10,35,2948,2021-12-14,0
2020-11-11,43,2991,2021-12-14,0
2020-11-12,45,3036,2021-12-14,0
2020-11-13,40,3076,2021-12-14,0
2020-11-14,48,3124,2021-12-14,0
2020-11-15,46,3170,2021-12-14,0
2020-11-16,62,3232,2021-12-14,0
2020-11-17,56,3288,2021-12-14,0
2020-11-18,61,3349,2021-12-14,0
2020-11-19,60,3409,2021-12-14,0
2020-11-20,63,3472,2021-12-14,0
2020-11-21,58,3530,2021-12-14,0
2020-11-22,67,3597,2021-12-14,0
2020-11-23,59,3656,2021-12-14,0
2020-11-24,69,3725,2021-12-14,0
2020-11-25,72,3797,2021-12-14,0
2020-11-26,54,3851,2021-12-14,0
2020-11-27,69,3920,2021-12-14,0
2020-11-28,62,3982,2021-12-14,0
2020-11-29,68,4050,2021-12-14,0
2020-11-30,61,4111,2021-12-14,0
2020-12-01,64,4175,2021-12-14,0
2020-12-02,73,4248,2021-12-14,0
2020-12-03,86,4334,2021-12-14,0
2020-12-04,67,4401,2021-12-14,0
2020-12-05,74,4475,2021-12-14,0
2020-12-06,80,4555,2021-12-14,0
2020-12-07,75,4630,2021-12-14,0
2020-12-08,61,4691,2021-12-14,0
2020-12-09,71,4762,2021-12-14,0
2020-12-10,72,4834,2021-12-14,0
2020-12-11,71,4905,2021-12-14,0
2020-12-12,72,4977,2021-12-14,0
2020-12-13,56,5033,2021-12-14,0
2020-12-14,43,5076,2021-12-14,0
2020-12-15,65,5141,2021-12-14,0
2020-12-16,73,5214,2021-12-14,0
2020-12-17,60,5274,2021-12-14,0
2020-12-18,59,5333,2021-12-14,0
2020-12-19,56,5389,2021-12-14,0
2020-12-20,61,5450,2021-12-14,0
2020-12-21,58,5508,2021-12-14,0
2020-12-22,33,5541,2021-12-14,0
2020-12-23,46,5587,2021-12-14,0
2020-12-24,50,5637,2021-12-14,0
2020-12-25,36,5673,2021-12-14,0
2020-12-26,43,5716,2021-12-14,0
2020-12-27,41,5757,2021-12-14,0
2020-12-28,34,5791,2021-12-14,0
2020-12-29,37,5828,2021-12-14,0
2020-12-30,47,5875,2021-12-14,0
2020-12-31,36,5911,2021-12-14,0
2021-01-01,28,5939,2021-12-14,0
2021-01-02,47,5986,2021-12-14,0
2021-01-03,37,6023,2021-12-14,0
2021-01-04,32,6055,2021-12-14,0
2021-01-05,40,6095,2021-12-14,0
2021-01-06,32,6127,2021-12-14,0
2021-01-07,37,6164,2021-12-14,0
2021-01-08,32,6196,2021-12-14,0
2021-01-09,26,6222,2021-12-14,0
2021-01-10,29,6251,2021-12-14,0
2021-01-11,26,6277,2021-12-14,0
2021-01-12,32,6309,2021-12-14,0
2021-01-13,23,6332,2021-12-14,0
2021-01-14,41,6373,2021-12-14,0
2021-01-15,26,6399,2021-12-14,0
2021-01-16,30,6429,2021-12-14,0
2021-01-17,21,6450,2021-12-14,0
2021-01-18,19,6469,2021-12-14,0
2021-01-19,14,6483,2021-12-14,0
2021-01-20,26,6509,2021-12-14,0
2021-01-21,16,6525,2021-12-14,0
2021-01-22,13,6538,2021-12-14,0
2021-01-23,17,6555,2021-12-14,0
2021-01-24,24,6579,2021-12-14,0
2021-01-25,19,6598,2021-12-14,0
2021-01-26,21,6619,2021-12-14,0
2021-01-27,11,6630,2021-12-14,0
2021-01-28,12,6642,2021-12-14,0
2021-01-29,15,6657,2021-12-14,0
2021-01-30,13,6670,2021-12-14,0
2021-01-31,16,6686,2021-12-14,0
2021-02-01,17,6703,2021-12-14,0
2021-02-02,10,6713,2021-12-14,0
2021-02-03,11,6724,2021-12-14,0
2021-02-04,11,6735,2021-12-14,0
2021-02-05,12,6747,2021-12-14,0
2021-02-06,12,6759,2021-12-14,0
2021-02-07,19,6778,2021-12-14,0
2021-02-08,11,6789,2021-12-14,0
2021-02-09,15,6804,2021-12-14,0
2021-02-10,14,6818,2021-12-14,0
2021-02-11,7,6825,2021-12-14,0
2021-02-12,13,6838,2021-12-14,0
2021-02-13,8,6846,2021-12-14,0
2021-02-14,10,6856,2021-12-14,0
2021-02-15,9,6865,2021-12-14,0
2021-02-16,12,6877,2021-12-14,0
2021-02-17,10,6887,2021-12-14,0
2021-02-18,7,6894,2021-12-14,0
2021-02-19,6,6900,2021-12-14,0
2021-02-20,7,6907,2021-12-14,0
2021-02-21,4,6911,2021-12-14,0
2021-02-22,5,6916,2021-12-14,0
2021-02-23,9,6925,2021-12-14,0
2021-02-24,5,6930,2021-12-14,0
2021-02-25,5,6935,2021-12-14,0
2021-02-26,7,6942,2021-12-14,0
2021-02-27,6,6948,2021-12-14,0
2021-02-28,8,6956,2021-12-14,0
2021-03-01,7,6963,2021-12-14,0
2021-03-02,3,6966,2021-12-14,0
2021-03-03,10,6976,2021-12-14,0
2021-03-04,6,6982,2021-12-14,0
2021-03-05,10,6992,2021-12-14,0
2021-03-06,5,6997,2021-12-14,0
2021-03-07,9,7006,2021-12-14,0
2021-03-08,5,7011,2021-12-14,0
2021-03-09,7,7018,2021-12-14,0
2021-03-10,5,7023,2021-12-14,0
2021-03-11,4,7027,2021-12-14,0
2021-03-12,11,7038,2021-12-14,0
2021-03-13,5,7043,2021-12-14,0
2021-03-14,5,7048,2021-12-14,0
2021-03-15,2,7050,2021-12-14,0
2021-03-16,6,7056,2021-12-14,0
2021-03-17,4,7060,2021-12-14,0
2021-03-18,5,7065,2021-12-14,0
2021-03-19,5,7070,2021-12-14,0
2021-03-20,9,7079,2021-12-14,0
2021-03-21,5,7084,2021-12-14,0
2021-03-22,4,7088,2021-12-14,0
2021-03-23,5,7093,2021-12-14,0
2021-03-24,1,7094,2021-12-14,0
2021-03-25,5,7099,2021-12-14,0
2021-03-26,3,7102,2021-12-14,0
2021-03-27,7,7109,2021-12-14,0
2021-03-28,6,7115,2021-12-14,0
2021-03-29,5,7120,2021-12-14,0
2021-03-30,6,7126,2021-12-14,0
2021-03-31,8,7134,2021-12-14,0
2021-04-01,6,7140,2021-12-14,0
2021-04-02,9,7149,2021-12-14,0
2021-04-03,8,7157,2021-12-14,0
2021-04-04,6,7163,2021-12-14,0
2021-04-05,8,7171,2021-12-14,0
2021-04-06,7,7178,2021-12-14,0
2021-04-07,6,7184,2021-12-14,0
2021-04-08,10,7194,2021-12-14,0
2021-04-09,7,7201,2021-12-14,0
2021-04-10,7,7208,2021-12-14,0
2021-04-11,8,7216,2021-12-14,0
2021-04-12,10,7226,2021-12-14,0
2021-04-13,7,7233,2021-12-14,0
2021-04-14,8,7241,2021-12-14,0
2021-04-15,14,7255,2021-12-14,0
2021-04-16,8,7263,2021-12-14,0
2021-04-17,8,7271,2021-12-14,0
2021-04-18,8,7279,2021-12-14,0
2021-04-19,10,7289,2021-12-14,0
2021-04-20,5,7294,2021-12-14,0
2021-04-21,8,7302,2021-12-14,0
2021-04-22,2,7304,2021-12-14,0
2021-04-23,15,7319,2021-12-14,0
2021-04-24,11,7330,2021-12-14,0
2021-04-25,15,7345,2021-12-14,0
2021-04-26,15,7360,2021-12-14,0
2021-04-27,7,7367,2021-12-14,0
2021-04-28,14,7381,2021-12-14,0
2021-04-29,8,7389,2021-12-14,0
2021-04-30,11,7400,2021-12-14,0
2021-05-01,7,7407,2021-12-14,0
2021-05-02,8,7415,2021-12-14,0
2021-05-03,5,7420,2021-12-14,0
2021-05-04,13,7433,2021-12-14,0
2021-05-05,8,7441,2021-12-14,0
2021-05-06,5,7446,2021-12-14,0
2021-05-07,8,7454,2021-12-14,0
2021-05-08,7,7461,2021-12-14,0
2021-05-09,9,7470,2021-12-14,0
2021-05-10,8,7478,2021-12-14,0
2021-05-11,6,7484,2021-12-14,0
2021-05-12,9,7493,2021-12-14,0
2021-05-13,9,7502,2021-12-14,0
2021-05-14,11,7513,2021-12-14,0
2021-05-15,10,7523,2021-12-14,0
2021-05-16,6,7529,2021-12-14,0
2021-05-17,6,7535,2021-12-14,0
2021-05-18,7,7542,2021-12-14,0
2021-05-19,2,7544,2021-12-14,0
2021-05-20,5,7549,2021-12-14,0
2021-05-21,7,7556,2021-12-14,0
2021-05-22,11,7567,2021-12-14,0
2021-05-23,5,7572,2021-12-14,0
2021-05-24,5,7577,2021-12-14,0
2021-05-25,6,7583,2021-12-14,0
2021-05-26,3,7586,2021-12-14,0
2021-05-27,7,7593,2021-12-14,0
2021-05-28,2,7595,2021-12-14,0
2021-05-29,6,7601,2021-12-14,0
2021-05-30,4,7605,2021-12-14,0
2021-05-31,3,7608,2021-12-14,0
2021-06-01,5,7613,2021-12-14,0
2021-06-02,8,7621,2021-12-14,0
2021-06-03,4,7625,2021-12-14,0
2021-06-04,4,7629,2021-12-14,0
2021-06-05,2,7631,2021-12-14,0
2021-06-06,5,7636,2021-12-14,0
2021-06-07,3,7639,2021-12-14,0
2021-06-08,5,7644,2021-12-14,0
2021-06-09,4,7648,2021-12-14,0
2021-06-10,6,7654,2021-12-14,0
2021-06-11,6,7660,2021-12-14,0
2021-06-12,4,7664,2021-12-14,0
2021-06-13,4,7668,2021-12-14,0
2021-06-14,3,7671,2021-12-14,0
2021-06-15,2,7673,2021-12-14,0
2021-06-16,2,7675,2021-12-14,0
2021-06-17,4,7679,2021-12-14,0
2021-06-18,1,7680,2021-12-14,0
2021-06-19,6,7686,2021-12-14,0
2021-06-20,1,7687,2021-12-14,0
2021-06-21,5,7692,2021-12-14,0
2021-06-22,3,7695,2021-12-14,0
2021-06-23,4,7699,2021-12-14,0
2021-06-24,3,7702,2021-12-14,0
2021-06-25,3,7705,2021-12-14,0
2021-06-26,4,7709,2021-12-14,0
2021-06-27,2,7711,2021-12-14,0
2021-06-28,2,7713,2021-12-14,0
2021-06-29,2,7715,2021-12-14,0
2021-06-30,2,7717,2021-12-14,0
2021-07-01,0,7717,2021-12-14,0
2021-07-02,2,7719,2021-12-14,0
2021-07-03,2,7721,2021-12-14,0
2021-07-04,3,7724,2021-12-14,0
2021-07-05,1,7725,2021-12-14,0
2021-07-06,4,7729,2021-12-14,0
2021-07-07,1,7730,2021-12-14,0
2021-07-08,1,7731,2021-12-14,0
2021-07-09,0,7731,2021-12-14,0
2021-07-10,1,7732,2021-12-14,0
2021-07-11,3,7735,2021-12-14,0
2021-07-12,1,7736,2021-12-14,0
2021-07-13,2,7738,2021-12-14,0
2021-07-14,2,7740,2021-12-14,0
2021-07-15,2,7742,2021-12-14,0
2021-07-16,1,7743,2021-12-14,0
2021-07-17,1,7744,2021-12-14,0
2021-07-18,0,7744,2021-12-14,0
2021-07-19,0,7744,2021-12-14,0
2021-07-20,2,7746,2021-12-14,0
2021-07-21,2,7748,2021-12-14,0
2021-07-22,2,7750,2021-12-14,0
2021-07-23,3,7753,2021-12-14,0
2021-07-24,0,7753,2021-12-14,0
2021-07-25,2,7755,2021-12-14,0
2021-07-26,1,7756,2021-12-14,0
2021-07-27,2,7758,2021-12-14,0
2021-07-28,3,7761,2021-12-14,0
2021-07-29,2,7763,2021-12-14,0
2021-07-30,5,7768,2021-12-14,0
2021-07-31,4,7772,2021-12-14,0
2021-08-01,1,7773,2021-12-14,0
2021-08-02,3,7776,2021-12-14,0
2021-08-03,2,7778,2021-12-14,0
2021-08-04,3,7781,2021-12-14,0
2021-08-05,2,7783,2021-12-14,0
2021-08-06,7,7790,2021-12-14,0
2021-08-07,3,7793,2021-12-14,0
2021-08-08,2,7795,2021-12-14,0
2021-08-09,3,7798,2021-12-14,0
2021-08-10,2,7800,2021-12-14,0
2021-08-11,2,7802,2021-12-14,0
2021-08-12,7,7809,2021-12-14,0
2021-08-13,5,7814,2021-12-14,0
2021-08-14,6,7820,2021-12-14,0
2021-08-15,0,7820,2021-12-14,0
2021-08-16,7,7827,2021-12-14,0
2021-08-17,7,7834,2021-12-14,0
2021-08-18,9,7843,2021-12-14,0
2021-08-19,2,7845,2021-12-14,0
2021-08-20,3,7848,2021-12-14,0
2021-08-21,5,7853,2021-12-14,0
2021-08-22,7,7860,2021-12-14,0
2021-08-23,5,7865,2021-12-14,0
2021-08-24,12,7877,2021-12-14,0
2021-08-25,7,7884,2021-12-14,0
2021-08-26,2,7886,2021-12-14,0
2021-08-27,6,7892,2021-12-14,0
2021-08-28,11,7903,2021-12-14,0
2021-08-29,11,7914,2021-12-14,0
2021-08-30,8,7922,2021-12-14,0
2021-08-31,6,7928,2021-12-14,0
2021-09-01,6,7934,2021-12-14,0
2021-09-02,6,7940,2021-12-14,0
2021-09-03,9,7949,2021-12-14,0
2021-09-04,9,7958,2021-12-14,0
2021-09-05,10,7968,2021-12-14,0
2021-09-06,8,7976,2021-12-14,0
2021-09-07,7,7983,2021-12-14,0
2021-09-08,11,7994,2021-12-14,0
2021-09-09,5,7999,2021-12-14,0
2021-09-10,9,8008,2021-12-14,0
2021-09-11,17,8025,2021-12-14,0
2021-09-12,10,8035,2021-12-14,0
2021-09-13,7,8042,2021-12-14,0
2021-09-14,11,8053,2021-12-14,0
2021-09-15,14,8067,2021-12-14,0
2021-09-16,16,8083,2021-12-14,0
2021-09-17,8,8091,2021-12-14,0
2021-09-18,13,8104,2021-12-14,0
2021-09-19,11,8115,2021-12-14,0
2021-09-20,16,8131,2021-12-14,0
2021-09-21,15,8146,2021-12-14,0
2021-09-22,17,8163,2021-12-14,0
2021-09-23,13,8176,2021-12-14,0
2021-09-24,13,8189,2021-12-14,0
2021-09-25,16,8205,2021-12-14,0
2021-09-26,15,8220,2021-12-14,0
2021-09-27,15,8235,2021-12-14,0
2021-09-28,11,8246,2021-12-14,0
2021-09-29,19,8265,2021-12-14,0
2021-09-30,17,8282,2021-12-14,0
2021-10-01,13,8295,2021-12-14,0
2021-10-02,14,8309,2021-12-14,0
2021-10-03,23,8332,2021-12-14,0
2021-10-04,15,8347,2021-12-14,0
2021-10-05,23,8370,2021-12-14,0
2021-10-06,20,8390,2021-12-14,0
2021-10-07,13,8403,2021-12-14,0
2021-10-08,22,8425,2021-12-14,0
2021-10-09,20,8445,2021-12-14,0
2021-10-10,13,8458,2021-12-14,0
2021-10-11,11,8469,2021-12-14,0
2021-10-12,25,8494,2021-12-14,0
2021-10-13,20,8514,2021-12-14,0
2021-10-14,20,8534,2021-12-14,0
2021-10-15,14,8548,2021-12-14,0
2021-10-16,20,8568,2021-12-14,0
2021-10-17,17,8585,2021-12-14,0
2021-10-18,16,8601,2021-12-14,0
2021-10-19,25,8626,2021-12-14,0
2021-10-20,15,8641,2021-12-14,0
2021-10-21,8,8649,2021-12-14,0
2021-10-22,23,8672,2021-12-14,0
2021-10-23,24,8696,2021-12-14,0
2021-10-24,24,8720,2021-12-14,0
2021-10-25,20,8740,2021-12-14,0
2021-10-26,21,8761,2021-12-14,0
2021-10-27,15,8776,2021-12-14,0
2021-10-28,24,8800,2021-12-14,0
2021-10-29,19,8819,2021-12-14,0
2021-10-30,19,8838,2021-12-14,0
2021-10-31,26,8864,2021-12-14,0
2021-11-01,18,8882,2021-12-14,0
2021-11-02,18,8900,2021-12-14,0
2021-11-03,27,8927,2021-12-14,0
2021-11-04,27,8954,2021-12-14,0
2021-11-05,29,8983,2021-12-14,0
2021-11-06,16,8999,2021-12-14,0
2021-11-07,24,9023,2021-12-14,0
2021-11-08,27,9050,2021-12-14,0
2021-11-09,16,9066,2021-12-14,0
2021-11-10,18,9084,2021-12-14,0
2021-11-11,27,9111,2021-12-14,0
2021-11-12,27,9138,2021-12-14,0
2021-11-13,31,9169,2021-12-14,0
2021-11-14,24,9193,2021-12-14,0
2021-11-15,27,9220,2021-12-14,0
2021-11-16,25,9245,2021-12-14,0
2021-11-17,36,9281,2021-12-14,0
2021-11-18,36,9317,2021-12-14,0
2021-11-19,32,9349,2021-12-14,0
2021-11-20,28,9377,2021-12-14,0
2021-11-21,32,9409,2021-12-14,1
2021-11-22,26,9435,2021-12-14,1
2021-11-23,30,9465,2021-12-14,0
2021-11-24,22,9487,2021-12-14,0
2021-11-25,34,9521,2021-12-14,0
2021-11-26,49,9570,2021-12-14,0
2021-11-27,36,9606,2021-12-14,0
2021-11-28,38,9644,2021-12-14,1
2021-11-29,28,9672,2021-12-14,0
2021-11-30,29,9701,2021-12-14,0
2021-12-01,45,9746,2021-12-14,0
2021-12-02,35,9781,2021-12-14,2
2021-12-03,28,9809,2021-12-14,1
2021-12-04,29,9838,2021-12-14,1
2021-12-05,31,9869,2021-12-14,2
2021-12-06,26,9895,2021-12-14,3
2021-12-07,25,9920,2021-12-14,4
2021-12-08,17,9937,2021-12-14,4
2021-12-09,26,9963,2021-12-14,25
2021-12-10,1,9964,2021-12-14,1
NA,0,9964,2021-12-14,0
2020-03-19,1,1,2021-12-15,0
2020-03-20,0,1,2021-12-15,0
2020-03-21,0,1,2021-12-15,0
2020-03-22,0,1,2021-12-15,0
2020-03-23,0,1,2021-12-15,0
2020-03-24,1,2,2021-12-15,0
2020-03-25,1,3,2021-12-15,0
2020-03-26,1,4,2021-12-15,0
2020-03-27,5,9,2021-12-15,0
2020-03-28,3,12,2021-12-15,0
2020-03-29,0,12,2021-12-15,0
2020-03-30,5,17,2021-12-15,0
2020-03-31,2,19,2021-12-15,0
2020-04-01,5,24,2021-12-15,0
2020-04-02,3,27,2021-12-15,0
2020-04-03,1,28,2021-12-15,0
2020-04-04,5,33,2021-12-15,0
2020-04-05,5,38,2021-12-15,0
2020-04-06,10,48,2021-12-15,0
2020-04-07,6,54,2021-12-15,0
2020-04-08,7,61,2021-12-15,0
2020-04-09,8,69,2021-12-15,0
2020-04-10,6,75,2021-12-15,0
2020-04-11,4,79,2021-12-15,0
2020-04-12,4,83,2021-12-15,0
2020-04-13,10,93,2021-12-15,0
2020-04-14,6,99,2021-12-15,0
2020-04-15,17,116,2021-12-15,0
2020-04-16,10,126,2021-12-15,0
2020-04-17,17,143,2021-12-15,0
2020-04-18,17,160,2021-12-15,0
2020-04-19,16,176,2021-12-15,0
2020-04-20,21,197,2021-12-15,0
2020-04-21,26,223,2021-12-15,0
2020-04-22,21,244,2021-12-15,0
2020-04-23,19,263,2021-12-15,0
2020-04-24,23,286,2021-12-15,0
2020-04-25,18,304,2021-12-15,0
2020-04-26,17,321,2021-12-15,0
2020-04-27,21,342,2021-12-15,0
2020-04-28,16,358,2021-12-15,0
2020-04-29,29,387,2021-12-15,0
2020-04-30,18,405,2021-12-15,0
2020-05-01,30,435,2021-12-15,0
2020-05-02,19,454,2021-12-15,0
2020-05-03,29,483,2021-12-15,0
2020-05-04,23,506,2021-12-15,0
2020-05-05,19,525,2021-12-15,0
2020-05-06,25,550,2021-12-15,0
2020-05-07,30,580,2021-12-15,0
2020-05-08,20,600,2021-12-15,0
2020-05-09,26,626,2021-12-15,0
2020-05-10,19,645,2021-12-15,0
2020-05-11,25,670,2021-12-15,0
2020-05-12,20,690,2021-12-15,0
2020-05-13,22,712,2021-12-15,0
2020-05-14,20,732,2021-12-15,0
2020-05-15,20,752,2021-12-15,0
2020-05-16,20,772,2021-12-15,0
2020-05-17,23,795,2021-12-15,0
2020-05-18,18,813,2021-12-15,0
2020-05-19,35,848,2021-12-15,0
2020-05-20,24,872,2021-12-15,0
2020-05-21,17,889,2021-12-15,0
2020-05-22,20,909,2021-12-15,0
2020-05-23,26,935,2021-12-15,0
2020-05-24,25,960,2021-12-15,0
2020-05-25,30,990,2021-12-15,0
2020-05-26,29,1019,2021-12-15,0
2020-05-27,25,1044,2021-12-15,0
2020-05-28,21,1065,2021-12-15,0
2020-05-29,17,1082,2021-12-15,0
2020-05-30,11,1093,2021-12-15,0
2020-05-31,20,1113,2021-12-15,0
2020-06-01,23,1136,2021-12-15,0
2020-06-02,21,1157,2021-12-15,0
2020-06-03,25,1182,2021-12-15,0
2020-06-04,26,1208,2021-12-15,0
2020-06-05,18,1226,2021-12-15,0
2020-06-06,12,1238,2021-12-15,0
2020-06-07,22,1260,2021-12-15,0
2020-06-08,12,1272,2021-12-15,0
2020-06-09,13,1285,2021-12-15,0
2020-06-10,10,1295,2021-12-15,0
2020-06-11,12,1307,2021-12-15,0
2020-06-12,11,1318,2021-12-15,0
2020-06-13,13,1331,2021-12-15,0
2020-06-14,11,1342,2021-12-15,0
2020-06-15,8,1350,2021-12-15,0
2020-06-16,9,1359,2021-12-15,0
2020-06-17,17,1376,2021-12-15,0
2020-06-18,9,1385,2021-12-15,0
2020-06-19,8,1393,2021-12-15,0
2020-06-20,12,1405,2021-12-15,0
2020-06-21,11,1416,2021-12-15,0
2020-06-22,6,1422,2021-12-15,0
2020-06-23,10,1432,2021-12-15,0
2020-06-24,1,1433,2021-12-15,0
2020-06-25,9,1442,2021-12-15,0
2020-06-26,6,1448,2021-12-15,0
2020-06-27,5,1453,2021-12-15,0
2020-06-28,11,1464,2021-12-15,0
2020-06-29,7,1471,2021-12-15,0
2020-06-30,9,1480,2021-12-15,0
2020-07-01,2,1482,2021-12-15,0
2020-07-02,3,1485,2021-12-15,0
2020-07-03,5,1490,2021-12-15,0
2020-07-04,4,1494,2021-12-15,0
2020-07-05,6,1500,2021-12-15,0
2020-07-06,4,1504,2021-12-15,0
2020-07-07,2,1506,2021-12-15,0
2020-07-08,9,1515,2021-12-15,0
2020-07-09,4,1519,2021-12-15,0
2020-07-10,3,1522,2021-12-15,0
2020-07-11,4,1526,2021-12-15,0
2020-07-12,6,1532,2021-12-15,0
2020-07-13,2,1534,2021-12-15,0
2020-07-14,6,1540,2021-12-15,0
2020-07-15,7,1547,2021-12-15,0
2020-07-16,3,1550,2021-12-15,0
2020-07-17,7,1557,2021-12-15,0
2020-07-18,6,1563,2021-12-15,0
2020-07-19,5,1568,2021-12-15,0
2020-07-20,3,1571,2021-12-15,0
2020-07-21,6,1577,2021-12-15,0
2020-07-22,5,1582,2021-12-15,0
2020-07-23,8,1590,2021-12-15,0
2020-07-24,6,1596,2021-12-15,0
2020-07-25,2,1598,2021-12-15,0
2020-07-26,5,1603,2021-12-15,0
2020-07-27,5,1608,2021-12-15,0
2020-07-28,7,1615,2021-12-15,0
2020-07-29,3,1618,2021-12-15,0
2020-07-30,6,1624,2021-12-15,0
2020-07-31,9,1633,2021-12-15,0
2020-08-01,4,1637,2021-12-15,0
2020-08-02,7,1644,2021-12-15,0
2020-08-03,4,1648,2021-12-15,0
2020-08-04,7,1655,2021-12-15,0
2020-08-05,8,1663,2021-12-15,0
2020-08-06,9,1672,2021-12-15,0
2020-08-07,7,1679,2021-12-15,0
2020-08-08,6,1685,2021-12-15,0
2020-08-09,10,1695,2021-12-15,0
2020-08-10,3,1698,2021-12-15,0
2020-08-11,9,1707,2021-12-15,0
2020-08-12,7,1714,2021-12-15,0
2020-08-13,5,1719,2021-12-15,0
2020-08-14,9,1728,2021-12-15,0
2020-08-15,13,1741,2021-12-15,0
2020-08-16,13,1754,2021-12-15,0
2020-08-17,6,1760,2021-12-15,0
2020-08-18,11,1771,2021-12-15,0
2020-08-19,3,1774,2021-12-15,0
2020-08-20,10,1784,2021-12-15,0
2020-08-21,12,1796,2021-12-15,0
2020-08-22,9,1805,2021-12-15,0
2020-08-23,7,1812,2021-12-15,0
2020-08-24,9,1821,2021-12-15,0
2020-08-25,4,1825,2021-12-15,0
2020-08-26,3,1828,2021-12-15,0
2020-08-27,7,1835,2021-12-15,0
2020-08-28,6,1841,2021-12-15,0
2020-08-29,3,1844,2021-12-15,0
2020-08-30,5,1849,2021-12-15,0
2020-08-31,9,1858,2021-12-15,0
2020-09-01,2,1860,2021-12-15,0
2020-09-02,7,1867,2021-12-15,0
2020-09-03,12,1879,2021-12-15,0
2020-09-04,4,1883,2021-12-15,0
2020-09-05,6,1889,2021-12-15,0
2020-09-06,12,1901,2021-12-15,0
2020-09-07,3,1904,2021-12-15,0
2020-09-08,6,1910,2021-12-15,0
2020-09-09,10,1920,2021-12-15,0
2020-09-10,9,1929,2021-12-15,0
2020-09-11,11,1940,2021-12-15,0
2020-09-12,8,1948,2021-12-15,0
2020-09-13,8,1956,2021-12-15,0
2020-09-14,2,1958,2021-12-15,0
2020-09-15,7,1965,2021-12-15,0
2020-09-16,9,1974,2021-12-15,0
2020-09-17,5,1979,2021-12-15,0
2020-09-18,6,1985,2021-12-15,0
2020-09-19,4,1989,2021-12-15,0
2020-09-20,9,1998,2021-12-15,0
2020-09-21,7,2005,2021-12-15,0
2020-09-22,8,2013,2021-12-15,0
2020-09-23,9,2022,2021-12-15,0
2020-09-24,8,2030,2021-12-15,0
2020-09-25,11,2041,2021-12-15,0
2020-09-26,9,2050,2021-12-15,0
2020-09-27,14,2064,2021-12-15,0
2020-09-28,11,2075,2021-12-15,0
2020-09-29,5,2080,2021-12-15,0
2020-09-30,16,2096,2021-12-15,0
2020-10-01,7,2103,2021-12-15,0
2020-10-02,13,2116,2021-12-15,0
2020-10-03,9,2125,2021-12-15,0
2020-10-04,7,2132,2021-12-15,0
2020-10-05,10,2142,2021-12-15,0
2020-10-06,13,2155,2021-12-15,0
2020-10-07,19,2174,2021-12-15,0
2020-10-08,9,2183,2021-12-15,0
2020-10-09,17,2200,2021-12-15,0
2020-10-10,16,2216,2021-12-15,0
2020-10-11,16,2232,2021-12-15,0
2020-10-12,20,2252,2021-12-15,0
2020-10-13,14,2266,2021-12-15,0
2020-10-14,10,2276,2021-12-15,0
2020-10-15,9,2285,2021-12-15,0
2020-10-16,12,2297,2021-12-15,0
2020-10-17,18,2315,2021-12-15,0
2020-10-18,25,2340,2021-12-15,0
2020-10-19,18,2358,2021-12-15,0
2020-10-20,15,2373,2021-12-15,0
2020-10-21,24,2397,2021-12-15,0
2020-10-22,18,2415,2021-12-15,0
2020-10-23,19,2434,2021-12-15,0
2020-10-24,8,2442,2021-12-15,0
2020-10-25,17,2459,2021-12-15,0
2020-10-26,25,2484,2021-12-15,0
2020-10-27,23,2507,2021-12-15,0
2020-10-28,29,2536,2021-12-15,0
2020-10-29,18,2554,2021-12-15,0
2020-10-30,27,2581,2021-12-15,0
2020-10-31,25,2606,2021-12-15,0
2020-11-01,21,2627,2021-12-15,0
2020-11-02,25,2652,2021-12-15,0
2020-11-03,25,2677,2021-12-15,0
2020-11-04,33,2710,2021-12-15,0
2020-11-05,38,2748,2021-12-15,0
2020-11-06,39,2787,2021-12-15,0
2020-11-07,42,2829,2021-12-15,0
2020-11-08,47,2876,2021-12-15,0
2020-11-09,37,2913,2021-12-15,0
2020-11-10,35,2948,2021-12-15,0
2020-11-11,43,2991,2021-12-15,0
2020-11-12,45,3036,2021-12-15,0
2020-11-13,40,3076,2021-12-15,0
2020-11-14,48,3124,2021-12-15,0
2020-11-15,46,3170,2021-12-15,0
2020-11-16,62,3232,2021-12-15,0
2020-11-17,56,3288,2021-12-15,0
2020-11-18,61,3349,2021-12-15,0
2020-11-19,60,3409,2021-12-15,0
2020-11-20,63,3472,2021-12-15,0
2020-11-21,58,3530,2021-12-15,0
2020-11-22,67,3597,2021-12-15,0
2020-11-23,59,3656,2021-12-15,0
2020-11-24,69,3725,2021-12-15,0
2020-11-25,72,3797,2021-12-15,0
2020-11-26,54,3851,2021-12-15,0
2020-11-27,69,3920,2021-12-15,0
2020-11-28,62,3982,2021-12-15,0
2020-11-29,68,4050,2021-12-15,0
2020-11-30,61,4111,2021-12-15,0
2020-12-01,64,4175,2021-12-15,0
2020-12-02,73,4248,2021-12-15,0
2020-12-03,86,4334,2021-12-15,0
2020-12-04,67,4401,2021-12-15,0
2020-12-05,74,4475,2021-12-15,0
2020-12-06,80,4555,2021-12-15,0
2020-12-07,75,4630,2021-12-15,0
2020-12-08,61,4691,2021-12-15,0
2020-12-09,71,4762,2021-12-15,0
2020-12-10,72,4834,2021-12-15,0
2020-12-11,71,4905,2021-12-15,0
2020-12-12,72,4977,2021-12-15,0
2020-12-13,56,5033,2021-12-15,0
2020-12-14,43,5076,2021-12-15,0
2020-12-15,65,5141,2021-12-15,0
2020-12-16,73,5214,2021-12-15,0
2020-12-17,60,5274,2021-12-15,0
2020-12-18,59,5333,2021-12-15,0
2020-12-19,56,5389,2021-12-15,0
2020-12-20,61,5450,2021-12-15,0
2020-12-21,58,5508,2021-12-15,0
2020-12-22,33,5541,2021-12-15,0
2020-12-23,46,5587,2021-12-15,0
2020-12-24,50,5637,2021-12-15,0
2020-12-25,36,5673,2021-12-15,0
2020-12-26,43,5716,2021-12-15,0
2020-12-27,41,5757,2021-12-15,0
2020-12-28,34,5791,2021-12-15,0
2020-12-29,37,5828,2021-12-15,0
2020-12-30,47,5875,2021-12-15,0
2020-12-31,36,5911,2021-12-15,0
2021-01-01,28,5939,2021-12-15,0
2021-01-02,47,5986,2021-12-15,0
2021-01-03,37,6023,2021-12-15,0
2021-01-04,32,6055,2021-12-15,0
2021-01-05,40,6095,2021-12-15,0
2021-01-06,32,6127,2021-12-15,0
2021-01-07,37,6164,2021-12-15,0
2021-01-08,32,6196,2021-12-15,0
2021-01-09,26,6222,2021-12-15,0
2021-01-10,29,6251,2021-12-15,0
2021-01-11,26,6277,2021-12-15,0
2021-01-12,32,6309,2021-12-15,0
2021-01-13,23,6332,2021-12-15,0
2021-01-14,41,6373,2021-12-15,0
2021-01-15,26,6399,2021-12-15,0
2021-01-16,30,6429,2021-12-15,0
2021-01-17,21,6450,2021-12-15,0
2021-01-18,19,6469,2021-12-15,0
2021-01-19,14,6483,2021-12-15,0
2021-01-20,26,6509,2021-12-15,0
2021-01-21,16,6525,2021-12-15,0
2021-01-22,13,6538,2021-12-15,0
2021-01-23,17,6555,2021-12-15,0
2021-01-24,24,6579,2021-12-15,0
2021-01-25,19,6598,2021-12-15,0
2021-01-26,21,6619,2021-12-15,0
2021-01-27,11,6630,2021-12-15,0
2021-01-28,12,6642,2021-12-15,0
2021-01-29,15,6657,2021-12-15,0
2021-01-30,13,6670,2021-12-15,0
2021-01-31,16,6686,2021-12-15,0
2021-02-01,17,6703,2021-12-15,0
2021-02-02,10,6713,2021-12-15,0
2021-02-03,11,6724,2021-12-15,0
2021-02-04,11,6735,2021-12-15,0
2021-02-05,12,6747,2021-12-15,0
2021-02-06,12,6759,2021-12-15,0
2021-02-07,19,6778,2021-12-15,0
2021-02-08,11,6789,2021-12-15,0
2021-02-09,15,6804,2021-12-15,0
2021-02-10,14,6818,2021-12-15,0
2021-02-11,7,6825,2021-12-15,0
2021-02-12,13,6838,2021-12-15,0
2021-02-13,8,6846,2021-12-15,0
2021-02-14,10,6856,2021-12-15,0
2021-02-15,9,6865,2021-12-15,0
2021-02-16,12,6877,2021-12-15,0
2021-02-17,10,6887,2021-12-15,0
2021-02-18,7,6894,2021-12-15,0
2021-02-19,6,6900,2021-12-15,0
2021-02-20,7,6907,2021-12-15,0
2021-02-21,4,6911,2021-12-15,0
2021-02-22,5,6916,2021-12-15,0
2021-02-23,9,6925,2021-12-15,0
2021-02-24,5,6930,2021-12-15,0
2021-02-25,5,6935,2021-12-15,0
2021-02-26,7,6942,2021-12-15,0
2021-02-27,6,6948,2021-12-15,0
2021-02-28,8,6956,2021-12-15,0
2021-03-01,7,6963,2021-12-15,0
2021-03-02,3,6966,2021-12-15,0
2021-03-03,10,6976,2021-12-15,0
2021-03-04,6,6982,2021-12-15,0
2021-03-05,10,6992,2021-12-15,0
2021-03-06,5,6997,2021-12-15,0
2021-03-07,9,7006,2021-12-15,0
2021-03-08,5,7011,2021-12-15,0
2021-03-09,7,7018,2021-12-15,0
2021-03-10,5,7023,2021-12-15,0
2021-03-11,4,7027,2021-12-15,0
2021-03-12,11,7038,2021-12-15,0
2021-03-13,5,7043,2021-12-15,0
2021-03-14,5,7048,2021-12-15,0
2021-03-15,2,7050,2021-12-15,0
2021-03-16,6,7056,2021-12-15,0
2021-03-17,4,7060,2021-12-15,0
2021-03-18,5,7065,2021-12-15,0
2021-03-19,5,7070,2021-12-15,0
2021-03-20,9,7079,2021-12-15,0
2021-03-21,5,7084,2021-12-15,0
2021-03-22,4,7088,2021-12-15,0
2021-03-23,5,7093,2021-12-15,0
2021-03-24,1,7094,2021-12-15,0
2021-03-25,5,7099,2021-12-15,0
2021-03-26,3,7102,2021-12-15,0
2021-03-27,7,7109,2021-12-15,0
2021-03-28,6,7115,2021-12-15,0
2021-03-29,5,7120,2021-12-15,0
2021-03-30,6,7126,2021-12-15,0
2021-03-31,8,7134,2021-12-15,0
2021-04-01,6,7140,2021-12-15,0
2021-04-02,9,7149,2021-12-15,0
2021-04-03,8,7157,2021-12-15,0
2021-04-04,6,7163,2021-12-15,0
2021-04-05,8,7171,2021-12-15,0
2021-04-06,7,7178,2021-12-15,0
2021-04-07,6,7184,2021-12-15,0
2021-04-08,10,7194,2021-12-15,0
2021-04-09,7,7201,2021-12-15,0
2021-04-10,7,7208,2021-12-15,0
2021-04-11,8,7216,2021-12-15,0
2021-04-12,10,7226,2021-12-15,0
2021-04-13,7,7233,2021-12-15,0
2021-04-14,8,7241,2021-12-15,0
2021-04-15,14,7255,2021-12-15,0
2021-04-16,8,7263,2021-12-15,0
2021-04-17,8,7271,2021-12-15,0
2021-04-18,8,7279,2021-12-15,0
2021-04-19,10,7289,2021-12-15,0
2021-04-20,5,7294,2021-12-15,0
2021-04-21,8,7302,2021-12-15,0
2021-04-22,2,7304,2021-12-15,0
2021-04-23,15,7319,2021-12-15,0
2021-04-24,11,7330,2021-12-15,0
2021-04-25,15,7345,2021-12-15,0
2021-04-26,15,7360,2021-12-15,0
2021-04-27,7,7367,2021-12-15,0
2021-04-28,14,7381,2021-12-15,0
2021-04-29,8,7389,2021-12-15,0
2021-04-30,11,7400,2021-12-15,0
2021-05-01,7,7407,2021-12-15,0
2021-05-02,8,7415,2021-12-15,0
2021-05-03,5,7420,2021-12-15,0
2021-05-04,13,7433,2021-12-15,0
2021-05-05,8,7441,2021-12-15,0
2021-05-06,5,7446,2021-12-15,0
2021-05-07,8,7454,2021-12-15,0
2021-05-08,7,7461,2021-12-15,0
2021-05-09,9,7470,2021-12-15,0
2021-05-10,8,7478,2021-12-15,0
2021-05-11,6,7484,2021-12-15,0
2021-05-12,9,7493,2021-12-15,0
2021-05-13,9,7502,2021-12-15,0
2021-05-14,11,7513,2021-12-15,0
2021-05-15,10,7523,2021-12-15,0
2021-05-16,6,7529,2021-12-15,0
2021-05-17,6,7535,2021-12-15,0
2021-05-18,7,7542,2021-12-15,0
2021-05-19,2,7544,2021-12-15,0
2021-05-20,5,7549,2021-12-15,0
2021-05-21,7,7556,2021-12-15,0
2021-05-22,11,7567,2021-12-15,0
2021-05-23,5,7572,2021-12-15,0
2021-05-24,5,7577,2021-12-15,0
2021-05-25,6,7583,2021-12-15,0
2021-05-26,3,7586,2021-12-15,0
2021-05-27,7,7593,2021-12-15,0
2021-05-28,2,7595,2021-12-15,0
2021-05-29,6,7601,2021-12-15,0
2021-05-30,4,7605,2021-12-15,0
2021-05-31,3,7608,2021-12-15,0
2021-06-01,5,7613,2021-12-15,0
2021-06-02,8,7621,2021-12-15,0
2021-06-03,4,7625,2021-12-15,0
2021-06-04,4,7629,2021-12-15,0
2021-06-05,2,7631,2021-12-15,0
2021-06-06,5,7636,2021-12-15,0
2021-06-07,3,7639,2021-12-15,0
2021-06-08,5,7644,2021-12-15,0
2021-06-09,4,7648,2021-12-15,0
2021-06-10,6,7654,2021-12-15,0
2021-06-11,6,7660,2021-12-15,0
2021-06-12,4,7664,2021-12-15,0
2021-06-13,4,7668,2021-12-15,0
2021-06-14,3,7671,2021-12-15,0
2021-06-15,2,7673,2021-12-15,0
2021-06-16,2,7675,2021-12-15,0
2021-06-17,4,7679,2021-12-15,0
2021-06-18,1,7680,2021-12-15,0
2021-06-19,6,7686,2021-12-15,0
2021-06-20,1,7687,2021-12-15,0
2021-06-21,5,7692,2021-12-15,0
2021-06-22,3,7695,2021-12-15,0
2021-06-23,4,7699,2021-12-15,0
2021-06-24,3,7702,2021-12-15,0
2021-06-25,3,7705,2021-12-15,0
2021-06-26,4,7709,2021-12-15,0
2021-06-27,2,7711,2021-12-15,0
2021-06-28,2,7713,2021-12-15,0
2021-06-29,2,7715,2021-12-15,0
2021-06-30,2,7717,2021-12-15,0
2021-07-01,0,7717,2021-12-15,0
2021-07-02,2,7719,2021-12-15,0
2021-07-03,2,7721,2021-12-15,0
2021-07-04,3,7724,2021-12-15,0
2021-07-05,1,7725,2021-12-15,0
2021-07-06,4,7729,2021-12-15,0
2021-07-07,1,7730,2021-12-15,0
2021-07-08,1,7731,2021-12-15,0
2021-07-09,0,7731,2021-12-15,0
2021-07-10,1,7732,2021-12-15,0
2021-07-11,3,7735,2021-12-15,0
2021-07-12,1,7736,2021-12-15,0
2021-07-13,2,7738,2021-12-15,0
2021-07-14,2,7740,2021-12-15,0
2021-07-15,2,7742,2021-12-15,0
2021-07-16,1,7743,2021-12-15,0
2021-07-17,1,7744,2021-12-15,0
2021-07-18,0,7744,2021-12-15,0
2021-07-19,0,7744,2021-12-15,0
2021-07-20,2,7746,2021-12-15,0
2021-07-21,2,7748,2021-12-15,0
2021-07-22,2,7750,2021-12-15,0
2021-07-23,3,7753,2021-12-15,0
2021-07-24,0,7753,2021-12-15,0
2021-07-25,2,7755,2021-12-15,0
2021-07-26,1,7756,2021-12-15,0
2021-07-27,2,7758,2021-12-15,0
2021-07-28,3,7761,2021-12-15,0
2021-07-29,2,7763,2021-12-15,0
2021-07-30,5,7768,2021-12-15,0
2021-07-31,4,7772,2021-12-15,0
2021-08-01,1,7773,2021-12-15,0
2021-08-02,3,7776,2021-12-15,0
2021-08-03,2,7778,2021-12-15,0
2021-08-04,3,7781,2021-12-15,0
2021-08-05,2,7783,2021-12-15,0
2021-08-06,7,7790,2021-12-15,0
2021-08-07,3,7793,2021-12-15,0
2021-08-08,2,7795,2021-12-15,0
2021-08-09,3,7798,2021-12-15,0
2021-08-10,2,7800,2021-12-15,0
2021-08-11,2,7802,2021-12-15,0
2021-08-12,7,7809,2021-12-15,0
2021-08-13,5,7814,2021-12-15,0
2021-08-14,6,7820,2021-12-15,0
2021-08-15,0,7820,2021-12-15,0
2021-08-16,7,7827,2021-12-15,0
2021-08-17,7,7834,2021-12-15,0
2021-08-18,9,7843,2021-12-15,0
2021-08-19,2,7845,2021-12-15,0
2021-08-20,3,7848,2021-12-15,0
2021-08-21,5,7853,2021-12-15,0
2021-08-22,7,7860,2021-12-15,0
2021-08-23,5,7865,2021-12-15,0
2021-08-24,12,7877,2021-12-15,0
2021-08-25,7,7884,2021-12-15,0
2021-08-26,2,7886,2021-12-15,0
2021-08-27,6,7892,2021-12-15,0
2021-08-28,11,7903,2021-12-15,0
2021-08-29,11,7914,2021-12-15,0
2021-08-30,8,7922,2021-12-15,0
2021-08-31,6,7928,2021-12-15,0
2021-09-01,6,7934,2021-12-15,0
2021-09-02,6,7940,2021-12-15,0
2021-09-03,9,7949,2021-12-15,0
2021-09-04,9,7958,2021-12-15,0
2021-09-05,10,7968,2021-12-15,0
2021-09-06,8,7976,2021-12-15,0
2021-09-07,7,7983,2021-12-15,0
2021-09-08,11,7994,2021-12-15,0
2021-09-09,5,7999,2021-12-15,0
2021-09-10,9,8008,2021-12-15,0
2021-09-11,17,8025,2021-12-15,0
2021-09-12,10,8035,2021-12-15,0
2021-09-13,7,8042,2021-12-15,0
2021-09-14,11,8053,2021-12-15,0
2021-09-15,14,8067,2021-12-15,0
2021-09-16,16,8083,2021-12-15,0
2021-09-17,8,8091,2021-12-15,0
2021-09-18,13,8104,2021-12-15,0
2021-09-19,11,8115,2021-12-15,0
2021-09-20,16,8131,2021-12-15,0
2021-09-21,15,8146,2021-12-15,0
2021-09-22,17,8163,2021-12-15,0
2021-09-23,13,8176,2021-12-15,0
2021-09-24,13,8189,2021-12-15,0
2021-09-25,16,8205,2021-12-15,0
2021-09-26,15,8220,2021-12-15,0
2021-09-27,15,8235,2021-12-15,0
2021-09-28,11,8246,2021-12-15,0
2021-09-29,19,8265,2021-12-15,0
2021-09-30,17,8282,2021-12-15,0
2021-10-01,13,8295,2021-12-15,0
2021-10-02,14,8309,2021-12-15,0
2021-10-03,23,8332,2021-12-15,0
2021-10-04,15,8347,2021-12-15,0
2021-10-05,23,8370,2021-12-15,0
2021-10-06,20,8390,2021-12-15,0
2021-10-07,13,8403,2021-12-15,0
2021-10-08,22,8425,2021-12-15,0
2021-10-09,20,8445,2021-12-15,0
2021-10-10,13,8458,2021-12-15,0
2021-10-11,11,8469,2021-12-15,0
2021-10-12,25,8494,2021-12-15,0
2021-10-13,20,8514,2021-12-15,0
2021-10-14,20,8534,2021-12-15,0
2021-10-15,14,8548,2021-12-15,0
2021-10-16,20,8568,2021-12-15,0
2021-10-17,17,8585,2021-12-15,0
2021-10-18,16,8601,2021-12-15,0
2021-10-19,25,8626,2021-12-15,0
2021-10-20,15,8641,2021-12-15,0
2021-10-21,8,8649,2021-12-15,0
2021-10-22,23,8672,2021-12-15,0
2021-10-23,24,8696,2021-12-15,0
2021-10-24,24,8720,2021-12-15,0
2021-10-25,20,8740,2021-12-15,0
2021-10-26,21,8761,2021-12-15,0
2021-10-27,16,8777,2021-12-15,1
2021-10-28,24,8801,2021-12-15,0
2021-10-29,19,8820,2021-12-15,0
2021-10-30,19,8839,2021-12-15,0
2021-10-31,26,8865,2021-12-15,0
2021-11-01,18,8883,2021-12-15,0
2021-11-02,18,8901,2021-12-15,0
2021-11-03,27,8928,2021-12-15,0
2021-11-04,27,8955,2021-12-15,0
2021-11-05,29,8984,2021-12-15,0
2021-11-06,16,9000,2021-12-15,0
2021-11-07,24,9024,2021-12-15,0
2021-11-08,27,9051,2021-12-15,0
2021-11-09,16,9067,2021-12-15,0
2021-11-10,18,9085,2021-12-15,0
2021-11-11,27,9112,2021-12-15,0
2021-11-12,27,9139,2021-12-15,0
2021-11-13,31,9170,2021-12-15,0
2021-11-14,24,9194,2021-12-15,0
2021-11-15,27,9221,2021-12-15,0
2021-11-16,25,9246,2021-12-15,0
2021-11-17,37,9283,2021-12-15,1
2021-11-18,36,9319,2021-12-15,0
2021-11-19,32,9351,2021-12-15,0
2021-11-20,28,9379,2021-12-15,0
2021-11-21,33,9412,2021-12-15,1
2021-11-22,27,9439,2021-12-15,1
2021-11-23,30,9469,2021-12-15,0
2021-11-24,22,9491,2021-12-15,0
2021-11-25,34,9525,2021-12-15,0
2021-11-26,50,9575,2021-12-15,1
2021-11-27,36,9611,2021-12-15,0
2021-11-28,38,9649,2021-12-15,0
2021-11-29,28,9677,2021-12-15,0
2021-11-30,29,9706,2021-12-15,0
2021-12-01,45,9751,2021-12-15,0
2021-12-02,36,9787,2021-12-15,1
2021-12-03,29,9816,2021-12-15,1
2021-12-04,32,9848,2021-12-15,3
2021-12-05,32,9880,2021-12-15,1
2021-12-06,29,9909,2021-12-15,3
2021-12-07,27,9936,2021-12-15,2
2021-12-08,24,9960,2021-12-15,7
2021-12-09,31,9991,2021-12-15,5
2021-12-10,14,10005,2021-12-15,13
2021-12-11,6,10011,2021-12-15,6
2021-12-12,7,10018,2021-12-15,7
NA,0,10018,2021-12-15,0
2020-03-19,1,1,2021-12-16,0
2020-03-20,0,1,2021-12-16,0
2020-03-21,0,1,2021-12-16,0
2020-03-22,0,1,2021-12-16,0
2020-03-23,0,1,2021-12-16,0
2020-03-24,1,2,2021-12-16,0
2020-03-25,1,3,2021-12-16,0
2020-03-26,1,4,2021-12-16,0
2020-03-27,5,9,2021-12-16,0
2020-03-28,3,12,2021-12-16,0
2020-03-29,0,12,2021-12-16,0
2020-03-30,5,17,2021-12-16,0
2020-03-31,2,19,2021-12-16,0
2020-04-01,5,24,2021-12-16,0
2020-04-02,3,27,2021-12-16,0
2020-04-03,1,28,2021-12-16,0
2020-04-04,5,33,2021-12-16,0
2020-04-05,5,38,2021-12-16,0
2020-04-06,10,48,2021-12-16,0
2020-04-07,6,54,2021-12-16,0
2020-04-08,7,61,2021-12-16,0
2020-04-09,8,69,2021-12-16,0
2020-04-10,6,75,2021-12-16,0
2020-04-11,4,79,2021-12-16,0
2020-04-12,4,83,2021-12-16,0
2020-04-13,10,93,2021-12-16,0
2020-04-14,6,99,2021-12-16,0
2020-04-15,17,116,2021-12-16,0
2020-04-16,10,126,2021-12-16,0
2020-04-17,17,143,2021-12-16,0
2020-04-18,17,160,2021-12-16,0
2020-04-19,16,176,2021-12-16,0
2020-04-20,21,197,2021-12-16,0
2020-04-21,26,223,2021-12-16,0
2020-04-22,21,244,2021-12-16,0
2020-04-23,19,263,2021-12-16,0
2020-04-24,23,286,2021-12-16,0
2020-04-25,18,304,2021-12-16,0
2020-04-26,17,321,2021-12-16,0
2020-04-27,21,342,2021-12-16,0
2020-04-28,16,358,2021-12-16,0
2020-04-29,29,387,2021-12-16,0
2020-04-30,18,405,2021-12-16,0
2020-05-01,30,435,2021-12-16,0
2020-05-02,19,454,2021-12-16,0
2020-05-03,29,483,2021-12-16,0
2020-05-04,23,506,2021-12-16,0
2020-05-05,19,525,2021-12-16,0
2020-05-06,25,550,2021-12-16,0
2020-05-07,30,580,2021-12-16,0
2020-05-08,20,600,2021-12-16,0
2020-05-09,26,626,2021-12-16,0
2020-05-10,19,645,2021-12-16,0
2020-05-11,25,670,2021-12-16,0
2020-05-12,20,690,2021-12-16,0
2020-05-13,22,712,2021-12-16,0
2020-05-14,20,732,2021-12-16,0
2020-05-15,20,752,2021-12-16,0
2020-05-16,20,772,2021-12-16,0
2020-05-17,23,795,2021-12-16,0
2020-05-18,18,813,2021-12-16,0
2020-05-19,35,848,2021-12-16,0
2020-05-20,24,872,2021-12-16,0
2020-05-21,17,889,2021-12-16,0
2020-05-22,20,909,2021-12-16,0
2020-05-23,26,935,2021-12-16,0
2020-05-24,25,960,2021-12-16,0
2020-05-25,30,990,2021-12-16,0
2020-05-26,29,1019,2021-12-16,0
2020-05-27,25,1044,2021-12-16,0
2020-05-28,21,1065,2021-12-16,0
2020-05-29,17,1082,2021-12-16,0
2020-05-30,11,1093,2021-12-16,0
2020-05-31,20,1113,2021-12-16,0
2020-06-01,23,1136,2021-12-16,0
2020-06-02,21,1157,2021-12-16,0
2020-06-03,25,1182,2021-12-16,0
2020-06-04,26,1208,2021-12-16,0
2020-06-05,18,1226,2021-12-16,0
2020-06-06,12,1238,2021-12-16,0
2020-06-07,22,1260,2021-12-16,0
2020-06-08,12,1272,2021-12-16,0
2020-06-09,13,1285,2021-12-16,0
2020-06-10,10,1295,2021-12-16,0
2020-06-11,12,1307,2021-12-16,0
2020-06-12,11,1318,2021-12-16,0
2020-06-13,13,1331,2021-12-16,0
2020-06-14,11,1342,2021-12-16,0
2020-06-15,8,1350,2021-12-16,0
2020-06-16,9,1359,2021-12-16,0
2020-06-17,17,1376,2021-12-16,0
2020-06-18,9,1385,2021-12-16,0
2020-06-19,8,1393,2021-12-16,0
2020-06-20,12,1405,2021-12-16,0
2020-06-21,11,1416,2021-12-16,0
2020-06-22,6,1422,2021-12-16,0
2020-06-23,10,1432,2021-12-16,0
2020-06-24,1,1433,2021-12-16,0
2020-06-25,9,1442,2021-12-16,0
2020-06-26,6,1448,2021-12-16,0
2020-06-27,5,1453,2021-12-16,0
2020-06-28,11,1464,2021-12-16,0
2020-06-29,7,1471,2021-12-16,0
2020-06-30,9,1480,2021-12-16,0
2020-07-01,2,1482,2021-12-16,0
2020-07-02,3,1485,2021-12-16,0
2020-07-03,5,1490,2021-12-16,0
2020-07-04,4,1494,2021-12-16,0
2020-07-05,6,1500,2021-12-16,0
2020-07-06,4,1504,2021-12-16,0
2020-07-07,2,1506,2021-12-16,0
2020-07-08,9,1515,2021-12-16,0
2020-07-09,4,1519,2021-12-16,0
2020-07-10,3,1522,2021-12-16,0
2020-07-11,4,1526,2021-12-16,0
2020-07-12,6,1532,2021-12-16,0
2020-07-13,2,1534,2021-12-16,0
2020-07-14,6,1540,2021-12-16,0
2020-07-15,7,1547,2021-12-16,0
2020-07-16,3,1550,2021-12-16,0
2020-07-17,7,1557,2021-12-16,0
2020-07-18,6,1563,2021-12-16,0
2020-07-19,5,1568,2021-12-16,0
2020-07-20,3,1571,2021-12-16,0
2020-07-21,6,1577,2021-12-16,0
2020-07-22,5,1582,2021-12-16,0
2020-07-23,8,1590,2021-12-16,0
2020-07-24,6,1596,2021-12-16,0
2020-07-25,2,1598,2021-12-16,0
2020-07-26,5,1603,2021-12-16,0
2020-07-27,5,1608,2021-12-16,0
2020-07-28,7,1615,2021-12-16,0
2020-07-29,3,1618,2021-12-16,0
2020-07-30,6,1624,2021-12-16,0
2020-07-31,9,1633,2021-12-16,0
2020-08-01,4,1637,2021-12-16,0
2020-08-02,7,1644,2021-12-16,0
2020-08-03,4,1648,2021-12-16,0
2020-08-04,7,1655,2021-12-16,0
2020-08-05,8,1663,2021-12-16,0
2020-08-06,9,1672,2021-12-16,0
2020-08-07,7,1679,2021-12-16,0
2020-08-08,6,1685,2021-12-16,0
2020-08-09,10,1695,2021-12-16,0
2020-08-10,3,1698,2021-12-16,0
2020-08-11,9,1707,2021-12-16,0
2020-08-12,7,1714,2021-12-16,0
2020-08-13,5,1719,2021-12-16,0
2020-08-14,9,1728,2021-12-16,0
2020-08-15,13,1741,2021-12-16,0
2020-08-16,13,1754,2021-12-16,0
2020-08-17,6,1760,2021-12-16,0
2020-08-18,11,1771,2021-12-16,0
2020-08-19,3,1774,2021-12-16,0
2020-08-20,10,1784,2021-12-16,0
2020-08-21,12,1796,2021-12-16,0
2020-08-22,9,1805,2021-12-16,0
2020-08-23,7,1812,2021-12-16,0
2020-08-24,9,1821,2021-12-16,0
2020-08-25,4,1825,2021-12-16,0
2020-08-26,3,1828,2021-12-16,0
2020-08-27,7,1835,2021-12-16,0
2020-08-28,6,1841,2021-12-16,0
2020-08-29,3,1844,2021-12-16,0
2020-08-30,5,1849,2021-12-16,0
2020-08-31,9,1858,2021-12-16,0
2020-09-01,2,1860,2021-12-16,0
2020-09-02,7,1867,2021-12-16,0
2020-09-03,12,1879,2021-12-16,0
2020-09-04,4,1883,2021-12-16,0
2020-09-05,6,1889,2021-12-16,0
2020-09-06,12,1901,2021-12-16,0
2020-09-07,3,1904,2021-12-16,0
2020-09-08,6,1910,2021-12-16,0
2020-09-09,10,1920,2021-12-16,0
2020-09-10,9,1929,2021-12-16,0
2020-09-11,11,1940,2021-12-16,0
2020-09-12,8,1948,2021-12-16,0
2020-09-13,8,1956,2021-12-16,0
2020-09-14,2,1958,2021-12-16,0
2020-09-15,7,1965,2021-12-16,0
2020-09-16,9,1974,2021-12-16,0
2020-09-17,5,1979,2021-12-16,0
2020-09-18,6,1985,2021-12-16,0
2020-09-19,4,1989,2021-12-16,0
2020-09-20,9,1998,2021-12-16,0
2020-09-21,7,2005,2021-12-16,0
2020-09-22,8,2013,2021-12-16,0
2020-09-23,9,2022,2021-12-16,0
2020-09-24,8,2030,2021-12-16,0
2020-09-25,11,2041,2021-12-16,0
2020-09-26,9,2050,2021-12-16,0
2020-09-27,14,2064,2021-12-16,0
2020-09-28,11,2075,2021-12-16,0
2020-09-29,5,2080,2021-12-16,0
2020-09-30,16,2096,2021-12-16,0
2020-10-01,7,2103,2021-12-16,0
2020-10-02,13,2116,2021-12-16,0
2020-10-03,9,2125,2021-12-16,0
2020-10-04,7,2132,2021-12-16,0
2020-10-05,10,2142,2021-12-16,0
2020-10-06,13,2155,2021-12-16,0
2020-10-07,19,2174,2021-12-16,0
2020-10-08,9,2183,2021-12-16,0
2020-10-09,17,2200,2021-12-16,0
2020-10-10,16,2216,2021-12-16,0
2020-10-11,16,2232,2021-12-16,0
2020-10-12,20,2252,2021-12-16,0
2020-10-13,14,2266,2021-12-16,0
2020-10-14,10,2276,2021-12-16,0
2020-10-15,9,2285,2021-12-16,0
2020-10-16,12,2297,2021-12-16,0
2020-10-17,18,2315,2021-12-16,0
2020-10-18,25,2340,2021-12-16,0
2020-10-19,18,2358,2021-12-16,0
2020-10-20,15,2373,2021-12-16,0
2020-10-21,24,2397,2021-12-16,0
2020-10-22,18,2415,2021-12-16,0
2020-10-23,19,2434,2021-12-16,0
2020-10-24,8,2442,2021-12-16,0
2020-10-25,17,2459,2021-12-16,0
2020-10-26,25,2484,2021-12-16,0
2020-10-27,23,2507,2021-12-16,0
2020-10-28,29,2536,2021-12-16,0
2020-10-29,18,2554,2021-12-16,0
2020-10-30,27,2581,2021-12-16,0
2020-10-31,25,2606,2021-12-16,0
2020-11-01,21,2627,2021-12-16,0
2020-11-02,25,2652,2021-12-16,0
2020-11-03,25,2677,2021-12-16,0
2020-11-04,33,2710,2021-12-16,0
2020-11-05,38,2748,2021-12-16,0
2020-11-06,39,2787,2021-12-16,0
2020-11-07,42,2829,2021-12-16,0
2020-11-08,47,2876,2021-12-16,0
2020-11-09,37,2913,2021-12-16,0
2020-11-10,35,2948,2021-12-16,0
2020-11-11,43,2991,2021-12-16,0
2020-11-12,45,3036,2021-12-16,0
2020-11-13,40,3076,2021-12-16,0
2020-11-14,48,3124,2021-12-16,0
2020-11-15,46,3170,2021-12-16,0
2020-11-16,62,3232,2021-12-16,0
2020-11-17,56,3288,2021-12-16,0
2020-11-18,61,3349,2021-12-16,0
2020-11-19,60,3409,2021-12-16,0
2020-11-20,63,3472,2021-12-16,0
2020-11-21,58,3530,2021-12-16,0
2020-11-22,67,3597,2021-12-16,0
2020-11-23,59,3656,2021-12-16,0
2020-11-24,69,3725,2021-12-16,0
2020-11-25,72,3797,2021-12-16,0
2020-11-26,54,3851,2021-12-16,0
2020-11-27,69,3920,2021-12-16,0
2020-11-28,62,3982,2021-12-16,0
2020-11-29,68,4050,2021-12-16,0
2020-11-30,61,4111,2021-12-16,0
2020-12-01,64,4175,2021-12-16,0
2020-12-02,73,4248,2021-12-16,0
2020-12-03,86,4334,2021-12-16,0
2020-12-04,67,4401,2021-12-16,0
2020-12-05,74,4475,2021-12-16,0
2020-12-06,80,4555,2021-12-16,0
2020-12-07,75,4630,2021-12-16,0
2020-12-08,61,4691,2021-12-16,0
2020-12-09,71,4762,2021-12-16,0
2020-12-10,72,4834,2021-12-16,0
2020-12-11,71,4905,2021-12-16,0
2020-12-12,72,4977,2021-12-16,0
2020-12-13,56,5033,2021-12-16,0
2020-12-14,43,5076,2021-12-16,0
2020-12-15,65,5141,2021-12-16,0
2020-12-16,73,5214,2021-12-16,0
2020-12-17,60,5274,2021-12-16,0
2020-12-18,59,5333,2021-12-16,0
2020-12-19,56,5389,2021-12-16,0
2020-12-20,61,5450,2021-12-16,0
2020-12-21,58,5508,2021-12-16,0
2020-12-22,33,5541,2021-12-16,0
2020-12-23,46,5587,2021-12-16,0
2020-12-24,50,5637,2021-12-16,0
2020-12-25,36,5673,2021-12-16,0
2020-12-26,43,5716,2021-12-16,0
2020-12-27,41,5757,2021-12-16,0
2020-12-28,34,5791,2021-12-16,0
2020-12-29,37,5828,2021-12-16,0
2020-12-30,47,5875,2021-12-16,0
2020-12-31,36,5911,2021-12-16,0
2021-01-01,28,5939,2021-12-16,0
2021-01-02,47,5986,2021-12-16,0
2021-01-03,37,6023,2021-12-16,0
2021-01-04,32,6055,2021-12-16,0
2021-01-05,40,6095,2021-12-16,0
2021-01-06,32,6127,2021-12-16,0
2021-01-07,37,6164,2021-12-16,0
2021-01-08,32,6196,2021-12-16,0
2021-01-09,26,6222,2021-12-16,0
2021-01-10,29,6251,2021-12-16,0
2021-01-11,26,6277,2021-12-16,0
2021-01-12,32,6309,2021-12-16,0
2021-01-13,23,6332,2021-12-16,0
2021-01-14,41,6373,2021-12-16,0
2021-01-15,26,6399,2021-12-16,0
2021-01-16,30,6429,2021-12-16,0
2021-01-17,21,6450,2021-12-16,0
2021-01-18,19,6469,2021-12-16,0
2021-01-19,14,6483,2021-12-16,0
2021-01-20,26,6509,2021-12-16,0
2021-01-21,16,6525,2021-12-16,0
2021-01-22,13,6538,2021-12-16,0
2021-01-23,17,6555,2021-12-16,0
2021-01-24,24,6579,2021-12-16,0
2021-01-25,19,6598,2021-12-16,0
2021-01-26,21,6619,2021-12-16,0
2021-01-27,11,6630,2021-12-16,0
2021-01-28,12,6642,2021-12-16,0
2021-01-29,15,6657,2021-12-16,0
2021-01-30,13,6670,2021-12-16,0
2021-01-31,16,6686,2021-12-16,0
2021-02-01,17,6703,2021-12-16,0
2021-02-02,10,6713,2021-12-16,0
2021-02-03,11,6724,2021-12-16,0
2021-02-04,11,6735,2021-12-16,0
2021-02-05,12,6747,2021-12-16,0
2021-02-06,12,6759,2021-12-16,0
2021-02-07,19,6778,2021-12-16,0
2021-02-08,11,6789,2021-12-16,0
2021-02-09,15,6804,2021-12-16,0
2021-02-10,14,6818,2021-12-16,0
2021-02-11,7,6825,2021-12-16,0
2021-02-12,13,6838,2021-12-16,0
2021-02-13,8,6846,2021-12-16,0
2021-02-14,10,6856,2021-12-16,0
2021-02-15,9,6865,2021-12-16,0
2021-02-16,12,6877,2021-12-16,0
2021-02-17,10,6887,2021-12-16,0
2021-02-18,7,6894,2021-12-16,0
2021-02-19,6,6900,2021-12-16,0
2021-02-20,7,6907,2021-12-16,0
2021-02-21,4,6911,2021-12-16,0
2021-02-22,5,6916,2021-12-16,0
2021-02-23,9,6925,2021-12-16,0
2021-02-24,5,6930,2021-12-16,0
2021-02-25,5,6935,2021-12-16,0
2021-02-26,7,6942,2021-12-16,0
2021-02-27,6,6948,2021-12-16,0
2021-02-28,8,6956,2021-12-16,0
2021-03-01,7,6963,2021-12-16,0
2021-03-02,3,6966,2021-12-16,0
2021-03-03,10,6976,2021-12-16,0
2021-03-04,6,6982,2021-12-16,0
2021-03-05,10,6992,2021-12-16,0
2021-03-06,5,6997,2021-12-16,0
2021-03-07,9,7006,2021-12-16,0
2021-03-08,5,7011,2021-12-16,0
2021-03-09,7,7018,2021-12-16,0
2021-03-10,5,7023,2021-12-16,0
2021-03-11,4,7027,2021-12-16,0
2021-03-12,11,7038,2021-12-16,0
2021-03-13,5,7043,2021-12-16,0
2021-03-14,5,7048,2021-12-16,0
2021-03-15,2,7050,2021-12-16,0
2021-03-16,6,7056,2021-12-16,0
2021-03-17,4,7060,2021-12-16,0
2021-03-18,5,7065,2021-12-16,0
2021-03-19,5,7070,2021-12-16,0
2021-03-20,9,7079,2021-12-16,0
2021-03-21,5,7084,2021-12-16,0
2021-03-22,4,7088,2021-12-16,0
2021-03-23,5,7093,2021-12-16,0
2021-03-24,1,7094,2021-12-16,0
2021-03-25,5,7099,2021-12-16,0
2021-03-26,3,7102,2021-12-16,0
2021-03-27,7,7109,2021-12-16,0
2021-03-28,6,7115,2021-12-16,0
2021-03-29,5,7120,2021-12-16,0
2021-03-30,6,7126,2021-12-16,0
2021-03-31,8,7134,2021-12-16,0
2021-04-01,6,7140,2021-12-16,0
2021-04-02,9,7149,2021-12-16,0
2021-04-03,8,7157,2021-12-16,0
2021-04-04,6,7163,2021-12-16,0
2021-04-05,8,7171,2021-12-16,0
2021-04-06,7,7178,2021-12-16,0
2021-04-07,6,7184,2021-12-16,0
2021-04-08,10,7194,2021-12-16,0
2021-04-09,7,7201,2021-12-16,0
2021-04-10,7,7208,2021-12-16,0
2021-04-11,8,7216,2021-12-16,0
2021-04-12,10,7226,2021-12-16,0
2021-04-13,7,7233,2021-12-16,0
2021-04-14,8,7241,2021-12-16,0
2021-04-15,14,7255,2021-12-16,0
2021-04-16,8,7263,2021-12-16,0
2021-04-17,8,7271,2021-12-16,0
2021-04-18,8,7279,2021-12-16,0
2021-04-19,10,7289,2021-12-16,0
2021-04-20,5,7294,2021-12-16,0
2021-04-21,8,7302,2021-12-16,0
2021-04-22,2,7304,2021-12-16,0
2021-04-23,15,7319,2021-12-16,0
2021-04-24,11,7330,2021-12-16,0
2021-04-25,15,7345,2021-12-16,0
2021-04-26,15,7360,2021-12-16,0
2021-04-27,7,7367,2021-12-16,0
2021-04-28,14,7381,2021-12-16,0
2021-04-29,8,7389,2021-12-16,0
2021-04-30,11,7400,2021-12-16,0
2021-05-01,7,7407,2021-12-16,0
2021-05-02,8,7415,2021-12-16,0
2021-05-03,5,7420,2021-12-16,0
2021-05-04,13,7433,2021-12-16,0
2021-05-05,8,7441,2021-12-16,0
2021-05-06,5,7446,2021-12-16,0
2021-05-07,8,7454,2021-12-16,0
2021-05-08,7,7461,2021-12-16,0
2021-05-09,9,7470,2021-12-16,0
2021-05-10,8,7478,2021-12-16,0
2021-05-11,6,7484,2021-12-16,0
2021-05-12,9,7493,2021-12-16,0
2021-05-13,9,7502,2021-12-16,0
2021-05-14,11,7513,2021-12-16,0
2021-05-15,10,7523,2021-12-16,0
2021-05-16,6,7529,2021-12-16,0
2021-05-17,6,7535,2021-12-16,0
2021-05-18,7,7542,2021-12-16,0
2021-05-19,2,7544,2021-12-16,0
2021-05-20,5,7549,2021-12-16,0
2021-05-21,7,7556,2021-12-16,0
2021-05-22,11,7567,2021-12-16,0
2021-05-23,5,7572,2021-12-16,0
2021-05-24,5,7577,2021-12-16,0
2021-05-25,6,7583,2021-12-16,0
2021-05-26,3,7586,2021-12-16,0
2021-05-27,7,7593,2021-12-16,0
2021-05-28,2,7595,2021-12-16,0
2021-05-29,6,7601,2021-12-16,0
2021-05-30,4,7605,2021-12-16,0
2021-05-31,3,7608,2021-12-16,0
2021-06-01,5,7613,2021-12-16,0
2021-06-02,8,7621,2021-12-16,0
2021-06-03,4,7625,2021-12-16,0
2021-06-04,4,7629,2021-12-16,0
2021-06-05,2,7631,2021-12-16,0
2021-06-06,5,7636,2021-12-16,0
2021-06-07,3,7639,2021-12-16,0
2021-06-08,5,7644,2021-12-16,0
2021-06-09,4,7648,2021-12-16,0
2021-06-10,6,7654,2021-12-16,0
2021-06-11,6,7660,2021-12-16,0
2021-06-12,4,7664,2021-12-16,0
2021-06-13,4,7668,2021-12-16,0
2021-06-14,3,7671,2021-12-16,0
2021-06-15,2,7673,2021-12-16,0
2021-06-16,2,7675,2021-12-16,0
2021-06-17,4,7679,2021-12-16,0
2021-06-18,1,7680,2021-12-16,0
2021-06-19,6,7686,2021-12-16,0
2021-06-20,1,7687,2021-12-16,0
2021-06-21,5,7692,2021-12-16,0
2021-06-22,3,7695,2021-12-16,0
2021-06-23,4,7699,2021-12-16,0
2021-06-24,3,7702,2021-12-16,0
2021-06-25,3,7705,2021-12-16,0
2021-06-26,4,7709,2021-12-16,0
2021-06-27,2,7711,2021-12-16,0
2021-06-28,2,7713,2021-12-16,0
2021-06-29,2,7715,2021-12-16,0
2021-06-30,2,7717,2021-12-16,0
2021-07-01,0,7717,2021-12-16,0
2021-07-02,2,7719,2021-12-16,0
2021-07-03,2,7721,2021-12-16,0
2021-07-04,3,7724,2021-12-16,0
2021-07-05,1,7725,2021-12-16,0
2021-07-06,4,7729,2021-12-16,0
2021-07-07,1,7730,2021-12-16,0
2021-07-08,1,7731,2021-12-16,0
2021-07-09,0,7731,2021-12-16,0
2021-07-10,1,7732,2021-12-16,0
2021-07-11,3,7735,2021-12-16,0
2021-07-12,1,7736,2021-12-16,0
2021-07-13,2,7738,2021-12-16,0
2021-07-14,2,7740,2021-12-16,0
2021-07-15,2,7742,2021-12-16,0
2021-07-16,1,7743,2021-12-16,0
2021-07-17,1,7744,2021-12-16,0
2021-07-18,0,7744,2021-12-16,0
2021-07-19,0,7744,2021-12-16,0
2021-07-20,2,7746,2021-12-16,0
2021-07-21,2,7748,2021-12-16,0
2021-07-22,2,7750,2021-12-16,0
2021-07-23,3,7753,2021-12-16,0
2021-07-24,0,7753,2021-12-16,0
2021-07-25,2,7755,2021-12-16,0
2021-07-26,1,7756,2021-12-16,0
2021-07-27,2,7758,2021-12-16,0
2021-07-28,3,7761,2021-12-16,0
2021-07-29,2,7763,2021-12-16,0
2021-07-30,5,7768,2021-12-16,0
2021-07-31,4,7772,2021-12-16,0
2021-08-01,1,7773,2021-12-16,0
2021-08-02,3,7776,2021-12-16,0
2021-08-03,2,7778,2021-12-16,0
2021-08-04,3,7781,2021-12-16,0
2021-08-05,2,7783,2021-12-16,0
2021-08-06,7,7790,2021-12-16,0
2021-08-07,3,7793,2021-12-16,0
2021-08-08,2,7795,2021-12-16,0
2021-08-09,3,7798,2021-12-16,0
2021-08-10,2,7800,2021-12-16,0
2021-08-11,2,7802,2021-12-16,0
2021-08-12,7,7809,2021-12-16,0
2021-08-13,5,7814,2021-12-16,0
2021-08-14,6,7820,2021-12-16,0
2021-08-15,0,7820,2021-12-16,0
2021-08-16,7,7827,2021-12-16,0
2021-08-17,7,7834,2021-12-16,0
2021-08-18,9,7843,2021-12-16,0
2021-08-19,2,7845,2021-12-16,0
2021-08-20,3,7848,2021-12-16,0
2021-08-21,5,7853,2021-12-16,0
2021-08-22,7,7860,2021-12-16,0
2021-08-23,5,7865,2021-12-16,0
2021-08-24,12,7877,2021-12-16,0
2021-08-25,7,7884,2021-12-16,0
2021-08-26,2,7886,2021-12-16,0
2021-08-27,6,7892,2021-12-16,0
2021-08-28,11,7903,2021-12-16,0
2021-08-29,11,7914,2021-12-16,0
2021-08-30,8,7922,2021-12-16,0
2021-08-31,6,7928,2021-12-16,0
2021-09-01,6,7934,2021-12-16,0
2021-09-02,6,7940,2021-12-16,0
2021-09-03,9,7949,2021-12-16,0
2021-09-04,9,7958,2021-12-16,0
2021-09-05,10,7968,2021-12-16,0
2021-09-06,8,7976,2021-12-16,0
2021-09-07,7,7983,2021-12-16,0
2021-09-08,11,7994,2021-12-16,0
2021-09-09,5,7999,2021-12-16,0
2021-09-10,9,8008,2021-12-16,0
2021-09-11,17,8025,2021-12-16,0
2021-09-12,10,8035,2021-12-16,0
2021-09-13,7,8042,2021-12-16,0
2021-09-14,11,8053,2021-12-16,0
2021-09-15,14,8067,2021-12-16,0
2021-09-16,16,8083,2021-12-16,0
2021-09-17,8,8091,2021-12-16,0
2021-09-18,13,8104,2021-12-16,0
2021-09-19,11,8115,2021-12-16,0
2021-09-20,16,8131,2021-12-16,0
2021-09-21,15,8146,2021-12-16,0
2021-09-22,17,8163,2021-12-16,0
2021-09-23,13,8176,2021-12-16,0
2021-09-24,13,8189,2021-12-16,0
2021-09-25,16,8205,2021-12-16,0
2021-09-26,15,8220,2021-12-16,0
2021-09-27,15,8235,2021-12-16,0
2021-09-28,11,8246,2021-12-16,0
2021-09-29,19,8265,2021-12-16,0
2021-09-30,17,8282,2021-12-16,0
2021-10-01,13,8295,2021-12-16,0
2021-10-02,14,8309,2021-12-16,0
2021-10-03,23,8332,2021-12-16,0
2021-10-04,15,8347,2021-12-16,0
2021-10-05,23,8370,2021-12-16,0
2021-10-06,20,8390,2021-12-16,0
2021-10-07,13,8403,2021-12-16,0
2021-10-08,22,8425,2021-12-16,0
2021-10-09,20,8445,2021-12-16,0
2021-10-10,13,8458,2021-12-16,0
2021-10-11,11,8469,2021-12-16,0
2021-10-12,25,8494,2021-12-16,0
2021-10-13,20,8514,2021-12-16,0
2021-10-14,21,8535,2021-12-16,1
2021-10-15,14,8549,2021-12-16,0
2021-10-16,20,8569,2021-12-16,0
2021-10-17,17,8586,2021-12-16,0
2021-10-18,16,8602,2021-12-16,0
2021-10-19,25,8627,2021-12-16,0
2021-10-20,15,8642,2021-12-16,0
2021-10-21,8,8650,2021-12-16,0
2021-10-22,23,8673,2021-12-16,0
2021-10-23,24,8697,2021-12-16,0
2021-10-24,24,8721,2021-12-16,0
2021-10-25,20,8741,2021-12-16,0
2021-10-26,22,8763,2021-12-16,1
2021-10-27,16,8779,2021-12-16,0
2021-10-28,24,8803,2021-12-16,0
2021-10-29,19,8822,2021-12-16,0
2021-10-30,19,8841,2021-12-16,0
2021-10-31,26,8867,2021-12-16,0
2021-11-01,18,8885,2021-12-16,0
2021-11-02,18,8903,2021-12-16,0
2021-11-03,27,8930,2021-12-16,0
2021-11-04,27,8957,2021-12-16,0
2021-11-05,29,8986,2021-12-16,0
2021-11-06,16,9002,2021-12-16,0
2021-11-07,24,9026,2021-12-16,0
2021-11-08,27,9053,2021-12-16,0
2021-11-09,16,9069,2021-12-16,0
2021-11-10,18,9087,2021-12-16,0
2021-11-11,27,9114,2021-12-16,0
2021-11-12,27,9141,2021-12-16,0
2021-11-13,31,9172,2021-12-16,0
2021-11-14,24,9196,2021-12-16,0
2021-11-15,27,9223,2021-12-16,0
2021-11-16,25,9248,2021-12-16,0
2021-11-17,37,9285,2021-12-16,0
2021-11-18,36,9321,2021-12-16,0
2021-11-19,32,9353,2021-12-16,0
2021-11-20,28,9381,2021-12-16,0
2021-11-21,33,9414,2021-12-16,0
2021-11-22,27,9441,2021-12-16,0
2021-11-23,30,9471,2021-12-16,0
2021-11-24,22,9493,2021-12-16,0
2021-11-25,34,9527,2021-12-16,0
2021-11-26,50,9577,2021-12-16,0
2021-11-27,36,9613,2021-12-16,0
2021-11-28,38,9651,2021-12-16,0
2021-11-29,28,9679,2021-12-16,0
2021-11-30,29,9708,2021-12-16,0
2021-12-01,45,9753,2021-12-16,0
2021-12-02,37,9790,2021-12-16,1
2021-12-03,30,9820,2021-12-16,1
2021-12-04,33,9853,2021-12-16,1
2021-12-05,33,9886,2021-12-16,1
2021-12-06,29,9915,2021-12-16,0
2021-12-07,28,9943,2021-12-16,1
2021-12-08,26,9969,2021-12-16,2
2021-12-09,38,10007,2021-12-16,7
2021-12-10,22,10029,2021-12-16,8
2021-12-11,9,10038,2021-12-16,3
2021-12-12,13,10051,2021-12-16,6
2021-12-13,5,10056,2021-12-16,5
2021-12-14,1,10057,2021-12-16,1
NA,0,10057,2021-12-16,0
2020-03-19,1,1,2021-12-17,0
2020-03-20,0,1,2021-12-17,0
2020-03-21,0,1,2021-12-17,0
2020-03-22,0,1,2021-12-17,0
2020-03-23,0,1,2021-12-17,0
2020-03-24,1,2,2021-12-17,0
2020-03-25,1,3,2021-12-17,0
2020-03-26,1,4,2021-12-17,0
2020-03-27,5,9,2021-12-17,0
2020-03-28,3,12,2021-12-17,0
2020-03-29,0,12,2021-12-17,0
2020-03-30,5,17,2021-12-17,0
2020-03-31,2,19,2021-12-17,0
2020-04-01,5,24,2021-12-17,0
2020-04-02,3,27,2021-12-17,0
2020-04-03,1,28,2021-12-17,0
2020-04-04,5,33,2021-12-17,0
2020-04-05,5,38,2021-12-17,0
2020-04-06,10,48,2021-12-17,0
2020-04-07,6,54,2021-12-17,0
2020-04-08,7,61,2021-12-17,0
2020-04-09,8,69,2021-12-17,0
2020-04-10,6,75,2021-12-17,0
2020-04-11,4,79,2021-12-17,0
2020-04-12,4,83,2021-12-17,0
2020-04-13,10,93,2021-12-17,0
2020-04-14,6,99,2021-12-17,0
2020-04-15,17,116,2021-12-17,0
2020-04-16,10,126,2021-12-17,0
2020-04-17,17,143,2021-12-17,0
2020-04-18,17,160,2021-12-17,0
2020-04-19,16,176,2021-12-17,0
2020-04-20,21,197,2021-12-17,0
2020-04-21,26,223,2021-12-17,0
2020-04-22,21,244,2021-12-17,0
2020-04-23,19,263,2021-12-17,0
2020-04-24,23,286,2021-12-17,0
2020-04-25,18,304,2021-12-17,0
2020-04-26,17,321,2021-12-17,0
2020-04-27,21,342,2021-12-17,0
2020-04-28,16,358,2021-12-17,0
2020-04-29,29,387,2021-12-17,0
2020-04-30,18,405,2021-12-17,0
2020-05-01,30,435,2021-12-17,0
2020-05-02,19,454,2021-12-17,0
2020-05-03,29,483,2021-12-17,0
2020-05-04,23,506,2021-12-17,0
2020-05-05,19,525,2021-12-17,0
2020-05-06,25,550,2021-12-17,0
2020-05-07,30,580,2021-12-17,0
2020-05-08,20,600,2021-12-17,0
2020-05-09,26,626,2021-12-17,0
2020-05-10,19,645,2021-12-17,0
2020-05-11,25,670,2021-12-17,0
2020-05-12,20,690,2021-12-17,0
2020-05-13,22,712,2021-12-17,0
2020-05-14,20,732,2021-12-17,0
2020-05-15,20,752,2021-12-17,0
2020-05-16,20,772,2021-12-17,0
2020-05-17,23,795,2021-12-17,0
2020-05-18,18,813,2021-12-17,0
2020-05-19,35,848,2021-12-17,0
2020-05-20,24,872,2021-12-17,0
2020-05-21,17,889,2021-12-17,0
2020-05-22,20,909,2021-12-17,0
2020-05-23,26,935,2021-12-17,0
2020-05-24,25,960,2021-12-17,0
2020-05-25,30,990,2021-12-17,0
2020-05-26,29,1019,2021-12-17,0
2020-05-27,25,1044,2021-12-17,0
2020-05-28,21,1065,2021-12-17,0
2020-05-29,17,1082,2021-12-17,0
2020-05-30,11,1093,2021-12-17,0
2020-05-31,20,1113,2021-12-17,0
2020-06-01,23,1136,2021-12-17,0
2020-06-02,21,1157,2021-12-17,0
2020-06-03,25,1182,2021-12-17,0
2020-06-04,26,1208,2021-12-17,0
2020-06-05,18,1226,2021-12-17,0
2020-06-06,12,1238,2021-12-17,0
2020-06-07,22,1260,2021-12-17,0
2020-06-08,12,1272,2021-12-17,0
2020-06-09,13,1285,2021-12-17,0
2020-06-10,10,1295,2021-12-17,0
2020-06-11,12,1307,2021-12-17,0
2020-06-12,11,1318,2021-12-17,0
2020-06-13,13,1331,2021-12-17,0
2020-06-14,11,1342,2021-12-17,0
2020-06-15,8,1350,2021-12-17,0
2020-06-16,9,1359,2021-12-17,0
2020-06-17,17,1376,2021-12-17,0
2020-06-18,9,1385,2021-12-17,0
2020-06-19,8,1393,2021-12-17,0
2020-06-20,12,1405,2021-12-17,0
2020-06-21,11,1416,2021-12-17,0
2020-06-22,6,1422,2021-12-17,0
2020-06-23,10,1432,2021-12-17,0
2020-06-24,1,1433,2021-12-17,0
2020-06-25,9,1442,2021-12-17,0
2020-06-26,6,1448,2021-12-17,0
2020-06-27,5,1453,2021-12-17,0
2020-06-28,11,1464,2021-12-17,0
2020-06-29,7,1471,2021-12-17,0
2020-06-30,9,1480,2021-12-17,0
2020-07-01,2,1482,2021-12-17,0
2020-07-02,3,1485,2021-12-17,0
2020-07-03,5,1490,2021-12-17,0
2020-07-04,4,1494,2021-12-17,0
2020-07-05,6,1500,2021-12-17,0
2020-07-06,4,1504,2021-12-17,0
2020-07-07,2,1506,2021-12-17,0
2020-07-08,9,1515,2021-12-17,0
2020-07-09,4,1519,2021-12-17,0
2020-07-10,3,1522,2021-12-17,0
2020-07-11,4,1526,2021-12-17,0
2020-07-12,6,1532,2021-12-17,0
2020-07-13,2,1534,2021-12-17,0
2020-07-14,6,1540,2021-12-17,0
2020-07-15,7,1547,2021-12-17,0
2020-07-16,3,1550,2021-12-17,0
2020-07-17,7,1557,2021-12-17,0
2020-07-18,6,1563,2021-12-17,0
2020-07-19,5,1568,2021-12-17,0
2020-07-20,3,1571,2021-12-17,0
2020-07-21,6,1577,2021-12-17,0
2020-07-22,5,1582,2021-12-17,0
2020-07-23,8,1590,2021-12-17,0
2020-07-24,6,1596,2021-12-17,0
2020-07-25,2,1598,2021-12-17,0
2020-07-26,5,1603,2021-12-17,0
2020-07-27,5,1608,2021-12-17,0
2020-07-28,7,1615,2021-12-17,0
2020-07-29,3,1618,2021-12-17,0
2020-07-30,6,1624,2021-12-17,0
2020-07-31,9,1633,2021-12-17,0
2020-08-01,4,1637,2021-12-17,0
2020-08-02,7,1644,2021-12-17,0
2020-08-03,4,1648,2021-12-17,0
2020-08-04,7,1655,2021-12-17,0
2020-08-05,8,1663,2021-12-17,0
2020-08-06,9,1672,2021-12-17,0
2020-08-07,7,1679,2021-12-17,0
2020-08-08,6,1685,2021-12-17,0
2020-08-09,10,1695,2021-12-17,0
2020-08-10,3,1698,2021-12-17,0
2020-08-11,9,1707,2021-12-17,0
2020-08-12,7,1714,2021-12-17,0
2020-08-13,5,1719,2021-12-17,0
2020-08-14,9,1728,2021-12-17,0
2020-08-15,13,1741,2021-12-17,0
2020-08-16,13,1754,2021-12-17,0
2020-08-17,6,1760,2021-12-17,0
2020-08-18,11,1771,2021-12-17,0
2020-08-19,3,1774,2021-12-17,0
2020-08-20,10,1784,2021-12-17,0
2020-08-21,12,1796,2021-12-17,0
2020-08-22,9,1805,2021-12-17,0
2020-08-23,7,1812,2021-12-17,0
2020-08-24,9,1821,2021-12-17,0
2020-08-25,4,1825,2021-12-17,0
2020-08-26,3,1828,2021-12-17,0
2020-08-27,7,1835,2021-12-17,0
2020-08-28,6,1841,2021-12-17,0
2020-08-29,3,1844,2021-12-17,0
2020-08-30,5,1849,2021-12-17,0
2020-08-31,9,1858,2021-12-17,0
2020-09-01,2,1860,2021-12-17,0
2020-09-02,7,1867,2021-12-17,0
2020-09-03,12,1879,2021-12-17,0
2020-09-04,4,1883,2021-12-17,0
2020-09-05,6,1889,2021-12-17,0
2020-09-06,12,1901,2021-12-17,0
2020-09-07,3,1904,2021-12-17,0
2020-09-08,6,1910,2021-12-17,0
2020-09-09,10,1920,2021-12-17,0
2020-09-10,9,1929,2021-12-17,0
2020-09-11,11,1940,2021-12-17,0
2020-09-12,8,1948,2021-12-17,0
2020-09-13,8,1956,2021-12-17,0
2020-09-14,2,1958,2021-12-17,0
2020-09-15,7,1965,2021-12-17,0
2020-09-16,9,1974,2021-12-17,0
2020-09-17,5,1979,2021-12-17,0
2020-09-18,6,1985,2021-12-17,0
2020-09-19,4,1989,2021-12-17,0
2020-09-20,9,1998,2021-12-17,0
2020-09-21,7,2005,2021-12-17,0
2020-09-22,8,2013,2021-12-17,0
2020-09-23,9,2022,2021-12-17,0
2020-09-24,8,2030,2021-12-17,0
2020-09-25,11,2041,2021-12-17,0
2020-09-26,9,2050,2021-12-17,0
2020-09-27,14,2064,2021-12-17,0
2020-09-28,11,2075,2021-12-17,0
2020-09-29,5,2080,2021-12-17,0
2020-09-30,16,2096,2021-12-17,0
2020-10-01,7,2103,2021-12-17,0
2020-10-02,13,2116,2021-12-17,0
2020-10-03,9,2125,2021-12-17,0
2020-10-04,7,2132,2021-12-17,0
2020-10-05,10,2142,2021-12-17,0
2020-10-06,13,2155,2021-12-17,0
2020-10-07,19,2174,2021-12-17,0
2020-10-08,9,2183,2021-12-17,0
2020-10-09,17,2200,2021-12-17,0
2020-10-10,16,2216,2021-12-17,0
2020-10-11,16,2232,2021-12-17,0
2020-10-12,20,2252,2021-12-17,0
2020-10-13,14,2266,2021-12-17,0
2020-10-14,10,2276,2021-12-17,0
2020-10-15,9,2285,2021-12-17,0
2020-10-16,12,2297,2021-12-17,0
2020-10-17,18,2315,2021-12-17,0
2020-10-18,25,2340,2021-12-17,0
2020-10-19,18,2358,2021-12-17,0
2020-10-20,15,2373,2021-12-17,0
2020-10-21,24,2397,2021-12-17,0
2020-10-22,18,2415,2021-12-17,0
2020-10-23,19,2434,2021-12-17,0
2020-10-24,8,2442,2021-12-17,0
2020-10-25,17,2459,2021-12-17,0
2020-10-26,25,2484,2021-12-17,0
2020-10-27,23,2507,2021-12-17,0
2020-10-28,29,2536,2021-12-17,0
2020-10-29,18,2554,2021-12-17,0
2020-10-30,27,2581,2021-12-17,0
2020-10-31,25,2606,2021-12-17,0
2020-11-01,21,2627,2021-12-17,0
2020-11-02,25,2652,2021-12-17,0
2020-11-03,25,2677,2021-12-17,0
2020-11-04,33,2710,2021-12-17,0
2020-11-05,38,2748,2021-12-17,0
2020-11-06,39,2787,2021-12-17,0
2020-11-07,42,2829,2021-12-17,0
2020-11-08,47,2876,2021-12-17,0
2020-11-09,37,2913,2021-12-17,0
2020-11-10,35,2948,2021-12-17,0
2020-11-11,43,2991,2021-12-17,0
2020-11-12,45,3036,2021-12-17,0
2020-11-13,40,3076,2021-12-17,0
2020-11-14,48,3124,2021-12-17,0
2020-11-15,46,3170,2021-12-17,0
2020-11-16,62,3232,2021-12-17,0
2020-11-17,56,3288,2021-12-17,0
2020-11-18,61,3349,2021-12-17,0
2020-11-19,60,3409,2021-12-17,0
2020-11-20,63,3472,2021-12-17,0
2020-11-21,58,3530,2021-12-17,0
2020-11-22,67,3597,2021-12-17,0
2020-11-23,59,3656,2021-12-17,0
2020-11-24,69,3725,2021-12-17,0
2020-11-25,72,3797,2021-12-17,0
2020-11-26,54,3851,2021-12-17,0
2020-11-27,69,3920,2021-12-17,0
2020-11-28,62,3982,2021-12-17,0
2020-11-29,68,4050,2021-12-17,0
2020-11-30,61,4111,2021-12-17,0
2020-12-01,64,4175,2021-12-17,0
2020-12-02,73,4248,2021-12-17,0
2020-12-03,86,4334,2021-12-17,0
2020-12-04,67,4401,2021-12-17,0
2020-12-05,74,4475,2021-12-17,0
2020-12-06,80,4555,2021-12-17,0
2020-12-07,75,4630,2021-12-17,0
2020-12-08,61,4691,2021-12-17,0
2020-12-09,71,4762,2021-12-17,0
2020-12-10,72,4834,2021-12-17,0
2020-12-11,71,4905,2021-12-17,0
2020-12-12,72,4977,2021-12-17,0
2020-12-13,56,5033,2021-12-17,0
2020-12-14,43,5076,2021-12-17,0
2020-12-15,65,5141,2021-12-17,0
2020-12-16,73,5214,2021-12-17,0
2020-12-17,60,5274,2021-12-17,0
2020-12-18,59,5333,2021-12-17,0
2020-12-19,56,5389,2021-12-17,0
2020-12-20,61,5450,2021-12-17,0
2020-12-21,58,5508,2021-12-17,0
2020-12-22,33,5541,2021-12-17,0
2020-12-23,46,5587,2021-12-17,0
2020-12-24,50,5637,2021-12-17,0
2020-12-25,36,5673,2021-12-17,0
2020-12-26,43,5716,2021-12-17,0
2020-12-27,41,5757,2021-12-17,0
2020-12-28,34,5791,2021-12-17,0
2020-12-29,37,5828,2021-12-17,0
2020-12-30,47,5875,2021-12-17,0
2020-12-31,36,5911,2021-12-17,0
2021-01-01,28,5939,2021-12-17,0
2021-01-02,47,5986,2021-12-17,0
2021-01-03,37,6023,2021-12-17,0
2021-01-04,32,6055,2021-12-17,0
2021-01-05,40,6095,2021-12-17,0
2021-01-06,32,6127,2021-12-17,0
2021-01-07,37,6164,2021-12-17,0
2021-01-08,32,6196,2021-12-17,0
2021-01-09,26,6222,2021-12-17,0
2021-01-10,29,6251,2021-12-17,0
2021-01-11,26,6277,2021-12-17,0
2021-01-12,32,6309,2021-12-17,0
2021-01-13,23,6332,2021-12-17,0
2021-01-14,41,6373,2021-12-17,0
2021-01-15,26,6399,2021-12-17,0
2021-01-16,30,6429,2021-12-17,0
2021-01-17,21,6450,2021-12-17,0
2021-01-18,19,6469,2021-12-17,0
2021-01-19,14,6483,2021-12-17,0
2021-01-20,26,6509,2021-12-17,0
2021-01-21,16,6525,2021-12-17,0
2021-01-22,13,6538,2021-12-17,0
2021-01-23,17,6555,2021-12-17,0
2021-01-24,24,6579,2021-12-17,0
2021-01-25,19,6598,2021-12-17,0
2021-01-26,21,6619,2021-12-17,0
2021-01-27,11,6630,2021-12-17,0
2021-01-28,12,6642,2021-12-17,0
2021-01-29,15,6657,2021-12-17,0
2021-01-30,13,6670,2021-12-17,0
2021-01-31,16,6686,2021-12-17,0
2021-02-01,17,6703,2021-12-17,0
2021-02-02,10,6713,2021-12-17,0
2021-02-03,11,6724,2021-12-17,0
2021-02-04,11,6735,2021-12-17,0
2021-02-05,12,6747,2021-12-17,0
2021-02-06,12,6759,2021-12-17,0
2021-02-07,19,6778,2021-12-17,0
2021-02-08,11,6789,2021-12-17,0
2021-02-09,15,6804,2021-12-17,0
2021-02-10,14,6818,2021-12-17,0
2021-02-11,7,6825,2021-12-17,0
2021-02-12,13,6838,2021-12-17,0
2021-02-13,8,6846,2021-12-17,0
2021-02-14,10,6856,2021-12-17,0
2021-02-15,9,6865,2021-12-17,0
2021-02-16,12,6877,2021-12-17,0
2021-02-17,10,6887,2021-12-17,0
2021-02-18,7,6894,2021-12-17,0
2021-02-19,6,6900,2021-12-17,0
2021-02-20,7,6907,2021-12-17,0
2021-02-21,4,6911,2021-12-17,0
2021-02-22,5,6916,2021-12-17,0
2021-02-23,9,6925,2021-12-17,0
2021-02-24,5,6930,2021-12-17,0
2021-02-25,5,6935,2021-12-17,0
2021-02-26,7,6942,2021-12-17,0
2021-02-27,6,6948,2021-12-17,0
2021-02-28,8,6956,2021-12-17,0
2021-03-01,7,6963,2021-12-17,0
2021-03-02,3,6966,2021-12-17,0
2021-03-03,10,6976,2021-12-17,0
2021-03-04,6,6982,2021-12-17,0
2021-03-05,10,6992,2021-12-17,0
2021-03-06,5,6997,2021-12-17,0
2021-03-07,9,7006,2021-12-17,0
2021-03-08,5,7011,2021-12-17,0
2021-03-09,7,7018,2021-12-17,0
2021-03-10,5,7023,2021-12-17,0
2021-03-11,4,7027,2021-12-17,0
2021-03-12,11,7038,2021-12-17,0
2021-03-13,5,7043,2021-12-17,0
2021-03-14,5,7048,2021-12-17,0
2021-03-15,2,7050,2021-12-17,0
2021-03-16,6,7056,2021-12-17,0
2021-03-17,4,7060,2021-12-17,0
2021-03-18,5,7065,2021-12-17,0
2021-03-19,5,7070,2021-12-17,0
2021-03-20,9,7079,2021-12-17,0
2021-03-21,5,7084,2021-12-17,0
2021-03-22,4,7088,2021-12-17,0
2021-03-23,5,7093,2021-12-17,0
2021-03-24,1,7094,2021-12-17,0
2021-03-25,5,7099,2021-12-17,0
2021-03-26,3,7102,2021-12-17,0
2021-03-27,7,7109,2021-12-17,0
2021-03-28,6,7115,2021-12-17,0
2021-03-29,5,7120,2021-12-17,0
2021-03-30,6,7126,2021-12-17,0
2021-03-31,8,7134,2021-12-17,0
2021-04-01,6,7140,2021-12-17,0
2021-04-02,9,7149,2021-12-17,0
2021-04-03,8,7157,2021-12-17,0
2021-04-04,6,7163,2021-12-17,0
2021-04-05,8,7171,2021-12-17,0
2021-04-06,7,7178,2021-12-17,0
2021-04-07,6,7184,2021-12-17,0
2021-04-08,10,7194,2021-12-17,0
2021-04-09,7,7201,2021-12-17,0
2021-04-10,7,7208,2021-12-17,0
2021-04-11,8,7216,2021-12-17,0
2021-04-12,10,7226,2021-12-17,0
2021-04-13,7,7233,2021-12-17,0
2021-04-14,8,7241,2021-12-17,0
2021-04-15,14,7255,2021-12-17,0
2021-04-16,8,7263,2021-12-17,0
2021-04-17,8,7271,2021-12-17,0
2021-04-18,8,7279,2021-12-17,0
2021-04-19,10,7289,2021-12-17,0
2021-04-20,5,7294,2021-12-17,0
2021-04-21,8,7302,2021-12-17,0
2021-04-22,2,7304,2021-12-17,0
2021-04-23,15,7319,2021-12-17,0
2021-04-24,11,7330,2021-12-17,0
2021-04-25,15,7345,2021-12-17,0
2021-04-26,15,7360,2021-12-17,0
2021-04-27,7,7367,2021-12-17,0
2021-04-28,14,7381,2021-12-17,0
2021-04-29,8,7389,2021-12-17,0
2021-04-30,11,7400,2021-12-17,0
2021-05-01,7,7407,2021-12-17,0
2021-05-02,8,7415,2021-12-17,0
2021-05-03,5,7420,2021-12-17,0
2021-05-04,13,7433,2021-12-17,0
2021-05-05,8,7441,2021-12-17,0
2021-05-06,5,7446,2021-12-17,0
2021-05-07,8,7454,2021-12-17,0
2021-05-08,7,7461,2021-12-17,0
2021-05-09,9,7470,2021-12-17,0
2021-05-10,8,7478,2021-12-17,0
2021-05-11,6,7484,2021-12-17,0
2021-05-12,9,7493,2021-12-17,0
2021-05-13,9,7502,2021-12-17,0
2021-05-14,11,7513,2021-12-17,0
2021-05-15,10,7523,2021-12-17,0
2021-05-16,6,7529,2021-12-17,0
2021-05-17,6,7535,2021-12-17,0
2021-05-18,7,7542,2021-12-17,0
2021-05-19,2,7544,2021-12-17,0
2021-05-20,5,7549,2021-12-17,0
2021-05-21,7,7556,2021-12-17,0
2021-05-22,11,7567,2021-12-17,0
2021-05-23,5,7572,2021-12-17,0
2021-05-24,5,7577,2021-12-17,0
2021-05-25,6,7583,2021-12-17,0
2021-05-26,3,7586,2021-12-17,0
2021-05-27,7,7593,2021-12-17,0
2021-05-28,2,7595,2021-12-17,0
2021-05-29,6,7601,2021-12-17,0
2021-05-30,4,7605,2021-12-17,0
2021-05-31,3,7608,2021-12-17,0
2021-06-01,5,7613,2021-12-17,0
2021-06-02,8,7621,2021-12-17,0
2021-06-03,4,7625,2021-12-17,0
2021-06-04,4,7629,2021-12-17,0
2021-06-05,2,7631,2021-12-17,0
2021-06-06,5,7636,2021-12-17,0
2021-06-07,3,7639,2021-12-17,0
2021-06-08,5,7644,2021-12-17,0
2021-06-09,4,7648,2021-12-17,0
2021-06-10,6,7654,2021-12-17,0
2021-06-11,6,7660,2021-12-17,0
2021-06-12,4,7664,2021-12-17,0
2021-06-13,4,7668,2021-12-17,0
2021-06-14,3,7671,2021-12-17,0
2021-06-15,2,7673,2021-12-17,0
2021-06-16,2,7675,2021-12-17,0
2021-06-17,4,7679,2021-12-17,0
2021-06-18,1,7680,2021-12-17,0
2021-06-19,6,7686,2021-12-17,0
2021-06-20,1,7687,2021-12-17,0
2021-06-21,5,7692,2021-12-17,0
2021-06-22,3,7695,2021-12-17,0
2021-06-23,4,7699,2021-12-17,0
2021-06-24,3,7702,2021-12-17,0
2021-06-25,3,7705,2021-12-17,0
2021-06-26,4,7709,2021-12-17,0
2021-06-27,2,7711,2021-12-17,0
2021-06-28,2,7713,2021-12-17,0
2021-06-29,2,7715,2021-12-17,0
2021-06-30,2,7717,2021-12-17,0
2021-07-01,0,7717,2021-12-17,0
2021-07-02,2,7719,2021-12-17,0
2021-07-03,2,7721,2021-12-17,0
2021-07-04,3,7724,2021-12-17,0
2021-07-05,1,7725,2021-12-17,0
2021-07-06,4,7729,2021-12-17,0
2021-07-07,1,7730,2021-12-17,0
2021-07-08,1,7731,2021-12-17,0
2021-07-09,0,7731,2021-12-17,0
2021-07-10,1,7732,2021-12-17,0
2021-07-11,3,7735,2021-12-17,0
2021-07-12,1,7736,2021-12-17,0
2021-07-13,2,7738,2021-12-17,0
2021-07-14,2,7740,2021-12-17,0
2021-07-15,2,7742,2021-12-17,0
2021-07-16,1,7743,2021-12-17,0
2021-07-17,1,7744,2021-12-17,0
2021-07-18,0,7744,2021-12-17,0
2021-07-19,0,7744,2021-12-17,0
2021-07-20,2,7746,2021-12-17,0
2021-07-21,2,7748,2021-12-17,0
2021-07-22,2,7750,2021-12-17,0
2021-07-23,3,7753,2021-12-17,0
2021-07-24,0,7753,2021-12-17,0
2021-07-25,2,7755,2021-12-17,0
2021-07-26,1,7756,2021-12-17,0
2021-07-27,2,7758,2021-12-17,0
2021-07-28,3,7761,2021-12-17,0
2021-07-29,2,7763,2021-12-17,0
2021-07-30,5,7768,2021-12-17,0
2021-07-31,4,7772,2021-12-17,0
2021-08-01,1,7773,2021-12-17,0
2021-08-02,3,7776,2021-12-17,0
2021-08-03,2,7778,2021-12-17,0
2021-08-04,3,7781,2021-12-17,0
2021-08-05,2,7783,2021-12-17,0
2021-08-06,7,7790,2021-12-17,0
2021-08-07,3,7793,2021-12-17,0
2021-08-08,2,7795,2021-12-17,0
2021-08-09,3,7798,2021-12-17,0
2021-08-10,2,7800,2021-12-17,0
2021-08-11,2,7802,2021-12-17,0
2021-08-12,7,7809,2021-12-17,0
2021-08-13,5,7814,2021-12-17,0
2021-08-14,6,7820,2021-12-17,0
2021-08-15,0,7820,2021-12-17,0
2021-08-16,7,7827,2021-12-17,0
2021-08-17,7,7834,2021-12-17,0
2021-08-18,9,7843,2021-12-17,0
2021-08-19,2,7845,2021-12-17,0
2021-08-20,3,7848,2021-12-17,0
2021-08-21,5,7853,2021-12-17,0
2021-08-22,7,7860,2021-12-17,0
2021-08-23,5,7865,2021-12-17,0
2021-08-24,12,7877,2021-12-17,0
2021-08-25,7,7884,2021-12-17,0
2021-08-26,2,7886,2021-12-17,0
2021-08-27,6,7892,2021-12-17,0
2021-08-28,11,7903,2021-12-17,0
2021-08-29,11,7914,2021-12-17,0
2021-08-30,8,7922,2021-12-17,0
2021-08-31,6,7928,2021-12-17,0
2021-09-01,6,7934,2021-12-17,0
2021-09-02,6,7940,2021-12-17,0
2021-09-03,9,7949,2021-12-17,0
2021-09-04,9,7958,2021-12-17,0
2021-09-05,10,7968,2021-12-17,0
2021-09-06,8,7976,2021-12-17,0
2021-09-07,7,7983,2021-12-17,0
2021-09-08,11,7994,2021-12-17,0
2021-09-09,5,7999,2021-12-17,0
2021-09-10,9,8008,2021-12-17,0
2021-09-11,17,8025,2021-12-17,0
2021-09-12,10,8035,2021-12-17,0
2021-09-13,7,8042,2021-12-17,0
2021-09-14,11,8053,2021-12-17,0
2021-09-15,14,8067,2021-12-17,0
2021-09-16,16,8083,2021-12-17,0
2021-09-17,8,8091,2021-12-17,0
2021-09-18,13,8104,2021-12-17,0
2021-09-19,11,8115,2021-12-17,0
2021-09-20,16,8131,2021-12-17,0
2021-09-21,15,8146,2021-12-17,0
2021-09-22,17,8163,2021-12-17,0
2021-09-23,13,8176,2021-12-17,0
2021-09-24,13,8189,2021-12-17,0
2021-09-25,16,8205,2021-12-17,0
2021-09-26,15,8220,2021-12-17,0
2021-09-27,15,8235,2021-12-17,0
2021-09-28,11,8246,2021-12-17,0
2021-09-29,19,8265,2021-12-17,0
2021-09-30,17,8282,2021-12-17,0
2021-10-01,13,8295,2021-12-17,0
2021-10-02,14,8309,2021-12-17,0
2021-10-03,23,8332,2021-12-17,0
2021-10-04,15,8347,2021-12-17,0
2021-10-05,23,8370,2021-12-17,0
2021-10-06,20,8390,2021-12-17,0
2021-10-07,13,8403,2021-12-17,0
2021-10-08,22,8425,2021-12-17,0
2021-10-09,20,8445,2021-12-17,0
2021-10-10,13,8458,2021-12-17,0
2021-10-11,11,8469,2021-12-17,0
2021-10-12,25,8494,2021-12-17,0
2021-10-13,20,8514,2021-12-17,0
2021-10-14,21,8535,2021-12-17,0
2021-10-15,14,8549,2021-12-17,0
2021-10-16,20,8569,2021-12-17,0
2021-10-17,17,8586,2021-12-17,0
2021-10-18,16,8602,2021-12-17,0
2021-10-19,25,8627,2021-12-17,0
2021-10-20,15,8642,2021-12-17,0
2021-10-21,8,8650,2021-12-17,0
2021-10-22,23,8673,2021-12-17,0
2021-10-23,24,8697,2021-12-17,0
2021-10-24,24,8721,2021-12-17,0
2021-10-25,20,8741,2021-12-17,0
2021-10-26,22,8763,2021-12-17,0
2021-10-27,16,8779,2021-12-17,0
2021-10-28,24,8803,2021-12-17,0
2021-10-29,19,8822,2021-12-17,0
2021-10-30,19,8841,2021-12-17,0
2021-10-31,26,8867,2021-12-17,0
2021-11-01,18,8885,2021-12-17,0
2021-11-02,18,8903,2021-12-17,0
2021-11-03,27,8930,2021-12-17,0
2021-11-04,27,8957,2021-12-17,0
2021-11-05,29,8986,2021-12-17,0
2021-11-06,16,9002,2021-12-17,0
2021-11-07,24,9026,2021-12-17,0
2021-11-08,27,9053,2021-12-17,0
2021-11-09,16,9069,2021-12-17,0
2021-11-10,18,9087,2021-12-17,0
2021-11-11,27,9114,2021-12-17,0
2021-11-12,27,9141,2021-12-17,0
2021-11-13,31,9172,2021-12-17,0
2021-11-14,24,9196,2021-12-17,0
2021-11-15,27,9223,2021-12-17,0
2021-11-16,25,9248,2021-12-17,0
2021-11-17,37,9285,2021-12-17,0
2021-11-18,36,9321,2021-12-17,0
2021-11-19,32,9353,2021-12-17,0
2021-11-20,28,9381,2021-12-17,0
2021-11-21,33,9414,2021-12-17,0
2021-11-22,28,9442,2021-12-17,1
2021-11-23,30,9472,2021-12-17,0
2021-11-24,22,9494,2021-12-17,0
2021-11-25,34,9528,2021-12-17,0
2021-11-26,50,9578,2021-12-17,0
2021-11-27,36,9614,2021-12-17,0
2021-11-28,38,9652,2021-12-17,0
2021-11-29,28,9680,2021-12-17,0
2021-11-30,29,9709,2021-12-17,0
2021-12-01,45,9754,2021-12-17,0
2021-12-02,38,9792,2021-12-17,1
2021-12-03,30,9822,2021-12-17,0
2021-12-04,35,9857,2021-12-17,2
2021-12-05,33,9890,2021-12-17,0
2021-12-06,30,9920,2021-12-17,1
2021-12-07,28,9948,2021-12-17,0
2021-12-08,29,9977,2021-12-17,3
2021-12-09,41,10018,2021-12-17,3
2021-12-10,29,10047,2021-12-17,7
2021-12-11,13,10060,2021-12-17,4
2021-12-12,25,10085,2021-12-17,12
2021-12-13,12,10097,2021-12-17,7
2021-12-14,13,10110,2021-12-17,12
2021-12-15,1,10111,2021-12-17,1
NA,0,10111,2021-12-17,0
2020-03-19,1,1,2021-12-20,0
2020-03-20,0,1,2021-12-20,0
2020-03-21,0,1,2021-12-20,0
2020-03-22,0,1,2021-12-20,0
2020-03-23,0,1,2021-12-20,0
2020-03-24,1,2,2021-12-20,0
2020-03-25,1,3,2021-12-20,0
2020-03-26,1,4,2021-12-20,0
2020-03-27,5,9,2021-12-20,0
2020-03-28,3,12,2021-12-20,0
2020-03-29,0,12,2021-12-20,0
2020-03-30,5,17,2021-12-20,0
2020-03-31,2,19,2021-12-20,0
2020-04-01,5,24,2021-12-20,0
2020-04-02,3,27,2021-12-20,0
2020-04-03,1,28,2021-12-20,0
2020-04-04,5,33,2021-12-20,0
2020-04-05,5,38,2021-12-20,0
2020-04-06,10,48,2021-12-20,0
2020-04-07,6,54,2021-12-20,0
2020-04-08,7,61,2021-12-20,0
2020-04-09,8,69,2021-12-20,0
2020-04-10,6,75,2021-12-20,0
2020-04-11,4,79,2021-12-20,0
2020-04-12,4,83,2021-12-20,0
2020-04-13,10,93,2021-12-20,0
2020-04-14,6,99,2021-12-20,0
2020-04-15,17,116,2021-12-20,0
2020-04-16,10,126,2021-12-20,0
2020-04-17,17,143,2021-12-20,0
2020-04-18,17,160,2021-12-20,0
2020-04-19,16,176,2021-12-20,0
2020-04-20,21,197,2021-12-20,0
2020-04-21,26,223,2021-12-20,0
2020-04-22,21,244,2021-12-20,0
2020-04-23,19,263,2021-12-20,0
2020-04-24,23,286,2021-12-20,0
2020-04-25,18,304,2021-12-20,0
2020-04-26,17,321,2021-12-20,0
2020-04-27,21,342,2021-12-20,0
2020-04-28,16,358,2021-12-20,0
2020-04-29,29,387,2021-12-20,0
2020-04-30,18,405,2021-12-20,0
2020-05-01,30,435,2021-12-20,0
2020-05-02,19,454,2021-12-20,0
2020-05-03,29,483,2021-12-20,0
2020-05-04,23,506,2021-12-20,0
2020-05-05,19,525,2021-12-20,0
2020-05-06,25,550,2021-12-20,0
2020-05-07,30,580,2021-12-20,0
2020-05-08,20,600,2021-12-20,0
2020-05-09,26,626,2021-12-20,0
2020-05-10,19,645,2021-12-20,0
2020-05-11,25,670,2021-12-20,0
2020-05-12,20,690,2021-12-20,0
2020-05-13,22,712,2021-12-20,0
2020-05-14,20,732,2021-12-20,0
2020-05-15,20,752,2021-12-20,0
2020-05-16,20,772,2021-12-20,0
2020-05-17,23,795,2021-12-20,0
2020-05-18,18,813,2021-12-20,0
2020-05-19,35,848,2021-12-20,0
2020-05-20,24,872,2021-12-20,0
2020-05-21,17,889,2021-12-20,0
2020-05-22,20,909,2021-12-20,0
2020-05-23,26,935,2021-12-20,0
2020-05-24,25,960,2021-12-20,0
2020-05-25,30,990,2021-12-20,0
2020-05-26,29,1019,2021-12-20,0
2020-05-27,25,1044,2021-12-20,0
2020-05-28,21,1065,2021-12-20,0
2020-05-29,17,1082,2021-12-20,0
2020-05-30,11,1093,2021-12-20,0
2020-05-31,20,1113,2021-12-20,0
2020-06-01,23,1136,2021-12-20,0
2020-06-02,21,1157,2021-12-20,0
2020-06-03,25,1182,2021-12-20,0
2020-06-04,26,1208,2021-12-20,0
2020-06-05,18,1226,2021-12-20,0
2020-06-06,12,1238,2021-12-20,0
2020-06-07,22,1260,2021-12-20,0
2020-06-08,12,1272,2021-12-20,0
2020-06-09,13,1285,2021-12-20,0
2020-06-10,10,1295,2021-12-20,0
2020-06-11,12,1307,2021-12-20,0
2020-06-12,11,1318,2021-12-20,0
2020-06-13,13,1331,2021-12-20,0
2020-06-14,11,1342,2021-12-20,0
2020-06-15,8,1350,2021-12-20,0
2020-06-16,9,1359,2021-12-20,0
2020-06-17,17,1376,2021-12-20,0
2020-06-18,9,1385,2021-12-20,0
2020-06-19,8,1393,2021-12-20,0
2020-06-20,12,1405,2021-12-20,0
2020-06-21,11,1416,2021-12-20,0
2020-06-22,6,1422,2021-12-20,0
2020-06-23,10,1432,2021-12-20,0
2020-06-24,1,1433,2021-12-20,0
2020-06-25,9,1442,2021-12-20,0
2020-06-26,6,1448,2021-12-20,0
2020-06-27,5,1453,2021-12-20,0
2020-06-28,11,1464,2021-12-20,0
2020-06-29,7,1471,2021-12-20,0
2020-06-30,9,1480,2021-12-20,0
2020-07-01,2,1482,2021-12-20,0
2020-07-02,3,1485,2021-12-20,0
2020-07-03,5,1490,2021-12-20,0
2020-07-04,4,1494,2021-12-20,0
2020-07-05,6,1500,2021-12-20,0
2020-07-06,4,1504,2021-12-20,0
2020-07-07,2,1506,2021-12-20,0
2020-07-08,9,1515,2021-12-20,0
2020-07-09,4,1519,2021-12-20,0
2020-07-10,3,1522,2021-12-20,0
2020-07-11,4,1526,2021-12-20,0
2020-07-12,6,1532,2021-12-20,0
2020-07-13,2,1534,2021-12-20,0
2020-07-14,6,1540,2021-12-20,0
2020-07-15,7,1547,2021-12-20,0
2020-07-16,3,1550,2021-12-20,0
2020-07-17,7,1557,2021-12-20,0
2020-07-18,6,1563,2021-12-20,0
2020-07-19,5,1568,2021-12-20,0
2020-07-20,3,1571,2021-12-20,0
2020-07-21,6,1577,2021-12-20,0
2020-07-22,5,1582,2021-12-20,0
2020-07-23,8,1590,2021-12-20,0
2020-07-24,6,1596,2021-12-20,0
2020-07-25,2,1598,2021-12-20,0
2020-07-26,5,1603,2021-12-20,0
2020-07-27,5,1608,2021-12-20,0
2020-07-28,7,1615,2021-12-20,0
2020-07-29,3,1618,2021-12-20,0
2020-07-30,6,1624,2021-12-20,0
2020-07-31,9,1633,2021-12-20,0
2020-08-01,4,1637,2021-12-20,0
2020-08-02,7,1644,2021-12-20,0
2020-08-03,4,1648,2021-12-20,0
2020-08-04,7,1655,2021-12-20,0
2020-08-05,8,1663,2021-12-20,0
2020-08-06,9,1672,2021-12-20,0
2020-08-07,7,1679,2021-12-20,0
2020-08-08,6,1685,2021-12-20,0
2020-08-09,10,1695,2021-12-20,0
2020-08-10,3,1698,2021-12-20,0
2020-08-11,9,1707,2021-12-20,0
2020-08-12,7,1714,2021-12-20,0
2020-08-13,5,1719,2021-12-20,0
2020-08-14,9,1728,2021-12-20,0
2020-08-15,13,1741,2021-12-20,0
2020-08-16,13,1754,2021-12-20,0
2020-08-17,6,1760,2021-12-20,0
2020-08-18,11,1771,2021-12-20,0
2020-08-19,3,1774,2021-12-20,0
2020-08-20,10,1784,2021-12-20,0
2020-08-21,12,1796,2021-12-20,0
2020-08-22,9,1805,2021-12-20,0
2020-08-23,7,1812,2021-12-20,0
2020-08-24,9,1821,2021-12-20,0
2020-08-25,4,1825,2021-12-20,0
2020-08-26,3,1828,2021-12-20,0
2020-08-27,7,1835,2021-12-20,0
2020-08-28,6,1841,2021-12-20,0
2020-08-29,3,1844,2021-12-20,0
2020-08-30,5,1849,2021-12-20,0
2020-08-31,9,1858,2021-12-20,0
2020-09-01,2,1860,2021-12-20,0
2020-09-02,7,1867,2021-12-20,0
2020-09-03,12,1879,2021-12-20,0
2020-09-04,4,1883,2021-12-20,0
2020-09-05,6,1889,2021-12-20,0
2020-09-06,12,1901,2021-12-20,0
2020-09-07,3,1904,2021-12-20,0
2020-09-08,6,1910,2021-12-20,0
2020-09-09,10,1920,2021-12-20,0
2020-09-10,9,1929,2021-12-20,0
2020-09-11,11,1940,2021-12-20,0
2020-09-12,8,1948,2021-12-20,0
2020-09-13,8,1956,2021-12-20,0
2020-09-14,2,1958,2021-12-20,0
2020-09-15,7,1965,2021-12-20,0
2020-09-16,9,1974,2021-12-20,0
2020-09-17,5,1979,2021-12-20,0
2020-09-18,6,1985,2021-12-20,0
2020-09-19,4,1989,2021-12-20,0
2020-09-20,9,1998,2021-12-20,0
2020-09-21,7,2005,2021-12-20,0
2020-09-22,8,2013,2021-12-20,0
2020-09-23,9,2022,2021-12-20,0
2020-09-24,8,2030,2021-12-20,0
2020-09-25,11,2041,2021-12-20,0
2020-09-26,9,2050,2021-12-20,0
2020-09-27,14,2064,2021-12-20,0
2020-09-28,11,2075,2021-12-20,0
2020-09-29,5,2080,2021-12-20,0
2020-09-30,16,2096,2021-12-20,0
2020-10-01,7,2103,2021-12-20,0
2020-10-02,13,2116,2021-12-20,0
2020-10-03,9,2125,2021-12-20,0
2020-10-04,7,2132,2021-12-20,0
2020-10-05,10,2142,2021-12-20,0
2020-10-06,13,2155,2021-12-20,0
2020-10-07,19,2174,2021-12-20,0
2020-10-08,9,2183,2021-12-20,0
2020-10-09,17,2200,2021-12-20,0
2020-10-10,16,2216,2021-12-20,0
2020-10-11,16,2232,2021-12-20,0
2020-10-12,20,2252,2021-12-20,0
2020-10-13,14,2266,2021-12-20,0
2020-10-14,10,2276,2021-12-20,0
2020-10-15,9,2285,2021-12-20,0
2020-10-16,12,2297,2021-12-20,0
2020-10-17,18,2315,2021-12-20,0
2020-10-18,25,2340,2021-12-20,0
2020-10-19,18,2358,2021-12-20,0
2020-10-20,15,2373,2021-12-20,0
2020-10-21,24,2397,2021-12-20,0
2020-10-22,18,2415,2021-12-20,0
2020-10-23,19,2434,2021-12-20,0
2020-10-24,8,2442,2021-12-20,0
2020-10-25,17,2459,2021-12-20,0
2020-10-26,25,2484,2021-12-20,0
2020-10-27,23,2507,2021-12-20,0
2020-10-28,29,2536,2021-12-20,0
2020-10-29,18,2554,2021-12-20,0
2020-10-30,27,2581,2021-12-20,0
2020-10-31,25,2606,2021-12-20,0
2020-11-01,21,2627,2021-12-20,0
2020-11-02,25,2652,2021-12-20,0
2020-11-03,25,2677,2021-12-20,0
2020-11-04,33,2710,2021-12-20,0
2020-11-05,38,2748,2021-12-20,0
2020-11-06,39,2787,2021-12-20,0
2020-11-07,42,2829,2021-12-20,0
2020-11-08,47,2876,2021-12-20,0
2020-11-09,37,2913,2021-12-20,0
2020-11-10,35,2948,2021-12-20,0
2020-11-11,43,2991,2021-12-20,0
2020-11-12,45,3036,2021-12-20,0
2020-11-13,40,3076,2021-12-20,0
2020-11-14,48,3124,2021-12-20,0
2020-11-15,46,3170,2021-12-20,0
2020-11-16,62,3232,2021-12-20,0
2020-11-17,56,3288,2021-12-20,0
2020-11-18,61,3349,2021-12-20,0
2020-11-19,60,3409,2021-12-20,0
2020-11-20,63,3472,2021-12-20,0
2020-11-21,58,3530,2021-12-20,0
2020-11-22,67,3597,2021-12-20,0
2020-11-23,59,3656,2021-12-20,0
2020-11-24,69,3725,2021-12-20,0
2020-11-25,72,3797,2021-12-20,0
2020-11-26,54,3851,2021-12-20,0
2020-11-27,69,3920,2021-12-20,0
2020-11-28,62,3982,2021-12-20,0
2020-11-29,68,4050,2021-12-20,0
2020-11-30,61,4111,2021-12-20,0
2020-12-01,64,4175,2021-12-20,0
2020-12-02,73,4248,2021-12-20,0
2020-12-03,86,4334,2021-12-20,0
2020-12-04,67,4401,2021-12-20,0
2020-12-05,74,4475,2021-12-20,0
2020-12-06,80,4555,2021-12-20,0
2020-12-07,75,4630,2021-12-20,0
2020-12-08,61,4691,2021-12-20,0
2020-12-09,71,4762,2021-12-20,0
2020-12-10,72,4834,2021-12-20,0
2020-12-11,71,4905,2021-12-20,0
2020-12-12,72,4977,2021-12-20,0
2020-12-13,56,5033,2021-12-20,0
2020-12-14,43,5076,2021-12-20,0
2020-12-15,65,5141,2021-12-20,0
2020-12-16,73,5214,2021-12-20,0
2020-12-17,60,5274,2021-12-20,0
2020-12-18,59,5333,2021-12-20,0
2020-12-19,56,5389,2021-12-20,0
2020-12-20,61,5450,2021-12-20,0
2020-12-21,58,5508,2021-12-20,0
2020-12-22,33,5541,2021-12-20,0
2020-12-23,46,5587,2021-12-20,0
2020-12-24,50,5637,2021-12-20,0
2020-12-25,36,5673,2021-12-20,0
2020-12-26,43,5716,2021-12-20,0
2020-12-27,41,5757,2021-12-20,0
2020-12-28,34,5791,2021-12-20,0
2020-12-29,37,5828,2021-12-20,0
2020-12-30,47,5875,2021-12-20,0
2020-12-31,36,5911,2021-12-20,0
2021-01-01,28,5939,2021-12-20,0
2021-01-02,47,5986,2021-12-20,0
2021-01-03,37,6023,2021-12-20,0
2021-01-04,32,6055,2021-12-20,0
2021-01-05,40,6095,2021-12-20,0
2021-01-06,32,6127,2021-12-20,0
2021-01-07,37,6164,2021-12-20,0
2021-01-08,32,6196,2021-12-20,0
2021-01-09,26,6222,2021-12-20,0
2021-01-10,29,6251,2021-12-20,0
2021-01-11,26,6277,2021-12-20,0
2021-01-12,32,6309,2021-12-20,0
2021-01-13,23,6332,2021-12-20,0
2021-01-14,41,6373,2021-12-20,0
2021-01-15,26,6399,2021-12-20,0
2021-01-16,30,6429,2021-12-20,0
2021-01-17,21,6450,2021-12-20,0
2021-01-18,19,6469,2021-12-20,0
2021-01-19,14,6483,2021-12-20,0
2021-01-20,26,6509,2021-12-20,0
2021-01-21,16,6525,2021-12-20,0
2021-01-22,13,6538,2021-12-20,0
2021-01-23,17,6555,2021-12-20,0
2021-01-24,24,6579,2021-12-20,0
2021-01-25,19,6598,2021-12-20,0
2021-01-26,21,6619,2021-12-20,0
2021-01-27,11,6630,2021-12-20,0
2021-01-28,12,6642,2021-12-20,0
2021-01-29,15,6657,2021-12-20,0
2021-01-30,13,6670,2021-12-20,0
2021-01-31,16,6686,2021-12-20,0
2021-02-01,17,6703,2021-12-20,0
2021-02-02,10,6713,2021-12-20,0
2021-02-03,11,6724,2021-12-20,0
2021-02-04,11,6735,2021-12-20,0
2021-02-05,12,6747,2021-12-20,0
2021-02-06,12,6759,2021-12-20,0
2021-02-07,19,6778,2021-12-20,0
2021-02-08,11,6789,2021-12-20,0
2021-02-09,15,6804,2021-12-20,0
2021-02-10,14,6818,2021-12-20,0
2021-02-11,7,6825,2021-12-20,0
2021-02-12,13,6838,2021-12-20,0
2021-02-13,8,6846,2021-12-20,0
2021-02-14,10,6856,2021-12-20,0
2021-02-15,9,6865,2021-12-20,0
2021-02-16,12,6877,2021-12-20,0
2021-02-17,10,6887,2021-12-20,0
2021-02-18,7,6894,2021-12-20,0
2021-02-19,6,6900,2021-12-20,0
2021-02-20,7,6907,2021-12-20,0
2021-02-21,4,6911,2021-12-20,0
2021-02-22,5,6916,2021-12-20,0
2021-02-23,9,6925,2021-12-20,0
2021-02-24,5,6930,2021-12-20,0
2021-02-25,5,6935,2021-12-20,0
2021-02-26,7,6942,2021-12-20,0
2021-02-27,6,6948,2021-12-20,0
2021-02-28,8,6956,2021-12-20,0
2021-03-01,7,6963,2021-12-20,0
2021-03-02,3,6966,2021-12-20,0
2021-03-03,10,6976,2021-12-20,0
2021-03-04,6,6982,2021-12-20,0
2021-03-05,10,6992,2021-12-20,0
2021-03-06,5,6997,2021-12-20,0
2021-03-07,9,7006,2021-12-20,0
2021-03-08,5,7011,2021-12-20,0
2021-03-09,7,7018,2021-12-20,0
2021-03-10,5,7023,2021-12-20,0
2021-03-11,4,7027,2021-12-20,0
2021-03-12,11,7038,2021-12-20,0
2021-03-13,5,7043,2021-12-20,0
2021-03-14,5,7048,2021-12-20,0
2021-03-15,2,7050,2021-12-20,0
2021-03-16,6,7056,2021-12-20,0
2021-03-17,4,7060,2021-12-20,0
2021-03-18,5,7065,2021-12-20,0
2021-03-19,5,7070,2021-12-20,0
2021-03-20,9,7079,2021-12-20,0
2021-03-21,5,7084,2021-12-20,0
2021-03-22,4,7088,2021-12-20,0
2021-03-23,5,7093,2021-12-20,0
2021-03-24,1,7094,2021-12-20,0
2021-03-25,5,7099,2021-12-20,0
2021-03-26,3,7102,2021-12-20,0
2021-03-27,7,7109,2021-12-20,0
2021-03-28,6,7115,2021-12-20,0
2021-03-29,5,7120,2021-12-20,0
2021-03-30,6,7126,2021-12-20,0
2021-03-31,8,7134,2021-12-20,0
2021-04-01,6,7140,2021-12-20,0
2021-04-02,9,7149,2021-12-20,0
2021-04-03,8,7157,2021-12-20,0
2021-04-04,6,7163,2021-12-20,0
2021-04-05,8,7171,2021-12-20,0
2021-04-06,7,7178,2021-12-20,0
2021-04-07,6,7184,2021-12-20,0
2021-04-08,10,7194,2021-12-20,0
2021-04-09,7,7201,2021-12-20,0
2021-04-10,7,7208,2021-12-20,0
2021-04-11,8,7216,2021-12-20,0
2021-04-12,10,7226,2021-12-20,0
2021-04-13,7,7233,2021-12-20,0
2021-04-14,8,7241,2021-12-20,0
2021-04-15,14,7255,2021-12-20,0
2021-04-16,8,7263,2021-12-20,0
2021-04-17,8,7271,2021-12-20,0
2021-04-18,8,7279,2021-12-20,0
2021-04-19,10,7289,2021-12-20,0
2021-04-20,5,7294,2021-12-20,0
2021-04-21,8,7302,2021-12-20,0
2021-04-22,2,7304,2021-12-20,0
2021-04-23,15,7319,2021-12-20,0
2021-04-24,11,7330,2021-12-20,0
2021-04-25,15,7345,2021-12-20,0
2021-04-26,15,7360,2021-12-20,0
2021-04-27,7,7367,2021-12-20,0
2021-04-28,14,7381,2021-12-20,0
2021-04-29,8,7389,2021-12-20,0
2021-04-30,11,7400,2021-12-20,0
2021-05-01,7,7407,2021-12-20,0
2021-05-02,8,7415,2021-12-20,0
2021-05-03,5,7420,2021-12-20,0
2021-05-04,13,7433,2021-12-20,0
2021-05-05,8,7441,2021-12-20,0
2021-05-06,5,7446,2021-12-20,0
2021-05-07,8,7454,2021-12-20,0
2021-05-08,7,7461,2021-12-20,0
2021-05-09,9,7470,2021-12-20,0
2021-05-10,8,7478,2021-12-20,0
2021-05-11,6,7484,2021-12-20,0
2021-05-12,9,7493,2021-12-20,0
2021-05-13,9,7502,2021-12-20,0
2021-05-14,11,7513,2021-12-20,0
2021-05-15,10,7523,2021-12-20,0
2021-05-16,6,7529,2021-12-20,0
2021-05-17,6,7535,2021-12-20,0
2021-05-18,7,7542,2021-12-20,0
2021-05-19,2,7544,2021-12-20,0
2021-05-20,5,7549,2021-12-20,0
2021-05-21,7,7556,2021-12-20,0
2021-05-22,11,7567,2021-12-20,0
2021-05-23,5,7572,2021-12-20,0
2021-05-24,5,7577,2021-12-20,0
2021-05-25,6,7583,2021-12-20,0
2021-05-26,3,7586,2021-12-20,0
2021-05-27,7,7593,2021-12-20,0
2021-05-28,2,7595,2021-12-20,0
2021-05-29,6,7601,2021-12-20,0
2021-05-30,4,7605,2021-12-20,0
2021-05-31,3,7608,2021-12-20,0
2021-06-01,5,7613,2021-12-20,0
2021-06-02,8,7621,2021-12-20,0
2021-06-03,4,7625,2021-12-20,0
2021-06-04,4,7629,2021-12-20,0
2021-06-05,2,7631,2021-12-20,0
2021-06-06,5,7636,2021-12-20,0
2021-06-07,3,7639,2021-12-20,0
2021-06-08,5,7644,2021-12-20,0
2021-06-09,4,7648,2021-12-20,0
2021-06-10,6,7654,2021-12-20,0
2021-06-11,6,7660,2021-12-20,0
2021-06-12,4,7664,2021-12-20,0
2021-06-13,4,7668,2021-12-20,0
2021-06-14,3,7671,2021-12-20,0
2021-06-15,2,7673,2021-12-20,0
2021-06-16,2,7675,2021-12-20,0
2021-06-17,4,7679,2021-12-20,0
2021-06-18,1,7680,2021-12-20,0
2021-06-19,6,7686,2021-12-20,0
2021-06-20,1,7687,2021-12-20,0
2021-06-21,5,7692,2021-12-20,0
2021-06-22,3,7695,2021-12-20,0
2021-06-23,4,7699,2021-12-20,0
2021-06-24,3,7702,2021-12-20,0
2021-06-25,3,7705,2021-12-20,0
2021-06-26,4,7709,2021-12-20,0
2021-06-27,2,7711,2021-12-20,0
2021-06-28,2,7713,2021-12-20,0
2021-06-29,2,7715,2021-12-20,0
2021-06-30,2,7717,2021-12-20,0
2021-07-01,0,7717,2021-12-20,0
2021-07-02,2,7719,2021-12-20,0
2021-07-03,2,7721,2021-12-20,0
2021-07-04,3,7724,2021-12-20,0
2021-07-05,1,7725,2021-12-20,0
2021-07-06,4,7729,2021-12-20,0
2021-07-07,1,7730,2021-12-20,0
2021-07-08,1,7731,2021-12-20,0
2021-07-09,0,7731,2021-12-20,0
2021-07-10,1,7732,2021-12-20,0
2021-07-11,3,7735,2021-12-20,0
2021-07-12,1,7736,2021-12-20,0
2021-07-13,2,7738,2021-12-20,0
2021-07-14,2,7740,2021-12-20,0
2021-07-15,2,7742,2021-12-20,0
2021-07-16,1,7743,2021-12-20,0
2021-07-17,1,7744,2021-12-20,0
2021-07-18,0,7744,2021-12-20,0
2021-07-19,0,7744,2021-12-20,0
2021-07-20,2,7746,2021-12-20,0
2021-07-21,2,7748,2021-12-20,0
2021-07-22,2,7750,2021-12-20,0
2021-07-23,3,7753,2021-12-20,0
2021-07-24,0,7753,2021-12-20,0
2021-07-25,2,7755,2021-12-20,0
2021-07-26,1,7756,2021-12-20,0
2021-07-27,2,7758,2021-12-20,0
2021-07-28,3,7761,2021-12-20,0
2021-07-29,2,7763,2021-12-20,0
2021-07-30,5,7768,2021-12-20,0
2021-07-31,4,7772,2021-12-20,0
2021-08-01,1,7773,2021-12-20,0
2021-08-02,3,7776,2021-12-20,0
2021-08-03,2,7778,2021-12-20,0
2021-08-04,3,7781,2021-12-20,0
2021-08-05,2,7783,2021-12-20,0
2021-08-06,7,7790,2021-12-20,0
2021-08-07,3,7793,2021-12-20,0
2021-08-08,2,7795,2021-12-20,0
2021-08-09,3,7798,2021-12-20,0
2021-08-10,2,7800,2021-12-20,0
2021-08-11,2,7802,2021-12-20,0
2021-08-12,7,7809,2021-12-20,0
2021-08-13,5,7814,2021-12-20,0
2021-08-14,6,7820,2021-12-20,0
2021-08-15,0,7820,2021-12-20,0
2021-08-16,7,7827,2021-12-20,0
2021-08-17,7,7834,2021-12-20,0
2021-08-18,9,7843,2021-12-20,0
2021-08-19,2,7845,2021-12-20,0
2021-08-20,3,7848,2021-12-20,0
2021-08-21,5,7853,2021-12-20,0
2021-08-22,7,7860,2021-12-20,0
2021-08-23,5,7865,2021-12-20,0
2021-08-24,12,7877,2021-12-20,0
2021-08-25,7,7884,2021-12-20,0
2021-08-26,2,7886,2021-12-20,0
2021-08-27,6,7892,2021-12-20,0
2021-08-28,11,7903,2021-12-20,0
2021-08-29,11,7914,2021-12-20,0
2021-08-30,8,7922,2021-12-20,0
2021-08-31,6,7928,2021-12-20,0
2021-09-01,6,7934,2021-12-20,0
2021-09-02,6,7940,2021-12-20,0
2021-09-03,9,7949,2021-12-20,0
2021-09-04,9,7958,2021-12-20,0
2021-09-05,10,7968,2021-12-20,0
2021-09-06,8,7976,2021-12-20,0
2021-09-07,7,7983,2021-12-20,0
2021-09-08,11,7994,2021-12-20,0
2021-09-09,5,7999,2021-12-20,0
2021-09-10,9,8008,2021-12-20,0
2021-09-11,17,8025,2021-12-20,0
2021-09-12,10,8035,2021-12-20,0
2021-09-13,7,8042,2021-12-20,0
2021-09-14,11,8053,2021-12-20,0
2021-09-15,14,8067,2021-12-20,0
2021-09-16,16,8083,2021-12-20,0
2021-09-17,8,8091,2021-12-20,0
2021-09-18,13,8104,2021-12-20,0
2021-09-19,11,8115,2021-12-20,0
2021-09-20,16,8131,2021-12-20,0
2021-09-21,15,8146,2021-12-20,0
2021-09-22,17,8163,2021-12-20,0
2021-09-23,13,8176,2021-12-20,0
2021-09-24,13,8189,2021-12-20,0
2021-09-25,16,8205,2021-12-20,0
2021-09-26,15,8220,2021-12-20,0
2021-09-27,15,8235,2021-12-20,0
2021-09-28,11,8246,2021-12-20,0
2021-09-29,19,8265,2021-12-20,0
2021-09-30,17,8282,2021-12-20,0
2021-10-01,13,8295,2021-12-20,0
2021-10-02,14,8309,2021-12-20,0
2021-10-03,23,8332,2021-12-20,0
2021-10-04,15,8347,2021-12-20,0
2021-10-05,23,8370,2021-12-20,0
2021-10-06,20,8390,2021-12-20,0
2021-10-07,13,8403,2021-12-20,0
2021-10-08,22,8425,2021-12-20,0
2021-10-09,20,8445,2021-12-20,0
2021-10-10,13,8458,2021-12-20,0
2021-10-11,11,8469,2021-12-20,0
2021-10-12,25,8494,2021-12-20,0
2021-10-13,20,8514,2021-12-20,0
2021-10-14,21,8535,2021-12-20,0
2021-10-15,14,8549,2021-12-20,0
2021-10-16,20,8569,2021-12-20,0
2021-10-17,17,8586,2021-12-20,0
2021-10-18,16,8602,2021-12-20,0
2021-10-19,25,8627,2021-12-20,0
2021-10-20,15,8642,2021-12-20,0
2021-10-21,8,8650,2021-12-20,0
2021-10-22,23,8673,2021-12-20,0
2021-10-23,24,8697,2021-12-20,0
2021-10-24,24,8721,2021-12-20,0
2021-10-25,20,8741,2021-12-20,0
2021-10-26,22,8763,2021-12-20,0
2021-10-27,16,8779,2021-12-20,0
2021-10-28,24,8803,2021-12-20,0
2021-10-29,19,8822,2021-12-20,0
2021-10-30,19,8841,2021-12-20,0
2021-10-31,26,8867,2021-12-20,0
2021-11-01,18,8885,2021-12-20,0
2021-11-02,18,8903,2021-12-20,0
2021-11-03,27,8930,2021-12-20,0
2021-11-04,27,8957,2021-12-20,0
2021-11-05,29,8986,2021-12-20,0
2021-11-06,16,9002,2021-12-20,0
2021-11-07,24,9026,2021-12-20,0
2021-11-08,27,9053,2021-12-20,0
2021-11-09,16,9069,2021-12-20,0
2021-11-10,18,9087,2021-12-20,0
2021-11-11,27,9114,2021-12-20,0
2021-11-12,27,9141,2021-12-20,0
2021-11-13,31,9172,2021-12-20,0
2021-11-14,24,9196,2021-12-20,0
2021-11-15,27,9223,2021-12-20,0
2021-11-16,25,9248,2021-12-20,0
2021-11-17,37,9285,2021-12-20,0
2021-11-18,36,9321,2021-12-20,0
2021-11-19,32,9353,2021-12-20,0
2021-11-20,28,9381,2021-12-20,0
2021-11-21,33,9414,2021-12-20,0
2021-11-22,28,9442,2021-12-20,0
2021-11-23,31,9473,2021-12-20,1
2021-11-24,22,9495,2021-12-20,0
2021-11-25,34,9529,2021-12-20,0
2021-11-26,50,9579,2021-12-20,0
2021-11-27,36,9615,2021-12-20,0
2021-11-28,38,9653,2021-12-20,0
2021-11-29,28,9681,2021-12-20,0
2021-11-30,29,9710,2021-12-20,0
2021-12-01,45,9755,2021-12-20,0
2021-12-02,38,9793,2021-12-20,0
2021-12-03,30,9823,2021-12-20,0
2021-12-04,36,9859,2021-12-20,1
2021-12-05,35,9894,2021-12-20,2
2021-12-06,29,9923,2021-12-20,-1
2021-12-07,29,9952,2021-12-20,1
2021-12-08,34,9986,2021-12-20,5
2021-12-09,41,10027,2021-12-20,0
2021-12-10,30,10057,2021-12-20,1
2021-12-11,17,10074,2021-12-20,4
2021-12-12,29,10103,2021-12-20,4
2021-12-13,18,10121,2021-12-20,6
2021-12-14,16,10137,2021-12-20,3
2021-12-15,17,10154,2021-12-20,16
2021-12-16,2,10156,2021-12-20,2
NA,0,10156,2021-12-20,0
2020-03-19,1,1,2021-12-21,0
2020-03-20,0,1,2021-12-21,0
2020-03-21,0,1,2021-12-21,0
2020-03-22,0,1,2021-12-21,0
2020-03-23,0,1,2021-12-21,0
2020-03-24,1,2,2021-12-21,0
2020-03-25,1,3,2021-12-21,0
2020-03-26,1,4,2021-12-21,0
2020-03-27,5,9,2021-12-21,0
2020-03-28,3,12,2021-12-21,0
2020-03-29,0,12,2021-12-21,0
2020-03-30,5,17,2021-12-21,0
2020-03-31,2,19,2021-12-21,0
2020-04-01,5,24,2021-12-21,0
2020-04-02,3,27,2021-12-21,0
2020-04-03,1,28,2021-12-21,0
2020-04-04,5,33,2021-12-21,0
2020-04-05,5,38,2021-12-21,0
2020-04-06,10,48,2021-12-21,0
2020-04-07,6,54,2021-12-21,0
2020-04-08,7,61,2021-12-21,0
2020-04-09,8,69,2021-12-21,0
2020-04-10,6,75,2021-12-21,0
2020-04-11,4,79,2021-12-21,0
2020-04-12,4,83,2021-12-21,0
2020-04-13,10,93,2021-12-21,0
2020-04-14,6,99,2021-12-21,0
2020-04-15,17,116,2021-12-21,0
2020-04-16,10,126,2021-12-21,0
2020-04-17,17,143,2021-12-21,0
2020-04-18,17,160,2021-12-21,0
2020-04-19,16,176,2021-12-21,0
2020-04-20,21,197,2021-12-21,0
2020-04-21,26,223,2021-12-21,0
2020-04-22,21,244,2021-12-21,0
2020-04-23,19,263,2021-12-21,0
2020-04-24,23,286,2021-12-21,0
2020-04-25,18,304,2021-12-21,0
2020-04-26,17,321,2021-12-21,0
2020-04-27,21,342,2021-12-21,0
2020-04-28,16,358,2021-12-21,0
2020-04-29,29,387,2021-12-21,0
2020-04-30,18,405,2021-12-21,0
2020-05-01,30,435,2021-12-21,0
2020-05-02,19,454,2021-12-21,0
2020-05-03,29,483,2021-12-21,0
2020-05-04,23,506,2021-12-21,0
2020-05-05,19,525,2021-12-21,0
2020-05-06,25,550,2021-12-21,0
2020-05-07,30,580,2021-12-21,0
2020-05-08,20,600,2021-12-21,0
2020-05-09,26,626,2021-12-21,0
2020-05-10,19,645,2021-12-21,0
2020-05-11,25,670,2021-12-21,0
2020-05-12,20,690,2021-12-21,0
2020-05-13,22,712,2021-12-21,0
2020-05-14,20,732,2021-12-21,0
2020-05-15,20,752,2021-12-21,0
2020-05-16,20,772,2021-12-21,0
2020-05-17,23,795,2021-12-21,0
2020-05-18,18,813,2021-12-21,0
2020-05-19,35,848,2021-12-21,0
2020-05-20,24,872,2021-12-21,0
2020-05-21,17,889,2021-12-21,0
2020-05-22,20,909,2021-12-21,0
2020-05-23,26,935,2021-12-21,0
2020-05-24,25,960,2021-12-21,0
2020-05-25,30,990,2021-12-21,0
2020-05-26,29,1019,2021-12-21,0
2020-05-27,25,1044,2021-12-21,0
2020-05-28,21,1065,2021-12-21,0
2020-05-29,17,1082,2021-12-21,0
2020-05-30,11,1093,2021-12-21,0
2020-05-31,20,1113,2021-12-21,0
2020-06-01,23,1136,2021-12-21,0
2020-06-02,21,1157,2021-12-21,0
2020-06-03,25,1182,2021-12-21,0
2020-06-04,26,1208,2021-12-21,0
2020-06-05,18,1226,2021-12-21,0
2020-06-06,12,1238,2021-12-21,0
2020-06-07,22,1260,2021-12-21,0
2020-06-08,12,1272,2021-12-21,0
2020-06-09,13,1285,2021-12-21,0
2020-06-10,10,1295,2021-12-21,0
2020-06-11,12,1307,2021-12-21,0
2020-06-12,11,1318,2021-12-21,0
2020-06-13,13,1331,2021-12-21,0
2020-06-14,11,1342,2021-12-21,0
2020-06-15,8,1350,2021-12-21,0
2020-06-16,9,1359,2021-12-21,0
2020-06-17,17,1376,2021-12-21,0
2020-06-18,9,1385,2021-12-21,0
2020-06-19,8,1393,2021-12-21,0
2020-06-20,12,1405,2021-12-21,0
2020-06-21,11,1416,2021-12-21,0
2020-06-22,6,1422,2021-12-21,0
2020-06-23,10,1432,2021-12-21,0
2020-06-24,1,1433,2021-12-21,0
2020-06-25,9,1442,2021-12-21,0
2020-06-26,6,1448,2021-12-21,0
2020-06-27,5,1453,2021-12-21,0
2020-06-28,11,1464,2021-12-21,0
2020-06-29,7,1471,2021-12-21,0
2020-06-30,9,1480,2021-12-21,0
2020-07-01,2,1482,2021-12-21,0
2020-07-02,3,1485,2021-12-21,0
2020-07-03,5,1490,2021-12-21,0
2020-07-04,4,1494,2021-12-21,0
2020-07-05,6,1500,2021-12-21,0
2020-07-06,4,1504,2021-12-21,0
2020-07-07,2,1506,2021-12-21,0
2020-07-08,9,1515,2021-12-21,0
2020-07-09,4,1519,2021-12-21,0
2020-07-10,3,1522,2021-12-21,0
2020-07-11,4,1526,2021-12-21,0
2020-07-12,6,1532,2021-12-21,0
2020-07-13,2,1534,2021-12-21,0
2020-07-14,6,1540,2021-12-21,0
2020-07-15,7,1547,2021-12-21,0
2020-07-16,3,1550,2021-12-21,0
2020-07-17,7,1557,2021-12-21,0
2020-07-18,6,1563,2021-12-21,0
2020-07-19,5,1568,2021-12-21,0
2020-07-20,3,1571,2021-12-21,0
2020-07-21,6,1577,2021-12-21,0
2020-07-22,5,1582,2021-12-21,0
2020-07-23,8,1590,2021-12-21,0
2020-07-24,6,1596,2021-12-21,0
2020-07-25,2,1598,2021-12-21,0
2020-07-26,5,1603,2021-12-21,0
2020-07-27,5,1608,2021-12-21,0
2020-07-28,7,1615,2021-12-21,0
2020-07-29,3,1618,2021-12-21,0
2020-07-30,6,1624,2021-12-21,0
2020-07-31,9,1633,2021-12-21,0
2020-08-01,4,1637,2021-12-21,0
2020-08-02,7,1644,2021-12-21,0
2020-08-03,4,1648,2021-12-21,0
2020-08-04,7,1655,2021-12-21,0
2020-08-05,8,1663,2021-12-21,0
2020-08-06,9,1672,2021-12-21,0
2020-08-07,7,1679,2021-12-21,0
2020-08-08,6,1685,2021-12-21,0
2020-08-09,10,1695,2021-12-21,0
2020-08-10,3,1698,2021-12-21,0
2020-08-11,9,1707,2021-12-21,0
2020-08-12,7,1714,2021-12-21,0
2020-08-13,5,1719,2021-12-21,0
2020-08-14,9,1728,2021-12-21,0
2020-08-15,13,1741,2021-12-21,0
2020-08-16,13,1754,2021-12-21,0
2020-08-17,6,1760,2021-12-21,0
2020-08-18,11,1771,2021-12-21,0
2020-08-19,3,1774,2021-12-21,0
2020-08-20,10,1784,2021-12-21,0
2020-08-21,12,1796,2021-12-21,0
2020-08-22,9,1805,2021-12-21,0
2020-08-23,7,1812,2021-12-21,0
2020-08-24,9,1821,2021-12-21,0
2020-08-25,4,1825,2021-12-21,0
2020-08-26,3,1828,2021-12-21,0
2020-08-27,7,1835,2021-12-21,0
2020-08-28,6,1841,2021-12-21,0
2020-08-29,3,1844,2021-12-21,0
2020-08-30,5,1849,2021-12-21,0
2020-08-31,9,1858,2021-12-21,0
2020-09-01,2,1860,2021-12-21,0
2020-09-02,7,1867,2021-12-21,0
2020-09-03,12,1879,2021-12-21,0
2020-09-04,4,1883,2021-12-21,0
2020-09-05,6,1889,2021-12-21,0
2020-09-06,12,1901,2021-12-21,0
2020-09-07,3,1904,2021-12-21,0
2020-09-08,6,1910,2021-12-21,0
2020-09-09,10,1920,2021-12-21,0
2020-09-10,9,1929,2021-12-21,0
2020-09-11,11,1940,2021-12-21,0
2020-09-12,8,1948,2021-12-21,0
2020-09-13,8,1956,2021-12-21,0
2020-09-14,2,1958,2021-12-21,0
2020-09-15,7,1965,2021-12-21,0
2020-09-16,9,1974,2021-12-21,0
2020-09-17,5,1979,2021-12-21,0
2020-09-18,6,1985,2021-12-21,0
2020-09-19,4,1989,2021-12-21,0
2020-09-20,9,1998,2021-12-21,0
2020-09-21,7,2005,2021-12-21,0
2020-09-22,8,2013,2021-12-21,0
2020-09-23,9,2022,2021-12-21,0
2020-09-24,8,2030,2021-12-21,0
2020-09-25,11,2041,2021-12-21,0
2020-09-26,9,2050,2021-12-21,0
2020-09-27,14,2064,2021-12-21,0
2020-09-28,11,2075,2021-12-21,0
2020-09-29,5,2080,2021-12-21,0
2020-09-30,16,2096,2021-12-21,0
2020-10-01,7,2103,2021-12-21,0
2020-10-02,13,2116,2021-12-21,0
2020-10-03,9,2125,2021-12-21,0
2020-10-04,7,2132,2021-12-21,0
2020-10-05,10,2142,2021-12-21,0
2020-10-06,13,2155,2021-12-21,0
2020-10-07,19,2174,2021-12-21,0
2020-10-08,9,2183,2021-12-21,0
2020-10-09,17,2200,2021-12-21,0
2020-10-10,16,2216,2021-12-21,0
2020-10-11,16,2232,2021-12-21,0
2020-10-12,20,2252,2021-12-21,0
2020-10-13,14,2266,2021-12-21,0
2020-10-14,10,2276,2021-12-21,0
2020-10-15,9,2285,2021-12-21,0
2020-10-16,12,2297,2021-12-21,0
2020-10-17,18,2315,2021-12-21,0
2020-10-18,25,2340,2021-12-21,0
2020-10-19,18,2358,2021-12-21,0
2020-10-20,15,2373,2021-12-21,0
2020-10-21,24,2397,2021-12-21,0
2020-10-22,18,2415,2021-12-21,0
2020-10-23,19,2434,2021-12-21,0
2020-10-24,8,2442,2021-12-21,0
2020-10-25,17,2459,2021-12-21,0
2020-10-26,25,2484,2021-12-21,0
2020-10-27,23,2507,2021-12-21,0
2020-10-28,29,2536,2021-12-21,0
2020-10-29,18,2554,2021-12-21,0
2020-10-30,27,2581,2021-12-21,0
2020-10-31,25,2606,2021-12-21,0
2020-11-01,21,2627,2021-12-21,0
2020-11-02,25,2652,2021-12-21,0
2020-11-03,25,2677,2021-12-21,0
2020-11-04,33,2710,2021-12-21,0
2020-11-05,38,2748,2021-12-21,0
2020-11-06,39,2787,2021-12-21,0
2020-11-07,42,2829,2021-12-21,0
2020-11-08,47,2876,2021-12-21,0
2020-11-09,37,2913,2021-12-21,0
2020-11-10,35,2948,2021-12-21,0
2020-11-11,43,2991,2021-12-21,0
2020-11-12,45,3036,2021-12-21,0
2020-11-13,40,3076,2021-12-21,0
2020-11-14,48,3124,2021-12-21,0
2020-11-15,46,3170,2021-12-21,0
2020-11-16,62,3232,2021-12-21,0
2020-11-17,56,3288,2021-12-21,0
2020-11-18,61,3349,2021-12-21,0
2020-11-19,60,3409,2021-12-21,0
2020-11-20,63,3472,2021-12-21,0
2020-11-21,58,3530,2021-12-21,0
2020-11-22,67,3597,2021-12-21,0
2020-11-23,59,3656,2021-12-21,0
2020-11-24,69,3725,2021-12-21,0
2020-11-25,72,3797,2021-12-21,0
2020-11-26,54,3851,2021-12-21,0
2020-11-27,69,3920,2021-12-21,0
2020-11-28,62,3982,2021-12-21,0
2020-11-29,68,4050,2021-12-21,0
2020-11-30,61,4111,2021-12-21,0
2020-12-01,64,4175,2021-12-21,0
2020-12-02,73,4248,2021-12-21,0
2020-12-03,86,4334,2021-12-21,0
2020-12-04,67,4401,2021-12-21,0
2020-12-05,74,4475,2021-12-21,0
2020-12-06,80,4555,2021-12-21,0
2020-12-07,75,4630,2021-12-21,0
2020-12-08,61,4691,2021-12-21,0
2020-12-09,71,4762,2021-12-21,0
2020-12-10,72,4834,2021-12-21,0
2020-12-11,71,4905,2021-12-21,0
2020-12-12,72,4977,2021-12-21,0
2020-12-13,56,5033,2021-12-21,0
2020-12-14,43,5076,2021-12-21,0
2020-12-15,65,5141,2021-12-21,0
2020-12-16,73,5214,2021-12-21,0
2020-12-17,60,5274,2021-12-21,0
2020-12-18,59,5333,2021-12-21,0
2020-12-19,56,5389,2021-12-21,0
2020-12-20,61,5450,2021-12-21,0
2020-12-21,58,5508,2021-12-21,0
2020-12-22,33,5541,2021-12-21,0
2020-12-23,46,5587,2021-12-21,0
2020-12-24,50,5637,2021-12-21,0
2020-12-25,36,5673,2021-12-21,0
2020-12-26,43,5716,2021-12-21,0
2020-12-27,41,5757,2021-12-21,0
2020-12-28,34,5791,2021-12-21,0
2020-12-29,37,5828,2021-12-21,0
2020-12-30,47,5875,2021-12-21,0
2020-12-31,36,5911,2021-12-21,0
2021-01-01,28,5939,2021-12-21,0
2021-01-02,47,5986,2021-12-21,0
2021-01-03,37,6023,2021-12-21,0
2021-01-04,32,6055,2021-12-21,0
2021-01-05,40,6095,2021-12-21,0
2021-01-06,32,6127,2021-12-21,0
2021-01-07,37,6164,2021-12-21,0
2021-01-08,32,6196,2021-12-21,0
2021-01-09,26,6222,2021-12-21,0
2021-01-10,29,6251,2021-12-21,0
2021-01-11,26,6277,2021-12-21,0
2021-01-12,32,6309,2021-12-21,0
2021-01-13,23,6332,2021-12-21,0
2021-01-14,41,6373,2021-12-21,0
2021-01-15,26,6399,2021-12-21,0
2021-01-16,30,6429,2021-12-21,0
2021-01-17,21,6450,2021-12-21,0
2021-01-18,19,6469,2021-12-21,0
2021-01-19,14,6483,2021-12-21,0
2021-01-20,26,6509,2021-12-21,0
2021-01-21,16,6525,2021-12-21,0
2021-01-22,13,6538,2021-12-21,0
2021-01-23,17,6555,2021-12-21,0
2021-01-24,24,6579,2021-12-21,0
2021-01-25,19,6598,2021-12-21,0
2021-01-26,21,6619,2021-12-21,0
2021-01-27,11,6630,2021-12-21,0
2021-01-28,12,6642,2021-12-21,0
2021-01-29,15,6657,2021-12-21,0
2021-01-30,13,6670,2021-12-21,0
2021-01-31,16,6686,2021-12-21,0
2021-02-01,17,6703,2021-12-21,0
2021-02-02,10,6713,2021-12-21,0
2021-02-03,11,6724,2021-12-21,0
2021-02-04,11,6735,2021-12-21,0
2021-02-05,12,6747,2021-12-21,0
2021-02-06,12,6759,2021-12-21,0
2021-02-07,19,6778,2021-12-21,0
2021-02-08,11,6789,2021-12-21,0
2021-02-09,15,6804,2021-12-21,0
2021-02-10,14,6818,2021-12-21,0
2021-02-11,7,6825,2021-12-21,0
2021-02-12,13,6838,2021-12-21,0
2021-02-13,8,6846,2021-12-21,0
2021-02-14,10,6856,2021-12-21,0
2021-02-15,9,6865,2021-12-21,0
2021-02-16,12,6877,2021-12-21,0
2021-02-17,10,6887,2021-12-21,0
2021-02-18,7,6894,2021-12-21,0
2021-02-19,6,6900,2021-12-21,0
2021-02-20,7,6907,2021-12-21,0
2021-02-21,4,6911,2021-12-21,0
2021-02-22,5,6916,2021-12-21,0
2021-02-23,9,6925,2021-12-21,0
2021-02-24,5,6930,2021-12-21,0
2021-02-25,5,6935,2021-12-21,0
2021-02-26,7,6942,2021-12-21,0
2021-02-27,6,6948,2021-12-21,0
2021-02-28,8,6956,2021-12-21,0
2021-03-01,7,6963,2021-12-21,0
2021-03-02,3,6966,2021-12-21,0
2021-03-03,10,6976,2021-12-21,0
2021-03-04,6,6982,2021-12-21,0
2021-03-05,10,6992,2021-12-21,0
2021-03-06,5,6997,2021-12-21,0
2021-03-07,9,7006,2021-12-21,0
2021-03-08,5,7011,2021-12-21,0
2021-03-09,7,7018,2021-12-21,0
2021-03-10,5,7023,2021-12-21,0
2021-03-11,4,7027,2021-12-21,0
2021-03-12,11,7038,2021-12-21,0
2021-03-13,5,7043,2021-12-21,0
2021-03-14,5,7048,2021-12-21,0
2021-03-15,2,7050,2021-12-21,0
2021-03-16,6,7056,2021-12-21,0
2021-03-17,4,7060,2021-12-21,0
2021-03-18,5,7065,2021-12-21,0
2021-03-19,5,7070,2021-12-21,0
2021-03-20,9,7079,2021-12-21,0
2021-03-21,5,7084,2021-12-21,0
2021-03-22,4,7088,2021-12-21,0
2021-03-23,5,7093,2021-12-21,0
2021-03-24,1,7094,2021-12-21,0
2021-03-25,5,7099,2021-12-21,0
2021-03-26,3,7102,2021-12-21,0
2021-03-27,7,7109,2021-12-21,0
2021-03-28,6,7115,2021-12-21,0
2021-03-29,5,7120,2021-12-21,0
2021-03-30,6,7126,2021-12-21,0
2021-03-31,8,7134,2021-12-21,0
2021-04-01,6,7140,2021-12-21,0
2021-04-02,9,7149,2021-12-21,0
2021-04-03,8,7157,2021-12-21,0
2021-04-04,6,7163,2021-12-21,0
2021-04-05,8,7171,2021-12-21,0
2021-04-06,7,7178,2021-12-21,0
2021-04-07,6,7184,2021-12-21,0
2021-04-08,10,7194,2021-12-21,0
2021-04-09,7,7201,2021-12-21,0
2021-04-10,7,7208,2021-12-21,0
2021-04-11,8,7216,2021-12-21,0
2021-04-12,10,7226,2021-12-21,0
2021-04-13,7,7233,2021-12-21,0
2021-04-14,8,7241,2021-12-21,0
2021-04-15,14,7255,2021-12-21,0
2021-04-16,8,7263,2021-12-21,0
2021-04-17,8,7271,2021-12-21,0
2021-04-18,8,7279,2021-12-21,0
2021-04-19,10,7289,2021-12-21,0
2021-04-20,5,7294,2021-12-21,0
2021-04-21,8,7302,2021-12-21,0
2021-04-22,2,7304,2021-12-21,0
2021-04-23,15,7319,2021-12-21,0
2021-04-24,11,7330,2021-12-21,0
2021-04-25,15,7345,2021-12-21,0
2021-04-26,15,7360,2021-12-21,0
2021-04-27,7,7367,2021-12-21,0
2021-04-28,14,7381,2021-12-21,0
2021-04-29,8,7389,2021-12-21,0
2021-04-30,11,7400,2021-12-21,0
2021-05-01,7,7407,2021-12-21,0
2021-05-02,8,7415,2021-12-21,0
2021-05-03,5,7420,2021-12-21,0
2021-05-04,13,7433,2021-12-21,0
2021-05-05,8,7441,2021-12-21,0
2021-05-06,5,7446,2021-12-21,0
2021-05-07,8,7454,2021-12-21,0
2021-05-08,7,7461,2021-12-21,0
2021-05-09,9,7470,2021-12-21,0
2021-05-10,8,7478,2021-12-21,0
2021-05-11,6,7484,2021-12-21,0
2021-05-12,9,7493,2021-12-21,0
2021-05-13,9,7502,2021-12-21,0
2021-05-14,11,7513,2021-12-21,0
2021-05-15,10,7523,2021-12-21,0
2021-05-16,6,7529,2021-12-21,0
2021-05-17,6,7535,2021-12-21,0
2021-05-18,7,7542,2021-12-21,0
2021-05-19,2,7544,2021-12-21,0
2021-05-20,5,7549,2021-12-21,0
2021-05-21,7,7556,2021-12-21,0
2021-05-22,11,7567,2021-12-21,0
2021-05-23,5,7572,2021-12-21,0
2021-05-24,5,7577,2021-12-21,0
2021-05-25,6,7583,2021-12-21,0
2021-05-26,3,7586,2021-12-21,0
2021-05-27,7,7593,2021-12-21,0
2021-05-28,2,7595,2021-12-21,0
2021-05-29,6,7601,2021-12-21,0
2021-05-30,4,7605,2021-12-21,0
2021-05-31,3,7608,2021-12-21,0
2021-06-01,5,7613,2021-12-21,0
2021-06-02,8,7621,2021-12-21,0
2021-06-03,4,7625,2021-12-21,0
2021-06-04,4,7629,2021-12-21,0
2021-06-05,2,7631,2021-12-21,0
2021-06-06,5,7636,2021-12-21,0
2021-06-07,3,7639,2021-12-21,0
2021-06-08,5,7644,2021-12-21,0
2021-06-09,4,7648,2021-12-21,0
2021-06-10,6,7654,2021-12-21,0
2021-06-11,6,7660,2021-12-21,0
2021-06-12,4,7664,2021-12-21,0
2021-06-13,4,7668,2021-12-21,0
2021-06-14,3,7671,2021-12-21,0
2021-06-15,2,7673,2021-12-21,0
2021-06-16,2,7675,2021-12-21,0
2021-06-17,4,7679,2021-12-21,0
2021-06-18,1,7680,2021-12-21,0
2021-06-19,6,7686,2021-12-21,0
2021-06-20,1,7687,2021-12-21,0
2021-06-21,5,7692,2021-12-21,0
2021-06-22,3,7695,2021-12-21,0
2021-06-23,4,7699,2021-12-21,0
2021-06-24,3,7702,2021-12-21,0
2021-06-25,3,7705,2021-12-21,0
2021-06-26,4,7709,2021-12-21,0
2021-06-27,2,7711,2021-12-21,0
2021-06-28,2,7713,2021-12-21,0
2021-06-29,2,7715,2021-12-21,0
2021-06-30,2,7717,2021-12-21,0
2021-07-01,0,7717,2021-12-21,0
2021-07-02,2,7719,2021-12-21,0
2021-07-03,2,7721,2021-12-21,0
2021-07-04,3,7724,2021-12-21,0
2021-07-05,1,7725,2021-12-21,0
2021-07-06,4,7729,2021-12-21,0
2021-07-07,1,7730,2021-12-21,0
2021-07-08,1,7731,2021-12-21,0
2021-07-09,0,7731,2021-12-21,0
2021-07-10,1,7732,2021-12-21,0
2021-07-11,3,7735,2021-12-21,0
2021-07-12,1,7736,2021-12-21,0
2021-07-13,2,7738,2021-12-21,0
2021-07-14,2,7740,2021-12-21,0
2021-07-15,2,7742,2021-12-21,0
2021-07-16,1,7743,2021-12-21,0
2021-07-17,1,7744,2021-12-21,0
2021-07-18,0,7744,2021-12-21,0
2021-07-19,0,7744,2021-12-21,0
2021-07-20,2,7746,2021-12-21,0
2021-07-21,2,7748,2021-12-21,0
2021-07-22,2,7750,2021-12-21,0
2021-07-23,3,7753,2021-12-21,0
2021-07-24,0,7753,2021-12-21,0
2021-07-25,2,7755,2021-12-21,0
2021-07-26,1,7756,2021-12-21,0
2021-07-27,2,7758,2021-12-21,0
2021-07-28,3,7761,2021-12-21,0
2021-07-29,2,7763,2021-12-21,0
2021-07-30,5,7768,2021-12-21,0
2021-07-31,4,7772,2021-12-21,0
2021-08-01,1,7773,2021-12-21,0
2021-08-02,3,7776,2021-12-21,0
2021-08-03,2,7778,2021-12-21,0
2021-08-04,3,7781,2021-12-21,0
2021-08-05,2,7783,2021-12-21,0
2021-08-06,7,7790,2021-12-21,0
2021-08-07,3,7793,2021-12-21,0
2021-08-08,2,7795,2021-12-21,0
2021-08-09,3,7798,2021-12-21,0
2021-08-10,2,7800,2021-12-21,0
2021-08-11,2,7802,2021-12-21,0
2021-08-12,7,7809,2021-12-21,0
2021-08-13,5,7814,2021-12-21,0
2021-08-14,6,7820,2021-12-21,0
2021-08-15,0,7820,2021-12-21,0
2021-08-16,7,7827,2021-12-21,0
2021-08-17,7,7834,2021-12-21,0
2021-08-18,9,7843,2021-12-21,0
2021-08-19,2,7845,2021-12-21,0
2021-08-20,3,7848,2021-12-21,0
2021-08-21,5,7853,2021-12-21,0
2021-08-22,7,7860,2021-12-21,0
2021-08-23,5,7865,2021-12-21,0
2021-08-24,12,7877,2021-12-21,0
2021-08-25,7,7884,2021-12-21,0
2021-08-26,2,7886,2021-12-21,0
2021-08-27,6,7892,2021-12-21,0
2021-08-28,11,7903,2021-12-21,0
2021-08-29,11,7914,2021-12-21,0
2021-08-30,8,7922,2021-12-21,0
2021-08-31,6,7928,2021-12-21,0
2021-09-01,6,7934,2021-12-21,0
2021-09-02,6,7940,2021-12-21,0
2021-09-03,9,7949,2021-12-21,0
2021-09-04,9,7958,2021-12-21,0
2021-09-05,10,7968,2021-12-21,0
2021-09-06,8,7976,2021-12-21,0
2021-09-07,7,7983,2021-12-21,0
2021-09-08,11,7994,2021-12-21,0
2021-09-09,5,7999,2021-12-21,0
2021-09-10,9,8008,2021-12-21,0
2021-09-11,17,8025,2021-12-21,0
2021-09-12,10,8035,2021-12-21,0
2021-09-13,7,8042,2021-12-21,0
2021-09-14,11,8053,2021-12-21,0
2021-09-15,14,8067,2021-12-21,0
2021-09-16,16,8083,2021-12-21,0
2021-09-17,8,8091,2021-12-21,0
2021-09-18,13,8104,2021-12-21,0
2021-09-19,11,8115,2021-12-21,0
2021-09-20,16,8131,2021-12-21,0
2021-09-21,15,8146,2021-12-21,0
2021-09-22,17,8163,2021-12-21,0
2021-09-23,13,8176,2021-12-21,0
2021-09-24,13,8189,2021-12-21,0
2021-09-25,16,8205,2021-12-21,0
2021-09-26,15,8220,2021-12-21,0
2021-09-27,15,8235,2021-12-21,0
2021-09-28,11,8246,2021-12-21,0
2021-09-29,19,8265,2021-12-21,0
2021-09-30,17,8282,2021-12-21,0
2021-10-01,13,8295,2021-12-21,0
2021-10-02,14,8309,2021-12-21,0
2021-10-03,23,8332,2021-12-21,0
2021-10-04,15,8347,2021-12-21,0
2021-10-05,23,8370,2021-12-21,0
2021-10-06,20,8390,2021-12-21,0
2021-10-07,13,8403,2021-12-21,0
2021-10-08,22,8425,2021-12-21,0
2021-10-09,20,8445,2021-12-21,0
2021-10-10,13,8458,2021-12-21,0
2021-10-11,11,8469,2021-12-21,0
2021-10-12,25,8494,2021-12-21,0
2021-10-13,20,8514,2021-12-21,0
2021-10-14,21,8535,2021-12-21,0
2021-10-15,14,8549,2021-12-21,0
2021-10-16,20,8569,2021-12-21,0
2021-10-17,17,8586,2021-12-21,0
2021-10-18,16,8602,2021-12-21,0
2021-10-19,25,8627,2021-12-21,0
2021-10-20,15,8642,2021-12-21,0
2021-10-21,8,8650,2021-12-21,0
2021-10-22,23,8673,2021-12-21,0
2021-10-23,24,8697,2021-12-21,0
2021-10-24,24,8721,2021-12-21,0
2021-10-25,20,8741,2021-12-21,0
2021-10-26,22,8763,2021-12-21,0
2021-10-27,16,8779,2021-12-21,0
2021-10-28,24,8803,2021-12-21,0
2021-10-29,19,8822,2021-12-21,0
2021-10-30,19,8841,2021-12-21,0
2021-10-31,26,8867,2021-12-21,0
2021-11-01,18,8885,2021-12-21,0
2021-11-02,18,8903,2021-12-21,0
2021-11-03,27,8930,2021-12-21,0
2021-11-04,27,8957,2021-12-21,0
2021-11-05,29,8986,2021-12-21,0
2021-11-06,16,9002,2021-12-21,0
2021-11-07,24,9026,2021-12-21,0
2021-11-08,27,9053,2021-12-21,0
2021-11-09,16,9069,2021-12-21,0
2021-11-10,18,9087,2021-12-21,0
2021-11-11,27,9114,2021-12-21,0
2021-11-12,27,9141,2021-12-21,0
2021-11-13,31,9172,2021-12-21,0
2021-11-14,24,9196,2021-12-21,0
2021-11-15,27,9223,2021-12-21,0
2021-11-16,25,9248,2021-12-21,0
2021-11-17,37,9285,2021-12-21,0
2021-11-18,36,9321,2021-12-21,0
2021-11-19,33,9354,2021-12-21,1
2021-11-20,29,9383,2021-12-21,1
2021-11-21,33,9416,2021-12-21,0
2021-11-22,28,9444,2021-12-21,0
2021-11-23,31,9475,2021-12-21,0
2021-11-24,22,9497,2021-12-21,0
2021-11-25,34,9531,2021-12-21,0
2021-11-26,50,9581,2021-12-21,0
2021-11-27,36,9617,2021-12-21,0
2021-11-28,38,9655,2021-12-21,0
2021-11-29,28,9683,2021-12-21,0
2021-11-30,29,9712,2021-12-21,0
2021-12-01,45,9757,2021-12-21,0
2021-12-02,38,9795,2021-12-21,0
2021-12-03,30,9825,2021-12-21,0
2021-12-04,37,9862,2021-12-21,1
2021-12-05,35,9897,2021-12-21,0
2021-12-06,30,9927,2021-12-21,1
2021-12-07,29,9956,2021-12-21,0
2021-12-08,35,9991,2021-12-21,1
2021-12-09,42,10033,2021-12-21,1
2021-12-10,30,10063,2021-12-21,0
2021-12-11,18,10081,2021-12-21,1
2021-12-12,31,10112,2021-12-21,2
2021-12-13,23,10135,2021-12-21,5
2021-12-14,19,10154,2021-12-21,3
2021-12-15,22,10176,2021-12-21,5
2021-12-16,17,10193,2021-12-21,15
2021-12-17,4,10197,2021-12-21,4
NA,0,10197,2021-12-21,0
2020-03-19,1,1,2021-12-22,0
2020-03-20,0,1,2021-12-22,0
2020-03-21,0,1,2021-12-22,0
2020-03-22,0,1,2021-12-22,0
2020-03-23,0,1,2021-12-22,0
2020-03-24,1,2,2021-12-22,0
2020-03-25,1,3,2021-12-22,0
2020-03-26,1,4,2021-12-22,0
2020-03-27,5,9,2021-12-22,0
2020-03-28,3,12,2021-12-22,0
2020-03-29,0,12,2021-12-22,0
2020-03-30,5,17,2021-12-22,0
2020-03-31,2,19,2021-12-22,0
2020-04-01,5,24,2021-12-22,0
2020-04-02,3,27,2021-12-22,0
2020-04-03,1,28,2021-12-22,0
2020-04-04,5,33,2021-12-22,0
2020-04-05,5,38,2021-12-22,0
2020-04-06,10,48,2021-12-22,0
2020-04-07,6,54,2021-12-22,0
2020-04-08,7,61,2021-12-22,0
2020-04-09,8,69,2021-12-22,0
2020-04-10,6,75,2021-12-22,0
2020-04-11,4,79,2021-12-22,0
2020-04-12,4,83,2021-12-22,0
2020-04-13,10,93,2021-12-22,0
2020-04-14,6,99,2021-12-22,0
2020-04-15,17,116,2021-12-22,0
2020-04-16,10,126,2021-12-22,0
2020-04-17,17,143,2021-12-22,0
2020-04-18,17,160,2021-12-22,0
2020-04-19,16,176,2021-12-22,0
2020-04-20,21,197,2021-12-22,0
2020-04-21,26,223,2021-12-22,0
2020-04-22,21,244,2021-12-22,0
2020-04-23,19,263,2021-12-22,0
2020-04-24,23,286,2021-12-22,0
2020-04-25,18,304,2021-12-22,0
2020-04-26,17,321,2021-12-22,0
2020-04-27,21,342,2021-12-22,0
2020-04-28,16,358,2021-12-22,0
2020-04-29,29,387,2021-12-22,0
2020-04-30,18,405,2021-12-22,0
2020-05-01,30,435,2021-12-22,0
2020-05-02,19,454,2021-12-22,0
2020-05-03,29,483,2021-12-22,0
2020-05-04,23,506,2021-12-22,0
2020-05-05,19,525,2021-12-22,0
2020-05-06,25,550,2021-12-22,0
2020-05-07,30,580,2021-12-22,0
2020-05-08,20,600,2021-12-22,0
2020-05-09,26,626,2021-12-22,0
2020-05-10,19,645,2021-12-22,0
2020-05-11,25,670,2021-12-22,0
2020-05-12,20,690,2021-12-22,0
2020-05-13,22,712,2021-12-22,0
2020-05-14,20,732,2021-12-22,0
2020-05-15,20,752,2021-12-22,0
2020-05-16,20,772,2021-12-22,0
2020-05-17,23,795,2021-12-22,0
2020-05-18,18,813,2021-12-22,0
2020-05-19,35,848,2021-12-22,0
2020-05-20,24,872,2021-12-22,0
2020-05-21,17,889,2021-12-22,0
2020-05-22,20,909,2021-12-22,0
2020-05-23,26,935,2021-12-22,0
2020-05-24,25,960,2021-12-22,0
2020-05-25,30,990,2021-12-22,0
2020-05-26,29,1019,2021-12-22,0
2020-05-27,25,1044,2021-12-22,0
2020-05-28,21,1065,2021-12-22,0
2020-05-29,17,1082,2021-12-22,0
2020-05-30,11,1093,2021-12-22,0
2020-05-31,20,1113,2021-12-22,0
2020-06-01,23,1136,2021-12-22,0
2020-06-02,21,1157,2021-12-22,0
2020-06-03,25,1182,2021-12-22,0
2020-06-04,26,1208,2021-12-22,0
2020-06-05,18,1226,2021-12-22,0
2020-06-06,12,1238,2021-12-22,0
2020-06-07,22,1260,2021-12-22,0
2020-06-08,12,1272,2021-12-22,0
2020-06-09,13,1285,2021-12-22,0
2020-06-10,10,1295,2021-12-22,0
2020-06-11,12,1307,2021-12-22,0
2020-06-12,11,1318,2021-12-22,0
2020-06-13,13,1331,2021-12-22,0
2020-06-14,11,1342,2021-12-22,0
2020-06-15,8,1350,2021-12-22,0
2020-06-16,9,1359,2021-12-22,0
2020-06-17,17,1376,2021-12-22,0
2020-06-18,9,1385,2021-12-22,0
2020-06-19,8,1393,2021-12-22,0
2020-06-20,12,1405,2021-12-22,0
2020-06-21,11,1416,2021-12-22,0
2020-06-22,6,1422,2021-12-22,0
2020-06-23,10,1432,2021-12-22,0
2020-06-24,1,1433,2021-12-22,0
2020-06-25,9,1442,2021-12-22,0
2020-06-26,6,1448,2021-12-22,0
2020-06-27,5,1453,2021-12-22,0
2020-06-28,11,1464,2021-12-22,0
2020-06-29,7,1471,2021-12-22,0
2020-06-30,9,1480,2021-12-22,0
2020-07-01,2,1482,2021-12-22,0
2020-07-02,3,1485,2021-12-22,0
2020-07-03,5,1490,2021-12-22,0
2020-07-04,4,1494,2021-12-22,0
2020-07-05,6,1500,2021-12-22,0
2020-07-06,4,1504,2021-12-22,0
2020-07-07,2,1506,2021-12-22,0
2020-07-08,9,1515,2021-12-22,0
2020-07-09,4,1519,2021-12-22,0
2020-07-10,3,1522,2021-12-22,0
2020-07-11,4,1526,2021-12-22,0
2020-07-12,6,1532,2021-12-22,0
2020-07-13,2,1534,2021-12-22,0
2020-07-14,6,1540,2021-12-22,0
2020-07-15,7,1547,2021-12-22,0
2020-07-16,3,1550,2021-12-22,0
2020-07-17,7,1557,2021-12-22,0
2020-07-18,6,1563,2021-12-22,0
2020-07-19,5,1568,2021-12-22,0
2020-07-20,3,1571,2021-12-22,0
2020-07-21,6,1577,2021-12-22,0
2020-07-22,5,1582,2021-12-22,0
2020-07-23,8,1590,2021-12-22,0
2020-07-24,6,1596,2021-12-22,0
2020-07-25,2,1598,2021-12-22,0
2020-07-26,5,1603,2021-12-22,0
2020-07-27,5,1608,2021-12-22,0
2020-07-28,7,1615,2021-12-22,0
2020-07-29,3,1618,2021-12-22,0
2020-07-30,6,1624,2021-12-22,0
2020-07-31,9,1633,2021-12-22,0
2020-08-01,4,1637,2021-12-22,0
2020-08-02,7,1644,2021-12-22,0
2020-08-03,4,1648,2021-12-22,0
2020-08-04,7,1655,2021-12-22,0
2020-08-05,8,1663,2021-12-22,0
2020-08-06,9,1672,2021-12-22,0
2020-08-07,7,1679,2021-12-22,0
2020-08-08,6,1685,2021-12-22,0
2020-08-09,10,1695,2021-12-22,0
2020-08-10,3,1698,2021-12-22,0
2020-08-11,9,1707,2021-12-22,0
2020-08-12,7,1714,2021-12-22,0
2020-08-13,5,1719,2021-12-22,0
2020-08-14,9,1728,2021-12-22,0
2020-08-15,13,1741,2021-12-22,0
2020-08-16,13,1754,2021-12-22,0
2020-08-17,6,1760,2021-12-22,0
2020-08-18,11,1771,2021-12-22,0
2020-08-19,3,1774,2021-12-22,0
2020-08-20,10,1784,2021-12-22,0
2020-08-21,12,1796,2021-12-22,0
2020-08-22,9,1805,2021-12-22,0
2020-08-23,7,1812,2021-12-22,0
2020-08-24,9,1821,2021-12-22,0
2020-08-25,4,1825,2021-12-22,0
2020-08-26,3,1828,2021-12-22,0
2020-08-27,7,1835,2021-12-22,0
2020-08-28,6,1841,2021-12-22,0
2020-08-29,3,1844,2021-12-22,0
2020-08-30,5,1849,2021-12-22,0
2020-08-31,9,1858,2021-12-22,0
2020-09-01,2,1860,2021-12-22,0
2020-09-02,7,1867,2021-12-22,0
2020-09-03,12,1879,2021-12-22,0
2020-09-04,4,1883,2021-12-22,0
2020-09-05,6,1889,2021-12-22,0
2020-09-06,12,1901,2021-12-22,0
2020-09-07,3,1904,2021-12-22,0
2020-09-08,6,1910,2021-12-22,0
2020-09-09,10,1920,2021-12-22,0
2020-09-10,9,1929,2021-12-22,0
2020-09-11,11,1940,2021-12-22,0
2020-09-12,8,1948,2021-12-22,0
2020-09-13,8,1956,2021-12-22,0
2020-09-14,2,1958,2021-12-22,0
2020-09-15,7,1965,2021-12-22,0
2020-09-16,9,1974,2021-12-22,0
2020-09-17,5,1979,2021-12-22,0
2020-09-18,6,1985,2021-12-22,0
2020-09-19,4,1989,2021-12-22,0
2020-09-20,9,1998,2021-12-22,0
2020-09-21,7,2005,2021-12-22,0
2020-09-22,8,2013,2021-12-22,0
2020-09-23,9,2022,2021-12-22,0
2020-09-24,8,2030,2021-12-22,0
2020-09-25,11,2041,2021-12-22,0
2020-09-26,9,2050,2021-12-22,0
2020-09-27,14,2064,2021-12-22,0
2020-09-28,11,2075,2021-12-22,0
2020-09-29,5,2080,2021-12-22,0
2020-09-30,16,2096,2021-12-22,0
2020-10-01,7,2103,2021-12-22,0
2020-10-02,13,2116,2021-12-22,0
2020-10-03,9,2125,2021-12-22,0
2020-10-04,7,2132,2021-12-22,0
2020-10-05,10,2142,2021-12-22,0
2020-10-06,13,2155,2021-12-22,0
2020-10-07,19,2174,2021-12-22,0
2020-10-08,9,2183,2021-12-22,0
2020-10-09,17,2200,2021-12-22,0
2020-10-10,16,2216,2021-12-22,0
2020-10-11,16,2232,2021-12-22,0
2020-10-12,20,2252,2021-12-22,0
2020-10-13,14,2266,2021-12-22,0
2020-10-14,10,2276,2021-12-22,0
2020-10-15,9,2285,2021-12-22,0
2020-10-16,12,2297,2021-12-22,0
2020-10-17,18,2315,2021-12-22,0
2020-10-18,25,2340,2021-12-22,0
2020-10-19,18,2358,2021-12-22,0
2020-10-20,15,2373,2021-12-22,0
2020-10-21,24,2397,2021-12-22,0
2020-10-22,18,2415,2021-12-22,0
2020-10-23,19,2434,2021-12-22,0
2020-10-24,8,2442,2021-12-22,0
2020-10-25,17,2459,2021-12-22,0
2020-10-26,25,2484,2021-12-22,0
2020-10-27,23,2507,2021-12-22,0
2020-10-28,29,2536,2021-12-22,0
2020-10-29,18,2554,2021-12-22,0
2020-10-30,27,2581,2021-12-22,0
2020-10-31,25,2606,2021-12-22,0
2020-11-01,21,2627,2021-12-22,0
2020-11-02,25,2652,2021-12-22,0
2020-11-03,25,2677,2021-12-22,0
2020-11-04,33,2710,2021-12-22,0
2020-11-05,38,2748,2021-12-22,0
2020-11-06,39,2787,2021-12-22,0
2020-11-07,42,2829,2021-12-22,0
2020-11-08,47,2876,2021-12-22,0
2020-11-09,37,2913,2021-12-22,0
2020-11-10,35,2948,2021-12-22,0
2020-11-11,43,2991,2021-12-22,0
2020-11-12,45,3036,2021-12-22,0
2020-11-13,40,3076,2021-12-22,0
2020-11-14,48,3124,2021-12-22,0
2020-11-15,46,3170,2021-12-22,0
2020-11-16,62,3232,2021-12-22,0
2020-11-17,56,3288,2021-12-22,0
2020-11-18,61,3349,2021-12-22,0
2020-11-19,60,3409,2021-12-22,0
2020-11-20,63,3472,2021-12-22,0
2020-11-21,58,3530,2021-12-22,0
2020-11-22,67,3597,2021-12-22,0
2020-11-23,59,3656,2021-12-22,0
2020-11-24,69,3725,2021-12-22,0
2020-11-25,72,3797,2021-12-22,0
2020-11-26,54,3851,2021-12-22,0
2020-11-27,69,3920,2021-12-22,0
2020-11-28,62,3982,2021-12-22,0
2020-11-29,68,4050,2021-12-22,0
2020-11-30,61,4111,2021-12-22,0
2020-12-01,64,4175,2021-12-22,0
2020-12-02,73,4248,2021-12-22,0
2020-12-03,86,4334,2021-12-22,0
2020-12-04,67,4401,2021-12-22,0
2020-12-05,74,4475,2021-12-22,0
2020-12-06,80,4555,2021-12-22,0
2020-12-07,75,4630,2021-12-22,0
2020-12-08,61,4691,2021-12-22,0
2020-12-09,71,4762,2021-12-22,0
2020-12-10,72,4834,2021-12-22,0
2020-12-11,71,4905,2021-12-22,0
2020-12-12,72,4977,2021-12-22,0
2020-12-13,56,5033,2021-12-22,0
2020-12-14,43,5076,2021-12-22,0
2020-12-15,65,5141,2021-12-22,0
2020-12-16,73,5214,2021-12-22,0
2020-12-17,60,5274,2021-12-22,0
2020-12-18,59,5333,2021-12-22,0
2020-12-19,56,5389,2021-12-22,0
2020-12-20,61,5450,2021-12-22,0
2020-12-21,58,5508,2021-12-22,0
2020-12-22,33,5541,2021-12-22,0
2020-12-23,46,5587,2021-12-22,0
2020-12-24,50,5637,2021-12-22,0
2020-12-25,36,5673,2021-12-22,0
2020-12-26,43,5716,2021-12-22,0
2020-12-27,41,5757,2021-12-22,0
2020-12-28,34,5791,2021-12-22,0
2020-12-29,37,5828,2021-12-22,0
2020-12-30,47,5875,2021-12-22,0
2020-12-31,36,5911,2021-12-22,0
2021-01-01,28,5939,2021-12-22,0
2021-01-02,47,5986,2021-12-22,0
2021-01-03,37,6023,2021-12-22,0
2021-01-04,32,6055,2021-12-22,0
2021-01-05,40,6095,2021-12-22,0
2021-01-06,32,6127,2021-12-22,0
2021-01-07,37,6164,2021-12-22,0
2021-01-08,32,6196,2021-12-22,0
2021-01-09,26,6222,2021-12-22,0
2021-01-10,29,6251,2021-12-22,0
2021-01-11,26,6277,2021-12-22,0
2021-01-12,32,6309,2021-12-22,0
2021-01-13,23,6332,2021-12-22,0
2021-01-14,41,6373,2021-12-22,0
2021-01-15,26,6399,2021-12-22,0
2021-01-16,30,6429,2021-12-22,0
2021-01-17,21,6450,2021-12-22,0
2021-01-18,19,6469,2021-12-22,0
2021-01-19,14,6483,2021-12-22,0
2021-01-20,26,6509,2021-12-22,0
2021-01-21,16,6525,2021-12-22,0
2021-01-22,13,6538,2021-12-22,0
2021-01-23,17,6555,2021-12-22,0
2021-01-24,24,6579,2021-12-22,0
2021-01-25,19,6598,2021-12-22,0
2021-01-26,21,6619,2021-12-22,0
2021-01-27,11,6630,2021-12-22,0
2021-01-28,12,6642,2021-12-22,0
2021-01-29,15,6657,2021-12-22,0
2021-01-30,13,6670,2021-12-22,0
2021-01-31,16,6686,2021-12-22,0
2021-02-01,17,6703,2021-12-22,0
2021-02-02,10,6713,2021-12-22,0
2021-02-03,11,6724,2021-12-22,0
2021-02-04,11,6735,2021-12-22,0
2021-02-05,12,6747,2021-12-22,0
2021-02-06,12,6759,2021-12-22,0
2021-02-07,19,6778,2021-12-22,0
2021-02-08,11,6789,2021-12-22,0
2021-02-09,15,6804,2021-12-22,0
2021-02-10,14,6818,2021-12-22,0
2021-02-11,7,6825,2021-12-22,0
2021-02-12,13,6838,2021-12-22,0
2021-02-13,8,6846,2021-12-22,0
2021-02-14,10,6856,2021-12-22,0
2021-02-15,9,6865,2021-12-22,0
2021-02-16,12,6877,2021-12-22,0
2021-02-17,10,6887,2021-12-22,0
2021-02-18,7,6894,2021-12-22,0
2021-02-19,6,6900,2021-12-22,0
2021-02-20,7,6907,2021-12-22,0
2021-02-21,4,6911,2021-12-22,0
2021-02-22,5,6916,2021-12-22,0
2021-02-23,9,6925,2021-12-22,0
2021-02-24,5,6930,2021-12-22,0
2021-02-25,5,6935,2021-12-22,0
2021-02-26,7,6942,2021-12-22,0
2021-02-27,6,6948,2021-12-22,0
2021-02-28,8,6956,2021-12-22,0
2021-03-01,7,6963,2021-12-22,0
2021-03-02,3,6966,2021-12-22,0
2021-03-03,10,6976,2021-12-22,0
2021-03-04,6,6982,2021-12-22,0
2021-03-05,10,6992,2021-12-22,0
2021-03-06,5,6997,2021-12-22,0
2021-03-07,9,7006,2021-12-22,0
2021-03-08,5,7011,2021-12-22,0
2021-03-09,7,7018,2021-12-22,0
2021-03-10,5,7023,2021-12-22,0
2021-03-11,4,7027,2021-12-22,0
2021-03-12,11,7038,2021-12-22,0
2021-03-13,5,7043,2021-12-22,0
2021-03-14,5,7048,2021-12-22,0
2021-03-15,2,7050,2021-12-22,0
2021-03-16,6,7056,2021-12-22,0
2021-03-17,4,7060,2021-12-22,0
2021-03-18,5,7065,2021-12-22,0
2021-03-19,5,7070,2021-12-22,0
2021-03-20,9,7079,2021-12-22,0
2021-03-21,5,7084,2021-12-22,0
2021-03-22,4,7088,2021-12-22,0
2021-03-23,5,7093,2021-12-22,0
2021-03-24,1,7094,2021-12-22,0
2021-03-25,5,7099,2021-12-22,0
2021-03-26,3,7102,2021-12-22,0
2021-03-27,7,7109,2021-12-22,0
2021-03-28,6,7115,2021-12-22,0
2021-03-29,5,7120,2021-12-22,0
2021-03-30,6,7126,2021-12-22,0
2021-03-31,8,7134,2021-12-22,0
2021-04-01,6,7140,2021-12-22,0
2021-04-02,9,7149,2021-12-22,0
2021-04-03,8,7157,2021-12-22,0
2021-04-04,6,7163,2021-12-22,0
2021-04-05,8,7171,2021-12-22,0
2021-04-06,7,7178,2021-12-22,0
2021-04-07,6,7184,2021-12-22,0
2021-04-08,10,7194,2021-12-22,0
2021-04-09,7,7201,2021-12-22,0
2021-04-10,7,7208,2021-12-22,0
2021-04-11,8,7216,2021-12-22,0
2021-04-12,10,7226,2021-12-22,0
2021-04-13,7,7233,2021-12-22,0
2021-04-14,8,7241,2021-12-22,0
2021-04-15,14,7255,2021-12-22,0
2021-04-16,8,7263,2021-12-22,0
2021-04-17,8,7271,2021-12-22,0
2021-04-18,8,7279,2021-12-22,0
2021-04-19,10,7289,2021-12-22,0
2021-04-20,5,7294,2021-12-22,0
2021-04-21,8,7302,2021-12-22,0
2021-04-22,2,7304,2021-12-22,0
2021-04-23,15,7319,2021-12-22,0
2021-04-24,11,7330,2021-12-22,0
2021-04-25,15,7345,2021-12-22,0
2021-04-26,15,7360,2021-12-22,0
2021-04-27,7,7367,2021-12-22,0
2021-04-28,14,7381,2021-12-22,0
2021-04-29,8,7389,2021-12-22,0
2021-04-30,11,7400,2021-12-22,0
2021-05-01,7,7407,2021-12-22,0
2021-05-02,8,7415,2021-12-22,0
2021-05-03,5,7420,2021-12-22,0
2021-05-04,13,7433,2021-12-22,0
2021-05-05,8,7441,2021-12-22,0
2021-05-06,5,7446,2021-12-22,0
2021-05-07,8,7454,2021-12-22,0
2021-05-08,7,7461,2021-12-22,0
2021-05-09,9,7470,2021-12-22,0
2021-05-10,8,7478,2021-12-22,0
2021-05-11,6,7484,2021-12-22,0
2021-05-12,9,7493,2021-12-22,0
2021-05-13,9,7502,2021-12-22,0
2021-05-14,11,7513,2021-12-22,0
2021-05-15,10,7523,2021-12-22,0
2021-05-16,6,7529,2021-12-22,0
2021-05-17,6,7535,2021-12-22,0
2021-05-18,7,7542,2021-12-22,0
2021-05-19,2,7544,2021-12-22,0
2021-05-20,5,7549,2021-12-22,0
2021-05-21,7,7556,2021-12-22,0
2021-05-22,11,7567,2021-12-22,0
2021-05-23,5,7572,2021-12-22,0
2021-05-24,5,7577,2021-12-22,0
2021-05-25,6,7583,2021-12-22,0
2021-05-26,3,7586,2021-12-22,0
2021-05-27,7,7593,2021-12-22,0
2021-05-28,2,7595,2021-12-22,0
2021-05-29,6,7601,2021-12-22,0
2021-05-30,4,7605,2021-12-22,0
2021-05-31,3,7608,2021-12-22,0
2021-06-01,5,7613,2021-12-22,0
2021-06-02,8,7621,2021-12-22,0
2021-06-03,4,7625,2021-12-22,0
2021-06-04,4,7629,2021-12-22,0
2021-06-05,2,7631,2021-12-22,0
2021-06-06,5,7636,2021-12-22,0
2021-06-07,3,7639,2021-12-22,0
2021-06-08,5,7644,2021-12-22,0
2021-06-09,4,7648,2021-12-22,0
2021-06-10,6,7654,2021-12-22,0
2021-06-11,6,7660,2021-12-22,0
2021-06-12,4,7664,2021-12-22,0
2021-06-13,4,7668,2021-12-22,0
2021-06-14,3,7671,2021-12-22,0
2021-06-15,2,7673,2021-12-22,0
2021-06-16,2,7675,2021-12-22,0
2021-06-17,4,7679,2021-12-22,0
2021-06-18,1,7680,2021-12-22,0
2021-06-19,6,7686,2021-12-22,0
2021-06-20,1,7687,2021-12-22,0
2021-06-21,5,7692,2021-12-22,0
2021-06-22,3,7695,2021-12-22,0
2021-06-23,4,7699,2021-12-22,0
2021-06-24,3,7702,2021-12-22,0
2021-06-25,3,7705,2021-12-22,0
2021-06-26,4,7709,2021-12-22,0
2021-06-27,2,7711,2021-12-22,0
2021-06-28,2,7713,2021-12-22,0
2021-06-29,2,7715,2021-12-22,0
2021-06-30,2,7717,2021-12-22,0
2021-07-01,0,7717,2021-12-22,0
2021-07-02,2,7719,2021-12-22,0
2021-07-03,2,7721,2021-12-22,0
2021-07-04,3,7724,2021-12-22,0
2021-07-05,1,7725,2021-12-22,0
2021-07-06,4,7729,2021-12-22,0
2021-07-07,1,7730,2021-12-22,0
2021-07-08,1,7731,2021-12-22,0
2021-07-09,0,7731,2021-12-22,0
2021-07-10,1,7732,2021-12-22,0
2021-07-11,3,7735,2021-12-22,0
2021-07-12,1,7736,2021-12-22,0
2021-07-13,2,7738,2021-12-22,0
2021-07-14,2,7740,2021-12-22,0
2021-07-15,2,7742,2021-12-22,0
2021-07-16,1,7743,2021-12-22,0
2021-07-17,1,7744,2021-12-22,0
2021-07-18,0,7744,2021-12-22,0
2021-07-19,0,7744,2021-12-22,0
2021-07-20,2,7746,2021-12-22,0
2021-07-21,2,7748,2021-12-22,0
2021-07-22,2,7750,2021-12-22,0
2021-07-23,3,7753,2021-12-22,0
2021-07-24,0,7753,2021-12-22,0
2021-07-25,2,7755,2021-12-22,0
2021-07-26,1,7756,2021-12-22,0
2021-07-27,2,7758,2021-12-22,0
2021-07-28,3,7761,2021-12-22,0
2021-07-29,2,7763,2021-12-22,0
2021-07-30,5,7768,2021-12-22,0
2021-07-31,4,7772,2021-12-22,0
2021-08-01,1,7773,2021-12-22,0
2021-08-02,3,7776,2021-12-22,0
2021-08-03,2,7778,2021-12-22,0
2021-08-04,3,7781,2021-12-22,0
2021-08-05,2,7783,2021-12-22,0
2021-08-06,7,7790,2021-12-22,0
2021-08-07,3,7793,2021-12-22,0
2021-08-08,2,7795,2021-12-22,0
2021-08-09,3,7798,2021-12-22,0
2021-08-10,2,7800,2021-12-22,0
2021-08-11,2,7802,2021-12-22,0
2021-08-12,7,7809,2021-12-22,0
2021-08-13,5,7814,2021-12-22,0
2021-08-14,6,7820,2021-12-22,0
2021-08-15,0,7820,2021-12-22,0
2021-08-16,7,7827,2021-12-22,0
2021-08-17,7,7834,2021-12-22,0
2021-08-18,9,7843,2021-12-22,0
2021-08-19,2,7845,2021-12-22,0
2021-08-20,3,7848,2021-12-22,0
2021-08-21,5,7853,2021-12-22,0
2021-08-22,7,7860,2021-12-22,0
2021-08-23,5,7865,2021-12-22,0
2021-08-24,12,7877,2021-12-22,0
2021-08-25,7,7884,2021-12-22,0
2021-08-26,2,7886,2021-12-22,0
2021-08-27,6,7892,2021-12-22,0
2021-08-28,11,7903,2021-12-22,0
2021-08-29,11,7914,2021-12-22,0
2021-08-30,8,7922,2021-12-22,0
2021-08-31,6,7928,2021-12-22,0
2021-09-01,6,7934,2021-12-22,0
2021-09-02,6,7940,2021-12-22,0
2021-09-03,9,7949,2021-12-22,0
2021-09-04,9,7958,2021-12-22,0
2021-09-05,10,7968,2021-12-22,0
2021-09-06,8,7976,2021-12-22,0
2021-09-07,7,7983,2021-12-22,0
2021-09-08,11,7994,2021-12-22,0
2021-09-09,5,7999,2021-12-22,0
2021-09-10,9,8008,2021-12-22,0
2021-09-11,17,8025,2021-12-22,0
2021-09-12,10,8035,2021-12-22,0
2021-09-13,7,8042,2021-12-22,0
2021-09-14,11,8053,2021-12-22,0
2021-09-15,14,8067,2021-12-22,0
2021-09-16,16,8083,2021-12-22,0
2021-09-17,8,8091,2021-12-22,0
2021-09-18,13,8104,2021-12-22,0
2021-09-19,11,8115,2021-12-22,0
2021-09-20,16,8131,2021-12-22,0
2021-09-21,15,8146,2021-12-22,0
2021-09-22,17,8163,2021-12-22,0
2021-09-23,13,8176,2021-12-22,0
2021-09-24,13,8189,2021-12-22,0
2021-09-25,16,8205,2021-12-22,0
2021-09-26,15,8220,2021-12-22,0
2021-09-27,15,8235,2021-12-22,0
2021-09-28,11,8246,2021-12-22,0
2021-09-29,19,8265,2021-12-22,0
2021-09-30,17,8282,2021-12-22,0
2021-10-01,13,8295,2021-12-22,0
2021-10-02,14,8309,2021-12-22,0
2021-10-03,23,8332,2021-12-22,0
2021-10-04,15,8347,2021-12-22,0
2021-10-05,23,8370,2021-12-22,0
2021-10-06,21,8391,2021-12-22,1
2021-10-07,13,8404,2021-12-22,0
2021-10-08,22,8426,2021-12-22,0
2021-10-09,20,8446,2021-12-22,0
2021-10-10,13,8459,2021-12-22,0
2021-10-11,11,8470,2021-12-22,0
2021-10-12,25,8495,2021-12-22,0
2021-10-13,20,8515,2021-12-22,0
2021-10-14,21,8536,2021-12-22,0
2021-10-15,14,8550,2021-12-22,0
2021-10-16,20,8570,2021-12-22,0
2021-10-17,17,8587,2021-12-22,0
2021-10-18,16,8603,2021-12-22,0
2021-10-19,25,8628,2021-12-22,0
2021-10-20,15,8643,2021-12-22,0
2021-10-21,8,8651,2021-12-22,0
2021-10-22,23,8674,2021-12-22,0
2021-10-23,24,8698,2021-12-22,0
2021-10-24,24,8722,2021-12-22,0
2021-10-25,20,8742,2021-12-22,0
2021-10-26,22,8764,2021-12-22,0
2021-10-27,16,8780,2021-12-22,0
2021-10-28,24,8804,2021-12-22,0
2021-10-29,19,8823,2021-12-22,0
2021-10-30,19,8842,2021-12-22,0
2021-10-31,26,8868,2021-12-22,0
2021-11-01,18,8886,2021-12-22,0
2021-11-02,18,8904,2021-12-22,0
2021-11-03,27,8931,2021-12-22,0
2021-11-04,27,8958,2021-12-22,0
2021-11-05,29,8987,2021-12-22,0
2021-11-06,16,9003,2021-12-22,0
2021-11-07,24,9027,2021-12-22,0
2021-11-08,27,9054,2021-12-22,0
2021-11-09,16,9070,2021-12-22,0
2021-11-10,18,9088,2021-12-22,0
2021-11-11,27,9115,2021-12-22,0
2021-11-12,27,9142,2021-12-22,0
2021-11-13,31,9173,2021-12-22,0
2021-11-14,24,9197,2021-12-22,0
2021-11-15,27,9224,2021-12-22,0
2021-11-16,25,9249,2021-12-22,0
2021-11-17,37,9286,2021-12-22,0
2021-11-18,36,9322,2021-12-22,0
2021-11-19,33,9355,2021-12-22,0
2021-11-20,29,9384,2021-12-22,0
2021-11-21,33,9417,2021-12-22,0
2021-11-22,29,9446,2021-12-22,1
2021-11-23,31,9477,2021-12-22,0
2021-11-24,22,9499,2021-12-22,0
2021-11-25,34,9533,2021-12-22,0
2021-11-26,50,9583,2021-12-22,0
2021-11-27,36,9619,2021-12-22,0
2021-11-28,38,9657,2021-12-22,0
2021-11-29,28,9685,2021-12-22,0
2021-11-30,29,9714,2021-12-22,0
2021-12-01,45,9759,2021-12-22,0
2021-12-02,39,9798,2021-12-22,1
2021-12-03,31,9829,2021-12-22,1
2021-12-04,37,9866,2021-12-22,0
2021-12-05,35,9901,2021-12-22,0
2021-12-06,31,9932,2021-12-22,1
2021-12-07,29,9961,2021-12-22,0
2021-12-08,35,9996,2021-12-22,0
2021-12-09,42,10038,2021-12-22,0
2021-12-10,32,10070,2021-12-22,2
2021-12-11,19,10089,2021-12-22,1
2021-12-12,32,10121,2021-12-22,1
2021-12-13,27,10148,2021-12-22,4
2021-12-14,22,10170,2021-12-22,3
2021-12-15,29,10199,2021-12-22,7
2021-12-16,21,10220,2021-12-22,4
2021-12-17,12,10232,2021-12-22,8
2021-12-18,8,10240,2021-12-22,8
2021-12-19,12,10252,2021-12-22,12
2021-12-20,2,10254,2021-12-22,2
NA,0,10254,2021-12-22,0
2020-03-19,1,1,2021-12-23,0
2020-03-20,0,1,2021-12-23,0
2020-03-21,0,1,2021-12-23,0
2020-03-22,0,1,2021-12-23,0
2020-03-23,0,1,2021-12-23,0
2020-03-24,1,2,2021-12-23,0
2020-03-25,1,3,2021-12-23,0
2020-03-26,1,4,2021-12-23,0
2020-03-27,5,9,2021-12-23,0
2020-03-28,3,12,2021-12-23,0
2020-03-29,0,12,2021-12-23,0
2020-03-30,5,17,2021-12-23,0
2020-03-31,2,19,2021-12-23,0
2020-04-01,5,24,2021-12-23,0
2020-04-02,3,27,2021-12-23,0
2020-04-03,1,28,2021-12-23,0
2020-04-04,5,33,2021-12-23,0
2020-04-05,5,38,2021-12-23,0
2020-04-06,10,48,2021-12-23,0
2020-04-07,6,54,2021-12-23,0
2020-04-08,7,61,2021-12-23,0
2020-04-09,8,69,2021-12-23,0
2020-04-10,6,75,2021-12-23,0
2020-04-11,4,79,2021-12-23,0
2020-04-12,4,83,2021-12-23,0
2020-04-13,10,93,2021-12-23,0
2020-04-14,6,99,2021-12-23,0
2020-04-15,17,116,2021-12-23,0
2020-04-16,10,126,2021-12-23,0
2020-04-17,17,143,2021-12-23,0
2020-04-18,17,160,2021-12-23,0
2020-04-19,16,176,2021-12-23,0
2020-04-20,21,197,2021-12-23,0
2020-04-21,26,223,2021-12-23,0
2020-04-22,21,244,2021-12-23,0
2020-04-23,19,263,2021-12-23,0
2020-04-24,23,286,2021-12-23,0
2020-04-25,18,304,2021-12-23,0
2020-04-26,17,321,2021-12-23,0
2020-04-27,21,342,2021-12-23,0
2020-04-28,16,358,2021-12-23,0
2020-04-29,29,387,2021-12-23,0
2020-04-30,18,405,2021-12-23,0
2020-05-01,30,435,2021-12-23,0
2020-05-02,19,454,2021-12-23,0
2020-05-03,29,483,2021-12-23,0
2020-05-04,23,506,2021-12-23,0
2020-05-05,19,525,2021-12-23,0
2020-05-06,25,550,2021-12-23,0
2020-05-07,30,580,2021-12-23,0
2020-05-08,20,600,2021-12-23,0
2020-05-09,26,626,2021-12-23,0
2020-05-10,19,645,2021-12-23,0
2020-05-11,25,670,2021-12-23,0
2020-05-12,20,690,2021-12-23,0
2020-05-13,22,712,2021-12-23,0
2020-05-14,20,732,2021-12-23,0
2020-05-15,20,752,2021-12-23,0
2020-05-16,20,772,2021-12-23,0
2020-05-17,23,795,2021-12-23,0
2020-05-18,18,813,2021-12-23,0
2020-05-19,35,848,2021-12-23,0
2020-05-20,24,872,2021-12-23,0
2020-05-21,17,889,2021-12-23,0
2020-05-22,20,909,2021-12-23,0
2020-05-23,26,935,2021-12-23,0
2020-05-24,25,960,2021-12-23,0
2020-05-25,30,990,2021-12-23,0
2020-05-26,29,1019,2021-12-23,0
2020-05-27,25,1044,2021-12-23,0
2020-05-28,21,1065,2021-12-23,0
2020-05-29,17,1082,2021-12-23,0
2020-05-30,11,1093,2021-12-23,0
2020-05-31,20,1113,2021-12-23,0
2020-06-01,23,1136,2021-12-23,0
2020-06-02,21,1157,2021-12-23,0
2020-06-03,25,1182,2021-12-23,0
2020-06-04,26,1208,2021-12-23,0
2020-06-05,18,1226,2021-12-23,0
2020-06-06,12,1238,2021-12-23,0
2020-06-07,22,1260,2021-12-23,0
2020-06-08,12,1272,2021-12-23,0
2020-06-09,13,1285,2021-12-23,0
2020-06-10,10,1295,2021-12-23,0
2020-06-11,12,1307,2021-12-23,0
2020-06-12,11,1318,2021-12-23,0
2020-06-13,13,1331,2021-12-23,0
2020-06-14,11,1342,2021-12-23,0
2020-06-15,8,1350,2021-12-23,0
2020-06-16,9,1359,2021-12-23,0
2020-06-17,17,1376,2021-12-23,0
2020-06-18,9,1385,2021-12-23,0
2020-06-19,8,1393,2021-12-23,0
2020-06-20,12,1405,2021-12-23,0
2020-06-21,11,1416,2021-12-23,0
2020-06-22,6,1422,2021-12-23,0
2020-06-23,10,1432,2021-12-23,0
2020-06-24,1,1433,2021-12-23,0
2020-06-25,9,1442,2021-12-23,0
2020-06-26,6,1448,2021-12-23,0
2020-06-27,5,1453,2021-12-23,0
2020-06-28,11,1464,2021-12-23,0
2020-06-29,7,1471,2021-12-23,0
2020-06-30,9,1480,2021-12-23,0
2020-07-01,2,1482,2021-12-23,0
2020-07-02,3,1485,2021-12-23,0
2020-07-03,5,1490,2021-12-23,0
2020-07-04,4,1494,2021-12-23,0
2020-07-05,6,1500,2021-12-23,0
2020-07-06,4,1504,2021-12-23,0
2020-07-07,2,1506,2021-12-23,0
2020-07-08,9,1515,2021-12-23,0
2020-07-09,4,1519,2021-12-23,0
2020-07-10,3,1522,2021-12-23,0
2020-07-11,4,1526,2021-12-23,0
2020-07-12,6,1532,2021-12-23,0
2020-07-13,2,1534,2021-12-23,0
2020-07-14,6,1540,2021-12-23,0
2020-07-15,7,1547,2021-12-23,0
2020-07-16,3,1550,2021-12-23,0
2020-07-17,7,1557,2021-12-23,0
2020-07-18,6,1563,2021-12-23,0
2020-07-19,5,1568,2021-12-23,0
2020-07-20,3,1571,2021-12-23,0
2020-07-21,6,1577,2021-12-23,0
2020-07-22,5,1582,2021-12-23,0
2020-07-23,8,1590,2021-12-23,0
2020-07-24,6,1596,2021-12-23,0
2020-07-25,2,1598,2021-12-23,0
2020-07-26,5,1603,2021-12-23,0
2020-07-27,5,1608,2021-12-23,0
2020-07-28,7,1615,2021-12-23,0
2020-07-29,3,1618,2021-12-23,0
2020-07-30,6,1624,2021-12-23,0
2020-07-31,9,1633,2021-12-23,0
2020-08-01,4,1637,2021-12-23,0
2020-08-02,7,1644,2021-12-23,0
2020-08-03,4,1648,2021-12-23,0
2020-08-04,7,1655,2021-12-23,0
2020-08-05,8,1663,2021-12-23,0
2020-08-06,9,1672,2021-12-23,0
2020-08-07,7,1679,2021-12-23,0
2020-08-08,6,1685,2021-12-23,0
2020-08-09,10,1695,2021-12-23,0
2020-08-10,3,1698,2021-12-23,0
2020-08-11,9,1707,2021-12-23,0
2020-08-12,7,1714,2021-12-23,0
2020-08-13,5,1719,2021-12-23,0
2020-08-14,9,1728,2021-12-23,0
2020-08-15,13,1741,2021-12-23,0
2020-08-16,13,1754,2021-12-23,0
2020-08-17,6,1760,2021-12-23,0
2020-08-18,11,1771,2021-12-23,0
2020-08-19,3,1774,2021-12-23,0
2020-08-20,10,1784,2021-12-23,0
2020-08-21,12,1796,2021-12-23,0
2020-08-22,9,1805,2021-12-23,0
2020-08-23,7,1812,2021-12-23,0
2020-08-24,9,1821,2021-12-23,0
2020-08-25,4,1825,2021-12-23,0
2020-08-26,3,1828,2021-12-23,0
2020-08-27,7,1835,2021-12-23,0
2020-08-28,6,1841,2021-12-23,0
2020-08-29,3,1844,2021-12-23,0
2020-08-30,5,1849,2021-12-23,0
2020-08-31,9,1858,2021-12-23,0
2020-09-01,2,1860,2021-12-23,0
2020-09-02,7,1867,2021-12-23,0
2020-09-03,12,1879,2021-12-23,0
2020-09-04,4,1883,2021-12-23,0
2020-09-05,6,1889,2021-12-23,0
2020-09-06,12,1901,2021-12-23,0
2020-09-07,3,1904,2021-12-23,0
2020-09-08,6,1910,2021-12-23,0
2020-09-09,10,1920,2021-12-23,0
2020-09-10,9,1929,2021-12-23,0
2020-09-11,11,1940,2021-12-23,0
2020-09-12,8,1948,2021-12-23,0
2020-09-13,8,1956,2021-12-23,0
2020-09-14,2,1958,2021-12-23,0
2020-09-15,7,1965,2021-12-23,0
2020-09-16,9,1974,2021-12-23,0
2020-09-17,5,1979,2021-12-23,0
2020-09-18,6,1985,2021-12-23,0
2020-09-19,4,1989,2021-12-23,0
2020-09-20,9,1998,2021-12-23,0
2020-09-21,7,2005,2021-12-23,0
2020-09-22,8,2013,2021-12-23,0
2020-09-23,9,2022,2021-12-23,0
2020-09-24,8,2030,2021-12-23,0
2020-09-25,11,2041,2021-12-23,0
2020-09-26,9,2050,2021-12-23,0
2020-09-27,14,2064,2021-12-23,0
2020-09-28,11,2075,2021-12-23,0
2020-09-29,5,2080,2021-12-23,0
2020-09-30,16,2096,2021-12-23,0
2020-10-01,7,2103,2021-12-23,0
2020-10-02,13,2116,2021-12-23,0
2020-10-03,9,2125,2021-12-23,0
2020-10-04,7,2132,2021-12-23,0
2020-10-05,10,2142,2021-12-23,0
2020-10-06,13,2155,2021-12-23,0
2020-10-07,19,2174,2021-12-23,0
2020-10-08,9,2183,2021-12-23,0
2020-10-09,17,2200,2021-12-23,0
2020-10-10,16,2216,2021-12-23,0
2020-10-11,16,2232,2021-12-23,0
2020-10-12,20,2252,2021-12-23,0
2020-10-13,14,2266,2021-12-23,0
2020-10-14,10,2276,2021-12-23,0
2020-10-15,9,2285,2021-12-23,0
2020-10-16,12,2297,2021-12-23,0
2020-10-17,18,2315,2021-12-23,0
2020-10-18,25,2340,2021-12-23,0
2020-10-19,18,2358,2021-12-23,0
2020-10-20,15,2373,2021-12-23,0
2020-10-21,24,2397,2021-12-23,0
2020-10-22,18,2415,2021-12-23,0
2020-10-23,19,2434,2021-12-23,0
2020-10-24,8,2442,2021-12-23,0
2020-10-25,17,2459,2021-12-23,0
2020-10-26,25,2484,2021-12-23,0
2020-10-27,23,2507,2021-12-23,0
2020-10-28,29,2536,2021-12-23,0
2020-10-29,18,2554,2021-12-23,0
2020-10-30,27,2581,2021-12-23,0
2020-10-31,25,2606,2021-12-23,0
2020-11-01,21,2627,2021-12-23,0
2020-11-02,25,2652,2021-12-23,0
2020-11-03,25,2677,2021-12-23,0
2020-11-04,33,2710,2021-12-23,0
2020-11-05,38,2748,2021-12-23,0
2020-11-06,39,2787,2021-12-23,0
2020-11-07,42,2829,2021-12-23,0
2020-11-08,47,2876,2021-12-23,0
2020-11-09,37,2913,2021-12-23,0
2020-11-10,35,2948,2021-12-23,0
2020-11-11,43,2991,2021-12-23,0
2020-11-12,45,3036,2021-12-23,0
2020-11-13,40,3076,2021-12-23,0
2020-11-14,48,3124,2021-12-23,0
2020-11-15,46,3170,2021-12-23,0
2020-11-16,62,3232,2021-12-23,0
2020-11-17,56,3288,2021-12-23,0
2020-11-18,61,3349,2021-12-23,0
2020-11-19,60,3409,2021-12-23,0
2020-11-20,63,3472,2021-12-23,0
2020-11-21,58,3530,2021-12-23,0
2020-11-22,67,3597,2021-12-23,0
2020-11-23,59,3656,2021-12-23,0
2020-11-24,69,3725,2021-12-23,0
2020-11-25,72,3797,2021-12-23,0
2020-11-26,54,3851,2021-12-23,0
2020-11-27,69,3920,2021-12-23,0
2020-11-28,62,3982,2021-12-23,0
2020-11-29,68,4050,2021-12-23,0
2020-11-30,61,4111,2021-12-23,0
2020-12-01,64,4175,2021-12-23,0
2020-12-02,73,4248,2021-12-23,0
2020-12-03,86,4334,2021-12-23,0
2020-12-04,67,4401,2021-12-23,0
2020-12-05,74,4475,2021-12-23,0
2020-12-06,80,4555,2021-12-23,0
2020-12-07,75,4630,2021-12-23,0
2020-12-08,61,4691,2021-12-23,0
2020-12-09,71,4762,2021-12-23,0
2020-12-10,72,4834,2021-12-23,0
2020-12-11,71,4905,2021-12-23,0
2020-12-12,72,4977,2021-12-23,0
2020-12-13,56,5033,2021-12-23,0
2020-12-14,43,5076,2021-12-23,0
2020-12-15,65,5141,2021-12-23,0
2020-12-16,73,5214,2021-12-23,0
2020-12-17,60,5274,2021-12-23,0
2020-12-18,59,5333,2021-12-23,0
2020-12-19,56,5389,2021-12-23,0
2020-12-20,61,5450,2021-12-23,0
2020-12-21,58,5508,2021-12-23,0
2020-12-22,33,5541,2021-12-23,0
2020-12-23,46,5587,2021-12-23,0
2020-12-24,50,5637,2021-12-23,0
2020-12-25,36,5673,2021-12-23,0
2020-12-26,43,5716,2021-12-23,0
2020-12-27,41,5757,2021-12-23,0
2020-12-28,34,5791,2021-12-23,0
2020-12-29,37,5828,2021-12-23,0
2020-12-30,47,5875,2021-12-23,0
2020-12-31,36,5911,2021-12-23,0
2021-01-01,28,5939,2021-12-23,0
2021-01-02,47,5986,2021-12-23,0
2021-01-03,37,6023,2021-12-23,0
2021-01-04,32,6055,2021-12-23,0
2021-01-05,40,6095,2021-12-23,0
2021-01-06,32,6127,2021-12-23,0
2021-01-07,37,6164,2021-12-23,0
2021-01-08,32,6196,2021-12-23,0
2021-01-09,26,6222,2021-12-23,0
2021-01-10,29,6251,2021-12-23,0
2021-01-11,26,6277,2021-12-23,0
2021-01-12,32,6309,2021-12-23,0
2021-01-13,23,6332,2021-12-23,0
2021-01-14,41,6373,2021-12-23,0
2021-01-15,26,6399,2021-12-23,0
2021-01-16,30,6429,2021-12-23,0
2021-01-17,21,6450,2021-12-23,0
2021-01-18,19,6469,2021-12-23,0
2021-01-19,14,6483,2021-12-23,0
2021-01-20,26,6509,2021-12-23,0
2021-01-21,16,6525,2021-12-23,0
2021-01-22,13,6538,2021-12-23,0
2021-01-23,17,6555,2021-12-23,0
2021-01-24,24,6579,2021-12-23,0
2021-01-25,19,6598,2021-12-23,0
2021-01-26,21,6619,2021-12-23,0
2021-01-27,11,6630,2021-12-23,0
2021-01-28,12,6642,2021-12-23,0
2021-01-29,15,6657,2021-12-23,0
2021-01-30,13,6670,2021-12-23,0
2021-01-31,16,6686,2021-12-23,0
2021-02-01,17,6703,2021-12-23,0
2021-02-02,10,6713,2021-12-23,0
2021-02-03,11,6724,2021-12-23,0
2021-02-04,11,6735,2021-12-23,0
2021-02-05,12,6747,2021-12-23,0
2021-02-06,12,6759,2021-12-23,0
2021-02-07,19,6778,2021-12-23,0
2021-02-08,11,6789,2021-12-23,0
2021-02-09,15,6804,2021-12-23,0
2021-02-10,14,6818,2021-12-23,0
2021-02-11,7,6825,2021-12-23,0
2021-02-12,13,6838,2021-12-23,0
2021-02-13,8,6846,2021-12-23,0
2021-02-14,10,6856,2021-12-23,0
2021-02-15,9,6865,2021-12-23,0
2021-02-16,12,6877,2021-12-23,0
2021-02-17,10,6887,2021-12-23,0
2021-02-18,7,6894,2021-12-23,0
2021-02-19,6,6900,2021-12-23,0
2021-02-20,7,6907,2021-12-23,0
2021-02-21,4,6911,2021-12-23,0
2021-02-22,5,6916,2021-12-23,0
2021-02-23,9,6925,2021-12-23,0
2021-02-24,5,6930,2021-12-23,0
2021-02-25,5,6935,2021-12-23,0
2021-02-26,7,6942,2021-12-23,0
2021-02-27,6,6948,2021-12-23,0
2021-02-28,8,6956,2021-12-23,0
2021-03-01,7,6963,2021-12-23,0
2021-03-02,3,6966,2021-12-23,0
2021-03-03,10,6976,2021-12-23,0
2021-03-04,6,6982,2021-12-23,0
2021-03-05,10,6992,2021-12-23,0
2021-03-06,5,6997,2021-12-23,0
2021-03-07,9,7006,2021-12-23,0
2021-03-08,5,7011,2021-12-23,0
2021-03-09,7,7018,2021-12-23,0
2021-03-10,5,7023,2021-12-23,0
2021-03-11,4,7027,2021-12-23,0
2021-03-12,11,7038,2021-12-23,0
2021-03-13,5,7043,2021-12-23,0
2021-03-14,5,7048,2021-12-23,0
2021-03-15,2,7050,2021-12-23,0
2021-03-16,6,7056,2021-12-23,0
2021-03-17,4,7060,2021-12-23,0
2021-03-18,5,7065,2021-12-23,0
2021-03-19,5,7070,2021-12-23,0
2021-03-20,9,7079,2021-12-23,0
2021-03-21,5,7084,2021-12-23,0
2021-03-22,4,7088,2021-12-23,0
2021-03-23,5,7093,2021-12-23,0
2021-03-24,1,7094,2021-12-23,0
2021-03-25,5,7099,2021-12-23,0
2021-03-26,3,7102,2021-12-23,0
2021-03-27,7,7109,2021-12-23,0
2021-03-28,6,7115,2021-12-23,0
2021-03-29,5,7120,2021-12-23,0
2021-03-30,6,7126,2021-12-23,0
2021-03-31,8,7134,2021-12-23,0
2021-04-01,6,7140,2021-12-23,0
2021-04-02,9,7149,2021-12-23,0
2021-04-03,8,7157,2021-12-23,0
2021-04-04,6,7163,2021-12-23,0
2021-04-05,8,7171,2021-12-23,0
2021-04-06,7,7178,2021-12-23,0
2021-04-07,6,7184,2021-12-23,0
2021-04-08,10,7194,2021-12-23,0
2021-04-09,7,7201,2021-12-23,0
2021-04-10,7,7208,2021-12-23,0
2021-04-11,8,7216,2021-12-23,0
2021-04-12,10,7226,2021-12-23,0
2021-04-13,7,7233,2021-12-23,0
2021-04-14,8,7241,2021-12-23,0
2021-04-15,14,7255,2021-12-23,0
2021-04-16,8,7263,2021-12-23,0
2021-04-17,8,7271,2021-12-23,0
2021-04-18,8,7279,2021-12-23,0
2021-04-19,10,7289,2021-12-23,0
2021-04-20,5,7294,2021-12-23,0
2021-04-21,8,7302,2021-12-23,0
2021-04-22,3,7305,2021-12-23,1
2021-04-23,15,7320,2021-12-23,0
2021-04-24,11,7331,2021-12-23,0
2021-04-25,15,7346,2021-12-23,0
2021-04-26,15,7361,2021-12-23,0
2021-04-27,7,7368,2021-12-23,0
2021-04-28,14,7382,2021-12-23,0
2021-04-29,8,7390,2021-12-23,0
2021-04-30,11,7401,2021-12-23,0
2021-05-01,7,7408,2021-12-23,0
2021-05-02,8,7416,2021-12-23,0
2021-05-03,5,7421,2021-12-23,0
2021-05-04,13,7434,2021-12-23,0
2021-05-05,8,7442,2021-12-23,0
2021-05-06,5,7447,2021-12-23,0
2021-05-07,8,7455,2021-12-23,0
2021-05-08,7,7462,2021-12-23,0
2021-05-09,9,7471,2021-12-23,0
2021-05-10,8,7479,2021-12-23,0
2021-05-11,6,7485,2021-12-23,0
2021-05-12,9,7494,2021-12-23,0
2021-05-13,9,7503,2021-12-23,0
2021-05-14,11,7514,2021-12-23,0
2021-05-15,10,7524,2021-12-23,0
2021-05-16,6,7530,2021-12-23,0
2021-05-17,6,7536,2021-12-23,0
2021-05-18,7,7543,2021-12-23,0
2021-05-19,2,7545,2021-12-23,0
2021-05-20,5,7550,2021-12-23,0
2021-05-21,7,7557,2021-12-23,0
2021-05-22,11,7568,2021-12-23,0
2021-05-23,5,7573,2021-12-23,0
2021-05-24,5,7578,2021-12-23,0
2021-05-25,6,7584,2021-12-23,0
2021-05-26,3,7587,2021-12-23,0
2021-05-27,7,7594,2021-12-23,0
2021-05-28,2,7596,2021-12-23,0
2021-05-29,6,7602,2021-12-23,0
2021-05-30,4,7606,2021-12-23,0
2021-05-31,3,7609,2021-12-23,0
2021-06-01,5,7614,2021-12-23,0
2021-06-02,8,7622,2021-12-23,0
2021-06-03,4,7626,2021-12-23,0
2021-06-04,4,7630,2021-12-23,0
2021-06-05,2,7632,2021-12-23,0
2021-06-06,5,7637,2021-12-23,0
2021-06-07,3,7640,2021-12-23,0
2021-06-08,5,7645,2021-12-23,0
2021-06-09,4,7649,2021-12-23,0
2021-06-10,6,7655,2021-12-23,0
2021-06-11,6,7661,2021-12-23,0
2021-06-12,4,7665,2021-12-23,0
2021-06-13,4,7669,2021-12-23,0
2021-06-14,3,7672,2021-12-23,0
2021-06-15,2,7674,2021-12-23,0
2021-06-16,2,7676,2021-12-23,0
2021-06-17,4,7680,2021-12-23,0
2021-06-18,1,7681,2021-12-23,0
2021-06-19,6,7687,2021-12-23,0
2021-06-20,1,7688,2021-12-23,0
2021-06-21,5,7693,2021-12-23,0
2021-06-22,3,7696,2021-12-23,0
2021-06-23,4,7700,2021-12-23,0
2021-06-24,3,7703,2021-12-23,0
2021-06-25,3,7706,2021-12-23,0
2021-06-26,4,7710,2021-12-23,0
2021-06-27,2,7712,2021-12-23,0
2021-06-28,2,7714,2021-12-23,0
2021-06-29,2,7716,2021-12-23,0
2021-06-30,2,7718,2021-12-23,0
2021-07-01,0,7718,2021-12-23,0
2021-07-02,2,7720,2021-12-23,0
2021-07-03,2,7722,2021-12-23,0
2021-07-04,3,7725,2021-12-23,0
2021-07-05,1,7726,2021-12-23,0
2021-07-06,4,7730,2021-12-23,0
2021-07-07,1,7731,2021-12-23,0
2021-07-08,1,7732,2021-12-23,0
2021-07-09,0,7732,2021-12-23,0
2021-07-10,1,7733,2021-12-23,0
2021-07-11,3,7736,2021-12-23,0
2021-07-12,1,7737,2021-12-23,0
2021-07-13,2,7739,2021-12-23,0
2021-07-14,2,7741,2021-12-23,0
2021-07-15,2,7743,2021-12-23,0
2021-07-16,1,7744,2021-12-23,0
2021-07-17,1,7745,2021-12-23,0
2021-07-18,0,7745,2021-12-23,0
2021-07-19,0,7745,2021-12-23,0
2021-07-20,2,7747,2021-12-23,0
2021-07-21,2,7749,2021-12-23,0
2021-07-22,2,7751,2021-12-23,0
2021-07-23,3,7754,2021-12-23,0
2021-07-24,0,7754,2021-12-23,0
2021-07-25,2,7756,2021-12-23,0
2021-07-26,1,7757,2021-12-23,0
2021-07-27,2,7759,2021-12-23,0
2021-07-28,3,7762,2021-12-23,0
2021-07-29,2,7764,2021-12-23,0
2021-07-30,5,7769,2021-12-23,0
2021-07-31,4,7773,2021-12-23,0
2021-08-01,1,7774,2021-12-23,0
2021-08-02,3,7777,2021-12-23,0
2021-08-03,2,7779,2021-12-23,0
2021-08-04,3,7782,2021-12-23,0
2021-08-05,2,7784,2021-12-23,0
2021-08-06,7,7791,2021-12-23,0
2021-08-07,3,7794,2021-12-23,0
2021-08-08,2,7796,2021-12-23,0
2021-08-09,3,7799,2021-12-23,0
2021-08-10,2,7801,2021-12-23,0
2021-08-11,2,7803,2021-12-23,0
2021-08-12,7,7810,2021-12-23,0
2021-08-13,5,7815,2021-12-23,0
2021-08-14,6,7821,2021-12-23,0
2021-08-15,0,7821,2021-12-23,0
2021-08-16,7,7828,2021-12-23,0
2021-08-17,7,7835,2021-12-23,0
2021-08-18,9,7844,2021-12-23,0
2021-08-19,2,7846,2021-12-23,0
2021-08-20,3,7849,2021-12-23,0
2021-08-21,5,7854,2021-12-23,0
2021-08-22,7,7861,2021-12-23,0
2021-08-23,5,7866,2021-12-23,0
2021-08-24,12,7878,2021-12-23,0
2021-08-25,7,7885,2021-12-23,0
2021-08-26,2,7887,2021-12-23,0
2021-08-27,6,7893,2021-12-23,0
2021-08-28,11,7904,2021-12-23,0
2021-08-29,11,7915,2021-12-23,0
2021-08-30,8,7923,2021-12-23,0
2021-08-31,6,7929,2021-12-23,0
2021-09-01,6,7935,2021-12-23,0
2021-09-02,6,7941,2021-12-23,0
2021-09-03,9,7950,2021-12-23,0
2021-09-04,9,7959,2021-12-23,0
2021-09-05,10,7969,2021-12-23,0
2021-09-06,8,7977,2021-12-23,0
2021-09-07,7,7984,2021-12-23,0
2021-09-08,11,7995,2021-12-23,0
2021-09-09,5,8000,2021-12-23,0
2021-09-10,9,8009,2021-12-23,0
2021-09-11,17,8026,2021-12-23,0
2021-09-12,10,8036,2021-12-23,0
2021-09-13,7,8043,2021-12-23,0
2021-09-14,11,8054,2021-12-23,0
2021-09-15,14,8068,2021-12-23,0
2021-09-16,16,8084,2021-12-23,0
2021-09-17,8,8092,2021-12-23,0
2021-09-18,13,8105,2021-12-23,0
2021-09-19,11,8116,2021-12-23,0
2021-09-20,16,8132,2021-12-23,0
2021-09-21,15,8147,2021-12-23,0
2021-09-22,17,8164,2021-12-23,0
2021-09-23,13,8177,2021-12-23,0
2021-09-24,13,8190,2021-12-23,0
2021-09-25,16,8206,2021-12-23,0
2021-09-26,15,8221,2021-12-23,0
2021-09-27,15,8236,2021-12-23,0
2021-09-28,11,8247,2021-12-23,0
2021-09-29,19,8266,2021-12-23,0
2021-09-30,17,8283,2021-12-23,0
2021-10-01,13,8296,2021-12-23,0
2021-10-02,15,8311,2021-12-23,1
2021-10-03,23,8334,2021-12-23,0
2021-10-04,15,8349,2021-12-23,0
2021-10-05,23,8372,2021-12-23,0
2021-10-06,21,8393,2021-12-23,0
2021-10-07,13,8406,2021-12-23,0
2021-10-08,22,8428,2021-12-23,0
2021-10-09,20,8448,2021-12-23,0
2021-10-10,13,8461,2021-12-23,0
2021-10-11,11,8472,2021-12-23,0
2021-10-12,25,8497,2021-12-23,0
2021-10-13,20,8517,2021-12-23,0
2021-10-14,21,8538,2021-12-23,0
2021-10-15,14,8552,2021-12-23,0
2021-10-16,20,8572,2021-12-23,0
2021-10-17,17,8589,2021-12-23,0
2021-10-18,17,8606,2021-12-23,1
2021-10-19,25,8631,2021-12-23,0
2021-10-20,15,8646,2021-12-23,0
2021-10-21,8,8654,2021-12-23,0
2021-10-22,23,8677,2021-12-23,0
2021-10-23,24,8701,2021-12-23,0
2021-10-24,24,8725,2021-12-23,0
2021-10-25,20,8745,2021-12-23,0
2021-10-26,22,8767,2021-12-23,0
2021-10-27,16,8783,2021-12-23,0
2021-10-28,24,8807,2021-12-23,0
2021-10-29,19,8826,2021-12-23,0
2021-10-30,19,8845,2021-12-23,0
2021-10-31,26,8871,2021-12-23,0
2021-11-01,18,8889,2021-12-23,0
2021-11-02,18,8907,2021-12-23,0
2021-11-03,27,8934,2021-12-23,0
2021-11-04,27,8961,2021-12-23,0
2021-11-05,29,8990,2021-12-23,0
2021-11-06,16,9006,2021-12-23,0
2021-11-07,24,9030,2021-12-23,0
2021-11-08,27,9057,2021-12-23,0
2021-11-09,16,9073,2021-12-23,0
2021-11-10,18,9091,2021-12-23,0
2021-11-11,27,9118,2021-12-23,0
2021-11-12,27,9145,2021-12-23,0
2021-11-13,31,9176,2021-12-23,0
2021-11-14,24,9200,2021-12-23,0
2021-11-15,27,9227,2021-12-23,0
2021-11-16,25,9252,2021-12-23,0
2021-11-17,37,9289,2021-12-23,0
2021-11-18,36,9325,2021-12-23,0
2021-11-19,34,9359,2021-12-23,1
2021-11-20,29,9388,2021-12-23,0
2021-11-21,33,9421,2021-12-23,0
2021-11-22,29,9450,2021-12-23,0
2021-11-23,31,9481,2021-12-23,0
2021-11-24,23,9504,2021-12-23,1
2021-11-25,35,9539,2021-12-23,1
2021-11-26,50,9589,2021-12-23,0
2021-11-27,36,9625,2021-12-23,0
2021-11-28,38,9663,2021-12-23,0
2021-11-29,28,9691,2021-12-23,0
2021-11-30,29,9720,2021-12-23,0
2021-12-01,45,9765,2021-12-23,0
2021-12-02,39,9804,2021-12-23,0
2021-12-03,31,9835,2021-12-23,0
2021-12-04,38,9873,2021-12-23,1
2021-12-05,35,9908,2021-12-23,0
2021-12-06,31,9939,2021-12-23,0
2021-12-07,30,9969,2021-12-23,1
2021-12-08,36,10005,2021-12-23,1
2021-12-09,43,10048,2021-12-23,1
2021-12-10,34,10082,2021-12-23,2
2021-12-11,21,10103,2021-12-23,2
2021-12-12,33,10136,2021-12-23,1
2021-12-13,29,10165,2021-12-23,2
2021-12-14,27,10192,2021-12-23,5
2021-12-15,33,10225,2021-12-23,4
2021-12-16,22,10247,2021-12-23,1
2021-12-17,16,10263,2021-12-23,4
2021-12-18,15,10278,2021-12-23,7
2021-12-19,15,10293,2021-12-23,3
2021-12-20,12,10305,2021-12-23,10
2021-12-21,1,10306,2021-12-23,1
NA,0,10306,2021-12-23,0
2020-03-19,1,1,2021-12-27,0
2020-03-20,0,1,2021-12-27,0
2020-03-21,0,1,2021-12-27,0
2020-03-22,0,1,2021-12-27,0
2020-03-23,0,1,2021-12-27,0
2020-03-24,1,2,2021-12-27,0
2020-03-25,1,3,2021-12-27,0
2020-03-26,1,4,2021-12-27,0
2020-03-27,5,9,2021-12-27,0
2020-03-28,3,12,2021-12-27,0
2020-03-29,0,12,2021-12-27,0
2020-03-30,5,17,2021-12-27,0
2020-03-31,2,19,2021-12-27,0
2020-04-01,5,24,2021-12-27,0
2020-04-02,3,27,2021-12-27,0
2020-04-03,1,28,2021-12-27,0
2020-04-04,5,33,2021-12-27,0
2020-04-05,5,38,2021-12-27,0
2020-04-06,10,48,2021-12-27,0
2020-04-07,6,54,2021-12-27,0
2020-04-08,7,61,2021-12-27,0
2020-04-09,8,69,2021-12-27,0
2020-04-10,6,75,2021-12-27,0
2020-04-11,4,79,2021-12-27,0
2020-04-12,4,83,2021-12-27,0
2020-04-13,10,93,2021-12-27,0
2020-04-14,6,99,2021-12-27,0
2020-04-15,17,116,2021-12-27,0
2020-04-16,10,126,2021-12-27,0
2020-04-17,17,143,2021-12-27,0
2020-04-18,17,160,2021-12-27,0
2020-04-19,16,176,2021-12-27,0
2020-04-20,21,197,2021-12-27,0
2020-04-21,26,223,2021-12-27,0
2020-04-22,21,244,2021-12-27,0
2020-04-23,19,263,2021-12-27,0
2020-04-24,23,286,2021-12-27,0
2020-04-25,18,304,2021-12-27,0
2020-04-26,17,321,2021-12-27,0
2020-04-27,21,342,2021-12-27,0
2020-04-28,16,358,2021-12-27,0
2020-04-29,29,387,2021-12-27,0
2020-04-30,18,405,2021-12-27,0
2020-05-01,30,435,2021-12-27,0
2020-05-02,19,454,2021-12-27,0
2020-05-03,29,483,2021-12-27,0
2020-05-04,23,506,2021-12-27,0
2020-05-05,19,525,2021-12-27,0
2020-05-06,25,550,2021-12-27,0
2020-05-07,30,580,2021-12-27,0
2020-05-08,20,600,2021-12-27,0
2020-05-09,26,626,2021-12-27,0
2020-05-10,19,645,2021-12-27,0
2020-05-11,25,670,2021-12-27,0
2020-05-12,20,690,2021-12-27,0
2020-05-13,22,712,2021-12-27,0
2020-05-14,20,732,2021-12-27,0
2020-05-15,20,752,2021-12-27,0
2020-05-16,20,772,2021-12-27,0
2020-05-17,23,795,2021-12-27,0
2020-05-18,18,813,2021-12-27,0
2020-05-19,35,848,2021-12-27,0
2020-05-20,24,872,2021-12-27,0
2020-05-21,17,889,2021-12-27,0
2020-05-22,20,909,2021-12-27,0
2020-05-23,26,935,2021-12-27,0
2020-05-24,25,960,2021-12-27,0
2020-05-25,30,990,2021-12-27,0
2020-05-26,29,1019,2021-12-27,0
2020-05-27,25,1044,2021-12-27,0
2020-05-28,21,1065,2021-12-27,0
2020-05-29,17,1082,2021-12-27,0
2020-05-30,11,1093,2021-12-27,0
2020-05-31,20,1113,2021-12-27,0
2020-06-01,23,1136,2021-12-27,0
2020-06-02,21,1157,2021-12-27,0
2020-06-03,25,1182,2021-12-27,0
2020-06-04,26,1208,2021-12-27,0
2020-06-05,18,1226,2021-12-27,0
2020-06-06,12,1238,2021-12-27,0
2020-06-07,22,1260,2021-12-27,0
2020-06-08,12,1272,2021-12-27,0
2020-06-09,13,1285,2021-12-27,0
2020-06-10,10,1295,2021-12-27,0
2020-06-11,12,1307,2021-12-27,0
2020-06-12,11,1318,2021-12-27,0
2020-06-13,13,1331,2021-12-27,0
2020-06-14,11,1342,2021-12-27,0
2020-06-15,8,1350,2021-12-27,0
2020-06-16,9,1359,2021-12-27,0
2020-06-17,17,1376,2021-12-27,0
2020-06-18,9,1385,2021-12-27,0
2020-06-19,8,1393,2021-12-27,0
2020-06-20,12,1405,2021-12-27,0
2020-06-21,11,1416,2021-12-27,0
2020-06-22,6,1422,2021-12-27,0
2020-06-23,10,1432,2021-12-27,0
2020-06-24,1,1433,2021-12-27,0
2020-06-25,9,1442,2021-12-27,0
2020-06-26,6,1448,2021-12-27,0
2020-06-27,5,1453,2021-12-27,0
2020-06-28,11,1464,2021-12-27,0
2020-06-29,7,1471,2021-12-27,0
2020-06-30,9,1480,2021-12-27,0
2020-07-01,2,1482,2021-12-27,0
2020-07-02,3,1485,2021-12-27,0
2020-07-03,5,1490,2021-12-27,0
2020-07-04,4,1494,2021-12-27,0
2020-07-05,6,1500,2021-12-27,0
2020-07-06,4,1504,2021-12-27,0
2020-07-07,2,1506,2021-12-27,0
2020-07-08,9,1515,2021-12-27,0
2020-07-09,4,1519,2021-12-27,0
2020-07-10,3,1522,2021-12-27,0
2020-07-11,4,1526,2021-12-27,0
2020-07-12,6,1532,2021-12-27,0
2020-07-13,2,1534,2021-12-27,0
2020-07-14,6,1540,2021-12-27,0
2020-07-15,7,1547,2021-12-27,0
2020-07-16,3,1550,2021-12-27,0
2020-07-17,7,1557,2021-12-27,0
2020-07-18,6,1563,2021-12-27,0
2020-07-19,5,1568,2021-12-27,0
2020-07-20,3,1571,2021-12-27,0
2020-07-21,6,1577,2021-12-27,0
2020-07-22,5,1582,2021-12-27,0
2020-07-23,8,1590,2021-12-27,0
2020-07-24,6,1596,2021-12-27,0
2020-07-25,2,1598,2021-12-27,0
2020-07-26,5,1603,2021-12-27,0
2020-07-27,5,1608,2021-12-27,0
2020-07-28,7,1615,2021-12-27,0
2020-07-29,3,1618,2021-12-27,0
2020-07-30,6,1624,2021-12-27,0
2020-07-31,9,1633,2021-12-27,0
2020-08-01,4,1637,2021-12-27,0
2020-08-02,7,1644,2021-12-27,0
2020-08-03,4,1648,2021-12-27,0
2020-08-04,7,1655,2021-12-27,0
2020-08-05,8,1663,2021-12-27,0
2020-08-06,9,1672,2021-12-27,0
2020-08-07,7,1679,2021-12-27,0
2020-08-08,6,1685,2021-12-27,0
2020-08-09,10,1695,2021-12-27,0
2020-08-10,3,1698,2021-12-27,0
2020-08-11,9,1707,2021-12-27,0
2020-08-12,7,1714,2021-12-27,0
2020-08-13,5,1719,2021-12-27,0
2020-08-14,9,1728,2021-12-27,0
2020-08-15,13,1741,2021-12-27,0
2020-08-16,13,1754,2021-12-27,0
2020-08-17,6,1760,2021-12-27,0
2020-08-18,11,1771,2021-12-27,0
2020-08-19,3,1774,2021-12-27,0
2020-08-20,10,1784,2021-12-27,0
2020-08-21,12,1796,2021-12-27,0
2020-08-22,9,1805,2021-12-27,0
2020-08-23,7,1812,2021-12-27,0
2020-08-24,9,1821,2021-12-27,0
2020-08-25,4,1825,2021-12-27,0
2020-08-26,3,1828,2021-12-27,0
2020-08-27,7,1835,2021-12-27,0
2020-08-28,6,1841,2021-12-27,0
2020-08-29,3,1844,2021-12-27,0
2020-08-30,5,1849,2021-12-27,0
2020-08-31,9,1858,2021-12-27,0
2020-09-01,2,1860,2021-12-27,0
2020-09-02,7,1867,2021-12-27,0
2020-09-03,12,1879,2021-12-27,0
2020-09-04,4,1883,2021-12-27,0
2020-09-05,6,1889,2021-12-27,0
2020-09-06,12,1901,2021-12-27,0
2020-09-07,3,1904,2021-12-27,0
2020-09-08,6,1910,2021-12-27,0
2020-09-09,10,1920,2021-12-27,0
2020-09-10,9,1929,2021-12-27,0
2020-09-11,11,1940,2021-12-27,0
2020-09-12,8,1948,2021-12-27,0
2020-09-13,8,1956,2021-12-27,0
2020-09-14,2,1958,2021-12-27,0
2020-09-15,7,1965,2021-12-27,0
2020-09-16,9,1974,2021-12-27,0
2020-09-17,5,1979,2021-12-27,0
2020-09-18,6,1985,2021-12-27,0
2020-09-19,4,1989,2021-12-27,0
2020-09-20,9,1998,2021-12-27,0
2020-09-21,7,2005,2021-12-27,0
2020-09-22,8,2013,2021-12-27,0
2020-09-23,9,2022,2021-12-27,0
2020-09-24,8,2030,2021-12-27,0
2020-09-25,11,2041,2021-12-27,0
2020-09-26,9,2050,2021-12-27,0
2020-09-27,14,2064,2021-12-27,0
2020-09-28,11,2075,2021-12-27,0
2020-09-29,5,2080,2021-12-27,0
2020-09-30,16,2096,2021-12-27,0
2020-10-01,7,2103,2021-12-27,0
2020-10-02,13,2116,2021-12-27,0
2020-10-03,9,2125,2021-12-27,0
2020-10-04,7,2132,2021-12-27,0
2020-10-05,10,2142,2021-12-27,0
2020-10-06,13,2155,2021-12-27,0
2020-10-07,19,2174,2021-12-27,0
2020-10-08,9,2183,2021-12-27,0
2020-10-09,17,2200,2021-12-27,0
2020-10-10,16,2216,2021-12-27,0
2020-10-11,16,2232,2021-12-27,0
2020-10-12,20,2252,2021-12-27,0
2020-10-13,14,2266,2021-12-27,0
2020-10-14,10,2276,2021-12-27,0
2020-10-15,9,2285,2021-12-27,0
2020-10-16,12,2297,2021-12-27,0
2020-10-17,18,2315,2021-12-27,0
2020-10-18,25,2340,2021-12-27,0
2020-10-19,18,2358,2021-12-27,0
2020-10-20,15,2373,2021-12-27,0
2020-10-21,24,2397,2021-12-27,0
2020-10-22,18,2415,2021-12-27,0
2020-10-23,19,2434,2021-12-27,0
2020-10-24,8,2442,2021-12-27,0
2020-10-25,17,2459,2021-12-27,0
2020-10-26,25,2484,2021-12-27,0
2020-10-27,23,2507,2021-12-27,0
2020-10-28,29,2536,2021-12-27,0
2020-10-29,18,2554,2021-12-27,0
2020-10-30,27,2581,2021-12-27,0
2020-10-31,25,2606,2021-12-27,0
2020-11-01,21,2627,2021-12-27,0
2020-11-02,25,2652,2021-12-27,0
2020-11-03,25,2677,2021-12-27,0
2020-11-04,33,2710,2021-12-27,0
2020-11-05,38,2748,2021-12-27,0
2020-11-06,39,2787,2021-12-27,0
2020-11-07,42,2829,2021-12-27,0
2020-11-08,47,2876,2021-12-27,0
2020-11-09,37,2913,2021-12-27,0
2020-11-10,35,2948,2021-12-27,0
2020-11-11,43,2991,2021-12-27,0
2020-11-12,45,3036,2021-12-27,0
2020-11-13,40,3076,2021-12-27,0
2020-11-14,48,3124,2021-12-27,0
2020-11-15,46,3170,2021-12-27,0
2020-11-16,62,3232,2021-12-27,0
2020-11-17,56,3288,2021-12-27,0
2020-11-18,61,3349,2021-12-27,0
2020-11-19,60,3409,2021-12-27,0
2020-11-20,63,3472,2021-12-27,0
2020-11-21,58,3530,2021-12-27,0
2020-11-22,67,3597,2021-12-27,0
2020-11-23,59,3656,2021-12-27,0
2020-11-24,69,3725,2021-12-27,0
2020-11-25,72,3797,2021-12-27,0
2020-11-26,54,3851,2021-12-27,0
2020-11-27,69,3920,2021-12-27,0
2020-11-28,62,3982,2021-12-27,0
2020-11-29,68,4050,2021-12-27,0
2020-11-30,61,4111,2021-12-27,0
2020-12-01,64,4175,2021-12-27,0
2020-12-02,73,4248,2021-12-27,0
2020-12-03,86,4334,2021-12-27,0
2020-12-04,67,4401,2021-12-27,0
2020-12-05,74,4475,2021-12-27,0
2020-12-06,80,4555,2021-12-27,0
2020-12-07,75,4630,2021-12-27,0
2020-12-08,61,4691,2021-12-27,0
2020-12-09,71,4762,2021-12-27,0
2020-12-10,72,4834,2021-12-27,0
2020-12-11,71,4905,2021-12-27,0
2020-12-12,72,4977,2021-12-27,0
2020-12-13,56,5033,2021-12-27,0
2020-12-14,43,5076,2021-12-27,0
2020-12-15,65,5141,2021-12-27,0
2020-12-16,73,5214,2021-12-27,0
2020-12-17,60,5274,2021-12-27,0
2020-12-18,59,5333,2021-12-27,0
2020-12-19,56,5389,2021-12-27,0
2020-12-20,61,5450,2021-12-27,0
2020-12-21,58,5508,2021-12-27,0
2020-12-22,33,5541,2021-12-27,0
2020-12-23,46,5587,2021-12-27,0
2020-12-24,50,5637,2021-12-27,0
2020-12-25,36,5673,2021-12-27,0
2020-12-26,43,5716,2021-12-27,0
2020-12-27,41,5757,2021-12-27,0
2020-12-28,34,5791,2021-12-27,0
2020-12-29,37,5828,2021-12-27,0
2020-12-30,47,5875,2021-12-27,0
2020-12-31,36,5911,2021-12-27,0
2021-01-01,28,5939,2021-12-27,0
2021-01-02,47,5986,2021-12-27,0
2021-01-03,37,6023,2021-12-27,0
2021-01-04,32,6055,2021-12-27,0
2021-01-05,40,6095,2021-12-27,0
2021-01-06,32,6127,2021-12-27,0
2021-01-07,37,6164,2021-12-27,0
2021-01-08,32,6196,2021-12-27,0
2021-01-09,26,6222,2021-12-27,0
2021-01-10,29,6251,2021-12-27,0
2021-01-11,26,6277,2021-12-27,0
2021-01-12,32,6309,2021-12-27,0
2021-01-13,23,6332,2021-12-27,0
2021-01-14,41,6373,2021-12-27,0
2021-01-15,26,6399,2021-12-27,0
2021-01-16,30,6429,2021-12-27,0
2021-01-17,21,6450,2021-12-27,0
2021-01-18,19,6469,2021-12-27,0
2021-01-19,14,6483,2021-12-27,0
2021-01-20,26,6509,2021-12-27,0
2021-01-21,16,6525,2021-12-27,0
2021-01-22,13,6538,2021-12-27,0
2021-01-23,17,6555,2021-12-27,0
2021-01-24,24,6579,2021-12-27,0
2021-01-25,19,6598,2021-12-27,0
2021-01-26,21,6619,2021-12-27,0
2021-01-27,11,6630,2021-12-27,0
2021-01-28,12,6642,2021-12-27,0
2021-01-29,15,6657,2021-12-27,0
2021-01-30,13,6670,2021-12-27,0
2021-01-31,16,6686,2021-12-27,0
2021-02-01,17,6703,2021-12-27,0
2021-02-02,10,6713,2021-12-27,0
2021-02-03,11,6724,2021-12-27,0
2021-02-04,11,6735,2021-12-27,0
2021-02-05,12,6747,2021-12-27,0
2021-02-06,12,6759,2021-12-27,0
2021-02-07,19,6778,2021-12-27,0
2021-02-08,11,6789,2021-12-27,0
2021-02-09,15,6804,2021-12-27,0
2021-02-10,14,6818,2021-12-27,0
2021-02-11,7,6825,2021-12-27,0
2021-02-12,13,6838,2021-12-27,0
2021-02-13,8,6846,2021-12-27,0
2021-02-14,10,6856,2021-12-27,0
2021-02-15,9,6865,2021-12-27,0
2021-02-16,12,6877,2021-12-27,0
2021-02-17,10,6887,2021-12-27,0
2021-02-18,7,6894,2021-12-27,0
2021-02-19,6,6900,2021-12-27,0
2021-02-20,7,6907,2021-12-27,0
2021-02-21,4,6911,2021-12-27,0
2021-02-22,5,6916,2021-12-27,0
2021-02-23,9,6925,2021-12-27,0
2021-02-24,5,6930,2021-12-27,0
2021-02-25,5,6935,2021-12-27,0
2021-02-26,7,6942,2021-12-27,0
2021-02-27,6,6948,2021-12-27,0
2021-02-28,8,6956,2021-12-27,0
2021-03-01,7,6963,2021-12-27,0
2021-03-02,3,6966,2021-12-27,0
2021-03-03,10,6976,2021-12-27,0
2021-03-04,6,6982,2021-12-27,0
2021-03-05,10,6992,2021-12-27,0
2021-03-06,5,6997,2021-12-27,0
2021-03-07,9,7006,2021-12-27,0
2021-03-08,5,7011,2021-12-27,0
2021-03-09,7,7018,2021-12-27,0
2021-03-10,5,7023,2021-12-27,0
2021-03-11,4,7027,2021-12-27,0
2021-03-12,11,7038,2021-12-27,0
2021-03-13,5,7043,2021-12-27,0
2021-03-14,5,7048,2021-12-27,0
2021-03-15,2,7050,2021-12-27,0
2021-03-16,6,7056,2021-12-27,0
2021-03-17,4,7060,2021-12-27,0
2021-03-18,5,7065,2021-12-27,0
2021-03-19,5,7070,2021-12-27,0
2021-03-20,9,7079,2021-12-27,0
2021-03-21,5,7084,2021-12-27,0
2021-03-22,4,7088,2021-12-27,0
2021-03-23,5,7093,2021-12-27,0
2021-03-24,1,7094,2021-12-27,0
2021-03-25,5,7099,2021-12-27,0
2021-03-26,3,7102,2021-12-27,0
2021-03-27,7,7109,2021-12-27,0
2021-03-28,6,7115,2021-12-27,0
2021-03-29,5,7120,2021-12-27,0
2021-03-30,6,7126,2021-12-27,0
2021-03-31,8,7134,2021-12-27,0
2021-04-01,6,7140,2021-12-27,0
2021-04-02,9,7149,2021-12-27,0
2021-04-03,8,7157,2021-12-27,0
2021-04-04,6,7163,2021-12-27,0
2021-04-05,8,7171,2021-12-27,0
2021-04-06,7,7178,2021-12-27,0
2021-04-07,6,7184,2021-12-27,0
2021-04-08,10,7194,2021-12-27,0
2021-04-09,7,7201,2021-12-27,0
2021-04-10,7,7208,2021-12-27,0
2021-04-11,8,7216,2021-12-27,0
2021-04-12,10,7226,2021-12-27,0
2021-04-13,7,7233,2021-12-27,0
2021-04-14,8,7241,2021-12-27,0
2021-04-15,14,7255,2021-12-27,0
2021-04-16,8,7263,2021-12-27,0
2021-04-17,8,7271,2021-12-27,0
2021-04-18,8,7279,2021-12-27,0
2021-04-19,10,7289,2021-12-27,0
2021-04-20,5,7294,2021-12-27,0
2021-04-21,8,7302,2021-12-27,0
2021-04-22,3,7305,2021-12-27,0
2021-04-23,15,7320,2021-12-27,0
2021-04-24,11,7331,2021-12-27,0
2021-04-25,15,7346,2021-12-27,0
2021-04-26,15,7361,2021-12-27,0
2021-04-27,7,7368,2021-12-27,0
2021-04-28,14,7382,2021-12-27,0
2021-04-29,8,7390,2021-12-27,0
2021-04-30,11,7401,2021-12-27,0
2021-05-01,7,7408,2021-12-27,0
2021-05-02,8,7416,2021-12-27,0
2021-05-03,5,7421,2021-12-27,0
2021-05-04,13,7434,2021-12-27,0
2021-05-05,8,7442,2021-12-27,0
2021-05-06,5,7447,2021-12-27,0
2021-05-07,8,7455,2021-12-27,0
2021-05-08,7,7462,2021-12-27,0
2021-05-09,9,7471,2021-12-27,0
2021-05-10,8,7479,2021-12-27,0
2021-05-11,6,7485,2021-12-27,0
2021-05-12,9,7494,2021-12-27,0
2021-05-13,9,7503,2021-12-27,0
2021-05-14,11,7514,2021-12-27,0
2021-05-15,10,7524,2021-12-27,0
2021-05-16,6,7530,2021-12-27,0
2021-05-17,6,7536,2021-12-27,0
2021-05-18,7,7543,2021-12-27,0
2021-05-19,2,7545,2021-12-27,0
2021-05-20,5,7550,2021-12-27,0
2021-05-21,7,7557,2021-12-27,0
2021-05-22,11,7568,2021-12-27,0
2021-05-23,5,7573,2021-12-27,0
2021-05-24,5,7578,2021-12-27,0
2021-05-25,6,7584,2021-12-27,0
2021-05-26,3,7587,2021-12-27,0
2021-05-27,7,7594,2021-12-27,0
2021-05-28,2,7596,2021-12-27,0
2021-05-29,6,7602,2021-12-27,0
2021-05-30,4,7606,2021-12-27,0
2021-05-31,3,7609,2021-12-27,0
2021-06-01,5,7614,2021-12-27,0
2021-06-02,8,7622,2021-12-27,0
2021-06-03,4,7626,2021-12-27,0
2021-06-04,4,7630,2021-12-27,0
2021-06-05,2,7632,2021-12-27,0
2021-06-06,5,7637,2021-12-27,0
2021-06-07,3,7640,2021-12-27,0
2021-06-08,5,7645,2021-12-27,0
2021-06-09,4,7649,2021-12-27,0
2021-06-10,6,7655,2021-12-27,0
2021-06-11,6,7661,2021-12-27,0
2021-06-12,4,7665,2021-12-27,0
2021-06-13,4,7669,2021-12-27,0
2021-06-14,3,7672,2021-12-27,0
2021-06-15,2,7674,2021-12-27,0
2021-06-16,2,7676,2021-12-27,0
2021-06-17,4,7680,2021-12-27,0
2021-06-18,1,7681,2021-12-27,0
2021-06-19,6,7687,2021-12-27,0
2021-06-20,1,7688,2021-12-27,0
2021-06-21,5,7693,2021-12-27,0
2021-06-22,3,7696,2021-12-27,0
2021-06-23,4,7700,2021-12-27,0
2021-06-24,3,7703,2021-12-27,0
2021-06-25,3,7706,2021-12-27,0
2021-06-26,4,7710,2021-12-27,0
2021-06-27,2,7712,2021-12-27,0
2021-06-28,2,7714,2021-12-27,0
2021-06-29,2,7716,2021-12-27,0
2021-06-30,2,7718,2021-12-27,0
2021-07-01,0,7718,2021-12-27,0
2021-07-02,2,7720,2021-12-27,0
2021-07-03,2,7722,2021-12-27,0
2021-07-04,3,7725,2021-12-27,0
2021-07-05,1,7726,2021-12-27,0
2021-07-06,4,7730,2021-12-27,0
2021-07-07,1,7731,2021-12-27,0
2021-07-08,1,7732,2021-12-27,0
2021-07-09,0,7732,2021-12-27,0
2021-07-10,1,7733,2021-12-27,0
2021-07-11,3,7736,2021-12-27,0
2021-07-12,1,7737,2021-12-27,0
2021-07-13,2,7739,2021-12-27,0
2021-07-14,2,7741,2021-12-27,0
2021-07-15,2,7743,2021-12-27,0
2021-07-16,1,7744,2021-12-27,0
2021-07-17,1,7745,2021-12-27,0
2021-07-18,0,7745,2021-12-27,0
2021-07-19,0,7745,2021-12-27,0
2021-07-20,2,7747,2021-12-27,0
2021-07-21,2,7749,2021-12-27,0
2021-07-22,2,7751,2021-12-27,0
2021-07-23,3,7754,2021-12-27,0
2021-07-24,0,7754,2021-12-27,0
2021-07-25,2,7756,2021-12-27,0
2021-07-26,1,7757,2021-12-27,0
2021-07-27,2,7759,2021-12-27,0
2021-07-28,3,7762,2021-12-27,0
2021-07-29,2,7764,2021-12-27,0
2021-07-30,5,7769,2021-12-27,0
2021-07-31,4,7773,2021-12-27,0
2021-08-01,1,7774,2021-12-27,0
2021-08-02,3,7777,2021-12-27,0
2021-08-03,2,7779,2021-12-27,0
2021-08-04,3,7782,2021-12-27,0
2021-08-05,2,7784,2021-12-27,0
2021-08-06,7,7791,2021-12-27,0
2021-08-07,3,7794,2021-12-27,0
2021-08-08,2,7796,2021-12-27,0
2021-08-09,3,7799,2021-12-27,0
2021-08-10,2,7801,2021-12-27,0
2021-08-11,2,7803,2021-12-27,0
2021-08-12,7,7810,2021-12-27,0
2021-08-13,5,7815,2021-12-27,0
2021-08-14,6,7821,2021-12-27,0
2021-08-15,0,7821,2021-12-27,0
2021-08-16,7,7828,2021-12-27,0
2021-08-17,7,7835,2021-12-27,0
2021-08-18,9,7844,2021-12-27,0
2021-08-19,2,7846,2021-12-27,0
2021-08-20,3,7849,2021-12-27,0
2021-08-21,5,7854,2021-12-27,0
2021-08-22,7,7861,2021-12-27,0
2021-08-23,5,7866,2021-12-27,0
2021-08-24,12,7878,2021-12-27,0
2021-08-25,7,7885,2021-12-27,0
2021-08-26,2,7887,2021-12-27,0
2021-08-27,6,7893,2021-12-27,0
2021-08-28,11,7904,2021-12-27,0
2021-08-29,11,7915,2021-12-27,0
2021-08-30,8,7923,2021-12-27,0
2021-08-31,6,7929,2021-12-27,0
2021-09-01,6,7935,2021-12-27,0
2021-09-02,6,7941,2021-12-27,0
2021-09-03,9,7950,2021-12-27,0
2021-09-04,9,7959,2021-12-27,0
2021-09-05,10,7969,2021-12-27,0
2021-09-06,8,7977,2021-12-27,0
2021-09-07,7,7984,2021-12-27,0
2021-09-08,11,7995,2021-12-27,0
2021-09-09,5,8000,2021-12-27,0
2021-09-10,9,8009,2021-12-27,0
2021-09-11,17,8026,2021-12-27,0
2021-09-12,10,8036,2021-12-27,0
2021-09-13,7,8043,2021-12-27,0
2021-09-14,11,8054,2021-12-27,0
2021-09-15,14,8068,2021-12-27,0
2021-09-16,16,8084,2021-12-27,0
2021-09-17,8,8092,2021-12-27,0
2021-09-18,13,8105,2021-12-27,0
2021-09-19,11,8116,2021-12-27,0
2021-09-20,16,8132,2021-12-27,0
2021-09-21,15,8147,2021-12-27,0
2021-09-22,17,8164,2021-12-27,0
2021-09-23,13,8177,2021-12-27,0
2021-09-24,13,8190,2021-12-27,0
2021-09-25,16,8206,2021-12-27,0
2021-09-26,15,8221,2021-12-27,0
2021-09-27,15,8236,2021-12-27,0
2021-09-28,11,8247,2021-12-27,0
2021-09-29,19,8266,2021-12-27,0
2021-09-30,17,8283,2021-12-27,0
2021-10-01,13,8296,2021-12-27,0
2021-10-02,15,8311,2021-12-27,0
2021-10-03,23,8334,2021-12-27,0
2021-10-04,15,8349,2021-12-27,0
2021-10-05,23,8372,2021-12-27,0
2021-10-06,21,8393,2021-12-27,0
2021-10-07,13,8406,2021-12-27,0
2021-10-08,22,8428,2021-12-27,0
2021-10-09,20,8448,2021-12-27,0
2021-10-10,13,8461,2021-12-27,0
2021-10-11,11,8472,2021-12-27,0
2021-10-12,25,8497,2021-12-27,0
2021-10-13,20,8517,2021-12-27,0
2021-10-14,21,8538,2021-12-27,0
2021-10-15,14,8552,2021-12-27,0
2021-10-16,20,8572,2021-12-27,0
2021-10-17,17,8589,2021-12-27,0
2021-10-18,17,8606,2021-12-27,0
2021-10-19,25,8631,2021-12-27,0
2021-10-20,15,8646,2021-12-27,0
2021-10-21,8,8654,2021-12-27,0
2021-10-22,23,8677,2021-12-27,0
2021-10-23,24,8701,2021-12-27,0
2021-10-24,24,8725,2021-12-27,0
2021-10-25,20,8745,2021-12-27,0
2021-10-26,22,8767,2021-12-27,0
2021-10-27,16,8783,2021-12-27,0
2021-10-28,24,8807,2021-12-27,0
2021-10-29,19,8826,2021-12-27,0
2021-10-30,19,8845,2021-12-27,0
2021-10-31,26,8871,2021-12-27,0
2021-11-01,18,8889,2021-12-27,0
2021-11-02,18,8907,2021-12-27,0
2021-11-03,27,8934,2021-12-27,0
2021-11-04,27,8961,2021-12-27,0
2021-11-05,29,8990,2021-12-27,0
2021-11-06,16,9006,2021-12-27,0
2021-11-07,24,9030,2021-12-27,0
2021-11-08,27,9057,2021-12-27,0
2021-11-09,16,9073,2021-12-27,0
2021-11-10,18,9091,2021-12-27,0
2021-11-11,27,9118,2021-12-27,0
2021-11-12,27,9145,2021-12-27,0
2021-11-13,31,9176,2021-12-27,0
2021-11-14,24,9200,2021-12-27,0
2021-11-15,27,9227,2021-12-27,0
2021-11-16,25,9252,2021-12-27,0
2021-11-17,37,9289,2021-12-27,0
2021-11-18,36,9325,2021-12-27,0
2021-11-19,34,9359,2021-12-27,0
2021-11-20,29,9388,2021-12-27,0
2021-11-21,33,9421,2021-12-27,0
2021-11-22,29,9450,2021-12-27,0
2021-11-23,31,9481,2021-12-27,0
2021-11-24,23,9504,2021-12-27,0
2021-11-25,35,9539,2021-12-27,0
2021-11-26,50,9589,2021-12-27,0
2021-11-27,36,9625,2021-12-27,0
2021-11-28,38,9663,2021-12-27,0
2021-11-29,28,9691,2021-12-27,0
2021-11-30,29,9720,2021-12-27,0
2021-12-01,45,9765,2021-12-27,0
2021-12-02,39,9804,2021-12-27,0
2021-12-03,31,9835,2021-12-27,0
2021-12-04,38,9873,2021-12-27,0
2021-12-05,35,9908,2021-12-27,0
2021-12-06,32,9940,2021-12-27,1
2021-12-07,30,9970,2021-12-27,0
2021-12-08,36,10006,2021-12-27,0
2021-12-09,43,10049,2021-12-27,0
2021-12-10,34,10083,2021-12-27,0
2021-12-11,24,10107,2021-12-27,3
2021-12-12,34,10141,2021-12-27,1
2021-12-13,30,10171,2021-12-27,1
2021-12-14,31,10202,2021-12-27,4
2021-12-15,35,10237,2021-12-27,2
2021-12-16,25,10262,2021-12-27,3
2021-12-17,24,10286,2021-12-27,8
2021-12-18,18,10304,2021-12-27,3
2021-12-19,20,10324,2021-12-27,5
2021-12-20,25,10349,2021-12-27,13
2021-12-21,8,10357,2021-12-27,7
2021-12-22,2,10359,2021-12-27,2
NA,0,10359,2021-12-27,0
2020-03-19,1,1,2021-12-28,0
2020-03-20,0,1,2021-12-28,0
2020-03-21,0,1,2021-12-28,0
2020-03-22,0,1,2021-12-28,0
2020-03-23,0,1,2021-12-28,0
2020-03-24,1,2,2021-12-28,0
2020-03-25,1,3,2021-12-28,0
2020-03-26,1,4,2021-12-28,0
2020-03-27,5,9,2021-12-28,0
2020-03-28,3,12,2021-12-28,0
2020-03-29,0,12,2021-12-28,0
2020-03-30,5,17,2021-12-28,0
2020-03-31,2,19,2021-12-28,0
2020-04-01,5,24,2021-12-28,0
2020-04-02,3,27,2021-12-28,0
2020-04-03,1,28,2021-12-28,0
2020-04-04,5,33,2021-12-28,0
2020-04-05,5,38,2021-12-28,0
2020-04-06,10,48,2021-12-28,0
2020-04-07,6,54,2021-12-28,0
2020-04-08,7,61,2021-12-28,0
2020-04-09,8,69,2021-12-28,0
2020-04-10,6,75,2021-12-28,0
2020-04-11,4,79,2021-12-28,0
2020-04-12,4,83,2021-12-28,0
2020-04-13,10,93,2021-12-28,0
2020-04-14,6,99,2021-12-28,0
2020-04-15,17,116,2021-12-28,0
2020-04-16,10,126,2021-12-28,0
2020-04-17,17,143,2021-12-28,0
2020-04-18,17,160,2021-12-28,0
2020-04-19,16,176,2021-12-28,0
2020-04-20,21,197,2021-12-28,0
2020-04-21,26,223,2021-12-28,0
2020-04-22,21,244,2021-12-28,0
2020-04-23,19,263,2021-12-28,0
2020-04-24,23,286,2021-12-28,0
2020-04-25,18,304,2021-12-28,0
2020-04-26,17,321,2021-12-28,0
2020-04-27,21,342,2021-12-28,0
2020-04-28,16,358,2021-12-28,0
2020-04-29,29,387,2021-12-28,0
2020-04-30,18,405,2021-12-28,0
2020-05-01,30,435,2021-12-28,0
2020-05-02,19,454,2021-12-28,0
2020-05-03,29,483,2021-12-28,0
2020-05-04,23,506,2021-12-28,0
2020-05-05,19,525,2021-12-28,0
2020-05-06,25,550,2021-12-28,0
2020-05-07,30,580,2021-12-28,0
2020-05-08,20,600,2021-12-28,0
2020-05-09,26,626,2021-12-28,0
2020-05-10,19,645,2021-12-28,0
2020-05-11,25,670,2021-12-28,0
2020-05-12,20,690,2021-12-28,0
2020-05-13,22,712,2021-12-28,0
2020-05-14,20,732,2021-12-28,0
2020-05-15,20,752,2021-12-28,0
2020-05-16,20,772,2021-12-28,0
2020-05-17,23,795,2021-12-28,0
2020-05-18,18,813,2021-12-28,0
2020-05-19,35,848,2021-12-28,0
2020-05-20,24,872,2021-12-28,0
2020-05-21,17,889,2021-12-28,0
2020-05-22,20,909,2021-12-28,0
2020-05-23,26,935,2021-12-28,0
2020-05-24,25,960,2021-12-28,0
2020-05-25,30,990,2021-12-28,0
2020-05-26,29,1019,2021-12-28,0
2020-05-27,25,1044,2021-12-28,0
2020-05-28,21,1065,2021-12-28,0
2020-05-29,17,1082,2021-12-28,0
2020-05-30,11,1093,2021-12-28,0
2020-05-31,20,1113,2021-12-28,0
2020-06-01,23,1136,2021-12-28,0
2020-06-02,21,1157,2021-12-28,0
2020-06-03,25,1182,2021-12-28,0
2020-06-04,26,1208,2021-12-28,0
2020-06-05,18,1226,2021-12-28,0
2020-06-06,12,1238,2021-12-28,0
2020-06-07,22,1260,2021-12-28,0
2020-06-08,12,1272,2021-12-28,0
2020-06-09,13,1285,2021-12-28,0
2020-06-10,10,1295,2021-12-28,0
2020-06-11,12,1307,2021-12-28,0
2020-06-12,11,1318,2021-12-28,0
2020-06-13,13,1331,2021-12-28,0
2020-06-14,11,1342,2021-12-28,0
2020-06-15,8,1350,2021-12-28,0
2020-06-16,9,1359,2021-12-28,0
2020-06-17,17,1376,2021-12-28,0
2020-06-18,9,1385,2021-12-28,0
2020-06-19,8,1393,2021-12-28,0
2020-06-20,12,1405,2021-12-28,0
2020-06-21,11,1416,2021-12-28,0
2020-06-22,6,1422,2021-12-28,0
2020-06-23,10,1432,2021-12-28,0
2020-06-24,1,1433,2021-12-28,0
2020-06-25,9,1442,2021-12-28,0
2020-06-26,6,1448,2021-12-28,0
2020-06-27,5,1453,2021-12-28,0
2020-06-28,11,1464,2021-12-28,0
2020-06-29,7,1471,2021-12-28,0
2020-06-30,9,1480,2021-12-28,0
2020-07-01,2,1482,2021-12-28,0
2020-07-02,3,1485,2021-12-28,0
2020-07-03,5,1490,2021-12-28,0
2020-07-04,4,1494,2021-12-28,0
2020-07-05,6,1500,2021-12-28,0
2020-07-06,4,1504,2021-12-28,0
2020-07-07,2,1506,2021-12-28,0
2020-07-08,9,1515,2021-12-28,0
2020-07-09,4,1519,2021-12-28,0
2020-07-10,3,1522,2021-12-28,0
2020-07-11,4,1526,2021-12-28,0
2020-07-12,6,1532,2021-12-28,0
2020-07-13,2,1534,2021-12-28,0
2020-07-14,6,1540,2021-12-28,0
2020-07-15,7,1547,2021-12-28,0
2020-07-16,3,1550,2021-12-28,0
2020-07-17,7,1557,2021-12-28,0
2020-07-18,6,1563,2021-12-28,0
2020-07-19,5,1568,2021-12-28,0
2020-07-20,3,1571,2021-12-28,0
2020-07-21,6,1577,2021-12-28,0
2020-07-22,5,1582,2021-12-28,0
2020-07-23,8,1590,2021-12-28,0
2020-07-24,6,1596,2021-12-28,0
2020-07-25,2,1598,2021-12-28,0
2020-07-26,5,1603,2021-12-28,0
2020-07-27,5,1608,2021-12-28,0
2020-07-28,7,1615,2021-12-28,0
2020-07-29,3,1618,2021-12-28,0
2020-07-30,6,1624,2021-12-28,0
2020-07-31,9,1633,2021-12-28,0
2020-08-01,4,1637,2021-12-28,0
2020-08-02,7,1644,2021-12-28,0
2020-08-03,4,1648,2021-12-28,0
2020-08-04,7,1655,2021-12-28,0
2020-08-05,8,1663,2021-12-28,0
2020-08-06,9,1672,2021-12-28,0
2020-08-07,7,1679,2021-12-28,0
2020-08-08,6,1685,2021-12-28,0
2020-08-09,10,1695,2021-12-28,0
2020-08-10,3,1698,2021-12-28,0
2020-08-11,9,1707,2021-12-28,0
2020-08-12,7,1714,2021-12-28,0
2020-08-13,5,1719,2021-12-28,0
2020-08-14,9,1728,2021-12-28,0
2020-08-15,13,1741,2021-12-28,0
2020-08-16,13,1754,2021-12-28,0
2020-08-17,6,1760,2021-12-28,0
2020-08-18,11,1771,2021-12-28,0
2020-08-19,3,1774,2021-12-28,0
2020-08-20,10,1784,2021-12-28,0
2020-08-21,12,1796,2021-12-28,0
2020-08-22,9,1805,2021-12-28,0
2020-08-23,7,1812,2021-12-28,0
2020-08-24,9,1821,2021-12-28,0
2020-08-25,4,1825,2021-12-28,0
2020-08-26,3,1828,2021-12-28,0
2020-08-27,7,1835,2021-12-28,0
2020-08-28,6,1841,2021-12-28,0
2020-08-29,3,1844,2021-12-28,0
2020-08-30,5,1849,2021-12-28,0
2020-08-31,9,1858,2021-12-28,0
2020-09-01,2,1860,2021-12-28,0
2020-09-02,7,1867,2021-12-28,0
2020-09-03,12,1879,2021-12-28,0
2020-09-04,4,1883,2021-12-28,0
2020-09-05,6,1889,2021-12-28,0
2020-09-06,12,1901,2021-12-28,0
2020-09-07,3,1904,2021-12-28,0
2020-09-08,6,1910,2021-12-28,0
2020-09-09,10,1920,2021-12-28,0
2020-09-10,9,1929,2021-12-28,0
2020-09-11,11,1940,2021-12-28,0
2020-09-12,8,1948,2021-12-28,0
2020-09-13,8,1956,2021-12-28,0
2020-09-14,2,1958,2021-12-28,0
2020-09-15,7,1965,2021-12-28,0
2020-09-16,9,1974,2021-12-28,0
2020-09-17,5,1979,2021-12-28,0
2020-09-18,6,1985,2021-12-28,0
2020-09-19,4,1989,2021-12-28,0
2020-09-20,9,1998,2021-12-28,0
2020-09-21,7,2005,2021-12-28,0
2020-09-22,8,2013,2021-12-28,0
2020-09-23,9,2022,2021-12-28,0
2020-09-24,8,2030,2021-12-28,0
2020-09-25,11,2041,2021-12-28,0
2020-09-26,9,2050,2021-12-28,0
2020-09-27,14,2064,2021-12-28,0
2020-09-28,11,2075,2021-12-28,0
2020-09-29,5,2080,2021-12-28,0
2020-09-30,16,2096,2021-12-28,0
2020-10-01,7,2103,2021-12-28,0
2020-10-02,13,2116,2021-12-28,0
2020-10-03,9,2125,2021-12-28,0
2020-10-04,7,2132,2021-12-28,0
2020-10-05,10,2142,2021-12-28,0
2020-10-06,13,2155,2021-12-28,0
2020-10-07,19,2174,2021-12-28,0
2020-10-08,9,2183,2021-12-28,0
2020-10-09,17,2200,2021-12-28,0
2020-10-10,16,2216,2021-12-28,0
2020-10-11,16,2232,2021-12-28,0
2020-10-12,20,2252,2021-12-28,0
2020-10-13,14,2266,2021-12-28,0
2020-10-14,10,2276,2021-12-28,0
2020-10-15,9,2285,2021-12-28,0
2020-10-16,12,2297,2021-12-28,0
2020-10-17,18,2315,2021-12-28,0
2020-10-18,25,2340,2021-12-28,0
2020-10-19,18,2358,2021-12-28,0
2020-10-20,15,2373,2021-12-28,0
2020-10-21,24,2397,2021-12-28,0
2020-10-22,18,2415,2021-12-28,0
2020-10-23,19,2434,2021-12-28,0
2020-10-24,8,2442,2021-12-28,0
2020-10-25,17,2459,2021-12-28,0
2020-10-26,25,2484,2021-12-28,0
2020-10-27,23,2507,2021-12-28,0
2020-10-28,29,2536,2021-12-28,0
2020-10-29,18,2554,2021-12-28,0
2020-10-30,27,2581,2021-12-28,0
2020-10-31,25,2606,2021-12-28,0
2020-11-01,21,2627,2021-12-28,0
2020-11-02,25,2652,2021-12-28,0
2020-11-03,25,2677,2021-12-28,0
2020-11-04,33,2710,2021-12-28,0
2020-11-05,38,2748,2021-12-28,0
2020-11-06,39,2787,2021-12-28,0
2020-11-07,42,2829,2021-12-28,0
2020-11-08,47,2876,2021-12-28,0
2020-11-09,37,2913,2021-12-28,0
2020-11-10,35,2948,2021-12-28,0
2020-11-11,43,2991,2021-12-28,0
2020-11-12,45,3036,2021-12-28,0
2020-11-13,40,3076,2021-12-28,0
2020-11-14,48,3124,2021-12-28,0
2020-11-15,46,3170,2021-12-28,0
2020-11-16,62,3232,2021-12-28,0
2020-11-17,56,3288,2021-12-28,0
2020-11-18,61,3349,2021-12-28,0
2020-11-19,60,3409,2021-12-28,0
2020-11-20,63,3472,2021-12-28,0
2020-11-21,58,3530,2021-12-28,0
2020-11-22,67,3597,2021-12-28,0
2020-11-23,59,3656,2021-12-28,0
2020-11-24,69,3725,2021-12-28,0
2020-11-25,72,3797,2021-12-28,0
2020-11-26,54,3851,2021-12-28,0
2020-11-27,69,3920,2021-12-28,0
2020-11-28,62,3982,2021-12-28,0
2020-11-29,68,4050,2021-12-28,0
2020-11-30,61,4111,2021-12-28,0
2020-12-01,64,4175,2021-12-28,0
2020-12-02,73,4248,2021-12-28,0
2020-12-03,86,4334,2021-12-28,0
2020-12-04,67,4401,2021-12-28,0
2020-12-05,74,4475,2021-12-28,0
2020-12-06,80,4555,2021-12-28,0
2020-12-07,75,4630,2021-12-28,0
2020-12-08,61,4691,2021-12-28,0
2020-12-09,71,4762,2021-12-28,0
2020-12-10,72,4834,2021-12-28,0
2020-12-11,71,4905,2021-12-28,0
2020-12-12,72,4977,2021-12-28,0
2020-12-13,56,5033,2021-12-28,0
2020-12-14,43,5076,2021-12-28,0
2020-12-15,65,5141,2021-12-28,0
2020-12-16,73,5214,2021-12-28,0
2020-12-17,60,5274,2021-12-28,0
2020-12-18,59,5333,2021-12-28,0
2020-12-19,56,5389,2021-12-28,0
2020-12-20,61,5450,2021-12-28,0
2020-12-21,58,5508,2021-12-28,0
2020-12-22,33,5541,2021-12-28,0
2020-12-23,46,5587,2021-12-28,0
2020-12-24,50,5637,2021-12-28,0
2020-12-25,36,5673,2021-12-28,0
2020-12-26,43,5716,2021-12-28,0
2020-12-27,41,5757,2021-12-28,0
2020-12-28,34,5791,2021-12-28,0
2020-12-29,37,5828,2021-12-28,0
2020-12-30,47,5875,2021-12-28,0
2020-12-31,36,5911,2021-12-28,0
2021-01-01,28,5939,2021-12-28,0
2021-01-02,47,5986,2021-12-28,0
2021-01-03,37,6023,2021-12-28,0
2021-01-04,32,6055,2021-12-28,0
2021-01-05,40,6095,2021-12-28,0
2021-01-06,32,6127,2021-12-28,0
2021-01-07,37,6164,2021-12-28,0
2021-01-08,32,6196,2021-12-28,0
2021-01-09,26,6222,2021-12-28,0
2021-01-10,29,6251,2021-12-28,0
2021-01-11,26,6277,2021-12-28,0
2021-01-12,32,6309,2021-12-28,0
2021-01-13,23,6332,2021-12-28,0
2021-01-14,41,6373,2021-12-28,0
2021-01-15,26,6399,2021-12-28,0
2021-01-16,30,6429,2021-12-28,0
2021-01-17,21,6450,2021-12-28,0
2021-01-18,19,6469,2021-12-28,0
2021-01-19,14,6483,2021-12-28,0
2021-01-20,26,6509,2021-12-28,0
2021-01-21,16,6525,2021-12-28,0
2021-01-22,13,6538,2021-12-28,0
2021-01-23,17,6555,2021-12-28,0
2021-01-24,24,6579,2021-12-28,0
2021-01-25,19,6598,2021-12-28,0
2021-01-26,21,6619,2021-12-28,0
2021-01-27,11,6630,2021-12-28,0
2021-01-28,12,6642,2021-12-28,0
2021-01-29,15,6657,2021-12-28,0
2021-01-30,13,6670,2021-12-28,0
2021-01-31,16,6686,2021-12-28,0
2021-02-01,17,6703,2021-12-28,0
2021-02-02,10,6713,2021-12-28,0
2021-02-03,11,6724,2021-12-28,0
2021-02-04,11,6735,2021-12-28,0
2021-02-05,12,6747,2021-12-28,0
2021-02-06,12,6759,2021-12-28,0
2021-02-07,19,6778,2021-12-28,0
2021-02-08,11,6789,2021-12-28,0
2021-02-09,15,6804,2021-12-28,0
2021-02-10,14,6818,2021-12-28,0
2021-02-11,7,6825,2021-12-28,0
2021-02-12,13,6838,2021-12-28,0
2021-02-13,8,6846,2021-12-28,0
2021-02-14,10,6856,2021-12-28,0
2021-02-15,9,6865,2021-12-28,0
2021-02-16,12,6877,2021-12-28,0
2021-02-17,10,6887,2021-12-28,0
2021-02-18,7,6894,2021-12-28,0
2021-02-19,6,6900,2021-12-28,0
2021-02-20,7,6907,2021-12-28,0
2021-02-21,4,6911,2021-12-28,0
2021-02-22,5,6916,2021-12-28,0
2021-02-23,9,6925,2021-12-28,0
2021-02-24,5,6930,2021-12-28,0
2021-02-25,5,6935,2021-12-28,0
2021-02-26,7,6942,2021-12-28,0
2021-02-27,6,6948,2021-12-28,0
2021-02-28,8,6956,2021-12-28,0
2021-03-01,7,6963,2021-12-28,0
2021-03-02,3,6966,2021-12-28,0
2021-03-03,10,6976,2021-12-28,0
2021-03-04,6,6982,2021-12-28,0
2021-03-05,10,6992,2021-12-28,0
2021-03-06,5,6997,2021-12-28,0
2021-03-07,9,7006,2021-12-28,0
2021-03-08,5,7011,2021-12-28,0
2021-03-09,7,7018,2021-12-28,0
2021-03-10,5,7023,2021-12-28,0
2021-03-11,4,7027,2021-12-28,0
2021-03-12,11,7038,2021-12-28,0
2021-03-13,5,7043,2021-12-28,0
2021-03-14,5,7048,2021-12-28,0
2021-03-15,2,7050,2021-12-28,0
2021-03-16,6,7056,2021-12-28,0
2021-03-17,4,7060,2021-12-28,0
2021-03-18,5,7065,2021-12-28,0
2021-03-19,5,7070,2021-12-28,0
2021-03-20,9,7079,2021-12-28,0
2021-03-21,5,7084,2021-12-28,0
2021-03-22,4,7088,2021-12-28,0
2021-03-23,5,7093,2021-12-28,0
2021-03-24,1,7094,2021-12-28,0
2021-03-25,5,7099,2021-12-28,0
2021-03-26,3,7102,2021-12-28,0
2021-03-27,7,7109,2021-12-28,0
2021-03-28,6,7115,2021-12-28,0
2021-03-29,5,7120,2021-12-28,0
2021-03-30,6,7126,2021-12-28,0
2021-03-31,8,7134,2021-12-28,0
2021-04-01,6,7140,2021-12-28,0
2021-04-02,9,7149,2021-12-28,0
2021-04-03,8,7157,2021-12-28,0
2021-04-04,6,7163,2021-12-28,0
2021-04-05,8,7171,2021-12-28,0
2021-04-06,7,7178,2021-12-28,0
2021-04-07,6,7184,2021-12-28,0
2021-04-08,10,7194,2021-12-28,0
2021-04-09,7,7201,2021-12-28,0
2021-04-10,7,7208,2021-12-28,0
2021-04-11,8,7216,2021-12-28,0
2021-04-12,10,7226,2021-12-28,0
2021-04-13,7,7233,2021-12-28,0
2021-04-14,8,7241,2021-12-28,0
2021-04-15,14,7255,2021-12-28,0
2021-04-16,8,7263,2021-12-28,0
2021-04-17,8,7271,2021-12-28,0
2021-04-18,8,7279,2021-12-28,0
2021-04-19,10,7289,2021-12-28,0
2021-04-20,5,7294,2021-12-28,0
2021-04-21,8,7302,2021-12-28,0
2021-04-22,3,7305,2021-12-28,0
2021-04-23,15,7320,2021-12-28,0
2021-04-24,11,7331,2021-12-28,0
2021-04-25,15,7346,2021-12-28,0
2021-04-26,15,7361,2021-12-28,0
2021-04-27,7,7368,2021-12-28,0
2021-04-28,14,7382,2021-12-28,0
2021-04-29,8,7390,2021-12-28,0
2021-04-30,11,7401,2021-12-28,0
2021-05-01,7,7408,2021-12-28,0
2021-05-02,8,7416,2021-12-28,0
2021-05-03,5,7421,2021-12-28,0
2021-05-04,13,7434,2021-12-28,0
2021-05-05,8,7442,2021-12-28,0
2021-05-06,5,7447,2021-12-28,0
2021-05-07,8,7455,2021-12-28,0
2021-05-08,7,7462,2021-12-28,0
2021-05-09,9,7471,2021-12-28,0
2021-05-10,8,7479,2021-12-28,0
2021-05-11,6,7485,2021-12-28,0
2021-05-12,9,7494,2021-12-28,0
2021-05-13,9,7503,2021-12-28,0
2021-05-14,11,7514,2021-12-28,0
2021-05-15,10,7524,2021-12-28,0
2021-05-16,6,7530,2021-12-28,0
2021-05-17,6,7536,2021-12-28,0
2021-05-18,7,7543,2021-12-28,0
2021-05-19,2,7545,2021-12-28,0
2021-05-20,5,7550,2021-12-28,0
2021-05-21,7,7557,2021-12-28,0
2021-05-22,11,7568,2021-12-28,0
2021-05-23,5,7573,2021-12-28,0
2021-05-24,5,7578,2021-12-28,0
2021-05-25,6,7584,2021-12-28,0
2021-05-26,3,7587,2021-12-28,0
2021-05-27,7,7594,2021-12-28,0
2021-05-28,2,7596,2021-12-28,0
2021-05-29,6,7602,2021-12-28,0
2021-05-30,4,7606,2021-12-28,0
2021-05-31,3,7609,2021-12-28,0
2021-06-01,5,7614,2021-12-28,0
2021-06-02,8,7622,2021-12-28,0
2021-06-03,4,7626,2021-12-28,0
2021-06-04,4,7630,2021-12-28,0
2021-06-05,2,7632,2021-12-28,0
2021-06-06,5,7637,2021-12-28,0
2021-06-07,3,7640,2021-12-28,0
2021-06-08,5,7645,2021-12-28,0
2021-06-09,4,7649,2021-12-28,0
2021-06-10,6,7655,2021-12-28,0
2021-06-11,6,7661,2021-12-28,0
2021-06-12,4,7665,2021-12-28,0
2021-06-13,4,7669,2021-12-28,0
2021-06-14,3,7672,2021-12-28,0
2021-06-15,2,7674,2021-12-28,0
2021-06-16,2,7676,2021-12-28,0
2021-06-17,4,7680,2021-12-28,0
2021-06-18,1,7681,2021-12-28,0
2021-06-19,6,7687,2021-12-28,0
2021-06-20,1,7688,2021-12-28,0
2021-06-21,5,7693,2021-12-28,0
2021-06-22,3,7696,2021-12-28,0
2021-06-23,4,7700,2021-12-28,0
2021-06-24,3,7703,2021-12-28,0
2021-06-25,3,7706,2021-12-28,0
2021-06-26,4,7710,2021-12-28,0
2021-06-27,2,7712,2021-12-28,0
2021-06-28,2,7714,2021-12-28,0
2021-06-29,2,7716,2021-12-28,0
2021-06-30,2,7718,2021-12-28,0
2021-07-01,0,7718,2021-12-28,0
2021-07-02,2,7720,2021-12-28,0
2021-07-03,2,7722,2021-12-28,0
2021-07-04,3,7725,2021-12-28,0
2021-07-05,1,7726,2021-12-28,0
2021-07-06,4,7730,2021-12-28,0
2021-07-07,1,7731,2021-12-28,0
2021-07-08,1,7732,2021-12-28,0
2021-07-09,0,7732,2021-12-28,0
2021-07-10,1,7733,2021-12-28,0
2021-07-11,3,7736,2021-12-28,0
2021-07-12,1,7737,2021-12-28,0
2021-07-13,2,7739,2021-12-28,0
2021-07-14,2,7741,2021-12-28,0
2021-07-15,2,7743,2021-12-28,0
2021-07-16,1,7744,2021-12-28,0
2021-07-17,1,7745,2021-12-28,0
2021-07-18,0,7745,2021-12-28,0
2021-07-19,0,7745,2021-12-28,0
2021-07-20,2,7747,2021-12-28,0
2021-07-21,2,7749,2021-12-28,0
2021-07-22,2,7751,2021-12-28,0
2021-07-23,3,7754,2021-12-28,0
2021-07-24,0,7754,2021-12-28,0
2021-07-25,2,7756,2021-12-28,0
2021-07-26,1,7757,2021-12-28,0
2021-07-27,2,7759,2021-12-28,0
2021-07-28,3,7762,2021-12-28,0
2021-07-29,2,7764,2021-12-28,0
2021-07-30,5,7769,2021-12-28,0
2021-07-31,4,7773,2021-12-28,0
2021-08-01,1,7774,2021-12-28,0
2021-08-02,3,7777,2021-12-28,0
2021-08-03,2,7779,2021-12-28,0
2021-08-04,3,7782,2021-12-28,0
2021-08-05,2,7784,2021-12-28,0
2021-08-06,7,7791,2021-12-28,0
2021-08-07,3,7794,2021-12-28,0
2021-08-08,2,7796,2021-12-28,0
2021-08-09,3,7799,2021-12-28,0
2021-08-10,2,7801,2021-12-28,0
2021-08-11,2,7803,2021-12-28,0
2021-08-12,7,7810,2021-12-28,0
2021-08-13,5,7815,2021-12-28,0
2021-08-14,6,7821,2021-12-28,0
2021-08-15,0,7821,2021-12-28,0
2021-08-16,7,7828,2021-12-28,0
2021-08-17,7,7835,2021-12-28,0
2021-08-18,9,7844,2021-12-28,0
2021-08-19,2,7846,2021-12-28,0
2021-08-20,3,7849,2021-12-28,0
2021-08-21,5,7854,2021-12-28,0
2021-08-22,7,7861,2021-12-28,0
2021-08-23,5,7866,2021-12-28,0
2021-08-24,12,7878,2021-12-28,0
2021-08-25,7,7885,2021-12-28,0
2021-08-26,2,7887,2021-12-28,0
2021-08-27,6,7893,2021-12-28,0
2021-08-28,11,7904,2021-12-28,0
2021-08-29,11,7915,2021-12-28,0
2021-08-30,8,7923,2021-12-28,0
2021-08-31,6,7929,2021-12-28,0
2021-09-01,6,7935,2021-12-28,0
2021-09-02,6,7941,2021-12-28,0
2021-09-03,9,7950,2021-12-28,0
2021-09-04,9,7959,2021-12-28,0
2021-09-05,10,7969,2021-12-28,0
2021-09-06,8,7977,2021-12-28,0
2021-09-07,7,7984,2021-12-28,0
2021-09-08,11,7995,2021-12-28,0
2021-09-09,5,8000,2021-12-28,0
2021-09-10,9,8009,2021-12-28,0
2021-09-11,17,8026,2021-12-28,0
2021-09-12,10,8036,2021-12-28,0
2021-09-13,7,8043,2021-12-28,0
2021-09-14,11,8054,2021-12-28,0
2021-09-15,14,8068,2021-12-28,0
2021-09-16,16,8084,2021-12-28,0
2021-09-17,8,8092,2021-12-28,0
2021-09-18,13,8105,2021-12-28,0
2021-09-19,11,8116,2021-12-28,0
2021-09-20,16,8132,2021-12-28,0
2021-09-21,15,8147,2021-12-28,0
2021-09-22,17,8164,2021-12-28,0
2021-09-23,13,8177,2021-12-28,0
2021-09-24,13,8190,2021-12-28,0
2021-09-25,16,8206,2021-12-28,0
2021-09-26,15,8221,2021-12-28,0
2021-09-27,15,8236,2021-12-28,0
2021-09-28,11,8247,2021-12-28,0
2021-09-29,19,8266,2021-12-28,0
2021-09-30,17,8283,2021-12-28,0
2021-10-01,13,8296,2021-12-28,0
2021-10-02,15,8311,2021-12-28,0
2021-10-03,23,8334,2021-12-28,0
2021-10-04,15,8349,2021-12-28,0
2021-10-05,23,8372,2021-12-28,0
2021-10-06,21,8393,2021-12-28,0
2021-10-07,14,8407,2021-12-28,1
2021-10-08,22,8429,2021-12-28,0
2021-10-09,20,8449,2021-12-28,0
2021-10-10,13,8462,2021-12-28,0
2021-10-11,11,8473,2021-12-28,0
2021-10-12,25,8498,2021-12-28,0
2021-10-13,20,8518,2021-12-28,0
2021-10-14,21,8539,2021-12-28,0
2021-10-15,14,8553,2021-12-28,0
2021-10-16,20,8573,2021-12-28,0
2021-10-17,17,8590,2021-12-28,0
2021-10-18,17,8607,2021-12-28,0
2021-10-19,25,8632,2021-12-28,0
2021-10-20,15,8647,2021-12-28,0
2021-10-21,8,8655,2021-12-28,0
2021-10-22,23,8678,2021-12-28,0
2021-10-23,24,8702,2021-12-28,0
2021-10-24,24,8726,2021-12-28,0
2021-10-25,20,8746,2021-12-28,0
2021-10-26,22,8768,2021-12-28,0
2021-10-27,16,8784,2021-12-28,0
2021-10-28,24,8808,2021-12-28,0
2021-10-29,19,8827,2021-12-28,0
2021-10-30,19,8846,2021-12-28,0
2021-10-31,26,8872,2021-12-28,0
2021-11-01,18,8890,2021-12-28,0
2021-11-02,18,8908,2021-12-28,0
2021-11-03,27,8935,2021-12-28,0
2021-11-04,27,8962,2021-12-28,0
2021-11-05,29,8991,2021-12-28,0
2021-11-06,16,9007,2021-12-28,0
2021-11-07,24,9031,2021-12-28,0
2021-11-08,27,9058,2021-12-28,0
2021-11-09,16,9074,2021-12-28,0
2021-11-10,18,9092,2021-12-28,0
2021-11-11,27,9119,2021-12-28,0
2021-11-12,27,9146,2021-12-28,0
2021-11-13,31,9177,2021-12-28,0
2021-11-14,24,9201,2021-12-28,0
2021-11-15,28,9229,2021-12-28,1
2021-11-16,25,9254,2021-12-28,0
2021-11-17,37,9291,2021-12-28,0
2021-11-18,36,9327,2021-12-28,0
2021-11-19,34,9361,2021-12-28,0
2021-11-20,30,9391,2021-12-28,1
2021-11-21,32,9423,2021-12-28,-1
2021-11-22,29,9452,2021-12-28,0
2021-11-23,31,9483,2021-12-28,0
2021-11-24,23,9506,2021-12-28,0
2021-11-25,35,9541,2021-12-28,0
2021-11-26,50,9591,2021-12-28,0
2021-11-27,36,9627,2021-12-28,0
2021-11-28,38,9665,2021-12-28,0
2021-11-29,28,9693,2021-12-28,0
2021-11-30,29,9722,2021-12-28,0
2021-12-01,45,9767,2021-12-28,0
2021-12-02,39,9806,2021-12-28,0
2021-12-03,31,9837,2021-12-28,0
2021-12-04,38,9875,2021-12-28,0
2021-12-05,35,9910,2021-12-28,0
2021-12-06,32,9942,2021-12-28,0
2021-12-07,31,9973,2021-12-28,1
2021-12-08,36,10009,2021-12-28,0
2021-12-09,43,10052,2021-12-28,0
2021-12-10,34,10086,2021-12-28,0
2021-12-11,24,10110,2021-12-28,0
2021-12-12,35,10145,2021-12-28,1
2021-12-13,30,10175,2021-12-28,0
2021-12-14,32,10207,2021-12-28,1
2021-12-15,36,10243,2021-12-28,1
2021-12-16,28,10271,2021-12-28,3
2021-12-17,25,10296,2021-12-28,1
2021-12-18,24,10320,2021-12-28,6
2021-12-19,25,10345,2021-12-28,5
2021-12-20,26,10371,2021-12-28,1
2021-12-21,16,10387,2021-12-28,8
2021-12-22,11,10398,2021-12-28,9
2021-12-23,1,10399,2021-12-28,1
NA,0,10399,2021-12-28,0
2020-03-19,1,1,2021-12-29,0
2020-03-20,0,1,2021-12-29,0
2020-03-21,0,1,2021-12-29,0
2020-03-22,0,1,2021-12-29,0
2020-03-23,0,1,2021-12-29,0
2020-03-24,1,2,2021-12-29,0
2020-03-25,1,3,2021-12-29,0
2020-03-26,1,4,2021-12-29,0
2020-03-27,5,9,2021-12-29,0
2020-03-28,3,12,2021-12-29,0
2020-03-29,0,12,2021-12-29,0
2020-03-30,5,17,2021-12-29,0
2020-03-31,2,19,2021-12-29,0
2020-04-01,5,24,2021-12-29,0
2020-04-02,3,27,2021-12-29,0
2020-04-03,1,28,2021-12-29,0
2020-04-04,5,33,2021-12-29,0
2020-04-05,5,38,2021-12-29,0
2020-04-06,10,48,2021-12-29,0
2020-04-07,6,54,2021-12-29,0
2020-04-08,7,61,2021-12-29,0
2020-04-09,8,69,2021-12-29,0
2020-04-10,6,75,2021-12-29,0
2020-04-11,4,79,2021-12-29,0
2020-04-12,4,83,2021-12-29,0
2020-04-13,10,93,2021-12-29,0
2020-04-14,6,99,2021-12-29,0
2020-04-15,17,116,2021-12-29,0
2020-04-16,10,126,2021-12-29,0
2020-04-17,17,143,2021-12-29,0
2020-04-18,17,160,2021-12-29,0
2020-04-19,16,176,2021-12-29,0
2020-04-20,21,197,2021-12-29,0
2020-04-21,26,223,2021-12-29,0
2020-04-22,21,244,2021-12-29,0
2020-04-23,19,263,2021-12-29,0
2020-04-24,23,286,2021-12-29,0
2020-04-25,18,304,2021-12-29,0
2020-04-26,17,321,2021-12-29,0
2020-04-27,21,342,2021-12-29,0
2020-04-28,16,358,2021-12-29,0
2020-04-29,29,387,2021-12-29,0
2020-04-30,18,405,2021-12-29,0
2020-05-01,30,435,2021-12-29,0
2020-05-02,19,454,2021-12-29,0
2020-05-03,29,483,2021-12-29,0
2020-05-04,23,506,2021-12-29,0
2020-05-05,19,525,2021-12-29,0
2020-05-06,25,550,2021-12-29,0
2020-05-07,30,580,2021-12-29,0
2020-05-08,20,600,2021-12-29,0
2020-05-09,26,626,2021-12-29,0
2020-05-10,19,645,2021-12-29,0
2020-05-11,25,670,2021-12-29,0
2020-05-12,20,690,2021-12-29,0
2020-05-13,22,712,2021-12-29,0
2020-05-14,20,732,2021-12-29,0
2020-05-15,20,752,2021-12-29,0
2020-05-16,20,772,2021-12-29,0
2020-05-17,23,795,2021-12-29,0
2020-05-18,18,813,2021-12-29,0
2020-05-19,35,848,2021-12-29,0
2020-05-20,24,872,2021-12-29,0
2020-05-21,17,889,2021-12-29,0
2020-05-22,20,909,2021-12-29,0
2020-05-23,26,935,2021-12-29,0
2020-05-24,25,960,2021-12-29,0
2020-05-25,30,990,2021-12-29,0
2020-05-26,29,1019,2021-12-29,0
2020-05-27,25,1044,2021-12-29,0
2020-05-28,21,1065,2021-12-29,0
2020-05-29,17,1082,2021-12-29,0
2020-05-30,11,1093,2021-12-29,0
2020-05-31,20,1113,2021-12-29,0
2020-06-01,23,1136,2021-12-29,0
2020-06-02,21,1157,2021-12-29,0
2020-06-03,25,1182,2021-12-29,0
2020-06-04,26,1208,2021-12-29,0
2020-06-05,18,1226,2021-12-29,0
2020-06-06,12,1238,2021-12-29,0
2020-06-07,22,1260,2021-12-29,0
2020-06-08,12,1272,2021-12-29,0
2020-06-09,13,1285,2021-12-29,0
2020-06-10,10,1295,2021-12-29,0
2020-06-11,12,1307,2021-12-29,0
2020-06-12,11,1318,2021-12-29,0
2020-06-13,13,1331,2021-12-29,0
2020-06-14,11,1342,2021-12-29,0
2020-06-15,8,1350,2021-12-29,0
2020-06-16,9,1359,2021-12-29,0
2020-06-17,17,1376,2021-12-29,0
2020-06-18,9,1385,2021-12-29,0
2020-06-19,8,1393,2021-12-29,0
2020-06-20,12,1405,2021-12-29,0
2020-06-21,11,1416,2021-12-29,0
2020-06-22,6,1422,2021-12-29,0
2020-06-23,10,1432,2021-12-29,0
2020-06-24,1,1433,2021-12-29,0
2020-06-25,9,1442,2021-12-29,0
2020-06-26,6,1448,2021-12-29,0
2020-06-27,5,1453,2021-12-29,0
2020-06-28,11,1464,2021-12-29,0
2020-06-29,7,1471,2021-12-29,0
2020-06-30,9,1480,2021-12-29,0
2020-07-01,2,1482,2021-12-29,0
2020-07-02,3,1485,2021-12-29,0
2020-07-03,5,1490,2021-12-29,0
2020-07-04,4,1494,2021-12-29,0
2020-07-05,6,1500,2021-12-29,0
2020-07-06,4,1504,2021-12-29,0
2020-07-07,2,1506,2021-12-29,0
2020-07-08,9,1515,2021-12-29,0
2020-07-09,4,1519,2021-12-29,0
2020-07-10,3,1522,2021-12-29,0
2020-07-11,4,1526,2021-12-29,0
2020-07-12,6,1532,2021-12-29,0
2020-07-13,2,1534,2021-12-29,0
2020-07-14,6,1540,2021-12-29,0
2020-07-15,7,1547,2021-12-29,0
2020-07-16,3,1550,2021-12-29,0
2020-07-17,7,1557,2021-12-29,0
2020-07-18,6,1563,2021-12-29,0
2020-07-19,5,1568,2021-12-29,0
2020-07-20,3,1571,2021-12-29,0
2020-07-21,6,1577,2021-12-29,0
2020-07-22,5,1582,2021-12-29,0
2020-07-23,8,1590,2021-12-29,0
2020-07-24,6,1596,2021-12-29,0
2020-07-25,2,1598,2021-12-29,0
2020-07-26,5,1603,2021-12-29,0
2020-07-27,5,1608,2021-12-29,0
2020-07-28,7,1615,2021-12-29,0
2020-07-29,3,1618,2021-12-29,0
2020-07-30,6,1624,2021-12-29,0
2020-07-31,9,1633,2021-12-29,0
2020-08-01,4,1637,2021-12-29,0
2020-08-02,7,1644,2021-12-29,0
2020-08-03,4,1648,2021-12-29,0
2020-08-04,7,1655,2021-12-29,0
2020-08-05,8,1663,2021-12-29,0
2020-08-06,9,1672,2021-12-29,0
2020-08-07,7,1679,2021-12-29,0
2020-08-08,6,1685,2021-12-29,0
2020-08-09,10,1695,2021-12-29,0
2020-08-10,3,1698,2021-12-29,0
2020-08-11,9,1707,2021-12-29,0
2020-08-12,7,1714,2021-12-29,0
2020-08-13,5,1719,2021-12-29,0
2020-08-14,9,1728,2021-12-29,0
2020-08-15,13,1741,2021-12-29,0
2020-08-16,13,1754,2021-12-29,0
2020-08-17,6,1760,2021-12-29,0
2020-08-18,11,1771,2021-12-29,0
2020-08-19,3,1774,2021-12-29,0
2020-08-20,10,1784,2021-12-29,0
2020-08-21,12,1796,2021-12-29,0
2020-08-22,9,1805,2021-12-29,0
2020-08-23,7,1812,2021-12-29,0
2020-08-24,9,1821,2021-12-29,0
2020-08-25,4,1825,2021-12-29,0
2020-08-26,3,1828,2021-12-29,0
2020-08-27,7,1835,2021-12-29,0
2020-08-28,6,1841,2021-12-29,0
2020-08-29,3,1844,2021-12-29,0
2020-08-30,5,1849,2021-12-29,0
2020-08-31,9,1858,2021-12-29,0
2020-09-01,2,1860,2021-12-29,0
2020-09-02,7,1867,2021-12-29,0
2020-09-03,12,1879,2021-12-29,0
2020-09-04,4,1883,2021-12-29,0
2020-09-05,6,1889,2021-12-29,0
2020-09-06,12,1901,2021-12-29,0
2020-09-07,3,1904,2021-12-29,0
2020-09-08,6,1910,2021-12-29,0
2020-09-09,10,1920,2021-12-29,0
2020-09-10,9,1929,2021-12-29,0
2020-09-11,11,1940,2021-12-29,0
2020-09-12,8,1948,2021-12-29,0
2020-09-13,8,1956,2021-12-29,0
2020-09-14,2,1958,2021-12-29,0
2020-09-15,7,1965,2021-12-29,0
2020-09-16,9,1974,2021-12-29,0
2020-09-17,5,1979,2021-12-29,0
2020-09-18,6,1985,2021-12-29,0
2020-09-19,4,1989,2021-12-29,0
2020-09-20,9,1998,2021-12-29,0
2020-09-21,7,2005,2021-12-29,0
2020-09-22,8,2013,2021-12-29,0
2020-09-23,9,2022,2021-12-29,0
2020-09-24,8,2030,2021-12-29,0
2020-09-25,11,2041,2021-12-29,0
2020-09-26,9,2050,2021-12-29,0
2020-09-27,14,2064,2021-12-29,0
2020-09-28,11,2075,2021-12-29,0
2020-09-29,5,2080,2021-12-29,0
2020-09-30,16,2096,2021-12-29,0
2020-10-01,7,2103,2021-12-29,0
2020-10-02,13,2116,2021-12-29,0
2020-10-03,9,2125,2021-12-29,0
2020-10-04,7,2132,2021-12-29,0
2020-10-05,10,2142,2021-12-29,0
2020-10-06,13,2155,2021-12-29,0
2020-10-07,19,2174,2021-12-29,0
2020-10-08,9,2183,2021-12-29,0
2020-10-09,17,2200,2021-12-29,0
2020-10-10,16,2216,2021-12-29,0
2020-10-11,16,2232,2021-12-29,0
2020-10-12,20,2252,2021-12-29,0
2020-10-13,14,2266,2021-12-29,0
2020-10-14,10,2276,2021-12-29,0
2020-10-15,9,2285,2021-12-29,0
2020-10-16,12,2297,2021-12-29,0
2020-10-17,18,2315,2021-12-29,0
2020-10-18,25,2340,2021-12-29,0
2020-10-19,18,2358,2021-12-29,0
2020-10-20,15,2373,2021-12-29,0
2020-10-21,24,2397,2021-12-29,0
2020-10-22,18,2415,2021-12-29,0
2020-10-23,19,2434,2021-12-29,0
2020-10-24,8,2442,2021-12-29,0
2020-10-25,17,2459,2021-12-29,0
2020-10-26,25,2484,2021-12-29,0
2020-10-27,23,2507,2021-12-29,0
2020-10-28,29,2536,2021-12-29,0
2020-10-29,18,2554,2021-12-29,0
2020-10-30,27,2581,2021-12-29,0
2020-10-31,25,2606,2021-12-29,0
2020-11-01,21,2627,2021-12-29,0
2020-11-02,25,2652,2021-12-29,0
2020-11-03,25,2677,2021-12-29,0
2020-11-04,33,2710,2021-12-29,0
2020-11-05,38,2748,2021-12-29,0
2020-11-06,39,2787,2021-12-29,0
2020-11-07,42,2829,2021-12-29,0
2020-11-08,47,2876,2021-12-29,0
2020-11-09,37,2913,2021-12-29,0
2020-11-10,35,2948,2021-12-29,0
2020-11-11,43,2991,2021-12-29,0
2020-11-12,45,3036,2021-12-29,0
2020-11-13,40,3076,2021-12-29,0
2020-11-14,48,3124,2021-12-29,0
2020-11-15,46,3170,2021-12-29,0
2020-11-16,62,3232,2021-12-29,0
2020-11-17,56,3288,2021-12-29,0
2020-11-18,61,3349,2021-12-29,0
2020-11-19,60,3409,2021-12-29,0
2020-11-20,63,3472,2021-12-29,0
2020-11-21,58,3530,2021-12-29,0
2020-11-22,67,3597,2021-12-29,0
2020-11-23,59,3656,2021-12-29,0
2020-11-24,69,3725,2021-12-29,0
2020-11-25,72,3797,2021-12-29,0
2020-11-26,54,3851,2021-12-29,0
2020-11-27,69,3920,2021-12-29,0
2020-11-28,62,3982,2021-12-29,0
2020-11-29,68,4050,2021-12-29,0
2020-11-30,61,4111,2021-12-29,0
2020-12-01,64,4175,2021-12-29,0
2020-12-02,73,4248,2021-12-29,0
2020-12-03,86,4334,2021-12-29,0
2020-12-04,67,4401,2021-12-29,0
2020-12-05,74,4475,2021-12-29,0
2020-12-06,80,4555,2021-12-29,0
2020-12-07,75,4630,2021-12-29,0
2020-12-08,61,4691,2021-12-29,0
2020-12-09,71,4762,2021-12-29,0
2020-12-10,72,4834,2021-12-29,0
2020-12-11,71,4905,2021-12-29,0
2020-12-12,72,4977,2021-12-29,0
2020-12-13,56,5033,2021-12-29,0
2020-12-14,43,5076,2021-12-29,0
2020-12-15,65,5141,2021-12-29,0
2020-12-16,73,5214,2021-12-29,0
2020-12-17,60,5274,2021-12-29,0
2020-12-18,59,5333,2021-12-29,0
2020-12-19,56,5389,2021-12-29,0
2020-12-20,61,5450,2021-12-29,0
2020-12-21,58,5508,2021-12-29,0
2020-12-22,33,5541,2021-12-29,0
2020-12-23,46,5587,2021-12-29,0
2020-12-24,50,5637,2021-12-29,0
2020-12-25,36,5673,2021-12-29,0
2020-12-26,43,5716,2021-12-29,0
2020-12-27,41,5757,2021-12-29,0
2020-12-28,34,5791,2021-12-29,0
2020-12-29,37,5828,2021-12-29,0
2020-12-30,47,5875,2021-12-29,0
2020-12-31,36,5911,2021-12-29,0
2021-01-01,28,5939,2021-12-29,0
2021-01-02,47,5986,2021-12-29,0
2021-01-03,37,6023,2021-12-29,0
2021-01-04,32,6055,2021-12-29,0
2021-01-05,40,6095,2021-12-29,0
2021-01-06,32,6127,2021-12-29,0
2021-01-07,37,6164,2021-12-29,0
2021-01-08,32,6196,2021-12-29,0
2021-01-09,26,6222,2021-12-29,0
2021-01-10,29,6251,2021-12-29,0
2021-01-11,26,6277,2021-12-29,0
2021-01-12,32,6309,2021-12-29,0
2021-01-13,23,6332,2021-12-29,0
2021-01-14,41,6373,2021-12-29,0
2021-01-15,26,6399,2021-12-29,0
2021-01-16,30,6429,2021-12-29,0
2021-01-17,21,6450,2021-12-29,0
2021-01-18,19,6469,2021-12-29,0
2021-01-19,14,6483,2021-12-29,0
2021-01-20,26,6509,2021-12-29,0
2021-01-21,16,6525,2021-12-29,0
2021-01-22,13,6538,2021-12-29,0
2021-01-23,17,6555,2021-12-29,0
2021-01-24,24,6579,2021-12-29,0
2021-01-25,19,6598,2021-12-29,0
2021-01-26,21,6619,2021-12-29,0
2021-01-27,11,6630,2021-12-29,0
2021-01-28,12,6642,2021-12-29,0
2021-01-29,15,6657,2021-12-29,0
2021-01-30,13,6670,2021-12-29,0
2021-01-31,16,6686,2021-12-29,0
2021-02-01,17,6703,2021-12-29,0
2021-02-02,10,6713,2021-12-29,0
2021-02-03,11,6724,2021-12-29,0
2021-02-04,11,6735,2021-12-29,0
2021-02-05,12,6747,2021-12-29,0
2021-02-06,12,6759,2021-12-29,0
2021-02-07,19,6778,2021-12-29,0
2021-02-08,11,6789,2021-12-29,0
2021-02-09,15,6804,2021-12-29,0
2021-02-10,14,6818,2021-12-29,0
2021-02-11,7,6825,2021-12-29,0
2021-02-12,13,6838,2021-12-29,0
2021-02-13,8,6846,2021-12-29,0
2021-02-14,10,6856,2021-12-29,0
2021-02-15,9,6865,2021-12-29,0
2021-02-16,12,6877,2021-12-29,0
2021-02-17,10,6887,2021-12-29,0
2021-02-18,7,6894,2021-12-29,0
2021-02-19,6,6900,2021-12-29,0
2021-02-20,7,6907,2021-12-29,0
2021-02-21,4,6911,2021-12-29,0
2021-02-22,5,6916,2021-12-29,0
2021-02-23,9,6925,2021-12-29,0
2021-02-24,5,6930,2021-12-29,0
2021-02-25,5,6935,2021-12-29,0
2021-02-26,7,6942,2021-12-29,0
2021-02-27,6,6948,2021-12-29,0
2021-02-28,8,6956,2021-12-29,0
2021-03-01,7,6963,2021-12-29,0
2021-03-02,3,6966,2021-12-29,0
2021-03-03,10,6976,2021-12-29,0
2021-03-04,6,6982,2021-12-29,0
2021-03-05,10,6992,2021-12-29,0
2021-03-06,5,6997,2021-12-29,0
2021-03-07,9,7006,2021-12-29,0
2021-03-08,5,7011,2021-12-29,0
2021-03-09,7,7018,2021-12-29,0
2021-03-10,5,7023,2021-12-29,0
2021-03-11,4,7027,2021-12-29,0
2021-03-12,11,7038,2021-12-29,0
2021-03-13,5,7043,2021-12-29,0
2021-03-14,5,7048,2021-12-29,0
2021-03-15,2,7050,2021-12-29,0
2021-03-16,6,7056,2021-12-29,0
2021-03-17,4,7060,2021-12-29,0
2021-03-18,5,7065,2021-12-29,0
2021-03-19,5,7070,2021-12-29,0
2021-03-20,9,7079,2021-12-29,0
2021-03-21,5,7084,2021-12-29,0
2021-03-22,4,7088,2021-12-29,0
2021-03-23,5,7093,2021-12-29,0
2021-03-24,1,7094,2021-12-29,0
2021-03-25,5,7099,2021-12-29,0
2021-03-26,3,7102,2021-12-29,0
2021-03-27,7,7109,2021-12-29,0
2021-03-28,6,7115,2021-12-29,0
2021-03-29,5,7120,2021-12-29,0
2021-03-30,6,7126,2021-12-29,0
2021-03-31,8,7134,2021-12-29,0
2021-04-01,6,7140,2021-12-29,0
2021-04-02,9,7149,2021-12-29,0
2021-04-03,8,7157,2021-12-29,0
2021-04-04,6,7163,2021-12-29,0
2021-04-05,8,7171,2021-12-29,0
2021-04-06,7,7178,2021-12-29,0
2021-04-07,6,7184,2021-12-29,0
2021-04-08,10,7194,2021-12-29,0
2021-04-09,7,7201,2021-12-29,0
2021-04-10,7,7208,2021-12-29,0
2021-04-11,8,7216,2021-12-29,0
2021-04-12,10,7226,2021-12-29,0
2021-04-13,7,7233,2021-12-29,0
2021-04-14,8,7241,2021-12-29,0
2021-04-15,14,7255,2021-12-29,0
2021-04-16,8,7263,2021-12-29,0
2021-04-17,8,7271,2021-12-29,0
2021-04-18,8,7279,2021-12-29,0
2021-04-19,10,7289,2021-12-29,0
2021-04-20,5,7294,2021-12-29,0
2021-04-21,8,7302,2021-12-29,0
2021-04-22,3,7305,2021-12-29,0
2021-04-23,15,7320,2021-12-29,0
2021-04-24,11,7331,2021-12-29,0
2021-04-25,15,7346,2021-12-29,0
2021-04-26,15,7361,2021-12-29,0
2021-04-27,7,7368,2021-12-29,0
2021-04-28,14,7382,2021-12-29,0
2021-04-29,8,7390,2021-12-29,0
2021-04-30,11,7401,2021-12-29,0
2021-05-01,7,7408,2021-12-29,0
2021-05-02,8,7416,2021-12-29,0
2021-05-03,5,7421,2021-12-29,0
2021-05-04,13,7434,2021-12-29,0
2021-05-05,8,7442,2021-12-29,0
2021-05-06,5,7447,2021-12-29,0
2021-05-07,8,7455,2021-12-29,0
2021-05-08,7,7462,2021-12-29,0
2021-05-09,9,7471,2021-12-29,0
2021-05-10,8,7479,2021-12-29,0
2021-05-11,6,7485,2021-12-29,0
2021-05-12,9,7494,2021-12-29,0
2021-05-13,9,7503,2021-12-29,0
2021-05-14,11,7514,2021-12-29,0
2021-05-15,10,7524,2021-12-29,0
2021-05-16,6,7530,2021-12-29,0
2021-05-17,6,7536,2021-12-29,0
2021-05-18,7,7543,2021-12-29,0
2021-05-19,2,7545,2021-12-29,0
2021-05-20,5,7550,2021-12-29,0
2021-05-21,7,7557,2021-12-29,0
2021-05-22,11,7568,2021-12-29,0
2021-05-23,5,7573,2021-12-29,0
2021-05-24,5,7578,2021-12-29,0
2021-05-25,6,7584,2021-12-29,0
2021-05-26,3,7587,2021-12-29,0
2021-05-27,7,7594,2021-12-29,0
2021-05-28,2,7596,2021-12-29,0
2021-05-29,6,7602,2021-12-29,0
2021-05-30,4,7606,2021-12-29,0
2021-05-31,3,7609,2021-12-29,0
2021-06-01,5,7614,2021-12-29,0
2021-06-02,8,7622,2021-12-29,0
2021-06-03,4,7626,2021-12-29,0
2021-06-04,4,7630,2021-12-29,0
2021-06-05,2,7632,2021-12-29,0
2021-06-06,5,7637,2021-12-29,0
2021-06-07,3,7640,2021-12-29,0
2021-06-08,5,7645,2021-12-29,0
2021-06-09,4,7649,2021-12-29,0
2021-06-10,6,7655,2021-12-29,0
2021-06-11,6,7661,2021-12-29,0
2021-06-12,4,7665,2021-12-29,0
2021-06-13,4,7669,2021-12-29,0
2021-06-14,3,7672,2021-12-29,0
2021-06-15,2,7674,2021-12-29,0
2021-06-16,2,7676,2021-12-29,0
2021-06-17,4,7680,2021-12-29,0
2021-06-18,1,7681,2021-12-29,0
2021-06-19,6,7687,2021-12-29,0
2021-06-20,1,7688,2021-12-29,0
2021-06-21,5,7693,2021-12-29,0
2021-06-22,3,7696,2021-12-29,0
2021-06-23,4,7700,2021-12-29,0
2021-06-24,3,7703,2021-12-29,0
2021-06-25,3,7706,2021-12-29,0
2021-06-26,4,7710,2021-12-29,0
2021-06-27,2,7712,2021-12-29,0
2021-06-28,2,7714,2021-12-29,0
2021-06-29,2,7716,2021-12-29,0
2021-06-30,2,7718,2021-12-29,0
2021-07-01,0,7718,2021-12-29,0
2021-07-02,2,7720,2021-12-29,0
2021-07-03,2,7722,2021-12-29,0
2021-07-04,3,7725,2021-12-29,0
2021-07-05,1,7726,2021-12-29,0
2021-07-06,4,7730,2021-12-29,0
2021-07-07,1,7731,2021-12-29,0
2021-07-08,1,7732,2021-12-29,0
2021-07-09,0,7732,2021-12-29,0
2021-07-10,1,7733,2021-12-29,0
2021-07-11,3,7736,2021-12-29,0
2021-07-12,1,7737,2021-12-29,0
2021-07-13,2,7739,2021-12-29,0
2021-07-14,2,7741,2021-12-29,0
2021-07-15,2,7743,2021-12-29,0
2021-07-16,1,7744,2021-12-29,0
2021-07-17,1,7745,2021-12-29,0
2021-07-18,0,7745,2021-12-29,0
2021-07-19,0,7745,2021-12-29,0
2021-07-20,2,7747,2021-12-29,0
2021-07-21,2,7749,2021-12-29,0
2021-07-22,2,7751,2021-12-29,0
2021-07-23,3,7754,2021-12-29,0
2021-07-24,0,7754,2021-12-29,0
2021-07-25,2,7756,2021-12-29,0
2021-07-26,1,7757,2021-12-29,0
2021-07-27,2,7759,2021-12-29,0
2021-07-28,3,7762,2021-12-29,0
2021-07-29,2,7764,2021-12-29,0
2021-07-30,5,7769,2021-12-29,0
2021-07-31,4,7773,2021-12-29,0
2021-08-01,1,7774,2021-12-29,0
2021-08-02,3,7777,2021-12-29,0
2021-08-03,2,7779,2021-12-29,0
2021-08-04,3,7782,2021-12-29,0
2021-08-05,2,7784,2021-12-29,0
2021-08-06,7,7791,2021-12-29,0
2021-08-07,3,7794,2021-12-29,0
2021-08-08,2,7796,2021-12-29,0
2021-08-09,3,7799,2021-12-29,0
2021-08-10,2,7801,2021-12-29,0
2021-08-11,2,7803,2021-12-29,0
2021-08-12,7,7810,2021-12-29,0
2021-08-13,5,7815,2021-12-29,0
2021-08-14,6,7821,2021-12-29,0
2021-08-15,0,7821,2021-12-29,0
2021-08-16,7,7828,2021-12-29,0
2021-08-17,7,7835,2021-12-29,0
2021-08-18,9,7844,2021-12-29,0
2021-08-19,2,7846,2021-12-29,0
2021-08-20,3,7849,2021-12-29,0
2021-08-21,5,7854,2021-12-29,0
2021-08-22,7,7861,2021-12-29,0
2021-08-23,5,7866,2021-12-29,0
2021-08-24,12,7878,2021-12-29,0
2021-08-25,7,7885,2021-12-29,0
2021-08-26,2,7887,2021-12-29,0
2021-08-27,6,7893,2021-12-29,0
2021-08-28,11,7904,2021-12-29,0
2021-08-29,11,7915,2021-12-29,0
2021-08-30,8,7923,2021-12-29,0
2021-08-31,6,7929,2021-12-29,0
2021-09-01,6,7935,2021-12-29,0
2021-09-02,6,7941,2021-12-29,0
2021-09-03,9,7950,2021-12-29,0
2021-09-04,9,7959,2021-12-29,0
2021-09-05,10,7969,2021-12-29,0
2021-09-06,8,7977,2021-12-29,0
2021-09-07,7,7984,2021-12-29,0
2021-09-08,11,7995,2021-12-29,0
2021-09-09,5,8000,2021-12-29,0
2021-09-10,9,8009,2021-12-29,0
2021-09-11,17,8026,2021-12-29,0
2021-09-12,10,8036,2021-12-29,0
2021-09-13,7,8043,2021-12-29,0
2021-09-14,11,8054,2021-12-29,0
2021-09-15,14,8068,2021-12-29,0
2021-09-16,16,8084,2021-12-29,0
2021-09-17,8,8092,2021-12-29,0
2021-09-18,13,8105,2021-12-29,0
2021-09-19,11,8116,2021-12-29,0
2021-09-20,16,8132,2021-12-29,0
2021-09-21,15,8147,2021-12-29,0
2021-09-22,17,8164,2021-12-29,0
2021-09-23,13,8177,2021-12-29,0
2021-09-24,13,8190,2021-12-29,0
2021-09-25,16,8206,2021-12-29,0
2021-09-26,15,8221,2021-12-29,0
2021-09-27,15,8236,2021-12-29,0
2021-09-28,11,8247,2021-12-29,0
2021-09-29,19,8266,2021-12-29,0
2021-09-30,17,8283,2021-12-29,0
2021-10-01,13,8296,2021-12-29,0
2021-10-02,15,8311,2021-12-29,0
2021-10-03,23,8334,2021-12-29,0
2021-10-04,15,8349,2021-12-29,0
2021-10-05,23,8372,2021-12-29,0
2021-10-06,21,8393,2021-12-29,0
2021-10-07,14,8407,2021-12-29,0
2021-10-08,22,8429,2021-12-29,0
2021-10-09,20,8449,2021-12-29,0
2021-10-10,13,8462,2021-12-29,0
2021-10-11,11,8473,2021-12-29,0
2021-10-12,25,8498,2021-12-29,0
2021-10-13,20,8518,2021-12-29,0
2021-10-14,21,8539,2021-12-29,0
2021-10-15,14,8553,2021-12-29,0
2021-10-16,20,8573,2021-12-29,0
2021-10-17,17,8590,2021-12-29,0
2021-10-18,17,8607,2021-12-29,0
2021-10-19,25,8632,2021-12-29,0
2021-10-20,15,8647,2021-12-29,0
2021-10-21,9,8656,2021-12-29,1
2021-10-22,23,8679,2021-12-29,0
2021-10-23,24,8703,2021-12-29,0
2021-10-24,24,8727,2021-12-29,0
2021-10-25,20,8747,2021-12-29,0
2021-10-26,22,8769,2021-12-29,0
2021-10-27,16,8785,2021-12-29,0
2021-10-28,24,8809,2021-12-29,0
2021-10-29,19,8828,2021-12-29,0
2021-10-30,19,8847,2021-12-29,0
2021-10-31,26,8873,2021-12-29,0
2021-11-01,18,8891,2021-12-29,0
2021-11-02,18,8909,2021-12-29,0
2021-11-03,27,8936,2021-12-29,0
2021-11-04,27,8963,2021-12-29,0
2021-11-05,29,8992,2021-12-29,0
2021-11-06,16,9008,2021-12-29,0
2021-11-07,24,9032,2021-12-29,0
2021-11-08,27,9059,2021-12-29,0
2021-11-09,16,9075,2021-12-29,0
2021-11-10,18,9093,2021-12-29,0
2021-11-11,27,9120,2021-12-29,0
2021-11-12,28,9148,2021-12-29,1
2021-11-13,31,9179,2021-12-29,0
2021-11-14,24,9203,2021-12-29,0
2021-11-15,28,9231,2021-12-29,0
2021-11-16,25,9256,2021-12-29,0
2021-11-17,37,9293,2021-12-29,0
2021-11-18,36,9329,2021-12-29,0
2021-11-19,34,9363,2021-12-29,0
2021-11-20,30,9393,2021-12-29,0
2021-11-21,32,9425,2021-12-29,0
2021-11-22,29,9454,2021-12-29,0
2021-11-23,31,9485,2021-12-29,0
2021-11-24,24,9509,2021-12-29,1
2021-11-25,35,9544,2021-12-29,0
2021-11-26,50,9594,2021-12-29,0
2021-11-27,36,9630,2021-12-29,0
2021-11-28,38,9668,2021-12-29,0
2021-11-29,28,9696,2021-12-29,0
2021-11-30,29,9725,2021-12-29,0
2021-12-01,45,9770,2021-12-29,0
2021-12-02,39,9809,2021-12-29,0
2021-12-03,31,9840,2021-12-29,0
2021-12-04,38,9878,2021-12-29,0
2021-12-05,35,9913,2021-12-29,0
2021-12-06,32,9945,2021-12-29,0
2021-12-07,31,9976,2021-12-29,0
2021-12-08,36,10012,2021-12-29,0
2021-12-09,44,10056,2021-12-29,1
2021-12-10,34,10090,2021-12-29,0
2021-12-11,24,10114,2021-12-29,0
2021-12-12,35,10149,2021-12-29,0
2021-12-13,30,10179,2021-12-29,0
2021-12-14,32,10211,2021-12-29,0
2021-12-15,36,10247,2021-12-29,0
2021-12-16,28,10275,2021-12-29,0
2021-12-17,30,10305,2021-12-29,5
2021-12-18,28,10333,2021-12-29,4
2021-12-19,27,10360,2021-12-29,2
2021-12-20,30,10390,2021-12-29,4
2021-12-21,19,10409,2021-12-29,3
2021-12-22,16,10425,2021-12-29,5
2021-12-23,12,10437,2021-12-29,11
2021-12-24,11,10448,2021-12-29,11
2021-12-25,3,10451,2021-12-29,3
2021-12-26,17,10468,2021-12-29,17
NA,0,10468,2021-12-29,0
2020-03-19,1,1,2021-12-30,0
2020-03-20,0,1,2021-12-30,0
2020-03-21,0,1,2021-12-30,0
2020-03-22,0,1,2021-12-30,0
2020-03-23,0,1,2021-12-30,0
2020-03-24,1,2,2021-12-30,0
2020-03-25,1,3,2021-12-30,0
2020-03-26,1,4,2021-12-30,0
2020-03-27,5,9,2021-12-30,0
2020-03-28,3,12,2021-12-30,0
2020-03-29,0,12,2021-12-30,0
2020-03-30,5,17,2021-12-30,0
2020-03-31,2,19,2021-12-30,0
2020-04-01,5,24,2021-12-30,0
2020-04-02,3,27,2021-12-30,0
2020-04-03,1,28,2021-12-30,0
2020-04-04,5,33,2021-12-30,0
2020-04-05,5,38,2021-12-30,0
2020-04-06,10,48,2021-12-30,0
2020-04-07,6,54,2021-12-30,0
2020-04-08,7,61,2021-12-30,0
2020-04-09,8,69,2021-12-30,0
2020-04-10,6,75,2021-12-30,0
2020-04-11,4,79,2021-12-30,0
2020-04-12,4,83,2021-12-30,0
2020-04-13,10,93,2021-12-30,0
2020-04-14,6,99,2021-12-30,0
2020-04-15,17,116,2021-12-30,0
2020-04-16,10,126,2021-12-30,0
2020-04-17,17,143,2021-12-30,0
2020-04-18,17,160,2021-12-30,0
2020-04-19,16,176,2021-12-30,0
2020-04-20,21,197,2021-12-30,0
2020-04-21,26,223,2021-12-30,0
2020-04-22,21,244,2021-12-30,0
2020-04-23,19,263,2021-12-30,0
2020-04-24,23,286,2021-12-30,0
2020-04-25,18,304,2021-12-30,0
2020-04-26,17,321,2021-12-30,0
2020-04-27,21,342,2021-12-30,0
2020-04-28,16,358,2021-12-30,0
2020-04-29,29,387,2021-12-30,0
2020-04-30,18,405,2021-12-30,0
2020-05-01,30,435,2021-12-30,0
2020-05-02,19,454,2021-12-30,0
2020-05-03,29,483,2021-12-30,0
2020-05-04,23,506,2021-12-30,0
2020-05-05,19,525,2021-12-30,0
2020-05-06,25,550,2021-12-30,0
2020-05-07,30,580,2021-12-30,0
2020-05-08,20,600,2021-12-30,0
2020-05-09,26,626,2021-12-30,0
2020-05-10,19,645,2021-12-30,0
2020-05-11,25,670,2021-12-30,0
2020-05-12,20,690,2021-12-30,0
2020-05-13,22,712,2021-12-30,0
2020-05-14,20,732,2021-12-30,0
2020-05-15,20,752,2021-12-30,0
2020-05-16,20,772,2021-12-30,0
2020-05-17,23,795,2021-12-30,0
2020-05-18,18,813,2021-12-30,0
2020-05-19,35,848,2021-12-30,0
2020-05-20,24,872,2021-12-30,0
2020-05-21,17,889,2021-12-30,0
2020-05-22,20,909,2021-12-30,0
2020-05-23,26,935,2021-12-30,0
2020-05-24,25,960,2021-12-30,0
2020-05-25,30,990,2021-12-30,0
2020-05-26,29,1019,2021-12-30,0
2020-05-27,25,1044,2021-12-30,0
2020-05-28,21,1065,2021-12-30,0
2020-05-29,17,1082,2021-12-30,0
2020-05-30,11,1093,2021-12-30,0
2020-05-31,20,1113,2021-12-30,0
2020-06-01,23,1136,2021-12-30,0
2020-06-02,21,1157,2021-12-30,0
2020-06-03,25,1182,2021-12-30,0
2020-06-04,26,1208,2021-12-30,0
2020-06-05,18,1226,2021-12-30,0
2020-06-06,12,1238,2021-12-30,0
2020-06-07,22,1260,2021-12-30,0
2020-06-08,12,1272,2021-12-30,0
2020-06-09,13,1285,2021-12-30,0
2020-06-10,10,1295,2021-12-30,0
2020-06-11,12,1307,2021-12-30,0
2020-06-12,11,1318,2021-12-30,0
2020-06-13,13,1331,2021-12-30,0
2020-06-14,11,1342,2021-12-30,0
2020-06-15,8,1350,2021-12-30,0
2020-06-16,9,1359,2021-12-30,0
2020-06-17,17,1376,2021-12-30,0
2020-06-18,9,1385,2021-12-30,0
2020-06-19,8,1393,2021-12-30,0
2020-06-20,12,1405,2021-12-30,0
2020-06-21,11,1416,2021-12-30,0
2020-06-22,6,1422,2021-12-30,0
2020-06-23,10,1432,2021-12-30,0
2020-06-24,1,1433,2021-12-30,0
2020-06-25,9,1442,2021-12-30,0
2020-06-26,6,1448,2021-12-30,0
2020-06-27,5,1453,2021-12-30,0
2020-06-28,11,1464,2021-12-30,0
2020-06-29,7,1471,2021-12-30,0
2020-06-30,9,1480,2021-12-30,0
2020-07-01,2,1482,2021-12-30,0
2020-07-02,3,1485,2021-12-30,0
2020-07-03,5,1490,2021-12-30,0
2020-07-04,4,1494,2021-12-30,0
2020-07-05,6,1500,2021-12-30,0
2020-07-06,4,1504,2021-12-30,0
2020-07-07,2,1506,2021-12-30,0
2020-07-08,9,1515,2021-12-30,0
2020-07-09,4,1519,2021-12-30,0
2020-07-10,3,1522,2021-12-30,0
2020-07-11,4,1526,2021-12-30,0
2020-07-12,6,1532,2021-12-30,0
2020-07-13,2,1534,2021-12-30,0
2020-07-14,6,1540,2021-12-30,0
2020-07-15,7,1547,2021-12-30,0
2020-07-16,3,1550,2021-12-30,0
2020-07-17,7,1557,2021-12-30,0
2020-07-18,6,1563,2021-12-30,0
2020-07-19,5,1568,2021-12-30,0
2020-07-20,3,1571,2021-12-30,0
2020-07-21,6,1577,2021-12-30,0
2020-07-22,5,1582,2021-12-30,0
2020-07-23,8,1590,2021-12-30,0
2020-07-24,6,1596,2021-12-30,0
2020-07-25,2,1598,2021-12-30,0
2020-07-26,5,1603,2021-12-30,0
2020-07-27,5,1608,2021-12-30,0
2020-07-28,7,1615,2021-12-30,0
2020-07-29,3,1618,2021-12-30,0
2020-07-30,6,1624,2021-12-30,0
2020-07-31,9,1633,2021-12-30,0
2020-08-01,4,1637,2021-12-30,0
2020-08-02,7,1644,2021-12-30,0
2020-08-03,4,1648,2021-12-30,0
2020-08-04,7,1655,2021-12-30,0
2020-08-05,8,1663,2021-12-30,0
2020-08-06,9,1672,2021-12-30,0
2020-08-07,7,1679,2021-12-30,0
2020-08-08,6,1685,2021-12-30,0
2020-08-09,10,1695,2021-12-30,0
2020-08-10,3,1698,2021-12-30,0
2020-08-11,9,1707,2021-12-30,0
2020-08-12,7,1714,2021-12-30,0
2020-08-13,5,1719,2021-12-30,0
2020-08-14,9,1728,2021-12-30,0
2020-08-15,13,1741,2021-12-30,0
2020-08-16,13,1754,2021-12-30,0
2020-08-17,6,1760,2021-12-30,0
2020-08-18,11,1771,2021-12-30,0
2020-08-19,3,1774,2021-12-30,0
2020-08-20,10,1784,2021-12-30,0
2020-08-21,12,1796,2021-12-30,0
2020-08-22,9,1805,2021-12-30,0
2020-08-23,7,1812,2021-12-30,0
2020-08-24,9,1821,2021-12-30,0
2020-08-25,4,1825,2021-12-30,0
2020-08-26,3,1828,2021-12-30,0
2020-08-27,7,1835,2021-12-30,0
2020-08-28,6,1841,2021-12-30,0
2020-08-29,3,1844,2021-12-30,0
2020-08-30,5,1849,2021-12-30,0
2020-08-31,9,1858,2021-12-30,0
2020-09-01,2,1860,2021-12-30,0
2020-09-02,7,1867,2021-12-30,0
2020-09-03,12,1879,2021-12-30,0
2020-09-04,4,1883,2021-12-30,0
2020-09-05,6,1889,2021-12-30,0
2020-09-06,12,1901,2021-12-30,0
2020-09-07,3,1904,2021-12-30,0
2020-09-08,6,1910,2021-12-30,0
2020-09-09,10,1920,2021-12-30,0
2020-09-10,9,1929,2021-12-30,0
2020-09-11,11,1940,2021-12-30,0
2020-09-12,8,1948,2021-12-30,0
2020-09-13,8,1956,2021-12-30,0
2020-09-14,2,1958,2021-12-30,0
2020-09-15,7,1965,2021-12-30,0
2020-09-16,9,1974,2021-12-30,0
2020-09-17,5,1979,2021-12-30,0
2020-09-18,6,1985,2021-12-30,0
2020-09-19,4,1989,2021-12-30,0
2020-09-20,9,1998,2021-12-30,0
2020-09-21,7,2005,2021-12-30,0
2020-09-22,8,2013,2021-12-30,0
2020-09-23,9,2022,2021-12-30,0
2020-09-24,8,2030,2021-12-30,0
2020-09-25,11,2041,2021-12-30,0
2020-09-26,9,2050,2021-12-30,0
2020-09-27,14,2064,2021-12-30,0
2020-09-28,11,2075,2021-12-30,0
2020-09-29,5,2080,2021-12-30,0
2020-09-30,16,2096,2021-12-30,0
2020-10-01,7,2103,2021-12-30,0
2020-10-02,13,2116,2021-12-30,0
2020-10-03,9,2125,2021-12-30,0
2020-10-04,7,2132,2021-12-30,0
2020-10-05,10,2142,2021-12-30,0
2020-10-06,13,2155,2021-12-30,0
2020-10-07,19,2174,2021-12-30,0
2020-10-08,9,2183,2021-12-30,0
2020-10-09,17,2200,2021-12-30,0
2020-10-10,16,2216,2021-12-30,0
2020-10-11,16,2232,2021-12-30,0
2020-10-12,20,2252,2021-12-30,0
2020-10-13,14,2266,2021-12-30,0
2020-10-14,10,2276,2021-12-30,0
2020-10-15,9,2285,2021-12-30,0
2020-10-16,12,2297,2021-12-30,0
2020-10-17,18,2315,2021-12-30,0
2020-10-18,25,2340,2021-12-30,0
2020-10-19,18,2358,2021-12-30,0
2020-10-20,15,2373,2021-12-30,0
2020-10-21,24,2397,2021-12-30,0
2020-10-22,18,2415,2021-12-30,0
2020-10-23,19,2434,2021-12-30,0
2020-10-24,8,2442,2021-12-30,0
2020-10-25,17,2459,2021-12-30,0
2020-10-26,25,2484,2021-12-30,0
2020-10-27,23,2507,2021-12-30,0
2020-10-28,29,2536,2021-12-30,0
2020-10-29,18,2554,2021-12-30,0
2020-10-30,27,2581,2021-12-30,0
2020-10-31,25,2606,2021-12-30,0
2020-11-01,21,2627,2021-12-30,0
2020-11-02,25,2652,2021-12-30,0
2020-11-03,25,2677,2021-12-30,0
2020-11-04,33,2710,2021-12-30,0
2020-11-05,38,2748,2021-12-30,0
2020-11-06,39,2787,2021-12-30,0
2020-11-07,42,2829,2021-12-30,0
2020-11-08,47,2876,2021-12-30,0
2020-11-09,37,2913,2021-12-30,0
2020-11-10,35,2948,2021-12-30,0
2020-11-11,43,2991,2021-12-30,0
2020-11-12,45,3036,2021-12-30,0
2020-11-13,40,3076,2021-12-30,0
2020-11-14,48,3124,2021-12-30,0
2020-11-15,46,3170,2021-12-30,0
2020-11-16,62,3232,2021-12-30,0
2020-11-17,56,3288,2021-12-30,0
2020-11-18,61,3349,2021-12-30,0
2020-11-19,60,3409,2021-12-30,0
2020-11-20,63,3472,2021-12-30,0
2020-11-21,58,3530,2021-12-30,0
2020-11-22,67,3597,2021-12-30,0
2020-11-23,59,3656,2021-12-30,0
2020-11-24,69,3725,2021-12-30,0
2020-11-25,72,3797,2021-12-30,0
2020-11-26,54,3851,2021-12-30,0
2020-11-27,69,3920,2021-12-30,0
2020-11-28,62,3982,2021-12-30,0
2020-11-29,68,4050,2021-12-30,0
2020-11-30,61,4111,2021-12-30,0
2020-12-01,64,4175,2021-12-30,0
2020-12-02,73,4248,2021-12-30,0
2020-12-03,86,4334,2021-12-30,0
2020-12-04,67,4401,2021-12-30,0
2020-12-05,74,4475,2021-12-30,0
2020-12-06,80,4555,2021-12-30,0
2020-12-07,75,4630,2021-12-30,0
2020-12-08,61,4691,2021-12-30,0
2020-12-09,71,4762,2021-12-30,0
2020-12-10,72,4834,2021-12-30,0
2020-12-11,71,4905,2021-12-30,0
2020-12-12,72,4977,2021-12-30,0
2020-12-13,56,5033,2021-12-30,0
2020-12-14,43,5076,2021-12-30,0
2020-12-15,65,5141,2021-12-30,0
2020-12-16,73,5214,2021-12-30,0
2020-12-17,60,5274,2021-12-30,0
2020-12-18,59,5333,2021-12-30,0
2020-12-19,56,5389,2021-12-30,0
2020-12-20,61,5450,2021-12-30,0
2020-12-21,58,5508,2021-12-30,0
2020-12-22,33,5541,2021-12-30,0
2020-12-23,46,5587,2021-12-30,0
2020-12-24,50,5637,2021-12-30,0
2020-12-25,36,5673,2021-12-30,0
2020-12-26,43,5716,2021-12-30,0
2020-12-27,41,5757,2021-12-30,0
2020-12-28,34,5791,2021-12-30,0
2020-12-29,37,5828,2021-12-30,0
2020-12-30,47,5875,2021-12-30,0
2020-12-31,36,5911,2021-12-30,0
2021-01-01,28,5939,2021-12-30,0
2021-01-02,47,5986,2021-12-30,0
2021-01-03,37,6023,2021-12-30,0
2021-01-04,32,6055,2021-12-30,0
2021-01-05,40,6095,2021-12-30,0
2021-01-06,32,6127,2021-12-30,0
2021-01-07,37,6164,2021-12-30,0
2021-01-08,32,6196,2021-12-30,0
2021-01-09,26,6222,2021-12-30,0
2021-01-10,29,6251,2021-12-30,0
2021-01-11,26,6277,2021-12-30,0
2021-01-12,32,6309,2021-12-30,0
2021-01-13,23,6332,2021-12-30,0
2021-01-14,41,6373,2021-12-30,0
2021-01-15,26,6399,2021-12-30,0
2021-01-16,30,6429,2021-12-30,0
2021-01-17,21,6450,2021-12-30,0
2021-01-18,19,6469,2021-12-30,0
2021-01-19,14,6483,2021-12-30,0
2021-01-20,26,6509,2021-12-30,0
2021-01-21,16,6525,2021-12-30,0
2021-01-22,13,6538,2021-12-30,0
2021-01-23,17,6555,2021-12-30,0
2021-01-24,24,6579,2021-12-30,0
2021-01-25,19,6598,2021-12-30,0
2021-01-26,21,6619,2021-12-30,0
2021-01-27,11,6630,2021-12-30,0
2021-01-28,12,6642,2021-12-30,0
2021-01-29,15,6657,2021-12-30,0
2021-01-30,13,6670,2021-12-30,0
2021-01-31,16,6686,2021-12-30,0
2021-02-01,17,6703,2021-12-30,0
2021-02-02,10,6713,2021-12-30,0
2021-02-03,11,6724,2021-12-30,0
2021-02-04,11,6735,2021-12-30,0
2021-02-05,12,6747,2021-12-30,0
2021-02-06,12,6759,2021-12-30,0
2021-02-07,19,6778,2021-12-30,0
2021-02-08,11,6789,2021-12-30,0
2021-02-09,15,6804,2021-12-30,0
2021-02-10,14,6818,2021-12-30,0
2021-02-11,7,6825,2021-12-30,0
2021-02-12,13,6838,2021-12-30,0
2021-02-13,8,6846,2021-12-30,0
2021-02-14,10,6856,2021-12-30,0
2021-02-15,9,6865,2021-12-30,0
2021-02-16,12,6877,2021-12-30,0
2021-02-17,10,6887,2021-12-30,0
2021-02-18,7,6894,2021-12-30,0
2021-02-19,6,6900,2021-12-30,0
2021-02-20,7,6907,2021-12-30,0
2021-02-21,4,6911,2021-12-30,0
2021-02-22,5,6916,2021-12-30,0
2021-02-23,9,6925,2021-12-30,0
2021-02-24,5,6930,2021-12-30,0
2021-02-25,5,6935,2021-12-30,0
2021-02-26,7,6942,2021-12-30,0
2021-02-27,6,6948,2021-12-30,0
2021-02-28,8,6956,2021-12-30,0
2021-03-01,7,6963,2021-12-30,0
2021-03-02,3,6966,2021-12-30,0
2021-03-03,10,6976,2021-12-30,0
2021-03-04,6,6982,2021-12-30,0
2021-03-05,10,6992,2021-12-30,0
2021-03-06,5,6997,2021-12-30,0
2021-03-07,9,7006,2021-12-30,0
2021-03-08,5,7011,2021-12-30,0
2021-03-09,7,7018,2021-12-30,0
2021-03-10,5,7023,2021-12-30,0
2021-03-11,4,7027,2021-12-30,0
2021-03-12,11,7038,2021-12-30,0
2021-03-13,5,7043,2021-12-30,0
2021-03-14,5,7048,2021-12-30,0
2021-03-15,2,7050,2021-12-30,0
2021-03-16,6,7056,2021-12-30,0
2021-03-17,4,7060,2021-12-30,0
2021-03-18,5,7065,2021-12-30,0
2021-03-19,5,7070,2021-12-30,0
2021-03-20,9,7079,2021-12-30,0
2021-03-21,5,7084,2021-12-30,0
2021-03-22,4,7088,2021-12-30,0
2021-03-23,5,7093,2021-12-30,0
2021-03-24,1,7094,2021-12-30,0
2021-03-25,5,7099,2021-12-30,0
2021-03-26,3,7102,2021-12-30,0
2021-03-27,7,7109,2021-12-30,0
2021-03-28,6,7115,2021-12-30,0
2021-03-29,5,7120,2021-12-30,0
2021-03-30,6,7126,2021-12-30,0
2021-03-31,8,7134,2021-12-30,0
2021-04-01,6,7140,2021-12-30,0
2021-04-02,9,7149,2021-12-30,0
2021-04-03,8,7157,2021-12-30,0
2021-04-04,6,7163,2021-12-30,0
2021-04-05,8,7171,2021-12-30,0
2021-04-06,7,7178,2021-12-30,0
2021-04-07,6,7184,2021-12-30,0
2021-04-08,10,7194,2021-12-30,0
2021-04-09,7,7201,2021-12-30,0
2021-04-10,7,7208,2021-12-30,0
2021-04-11,8,7216,2021-12-30,0
2021-04-12,10,7226,2021-12-30,0
2021-04-13,7,7233,2021-12-30,0
2021-04-14,8,7241,2021-12-30,0
2021-04-15,14,7255,2021-12-30,0
2021-04-16,8,7263,2021-12-30,0
2021-04-17,8,7271,2021-12-30,0
2021-04-18,8,7279,2021-12-30,0
2021-04-19,10,7289,2021-12-30,0
2021-04-20,5,7294,2021-12-30,0
2021-04-21,8,7302,2021-12-30,0
2021-04-22,3,7305,2021-12-30,0
2021-04-23,15,7320,2021-12-30,0
2021-04-24,11,7331,2021-12-30,0
2021-04-25,15,7346,2021-12-30,0
2021-04-26,15,7361,2021-12-30,0
2021-04-27,7,7368,2021-12-30,0
2021-04-28,14,7382,2021-12-30,0
2021-04-29,8,7390,2021-12-30,0
2021-04-30,11,7401,2021-12-30,0
2021-05-01,7,7408,2021-12-30,0
2021-05-02,8,7416,2021-12-30,0
2021-05-03,5,7421,2021-12-30,0
2021-05-04,13,7434,2021-12-30,0
2021-05-05,8,7442,2021-12-30,0
2021-05-06,5,7447,2021-12-30,0
2021-05-07,8,7455,2021-12-30,0
2021-05-08,7,7462,2021-12-30,0
2021-05-09,9,7471,2021-12-30,0
2021-05-10,8,7479,2021-12-30,0
2021-05-11,6,7485,2021-12-30,0
2021-05-12,9,7494,2021-12-30,0
2021-05-13,9,7503,2021-12-30,0
2021-05-14,11,7514,2021-12-30,0
2021-05-15,10,7524,2021-12-30,0
2021-05-16,6,7530,2021-12-30,0
2021-05-17,6,7536,2021-12-30,0
2021-05-18,7,7543,2021-12-30,0
2021-05-19,2,7545,2021-12-30,0
2021-05-20,5,7550,2021-12-30,0
2021-05-21,7,7557,2021-12-30,0
2021-05-22,11,7568,2021-12-30,0
2021-05-23,5,7573,2021-12-30,0
2021-05-24,5,7578,2021-12-30,0
2021-05-25,6,7584,2021-12-30,0
2021-05-26,3,7587,2021-12-30,0
2021-05-27,7,7594,2021-12-30,0
2021-05-28,2,7596,2021-12-30,0
2021-05-29,6,7602,2021-12-30,0
2021-05-30,4,7606,2021-12-30,0
2021-05-31,3,7609,2021-12-30,0
2021-06-01,5,7614,2021-12-30,0
2021-06-02,8,7622,2021-12-30,0
2021-06-03,4,7626,2021-12-30,0
2021-06-04,4,7630,2021-12-30,0
2021-06-05,2,7632,2021-12-30,0
2021-06-06,5,7637,2021-12-30,0
2021-06-07,3,7640,2021-12-30,0
2021-06-08,5,7645,2021-12-30,0
2021-06-09,4,7649,2021-12-30,0
2021-06-10,6,7655,2021-12-30,0
2021-06-11,6,7661,2021-12-30,0
2021-06-12,4,7665,2021-12-30,0
2021-06-13,4,7669,2021-12-30,0
2021-06-14,3,7672,2021-12-30,0
2021-06-15,2,7674,2021-12-30,0
2021-06-16,2,7676,2021-12-30,0
2021-06-17,4,7680,2021-12-30,0
2021-06-18,1,7681,2021-12-30,0
2021-06-19,6,7687,2021-12-30,0
2021-06-20,1,7688,2021-12-30,0
2021-06-21,5,7693,2021-12-30,0
2021-06-22,3,7696,2021-12-30,0
2021-06-23,4,7700,2021-12-30,0
2021-06-24,3,7703,2021-12-30,0
2021-06-25,3,7706,2021-12-30,0
2021-06-26,4,7710,2021-12-30,0
2021-06-27,2,7712,2021-12-30,0
2021-06-28,2,7714,2021-12-30,0
2021-06-29,2,7716,2021-12-30,0
2021-06-30,2,7718,2021-12-30,0
2021-07-01,0,7718,2021-12-30,0
2021-07-02,2,7720,2021-12-30,0
2021-07-03,2,7722,2021-12-30,0
2021-07-04,3,7725,2021-12-30,0
2021-07-05,1,7726,2021-12-30,0
2021-07-06,4,7730,2021-12-30,0
2021-07-07,1,7731,2021-12-30,0
2021-07-08,1,7732,2021-12-30,0
2021-07-09,0,7732,2021-12-30,0
2021-07-10,1,7733,2021-12-30,0
2021-07-11,3,7736,2021-12-30,0
2021-07-12,1,7737,2021-12-30,0
2021-07-13,2,7739,2021-12-30,0
2021-07-14,2,7741,2021-12-30,0
2021-07-15,2,7743,2021-12-30,0
2021-07-16,1,7744,2021-12-30,0
2021-07-17,1,7745,2021-12-30,0
2021-07-18,0,7745,2021-12-30,0
2021-07-19,0,7745,2021-12-30,0
2021-07-20,2,7747,2021-12-30,0
2021-07-21,2,7749,2021-12-30,0
2021-07-22,2,7751,2021-12-30,0
2021-07-23,3,7754,2021-12-30,0
2021-07-24,0,7754,2021-12-30,0
2021-07-25,2,7756,2021-12-30,0
2021-07-26,1,7757,2021-12-30,0
2021-07-27,2,7759,2021-12-30,0
2021-07-28,3,7762,2021-12-30,0
2021-07-29,2,7764,2021-12-30,0
2021-07-30,5,7769,2021-12-30,0
2021-07-31,4,7773,2021-12-30,0
2021-08-01,1,7774,2021-12-30,0
2021-08-02,3,7777,2021-12-30,0
2021-08-03,2,7779,2021-12-30,0
2021-08-04,3,7782,2021-12-30,0
2021-08-05,2,7784,2021-12-30,0
2021-08-06,7,7791,2021-12-30,0
2021-08-07,3,7794,2021-12-30,0
2021-08-08,2,7796,2021-12-30,0
2021-08-09,3,7799,2021-12-30,0
2021-08-10,2,7801,2021-12-30,0
2021-08-11,2,7803,2021-12-30,0
2021-08-12,7,7810,2021-12-30,0
2021-08-13,5,7815,2021-12-30,0
2021-08-14,6,7821,2021-12-30,0
2021-08-15,0,7821,2021-12-30,0
2021-08-16,7,7828,2021-12-30,0
2021-08-17,7,7835,2021-12-30,0
2021-08-18,9,7844,2021-12-30,0
2021-08-19,2,7846,2021-12-30,0
2021-08-20,3,7849,2021-12-30,0
2021-08-21,5,7854,2021-12-30,0
2021-08-22,7,7861,2021-12-30,0
2021-08-23,5,7866,2021-12-30,0
2021-08-24,12,7878,2021-12-30,0
2021-08-25,7,7885,2021-12-30,0
2021-08-26,2,7887,2021-12-30,0
2021-08-27,6,7893,2021-12-30,0
2021-08-28,11,7904,2021-12-30,0
2021-08-29,11,7915,2021-12-30,0
2021-08-30,8,7923,2021-12-30,0
2021-08-31,6,7929,2021-12-30,0
2021-09-01,6,7935,2021-12-30,0
2021-09-02,6,7941,2021-12-30,0
2021-09-03,9,7950,2021-12-30,0
2021-09-04,9,7959,2021-12-30,0
2021-09-05,10,7969,2021-12-30,0
2021-09-06,8,7977,2021-12-30,0
2021-09-07,7,7984,2021-12-30,0
2021-09-08,11,7995,2021-12-30,0
2021-09-09,5,8000,2021-12-30,0
2021-09-10,9,8009,2021-12-30,0
2021-09-11,17,8026,2021-12-30,0
2021-09-12,10,8036,2021-12-30,0
2021-09-13,7,8043,2021-12-30,0
2021-09-14,11,8054,2021-12-30,0
2021-09-15,14,8068,2021-12-30,0
2021-09-16,16,8084,2021-12-30,0
2021-09-17,8,8092,2021-12-30,0
2021-09-18,13,8105,2021-12-30,0
2021-09-19,11,8116,2021-12-30,0
2021-09-20,16,8132,2021-12-30,0
2021-09-21,15,8147,2021-12-30,0
2021-09-22,17,8164,2021-12-30,0
2021-09-23,13,8177,2021-12-30,0
2021-09-24,13,8190,2021-12-30,0
2021-09-25,16,8206,2021-12-30,0
2021-09-26,15,8221,2021-12-30,0
2021-09-27,15,8236,2021-12-30,0
2021-09-28,11,8247,2021-12-30,0
2021-09-29,19,8266,2021-12-30,0
2021-09-30,17,8283,2021-12-30,0
2021-10-01,13,8296,2021-12-30,0
2021-10-02,15,8311,2021-12-30,0
2021-10-03,23,8334,2021-12-30,0
2021-10-04,15,8349,2021-12-30,0
2021-10-05,23,8372,2021-12-30,0
2021-10-06,21,8393,2021-12-30,0
2021-10-07,14,8407,2021-12-30,0
2021-10-08,22,8429,2021-12-30,0
2021-10-09,20,8449,2021-12-30,0
2021-10-10,13,8462,2021-12-30,0
2021-10-11,11,8473,2021-12-30,0
2021-10-12,25,8498,2021-12-30,0
2021-10-13,20,8518,2021-12-30,0
2021-10-14,21,8539,2021-12-30,0
2021-10-15,14,8553,2021-12-30,0
2021-10-16,20,8573,2021-12-30,0
2021-10-17,17,8590,2021-12-30,0
2021-10-18,17,8607,2021-12-30,0
2021-10-19,25,8632,2021-12-30,0
2021-10-20,15,8647,2021-12-30,0
2021-10-21,9,8656,2021-12-30,0
2021-10-22,23,8679,2021-12-30,0
2021-10-23,24,8703,2021-12-30,0
2021-10-24,24,8727,2021-12-30,0
2021-10-25,20,8747,2021-12-30,0
2021-10-26,22,8769,2021-12-30,0
2021-10-27,16,8785,2021-12-30,0
2021-10-28,24,8809,2021-12-30,0
2021-10-29,20,8829,2021-12-30,1
2021-10-30,19,8848,2021-12-30,0
2021-10-31,26,8874,2021-12-30,0
2021-11-01,18,8892,2021-12-30,0
2021-11-02,18,8910,2021-12-30,0
2021-11-03,27,8937,2021-12-30,0
2021-11-04,27,8964,2021-12-30,0
2021-11-05,29,8993,2021-12-30,0
2021-11-06,16,9009,2021-12-30,0
2021-11-07,24,9033,2021-12-30,0
2021-11-08,27,9060,2021-12-30,0
2021-11-09,16,9076,2021-12-30,0
2021-11-10,18,9094,2021-12-30,0
2021-11-11,27,9121,2021-12-30,0
2021-11-12,28,9149,2021-12-30,0
2021-11-13,31,9180,2021-12-30,0
2021-11-14,24,9204,2021-12-30,0
2021-11-15,28,9232,2021-12-30,0
2021-11-16,25,9257,2021-12-30,0
2021-11-17,37,9294,2021-12-30,0
2021-11-18,36,9330,2021-12-30,0
2021-11-19,34,9364,2021-12-30,0
2021-11-20,30,9394,2021-12-30,0
2021-11-21,32,9426,2021-12-30,0
2021-11-22,29,9455,2021-12-30,0
2021-11-23,31,9486,2021-12-30,0
2021-11-24,24,9510,2021-12-30,0
2021-11-25,35,9545,2021-12-30,0
2021-11-26,50,9595,2021-12-30,0
2021-11-27,36,9631,2021-12-30,0
2021-11-28,38,9669,2021-12-30,0
2021-11-29,28,9697,2021-12-30,0
2021-11-30,29,9726,2021-12-30,0
2021-12-01,45,9771,2021-12-30,0
2021-12-02,39,9810,2021-12-30,0
2021-12-03,31,9841,2021-12-30,0
2021-12-04,38,9879,2021-12-30,0
2021-12-05,35,9914,2021-12-30,0
2021-12-06,32,9946,2021-12-30,0
2021-12-07,32,9978,2021-12-30,1
2021-12-08,37,10015,2021-12-30,1
2021-12-09,44,10059,2021-12-30,0
2021-12-10,34,10093,2021-12-30,0
2021-12-11,24,10117,2021-12-30,0
2021-12-12,35,10152,2021-12-30,0
2021-12-13,30,10182,2021-12-30,0
2021-12-14,32,10214,2021-12-30,0
2021-12-15,38,10252,2021-12-30,2
2021-12-16,28,10280,2021-12-30,0
2021-12-17,31,10311,2021-12-30,1
2021-12-18,28,10339,2021-12-30,0
2021-12-19,27,10366,2021-12-30,0
2021-12-20,32,10398,2021-12-30,2
2021-12-21,22,10420,2021-12-30,3
2021-12-22,17,10437,2021-12-30,1
2021-12-23,17,10454,2021-12-30,5
2021-12-24,19,10473,2021-12-30,8
2021-12-25,9,10482,2021-12-30,6
2021-12-26,24,10506,2021-12-30,7
2021-12-27,10,10516,2021-12-30,10
NA,0,10516,2021-12-30,0
2020-03-19,1,1,2022-01-03,0
2020-03-20,0,1,2022-01-03,0
2020-03-21,0,1,2022-01-03,0
2020-03-22,0,1,2022-01-03,0
2020-03-23,0,1,2022-01-03,0
2020-03-24,1,2,2022-01-03,0
2020-03-25,1,3,2022-01-03,0
2020-03-26,1,4,2022-01-03,0
2020-03-27,5,9,2022-01-03,0
2020-03-28,3,12,2022-01-03,0
2020-03-29,0,12,2022-01-03,0
2020-03-30,5,17,2022-01-03,0
2020-03-31,2,19,2022-01-03,0
2020-04-01,5,24,2022-01-03,0
2020-04-02,3,27,2022-01-03,0
2020-04-03,1,28,2022-01-03,0
2020-04-04,5,33,2022-01-03,0
2020-04-05,5,38,2022-01-03,0
2020-04-06,10,48,2022-01-03,0
2020-04-07,6,54,2022-01-03,0
2020-04-08,7,61,2022-01-03,0
2020-04-09,8,69,2022-01-03,0
2020-04-10,6,75,2022-01-03,0
2020-04-11,4,79,2022-01-03,0
2020-04-12,4,83,2022-01-03,0
2020-04-13,10,93,2022-01-03,0
2020-04-14,6,99,2022-01-03,0
2020-04-15,17,116,2022-01-03,0
2020-04-16,10,126,2022-01-03,0
2020-04-17,17,143,2022-01-03,0
2020-04-18,17,160,2022-01-03,0
2020-04-19,16,176,2022-01-03,0
2020-04-20,21,197,2022-01-03,0
2020-04-21,26,223,2022-01-03,0
2020-04-22,21,244,2022-01-03,0
2020-04-23,19,263,2022-01-03,0
2020-04-24,23,286,2022-01-03,0
2020-04-25,18,304,2022-01-03,0
2020-04-26,17,321,2022-01-03,0
2020-04-27,21,342,2022-01-03,0
2020-04-28,16,358,2022-01-03,0
2020-04-29,29,387,2022-01-03,0
2020-04-30,18,405,2022-01-03,0
2020-05-01,30,435,2022-01-03,0
2020-05-02,19,454,2022-01-03,0
2020-05-03,29,483,2022-01-03,0
2020-05-04,23,506,2022-01-03,0
2020-05-05,19,525,2022-01-03,0
2020-05-06,25,550,2022-01-03,0
2020-05-07,30,580,2022-01-03,0
2020-05-08,20,600,2022-01-03,0
2020-05-09,26,626,2022-01-03,0
2020-05-10,19,645,2022-01-03,0
2020-05-11,25,670,2022-01-03,0
2020-05-12,20,690,2022-01-03,0
2020-05-13,22,712,2022-01-03,0
2020-05-14,20,732,2022-01-03,0
2020-05-15,20,752,2022-01-03,0
2020-05-16,20,772,2022-01-03,0
2020-05-17,23,795,2022-01-03,0
2020-05-18,18,813,2022-01-03,0
2020-05-19,35,848,2022-01-03,0
2020-05-20,24,872,2022-01-03,0
2020-05-21,17,889,2022-01-03,0
2020-05-22,20,909,2022-01-03,0
2020-05-23,26,935,2022-01-03,0
2020-05-24,25,960,2022-01-03,0
2020-05-25,30,990,2022-01-03,0
2020-05-26,29,1019,2022-01-03,0
2020-05-27,25,1044,2022-01-03,0
2020-05-28,21,1065,2022-01-03,0
2020-05-29,17,1082,2022-01-03,0
2020-05-30,11,1093,2022-01-03,0
2020-05-31,20,1113,2022-01-03,0
2020-06-01,23,1136,2022-01-03,0
2020-06-02,21,1157,2022-01-03,0
2020-06-03,25,1182,2022-01-03,0
2020-06-04,26,1208,2022-01-03,0
2020-06-05,18,1226,2022-01-03,0
2020-06-06,12,1238,2022-01-03,0
2020-06-07,22,1260,2022-01-03,0
2020-06-08,12,1272,2022-01-03,0
2020-06-09,13,1285,2022-01-03,0
2020-06-10,10,1295,2022-01-03,0
2020-06-11,12,1307,2022-01-03,0
2020-06-12,11,1318,2022-01-03,0
2020-06-13,13,1331,2022-01-03,0
2020-06-14,11,1342,2022-01-03,0
2020-06-15,8,1350,2022-01-03,0
2020-06-16,9,1359,2022-01-03,0
2020-06-17,17,1376,2022-01-03,0
2020-06-18,9,1385,2022-01-03,0
2020-06-19,8,1393,2022-01-03,0
2020-06-20,12,1405,2022-01-03,0
2020-06-21,11,1416,2022-01-03,0
2020-06-22,6,1422,2022-01-03,0
2020-06-23,10,1432,2022-01-03,0
2020-06-24,1,1433,2022-01-03,0
2020-06-25,9,1442,2022-01-03,0
2020-06-26,6,1448,2022-01-03,0
2020-06-27,5,1453,2022-01-03,0
2020-06-28,11,1464,2022-01-03,0
2020-06-29,7,1471,2022-01-03,0
2020-06-30,9,1480,2022-01-03,0
2020-07-01,2,1482,2022-01-03,0
2020-07-02,3,1485,2022-01-03,0
2020-07-03,5,1490,2022-01-03,0
2020-07-04,4,1494,2022-01-03,0
2020-07-05,6,1500,2022-01-03,0
2020-07-06,4,1504,2022-01-03,0
2020-07-07,2,1506,2022-01-03,0
2020-07-08,9,1515,2022-01-03,0
2020-07-09,4,1519,2022-01-03,0
2020-07-10,3,1522,2022-01-03,0
2020-07-11,4,1526,2022-01-03,0
2020-07-12,6,1532,2022-01-03,0
2020-07-13,2,1534,2022-01-03,0
2020-07-14,6,1540,2022-01-03,0
2020-07-15,7,1547,2022-01-03,0
2020-07-16,3,1550,2022-01-03,0
2020-07-17,7,1557,2022-01-03,0
2020-07-18,6,1563,2022-01-03,0
2020-07-19,5,1568,2022-01-03,0
2020-07-20,3,1571,2022-01-03,0
2020-07-21,6,1577,2022-01-03,0
2020-07-22,5,1582,2022-01-03,0
2020-07-23,8,1590,2022-01-03,0
2020-07-24,6,1596,2022-01-03,0
2020-07-25,2,1598,2022-01-03,0
2020-07-26,5,1603,2022-01-03,0
2020-07-27,5,1608,2022-01-03,0
2020-07-28,7,1615,2022-01-03,0
2020-07-29,3,1618,2022-01-03,0
2020-07-30,6,1624,2022-01-03,0
2020-07-31,9,1633,2022-01-03,0
2020-08-01,4,1637,2022-01-03,0
2020-08-02,7,1644,2022-01-03,0
2020-08-03,4,1648,2022-01-03,0
2020-08-04,7,1655,2022-01-03,0
2020-08-05,8,1663,2022-01-03,0
2020-08-06,9,1672,2022-01-03,0
2020-08-07,7,1679,2022-01-03,0
2020-08-08,6,1685,2022-01-03,0
2020-08-09,10,1695,2022-01-03,0
2020-08-10,3,1698,2022-01-03,0
2020-08-11,9,1707,2022-01-03,0
2020-08-12,7,1714,2022-01-03,0
2020-08-13,5,1719,2022-01-03,0
2020-08-14,9,1728,2022-01-03,0
2020-08-15,13,1741,2022-01-03,0
2020-08-16,13,1754,2022-01-03,0
2020-08-17,6,1760,2022-01-03,0
2020-08-18,11,1771,2022-01-03,0
2020-08-19,3,1774,2022-01-03,0
2020-08-20,10,1784,2022-01-03,0
2020-08-21,12,1796,2022-01-03,0
2020-08-22,9,1805,2022-01-03,0
2020-08-23,7,1812,2022-01-03,0
2020-08-24,9,1821,2022-01-03,0
2020-08-25,4,1825,2022-01-03,0
2020-08-26,3,1828,2022-01-03,0
2020-08-27,7,1835,2022-01-03,0
2020-08-28,6,1841,2022-01-03,0
2020-08-29,3,1844,2022-01-03,0
2020-08-30,5,1849,2022-01-03,0
2020-08-31,9,1858,2022-01-03,0
2020-09-01,2,1860,2022-01-03,0
2020-09-02,7,1867,2022-01-03,0
2020-09-03,12,1879,2022-01-03,0
2020-09-04,4,1883,2022-01-03,0
2020-09-05,6,1889,2022-01-03,0
2020-09-06,12,1901,2022-01-03,0
2020-09-07,3,1904,2022-01-03,0
2020-09-08,6,1910,2022-01-03,0
2020-09-09,10,1920,2022-01-03,0
2020-09-10,9,1929,2022-01-03,0
2020-09-11,11,1940,2022-01-03,0
2020-09-12,8,1948,2022-01-03,0
2020-09-13,8,1956,2022-01-03,0
2020-09-14,2,1958,2022-01-03,0
2020-09-15,7,1965,2022-01-03,0
2020-09-16,9,1974,2022-01-03,0
2020-09-17,5,1979,2022-01-03,0
2020-09-18,6,1985,2022-01-03,0
2020-09-19,4,1989,2022-01-03,0
2020-09-20,9,1998,2022-01-03,0
2020-09-21,7,2005,2022-01-03,0
2020-09-22,8,2013,2022-01-03,0
2020-09-23,9,2022,2022-01-03,0
2020-09-24,8,2030,2022-01-03,0
2020-09-25,11,2041,2022-01-03,0
2020-09-26,9,2050,2022-01-03,0
2020-09-27,14,2064,2022-01-03,0
2020-09-28,11,2075,2022-01-03,0
2020-09-29,5,2080,2022-01-03,0
2020-09-30,16,2096,2022-01-03,0
2020-10-01,7,2103,2022-01-03,0
2020-10-02,13,2116,2022-01-03,0
2020-10-03,9,2125,2022-01-03,0
2020-10-04,7,2132,2022-01-03,0
2020-10-05,10,2142,2022-01-03,0
2020-10-06,13,2155,2022-01-03,0
2020-10-07,19,2174,2022-01-03,0
2020-10-08,9,2183,2022-01-03,0
2020-10-09,17,2200,2022-01-03,0
2020-10-10,16,2216,2022-01-03,0
2020-10-11,16,2232,2022-01-03,0
2020-10-12,20,2252,2022-01-03,0
2020-10-13,14,2266,2022-01-03,0
2020-10-14,10,2276,2022-01-03,0
2020-10-15,9,2285,2022-01-03,0
2020-10-16,12,2297,2022-01-03,0
2020-10-17,18,2315,2022-01-03,0
2020-10-18,25,2340,2022-01-03,0
2020-10-19,18,2358,2022-01-03,0
2020-10-20,15,2373,2022-01-03,0
2020-10-21,24,2397,2022-01-03,0
2020-10-22,18,2415,2022-01-03,0
2020-10-23,19,2434,2022-01-03,0
2020-10-24,8,2442,2022-01-03,0
2020-10-25,17,2459,2022-01-03,0
2020-10-26,25,2484,2022-01-03,0
2020-10-27,23,2507,2022-01-03,0
2020-10-28,29,2536,2022-01-03,0
2020-10-29,18,2554,2022-01-03,0
2020-10-30,27,2581,2022-01-03,0
2020-10-31,25,2606,2022-01-03,0
2020-11-01,21,2627,2022-01-03,0
2020-11-02,25,2652,2022-01-03,0
2020-11-03,25,2677,2022-01-03,0
2020-11-04,33,2710,2022-01-03,0
2020-11-05,38,2748,2022-01-03,0
2020-11-06,39,2787,2022-01-03,0
2020-11-07,42,2829,2022-01-03,0
2020-11-08,47,2876,2022-01-03,0
2020-11-09,37,2913,2022-01-03,0
2020-11-10,35,2948,2022-01-03,0
2020-11-11,43,2991,2022-01-03,0
2020-11-12,45,3036,2022-01-03,0
2020-11-13,40,3076,2022-01-03,0
2020-11-14,48,3124,2022-01-03,0
2020-11-15,46,3170,2022-01-03,0
2020-11-16,62,3232,2022-01-03,0
2020-11-17,56,3288,2022-01-03,0
2020-11-18,61,3349,2022-01-03,0
2020-11-19,60,3409,2022-01-03,0
2020-11-20,63,3472,2022-01-03,0
2020-11-21,58,3530,2022-01-03,0
2020-11-22,67,3597,2022-01-03,0
2020-11-23,59,3656,2022-01-03,0
2020-11-24,69,3725,2022-01-03,0
2020-11-25,72,3797,2022-01-03,0
2020-11-26,54,3851,2022-01-03,0
2020-11-27,69,3920,2022-01-03,0
2020-11-28,62,3982,2022-01-03,0
2020-11-29,68,4050,2022-01-03,0
2020-11-30,61,4111,2022-01-03,0
2020-12-01,64,4175,2022-01-03,0
2020-12-02,73,4248,2022-01-03,0
2020-12-03,86,4334,2022-01-03,0
2020-12-04,67,4401,2022-01-03,0
2020-12-05,74,4475,2022-01-03,0
2020-12-06,80,4555,2022-01-03,0
2020-12-07,75,4630,2022-01-03,0
2020-12-08,61,4691,2022-01-03,0
2020-12-09,71,4762,2022-01-03,0
2020-12-10,72,4834,2022-01-03,0
2020-12-11,71,4905,2022-01-03,0
2020-12-12,72,4977,2022-01-03,0
2020-12-13,56,5033,2022-01-03,0
2020-12-14,43,5076,2022-01-03,0
2020-12-15,65,5141,2022-01-03,0
2020-12-16,73,5214,2022-01-03,0
2020-12-17,60,5274,2022-01-03,0
2020-12-18,59,5333,2022-01-03,0
2020-12-19,56,5389,2022-01-03,0
2020-12-20,61,5450,2022-01-03,0
2020-12-21,58,5508,2022-01-03,0
2020-12-22,33,5541,2022-01-03,0
2020-12-23,46,5587,2022-01-03,0
2020-12-24,50,5637,2022-01-03,0
2020-12-25,36,5673,2022-01-03,0
2020-12-26,43,5716,2022-01-03,0
2020-12-27,41,5757,2022-01-03,0
2020-12-28,34,5791,2022-01-03,0
2020-12-29,37,5828,2022-01-03,0
2020-12-30,47,5875,2022-01-03,0
2020-12-31,36,5911,2022-01-03,0
2021-01-01,28,5939,2022-01-03,0
2021-01-02,47,5986,2022-01-03,0
2021-01-03,37,6023,2022-01-03,0
2021-01-04,32,6055,2022-01-03,0
2021-01-05,40,6095,2022-01-03,0
2021-01-06,32,6127,2022-01-03,0
2021-01-07,37,6164,2022-01-03,0
2021-01-08,32,6196,2022-01-03,0
2021-01-09,26,6222,2022-01-03,0
2021-01-10,29,6251,2022-01-03,0
2021-01-11,26,6277,2022-01-03,0
2021-01-12,32,6309,2022-01-03,0
2021-01-13,23,6332,2022-01-03,0
2021-01-14,41,6373,2022-01-03,0
2021-01-15,26,6399,2022-01-03,0
2021-01-16,30,6429,2022-01-03,0
2021-01-17,21,6450,2022-01-03,0
2021-01-18,19,6469,2022-01-03,0
2021-01-19,14,6483,2022-01-03,0
2021-01-20,26,6509,2022-01-03,0
2021-01-21,16,6525,2022-01-03,0
2021-01-22,13,6538,2022-01-03,0
2021-01-23,17,6555,2022-01-03,0
2021-01-24,24,6579,2022-01-03,0
2021-01-25,19,6598,2022-01-03,0
2021-01-26,21,6619,2022-01-03,0
2021-01-27,11,6630,2022-01-03,0
2021-01-28,12,6642,2022-01-03,0
2021-01-29,15,6657,2022-01-03,0
2021-01-30,13,6670,2022-01-03,0
2021-01-31,16,6686,2022-01-03,0
2021-02-01,17,6703,2022-01-03,0
2021-02-02,10,6713,2022-01-03,0
2021-02-03,11,6724,2022-01-03,0
2021-02-04,11,6735,2022-01-03,0
2021-02-05,12,6747,2022-01-03,0
2021-02-06,12,6759,2022-01-03,0
2021-02-07,19,6778,2022-01-03,0
2021-02-08,11,6789,2022-01-03,0
2021-02-09,15,6804,2022-01-03,0
2021-02-10,14,6818,2022-01-03,0
2021-02-11,7,6825,2022-01-03,0
2021-02-12,13,6838,2022-01-03,0
2021-02-13,8,6846,2022-01-03,0
2021-02-14,10,6856,2022-01-03,0
2021-02-15,9,6865,2022-01-03,0
2021-02-16,12,6877,2022-01-03,0
2021-02-17,10,6887,2022-01-03,0
2021-02-18,7,6894,2022-01-03,0
2021-02-19,6,6900,2022-01-03,0
2021-02-20,7,6907,2022-01-03,0
2021-02-21,4,6911,2022-01-03,0
2021-02-22,5,6916,2022-01-03,0
2021-02-23,9,6925,2022-01-03,0
2021-02-24,5,6930,2022-01-03,0
2021-02-25,5,6935,2022-01-03,0
2021-02-26,7,6942,2022-01-03,0
2021-02-27,6,6948,2022-01-03,0
2021-02-28,8,6956,2022-01-03,0
2021-03-01,7,6963,2022-01-03,0
2021-03-02,3,6966,2022-01-03,0
2021-03-03,10,6976,2022-01-03,0
2021-03-04,6,6982,2022-01-03,0
2021-03-05,10,6992,2022-01-03,0
2021-03-06,5,6997,2022-01-03,0
2021-03-07,9,7006,2022-01-03,0
2021-03-08,5,7011,2022-01-03,0
2021-03-09,7,7018,2022-01-03,0
2021-03-10,5,7023,2022-01-03,0
2021-03-11,4,7027,2022-01-03,0
2021-03-12,11,7038,2022-01-03,0
2021-03-13,5,7043,2022-01-03,0
2021-03-14,5,7048,2022-01-03,0
2021-03-15,2,7050,2022-01-03,0
2021-03-16,6,7056,2022-01-03,0
2021-03-17,4,7060,2022-01-03,0
2021-03-18,5,7065,2022-01-03,0
2021-03-19,5,7070,2022-01-03,0
2021-03-20,9,7079,2022-01-03,0
2021-03-21,5,7084,2022-01-03,0
2021-03-22,4,7088,2022-01-03,0
2021-03-23,5,7093,2022-01-03,0
2021-03-24,1,7094,2022-01-03,0
2021-03-25,5,7099,2022-01-03,0
2021-03-26,3,7102,2022-01-03,0
2021-03-27,7,7109,2022-01-03,0
2021-03-28,6,7115,2022-01-03,0
2021-03-29,5,7120,2022-01-03,0
2021-03-30,6,7126,2022-01-03,0
2021-03-31,8,7134,2022-01-03,0
2021-04-01,6,7140,2022-01-03,0
2021-04-02,9,7149,2022-01-03,0
2021-04-03,8,7157,2022-01-03,0
2021-04-04,6,7163,2022-01-03,0
2021-04-05,8,7171,2022-01-03,0
2021-04-06,7,7178,2022-01-03,0
2021-04-07,6,7184,2022-01-03,0
2021-04-08,10,7194,2022-01-03,0
2021-04-09,7,7201,2022-01-03,0
2021-04-10,7,7208,2022-01-03,0
2021-04-11,8,7216,2022-01-03,0
2021-04-12,10,7226,2022-01-03,0
2021-04-13,7,7233,2022-01-03,0
2021-04-14,8,7241,2022-01-03,0
2021-04-15,14,7255,2022-01-03,0
2021-04-16,8,7263,2022-01-03,0
2021-04-17,8,7271,2022-01-03,0
2021-04-18,8,7279,2022-01-03,0
2021-04-19,10,7289,2022-01-03,0
2021-04-20,5,7294,2022-01-03,0
2021-04-21,8,7302,2022-01-03,0
2021-04-22,3,7305,2022-01-03,0
2021-04-23,15,7320,2022-01-03,0
2021-04-24,11,7331,2022-01-03,0
2021-04-25,15,7346,2022-01-03,0
2021-04-26,15,7361,2022-01-03,0
2021-04-27,7,7368,2022-01-03,0
2021-04-28,14,7382,2022-01-03,0
2021-04-29,8,7390,2022-01-03,0
2021-04-30,11,7401,2022-01-03,0
2021-05-01,7,7408,2022-01-03,0
2021-05-02,8,7416,2022-01-03,0
2021-05-03,5,7421,2022-01-03,0
2021-05-04,13,7434,2022-01-03,0
2021-05-05,8,7442,2022-01-03,0
2021-05-06,5,7447,2022-01-03,0
2021-05-07,8,7455,2022-01-03,0
2021-05-08,7,7462,2022-01-03,0
2021-05-09,9,7471,2022-01-03,0
2021-05-10,8,7479,2022-01-03,0
2021-05-11,6,7485,2022-01-03,0
2021-05-12,9,7494,2022-01-03,0
2021-05-13,9,7503,2022-01-03,0
2021-05-14,11,7514,2022-01-03,0
2021-05-15,10,7524,2022-01-03,0
2021-05-16,6,7530,2022-01-03,0
2021-05-17,6,7536,2022-01-03,0
2021-05-18,7,7543,2022-01-03,0
2021-05-19,2,7545,2022-01-03,0
2021-05-20,5,7550,2022-01-03,0
2021-05-21,7,7557,2022-01-03,0
2021-05-22,11,7568,2022-01-03,0
2021-05-23,5,7573,2022-01-03,0
2021-05-24,5,7578,2022-01-03,0
2021-05-25,6,7584,2022-01-03,0
2021-05-26,3,7587,2022-01-03,0
2021-05-27,7,7594,2022-01-03,0
2021-05-28,2,7596,2022-01-03,0
2021-05-29,6,7602,2022-01-03,0
2021-05-30,4,7606,2022-01-03,0
2021-05-31,3,7609,2022-01-03,0
2021-06-01,5,7614,2022-01-03,0
2021-06-02,8,7622,2022-01-03,0
2021-06-03,4,7626,2022-01-03,0
2021-06-04,4,7630,2022-01-03,0
2021-06-05,2,7632,2022-01-03,0
2021-06-06,5,7637,2022-01-03,0
2021-06-07,3,7640,2022-01-03,0
2021-06-08,5,7645,2022-01-03,0
2021-06-09,4,7649,2022-01-03,0
2021-06-10,6,7655,2022-01-03,0
2021-06-11,6,7661,2022-01-03,0
2021-06-12,4,7665,2022-01-03,0
2021-06-13,4,7669,2022-01-03,0
2021-06-14,3,7672,2022-01-03,0
2021-06-15,2,7674,2022-01-03,0
2021-06-16,2,7676,2022-01-03,0
2021-06-17,4,7680,2022-01-03,0
2021-06-18,1,7681,2022-01-03,0
2021-06-19,6,7687,2022-01-03,0
2021-06-20,1,7688,2022-01-03,0
2021-06-21,5,7693,2022-01-03,0
2021-06-22,3,7696,2022-01-03,0
2021-06-23,4,7700,2022-01-03,0
2021-06-24,3,7703,2022-01-03,0
2021-06-25,3,7706,2022-01-03,0
2021-06-26,4,7710,2022-01-03,0
2021-06-27,2,7712,2022-01-03,0
2021-06-28,2,7714,2022-01-03,0
2021-06-29,2,7716,2022-01-03,0
2021-06-30,2,7718,2022-01-03,0
2021-07-01,0,7718,2022-01-03,0
2021-07-02,2,7720,2022-01-03,0
2021-07-03,2,7722,2022-01-03,0
2021-07-04,3,7725,2022-01-03,0
2021-07-05,1,7726,2022-01-03,0
2021-07-06,4,7730,2022-01-03,0
2021-07-07,1,7731,2022-01-03,0
2021-07-08,1,7732,2022-01-03,0
2021-07-09,0,7732,2022-01-03,0
2021-07-10,1,7733,2022-01-03,0
2021-07-11,3,7736,2022-01-03,0
2021-07-12,1,7737,2022-01-03,0
2021-07-13,2,7739,2022-01-03,0
2021-07-14,2,7741,2022-01-03,0
2021-07-15,2,7743,2022-01-03,0
2021-07-16,1,7744,2022-01-03,0
2021-07-17,1,7745,2022-01-03,0
2021-07-18,0,7745,2022-01-03,0
2021-07-19,0,7745,2022-01-03,0
2021-07-20,2,7747,2022-01-03,0
2021-07-21,2,7749,2022-01-03,0
2021-07-22,2,7751,2022-01-03,0
2021-07-23,3,7754,2022-01-03,0
2021-07-24,0,7754,2022-01-03,0
2021-07-25,2,7756,2022-01-03,0
2021-07-26,1,7757,2022-01-03,0
2021-07-27,2,7759,2022-01-03,0
2021-07-28,3,7762,2022-01-03,0
2021-07-29,2,7764,2022-01-03,0
2021-07-30,5,7769,2022-01-03,0
2021-07-31,4,7773,2022-01-03,0
2021-08-01,1,7774,2022-01-03,0
2021-08-02,3,7777,2022-01-03,0
2021-08-03,2,7779,2022-01-03,0
2021-08-04,3,7782,2022-01-03,0
2021-08-05,2,7784,2022-01-03,0
2021-08-06,7,7791,2022-01-03,0
2021-08-07,3,7794,2022-01-03,0
2021-08-08,2,7796,2022-01-03,0
2021-08-09,3,7799,2022-01-03,0
2021-08-10,2,7801,2022-01-03,0
2021-08-11,2,7803,2022-01-03,0
2021-08-12,7,7810,2022-01-03,0
2021-08-13,5,7815,2022-01-03,0
2021-08-14,6,7821,2022-01-03,0
2021-08-15,0,7821,2022-01-03,0
2021-08-16,7,7828,2022-01-03,0
2021-08-17,7,7835,2022-01-03,0
2021-08-18,9,7844,2022-01-03,0
2021-08-19,2,7846,2022-01-03,0
2021-08-20,3,7849,2022-01-03,0
2021-08-21,5,7854,2022-01-03,0
2021-08-22,7,7861,2022-01-03,0
2021-08-23,5,7866,2022-01-03,0
2021-08-24,12,7878,2022-01-03,0
2021-08-25,7,7885,2022-01-03,0
2021-08-26,2,7887,2022-01-03,0
2021-08-27,6,7893,2022-01-03,0
2021-08-28,11,7904,2022-01-03,0
2021-08-29,11,7915,2022-01-03,0
2021-08-30,8,7923,2022-01-03,0
2021-08-31,6,7929,2022-01-03,0
2021-09-01,6,7935,2022-01-03,0
2021-09-02,6,7941,2022-01-03,0
2021-09-03,9,7950,2022-01-03,0
2021-09-04,9,7959,2022-01-03,0
2021-09-05,10,7969,2022-01-03,0
2021-09-06,8,7977,2022-01-03,0
2021-09-07,7,7984,2022-01-03,0
2021-09-08,11,7995,2022-01-03,0
2021-09-09,5,8000,2022-01-03,0
2021-09-10,9,8009,2022-01-03,0
2021-09-11,17,8026,2022-01-03,0
2021-09-12,10,8036,2022-01-03,0
2021-09-13,7,8043,2022-01-03,0
2021-09-14,11,8054,2022-01-03,0
2021-09-15,14,8068,2022-01-03,0
2021-09-16,16,8084,2022-01-03,0
2021-09-17,8,8092,2022-01-03,0
2021-09-18,13,8105,2022-01-03,0
2021-09-19,11,8116,2022-01-03,0
2021-09-20,16,8132,2022-01-03,0
2021-09-21,15,8147,2022-01-03,0
2021-09-22,17,8164,2022-01-03,0
2021-09-23,13,8177,2022-01-03,0
2021-09-24,13,8190,2022-01-03,0
2021-09-25,16,8206,2022-01-03,0
2021-09-26,15,8221,2022-01-03,0
2021-09-27,15,8236,2022-01-03,0
2021-09-28,11,8247,2022-01-03,0
2021-09-29,19,8266,2022-01-03,0
2021-09-30,17,8283,2022-01-03,0
2021-10-01,13,8296,2022-01-03,0
2021-10-02,15,8311,2022-01-03,0
2021-10-03,23,8334,2022-01-03,0
2021-10-04,15,8349,2022-01-03,0
2021-10-05,23,8372,2022-01-03,0
2021-10-06,21,8393,2022-01-03,0
2021-10-07,14,8407,2022-01-03,0
2021-10-08,22,8429,2022-01-03,0
2021-10-09,20,8449,2022-01-03,0
2021-10-10,13,8462,2022-01-03,0
2021-10-11,11,8473,2022-01-03,0
2021-10-12,25,8498,2022-01-03,0
2021-10-13,20,8518,2022-01-03,0
2021-10-14,21,8539,2022-01-03,0
2021-10-15,14,8553,2022-01-03,0
2021-10-16,20,8573,2022-01-03,0
2021-10-17,17,8590,2022-01-03,0
2021-10-18,17,8607,2022-01-03,0
2021-10-19,25,8632,2022-01-03,0
2021-10-20,15,8647,2022-01-03,0
2021-10-21,9,8656,2022-01-03,0
2021-10-22,23,8679,2022-01-03,0
2021-10-23,24,8703,2022-01-03,0
2021-10-24,24,8727,2022-01-03,0
2021-10-25,20,8747,2022-01-03,0
2021-10-26,22,8769,2022-01-03,0
2021-10-27,16,8785,2022-01-03,0
2021-10-28,24,8809,2022-01-03,0
2021-10-29,20,8829,2022-01-03,0
2021-10-30,19,8848,2022-01-03,0
2021-10-31,26,8874,2022-01-03,0
2021-11-01,18,8892,2022-01-03,0
2021-11-02,18,8910,2022-01-03,0
2021-11-03,27,8937,2022-01-03,0
2021-11-04,27,8964,2022-01-03,0
2021-11-05,29,8993,2022-01-03,0
2021-11-06,16,9009,2022-01-03,0
2021-11-07,24,9033,2022-01-03,0
2021-11-08,27,9060,2022-01-03,0
2021-11-09,16,9076,2022-01-03,0
2021-11-10,18,9094,2022-01-03,0
2021-11-11,27,9121,2022-01-03,0
2021-11-12,28,9149,2022-01-03,0
2021-11-13,31,9180,2022-01-03,0
2021-11-14,24,9204,2022-01-03,0
2021-11-15,28,9232,2022-01-03,0
2021-11-16,25,9257,2022-01-03,0
2021-11-17,37,9294,2022-01-03,0
2021-11-18,36,9330,2022-01-03,0
2021-11-19,34,9364,2022-01-03,0
2021-11-20,30,9394,2022-01-03,0
2021-11-21,32,9426,2022-01-03,0
2021-11-22,29,9455,2022-01-03,0
2021-11-23,31,9486,2022-01-03,0
2021-11-24,24,9510,2022-01-03,0
2021-11-25,35,9545,2022-01-03,0
2021-11-26,50,9595,2022-01-03,0
2021-11-27,36,9631,2022-01-03,0
2021-11-28,38,9669,2022-01-03,0
2021-11-29,28,9697,2022-01-03,0
2021-11-30,29,9726,2022-01-03,0
2021-12-01,46,9772,2022-01-03,1
2021-12-02,39,9811,2022-01-03,0
2021-12-03,31,9842,2022-01-03,0
2021-12-04,40,9882,2022-01-03,2
2021-12-05,35,9917,2022-01-03,0
2021-12-06,32,9949,2022-01-03,0
2021-12-07,32,9981,2022-01-03,0
2021-12-08,37,10018,2022-01-03,0
2021-12-09,45,10063,2022-01-03,1
2021-12-10,34,10097,2022-01-03,0
2021-12-11,24,10121,2022-01-03,0
2021-12-12,35,10156,2022-01-03,0
2021-12-13,30,10186,2022-01-03,0
2021-12-14,33,10219,2022-01-03,1
2021-12-15,38,10257,2022-01-03,0
2021-12-16,28,10285,2022-01-03,0
2021-12-17,34,10319,2022-01-03,3
2021-12-18,28,10347,2022-01-03,0
2021-12-19,28,10375,2022-01-03,1
2021-12-20,32,10407,2022-01-03,0
2021-12-21,24,10431,2022-01-03,2
2021-12-22,19,10450,2022-01-03,2
2021-12-23,18,10468,2022-01-03,1
2021-12-24,24,10492,2022-01-03,5
2021-12-25,15,10507,2022-01-03,6
2021-12-26,26,10533,2022-01-03,2
2021-12-27,18,10551,2022-01-03,8
2021-12-28,12,10563,2022-01-03,12
2021-12-29,1,10564,2022-01-03,1
NA,0,10564,2022-01-03,0
2020-03-19,1,1,2022-01-04,0
2020-03-20,0,1,2022-01-04,0
2020-03-21,0,1,2022-01-04,0
2020-03-22,0,1,2022-01-04,0
2020-03-23,0,1,2022-01-04,0
2020-03-24,1,2,2022-01-04,0
2020-03-25,1,3,2022-01-04,0
2020-03-26,1,4,2022-01-04,0
2020-03-27,5,9,2022-01-04,0
2020-03-28,3,12,2022-01-04,0
2020-03-29,0,12,2022-01-04,0
2020-03-30,5,17,2022-01-04,0
2020-03-31,2,19,2022-01-04,0
2020-04-01,5,24,2022-01-04,0
2020-04-02,3,27,2022-01-04,0
2020-04-03,1,28,2022-01-04,0
2020-04-04,5,33,2022-01-04,0
2020-04-05,5,38,2022-01-04,0
2020-04-06,10,48,2022-01-04,0
2020-04-07,6,54,2022-01-04,0
2020-04-08,7,61,2022-01-04,0
2020-04-09,8,69,2022-01-04,0
2020-04-10,6,75,2022-01-04,0
2020-04-11,4,79,2022-01-04,0
2020-04-12,4,83,2022-01-04,0
2020-04-13,10,93,2022-01-04,0
2020-04-14,6,99,2022-01-04,0
2020-04-15,17,116,2022-01-04,0
2020-04-16,10,126,2022-01-04,0
2020-04-17,17,143,2022-01-04,0
2020-04-18,17,160,2022-01-04,0
2020-04-19,16,176,2022-01-04,0
2020-04-20,21,197,2022-01-04,0
2020-04-21,26,223,2022-01-04,0
2020-04-22,21,244,2022-01-04,0
2020-04-23,19,263,2022-01-04,0
2020-04-24,23,286,2022-01-04,0
2020-04-25,18,304,2022-01-04,0
2020-04-26,17,321,2022-01-04,0
2020-04-27,21,342,2022-01-04,0
2020-04-28,16,358,2022-01-04,0
2020-04-29,29,387,2022-01-04,0
2020-04-30,18,405,2022-01-04,0
2020-05-01,30,435,2022-01-04,0
2020-05-02,19,454,2022-01-04,0
2020-05-03,29,483,2022-01-04,0
2020-05-04,23,506,2022-01-04,0
2020-05-05,19,525,2022-01-04,0
2020-05-06,25,550,2022-01-04,0
2020-05-07,30,580,2022-01-04,0
2020-05-08,20,600,2022-01-04,0
2020-05-09,26,626,2022-01-04,0
2020-05-10,19,645,2022-01-04,0
2020-05-11,25,670,2022-01-04,0
2020-05-12,20,690,2022-01-04,0
2020-05-13,22,712,2022-01-04,0
2020-05-14,20,732,2022-01-04,0
2020-05-15,20,752,2022-01-04,0
2020-05-16,20,772,2022-01-04,0
2020-05-17,23,795,2022-01-04,0
2020-05-18,18,813,2022-01-04,0
2020-05-19,35,848,2022-01-04,0
2020-05-20,24,872,2022-01-04,0
2020-05-21,17,889,2022-01-04,0
2020-05-22,20,909,2022-01-04,0
2020-05-23,26,935,2022-01-04,0
2020-05-24,25,960,2022-01-04,0
2020-05-25,30,990,2022-01-04,0
2020-05-26,29,1019,2022-01-04,0
2020-05-27,25,1044,2022-01-04,0
2020-05-28,21,1065,2022-01-04,0
2020-05-29,17,1082,2022-01-04,0
2020-05-30,11,1093,2022-01-04,0
2020-05-31,20,1113,2022-01-04,0
2020-06-01,23,1136,2022-01-04,0
2020-06-02,21,1157,2022-01-04,0
2020-06-03,25,1182,2022-01-04,0
2020-06-04,26,1208,2022-01-04,0
2020-06-05,18,1226,2022-01-04,0
2020-06-06,12,1238,2022-01-04,0
2020-06-07,22,1260,2022-01-04,0
2020-06-08,12,1272,2022-01-04,0
2020-06-09,13,1285,2022-01-04,0
2020-06-10,10,1295,2022-01-04,0
2020-06-11,12,1307,2022-01-04,0
2020-06-12,11,1318,2022-01-04,0
2020-06-13,13,1331,2022-01-04,0
2020-06-14,11,1342,2022-01-04,0
2020-06-15,8,1350,2022-01-04,0
2020-06-16,9,1359,2022-01-04,0
2020-06-17,17,1376,2022-01-04,0
2020-06-18,9,1385,2022-01-04,0
2020-06-19,8,1393,2022-01-04,0
2020-06-20,12,1405,2022-01-04,0
2020-06-21,11,1416,2022-01-04,0
2020-06-22,6,1422,2022-01-04,0
2020-06-23,10,1432,2022-01-04,0
2020-06-24,1,1433,2022-01-04,0
2020-06-25,9,1442,2022-01-04,0
2020-06-26,6,1448,2022-01-04,0
2020-06-27,5,1453,2022-01-04,0
2020-06-28,11,1464,2022-01-04,0
2020-06-29,7,1471,2022-01-04,0
2020-06-30,9,1480,2022-01-04,0
2020-07-01,2,1482,2022-01-04,0
2020-07-02,3,1485,2022-01-04,0
2020-07-03,5,1490,2022-01-04,0
2020-07-04,4,1494,2022-01-04,0
2020-07-05,6,1500,2022-01-04,0
2020-07-06,4,1504,2022-01-04,0
2020-07-07,2,1506,2022-01-04,0
2020-07-08,9,1515,2022-01-04,0
2020-07-09,4,1519,2022-01-04,0
2020-07-10,3,1522,2022-01-04,0
2020-07-11,4,1526,2022-01-04,0
2020-07-12,6,1532,2022-01-04,0
2020-07-13,2,1534,2022-01-04,0
2020-07-14,6,1540,2022-01-04,0
2020-07-15,7,1547,2022-01-04,0
2020-07-16,3,1550,2022-01-04,0
2020-07-17,7,1557,2022-01-04,0
2020-07-18,6,1563,2022-01-04,0
2020-07-19,5,1568,2022-01-04,0
2020-07-20,3,1571,2022-01-04,0
2020-07-21,6,1577,2022-01-04,0
2020-07-22,5,1582,2022-01-04,0
2020-07-23,8,1590,2022-01-04,0
2020-07-24,6,1596,2022-01-04,0
2020-07-25,2,1598,2022-01-04,0
2020-07-26,5,1603,2022-01-04,0
2020-07-27,5,1608,2022-01-04,0
2020-07-28,7,1615,2022-01-04,0
2020-07-29,3,1618,2022-01-04,0
2020-07-30,6,1624,2022-01-04,0
2020-07-31,9,1633,2022-01-04,0
2020-08-01,4,1637,2022-01-04,0
2020-08-02,7,1644,2022-01-04,0
2020-08-03,4,1648,2022-01-04,0
2020-08-04,7,1655,2022-01-04,0
2020-08-05,8,1663,2022-01-04,0
2020-08-06,9,1672,2022-01-04,0
2020-08-07,7,1679,2022-01-04,0
2020-08-08,6,1685,2022-01-04,0
2020-08-09,10,1695,2022-01-04,0
2020-08-10,3,1698,2022-01-04,0
2020-08-11,9,1707,2022-01-04,0
2020-08-12,7,1714,2022-01-04,0
2020-08-13,5,1719,2022-01-04,0
2020-08-14,9,1728,2022-01-04,0
2020-08-15,13,1741,2022-01-04,0
2020-08-16,13,1754,2022-01-04,0
2020-08-17,6,1760,2022-01-04,0
2020-08-18,11,1771,2022-01-04,0
2020-08-19,3,1774,2022-01-04,0
2020-08-20,10,1784,2022-01-04,0
2020-08-21,12,1796,2022-01-04,0
2020-08-22,9,1805,2022-01-04,0
2020-08-23,7,1812,2022-01-04,0
2020-08-24,9,1821,2022-01-04,0
2020-08-25,4,1825,2022-01-04,0
2020-08-26,3,1828,2022-01-04,0
2020-08-27,7,1835,2022-01-04,0
2020-08-28,6,1841,2022-01-04,0
2020-08-29,3,1844,2022-01-04,0
2020-08-30,5,1849,2022-01-04,0
2020-08-31,9,1858,2022-01-04,0
2020-09-01,2,1860,2022-01-04,0
2020-09-02,7,1867,2022-01-04,0
2020-09-03,12,1879,2022-01-04,0
2020-09-04,4,1883,2022-01-04,0
2020-09-05,6,1889,2022-01-04,0
2020-09-06,12,1901,2022-01-04,0
2020-09-07,3,1904,2022-01-04,0
2020-09-08,6,1910,2022-01-04,0
2020-09-09,10,1920,2022-01-04,0
2020-09-10,9,1929,2022-01-04,0
2020-09-11,11,1940,2022-01-04,0
2020-09-12,8,1948,2022-01-04,0
2020-09-13,8,1956,2022-01-04,0
2020-09-14,2,1958,2022-01-04,0
2020-09-15,7,1965,2022-01-04,0
2020-09-16,9,1974,2022-01-04,0
2020-09-17,5,1979,2022-01-04,0
2020-09-18,6,1985,2022-01-04,0
2020-09-19,4,1989,2022-01-04,0
2020-09-20,9,1998,2022-01-04,0
2020-09-21,7,2005,2022-01-04,0
2020-09-22,8,2013,2022-01-04,0
2020-09-23,9,2022,2022-01-04,0
2020-09-24,8,2030,2022-01-04,0
2020-09-25,11,2041,2022-01-04,0
2020-09-26,9,2050,2022-01-04,0
2020-09-27,14,2064,2022-01-04,0
2020-09-28,11,2075,2022-01-04,0
2020-09-29,5,2080,2022-01-04,0
2020-09-30,16,2096,2022-01-04,0
2020-10-01,7,2103,2022-01-04,0
2020-10-02,13,2116,2022-01-04,0
2020-10-03,9,2125,2022-01-04,0
2020-10-04,7,2132,2022-01-04,0
2020-10-05,10,2142,2022-01-04,0
2020-10-06,13,2155,2022-01-04,0
2020-10-07,19,2174,2022-01-04,0
2020-10-08,9,2183,2022-01-04,0
2020-10-09,17,2200,2022-01-04,0
2020-10-10,16,2216,2022-01-04,0
2020-10-11,16,2232,2022-01-04,0
2020-10-12,20,2252,2022-01-04,0
2020-10-13,14,2266,2022-01-04,0
2020-10-14,10,2276,2022-01-04,0
2020-10-15,9,2285,2022-01-04,0
2020-10-16,12,2297,2022-01-04,0
2020-10-17,18,2315,2022-01-04,0
2020-10-18,25,2340,2022-01-04,0
2020-10-19,18,2358,2022-01-04,0
2020-10-20,15,2373,2022-01-04,0
2020-10-21,24,2397,2022-01-04,0
2020-10-22,18,2415,2022-01-04,0
2020-10-23,19,2434,2022-01-04,0
2020-10-24,8,2442,2022-01-04,0
2020-10-25,17,2459,2022-01-04,0
2020-10-26,25,2484,2022-01-04,0
2020-10-27,23,2507,2022-01-04,0
2020-10-28,29,2536,2022-01-04,0
2020-10-29,18,2554,2022-01-04,0
2020-10-30,27,2581,2022-01-04,0
2020-10-31,25,2606,2022-01-04,0
2020-11-01,21,2627,2022-01-04,0
2020-11-02,25,2652,2022-01-04,0
2020-11-03,25,2677,2022-01-04,0
2020-11-04,33,2710,2022-01-04,0
2020-11-05,38,2748,2022-01-04,0
2020-11-06,39,2787,2022-01-04,0
2020-11-07,42,2829,2022-01-04,0
2020-11-08,47,2876,2022-01-04,0
2020-11-09,37,2913,2022-01-04,0
2020-11-10,35,2948,2022-01-04,0
2020-11-11,43,2991,2022-01-04,0
2020-11-12,45,3036,2022-01-04,0
2020-11-13,40,3076,2022-01-04,0
2020-11-14,48,3124,2022-01-04,0
2020-11-15,46,3170,2022-01-04,0
2020-11-16,62,3232,2022-01-04,0
2020-11-17,56,3288,2022-01-04,0
2020-11-18,61,3349,2022-01-04,0
2020-11-19,60,3409,2022-01-04,0
2020-11-20,63,3472,2022-01-04,0
2020-11-21,58,3530,2022-01-04,0
2020-11-22,67,3597,2022-01-04,0
2020-11-23,59,3656,2022-01-04,0
2020-11-24,69,3725,2022-01-04,0
2020-11-25,72,3797,2022-01-04,0
2020-11-26,54,3851,2022-01-04,0
2020-11-27,69,3920,2022-01-04,0
2020-11-28,62,3982,2022-01-04,0
2020-11-29,68,4050,2022-01-04,0
2020-11-30,61,4111,2022-01-04,0
2020-12-01,64,4175,2022-01-04,0
2020-12-02,73,4248,2022-01-04,0
2020-12-03,86,4334,2022-01-04,0
2020-12-04,67,4401,2022-01-04,0
2020-12-05,74,4475,2022-01-04,0
2020-12-06,80,4555,2022-01-04,0
2020-12-07,75,4630,2022-01-04,0
2020-12-08,61,4691,2022-01-04,0
2020-12-09,71,4762,2022-01-04,0
2020-12-10,72,4834,2022-01-04,0
2020-12-11,71,4905,2022-01-04,0
2020-12-12,72,4977,2022-01-04,0
2020-12-13,56,5033,2022-01-04,0
2020-12-14,43,5076,2022-01-04,0
2020-12-15,65,5141,2022-01-04,0
2020-12-16,73,5214,2022-01-04,0
2020-12-17,60,5274,2022-01-04,0
2020-12-18,59,5333,2022-01-04,0
2020-12-19,56,5389,2022-01-04,0
2020-12-20,61,5450,2022-01-04,0
2020-12-21,58,5508,2022-01-04,0
2020-12-22,33,5541,2022-01-04,0
2020-12-23,46,5587,2022-01-04,0
2020-12-24,50,5637,2022-01-04,0
2020-12-25,36,5673,2022-01-04,0
2020-12-26,43,5716,2022-01-04,0
2020-12-27,41,5757,2022-01-04,0
2020-12-28,34,5791,2022-01-04,0
2020-12-29,37,5828,2022-01-04,0
2020-12-30,47,5875,2022-01-04,0
2020-12-31,36,5911,2022-01-04,0
2021-01-01,28,5939,2022-01-04,0
2021-01-02,47,5986,2022-01-04,0
2021-01-03,37,6023,2022-01-04,0
2021-01-04,32,6055,2022-01-04,0
2021-01-05,40,6095,2022-01-04,0
2021-01-06,32,6127,2022-01-04,0
2021-01-07,37,6164,2022-01-04,0
2021-01-08,32,6196,2022-01-04,0
2021-01-09,26,6222,2022-01-04,0
2021-01-10,29,6251,2022-01-04,0
2021-01-11,26,6277,2022-01-04,0
2021-01-12,32,6309,2022-01-04,0
2021-01-13,23,6332,2022-01-04,0
2021-01-14,41,6373,2022-01-04,0
2021-01-15,26,6399,2022-01-04,0
2021-01-16,30,6429,2022-01-04,0
2021-01-17,21,6450,2022-01-04,0
2021-01-18,19,6469,2022-01-04,0
2021-01-19,14,6483,2022-01-04,0
2021-01-20,26,6509,2022-01-04,0
2021-01-21,16,6525,2022-01-04,0
2021-01-22,13,6538,2022-01-04,0
2021-01-23,17,6555,2022-01-04,0
2021-01-24,24,6579,2022-01-04,0
2021-01-25,19,6598,2022-01-04,0
2021-01-26,21,6619,2022-01-04,0
2021-01-27,11,6630,2022-01-04,0
2021-01-28,12,6642,2022-01-04,0
2021-01-29,15,6657,2022-01-04,0
2021-01-30,13,6670,2022-01-04,0
2021-01-31,16,6686,2022-01-04,0
2021-02-01,17,6703,2022-01-04,0
2021-02-02,10,6713,2022-01-04,0
2021-02-03,11,6724,2022-01-04,0
2021-02-04,11,6735,2022-01-04,0
2021-02-05,12,6747,2022-01-04,0
2021-02-06,12,6759,2022-01-04,0
2021-02-07,19,6778,2022-01-04,0
2021-02-08,11,6789,2022-01-04,0
2021-02-09,15,6804,2022-01-04,0
2021-02-10,14,6818,2022-01-04,0
2021-02-11,7,6825,2022-01-04,0
2021-02-12,13,6838,2022-01-04,0
2021-02-13,8,6846,2022-01-04,0
2021-02-14,10,6856,2022-01-04,0
2021-02-15,9,6865,2022-01-04,0
2021-02-16,12,6877,2022-01-04,0
2021-02-17,10,6887,2022-01-04,0
2021-02-18,7,6894,2022-01-04,0
2021-02-19,6,6900,2022-01-04,0
2021-02-20,7,6907,2022-01-04,0
2021-02-21,4,6911,2022-01-04,0
2021-02-22,5,6916,2022-01-04,0
2021-02-23,9,6925,2022-01-04,0
2021-02-24,5,6930,2022-01-04,0
2021-02-25,5,6935,2022-01-04,0
2021-02-26,7,6942,2022-01-04,0
2021-02-27,6,6948,2022-01-04,0
2021-02-28,8,6956,2022-01-04,0
2021-03-01,7,6963,2022-01-04,0
2021-03-02,3,6966,2022-01-04,0
2021-03-03,10,6976,2022-01-04,0
2021-03-04,6,6982,2022-01-04,0
2021-03-05,10,6992,2022-01-04,0
2021-03-06,5,6997,2022-01-04,0
2021-03-07,9,7006,2022-01-04,0
2021-03-08,5,7011,2022-01-04,0
2021-03-09,7,7018,2022-01-04,0
2021-03-10,5,7023,2022-01-04,0
2021-03-11,4,7027,2022-01-04,0
2021-03-12,11,7038,2022-01-04,0
2021-03-13,5,7043,2022-01-04,0
2021-03-14,5,7048,2022-01-04,0
2021-03-15,2,7050,2022-01-04,0
2021-03-16,6,7056,2022-01-04,0
2021-03-17,4,7060,2022-01-04,0
2021-03-18,5,7065,2022-01-04,0
2021-03-19,5,7070,2022-01-04,0
2021-03-20,9,7079,2022-01-04,0
2021-03-21,5,7084,2022-01-04,0
2021-03-22,4,7088,2022-01-04,0
2021-03-23,5,7093,2022-01-04,0
2021-03-24,1,7094,2022-01-04,0
2021-03-25,5,7099,2022-01-04,0
2021-03-26,3,7102,2022-01-04,0
2021-03-27,7,7109,2022-01-04,0
2021-03-28,6,7115,2022-01-04,0
2021-03-29,5,7120,2022-01-04,0
2021-03-30,6,7126,2022-01-04,0
2021-03-31,8,7134,2022-01-04,0
2021-04-01,6,7140,2022-01-04,0
2021-04-02,9,7149,2022-01-04,0
2021-04-03,8,7157,2022-01-04,0
2021-04-04,6,7163,2022-01-04,0
2021-04-05,8,7171,2022-01-04,0
2021-04-06,7,7178,2022-01-04,0
2021-04-07,6,7184,2022-01-04,0
2021-04-08,10,7194,2022-01-04,0
2021-04-09,7,7201,2022-01-04,0
2021-04-10,7,7208,2022-01-04,0
2021-04-11,8,7216,2022-01-04,0
2021-04-12,10,7226,2022-01-04,0
2021-04-13,7,7233,2022-01-04,0
2021-04-14,8,7241,2022-01-04,0
2021-04-15,14,7255,2022-01-04,0
2021-04-16,8,7263,2022-01-04,0
2021-04-17,8,7271,2022-01-04,0
2021-04-18,8,7279,2022-01-04,0
2021-04-19,10,7289,2022-01-04,0
2021-04-20,5,7294,2022-01-04,0
2021-04-21,8,7302,2022-01-04,0
2021-04-22,3,7305,2022-01-04,0
2021-04-23,15,7320,2022-01-04,0
2021-04-24,11,7331,2022-01-04,0
2021-04-25,15,7346,2022-01-04,0
2021-04-26,15,7361,2022-01-04,0
2021-04-27,7,7368,2022-01-04,0
2021-04-28,14,7382,2022-01-04,0
2021-04-29,8,7390,2022-01-04,0
2021-04-30,11,7401,2022-01-04,0
2021-05-01,7,7408,2022-01-04,0
2021-05-02,8,7416,2022-01-04,0
2021-05-03,5,7421,2022-01-04,0
2021-05-04,13,7434,2022-01-04,0
2021-05-05,8,7442,2022-01-04,0
2021-05-06,5,7447,2022-01-04,0
2021-05-07,8,7455,2022-01-04,0
2021-05-08,7,7462,2022-01-04,0
2021-05-09,9,7471,2022-01-04,0
2021-05-10,8,7479,2022-01-04,0
2021-05-11,6,7485,2022-01-04,0
2021-05-12,9,7494,2022-01-04,0
2021-05-13,9,7503,2022-01-04,0
2021-05-14,11,7514,2022-01-04,0
2021-05-15,10,7524,2022-01-04,0
2021-05-16,6,7530,2022-01-04,0
2021-05-17,6,7536,2022-01-04,0
2021-05-18,7,7543,2022-01-04,0
2021-05-19,2,7545,2022-01-04,0
2021-05-20,5,7550,2022-01-04,0
2021-05-21,7,7557,2022-01-04,0
2021-05-22,11,7568,2022-01-04,0
2021-05-23,5,7573,2022-01-04,0
2021-05-24,5,7578,2022-01-04,0
2021-05-25,6,7584,2022-01-04,0
2021-05-26,3,7587,2022-01-04,0
2021-05-27,7,7594,2022-01-04,0
2021-05-28,2,7596,2022-01-04,0
2021-05-29,6,7602,2022-01-04,0
2021-05-30,4,7606,2022-01-04,0
2021-05-31,3,7609,2022-01-04,0
2021-06-01,5,7614,2022-01-04,0
2021-06-02,8,7622,2022-01-04,0
2021-06-03,4,7626,2022-01-04,0
2021-06-04,4,7630,2022-01-04,0
2021-06-05,2,7632,2022-01-04,0
2021-06-06,5,7637,2022-01-04,0
2021-06-07,3,7640,2022-01-04,0
2021-06-08,5,7645,2022-01-04,0
2021-06-09,4,7649,2022-01-04,0
2021-06-10,6,7655,2022-01-04,0
2021-06-11,6,7661,2022-01-04,0
2021-06-12,4,7665,2022-01-04,0
2021-06-13,4,7669,2022-01-04,0
2021-06-14,3,7672,2022-01-04,0
2021-06-15,2,7674,2022-01-04,0
2021-06-16,2,7676,2022-01-04,0
2021-06-17,4,7680,2022-01-04,0
2021-06-18,1,7681,2022-01-04,0
2021-06-19,6,7687,2022-01-04,0
2021-06-20,1,7688,2022-01-04,0
2021-06-21,5,7693,2022-01-04,0
2021-06-22,3,7696,2022-01-04,0
2021-06-23,4,7700,2022-01-04,0
2021-06-24,3,7703,2022-01-04,0
2021-06-25,3,7706,2022-01-04,0
2021-06-26,4,7710,2022-01-04,0
2021-06-27,2,7712,2022-01-04,0
2021-06-28,2,7714,2022-01-04,0
2021-06-29,2,7716,2022-01-04,0
2021-06-30,2,7718,2022-01-04,0
2021-07-01,0,7718,2022-01-04,0
2021-07-02,2,7720,2022-01-04,0
2021-07-03,2,7722,2022-01-04,0
2021-07-04,3,7725,2022-01-04,0
2021-07-05,1,7726,2022-01-04,0
2021-07-06,4,7730,2022-01-04,0
2021-07-07,1,7731,2022-01-04,0
2021-07-08,1,7732,2022-01-04,0
2021-07-09,0,7732,2022-01-04,0
2021-07-10,1,7733,2022-01-04,0
2021-07-11,3,7736,2022-01-04,0
2021-07-12,1,7737,2022-01-04,0
2021-07-13,2,7739,2022-01-04,0
2021-07-14,2,7741,2022-01-04,0
2021-07-15,2,7743,2022-01-04,0
2021-07-16,1,7744,2022-01-04,0
2021-07-17,1,7745,2022-01-04,0
2021-07-18,0,7745,2022-01-04,0
2021-07-19,0,7745,2022-01-04,0
2021-07-20,2,7747,2022-01-04,0
2021-07-21,2,7749,2022-01-04,0
2021-07-22,2,7751,2022-01-04,0
2021-07-23,3,7754,2022-01-04,0
2021-07-24,0,7754,2022-01-04,0
2021-07-25,2,7756,2022-01-04,0
2021-07-26,1,7757,2022-01-04,0
2021-07-27,2,7759,2022-01-04,0
2021-07-28,3,7762,2022-01-04,0
2021-07-29,2,7764,2022-01-04,0
2021-07-30,5,7769,2022-01-04,0
2021-07-31,4,7773,2022-01-04,0
2021-08-01,1,7774,2022-01-04,0
2021-08-02,3,7777,2022-01-04,0
2021-08-03,2,7779,2022-01-04,0
2021-08-04,3,7782,2022-01-04,0
2021-08-05,2,7784,2022-01-04,0
2021-08-06,7,7791,2022-01-04,0
2021-08-07,3,7794,2022-01-04,0
2021-08-08,2,7796,2022-01-04,0
2021-08-09,3,7799,2022-01-04,0
2021-08-10,2,7801,2022-01-04,0
2021-08-11,2,7803,2022-01-04,0
2021-08-12,7,7810,2022-01-04,0
2021-08-13,5,7815,2022-01-04,0
2021-08-14,6,7821,2022-01-04,0
2021-08-15,0,7821,2022-01-04,0
2021-08-16,7,7828,2022-01-04,0
2021-08-17,7,7835,2022-01-04,0
2021-08-18,9,7844,2022-01-04,0
2021-08-19,2,7846,2022-01-04,0
2021-08-20,3,7849,2022-01-04,0
2021-08-21,5,7854,2022-01-04,0
2021-08-22,7,7861,2022-01-04,0
2021-08-23,5,7866,2022-01-04,0
2021-08-24,12,7878,2022-01-04,0
2021-08-25,7,7885,2022-01-04,0
2021-08-26,2,7887,2022-01-04,0
2021-08-27,6,7893,2022-01-04,0
2021-08-28,11,7904,2022-01-04,0
2021-08-29,11,7915,2022-01-04,0
2021-08-30,8,7923,2022-01-04,0
2021-08-31,6,7929,2022-01-04,0
2021-09-01,6,7935,2022-01-04,0
2021-09-02,6,7941,2022-01-04,0
2021-09-03,9,7950,2022-01-04,0
2021-09-04,9,7959,2022-01-04,0
2021-09-05,10,7969,2022-01-04,0
2021-09-06,8,7977,2022-01-04,0
2021-09-07,7,7984,2022-01-04,0
2021-09-08,11,7995,2022-01-04,0
2021-09-09,5,8000,2022-01-04,0
2021-09-10,9,8009,2022-01-04,0
2021-09-11,17,8026,2022-01-04,0
2021-09-12,10,8036,2022-01-04,0
2021-09-13,7,8043,2022-01-04,0
2021-09-14,11,8054,2022-01-04,0
2021-09-15,14,8068,2022-01-04,0
2021-09-16,16,8084,2022-01-04,0
2021-09-17,8,8092,2022-01-04,0
2021-09-18,13,8105,2022-01-04,0
2021-09-19,11,8116,2022-01-04,0
2021-09-20,16,8132,2022-01-04,0
2021-09-21,15,8147,2022-01-04,0
2021-09-22,17,8164,2022-01-04,0
2021-09-23,13,8177,2022-01-04,0
2021-09-24,13,8190,2022-01-04,0
2021-09-25,16,8206,2022-01-04,0
2021-09-26,15,8221,2022-01-04,0
2021-09-27,15,8236,2022-01-04,0
2021-09-28,11,8247,2022-01-04,0
2021-09-29,19,8266,2022-01-04,0
2021-09-30,17,8283,2022-01-04,0
2021-10-01,13,8296,2022-01-04,0
2021-10-02,15,8311,2022-01-04,0
2021-10-03,23,8334,2022-01-04,0
2021-10-04,15,8349,2022-01-04,0
2021-10-05,23,8372,2022-01-04,0
2021-10-06,21,8393,2022-01-04,0
2021-10-07,14,8407,2022-01-04,0
2021-10-08,22,8429,2022-01-04,0
2021-10-09,20,8449,2022-01-04,0
2021-10-10,13,8462,2022-01-04,0
2021-10-11,11,8473,2022-01-04,0
2021-10-12,25,8498,2022-01-04,0
2021-10-13,20,8518,2022-01-04,0
2021-10-14,21,8539,2022-01-04,0
2021-10-15,14,8553,2022-01-04,0
2021-10-16,20,8573,2022-01-04,0
2021-10-17,17,8590,2022-01-04,0
2021-10-18,17,8607,2022-01-04,0
2021-10-19,25,8632,2022-01-04,0
2021-10-20,15,8647,2022-01-04,0
2021-10-21,9,8656,2022-01-04,0
2021-10-22,23,8679,2022-01-04,0
2021-10-23,24,8703,2022-01-04,0
2021-10-24,24,8727,2022-01-04,0
2021-10-25,20,8747,2022-01-04,0
2021-10-26,22,8769,2022-01-04,0
2021-10-27,16,8785,2022-01-04,0
2021-10-28,24,8809,2022-01-04,0
2021-10-29,20,8829,2022-01-04,0
2021-10-30,19,8848,2022-01-04,0
2021-10-31,26,8874,2022-01-04,0
2021-11-01,18,8892,2022-01-04,0
2021-11-02,18,8910,2022-01-04,0
2021-11-03,27,8937,2022-01-04,0
2021-11-04,27,8964,2022-01-04,0
2021-11-05,29,8993,2022-01-04,0
2021-11-06,16,9009,2022-01-04,0
2021-11-07,24,9033,2022-01-04,0
2021-11-08,27,9060,2022-01-04,0
2021-11-09,16,9076,2022-01-04,0
2021-11-10,18,9094,2022-01-04,0
2021-11-11,27,9121,2022-01-04,0
2021-11-12,28,9149,2022-01-04,0
2021-11-13,31,9180,2022-01-04,0
2021-11-14,24,9204,2022-01-04,0
2021-11-15,28,9232,2022-01-04,0
2021-11-16,25,9257,2022-01-04,0
2021-11-17,37,9294,2022-01-04,0
2021-11-18,36,9330,2022-01-04,0
2021-11-19,34,9364,2022-01-04,0
2021-11-20,30,9394,2022-01-04,0
2021-11-21,32,9426,2022-01-04,0
2021-11-22,29,9455,2022-01-04,0
2021-11-23,31,9486,2022-01-04,0
2021-11-24,24,9510,2022-01-04,0
2021-11-25,35,9545,2022-01-04,0
2021-11-26,50,9595,2022-01-04,0
2021-11-27,36,9631,2022-01-04,0
2021-11-28,38,9669,2022-01-04,0
2021-11-29,28,9697,2022-01-04,0
2021-11-30,29,9726,2022-01-04,0
2021-12-01,46,9772,2022-01-04,0
2021-12-02,39,9811,2022-01-04,0
2021-12-03,31,9842,2022-01-04,0
2021-12-04,40,9882,2022-01-04,0
2021-12-05,35,9917,2022-01-04,0
2021-12-06,32,9949,2022-01-04,0
2021-12-07,33,9982,2022-01-04,1
2021-12-08,37,10019,2022-01-04,0
2021-12-09,45,10064,2022-01-04,0
2021-12-10,34,10098,2022-01-04,0
2021-12-11,24,10122,2022-01-04,0
2021-12-12,35,10157,2022-01-04,0
2021-12-13,31,10188,2022-01-04,1
2021-12-14,33,10221,2022-01-04,0
2021-12-15,38,10259,2022-01-04,0
2021-12-16,28,10287,2022-01-04,0
2021-12-17,36,10323,2022-01-04,2
2021-12-18,29,10352,2022-01-04,1
2021-12-19,29,10381,2022-01-04,1
2021-12-20,33,10414,2022-01-04,1
2021-12-21,24,10438,2022-01-04,0
2021-12-22,21,10459,2022-01-04,2
2021-12-23,22,10481,2022-01-04,4
2021-12-24,24,10505,2022-01-04,0
2021-12-25,19,10524,2022-01-04,4
2021-12-26,28,10552,2022-01-04,2
2021-12-27,21,10573,2022-01-04,3
2021-12-28,20,10593,2022-01-04,8
2021-12-29,7,10600,2022-01-04,6
NA,0,10600,2022-01-04,0
2020-03-19,1,1,2022-01-05,0
2020-03-20,0,1,2022-01-05,0
2020-03-21,0,1,2022-01-05,0
2020-03-22,0,1,2022-01-05,0
2020-03-23,0,1,2022-01-05,0
2020-03-24,1,2,2022-01-05,0
2020-03-25,1,3,2022-01-05,0
2020-03-26,1,4,2022-01-05,0
2020-03-27,5,9,2022-01-05,0
2020-03-28,3,12,2022-01-05,0
2020-03-29,0,12,2022-01-05,0
2020-03-30,5,17,2022-01-05,0
2020-03-31,2,19,2022-01-05,0
2020-04-01,5,24,2022-01-05,0
2020-04-02,3,27,2022-01-05,0
2020-04-03,1,28,2022-01-05,0
2020-04-04,5,33,2022-01-05,0
2020-04-05,5,38,2022-01-05,0
2020-04-06,10,48,2022-01-05,0
2020-04-07,6,54,2022-01-05,0
2020-04-08,7,61,2022-01-05,0
2020-04-09,8,69,2022-01-05,0
2020-04-10,6,75,2022-01-05,0
2020-04-11,4,79,2022-01-05,0
2020-04-12,4,83,2022-01-05,0
2020-04-13,10,93,2022-01-05,0
2020-04-14,6,99,2022-01-05,0
2020-04-15,17,116,2022-01-05,0
2020-04-16,10,126,2022-01-05,0
2020-04-17,17,143,2022-01-05,0
2020-04-18,17,160,2022-01-05,0
2020-04-19,16,176,2022-01-05,0
2020-04-20,21,197,2022-01-05,0
2020-04-21,26,223,2022-01-05,0
2020-04-22,21,244,2022-01-05,0
2020-04-23,19,263,2022-01-05,0
2020-04-24,23,286,2022-01-05,0
2020-04-25,18,304,2022-01-05,0
2020-04-26,17,321,2022-01-05,0
2020-04-27,21,342,2022-01-05,0
2020-04-28,16,358,2022-01-05,0
2020-04-29,29,387,2022-01-05,0
2020-04-30,18,405,2022-01-05,0
2020-05-01,30,435,2022-01-05,0
2020-05-02,19,454,2022-01-05,0
2020-05-03,29,483,2022-01-05,0
2020-05-04,23,506,2022-01-05,0
2020-05-05,19,525,2022-01-05,0
2020-05-06,25,550,2022-01-05,0
2020-05-07,30,580,2022-01-05,0
2020-05-08,20,600,2022-01-05,0
2020-05-09,26,626,2022-01-05,0
2020-05-10,19,645,2022-01-05,0
2020-05-11,25,670,2022-01-05,0
2020-05-12,20,690,2022-01-05,0
2020-05-13,22,712,2022-01-05,0
2020-05-14,20,732,2022-01-05,0
2020-05-15,20,752,2022-01-05,0
2020-05-16,20,772,2022-01-05,0
2020-05-17,23,795,2022-01-05,0
2020-05-18,18,813,2022-01-05,0
2020-05-19,35,848,2022-01-05,0
2020-05-20,24,872,2022-01-05,0
2020-05-21,17,889,2022-01-05,0
2020-05-22,20,909,2022-01-05,0
2020-05-23,26,935,2022-01-05,0
2020-05-24,25,960,2022-01-05,0
2020-05-25,30,990,2022-01-05,0
2020-05-26,29,1019,2022-01-05,0
2020-05-27,25,1044,2022-01-05,0
2020-05-28,21,1065,2022-01-05,0
2020-05-29,17,1082,2022-01-05,0
2020-05-30,11,1093,2022-01-05,0
2020-05-31,20,1113,2022-01-05,0
2020-06-01,23,1136,2022-01-05,0
2020-06-02,21,1157,2022-01-05,0
2020-06-03,25,1182,2022-01-05,0
2020-06-04,26,1208,2022-01-05,0
2020-06-05,18,1226,2022-01-05,0
2020-06-06,12,1238,2022-01-05,0
2020-06-07,22,1260,2022-01-05,0
2020-06-08,12,1272,2022-01-05,0
2020-06-09,13,1285,2022-01-05,0
2020-06-10,10,1295,2022-01-05,0
2020-06-11,12,1307,2022-01-05,0
2020-06-12,11,1318,2022-01-05,0
2020-06-13,13,1331,2022-01-05,0
2020-06-14,11,1342,2022-01-05,0
2020-06-15,8,1350,2022-01-05,0
2020-06-16,9,1359,2022-01-05,0
2020-06-17,17,1376,2022-01-05,0
2020-06-18,9,1385,2022-01-05,0
2020-06-19,8,1393,2022-01-05,0
2020-06-20,12,1405,2022-01-05,0
2020-06-21,11,1416,2022-01-05,0
2020-06-22,6,1422,2022-01-05,0
2020-06-23,10,1432,2022-01-05,0
2020-06-24,1,1433,2022-01-05,0
2020-06-25,9,1442,2022-01-05,0
2020-06-26,6,1448,2022-01-05,0
2020-06-27,5,1453,2022-01-05,0
2020-06-28,11,1464,2022-01-05,0
2020-06-29,7,1471,2022-01-05,0
2020-06-30,9,1480,2022-01-05,0
2020-07-01,2,1482,2022-01-05,0
2020-07-02,3,1485,2022-01-05,0
2020-07-03,5,1490,2022-01-05,0
2020-07-04,4,1494,2022-01-05,0
2020-07-05,6,1500,2022-01-05,0
2020-07-06,4,1504,2022-01-05,0
2020-07-07,2,1506,2022-01-05,0
2020-07-08,9,1515,2022-01-05,0
2020-07-09,4,1519,2022-01-05,0
2020-07-10,3,1522,2022-01-05,0
2020-07-11,4,1526,2022-01-05,0
2020-07-12,6,1532,2022-01-05,0
2020-07-13,2,1534,2022-01-05,0
2020-07-14,6,1540,2022-01-05,0
2020-07-15,7,1547,2022-01-05,0
2020-07-16,3,1550,2022-01-05,0
2020-07-17,7,1557,2022-01-05,0
2020-07-18,6,1563,2022-01-05,0
2020-07-19,5,1568,2022-01-05,0
2020-07-20,3,1571,2022-01-05,0
2020-07-21,6,1577,2022-01-05,0
2020-07-22,5,1582,2022-01-05,0
2020-07-23,8,1590,2022-01-05,0
2020-07-24,6,1596,2022-01-05,0
2020-07-25,2,1598,2022-01-05,0
2020-07-26,5,1603,2022-01-05,0
2020-07-27,5,1608,2022-01-05,0
2020-07-28,7,1615,2022-01-05,0
2020-07-29,3,1618,2022-01-05,0
2020-07-30,6,1624,2022-01-05,0
2020-07-31,9,1633,2022-01-05,0
2020-08-01,4,1637,2022-01-05,0
2020-08-02,7,1644,2022-01-05,0
2020-08-03,4,1648,2022-01-05,0
2020-08-04,7,1655,2022-01-05,0
2020-08-05,8,1663,2022-01-05,0
2020-08-06,9,1672,2022-01-05,0
2020-08-07,7,1679,2022-01-05,0
2020-08-08,6,1685,2022-01-05,0
2020-08-09,10,1695,2022-01-05,0
2020-08-10,3,1698,2022-01-05,0
2020-08-11,9,1707,2022-01-05,0
2020-08-12,7,1714,2022-01-05,0
2020-08-13,5,1719,2022-01-05,0
2020-08-14,9,1728,2022-01-05,0
2020-08-15,13,1741,2022-01-05,0
2020-08-16,13,1754,2022-01-05,0
2020-08-17,6,1760,2022-01-05,0
2020-08-18,11,1771,2022-01-05,0
2020-08-19,3,1774,2022-01-05,0
2020-08-20,10,1784,2022-01-05,0
2020-08-21,12,1796,2022-01-05,0
2020-08-22,9,1805,2022-01-05,0
2020-08-23,7,1812,2022-01-05,0
2020-08-24,9,1821,2022-01-05,0
2020-08-25,4,1825,2022-01-05,0
2020-08-26,3,1828,2022-01-05,0
2020-08-27,7,1835,2022-01-05,0
2020-08-28,6,1841,2022-01-05,0
2020-08-29,3,1844,2022-01-05,0
2020-08-30,5,1849,2022-01-05,0
2020-08-31,9,1858,2022-01-05,0
2020-09-01,2,1860,2022-01-05,0
2020-09-02,7,1867,2022-01-05,0
2020-09-03,12,1879,2022-01-05,0
2020-09-04,4,1883,2022-01-05,0
2020-09-05,6,1889,2022-01-05,0
2020-09-06,12,1901,2022-01-05,0
2020-09-07,3,1904,2022-01-05,0
2020-09-08,6,1910,2022-01-05,0
2020-09-09,10,1920,2022-01-05,0
2020-09-10,9,1929,2022-01-05,0
2020-09-11,11,1940,2022-01-05,0
2020-09-12,8,1948,2022-01-05,0
2020-09-13,8,1956,2022-01-05,0
2020-09-14,2,1958,2022-01-05,0
2020-09-15,7,1965,2022-01-05,0
2020-09-16,9,1974,2022-01-05,0
2020-09-17,5,1979,2022-01-05,0
2020-09-18,6,1985,2022-01-05,0
2020-09-19,4,1989,2022-01-05,0
2020-09-20,9,1998,2022-01-05,0
2020-09-21,7,2005,2022-01-05,0
2020-09-22,8,2013,2022-01-05,0
2020-09-23,9,2022,2022-01-05,0
2020-09-24,8,2030,2022-01-05,0
2020-09-25,11,2041,2022-01-05,0
2020-09-26,9,2050,2022-01-05,0
2020-09-27,14,2064,2022-01-05,0
2020-09-28,11,2075,2022-01-05,0
2020-09-29,5,2080,2022-01-05,0
2020-09-30,16,2096,2022-01-05,0
2020-10-01,7,2103,2022-01-05,0
2020-10-02,13,2116,2022-01-05,0
2020-10-03,9,2125,2022-01-05,0
2020-10-04,7,2132,2022-01-05,0
2020-10-05,10,2142,2022-01-05,0
2020-10-06,13,2155,2022-01-05,0
2020-10-07,19,2174,2022-01-05,0
2020-10-08,9,2183,2022-01-05,0
2020-10-09,17,2200,2022-01-05,0
2020-10-10,16,2216,2022-01-05,0
2020-10-11,16,2232,2022-01-05,0
2020-10-12,20,2252,2022-01-05,0
2020-10-13,14,2266,2022-01-05,0
2020-10-14,10,2276,2022-01-05,0
2020-10-15,9,2285,2022-01-05,0
2020-10-16,12,2297,2022-01-05,0
2020-10-17,18,2315,2022-01-05,0
2020-10-18,25,2340,2022-01-05,0
2020-10-19,18,2358,2022-01-05,0
2020-10-20,15,2373,2022-01-05,0
2020-10-21,24,2397,2022-01-05,0
2020-10-22,18,2415,2022-01-05,0
2020-10-23,19,2434,2022-01-05,0
2020-10-24,8,2442,2022-01-05,0
2020-10-25,17,2459,2022-01-05,0
2020-10-26,25,2484,2022-01-05,0
2020-10-27,23,2507,2022-01-05,0
2020-10-28,29,2536,2022-01-05,0
2020-10-29,18,2554,2022-01-05,0
2020-10-30,27,2581,2022-01-05,0
2020-10-31,25,2606,2022-01-05,0
2020-11-01,21,2627,2022-01-05,0
2020-11-02,25,2652,2022-01-05,0
2020-11-03,25,2677,2022-01-05,0
2020-11-04,33,2710,2022-01-05,0
2020-11-05,38,2748,2022-01-05,0
2020-11-06,39,2787,2022-01-05,0
2020-11-07,42,2829,2022-01-05,0
2020-11-08,47,2876,2022-01-05,0
2020-11-09,37,2913,2022-01-05,0
2020-11-10,35,2948,2022-01-05,0
2020-11-11,43,2991,2022-01-05,0
2020-11-12,45,3036,2022-01-05,0
2020-11-13,40,3076,2022-01-05,0
2020-11-14,48,3124,2022-01-05,0
2020-11-15,46,3170,2022-01-05,0
2020-11-16,62,3232,2022-01-05,0
2020-11-17,56,3288,2022-01-05,0
2020-11-18,61,3349,2022-01-05,0
2020-11-19,60,3409,2022-01-05,0
2020-11-20,63,3472,2022-01-05,0
2020-11-21,58,3530,2022-01-05,0
2020-11-22,67,3597,2022-01-05,0
2020-11-23,59,3656,2022-01-05,0
2020-11-24,69,3725,2022-01-05,0
2020-11-25,72,3797,2022-01-05,0
2020-11-26,54,3851,2022-01-05,0
2020-11-27,69,3920,2022-01-05,0
2020-11-28,62,3982,2022-01-05,0
2020-11-29,68,4050,2022-01-05,0
2020-11-30,61,4111,2022-01-05,0
2020-12-01,64,4175,2022-01-05,0
2020-12-02,73,4248,2022-01-05,0
2020-12-03,86,4334,2022-01-05,0
2020-12-04,67,4401,2022-01-05,0
2020-12-05,74,4475,2022-01-05,0
2020-12-06,80,4555,2022-01-05,0
2020-12-07,75,4630,2022-01-05,0
2020-12-08,61,4691,2022-01-05,0
2020-12-09,71,4762,2022-01-05,0
2020-12-10,72,4834,2022-01-05,0
2020-12-11,71,4905,2022-01-05,0
2020-12-12,72,4977,2022-01-05,0
2020-12-13,56,5033,2022-01-05,0
2020-12-14,43,5076,2022-01-05,0
2020-12-15,65,5141,2022-01-05,0
2020-12-16,73,5214,2022-01-05,0
2020-12-17,60,5274,2022-01-05,0
2020-12-18,59,5333,2022-01-05,0
2020-12-19,56,5389,2022-01-05,0
2020-12-20,61,5450,2022-01-05,0
2020-12-21,58,5508,2022-01-05,0
2020-12-22,33,5541,2022-01-05,0
2020-12-23,46,5587,2022-01-05,0
2020-12-24,50,5637,2022-01-05,0
2020-12-25,36,5673,2022-01-05,0
2020-12-26,43,5716,2022-01-05,0
2020-12-27,41,5757,2022-01-05,0
2020-12-28,34,5791,2022-01-05,0
2020-12-29,37,5828,2022-01-05,0
2020-12-30,47,5875,2022-01-05,0
2020-12-31,36,5911,2022-01-05,0
2021-01-01,28,5939,2022-01-05,0
2021-01-02,47,5986,2022-01-05,0
2021-01-03,37,6023,2022-01-05,0
2021-01-04,32,6055,2022-01-05,0
2021-01-05,40,6095,2022-01-05,0
2021-01-06,32,6127,2022-01-05,0
2021-01-07,37,6164,2022-01-05,0
2021-01-08,32,6196,2022-01-05,0
2021-01-09,26,6222,2022-01-05,0
2021-01-10,29,6251,2022-01-05,0
2021-01-11,26,6277,2022-01-05,0
2021-01-12,32,6309,2022-01-05,0
2021-01-13,23,6332,2022-01-05,0
2021-01-14,41,6373,2022-01-05,0
2021-01-15,26,6399,2022-01-05,0
2021-01-16,30,6429,2022-01-05,0
2021-01-17,21,6450,2022-01-05,0
2021-01-18,19,6469,2022-01-05,0
2021-01-19,14,6483,2022-01-05,0
2021-01-20,26,6509,2022-01-05,0
2021-01-21,16,6525,2022-01-05,0
2021-01-22,13,6538,2022-01-05,0
2021-01-23,17,6555,2022-01-05,0
2021-01-24,24,6579,2022-01-05,0
2021-01-25,19,6598,2022-01-05,0
2021-01-26,21,6619,2022-01-05,0
2021-01-27,11,6630,2022-01-05,0
2021-01-28,12,6642,2022-01-05,0
2021-01-29,15,6657,2022-01-05,0
2021-01-30,13,6670,2022-01-05,0
2021-01-31,16,6686,2022-01-05,0
2021-02-01,17,6703,2022-01-05,0
2021-02-02,10,6713,2022-01-05,0
2021-02-03,11,6724,2022-01-05,0
2021-02-04,11,6735,2022-01-05,0
2021-02-05,12,6747,2022-01-05,0
2021-02-06,12,6759,2022-01-05,0
2021-02-07,19,6778,2022-01-05,0
2021-02-08,11,6789,2022-01-05,0
2021-02-09,15,6804,2022-01-05,0
2021-02-10,14,6818,2022-01-05,0
2021-02-11,7,6825,2022-01-05,0
2021-02-12,13,6838,2022-01-05,0
2021-02-13,8,6846,2022-01-05,0
2021-02-14,10,6856,2022-01-05,0
2021-02-15,9,6865,2022-01-05,0
2021-02-16,12,6877,2022-01-05,0
2021-02-17,10,6887,2022-01-05,0
2021-02-18,7,6894,2022-01-05,0
2021-02-19,6,6900,2022-01-05,0
2021-02-20,7,6907,2022-01-05,0
2021-02-21,4,6911,2022-01-05,0
2021-02-22,5,6916,2022-01-05,0
2021-02-23,9,6925,2022-01-05,0
2021-02-24,5,6930,2022-01-05,0
2021-02-25,5,6935,2022-01-05,0
2021-02-26,7,6942,2022-01-05,0
2021-02-27,6,6948,2022-01-05,0
2021-02-28,8,6956,2022-01-05,0
2021-03-01,7,6963,2022-01-05,0
2021-03-02,3,6966,2022-01-05,0
2021-03-03,10,6976,2022-01-05,0
2021-03-04,6,6982,2022-01-05,0
2021-03-05,10,6992,2022-01-05,0
2021-03-06,5,6997,2022-01-05,0
2021-03-07,9,7006,2022-01-05,0
2021-03-08,5,7011,2022-01-05,0
2021-03-09,7,7018,2022-01-05,0
2021-03-10,5,7023,2022-01-05,0
2021-03-11,4,7027,2022-01-05,0
2021-03-12,11,7038,2022-01-05,0
2021-03-13,5,7043,2022-01-05,0
2021-03-14,5,7048,2022-01-05,0
2021-03-15,2,7050,2022-01-05,0
2021-03-16,6,7056,2022-01-05,0
2021-03-17,4,7060,2022-01-05,0
2021-03-18,5,7065,2022-01-05,0
2021-03-19,5,7070,2022-01-05,0
2021-03-20,9,7079,2022-01-05,0
2021-03-21,5,7084,2022-01-05,0
2021-03-22,4,7088,2022-01-05,0
2021-03-23,5,7093,2022-01-05,0
2021-03-24,1,7094,2022-01-05,0
2021-03-25,5,7099,2022-01-05,0
2021-03-26,3,7102,2022-01-05,0
2021-03-27,7,7109,2022-01-05,0
2021-03-28,6,7115,2022-01-05,0
2021-03-29,5,7120,2022-01-05,0
2021-03-30,6,7126,2022-01-05,0
2021-03-31,8,7134,2022-01-05,0
2021-04-01,6,7140,2022-01-05,0
2021-04-02,9,7149,2022-01-05,0
2021-04-03,8,7157,2022-01-05,0
2021-04-04,6,7163,2022-01-05,0
2021-04-05,8,7171,2022-01-05,0
2021-04-06,7,7178,2022-01-05,0
2021-04-07,6,7184,2022-01-05,0
2021-04-08,10,7194,2022-01-05,0
2021-04-09,7,7201,2022-01-05,0
2021-04-10,7,7208,2022-01-05,0
2021-04-11,8,7216,2022-01-05,0
2021-04-12,10,7226,2022-01-05,0
2021-04-13,7,7233,2022-01-05,0
2021-04-14,8,7241,2022-01-05,0
2021-04-15,14,7255,2022-01-05,0
2021-04-16,8,7263,2022-01-05,0
2021-04-17,8,7271,2022-01-05,0
2021-04-18,8,7279,2022-01-05,0
2021-04-19,10,7289,2022-01-05,0
2021-04-20,5,7294,2022-01-05,0
2021-04-21,8,7302,2022-01-05,0
2021-04-22,3,7305,2022-01-05,0
2021-04-23,15,7320,2022-01-05,0
2021-04-24,11,7331,2022-01-05,0
2021-04-25,15,7346,2022-01-05,0
2021-04-26,15,7361,2022-01-05,0
2021-04-27,7,7368,2022-01-05,0
2021-04-28,14,7382,2022-01-05,0
2021-04-29,8,7390,2022-01-05,0
2021-04-30,11,7401,2022-01-05,0
2021-05-01,7,7408,2022-01-05,0
2021-05-02,8,7416,2022-01-05,0
2021-05-03,5,7421,2022-01-05,0
2021-05-04,13,7434,2022-01-05,0
2021-05-05,8,7442,2022-01-05,0
2021-05-06,5,7447,2022-01-05,0
2021-05-07,8,7455,2022-01-05,0
2021-05-08,7,7462,2022-01-05,0
2021-05-09,9,7471,2022-01-05,0
2021-05-10,8,7479,2022-01-05,0
2021-05-11,6,7485,2022-01-05,0
2021-05-12,9,7494,2022-01-05,0
2021-05-13,9,7503,2022-01-05,0
2021-05-14,11,7514,2022-01-05,0
2021-05-15,10,7524,2022-01-05,0
2021-05-16,6,7530,2022-01-05,0
2021-05-17,6,7536,2022-01-05,0
2021-05-18,7,7543,2022-01-05,0
2021-05-19,2,7545,2022-01-05,0
2021-05-20,5,7550,2022-01-05,0
2021-05-21,7,7557,2022-01-05,0
2021-05-22,11,7568,2022-01-05,0
2021-05-23,5,7573,2022-01-05,0
2021-05-24,5,7578,2022-01-05,0
2021-05-25,6,7584,2022-01-05,0
2021-05-26,3,7587,2022-01-05,0
2021-05-27,7,7594,2022-01-05,0
2021-05-28,2,7596,2022-01-05,0
2021-05-29,6,7602,2022-01-05,0
2021-05-30,4,7606,2022-01-05,0
2021-05-31,3,7609,2022-01-05,0
2021-06-01,5,7614,2022-01-05,0
2021-06-02,8,7622,2022-01-05,0
2021-06-03,4,7626,2022-01-05,0
2021-06-04,4,7630,2022-01-05,0
2021-06-05,2,7632,2022-01-05,0
2021-06-06,5,7637,2022-01-05,0
2021-06-07,3,7640,2022-01-05,0
2021-06-08,5,7645,2022-01-05,0
2021-06-09,4,7649,2022-01-05,0
2021-06-10,6,7655,2022-01-05,0
2021-06-11,6,7661,2022-01-05,0
2021-06-12,4,7665,2022-01-05,0
2021-06-13,4,7669,2022-01-05,0
2021-06-14,3,7672,2022-01-05,0
2021-06-15,2,7674,2022-01-05,0
2021-06-16,2,7676,2022-01-05,0
2021-06-17,4,7680,2022-01-05,0
2021-06-18,1,7681,2022-01-05,0
2021-06-19,6,7687,2022-01-05,0
2021-06-20,1,7688,2022-01-05,0
2021-06-21,5,7693,2022-01-05,0
2021-06-22,3,7696,2022-01-05,0
2021-06-23,4,7700,2022-01-05,0
2021-06-24,3,7703,2022-01-05,0
2021-06-25,3,7706,2022-01-05,0
2021-06-26,4,7710,2022-01-05,0
2021-06-27,2,7712,2022-01-05,0
2021-06-28,2,7714,2022-01-05,0
2021-06-29,2,7716,2022-01-05,0
2021-06-30,2,7718,2022-01-05,0
2021-07-01,0,7718,2022-01-05,0
2021-07-02,2,7720,2022-01-05,0
2021-07-03,2,7722,2022-01-05,0
2021-07-04,3,7725,2022-01-05,0
2021-07-05,1,7726,2022-01-05,0
2021-07-06,4,7730,2022-01-05,0
2021-07-07,1,7731,2022-01-05,0
2021-07-08,1,7732,2022-01-05,0
2021-07-09,0,7732,2022-01-05,0
2021-07-10,1,7733,2022-01-05,0
2021-07-11,3,7736,2022-01-05,0
2021-07-12,1,7737,2022-01-05,0
2021-07-13,2,7739,2022-01-05,0
2021-07-14,2,7741,2022-01-05,0
2021-07-15,2,7743,2022-01-05,0
2021-07-16,1,7744,2022-01-05,0
2021-07-17,1,7745,2022-01-05,0
2021-07-18,0,7745,2022-01-05,0
2021-07-19,0,7745,2022-01-05,0
2021-07-20,2,7747,2022-01-05,0
2021-07-21,2,7749,2022-01-05,0
2021-07-22,2,7751,2022-01-05,0
2021-07-23,3,7754,2022-01-05,0
2021-07-24,0,7754,2022-01-05,0
2021-07-25,2,7756,2022-01-05,0
2021-07-26,1,7757,2022-01-05,0
2021-07-27,2,7759,2022-01-05,0
2021-07-28,3,7762,2022-01-05,0
2021-07-29,2,7764,2022-01-05,0
2021-07-30,5,7769,2022-01-05,0
2021-07-31,4,7773,2022-01-05,0
2021-08-01,1,7774,2022-01-05,0
2021-08-02,3,7777,2022-01-05,0
2021-08-03,2,7779,2022-01-05,0
2021-08-04,3,7782,2022-01-05,0
2021-08-05,2,7784,2022-01-05,0
2021-08-06,7,7791,2022-01-05,0
2021-08-07,3,7794,2022-01-05,0
2021-08-08,2,7796,2022-01-05,0
2021-08-09,3,7799,2022-01-05,0
2021-08-10,2,7801,2022-01-05,0
2021-08-11,2,7803,2022-01-05,0
2021-08-12,7,7810,2022-01-05,0
2021-08-13,5,7815,2022-01-05,0
2021-08-14,6,7821,2022-01-05,0
2021-08-15,0,7821,2022-01-05,0
2021-08-16,7,7828,2022-01-05,0
2021-08-17,7,7835,2022-01-05,0
2021-08-18,9,7844,2022-01-05,0
2021-08-19,2,7846,2022-01-05,0
2021-08-20,3,7849,2022-01-05,0
2021-08-21,5,7854,2022-01-05,0
2021-08-22,7,7861,2022-01-05,0
2021-08-23,5,7866,2022-01-05,0
2021-08-24,12,7878,2022-01-05,0
2021-08-25,7,7885,2022-01-05,0
2021-08-26,2,7887,2022-01-05,0
2021-08-27,6,7893,2022-01-05,0
2021-08-28,11,7904,2022-01-05,0
2021-08-29,11,7915,2022-01-05,0
2021-08-30,8,7923,2022-01-05,0
2021-08-31,6,7929,2022-01-05,0
2021-09-01,6,7935,2022-01-05,0
2021-09-02,6,7941,2022-01-05,0
2021-09-03,9,7950,2022-01-05,0
2021-09-04,9,7959,2022-01-05,0
2021-09-05,10,7969,2022-01-05,0
2021-09-06,8,7977,2022-01-05,0
2021-09-07,7,7984,2022-01-05,0
2021-09-08,11,7995,2022-01-05,0
2021-09-09,5,8000,2022-01-05,0
2021-09-10,9,8009,2022-01-05,0
2021-09-11,17,8026,2022-01-05,0
2021-09-12,10,8036,2022-01-05,0
2021-09-13,7,8043,2022-01-05,0
2021-09-14,11,8054,2022-01-05,0
2021-09-15,14,8068,2022-01-05,0
2021-09-16,16,8084,2022-01-05,0
2021-09-17,8,8092,2022-01-05,0
2021-09-18,13,8105,2022-01-05,0
2021-09-19,11,8116,2022-01-05,0
2021-09-20,16,8132,2022-01-05,0
2021-09-21,15,8147,2022-01-05,0
2021-09-22,17,8164,2022-01-05,0
2021-09-23,13,8177,2022-01-05,0
2021-09-24,13,8190,2022-01-05,0
2021-09-25,16,8206,2022-01-05,0
2021-09-26,15,8221,2022-01-05,0
2021-09-27,15,8236,2022-01-05,0
2021-09-28,11,8247,2022-01-05,0
2021-09-29,19,8266,2022-01-05,0
2021-09-30,17,8283,2022-01-05,0
2021-10-01,13,8296,2022-01-05,0
2021-10-02,15,8311,2022-01-05,0
2021-10-03,23,8334,2022-01-05,0
2021-10-04,15,8349,2022-01-05,0
2021-10-05,23,8372,2022-01-05,0
2021-10-06,21,8393,2022-01-05,0
2021-10-07,14,8407,2022-01-05,0
2021-10-08,22,8429,2022-01-05,0
2021-10-09,20,8449,2022-01-05,0
2021-10-10,13,8462,2022-01-05,0
2021-10-11,11,8473,2022-01-05,0
2021-10-12,25,8498,2022-01-05,0
2021-10-13,20,8518,2022-01-05,0
2021-10-14,22,8540,2022-01-05,1
2021-10-15,14,8554,2022-01-05,0
2021-10-16,20,8574,2022-01-05,0
2021-10-17,17,8591,2022-01-05,0
2021-10-18,17,8608,2022-01-05,0
2021-10-19,25,8633,2022-01-05,0
2021-10-20,15,8648,2022-01-05,0
2021-10-21,9,8657,2022-01-05,0
2021-10-22,23,8680,2022-01-05,0
2021-10-23,24,8704,2022-01-05,0
2021-10-24,24,8728,2022-01-05,0
2021-10-25,20,8748,2022-01-05,0
2021-10-26,22,8770,2022-01-05,0
2021-10-27,16,8786,2022-01-05,0
2021-10-28,24,8810,2022-01-05,0
2021-10-29,20,8830,2022-01-05,0
2021-10-30,19,8849,2022-01-05,0
2021-10-31,26,8875,2022-01-05,0
2021-11-01,18,8893,2022-01-05,0
2021-11-02,18,8911,2022-01-05,0
2021-11-03,27,8938,2022-01-05,0
2021-11-04,27,8965,2022-01-05,0
2021-11-05,29,8994,2022-01-05,0
2021-11-06,16,9010,2022-01-05,0
2021-11-07,24,9034,2022-01-05,0
2021-11-08,27,9061,2022-01-05,0
2021-11-09,16,9077,2022-01-05,0
2021-11-10,18,9095,2022-01-05,0
2021-11-11,27,9122,2022-01-05,0
2021-11-12,28,9150,2022-01-05,0
2021-11-13,31,9181,2022-01-05,0
2021-11-14,24,9205,2022-01-05,0
2021-11-15,28,9233,2022-01-05,0
2021-11-16,25,9258,2022-01-05,0
2021-11-17,37,9295,2022-01-05,0
2021-11-18,36,9331,2022-01-05,0
2021-11-19,34,9365,2022-01-05,0
2021-11-20,30,9395,2022-01-05,0
2021-11-21,32,9427,2022-01-05,0
2021-11-22,29,9456,2022-01-05,0
2021-11-23,31,9487,2022-01-05,0
2021-11-24,24,9511,2022-01-05,0
2021-11-25,35,9546,2022-01-05,0
2021-11-26,50,9596,2022-01-05,0
2021-11-27,36,9632,2022-01-05,0
2021-11-28,38,9670,2022-01-05,0
2021-11-29,28,9698,2022-01-05,0
2021-11-30,29,9727,2022-01-05,0
2021-12-01,46,9773,2022-01-05,0
2021-12-02,39,9812,2022-01-05,0
2021-12-03,31,9843,2022-01-05,0
2021-12-04,40,9883,2022-01-05,0
2021-12-05,35,9918,2022-01-05,0
2021-12-06,32,9950,2022-01-05,0
2021-12-07,33,9983,2022-01-05,0
2021-12-08,37,10020,2022-01-05,0
2021-12-09,45,10065,2022-01-05,0
2021-12-10,34,10099,2022-01-05,0
2021-12-11,25,10124,2022-01-05,1
2021-12-12,35,10159,2022-01-05,0
2021-12-13,31,10190,2022-01-05,0
2021-12-14,33,10223,2022-01-05,0
2021-12-15,38,10261,2022-01-05,0
2021-12-16,28,10289,2022-01-05,0
2021-12-17,38,10327,2022-01-05,2
2021-12-18,29,10356,2022-01-05,0
2021-12-19,29,10385,2022-01-05,0
2021-12-20,33,10418,2022-01-05,0
2021-12-21,25,10443,2022-01-05,1
2021-12-22,25,10468,2022-01-05,4
2021-12-23,25,10493,2022-01-05,3
2021-12-24,28,10521,2022-01-05,4
2021-12-25,22,10543,2022-01-05,3
2021-12-26,35,10578,2022-01-05,7
2021-12-27,25,10603,2022-01-05,4
2021-12-28,28,10631,2022-01-05,8
2021-12-29,14,10645,2022-01-05,7
2021-12-30,5,10650,2022-01-05,5
2021-12-31,11,10661,2022-01-05,11
2022-01-01,5,10666,2022-01-05,5
2022-01-02,5,10671,2022-01-05,5
NA,0,10671,2022-01-05,0
2020-03-19,1,1,2022-01-06,0
2020-03-20,0,1,2022-01-06,0
2020-03-21,0,1,2022-01-06,0
2020-03-22,0,1,2022-01-06,0
2020-03-23,0,1,2022-01-06,0
2020-03-24,1,2,2022-01-06,0
2020-03-25,1,3,2022-01-06,0
2020-03-26,1,4,2022-01-06,0
2020-03-27,5,9,2022-01-06,0
2020-03-28,3,12,2022-01-06,0
2020-03-29,0,12,2022-01-06,0
2020-03-30,5,17,2022-01-06,0
2020-03-31,2,19,2022-01-06,0
2020-04-01,5,24,2022-01-06,0
2020-04-02,3,27,2022-01-06,0
2020-04-03,1,28,2022-01-06,0
2020-04-04,5,33,2022-01-06,0
2020-04-05,5,38,2022-01-06,0
2020-04-06,10,48,2022-01-06,0
2020-04-07,6,54,2022-01-06,0
2020-04-08,7,61,2022-01-06,0
2020-04-09,8,69,2022-01-06,0
2020-04-10,6,75,2022-01-06,0
2020-04-11,4,79,2022-01-06,0
2020-04-12,4,83,2022-01-06,0
2020-04-13,10,93,2022-01-06,0
2020-04-14,6,99,2022-01-06,0
2020-04-15,17,116,2022-01-06,0
2020-04-16,10,126,2022-01-06,0
2020-04-17,17,143,2022-01-06,0
2020-04-18,17,160,2022-01-06,0
2020-04-19,16,176,2022-01-06,0
2020-04-20,21,197,2022-01-06,0
2020-04-21,26,223,2022-01-06,0
2020-04-22,21,244,2022-01-06,0
2020-04-23,19,263,2022-01-06,0
2020-04-24,23,286,2022-01-06,0
2020-04-25,18,304,2022-01-06,0
2020-04-26,17,321,2022-01-06,0
2020-04-27,21,342,2022-01-06,0
2020-04-28,16,358,2022-01-06,0
2020-04-29,29,387,2022-01-06,0
2020-04-30,18,405,2022-01-06,0
2020-05-01,30,435,2022-01-06,0
2020-05-02,19,454,2022-01-06,0
2020-05-03,29,483,2022-01-06,0
2020-05-04,23,506,2022-01-06,0
2020-05-05,19,525,2022-01-06,0
2020-05-06,25,550,2022-01-06,0
2020-05-07,30,580,2022-01-06,0
2020-05-08,20,600,2022-01-06,0
2020-05-09,26,626,2022-01-06,0
2020-05-10,19,645,2022-01-06,0
2020-05-11,25,670,2022-01-06,0
2020-05-12,20,690,2022-01-06,0
2020-05-13,22,712,2022-01-06,0
2020-05-14,20,732,2022-01-06,0
2020-05-15,20,752,2022-01-06,0
2020-05-16,20,772,2022-01-06,0
2020-05-17,23,795,2022-01-06,0
2020-05-18,18,813,2022-01-06,0
2020-05-19,35,848,2022-01-06,0
2020-05-20,24,872,2022-01-06,0
2020-05-21,17,889,2022-01-06,0
2020-05-22,20,909,2022-01-06,0
2020-05-23,26,935,2022-01-06,0
2020-05-24,25,960,2022-01-06,0
2020-05-25,30,990,2022-01-06,0
2020-05-26,29,1019,2022-01-06,0
2020-05-27,25,1044,2022-01-06,0
2020-05-28,21,1065,2022-01-06,0
2020-05-29,17,1082,2022-01-06,0
2020-05-30,11,1093,2022-01-06,0
2020-05-31,20,1113,2022-01-06,0
2020-06-01,23,1136,2022-01-06,0
2020-06-02,21,1157,2022-01-06,0
2020-06-03,25,1182,2022-01-06,0
2020-06-04,26,1208,2022-01-06,0
2020-06-05,18,1226,2022-01-06,0
2020-06-06,12,1238,2022-01-06,0
2020-06-07,22,1260,2022-01-06,0
2020-06-08,12,1272,2022-01-06,0
2020-06-09,13,1285,2022-01-06,0
2020-06-10,10,1295,2022-01-06,0
2020-06-11,12,1307,2022-01-06,0
2020-06-12,11,1318,2022-01-06,0
2020-06-13,13,1331,2022-01-06,0
2020-06-14,11,1342,2022-01-06,0
2020-06-15,8,1350,2022-01-06,0
2020-06-16,9,1359,2022-01-06,0
2020-06-17,17,1376,2022-01-06,0
2020-06-18,9,1385,2022-01-06,0
2020-06-19,8,1393,2022-01-06,0
2020-06-20,12,1405,2022-01-06,0
2020-06-21,11,1416,2022-01-06,0
2020-06-22,6,1422,2022-01-06,0
2020-06-23,10,1432,2022-01-06,0
2020-06-24,1,1433,2022-01-06,0
2020-06-25,9,1442,2022-01-06,0
2020-06-26,6,1448,2022-01-06,0
2020-06-27,5,1453,2022-01-06,0
2020-06-28,11,1464,2022-01-06,0
2020-06-29,7,1471,2022-01-06,0
2020-06-30,9,1480,2022-01-06,0
2020-07-01,2,1482,2022-01-06,0
2020-07-02,3,1485,2022-01-06,0
2020-07-03,5,1490,2022-01-06,0
2020-07-04,4,1494,2022-01-06,0
2020-07-05,6,1500,2022-01-06,0
2020-07-06,4,1504,2022-01-06,0
2020-07-07,2,1506,2022-01-06,0
2020-07-08,9,1515,2022-01-06,0
2020-07-09,4,1519,2022-01-06,0
2020-07-10,3,1522,2022-01-06,0
2020-07-11,4,1526,2022-01-06,0
2020-07-12,6,1532,2022-01-06,0
2020-07-13,2,1534,2022-01-06,0
2020-07-14,6,1540,2022-01-06,0
2020-07-15,7,1547,2022-01-06,0
2020-07-16,3,1550,2022-01-06,0
2020-07-17,7,1557,2022-01-06,0
2020-07-18,6,1563,2022-01-06,0
2020-07-19,5,1568,2022-01-06,0
2020-07-20,3,1571,2022-01-06,0
2020-07-21,6,1577,2022-01-06,0
2020-07-22,5,1582,2022-01-06,0
2020-07-23,8,1590,2022-01-06,0
2020-07-24,6,1596,2022-01-06,0
2020-07-25,2,1598,2022-01-06,0
2020-07-26,5,1603,2022-01-06,0
2020-07-27,5,1608,2022-01-06,0
2020-07-28,7,1615,2022-01-06,0
2020-07-29,3,1618,2022-01-06,0
2020-07-30,6,1624,2022-01-06,0
2020-07-31,9,1633,2022-01-06,0
2020-08-01,4,1637,2022-01-06,0
2020-08-02,7,1644,2022-01-06,0
2020-08-03,4,1648,2022-01-06,0
2020-08-04,7,1655,2022-01-06,0
2020-08-05,8,1663,2022-01-06,0
2020-08-06,9,1672,2022-01-06,0
2020-08-07,7,1679,2022-01-06,0
2020-08-08,6,1685,2022-01-06,0
2020-08-09,10,1695,2022-01-06,0
2020-08-10,3,1698,2022-01-06,0
2020-08-11,9,1707,2022-01-06,0
2020-08-12,7,1714,2022-01-06,0
2020-08-13,5,1719,2022-01-06,0
2020-08-14,9,1728,2022-01-06,0
2020-08-15,13,1741,2022-01-06,0
2020-08-16,13,1754,2022-01-06,0
2020-08-17,6,1760,2022-01-06,0
2020-08-18,11,1771,2022-01-06,0
2020-08-19,3,1774,2022-01-06,0
2020-08-20,10,1784,2022-01-06,0
2020-08-21,12,1796,2022-01-06,0
2020-08-22,9,1805,2022-01-06,0
2020-08-23,7,1812,2022-01-06,0
2020-08-24,9,1821,2022-01-06,0
2020-08-25,4,1825,2022-01-06,0
2020-08-26,3,1828,2022-01-06,0
2020-08-27,7,1835,2022-01-06,0
2020-08-28,6,1841,2022-01-06,0
2020-08-29,3,1844,2022-01-06,0
2020-08-30,5,1849,2022-01-06,0
2020-08-31,9,1858,2022-01-06,0
2020-09-01,2,1860,2022-01-06,0
2020-09-02,7,1867,2022-01-06,0
2020-09-03,12,1879,2022-01-06,0
2020-09-04,4,1883,2022-01-06,0
2020-09-05,6,1889,2022-01-06,0
2020-09-06,12,1901,2022-01-06,0
2020-09-07,3,1904,2022-01-06,0
2020-09-08,6,1910,2022-01-06,0
2020-09-09,10,1920,2022-01-06,0
2020-09-10,9,1929,2022-01-06,0
2020-09-11,11,1940,2022-01-06,0
2020-09-12,8,1948,2022-01-06,0
2020-09-13,8,1956,2022-01-06,0
2020-09-14,2,1958,2022-01-06,0
2020-09-15,7,1965,2022-01-06,0
2020-09-16,9,1974,2022-01-06,0
2020-09-17,5,1979,2022-01-06,0
2020-09-18,6,1985,2022-01-06,0
2020-09-19,4,1989,2022-01-06,0
2020-09-20,9,1998,2022-01-06,0
2020-09-21,7,2005,2022-01-06,0
2020-09-22,8,2013,2022-01-06,0
2020-09-23,9,2022,2022-01-06,0
2020-09-24,8,2030,2022-01-06,0
2020-09-25,11,2041,2022-01-06,0
2020-09-26,9,2050,2022-01-06,0
2020-09-27,14,2064,2022-01-06,0
2020-09-28,11,2075,2022-01-06,0
2020-09-29,5,2080,2022-01-06,0
2020-09-30,16,2096,2022-01-06,0
2020-10-01,7,2103,2022-01-06,0
2020-10-02,13,2116,2022-01-06,0
2020-10-03,9,2125,2022-01-06,0
2020-10-04,7,2132,2022-01-06,0
2020-10-05,10,2142,2022-01-06,0
2020-10-06,13,2155,2022-01-06,0
2020-10-07,19,2174,2022-01-06,0
2020-10-08,9,2183,2022-01-06,0
2020-10-09,17,2200,2022-01-06,0
2020-10-10,16,2216,2022-01-06,0
2020-10-11,16,2232,2022-01-06,0
2020-10-12,20,2252,2022-01-06,0
2020-10-13,14,2266,2022-01-06,0
2020-10-14,10,2276,2022-01-06,0
2020-10-15,9,2285,2022-01-06,0
2020-10-16,12,2297,2022-01-06,0
2020-10-17,18,2315,2022-01-06,0
2020-10-18,25,2340,2022-01-06,0
2020-10-19,18,2358,2022-01-06,0
2020-10-20,15,2373,2022-01-06,0
2020-10-21,24,2397,2022-01-06,0
2020-10-22,18,2415,2022-01-06,0
2020-10-23,19,2434,2022-01-06,0
2020-10-24,8,2442,2022-01-06,0
2020-10-25,17,2459,2022-01-06,0
2020-10-26,25,2484,2022-01-06,0
2020-10-27,23,2507,2022-01-06,0
2020-10-28,29,2536,2022-01-06,0
2020-10-29,18,2554,2022-01-06,0
2020-10-30,27,2581,2022-01-06,0
2020-10-31,25,2606,2022-01-06,0
2020-11-01,21,2627,2022-01-06,0
2020-11-02,25,2652,2022-01-06,0
2020-11-03,25,2677,2022-01-06,0
2020-11-04,33,2710,2022-01-06,0
2020-11-05,38,2748,2022-01-06,0
2020-11-06,39,2787,2022-01-06,0
2020-11-07,42,2829,2022-01-06,0
2020-11-08,47,2876,2022-01-06,0
2020-11-09,37,2913,2022-01-06,0
2020-11-10,35,2948,2022-01-06,0
2020-11-11,43,2991,2022-01-06,0
2020-11-12,45,3036,2022-01-06,0
2020-11-13,40,3076,2022-01-06,0
2020-11-14,48,3124,2022-01-06,0
2020-11-15,46,3170,2022-01-06,0
2020-11-16,62,3232,2022-01-06,0
2020-11-17,56,3288,2022-01-06,0
2020-11-18,61,3349,2022-01-06,0
2020-11-19,60,3409,2022-01-06,0
2020-11-20,63,3472,2022-01-06,0
2020-11-21,58,3530,2022-01-06,0
2020-11-22,67,3597,2022-01-06,0
2020-11-23,59,3656,2022-01-06,0
2020-11-24,69,3725,2022-01-06,0
2020-11-25,72,3797,2022-01-06,0
2020-11-26,54,3851,2022-01-06,0
2020-11-27,69,3920,2022-01-06,0
2020-11-28,62,3982,2022-01-06,0
2020-11-29,68,4050,2022-01-06,0
2020-11-30,61,4111,2022-01-06,0
2020-12-01,64,4175,2022-01-06,0
2020-12-02,73,4248,2022-01-06,0
2020-12-03,86,4334,2022-01-06,0
2020-12-04,67,4401,2022-01-06,0
2020-12-05,74,4475,2022-01-06,0
2020-12-06,80,4555,2022-01-06,0
2020-12-07,75,4630,2022-01-06,0
2020-12-08,61,4691,2022-01-06,0
2020-12-09,71,4762,2022-01-06,0
2020-12-10,72,4834,2022-01-06,0
2020-12-11,71,4905,2022-01-06,0
2020-12-12,72,4977,2022-01-06,0
2020-12-13,56,5033,2022-01-06,0
2020-12-14,43,5076,2022-01-06,0
2020-12-15,65,5141,2022-01-06,0
2020-12-16,73,5214,2022-01-06,0
2020-12-17,60,5274,2022-01-06,0
2020-12-18,59,5333,2022-01-06,0
2020-12-19,56,5389,2022-01-06,0
2020-12-20,61,5450,2022-01-06,0
2020-12-21,58,5508,2022-01-06,0
2020-12-22,33,5541,2022-01-06,0
2020-12-23,46,5587,2022-01-06,0
2020-12-24,50,5637,2022-01-06,0
2020-12-25,36,5673,2022-01-06,0
2020-12-26,43,5716,2022-01-06,0
2020-12-27,41,5757,2022-01-06,0
2020-12-28,34,5791,2022-01-06,0
2020-12-29,37,5828,2022-01-06,0
2020-12-30,47,5875,2022-01-06,0
2020-12-31,36,5911,2022-01-06,0
2021-01-01,28,5939,2022-01-06,0
2021-01-02,49,5988,2022-01-06,2
2021-01-03,37,6025,2022-01-06,0
2021-01-04,32,6057,2022-01-06,0
2021-01-05,40,6097,2022-01-06,0
2021-01-06,32,6129,2022-01-06,0
2021-01-07,37,6166,2022-01-06,0
2021-01-08,32,6198,2022-01-06,0
2021-01-09,26,6224,2022-01-06,0
2021-01-10,29,6253,2022-01-06,0
2021-01-11,26,6279,2022-01-06,0
2021-01-12,32,6311,2022-01-06,0
2021-01-13,23,6334,2022-01-06,0
2021-01-14,41,6375,2022-01-06,0
2021-01-15,26,6401,2022-01-06,0
2021-01-16,30,6431,2022-01-06,0
2021-01-17,21,6452,2022-01-06,0
2021-01-18,19,6471,2022-01-06,0
2021-01-19,14,6485,2022-01-06,0
2021-01-20,26,6511,2022-01-06,0
2021-01-21,16,6527,2022-01-06,0
2021-01-22,13,6540,2022-01-06,0
2021-01-23,17,6557,2022-01-06,0
2021-01-24,24,6581,2022-01-06,0
2021-01-25,19,6600,2022-01-06,0
2021-01-26,21,6621,2022-01-06,0
2021-01-27,11,6632,2022-01-06,0
2021-01-28,12,6644,2022-01-06,0
2021-01-29,15,6659,2022-01-06,0
2021-01-30,13,6672,2022-01-06,0
2021-01-31,16,6688,2022-01-06,0
2021-02-01,17,6705,2022-01-06,0
2021-02-02,10,6715,2022-01-06,0
2021-02-03,11,6726,2022-01-06,0
2021-02-04,11,6737,2022-01-06,0
2021-02-05,12,6749,2022-01-06,0
2021-02-06,12,6761,2022-01-06,0
2021-02-07,19,6780,2022-01-06,0
2021-02-08,11,6791,2022-01-06,0
2021-02-09,15,6806,2022-01-06,0
2021-02-10,14,6820,2022-01-06,0
2021-02-11,7,6827,2022-01-06,0
2021-02-12,13,6840,2022-01-06,0
2021-02-13,8,6848,2022-01-06,0
2021-02-14,10,6858,2022-01-06,0
2021-02-15,9,6867,2022-01-06,0
2021-02-16,12,6879,2022-01-06,0
2021-02-17,10,6889,2022-01-06,0
2021-02-18,7,6896,2022-01-06,0
2021-02-19,6,6902,2022-01-06,0
2021-02-20,7,6909,2022-01-06,0
2021-02-21,4,6913,2022-01-06,0
2021-02-22,5,6918,2022-01-06,0
2021-02-23,9,6927,2022-01-06,0
2021-02-24,5,6932,2022-01-06,0
2021-02-25,5,6937,2022-01-06,0
2021-02-26,7,6944,2022-01-06,0
2021-02-27,6,6950,2022-01-06,0
2021-02-28,8,6958,2022-01-06,0
2021-03-01,7,6965,2022-01-06,0
2021-03-02,3,6968,2022-01-06,0
2021-03-03,10,6978,2022-01-06,0
2021-03-04,6,6984,2022-01-06,0
2021-03-05,10,6994,2022-01-06,0
2021-03-06,5,6999,2022-01-06,0
2021-03-07,9,7008,2022-01-06,0
2021-03-08,5,7013,2022-01-06,0
2021-03-09,7,7020,2022-01-06,0
2021-03-10,5,7025,2022-01-06,0
2021-03-11,4,7029,2022-01-06,0
2021-03-12,11,7040,2022-01-06,0
2021-03-13,5,7045,2022-01-06,0
2021-03-14,5,7050,2022-01-06,0
2021-03-15,2,7052,2022-01-06,0
2021-03-16,6,7058,2022-01-06,0
2021-03-17,4,7062,2022-01-06,0
2021-03-18,5,7067,2022-01-06,0
2021-03-19,5,7072,2022-01-06,0
2021-03-20,9,7081,2022-01-06,0
2021-03-21,5,7086,2022-01-06,0
2021-03-22,4,7090,2022-01-06,0
2021-03-23,5,7095,2022-01-06,0
2021-03-24,1,7096,2022-01-06,0
2021-03-25,5,7101,2022-01-06,0
2021-03-26,3,7104,2022-01-06,0
2021-03-27,7,7111,2022-01-06,0
2021-03-28,6,7117,2022-01-06,0
2021-03-29,5,7122,2022-01-06,0
2021-03-30,6,7128,2022-01-06,0
2021-03-31,8,7136,2022-01-06,0
2021-04-01,6,7142,2022-01-06,0
2021-04-02,9,7151,2022-01-06,0
2021-04-03,8,7159,2022-01-06,0
2021-04-04,6,7165,2022-01-06,0
2021-04-05,8,7173,2022-01-06,0
2021-04-06,7,7180,2022-01-06,0
2021-04-07,6,7186,2022-01-06,0
2021-04-08,10,7196,2022-01-06,0
2021-04-09,7,7203,2022-01-06,0
2021-04-10,7,7210,2022-01-06,0
2021-04-11,8,7218,2022-01-06,0
2021-04-12,10,7228,2022-01-06,0
2021-04-13,7,7235,2022-01-06,0
2021-04-14,8,7243,2022-01-06,0
2021-04-15,14,7257,2022-01-06,0
2021-04-16,8,7265,2022-01-06,0
2021-04-17,8,7273,2022-01-06,0
2021-04-18,8,7281,2022-01-06,0
2021-04-19,10,7291,2022-01-06,0
2021-04-20,5,7296,2022-01-06,0
2021-04-21,8,7304,2022-01-06,0
2021-04-22,3,7307,2022-01-06,0
2021-04-23,15,7322,2022-01-06,0
2021-04-24,11,7333,2022-01-06,0
2021-04-25,15,7348,2022-01-06,0
2021-04-26,15,7363,2022-01-06,0
2021-04-27,7,7370,2022-01-06,0
2021-04-28,14,7384,2022-01-06,0
2021-04-29,8,7392,2022-01-06,0
2021-04-30,11,7403,2022-01-06,0
2021-05-01,7,7410,2022-01-06,0
2021-05-02,8,7418,2022-01-06,0
2021-05-03,5,7423,2022-01-06,0
2021-05-04,13,7436,2022-01-06,0
2021-05-05,8,7444,2022-01-06,0
2021-05-06,5,7449,2022-01-06,0
2021-05-07,8,7457,2022-01-06,0
2021-05-08,7,7464,2022-01-06,0
2021-05-09,9,7473,2022-01-06,0
2021-05-10,8,7481,2022-01-06,0
2021-05-11,6,7487,2022-01-06,0
2021-05-12,9,7496,2022-01-06,0
2021-05-13,9,7505,2022-01-06,0
2021-05-14,11,7516,2022-01-06,0
2021-05-15,10,7526,2022-01-06,0
2021-05-16,6,7532,2022-01-06,0
2021-05-17,6,7538,2022-01-06,0
2021-05-18,7,7545,2022-01-06,0
2021-05-19,2,7547,2022-01-06,0
2021-05-20,5,7552,2022-01-06,0
2021-05-21,7,7559,2022-01-06,0
2021-05-22,11,7570,2022-01-06,0
2021-05-23,5,7575,2022-01-06,0
2021-05-24,5,7580,2022-01-06,0
2021-05-25,6,7586,2022-01-06,0
2021-05-26,3,7589,2022-01-06,0
2021-05-27,7,7596,2022-01-06,0
2021-05-28,2,7598,2022-01-06,0
2021-05-29,6,7604,2022-01-06,0
2021-05-30,4,7608,2022-01-06,0
2021-05-31,3,7611,2022-01-06,0
2021-06-01,5,7616,2022-01-06,0
2021-06-02,8,7624,2022-01-06,0
2021-06-03,4,7628,2022-01-06,0
2021-06-04,4,7632,2022-01-06,0
2021-06-05,2,7634,2022-01-06,0
2021-06-06,5,7639,2022-01-06,0
2021-06-07,3,7642,2022-01-06,0
2021-06-08,5,7647,2022-01-06,0
2021-06-09,4,7651,2022-01-06,0
2021-06-10,6,7657,2022-01-06,0
2021-06-11,6,7663,2022-01-06,0
2021-06-12,4,7667,2022-01-06,0
2021-06-13,4,7671,2022-01-06,0
2021-06-14,3,7674,2022-01-06,0
2021-06-15,2,7676,2022-01-06,0
2021-06-16,2,7678,2022-01-06,0
2021-06-17,4,7682,2022-01-06,0
2021-06-18,1,7683,2022-01-06,0
2021-06-19,6,7689,2022-01-06,0
2021-06-20,1,7690,2022-01-06,0
2021-06-21,5,7695,2022-01-06,0
2021-06-22,3,7698,2022-01-06,0
2021-06-23,4,7702,2022-01-06,0
2021-06-24,3,7705,2022-01-06,0
2021-06-25,3,7708,2022-01-06,0
2021-06-26,4,7712,2022-01-06,0
2021-06-27,2,7714,2022-01-06,0
2021-06-28,2,7716,2022-01-06,0
2021-06-29,2,7718,2022-01-06,0
2021-06-30,2,7720,2022-01-06,0
2021-07-01,0,7720,2022-01-06,0
2021-07-02,2,7722,2022-01-06,0
2021-07-03,2,7724,2022-01-06,0
2021-07-04,3,7727,2022-01-06,0
2021-07-05,1,7728,2022-01-06,0
2021-07-06,4,7732,2022-01-06,0
2021-07-07,1,7733,2022-01-06,0
2021-07-08,1,7734,2022-01-06,0
2021-07-09,0,7734,2022-01-06,0
2021-07-10,1,7735,2022-01-06,0
2021-07-11,3,7738,2022-01-06,0
2021-07-12,1,7739,2022-01-06,0
2021-07-13,2,7741,2022-01-06,0
2021-07-14,2,7743,2022-01-06,0
2021-07-15,2,7745,2022-01-06,0
2021-07-16,1,7746,2022-01-06,0
2021-07-17,1,7747,2022-01-06,0
2021-07-18,0,7747,2022-01-06,0
2021-07-19,0,7747,2022-01-06,0
2021-07-20,2,7749,2022-01-06,0
2021-07-21,2,7751,2022-01-06,0
2021-07-22,2,7753,2022-01-06,0
2021-07-23,3,7756,2022-01-06,0
2021-07-24,0,7756,2022-01-06,0
2021-07-25,2,7758,2022-01-06,0
2021-07-26,1,7759,2022-01-06,0
2021-07-27,2,7761,2022-01-06,0
2021-07-28,3,7764,2022-01-06,0
2021-07-29,2,7766,2022-01-06,0
2021-07-30,5,7771,2022-01-06,0
2021-07-31,4,7775,2022-01-06,0
2021-08-01,1,7776,2022-01-06,0
2021-08-02,3,7779,2022-01-06,0
2021-08-03,2,7781,2022-01-06,0
2021-08-04,3,7784,2022-01-06,0
2021-08-05,2,7786,2022-01-06,0
2021-08-06,7,7793,2022-01-06,0
2021-08-07,3,7796,2022-01-06,0
2021-08-08,2,7798,2022-01-06,0
2021-08-09,3,7801,2022-01-06,0
2021-08-10,2,7803,2022-01-06,0
2021-08-11,2,7805,2022-01-06,0
2021-08-12,7,7812,2022-01-06,0
2021-08-13,5,7817,2022-01-06,0
2021-08-14,6,7823,2022-01-06,0
2021-08-15,0,7823,2022-01-06,0
2021-08-16,7,7830,2022-01-06,0
2021-08-17,7,7837,2022-01-06,0
2021-08-18,9,7846,2022-01-06,0
2021-08-19,2,7848,2022-01-06,0
2021-08-20,3,7851,2022-01-06,0
2021-08-21,5,7856,2022-01-06,0
2021-08-22,7,7863,2022-01-06,0
2021-08-23,5,7868,2022-01-06,0
2021-08-24,12,7880,2022-01-06,0
2021-08-25,7,7887,2022-01-06,0
2021-08-26,2,7889,2022-01-06,0
2021-08-27,6,7895,2022-01-06,0
2021-08-28,11,7906,2022-01-06,0
2021-08-29,11,7917,2022-01-06,0
2021-08-30,8,7925,2022-01-06,0
2021-08-31,6,7931,2022-01-06,0
2021-09-01,6,7937,2022-01-06,0
2021-09-02,6,7943,2022-01-06,0
2021-09-03,9,7952,2022-01-06,0
2021-09-04,9,7961,2022-01-06,0
2021-09-05,10,7971,2022-01-06,0
2021-09-06,8,7979,2022-01-06,0
2021-09-07,7,7986,2022-01-06,0
2021-09-08,11,7997,2022-01-06,0
2021-09-09,5,8002,2022-01-06,0
2021-09-10,9,8011,2022-01-06,0
2021-09-11,17,8028,2022-01-06,0
2021-09-12,10,8038,2022-01-06,0
2021-09-13,7,8045,2022-01-06,0
2021-09-14,11,8056,2022-01-06,0
2021-09-15,14,8070,2022-01-06,0
2021-09-16,16,8086,2022-01-06,0
2021-09-17,8,8094,2022-01-06,0
2021-09-18,13,8107,2022-01-06,0
2021-09-19,11,8118,2022-01-06,0
2021-09-20,16,8134,2022-01-06,0
2021-09-21,15,8149,2022-01-06,0
2021-09-22,17,8166,2022-01-06,0
2021-09-23,13,8179,2022-01-06,0
2021-09-24,13,8192,2022-01-06,0
2021-09-25,16,8208,2022-01-06,0
2021-09-26,15,8223,2022-01-06,0
2021-09-27,15,8238,2022-01-06,0
2021-09-28,11,8249,2022-01-06,0
2021-09-29,19,8268,2022-01-06,0
2021-09-30,17,8285,2022-01-06,0
2021-10-01,13,8298,2022-01-06,0
2021-10-02,15,8313,2022-01-06,0
2021-10-03,23,8336,2022-01-06,0
2021-10-04,15,8351,2022-01-06,0
2021-10-05,23,8374,2022-01-06,0
2021-10-06,21,8395,2022-01-06,0
2021-10-07,14,8409,2022-01-06,0
2021-10-08,22,8431,2022-01-06,0
2021-10-09,20,8451,2022-01-06,0
2021-10-10,13,8464,2022-01-06,0
2021-10-11,11,8475,2022-01-06,0
2021-10-12,25,8500,2022-01-06,0
2021-10-13,20,8520,2022-01-06,0
2021-10-14,22,8542,2022-01-06,0
2021-10-15,14,8556,2022-01-06,0
2021-10-16,20,8576,2022-01-06,0
2021-10-17,17,8593,2022-01-06,0
2021-10-18,17,8610,2022-01-06,0
2021-10-19,25,8635,2022-01-06,0
2021-10-20,15,8650,2022-01-06,0
2021-10-21,9,8659,2022-01-06,0
2021-10-22,23,8682,2022-01-06,0
2021-10-23,24,8706,2022-01-06,0
2021-10-24,24,8730,2022-01-06,0
2021-10-25,20,8750,2022-01-06,0
2021-10-26,22,8772,2022-01-06,0
2021-10-27,16,8788,2022-01-06,0
2021-10-28,24,8812,2022-01-06,0
2021-10-29,20,8832,2022-01-06,0
2021-10-30,19,8851,2022-01-06,0
2021-10-31,26,8877,2022-01-06,0
2021-11-01,18,8895,2022-01-06,0
2021-11-02,18,8913,2022-01-06,0
2021-11-03,27,8940,2022-01-06,0
2021-11-04,27,8967,2022-01-06,0
2021-11-05,29,8996,2022-01-06,0
2021-11-06,16,9012,2022-01-06,0
2021-11-07,24,9036,2022-01-06,0
2021-11-08,27,9063,2022-01-06,0
2021-11-09,16,9079,2022-01-06,0
2021-11-10,18,9097,2022-01-06,0
2021-11-11,27,9124,2022-01-06,0
2021-11-12,28,9152,2022-01-06,0
2021-11-13,31,9183,2022-01-06,0
2021-11-14,24,9207,2022-01-06,0
2021-11-15,28,9235,2022-01-06,0
2021-11-16,25,9260,2022-01-06,0
2021-11-17,37,9297,2022-01-06,0
2021-11-18,36,9333,2022-01-06,0
2021-11-19,34,9367,2022-01-06,0
2021-11-20,30,9397,2022-01-06,0
2021-11-21,32,9429,2022-01-06,0
2021-11-22,29,9458,2022-01-06,0
2021-11-23,31,9489,2022-01-06,0
2021-11-24,24,9513,2022-01-06,0
2021-11-25,35,9548,2022-01-06,0
2021-11-26,50,9598,2022-01-06,0
2021-11-27,36,9634,2022-01-06,0
2021-11-28,38,9672,2022-01-06,0
2021-11-29,28,9700,2022-01-06,0
2021-11-30,29,9729,2022-01-06,0
2021-12-01,46,9775,2022-01-06,0
2021-12-02,39,9814,2022-01-06,0
2021-12-03,31,9845,2022-01-06,0
2021-12-04,40,9885,2022-01-06,0
2021-12-05,35,9920,2022-01-06,0
2021-12-06,32,9952,2022-01-06,0
2021-12-07,33,9985,2022-01-06,0
2021-12-08,37,10022,2022-01-06,0
2021-12-09,45,10067,2022-01-06,0
2021-12-10,34,10101,2022-01-06,0
2021-12-11,25,10126,2022-01-06,0
2021-12-12,35,10161,2022-01-06,0
2021-12-13,31,10192,2022-01-06,0
2021-12-14,33,10225,2022-01-06,0
2021-12-15,39,10264,2022-01-06,1
2021-12-16,28,10292,2022-01-06,0
2021-12-17,38,10330,2022-01-06,0
2021-12-18,29,10359,2022-01-06,0
2021-12-19,30,10389,2022-01-06,1
2021-12-20,33,10422,2022-01-06,0
2021-12-21,26,10448,2022-01-06,1
2021-12-22,26,10474,2022-01-06,1
2021-12-23,25,10499,2022-01-06,0
2021-12-24,28,10527,2022-01-06,0
2021-12-25,24,10551,2022-01-06,2
2021-12-26,38,10589,2022-01-06,3
2021-12-27,27,10616,2022-01-06,2
2021-12-28,28,10644,2022-01-06,0
2021-12-29,18,10662,2022-01-06,4
2021-12-30,10,10672,2022-01-06,5
2021-12-31,24,10696,2022-01-06,13
2022-01-01,15,10711,2022-01-06,10
2022-01-02,13,10724,2022-01-06,8
2022-01-03,9,10733,2022-01-06,9
NA,0,10733,2022-01-06,0
2020-03-19,1,1,2022-01-07,0
2020-03-20,0,1,2022-01-07,0
2020-03-21,0,1,2022-01-07,0
2020-03-22,0,1,2022-01-07,0
2020-03-23,0,1,2022-01-07,0
2020-03-24,1,2,2022-01-07,0
2020-03-25,1,3,2022-01-07,0
2020-03-26,1,4,2022-01-07,0
2020-03-27,5,9,2022-01-07,0
2020-03-28,3,12,2022-01-07,0
2020-03-29,0,12,2022-01-07,0
2020-03-30,5,17,2022-01-07,0
2020-03-31,2,19,2022-01-07,0
2020-04-01,5,24,2022-01-07,0
2020-04-02,3,27,2022-01-07,0
2020-04-03,1,28,2022-01-07,0
2020-04-04,5,33,2022-01-07,0
2020-04-05,5,38,2022-01-07,0
2020-04-06,10,48,2022-01-07,0
2020-04-07,6,54,2022-01-07,0
2020-04-08,7,61,2022-01-07,0
2020-04-09,8,69,2022-01-07,0
2020-04-10,6,75,2022-01-07,0
2020-04-11,4,79,2022-01-07,0
2020-04-12,4,83,2022-01-07,0
2020-04-13,10,93,2022-01-07,0
2020-04-14,6,99,2022-01-07,0
2020-04-15,17,116,2022-01-07,0
2020-04-16,10,126,2022-01-07,0
2020-04-17,17,143,2022-01-07,0
2020-04-18,17,160,2022-01-07,0
2020-04-19,16,176,2022-01-07,0
2020-04-20,21,197,2022-01-07,0
2020-04-21,26,223,2022-01-07,0
2020-04-22,21,244,2022-01-07,0
2020-04-23,19,263,2022-01-07,0
2020-04-24,23,286,2022-01-07,0
2020-04-25,18,304,2022-01-07,0
2020-04-26,17,321,2022-01-07,0
2020-04-27,21,342,2022-01-07,0
2020-04-28,16,358,2022-01-07,0
2020-04-29,29,387,2022-01-07,0
2020-04-30,18,405,2022-01-07,0
2020-05-01,30,435,2022-01-07,0
2020-05-02,19,454,2022-01-07,0
2020-05-03,29,483,2022-01-07,0
2020-05-04,23,506,2022-01-07,0
2020-05-05,19,525,2022-01-07,0
2020-05-06,25,550,2022-01-07,0
2020-05-07,30,580,2022-01-07,0
2020-05-08,20,600,2022-01-07,0
2020-05-09,26,626,2022-01-07,0
2020-05-10,19,645,2022-01-07,0
2020-05-11,25,670,2022-01-07,0
2020-05-12,20,690,2022-01-07,0
2020-05-13,22,712,2022-01-07,0
2020-05-14,20,732,2022-01-07,0
2020-05-15,20,752,2022-01-07,0
2020-05-16,20,772,2022-01-07,0
2020-05-17,23,795,2022-01-07,0
2020-05-18,18,813,2022-01-07,0
2020-05-19,35,848,2022-01-07,0
2020-05-20,24,872,2022-01-07,0
2020-05-21,17,889,2022-01-07,0
2020-05-22,20,909,2022-01-07,0
2020-05-23,26,935,2022-01-07,0
2020-05-24,25,960,2022-01-07,0
2020-05-25,30,990,2022-01-07,0
2020-05-26,29,1019,2022-01-07,0
2020-05-27,25,1044,2022-01-07,0
2020-05-28,21,1065,2022-01-07,0
2020-05-29,17,1082,2022-01-07,0
2020-05-30,11,1093,2022-01-07,0
2020-05-31,20,1113,2022-01-07,0
2020-06-01,23,1136,2022-01-07,0
2020-06-02,21,1157,2022-01-07,0
2020-06-03,25,1182,2022-01-07,0
2020-06-04,26,1208,2022-01-07,0
2020-06-05,18,1226,2022-01-07,0
2020-06-06,12,1238,2022-01-07,0
2020-06-07,22,1260,2022-01-07,0
2020-06-08,12,1272,2022-01-07,0
2020-06-09,13,1285,2022-01-07,0
2020-06-10,10,1295,2022-01-07,0
2020-06-11,12,1307,2022-01-07,0
2020-06-12,11,1318,2022-01-07,0
2020-06-13,13,1331,2022-01-07,0
2020-06-14,11,1342,2022-01-07,0
2020-06-15,8,1350,2022-01-07,0
2020-06-16,9,1359,2022-01-07,0
2020-06-17,17,1376,2022-01-07,0
2020-06-18,9,1385,2022-01-07,0
2020-06-19,8,1393,2022-01-07,0
2020-06-20,12,1405,2022-01-07,0
2020-06-21,11,1416,2022-01-07,0
2020-06-22,6,1422,2022-01-07,0
2020-06-23,10,1432,2022-01-07,0
2020-06-24,1,1433,2022-01-07,0
2020-06-25,9,1442,2022-01-07,0
2020-06-26,6,1448,2022-01-07,0
2020-06-27,5,1453,2022-01-07,0
2020-06-28,11,1464,2022-01-07,0
2020-06-29,7,1471,2022-01-07,0
2020-06-30,9,1480,2022-01-07,0
2020-07-01,2,1482,2022-01-07,0
2020-07-02,3,1485,2022-01-07,0
2020-07-03,5,1490,2022-01-07,0
2020-07-04,4,1494,2022-01-07,0
2020-07-05,6,1500,2022-01-07,0
2020-07-06,4,1504,2022-01-07,0
2020-07-07,2,1506,2022-01-07,0
2020-07-08,9,1515,2022-01-07,0
2020-07-09,4,1519,2022-01-07,0
2020-07-10,3,1522,2022-01-07,0
2020-07-11,4,1526,2022-01-07,0
2020-07-12,6,1532,2022-01-07,0
2020-07-13,2,1534,2022-01-07,0
2020-07-14,6,1540,2022-01-07,0
2020-07-15,7,1547,2022-01-07,0
2020-07-16,3,1550,2022-01-07,0
2020-07-17,7,1557,2022-01-07,0
2020-07-18,6,1563,2022-01-07,0
2020-07-19,5,1568,2022-01-07,0
2020-07-20,3,1571,2022-01-07,0
2020-07-21,6,1577,2022-01-07,0
2020-07-22,5,1582,2022-01-07,0
2020-07-23,8,1590,2022-01-07,0
2020-07-24,6,1596,2022-01-07,0
2020-07-25,2,1598,2022-01-07,0
2020-07-26,5,1603,2022-01-07,0
2020-07-27,5,1608,2022-01-07,0
2020-07-28,7,1615,2022-01-07,0
2020-07-29,3,1618,2022-01-07,0
2020-07-30,6,1624,2022-01-07,0
2020-07-31,9,1633,2022-01-07,0
2020-08-01,4,1637,2022-01-07,0
2020-08-02,7,1644,2022-01-07,0
2020-08-03,4,1648,2022-01-07,0
2020-08-04,7,1655,2022-01-07,0
2020-08-05,8,1663,2022-01-07,0
2020-08-06,9,1672,2022-01-07,0
2020-08-07,7,1679,2022-01-07,0
2020-08-08,6,1685,2022-01-07,0
2020-08-09,10,1695,2022-01-07,0
2020-08-10,3,1698,2022-01-07,0
2020-08-11,9,1707,2022-01-07,0
2020-08-12,7,1714,2022-01-07,0
2020-08-13,5,1719,2022-01-07,0
2020-08-14,9,1728,2022-01-07,0
2020-08-15,13,1741,2022-01-07,0
2020-08-16,13,1754,2022-01-07,0
2020-08-17,6,1760,2022-01-07,0
2020-08-18,11,1771,2022-01-07,0
2020-08-19,3,1774,2022-01-07,0
2020-08-20,10,1784,2022-01-07,0
2020-08-21,12,1796,2022-01-07,0
2020-08-22,9,1805,2022-01-07,0
2020-08-23,7,1812,2022-01-07,0
2020-08-24,9,1821,2022-01-07,0
2020-08-25,4,1825,2022-01-07,0
2020-08-26,3,1828,2022-01-07,0
2020-08-27,7,1835,2022-01-07,0
2020-08-28,6,1841,2022-01-07,0
2020-08-29,3,1844,2022-01-07,0
2020-08-30,5,1849,2022-01-07,0
2020-08-31,9,1858,2022-01-07,0
2020-09-01,2,1860,2022-01-07,0
2020-09-02,7,1867,2022-01-07,0
2020-09-03,12,1879,2022-01-07,0
2020-09-04,4,1883,2022-01-07,0
2020-09-05,6,1889,2022-01-07,0
2020-09-06,12,1901,2022-01-07,0
2020-09-07,3,1904,2022-01-07,0
2020-09-08,6,1910,2022-01-07,0
2020-09-09,10,1920,2022-01-07,0
2020-09-10,9,1929,2022-01-07,0
2020-09-11,11,1940,2022-01-07,0
2020-09-12,8,1948,2022-01-07,0
2020-09-13,8,1956,2022-01-07,0
2020-09-14,2,1958,2022-01-07,0
2020-09-15,7,1965,2022-01-07,0
2020-09-16,9,1974,2022-01-07,0
2020-09-17,5,1979,2022-01-07,0
2020-09-18,6,1985,2022-01-07,0
2020-09-19,4,1989,2022-01-07,0
2020-09-20,9,1998,2022-01-07,0
2020-09-21,7,2005,2022-01-07,0
2020-09-22,8,2013,2022-01-07,0
2020-09-23,9,2022,2022-01-07,0
2020-09-24,8,2030,2022-01-07,0
2020-09-25,11,2041,2022-01-07,0
2020-09-26,9,2050,2022-01-07,0
2020-09-27,14,2064,2022-01-07,0
2020-09-28,11,2075,2022-01-07,0
2020-09-29,5,2080,2022-01-07,0
2020-09-30,16,2096,2022-01-07,0
2020-10-01,7,2103,2022-01-07,0
2020-10-02,13,2116,2022-01-07,0
2020-10-03,9,2125,2022-01-07,0
2020-10-04,7,2132,2022-01-07,0
2020-10-05,10,2142,2022-01-07,0
2020-10-06,13,2155,2022-01-07,0
2020-10-07,19,2174,2022-01-07,0
2020-10-08,9,2183,2022-01-07,0
2020-10-09,17,2200,2022-01-07,0
2020-10-10,16,2216,2022-01-07,0
2020-10-11,16,2232,2022-01-07,0
2020-10-12,20,2252,2022-01-07,0
2020-10-13,14,2266,2022-01-07,0
2020-10-14,10,2276,2022-01-07,0
2020-10-15,9,2285,2022-01-07,0
2020-10-16,12,2297,2022-01-07,0
2020-10-17,18,2315,2022-01-07,0
2020-10-18,25,2340,2022-01-07,0
2020-10-19,18,2358,2022-01-07,0
2020-10-20,15,2373,2022-01-07,0
2020-10-21,24,2397,2022-01-07,0
2020-10-22,18,2415,2022-01-07,0
2020-10-23,19,2434,2022-01-07,0
2020-10-24,8,2442,2022-01-07,0
2020-10-25,17,2459,2022-01-07,0
2020-10-26,25,2484,2022-01-07,0
2020-10-27,23,2507,2022-01-07,0
2020-10-28,29,2536,2022-01-07,0
2020-10-29,18,2554,2022-01-07,0
2020-10-30,27,2581,2022-01-07,0
2020-10-31,25,2606,2022-01-07,0
2020-11-01,21,2627,2022-01-07,0
2020-11-02,25,2652,2022-01-07,0
2020-11-03,25,2677,2022-01-07,0
2020-11-04,33,2710,2022-01-07,0
2020-11-05,38,2748,2022-01-07,0
2020-11-06,39,2787,2022-01-07,0
2020-11-07,42,2829,2022-01-07,0
2020-11-08,47,2876,2022-01-07,0
2020-11-09,37,2913,2022-01-07,0
2020-11-10,35,2948,2022-01-07,0
2020-11-11,43,2991,2022-01-07,0
2020-11-12,45,3036,2022-01-07,0
2020-11-13,40,3076,2022-01-07,0
2020-11-14,48,3124,2022-01-07,0
2020-11-15,46,3170,2022-01-07,0
2020-11-16,62,3232,2022-01-07,0
2020-11-17,56,3288,2022-01-07,0
2020-11-18,61,3349,2022-01-07,0
2020-11-19,60,3409,2022-01-07,0
2020-11-20,63,3472,2022-01-07,0
2020-11-21,58,3530,2022-01-07,0
2020-11-22,67,3597,2022-01-07,0
2020-11-23,59,3656,2022-01-07,0
2020-11-24,69,3725,2022-01-07,0
2020-11-25,72,3797,2022-01-07,0
2020-11-26,54,3851,2022-01-07,0
2020-11-27,69,3920,2022-01-07,0
2020-11-28,62,3982,2022-01-07,0
2020-11-29,68,4050,2022-01-07,0
2020-11-30,61,4111,2022-01-07,0
2020-12-01,64,4175,2022-01-07,0
2020-12-02,73,4248,2022-01-07,0
2020-12-03,86,4334,2022-01-07,0
2020-12-04,67,4401,2022-01-07,0
2020-12-05,74,4475,2022-01-07,0
2020-12-06,80,4555,2022-01-07,0
2020-12-07,75,4630,2022-01-07,0
2020-12-08,61,4691,2022-01-07,0
2020-12-09,71,4762,2022-01-07,0
2020-12-10,72,4834,2022-01-07,0
2020-12-11,71,4905,2022-01-07,0
2020-12-12,72,4977,2022-01-07,0
2020-12-13,56,5033,2022-01-07,0
2020-12-14,43,5076,2022-01-07,0
2020-12-15,65,5141,2022-01-07,0
2020-12-16,73,5214,2022-01-07,0
2020-12-17,60,5274,2022-01-07,0
2020-12-18,59,5333,2022-01-07,0
2020-12-19,56,5389,2022-01-07,0
2020-12-20,61,5450,2022-01-07,0
2020-12-21,58,5508,2022-01-07,0
2020-12-22,33,5541,2022-01-07,0
2020-12-23,46,5587,2022-01-07,0
2020-12-24,50,5637,2022-01-07,0
2020-12-25,36,5673,2022-01-07,0
2020-12-26,43,5716,2022-01-07,0
2020-12-27,41,5757,2022-01-07,0
2020-12-28,34,5791,2022-01-07,0
2020-12-29,37,5828,2022-01-07,0
2020-12-30,47,5875,2022-01-07,0
2020-12-31,36,5911,2022-01-07,0
2021-01-01,28,5939,2022-01-07,0
2021-01-02,49,5988,2022-01-07,0
2021-01-03,37,6025,2022-01-07,0
2021-01-04,32,6057,2022-01-07,0
2021-01-05,40,6097,2022-01-07,0
2021-01-06,32,6129,2022-01-07,0
2021-01-07,37,6166,2022-01-07,0
2021-01-08,32,6198,2022-01-07,0
2021-01-09,26,6224,2022-01-07,0
2021-01-10,29,6253,2022-01-07,0
2021-01-11,26,6279,2022-01-07,0
2021-01-12,32,6311,2022-01-07,0
2021-01-13,23,6334,2022-01-07,0
2021-01-14,41,6375,2022-01-07,0
2021-01-15,26,6401,2022-01-07,0
2021-01-16,30,6431,2022-01-07,0
2021-01-17,21,6452,2022-01-07,0
2021-01-18,19,6471,2022-01-07,0
2021-01-19,14,6485,2022-01-07,0
2021-01-20,26,6511,2022-01-07,0
2021-01-21,16,6527,2022-01-07,0
2021-01-22,13,6540,2022-01-07,0
2021-01-23,17,6557,2022-01-07,0
2021-01-24,24,6581,2022-01-07,0
2021-01-25,19,6600,2022-01-07,0
2021-01-26,21,6621,2022-01-07,0
2021-01-27,11,6632,2022-01-07,0
2021-01-28,12,6644,2022-01-07,0
2021-01-29,15,6659,2022-01-07,0
2021-01-30,13,6672,2022-01-07,0
2021-01-31,16,6688,2022-01-07,0
2021-02-01,17,6705,2022-01-07,0
2021-02-02,10,6715,2022-01-07,0
2021-02-03,11,6726,2022-01-07,0
2021-02-04,11,6737,2022-01-07,0
2021-02-05,12,6749,2022-01-07,0
2021-02-06,12,6761,2022-01-07,0
2021-02-07,19,6780,2022-01-07,0
2021-02-08,11,6791,2022-01-07,0
2021-02-09,15,6806,2022-01-07,0
2021-02-10,14,6820,2022-01-07,0
2021-02-11,7,6827,2022-01-07,0
2021-02-12,13,6840,2022-01-07,0
2021-02-13,8,6848,2022-01-07,0
2021-02-14,10,6858,2022-01-07,0
2021-02-15,9,6867,2022-01-07,0
2021-02-16,12,6879,2022-01-07,0
2021-02-17,10,6889,2022-01-07,0
2021-02-18,7,6896,2022-01-07,0
2021-02-19,6,6902,2022-01-07,0
2021-02-20,7,6909,2022-01-07,0
2021-02-21,4,6913,2022-01-07,0
2021-02-22,5,6918,2022-01-07,0
2021-02-23,9,6927,2022-01-07,0
2021-02-24,5,6932,2022-01-07,0
2021-02-25,5,6937,2022-01-07,0
2021-02-26,7,6944,2022-01-07,0
2021-02-27,6,6950,2022-01-07,0
2021-02-28,8,6958,2022-01-07,0
2021-03-01,7,6965,2022-01-07,0
2021-03-02,3,6968,2022-01-07,0
2021-03-03,10,6978,2022-01-07,0
2021-03-04,6,6984,2022-01-07,0
2021-03-05,10,6994,2022-01-07,0
2021-03-06,5,6999,2022-01-07,0
2021-03-07,9,7008,2022-01-07,0
2021-03-08,5,7013,2022-01-07,0
2021-03-09,7,7020,2022-01-07,0
2021-03-10,5,7025,2022-01-07,0
2021-03-11,4,7029,2022-01-07,0
2021-03-12,11,7040,2022-01-07,0
2021-03-13,5,7045,2022-01-07,0
2021-03-14,5,7050,2022-01-07,0
2021-03-15,2,7052,2022-01-07,0
2021-03-16,6,7058,2022-01-07,0
2021-03-17,4,7062,2022-01-07,0
2021-03-18,5,7067,2022-01-07,0
2021-03-19,5,7072,2022-01-07,0
2021-03-20,9,7081,2022-01-07,0
2021-03-21,5,7086,2022-01-07,0
2021-03-22,4,7090,2022-01-07,0
2021-03-23,5,7095,2022-01-07,0
2021-03-24,1,7096,2022-01-07,0
2021-03-25,5,7101,2022-01-07,0
2021-03-26,3,7104,2022-01-07,0
2021-03-27,7,7111,2022-01-07,0
2021-03-28,6,7117,2022-01-07,0
2021-03-29,5,7122,2022-01-07,0
2021-03-30,6,7128,2022-01-07,0
2021-03-31,8,7136,2022-01-07,0
2021-04-01,6,7142,2022-01-07,0
2021-04-02,9,7151,2022-01-07,0
2021-04-03,8,7159,2022-01-07,0
2021-04-04,6,7165,2022-01-07,0
2021-04-05,8,7173,2022-01-07,0
2021-04-06,7,7180,2022-01-07,0
2021-04-07,6,7186,2022-01-07,0
2021-04-08,10,7196,2022-01-07,0
2021-04-09,7,7203,2022-01-07,0
2021-04-10,7,7210,2022-01-07,0
2021-04-11,8,7218,2022-01-07,0
2021-04-12,10,7228,2022-01-07,0
2021-04-13,7,7235,2022-01-07,0
2021-04-14,8,7243,2022-01-07,0
2021-04-15,14,7257,2022-01-07,0
2021-04-16,8,7265,2022-01-07,0
2021-04-17,8,7273,2022-01-07,0
2021-04-18,8,7281,2022-01-07,0
2021-04-19,10,7291,2022-01-07,0
2021-04-20,5,7296,2022-01-07,0
2021-04-21,8,7304,2022-01-07,0
2021-04-22,3,7307,2022-01-07,0
2021-04-23,15,7322,2022-01-07,0
2021-04-24,11,7333,2022-01-07,0
2021-04-25,15,7348,2022-01-07,0
2021-04-26,15,7363,2022-01-07,0
2021-04-27,7,7370,2022-01-07,0
2021-04-28,14,7384,2022-01-07,0
2021-04-29,8,7392,2022-01-07,0
2021-04-30,11,7403,2022-01-07,0
2021-05-01,7,7410,2022-01-07,0
2021-05-02,8,7418,2022-01-07,0
2021-05-03,5,7423,2022-01-07,0
2021-05-04,13,7436,2022-01-07,0
2021-05-05,8,7444,2022-01-07,0
2021-05-06,5,7449,2022-01-07,0
2021-05-07,8,7457,2022-01-07,0
2021-05-08,7,7464,2022-01-07,0
2021-05-09,9,7473,2022-01-07,0
2021-05-10,8,7481,2022-01-07,0
2021-05-11,6,7487,2022-01-07,0
2021-05-12,9,7496,2022-01-07,0
2021-05-13,9,7505,2022-01-07,0
2021-05-14,11,7516,2022-01-07,0
2021-05-15,10,7526,2022-01-07,0
2021-05-16,6,7532,2022-01-07,0
2021-05-17,6,7538,2022-01-07,0
2021-05-18,7,7545,2022-01-07,0
2021-05-19,2,7547,2022-01-07,0
2021-05-20,5,7552,2022-01-07,0
2021-05-21,7,7559,2022-01-07,0
2021-05-22,11,7570,2022-01-07,0
2021-05-23,5,7575,2022-01-07,0
2021-05-24,5,7580,2022-01-07,0
2021-05-25,6,7586,2022-01-07,0
2021-05-26,3,7589,2022-01-07,0
2021-05-27,7,7596,2022-01-07,0
2021-05-28,2,7598,2022-01-07,0
2021-05-29,6,7604,2022-01-07,0
2021-05-30,4,7608,2022-01-07,0
2021-05-31,3,7611,2022-01-07,0
2021-06-01,5,7616,2022-01-07,0
2021-06-02,8,7624,2022-01-07,0
2021-06-03,4,7628,2022-01-07,0
2021-06-04,4,7632,2022-01-07,0
2021-06-05,2,7634,2022-01-07,0
2021-06-06,5,7639,2022-01-07,0
2021-06-07,3,7642,2022-01-07,0
2021-06-08,5,7647,2022-01-07,0
2021-06-09,4,7651,2022-01-07,0
2021-06-10,6,7657,2022-01-07,0
2021-06-11,6,7663,2022-01-07,0
2021-06-12,4,7667,2022-01-07,0
2021-06-13,4,7671,2022-01-07,0
2021-06-14,3,7674,2022-01-07,0
2021-06-15,2,7676,2022-01-07,0
2021-06-16,2,7678,2022-01-07,0
2021-06-17,4,7682,2022-01-07,0
2021-06-18,1,7683,2022-01-07,0
2021-06-19,6,7689,2022-01-07,0
2021-06-20,1,7690,2022-01-07,0
2021-06-21,5,7695,2022-01-07,0
2021-06-22,3,7698,2022-01-07,0
2021-06-23,4,7702,2022-01-07,0
2021-06-24,3,7705,2022-01-07,0
2021-06-25,3,7708,2022-01-07,0
2021-06-26,4,7712,2022-01-07,0
2021-06-27,2,7714,2022-01-07,0
2021-06-28,2,7716,2022-01-07,0
2021-06-29,2,7718,2022-01-07,0
2021-06-30,2,7720,2022-01-07,0
2021-07-01,0,7720,2022-01-07,0
2021-07-02,2,7722,2022-01-07,0
2021-07-03,2,7724,2022-01-07,0
2021-07-04,3,7727,2022-01-07,0
2021-07-05,1,7728,2022-01-07,0
2021-07-06,4,7732,2022-01-07,0
2021-07-07,1,7733,2022-01-07,0
2021-07-08,1,7734,2022-01-07,0
2021-07-09,0,7734,2022-01-07,0
2021-07-10,1,7735,2022-01-07,0
2021-07-11,3,7738,2022-01-07,0
2021-07-12,1,7739,2022-01-07,0
2021-07-13,2,7741,2022-01-07,0
2021-07-14,2,7743,2022-01-07,0
2021-07-15,2,7745,2022-01-07,0
2021-07-16,1,7746,2022-01-07,0
2021-07-17,1,7747,2022-01-07,0
2021-07-18,0,7747,2022-01-07,0
2021-07-19,0,7747,2022-01-07,0
2021-07-20,2,7749,2022-01-07,0
2021-07-21,2,7751,2022-01-07,0
2021-07-22,2,7753,2022-01-07,0
2021-07-23,3,7756,2022-01-07,0
2021-07-24,0,7756,2022-01-07,0
2021-07-25,2,7758,2022-01-07,0
2021-07-26,1,7759,2022-01-07,0
2021-07-27,2,7761,2022-01-07,0
2021-07-28,3,7764,2022-01-07,0
2021-07-29,2,7766,2022-01-07,0
2021-07-30,5,7771,2022-01-07,0
2021-07-31,4,7775,2022-01-07,0
2021-08-01,1,7776,2022-01-07,0
2021-08-02,3,7779,2022-01-07,0
2021-08-03,2,7781,2022-01-07,0
2021-08-04,3,7784,2022-01-07,0
2021-08-05,2,7786,2022-01-07,0
2021-08-06,7,7793,2022-01-07,0
2021-08-07,3,7796,2022-01-07,0
2021-08-08,2,7798,2022-01-07,0
2021-08-09,3,7801,2022-01-07,0
2021-08-10,2,7803,2022-01-07,0
2021-08-11,2,7805,2022-01-07,0
2021-08-12,7,7812,2022-01-07,0
2021-08-13,5,7817,2022-01-07,0
2021-08-14,6,7823,2022-01-07,0
2021-08-15,0,7823,2022-01-07,0
2021-08-16,7,7830,2022-01-07,0
2021-08-17,7,7837,2022-01-07,0
2021-08-18,9,7846,2022-01-07,0
2021-08-19,2,7848,2022-01-07,0
2021-08-20,3,7851,2022-01-07,0
2021-08-21,5,7856,2022-01-07,0
2021-08-22,7,7863,2022-01-07,0
2021-08-23,5,7868,2022-01-07,0
2021-08-24,12,7880,2022-01-07,0
2021-08-25,7,7887,2022-01-07,0
2021-08-26,2,7889,2022-01-07,0
2021-08-27,6,7895,2022-01-07,0
2021-08-28,11,7906,2022-01-07,0
2021-08-29,11,7917,2022-01-07,0
2021-08-30,8,7925,2022-01-07,0
2021-08-31,6,7931,2022-01-07,0
2021-09-01,6,7937,2022-01-07,0
2021-09-02,6,7943,2022-01-07,0
2021-09-03,9,7952,2022-01-07,0
2021-09-04,9,7961,2022-01-07,0
2021-09-05,10,7971,2022-01-07,0
2021-09-06,8,7979,2022-01-07,0
2021-09-07,7,7986,2022-01-07,0
2021-09-08,11,7997,2022-01-07,0
2021-09-09,5,8002,2022-01-07,0
2021-09-10,9,8011,2022-01-07,0
2021-09-11,17,8028,2022-01-07,0
2021-09-12,10,8038,2022-01-07,0
2021-09-13,7,8045,2022-01-07,0
2021-09-14,11,8056,2022-01-07,0
2021-09-15,14,8070,2022-01-07,0
2021-09-16,16,8086,2022-01-07,0
2021-09-17,8,8094,2022-01-07,0
2021-09-18,13,8107,2022-01-07,0
2021-09-19,11,8118,2022-01-07,0
2021-09-20,16,8134,2022-01-07,0
2021-09-21,15,8149,2022-01-07,0
2021-09-22,17,8166,2022-01-07,0
2021-09-23,13,8179,2022-01-07,0
2021-09-24,13,8192,2022-01-07,0
2021-09-25,16,8208,2022-01-07,0
2021-09-26,15,8223,2022-01-07,0
2021-09-27,15,8238,2022-01-07,0
2021-09-28,11,8249,2022-01-07,0
2021-09-29,19,8268,2022-01-07,0
2021-09-30,17,8285,2022-01-07,0
2021-10-01,13,8298,2022-01-07,0
2021-10-02,15,8313,2022-01-07,0
2021-10-03,23,8336,2022-01-07,0
2021-10-04,15,8351,2022-01-07,0
2021-10-05,23,8374,2022-01-07,0
2021-10-06,21,8395,2022-01-07,0
2021-10-07,14,8409,2022-01-07,0
2021-10-08,22,8431,2022-01-07,0
2021-10-09,20,8451,2022-01-07,0
2021-10-10,13,8464,2022-01-07,0
2021-10-11,11,8475,2022-01-07,0
2021-10-12,25,8500,2022-01-07,0
2021-10-13,20,8520,2022-01-07,0
2021-10-14,22,8542,2022-01-07,0
2021-10-15,14,8556,2022-01-07,0
2021-10-16,20,8576,2022-01-07,0
2021-10-17,17,8593,2022-01-07,0
2021-10-18,17,8610,2022-01-07,0
2021-10-19,25,8635,2022-01-07,0
2021-10-20,15,8650,2022-01-07,0
2021-10-21,9,8659,2022-01-07,0
2021-10-22,23,8682,2022-01-07,0
2021-10-23,24,8706,2022-01-07,0
2021-10-24,24,8730,2022-01-07,0
2021-10-25,20,8750,2022-01-07,0
2021-10-26,22,8772,2022-01-07,0
2021-10-27,16,8788,2022-01-07,0
2021-10-28,24,8812,2022-01-07,0
2021-10-29,20,8832,2022-01-07,0
2021-10-30,19,8851,2022-01-07,0
2021-10-31,26,8877,2022-01-07,0
2021-11-01,18,8895,2022-01-07,0
2021-11-02,18,8913,2022-01-07,0
2021-11-03,27,8940,2022-01-07,0
2021-11-04,27,8967,2022-01-07,0
2021-11-05,29,8996,2022-01-07,0
2021-11-06,16,9012,2022-01-07,0
2021-11-07,24,9036,2022-01-07,0
2021-11-08,27,9063,2022-01-07,0
2021-11-09,16,9079,2022-01-07,0
2021-11-10,18,9097,2022-01-07,0
2021-11-11,27,9124,2022-01-07,0
2021-11-12,28,9152,2022-01-07,0
2021-11-13,31,9183,2022-01-07,0
2021-11-14,24,9207,2022-01-07,0
2021-11-15,28,9235,2022-01-07,0
2021-11-16,25,9260,2022-01-07,0
2021-11-17,37,9297,2022-01-07,0
2021-11-18,36,9333,2022-01-07,0
2021-11-19,34,9367,2022-01-07,0
2021-11-20,30,9397,2022-01-07,0
2021-11-21,32,9429,2022-01-07,0
2021-11-22,29,9458,2022-01-07,0
2021-11-23,31,9489,2022-01-07,0
2021-11-24,24,9513,2022-01-07,0
2021-11-25,35,9548,2022-01-07,0
2021-11-26,50,9598,2022-01-07,0
2021-11-27,36,9634,2022-01-07,0
2021-11-28,38,9672,2022-01-07,0
2021-11-29,28,9700,2022-01-07,0
2021-11-30,29,9729,2022-01-07,0
2021-12-01,46,9775,2022-01-07,0
2021-12-02,39,9814,2022-01-07,0
2021-12-03,31,9845,2022-01-07,0
2021-12-04,40,9885,2022-01-07,0
2021-12-05,35,9920,2022-01-07,0
2021-12-06,32,9952,2022-01-07,0
2021-12-07,33,9985,2022-01-07,0
2021-12-08,37,10022,2022-01-07,0
2021-12-09,45,10067,2022-01-07,0
2021-12-10,34,10101,2022-01-07,0
2021-12-11,26,10127,2022-01-07,1
2021-12-12,35,10162,2022-01-07,0
2021-12-13,31,10193,2022-01-07,0
2021-12-14,33,10226,2022-01-07,0
2021-12-15,39,10265,2022-01-07,0
2021-12-16,28,10293,2022-01-07,0
2021-12-17,38,10331,2022-01-07,0
2021-12-18,29,10360,2022-01-07,0
2021-12-19,30,10390,2022-01-07,0
2021-12-20,33,10423,2022-01-07,0
2021-12-21,26,10449,2022-01-07,0
2021-12-22,26,10475,2022-01-07,0
2021-12-23,25,10500,2022-01-07,0
2021-12-24,28,10528,2022-01-07,0
2021-12-25,24,10552,2022-01-07,0
2021-12-26,40,10592,2022-01-07,2
2021-12-27,28,10620,2022-01-07,1
2021-12-28,30,10650,2022-01-07,2
2021-12-29,21,10671,2022-01-07,3
2021-12-30,12,10683,2022-01-07,2
2021-12-31,25,10708,2022-01-07,1
2022-01-01,19,10727,2022-01-07,4
2022-01-02,16,10743,2022-01-07,3
2022-01-03,13,10756,2022-01-07,4
2022-01-04,9,10765,2022-01-07,9
2022-01-05,1,10766,2022-01-07,1
NA,0,10766,2022-01-07,0
2020-03-19,1,1,2022-01-10,0
2020-03-20,0,1,2022-01-10,0
2020-03-21,0,1,2022-01-10,0
2020-03-22,0,1,2022-01-10,0
2020-03-23,0,1,2022-01-10,0
2020-03-24,1,2,2022-01-10,0
2020-03-25,1,3,2022-01-10,0
2020-03-26,1,4,2022-01-10,0
2020-03-27,5,9,2022-01-10,0
2020-03-28,3,12,2022-01-10,0
2020-03-29,0,12,2022-01-10,0
2020-03-30,5,17,2022-01-10,0
2020-03-31,2,19,2022-01-10,0
2020-04-01,5,24,2022-01-10,0
2020-04-02,3,27,2022-01-10,0
2020-04-03,1,28,2022-01-10,0
2020-04-04,5,33,2022-01-10,0
2020-04-05,5,38,2022-01-10,0
2020-04-06,10,48,2022-01-10,0
2020-04-07,6,54,2022-01-10,0
2020-04-08,7,61,2022-01-10,0
2020-04-09,8,69,2022-01-10,0
2020-04-10,6,75,2022-01-10,0
2020-04-11,4,79,2022-01-10,0
2020-04-12,4,83,2022-01-10,0
2020-04-13,10,93,2022-01-10,0
2020-04-14,6,99,2022-01-10,0
2020-04-15,17,116,2022-01-10,0
2020-04-16,10,126,2022-01-10,0
2020-04-17,17,143,2022-01-10,0
2020-04-18,17,160,2022-01-10,0
2020-04-19,16,176,2022-01-10,0
2020-04-20,21,197,2022-01-10,0
2020-04-21,26,223,2022-01-10,0
2020-04-22,21,244,2022-01-10,0
2020-04-23,19,263,2022-01-10,0
2020-04-24,23,286,2022-01-10,0
2020-04-25,18,304,2022-01-10,0
2020-04-26,17,321,2022-01-10,0
2020-04-27,21,342,2022-01-10,0
2020-04-28,16,358,2022-01-10,0
2020-04-29,29,387,2022-01-10,0
2020-04-30,18,405,2022-01-10,0
2020-05-01,30,435,2022-01-10,0
2020-05-02,19,454,2022-01-10,0
2020-05-03,29,483,2022-01-10,0
2020-05-04,23,506,2022-01-10,0
2020-05-05,19,525,2022-01-10,0
2020-05-06,25,550,2022-01-10,0
2020-05-07,30,580,2022-01-10,0
2020-05-08,20,600,2022-01-10,0
2020-05-09,26,626,2022-01-10,0
2020-05-10,19,645,2022-01-10,0
2020-05-11,25,670,2022-01-10,0
2020-05-12,20,690,2022-01-10,0
2020-05-13,22,712,2022-01-10,0
2020-05-14,20,732,2022-01-10,0
2020-05-15,20,752,2022-01-10,0
2020-05-16,20,772,2022-01-10,0
2020-05-17,23,795,2022-01-10,0
2020-05-18,18,813,2022-01-10,0
2020-05-19,35,848,2022-01-10,0
2020-05-20,24,872,2022-01-10,0
2020-05-21,17,889,2022-01-10,0
2020-05-22,20,909,2022-01-10,0
2020-05-23,26,935,2022-01-10,0
2020-05-24,25,960,2022-01-10,0
2020-05-25,30,990,2022-01-10,0
2020-05-26,29,1019,2022-01-10,0
2020-05-27,25,1044,2022-01-10,0
2020-05-28,21,1065,2022-01-10,0
2020-05-29,17,1082,2022-01-10,0
2020-05-30,11,1093,2022-01-10,0
2020-05-31,20,1113,2022-01-10,0
2020-06-01,23,1136,2022-01-10,0
2020-06-02,21,1157,2022-01-10,0
2020-06-03,25,1182,2022-01-10,0
2020-06-04,26,1208,2022-01-10,0
2020-06-05,18,1226,2022-01-10,0
2020-06-06,12,1238,2022-01-10,0
2020-06-07,22,1260,2022-01-10,0
2020-06-08,12,1272,2022-01-10,0
2020-06-09,13,1285,2022-01-10,0
2020-06-10,10,1295,2022-01-10,0
2020-06-11,12,1307,2022-01-10,0
2020-06-12,11,1318,2022-01-10,0
2020-06-13,13,1331,2022-01-10,0
2020-06-14,11,1342,2022-01-10,0
2020-06-15,8,1350,2022-01-10,0
2020-06-16,9,1359,2022-01-10,0
2020-06-17,17,1376,2022-01-10,0
2020-06-18,9,1385,2022-01-10,0
2020-06-19,8,1393,2022-01-10,0
2020-06-20,12,1405,2022-01-10,0
2020-06-21,11,1416,2022-01-10,0
2020-06-22,6,1422,2022-01-10,0
2020-06-23,10,1432,2022-01-10,0
2020-06-24,1,1433,2022-01-10,0
2020-06-25,9,1442,2022-01-10,0
2020-06-26,6,1448,2022-01-10,0
2020-06-27,5,1453,2022-01-10,0
2020-06-28,11,1464,2022-01-10,0
2020-06-29,7,1471,2022-01-10,0
2020-06-30,9,1480,2022-01-10,0
2020-07-01,2,1482,2022-01-10,0
2020-07-02,3,1485,2022-01-10,0
2020-07-03,5,1490,2022-01-10,0
2020-07-04,4,1494,2022-01-10,0
2020-07-05,6,1500,2022-01-10,0
2020-07-06,4,1504,2022-01-10,0
2020-07-07,2,1506,2022-01-10,0
2020-07-08,9,1515,2022-01-10,0
2020-07-09,4,1519,2022-01-10,0
2020-07-10,3,1522,2022-01-10,0
2020-07-11,4,1526,2022-01-10,0
2020-07-12,6,1532,2022-01-10,0
2020-07-13,2,1534,2022-01-10,0
2020-07-14,6,1540,2022-01-10,0
2020-07-15,7,1547,2022-01-10,0
2020-07-16,3,1550,2022-01-10,0
2020-07-17,7,1557,2022-01-10,0
2020-07-18,6,1563,2022-01-10,0
2020-07-19,5,1568,2022-01-10,0
2020-07-20,3,1571,2022-01-10,0
2020-07-21,6,1577,2022-01-10,0
2020-07-22,5,1582,2022-01-10,0
2020-07-23,8,1590,2022-01-10,0
2020-07-24,6,1596,2022-01-10,0
2020-07-25,2,1598,2022-01-10,0
2020-07-26,5,1603,2022-01-10,0
2020-07-27,5,1608,2022-01-10,0
2020-07-28,7,1615,2022-01-10,0
2020-07-29,3,1618,2022-01-10,0
2020-07-30,6,1624,2022-01-10,0
2020-07-31,9,1633,2022-01-10,0
2020-08-01,4,1637,2022-01-10,0
2020-08-02,7,1644,2022-01-10,0
2020-08-03,4,1648,2022-01-10,0
2020-08-04,7,1655,2022-01-10,0
2020-08-05,8,1663,2022-01-10,0
2020-08-06,9,1672,2022-01-10,0
2020-08-07,7,1679,2022-01-10,0
2020-08-08,6,1685,2022-01-10,0
2020-08-09,10,1695,2022-01-10,0
2020-08-10,3,1698,2022-01-10,0
2020-08-11,9,1707,2022-01-10,0
2020-08-12,7,1714,2022-01-10,0
2020-08-13,5,1719,2022-01-10,0
2020-08-14,9,1728,2022-01-10,0
2020-08-15,13,1741,2022-01-10,0
2020-08-16,13,1754,2022-01-10,0
2020-08-17,6,1760,2022-01-10,0
2020-08-18,11,1771,2022-01-10,0
2020-08-19,3,1774,2022-01-10,0
2020-08-20,10,1784,2022-01-10,0
2020-08-21,12,1796,2022-01-10,0
2020-08-22,9,1805,2022-01-10,0
2020-08-23,7,1812,2022-01-10,0
2020-08-24,9,1821,2022-01-10,0
2020-08-25,4,1825,2022-01-10,0
2020-08-26,3,1828,2022-01-10,0
2020-08-27,7,1835,2022-01-10,0
2020-08-28,6,1841,2022-01-10,0
2020-08-29,3,1844,2022-01-10,0
2020-08-30,5,1849,2022-01-10,0
2020-08-31,9,1858,2022-01-10,0
2020-09-01,2,1860,2022-01-10,0
2020-09-02,7,1867,2022-01-10,0
2020-09-03,12,1879,2022-01-10,0
2020-09-04,4,1883,2022-01-10,0
2020-09-05,6,1889,2022-01-10,0
2020-09-06,12,1901,2022-01-10,0
2020-09-07,3,1904,2022-01-10,0
2020-09-08,6,1910,2022-01-10,0
2020-09-09,10,1920,2022-01-10,0
2020-09-10,9,1929,2022-01-10,0
2020-09-11,11,1940,2022-01-10,0
2020-09-12,8,1948,2022-01-10,0
2020-09-13,8,1956,2022-01-10,0
2020-09-14,2,1958,2022-01-10,0
2020-09-15,7,1965,2022-01-10,0
2020-09-16,9,1974,2022-01-10,0
2020-09-17,5,1979,2022-01-10,0
2020-09-18,6,1985,2022-01-10,0
2020-09-19,4,1989,2022-01-10,0
2020-09-20,9,1998,2022-01-10,0
2020-09-21,7,2005,2022-01-10,0
2020-09-22,8,2013,2022-01-10,0
2020-09-23,9,2022,2022-01-10,0
2020-09-24,8,2030,2022-01-10,0
2020-09-25,11,2041,2022-01-10,0
2020-09-26,9,2050,2022-01-10,0
2020-09-27,14,2064,2022-01-10,0
2020-09-28,11,2075,2022-01-10,0
2020-09-29,5,2080,2022-01-10,0
2020-09-30,16,2096,2022-01-10,0
2020-10-01,7,2103,2022-01-10,0
2020-10-02,13,2116,2022-01-10,0
2020-10-03,9,2125,2022-01-10,0
2020-10-04,7,2132,2022-01-10,0
2020-10-05,10,2142,2022-01-10,0
2020-10-06,13,2155,2022-01-10,0
2020-10-07,19,2174,2022-01-10,0
2020-10-08,9,2183,2022-01-10,0
2020-10-09,17,2200,2022-01-10,0
2020-10-10,16,2216,2022-01-10,0
2020-10-11,16,2232,2022-01-10,0
2020-10-12,20,2252,2022-01-10,0
2020-10-13,14,2266,2022-01-10,0
2020-10-14,10,2276,2022-01-10,0
2020-10-15,9,2285,2022-01-10,0
2020-10-16,12,2297,2022-01-10,0
2020-10-17,18,2315,2022-01-10,0
2020-10-18,25,2340,2022-01-10,0
2020-10-19,18,2358,2022-01-10,0
2020-10-20,15,2373,2022-01-10,0
2020-10-21,24,2397,2022-01-10,0
2020-10-22,18,2415,2022-01-10,0
2020-10-23,19,2434,2022-01-10,0
2020-10-24,8,2442,2022-01-10,0
2020-10-25,17,2459,2022-01-10,0
2020-10-26,25,2484,2022-01-10,0
2020-10-27,23,2507,2022-01-10,0
2020-10-28,29,2536,2022-01-10,0
2020-10-29,18,2554,2022-01-10,0
2020-10-30,27,2581,2022-01-10,0
2020-10-31,25,2606,2022-01-10,0
2020-11-01,21,2627,2022-01-10,0
2020-11-02,25,2652,2022-01-10,0
2020-11-03,25,2677,2022-01-10,0
2020-11-04,33,2710,2022-01-10,0
2020-11-05,38,2748,2022-01-10,0
2020-11-06,39,2787,2022-01-10,0
2020-11-07,42,2829,2022-01-10,0
2020-11-08,47,2876,2022-01-10,0
2020-11-09,37,2913,2022-01-10,0
2020-11-10,35,2948,2022-01-10,0
2020-11-11,43,2991,2022-01-10,0
2020-11-12,45,3036,2022-01-10,0
2020-11-13,40,3076,2022-01-10,0
2020-11-14,48,3124,2022-01-10,0
2020-11-15,46,3170,2022-01-10,0
2020-11-16,62,3232,2022-01-10,0
2020-11-17,56,3288,2022-01-10,0
2020-11-18,61,3349,2022-01-10,0
2020-11-19,60,3409,2022-01-10,0
2020-11-20,63,3472,2022-01-10,0
2020-11-21,58,3530,2022-01-10,0
2020-11-22,67,3597,2022-01-10,0
2020-11-23,59,3656,2022-01-10,0
2020-11-24,69,3725,2022-01-10,0
2020-11-25,72,3797,2022-01-10,0
2020-11-26,54,3851,2022-01-10,0
2020-11-27,69,3920,2022-01-10,0
2020-11-28,62,3982,2022-01-10,0
2020-11-29,68,4050,2022-01-10,0
2020-11-30,61,4111,2022-01-10,0
2020-12-01,64,4175,2022-01-10,0
2020-12-02,73,4248,2022-01-10,0
2020-12-03,86,4334,2022-01-10,0
2020-12-04,67,4401,2022-01-10,0
2020-12-05,74,4475,2022-01-10,0
2020-12-06,80,4555,2022-01-10,0
2020-12-07,75,4630,2022-01-10,0
2020-12-08,61,4691,2022-01-10,0
2020-12-09,71,4762,2022-01-10,0
2020-12-10,72,4834,2022-01-10,0
2020-12-11,71,4905,2022-01-10,0
2020-12-12,72,4977,2022-01-10,0
2020-12-13,56,5033,2022-01-10,0
2020-12-14,43,5076,2022-01-10,0
2020-12-15,65,5141,2022-01-10,0
2020-12-16,73,5214,2022-01-10,0
2020-12-17,60,5274,2022-01-10,0
2020-12-18,59,5333,2022-01-10,0
2020-12-19,56,5389,2022-01-10,0
2020-12-20,61,5450,2022-01-10,0
2020-12-21,58,5508,2022-01-10,0
2020-12-22,33,5541,2022-01-10,0
2020-12-23,46,5587,2022-01-10,0
2020-12-24,50,5637,2022-01-10,0
2020-12-25,36,5673,2022-01-10,0
2020-12-26,43,5716,2022-01-10,0
2020-12-27,41,5757,2022-01-10,0
2020-12-28,34,5791,2022-01-10,0
2020-12-29,37,5828,2022-01-10,0
2020-12-30,47,5875,2022-01-10,0
2020-12-31,36,5911,2022-01-10,0
2021-01-01,28,5939,2022-01-10,0
2021-01-02,49,5988,2022-01-10,0
2021-01-03,37,6025,2022-01-10,0
2021-01-04,32,6057,2022-01-10,0
2021-01-05,40,6097,2022-01-10,0
2021-01-06,32,6129,2022-01-10,0
2021-01-07,37,6166,2022-01-10,0
2021-01-08,32,6198,2022-01-10,0
2021-01-09,26,6224,2022-01-10,0
2021-01-10,29,6253,2022-01-10,0
2021-01-11,26,6279,2022-01-10,0
2021-01-12,32,6311,2022-01-10,0
2021-01-13,23,6334,2022-01-10,0
2021-01-14,41,6375,2022-01-10,0
2021-01-15,26,6401,2022-01-10,0
2021-01-16,30,6431,2022-01-10,0
2021-01-17,21,6452,2022-01-10,0
2021-01-18,19,6471,2022-01-10,0
2021-01-19,14,6485,2022-01-10,0
2021-01-20,26,6511,2022-01-10,0
2021-01-21,16,6527,2022-01-10,0
2021-01-22,13,6540,2022-01-10,0
2021-01-23,17,6557,2022-01-10,0
2021-01-24,24,6581,2022-01-10,0
2021-01-25,19,6600,2022-01-10,0
2021-01-26,21,6621,2022-01-10,0
2021-01-27,11,6632,2022-01-10,0
2021-01-28,12,6644,2022-01-10,0
2021-01-29,15,6659,2022-01-10,0
2021-01-30,13,6672,2022-01-10,0
2021-01-31,16,6688,2022-01-10,0
2021-02-01,17,6705,2022-01-10,0
2021-02-02,10,6715,2022-01-10,0
2021-02-03,11,6726,2022-01-10,0
2021-02-04,11,6737,2022-01-10,0
2021-02-05,12,6749,2022-01-10,0
2021-02-06,12,6761,2022-01-10,0
2021-02-07,19,6780,2022-01-10,0
2021-02-08,11,6791,2022-01-10,0
2021-02-09,15,6806,2022-01-10,0
2021-02-10,14,6820,2022-01-10,0
2021-02-11,7,6827,2022-01-10,0
2021-02-12,13,6840,2022-01-10,0
2021-02-13,8,6848,2022-01-10,0
2021-02-14,10,6858,2022-01-10,0
2021-02-15,9,6867,2022-01-10,0
2021-02-16,12,6879,2022-01-10,0
2021-02-17,10,6889,2022-01-10,0
2021-02-18,7,6896,2022-01-10,0
2021-02-19,6,6902,2022-01-10,0
2021-02-20,7,6909,2022-01-10,0
2021-02-21,4,6913,2022-01-10,0
2021-02-22,5,6918,2022-01-10,0
2021-02-23,9,6927,2022-01-10,0
2021-02-24,5,6932,2022-01-10,0
2021-02-25,5,6937,2022-01-10,0
2021-02-26,7,6944,2022-01-10,0
2021-02-27,6,6950,2022-01-10,0
2021-02-28,8,6958,2022-01-10,0
2021-03-01,7,6965,2022-01-10,0
2021-03-02,3,6968,2022-01-10,0
2021-03-03,10,6978,2022-01-10,0
2021-03-04,6,6984,2022-01-10,0
2021-03-05,10,6994,2022-01-10,0
2021-03-06,5,6999,2022-01-10,0
2021-03-07,9,7008,2022-01-10,0
2021-03-08,5,7013,2022-01-10,0
2021-03-09,7,7020,2022-01-10,0
2021-03-10,5,7025,2022-01-10,0
2021-03-11,4,7029,2022-01-10,0
2021-03-12,11,7040,2022-01-10,0
2021-03-13,5,7045,2022-01-10,0
2021-03-14,5,7050,2022-01-10,0
2021-03-15,2,7052,2022-01-10,0
2021-03-16,6,7058,2022-01-10,0
2021-03-17,4,7062,2022-01-10,0
2021-03-18,5,7067,2022-01-10,0
2021-03-19,5,7072,2022-01-10,0
2021-03-20,9,7081,2022-01-10,0
2021-03-21,5,7086,2022-01-10,0
2021-03-22,4,7090,2022-01-10,0
2021-03-23,5,7095,2022-01-10,0
2021-03-24,1,7096,2022-01-10,0
2021-03-25,5,7101,2022-01-10,0
2021-03-26,3,7104,2022-01-10,0
2021-03-27,7,7111,2022-01-10,0
2021-03-28,6,7117,2022-01-10,0
2021-03-29,5,7122,2022-01-10,0
2021-03-30,6,7128,2022-01-10,0
2021-03-31,8,7136,2022-01-10,0
2021-04-01,6,7142,2022-01-10,0
2021-04-02,9,7151,2022-01-10,0
2021-04-03,8,7159,2022-01-10,0
2021-04-04,6,7165,2022-01-10,0
2021-04-05,8,7173,2022-01-10,0
2021-04-06,7,7180,2022-01-10,0
2021-04-07,6,7186,2022-01-10,0
2021-04-08,10,7196,2022-01-10,0
2021-04-09,7,7203,2022-01-10,0
2021-04-10,7,7210,2022-01-10,0
2021-04-11,8,7218,2022-01-10,0
2021-04-12,10,7228,2022-01-10,0
2021-04-13,7,7235,2022-01-10,0
2021-04-14,8,7243,2022-01-10,0
2021-04-15,14,7257,2022-01-10,0
2021-04-16,8,7265,2022-01-10,0
2021-04-17,8,7273,2022-01-10,0
2021-04-18,8,7281,2022-01-10,0
2021-04-19,10,7291,2022-01-10,0
2021-04-20,5,7296,2022-01-10,0
2021-04-21,8,7304,2022-01-10,0
2021-04-22,3,7307,2022-01-10,0
2021-04-23,15,7322,2022-01-10,0
2021-04-24,11,7333,2022-01-10,0
2021-04-25,15,7348,2022-01-10,0
2021-04-26,15,7363,2022-01-10,0
2021-04-27,7,7370,2022-01-10,0
2021-04-28,14,7384,2022-01-10,0
2021-04-29,8,7392,2022-01-10,0
2021-04-30,11,7403,2022-01-10,0
2021-05-01,7,7410,2022-01-10,0
2021-05-02,8,7418,2022-01-10,0
2021-05-03,5,7423,2022-01-10,0
2021-05-04,13,7436,2022-01-10,0
2021-05-05,8,7444,2022-01-10,0
2021-05-06,5,7449,2022-01-10,0
2021-05-07,8,7457,2022-01-10,0
2021-05-08,7,7464,2022-01-10,0
2021-05-09,9,7473,2022-01-10,0
2021-05-10,8,7481,2022-01-10,0
2021-05-11,6,7487,2022-01-10,0
2021-05-12,9,7496,2022-01-10,0
2021-05-13,9,7505,2022-01-10,0
2021-05-14,11,7516,2022-01-10,0
2021-05-15,10,7526,2022-01-10,0
2021-05-16,6,7532,2022-01-10,0
2021-05-17,6,7538,2022-01-10,0
2021-05-18,7,7545,2022-01-10,0
2021-05-19,2,7547,2022-01-10,0
2021-05-20,5,7552,2022-01-10,0
2021-05-21,7,7559,2022-01-10,0
2021-05-22,11,7570,2022-01-10,0
2021-05-23,5,7575,2022-01-10,0
2021-05-24,5,7580,2022-01-10,0
2021-05-25,6,7586,2022-01-10,0
2021-05-26,3,7589,2022-01-10,0
2021-05-27,7,7596,2022-01-10,0
2021-05-28,2,7598,2022-01-10,0
2021-05-29,6,7604,2022-01-10,0
2021-05-30,4,7608,2022-01-10,0
2021-05-31,3,7611,2022-01-10,0
2021-06-01,5,7616,2022-01-10,0
2021-06-02,8,7624,2022-01-10,0
2021-06-03,4,7628,2022-01-10,0
2021-06-04,4,7632,2022-01-10,0
2021-06-05,2,7634,2022-01-10,0
2021-06-06,5,7639,2022-01-10,0
2021-06-07,3,7642,2022-01-10,0
2021-06-08,5,7647,2022-01-10,0
2021-06-09,4,7651,2022-01-10,0
2021-06-10,6,7657,2022-01-10,0
2021-06-11,6,7663,2022-01-10,0
2021-06-12,4,7667,2022-01-10,0
2021-06-13,4,7671,2022-01-10,0
2021-06-14,3,7674,2022-01-10,0
2021-06-15,2,7676,2022-01-10,0
2021-06-16,2,7678,2022-01-10,0
2021-06-17,4,7682,2022-01-10,0
2021-06-18,1,7683,2022-01-10,0
2021-06-19,6,7689,2022-01-10,0
2021-06-20,1,7690,2022-01-10,0
2021-06-21,5,7695,2022-01-10,0
2021-06-22,3,7698,2022-01-10,0
2021-06-23,4,7702,2022-01-10,0
2021-06-24,3,7705,2022-01-10,0
2021-06-25,3,7708,2022-01-10,0
2021-06-26,4,7712,2022-01-10,0
2021-06-27,2,7714,2022-01-10,0
2021-06-28,2,7716,2022-01-10,0
2021-06-29,2,7718,2022-01-10,0
2021-06-30,2,7720,2022-01-10,0
2021-07-01,0,7720,2022-01-10,0
2021-07-02,2,7722,2022-01-10,0
2021-07-03,2,7724,2022-01-10,0
2021-07-04,3,7727,2022-01-10,0
2021-07-05,1,7728,2022-01-10,0
2021-07-06,4,7732,2022-01-10,0
2021-07-07,1,7733,2022-01-10,0
2021-07-08,1,7734,2022-01-10,0
2021-07-09,0,7734,2022-01-10,0
2021-07-10,1,7735,2022-01-10,0
2021-07-11,3,7738,2022-01-10,0
2021-07-12,1,7739,2022-01-10,0
2021-07-13,2,7741,2022-01-10,0
2021-07-14,2,7743,2022-01-10,0
2021-07-15,2,7745,2022-01-10,0
2021-07-16,1,7746,2022-01-10,0
2021-07-17,1,7747,2022-01-10,0
2021-07-18,0,7747,2022-01-10,0
2021-07-19,0,7747,2022-01-10,0
2021-07-20,2,7749,2022-01-10,0
2021-07-21,2,7751,2022-01-10,0
2021-07-22,2,7753,2022-01-10,0
2021-07-23,3,7756,2022-01-10,0
2021-07-24,0,7756,2022-01-10,0
2021-07-25,2,7758,2022-01-10,0
2021-07-26,1,7759,2022-01-10,0
2021-07-27,2,7761,2022-01-10,0
2021-07-28,3,7764,2022-01-10,0
2021-07-29,2,7766,2022-01-10,0
2021-07-30,5,7771,2022-01-10,0
2021-07-31,4,7775,2022-01-10,0
2021-08-01,1,7776,2022-01-10,0
2021-08-02,3,7779,2022-01-10,0
2021-08-03,2,7781,2022-01-10,0
2021-08-04,3,7784,2022-01-10,0
2021-08-05,2,7786,2022-01-10,0
2021-08-06,7,7793,2022-01-10,0
2021-08-07,3,7796,2022-01-10,0
2021-08-08,2,7798,2022-01-10,0
2021-08-09,3,7801,2022-01-10,0
2021-08-10,2,7803,2022-01-10,0
2021-08-11,2,7805,2022-01-10,0
2021-08-12,7,7812,2022-01-10,0
2021-08-13,5,7817,2022-01-10,0
2021-08-14,6,7823,2022-01-10,0
2021-08-15,0,7823,2022-01-10,0
2021-08-16,7,7830,2022-01-10,0
2021-08-17,7,7837,2022-01-10,0
2021-08-18,9,7846,2022-01-10,0
2021-08-19,2,7848,2022-01-10,0
2021-08-20,3,7851,2022-01-10,0
2021-08-21,5,7856,2022-01-10,0
2021-08-22,7,7863,2022-01-10,0
2021-08-23,5,7868,2022-01-10,0
2021-08-24,12,7880,2022-01-10,0
2021-08-25,7,7887,2022-01-10,0
2021-08-26,2,7889,2022-01-10,0
2021-08-27,6,7895,2022-01-10,0
2021-08-28,11,7906,2022-01-10,0
2021-08-29,11,7917,2022-01-10,0
2021-08-30,8,7925,2022-01-10,0
2021-08-31,6,7931,2022-01-10,0
2021-09-01,6,7937,2022-01-10,0
2021-09-02,6,7943,2022-01-10,0
2021-09-03,9,7952,2022-01-10,0
2021-09-04,9,7961,2022-01-10,0
2021-09-05,10,7971,2022-01-10,0
2021-09-06,8,7979,2022-01-10,0
2021-09-07,7,7986,2022-01-10,0
2021-09-08,11,7997,2022-01-10,0
2021-09-09,5,8002,2022-01-10,0
2021-09-10,9,8011,2022-01-10,0
2021-09-11,17,8028,2022-01-10,0
2021-09-12,10,8038,2022-01-10,0
2021-09-13,7,8045,2022-01-10,0
2021-09-14,11,8056,2022-01-10,0
2021-09-15,14,8070,2022-01-10,0
2021-09-16,16,8086,2022-01-10,0
2021-09-17,8,8094,2022-01-10,0
2021-09-18,13,8107,2022-01-10,0
2021-09-19,11,8118,2022-01-10,0
2021-09-20,16,8134,2022-01-10,0
2021-09-21,15,8149,2022-01-10,0
2021-09-22,17,8166,2022-01-10,0
2021-09-23,13,8179,2022-01-10,0
2021-09-24,13,8192,2022-01-10,0
2021-09-25,16,8208,2022-01-10,0
2021-09-26,15,8223,2022-01-10,0
2021-09-27,15,8238,2022-01-10,0
2021-09-28,11,8249,2022-01-10,0
2021-09-29,19,8268,2022-01-10,0
2021-09-30,17,8285,2022-01-10,0
2021-10-01,13,8298,2022-01-10,0
2021-10-02,15,8313,2022-01-10,0
2021-10-03,23,8336,2022-01-10,0
2021-10-04,15,8351,2022-01-10,0
2021-10-05,23,8374,2022-01-10,0
2021-10-06,21,8395,2022-01-10,0
2021-10-07,14,8409,2022-01-10,0
2021-10-08,22,8431,2022-01-10,0
2021-10-09,20,8451,2022-01-10,0
2021-10-10,13,8464,2022-01-10,0
2021-10-11,11,8475,2022-01-10,0
2021-10-12,25,8500,2022-01-10,0
2021-10-13,20,8520,2022-01-10,0
2021-10-14,22,8542,2022-01-10,0
2021-10-15,14,8556,2022-01-10,0
2021-10-16,20,8576,2022-01-10,0
2021-10-17,17,8593,2022-01-10,0
2021-10-18,17,8610,2022-01-10,0
2021-10-19,25,8635,2022-01-10,0
2021-10-20,15,8650,2022-01-10,0
2021-10-21,9,8659,2022-01-10,0
2021-10-22,23,8682,2022-01-10,0
2021-10-23,24,8706,2022-01-10,0
2021-10-24,24,8730,2022-01-10,0
2021-10-25,20,8750,2022-01-10,0
2021-10-26,22,8772,2022-01-10,0
2021-10-27,16,8788,2022-01-10,0
2021-10-28,24,8812,2022-01-10,0
2021-10-29,20,8832,2022-01-10,0
2021-10-30,19,8851,2022-01-10,0
2021-10-31,26,8877,2022-01-10,0
2021-11-01,18,8895,2022-01-10,0
2021-11-02,18,8913,2022-01-10,0
2021-11-03,27,8940,2022-01-10,0
2021-11-04,27,8967,2022-01-10,0
2021-11-05,29,8996,2022-01-10,0
2021-11-06,16,9012,2022-01-10,0
2021-11-07,24,9036,2022-01-10,0
2021-11-08,27,9063,2022-01-10,0
2021-11-09,16,9079,2022-01-10,0
2021-11-10,18,9097,2022-01-10,0
2021-11-11,27,9124,2022-01-10,0
2021-11-12,28,9152,2022-01-10,0
2021-11-13,31,9183,2022-01-10,0
2021-11-14,24,9207,2022-01-10,0
2021-11-15,28,9235,2022-01-10,0
2021-11-16,25,9260,2022-01-10,0
2021-11-17,37,9297,2022-01-10,0
2021-11-18,36,9333,2022-01-10,0
2021-11-19,34,9367,2022-01-10,0
2021-11-20,30,9397,2022-01-10,0
2021-11-21,32,9429,2022-01-10,0
2021-11-22,29,9458,2022-01-10,0
2021-11-23,31,9489,2022-01-10,0
2021-11-24,24,9513,2022-01-10,0
2021-11-25,35,9548,2022-01-10,0
2021-11-26,50,9598,2022-01-10,0
2021-11-27,36,9634,2022-01-10,0
2021-11-28,38,9672,2022-01-10,0
2021-11-29,28,9700,2022-01-10,0
2021-11-30,29,9729,2022-01-10,0
2021-12-01,46,9775,2022-01-10,0
2021-12-02,39,9814,2022-01-10,0
2021-12-03,31,9845,2022-01-10,0
2021-12-04,40,9885,2022-01-10,0
2021-12-05,35,9920,2022-01-10,0
2021-12-06,32,9952,2022-01-10,0
2021-12-07,33,9985,2022-01-10,0
2021-12-08,37,10022,2022-01-10,0
2021-12-09,47,10069,2022-01-10,2
2021-12-10,34,10103,2022-01-10,0
2021-12-11,26,10129,2022-01-10,0
2021-12-12,35,10164,2022-01-10,0
2021-12-13,31,10195,2022-01-10,0
2021-12-14,33,10228,2022-01-10,0
2021-12-15,39,10267,2022-01-10,0
2021-12-16,28,10295,2022-01-10,0
2021-12-17,38,10333,2022-01-10,0
2021-12-18,29,10362,2022-01-10,0
2021-12-19,30,10392,2022-01-10,0
2021-12-20,33,10425,2022-01-10,0
2021-12-21,26,10451,2022-01-10,0
2021-12-22,26,10477,2022-01-10,0
2021-12-23,25,10502,2022-01-10,0
2021-12-24,28,10530,2022-01-10,0
2021-12-25,24,10554,2022-01-10,0
2021-12-26,41,10595,2022-01-10,1
2021-12-27,29,10624,2022-01-10,1
2021-12-28,34,10658,2022-01-10,4
2021-12-29,24,10682,2022-01-10,3
2021-12-30,14,10696,2022-01-10,2
2021-12-31,33,10729,2022-01-10,8
2022-01-01,21,10750,2022-01-10,2
2022-01-02,19,10769,2022-01-10,3
2022-01-03,17,10786,2022-01-10,4
2022-01-04,15,10801,2022-01-10,6
2022-01-05,8,10809,2022-01-10,7
2022-01-06,1,10810,2022-01-10,1
NA,0,10810,2022-01-10,0
2020-03-19,1,1,2022-01-11,0
2020-03-20,0,1,2022-01-11,0
2020-03-21,0,1,2022-01-11,0
2020-03-22,0,1,2022-01-11,0
2020-03-23,0,1,2022-01-11,0
2020-03-24,1,2,2022-01-11,0
2020-03-25,1,3,2022-01-11,0
2020-03-26,1,4,2022-01-11,0
2020-03-27,5,9,2022-01-11,0
2020-03-28,3,12,2022-01-11,0
2020-03-29,0,12,2022-01-11,0
2020-03-30,5,17,2022-01-11,0
2020-03-31,2,19,2022-01-11,0
2020-04-01,5,24,2022-01-11,0
2020-04-02,3,27,2022-01-11,0
2020-04-03,1,28,2022-01-11,0
2020-04-04,5,33,2022-01-11,0
2020-04-05,5,38,2022-01-11,0
2020-04-06,10,48,2022-01-11,0
2020-04-07,6,54,2022-01-11,0
2020-04-08,7,61,2022-01-11,0
2020-04-09,8,69,2022-01-11,0
2020-04-10,6,75,2022-01-11,0
2020-04-11,4,79,2022-01-11,0
2020-04-12,4,83,2022-01-11,0
2020-04-13,10,93,2022-01-11,0
2020-04-14,6,99,2022-01-11,0
2020-04-15,17,116,2022-01-11,0
2020-04-16,10,126,2022-01-11,0
2020-04-17,17,143,2022-01-11,0
2020-04-18,17,160,2022-01-11,0
2020-04-19,16,176,2022-01-11,0
2020-04-20,21,197,2022-01-11,0
2020-04-21,26,223,2022-01-11,0
2020-04-22,21,244,2022-01-11,0
2020-04-23,19,263,2022-01-11,0
2020-04-24,23,286,2022-01-11,0
2020-04-25,18,304,2022-01-11,0
2020-04-26,17,321,2022-01-11,0
2020-04-27,21,342,2022-01-11,0
2020-04-28,16,358,2022-01-11,0
2020-04-29,29,387,2022-01-11,0
2020-04-30,18,405,2022-01-11,0
2020-05-01,30,435,2022-01-11,0
2020-05-02,19,454,2022-01-11,0
2020-05-03,29,483,2022-01-11,0
2020-05-04,23,506,2022-01-11,0
2020-05-05,19,525,2022-01-11,0
2020-05-06,25,550,2022-01-11,0
2020-05-07,30,580,2022-01-11,0
2020-05-08,20,600,2022-01-11,0
2020-05-09,26,626,2022-01-11,0
2020-05-10,19,645,2022-01-11,0
2020-05-11,25,670,2022-01-11,0
2020-05-12,20,690,2022-01-11,0
2020-05-13,22,712,2022-01-11,0
2020-05-14,20,732,2022-01-11,0
2020-05-15,20,752,2022-01-11,0
2020-05-16,20,772,2022-01-11,0
2020-05-17,23,795,2022-01-11,0
2020-05-18,18,813,2022-01-11,0
2020-05-19,35,848,2022-01-11,0
2020-05-20,24,872,2022-01-11,0
2020-05-21,17,889,2022-01-11,0
2020-05-22,20,909,2022-01-11,0
2020-05-23,26,935,2022-01-11,0
2020-05-24,25,960,2022-01-11,0
2020-05-25,30,990,2022-01-11,0
2020-05-26,29,1019,2022-01-11,0
2020-05-27,25,1044,2022-01-11,0
2020-05-28,21,1065,2022-01-11,0
2020-05-29,17,1082,2022-01-11,0
2020-05-30,11,1093,2022-01-11,0
2020-05-31,20,1113,2022-01-11,0
2020-06-01,23,1136,2022-01-11,0
2020-06-02,21,1157,2022-01-11,0
2020-06-03,25,1182,2022-01-11,0
2020-06-04,26,1208,2022-01-11,0
2020-06-05,18,1226,2022-01-11,0
2020-06-06,12,1238,2022-01-11,0
2020-06-07,22,1260,2022-01-11,0
2020-06-08,12,1272,2022-01-11,0
2020-06-09,13,1285,2022-01-11,0
2020-06-10,10,1295,2022-01-11,0
2020-06-11,12,1307,2022-01-11,0
2020-06-12,11,1318,2022-01-11,0
2020-06-13,13,1331,2022-01-11,0
2020-06-14,11,1342,2022-01-11,0
2020-06-15,8,1350,2022-01-11,0
2020-06-16,9,1359,2022-01-11,0
2020-06-17,17,1376,2022-01-11,0
2020-06-18,9,1385,2022-01-11,0
2020-06-19,8,1393,2022-01-11,0
2020-06-20,12,1405,2022-01-11,0
2020-06-21,11,1416,2022-01-11,0
2020-06-22,6,1422,2022-01-11,0
2020-06-23,10,1432,2022-01-11,0
2020-06-24,1,1433,2022-01-11,0
2020-06-25,9,1442,2022-01-11,0
2020-06-26,6,1448,2022-01-11,0
2020-06-27,5,1453,2022-01-11,0
2020-06-28,11,1464,2022-01-11,0
2020-06-29,7,1471,2022-01-11,0
2020-06-30,9,1480,2022-01-11,0
2020-07-01,2,1482,2022-01-11,0
2020-07-02,3,1485,2022-01-11,0
2020-07-03,5,1490,2022-01-11,0
2020-07-04,4,1494,2022-01-11,0
2020-07-05,6,1500,2022-01-11,0
2020-07-06,4,1504,2022-01-11,0
2020-07-07,2,1506,2022-01-11,0
2020-07-08,9,1515,2022-01-11,0
2020-07-09,4,1519,2022-01-11,0
2020-07-10,3,1522,2022-01-11,0
2020-07-11,4,1526,2022-01-11,0
2020-07-12,6,1532,2022-01-11,0
2020-07-13,2,1534,2022-01-11,0
2020-07-14,6,1540,2022-01-11,0
2020-07-15,7,1547,2022-01-11,0
2020-07-16,3,1550,2022-01-11,0
2020-07-17,7,1557,2022-01-11,0
2020-07-18,6,1563,2022-01-11,0
2020-07-19,5,1568,2022-01-11,0
2020-07-20,3,1571,2022-01-11,0
2020-07-21,6,1577,2022-01-11,0
2020-07-22,5,1582,2022-01-11,0
2020-07-23,8,1590,2022-01-11,0
2020-07-24,6,1596,2022-01-11,0
2020-07-25,2,1598,2022-01-11,0
2020-07-26,5,1603,2022-01-11,0
2020-07-27,5,1608,2022-01-11,0
2020-07-28,7,1615,2022-01-11,0
2020-07-29,3,1618,2022-01-11,0
2020-07-30,6,1624,2022-01-11,0
2020-07-31,9,1633,2022-01-11,0
2020-08-01,4,1637,2022-01-11,0
2020-08-02,7,1644,2022-01-11,0
2020-08-03,4,1648,2022-01-11,0
2020-08-04,7,1655,2022-01-11,0
2020-08-05,8,1663,2022-01-11,0
2020-08-06,9,1672,2022-01-11,0
2020-08-07,7,1679,2022-01-11,0
2020-08-08,6,1685,2022-01-11,0
2020-08-09,10,1695,2022-01-11,0
2020-08-10,3,1698,2022-01-11,0
2020-08-11,9,1707,2022-01-11,0
2020-08-12,7,1714,2022-01-11,0
2020-08-13,5,1719,2022-01-11,0
2020-08-14,9,1728,2022-01-11,0
2020-08-15,13,1741,2022-01-11,0
2020-08-16,13,1754,2022-01-11,0
2020-08-17,6,1760,2022-01-11,0
2020-08-18,11,1771,2022-01-11,0
2020-08-19,3,1774,2022-01-11,0
2020-08-20,10,1784,2022-01-11,0
2020-08-21,12,1796,2022-01-11,0
2020-08-22,9,1805,2022-01-11,0
2020-08-23,7,1812,2022-01-11,0
2020-08-24,9,1821,2022-01-11,0
2020-08-25,4,1825,2022-01-11,0
2020-08-26,3,1828,2022-01-11,0
2020-08-27,7,1835,2022-01-11,0
2020-08-28,6,1841,2022-01-11,0
2020-08-29,3,1844,2022-01-11,0
2020-08-30,5,1849,2022-01-11,0
2020-08-31,9,1858,2022-01-11,0
2020-09-01,2,1860,2022-01-11,0
2020-09-02,7,1867,2022-01-11,0
2020-09-03,12,1879,2022-01-11,0
2020-09-04,4,1883,2022-01-11,0
2020-09-05,6,1889,2022-01-11,0
2020-09-06,12,1901,2022-01-11,0
2020-09-07,3,1904,2022-01-11,0
2020-09-08,6,1910,2022-01-11,0
2020-09-09,10,1920,2022-01-11,0
2020-09-10,9,1929,2022-01-11,0
2020-09-11,11,1940,2022-01-11,0
2020-09-12,8,1948,2022-01-11,0
2020-09-13,8,1956,2022-01-11,0
2020-09-14,2,1958,2022-01-11,0
2020-09-15,7,1965,2022-01-11,0
2020-09-16,9,1974,2022-01-11,0
2020-09-17,5,1979,2022-01-11,0
2020-09-18,6,1985,2022-01-11,0
2020-09-19,4,1989,2022-01-11,0
2020-09-20,9,1998,2022-01-11,0
2020-09-21,7,2005,2022-01-11,0
2020-09-22,8,2013,2022-01-11,0
2020-09-23,9,2022,2022-01-11,0
2020-09-24,8,2030,2022-01-11,0
2020-09-25,11,2041,2022-01-11,0
2020-09-26,9,2050,2022-01-11,0
2020-09-27,14,2064,2022-01-11,0
2020-09-28,11,2075,2022-01-11,0
2020-09-29,5,2080,2022-01-11,0
2020-09-30,16,2096,2022-01-11,0
2020-10-01,7,2103,2022-01-11,0
2020-10-02,13,2116,2022-01-11,0
2020-10-03,9,2125,2022-01-11,0
2020-10-04,7,2132,2022-01-11,0
2020-10-05,10,2142,2022-01-11,0
2020-10-06,13,2155,2022-01-11,0
2020-10-07,19,2174,2022-01-11,0
2020-10-08,9,2183,2022-01-11,0
2020-10-09,17,2200,2022-01-11,0
2020-10-10,16,2216,2022-01-11,0
2020-10-11,16,2232,2022-01-11,0
2020-10-12,20,2252,2022-01-11,0
2020-10-13,14,2266,2022-01-11,0
2020-10-14,10,2276,2022-01-11,0
2020-10-15,9,2285,2022-01-11,0
2020-10-16,12,2297,2022-01-11,0
2020-10-17,18,2315,2022-01-11,0
2020-10-18,25,2340,2022-01-11,0
2020-10-19,18,2358,2022-01-11,0
2020-10-20,15,2373,2022-01-11,0
2020-10-21,24,2397,2022-01-11,0
2020-10-22,18,2415,2022-01-11,0
2020-10-23,19,2434,2022-01-11,0
2020-10-24,8,2442,2022-01-11,0
2020-10-25,17,2459,2022-01-11,0
2020-10-26,25,2484,2022-01-11,0
2020-10-27,23,2507,2022-01-11,0
2020-10-28,29,2536,2022-01-11,0
2020-10-29,18,2554,2022-01-11,0
2020-10-30,27,2581,2022-01-11,0
2020-10-31,25,2606,2022-01-11,0
2020-11-01,21,2627,2022-01-11,0
2020-11-02,25,2652,2022-01-11,0
2020-11-03,25,2677,2022-01-11,0
2020-11-04,33,2710,2022-01-11,0
2020-11-05,38,2748,2022-01-11,0
2020-11-06,39,2787,2022-01-11,0
2020-11-07,42,2829,2022-01-11,0
2020-11-08,47,2876,2022-01-11,0
2020-11-09,37,2913,2022-01-11,0
2020-11-10,35,2948,2022-01-11,0
2020-11-11,43,2991,2022-01-11,0
2020-11-12,45,3036,2022-01-11,0
2020-11-13,40,3076,2022-01-11,0
2020-11-14,48,3124,2022-01-11,0
2020-11-15,46,3170,2022-01-11,0
2020-11-16,62,3232,2022-01-11,0
2020-11-17,56,3288,2022-01-11,0
2020-11-18,61,3349,2022-01-11,0
2020-11-19,60,3409,2022-01-11,0
2020-11-20,63,3472,2022-01-11,0
2020-11-21,58,3530,2022-01-11,0
2020-11-22,67,3597,2022-01-11,0
2020-11-23,59,3656,2022-01-11,0
2020-11-24,69,3725,2022-01-11,0
2020-11-25,72,3797,2022-01-11,0
2020-11-26,54,3851,2022-01-11,0
2020-11-27,69,3920,2022-01-11,0
2020-11-28,62,3982,2022-01-11,0
2020-11-29,68,4050,2022-01-11,0
2020-11-30,61,4111,2022-01-11,0
2020-12-01,64,4175,2022-01-11,0
2020-12-02,73,4248,2022-01-11,0
2020-12-03,86,4334,2022-01-11,0
2020-12-04,67,4401,2022-01-11,0
2020-12-05,74,4475,2022-01-11,0
2020-12-06,80,4555,2022-01-11,0
2020-12-07,75,4630,2022-01-11,0
2020-12-08,61,4691,2022-01-11,0
2020-12-09,71,4762,2022-01-11,0
2020-12-10,72,4834,2022-01-11,0
2020-12-11,71,4905,2022-01-11,0
2020-12-12,72,4977,2022-01-11,0
2020-12-13,56,5033,2022-01-11,0
2020-12-14,43,5076,2022-01-11,0
2020-12-15,65,5141,2022-01-11,0
2020-12-16,73,5214,2022-01-11,0
2020-12-17,60,5274,2022-01-11,0
2020-12-18,59,5333,2022-01-11,0
2020-12-19,56,5389,2022-01-11,0
2020-12-20,61,5450,2022-01-11,0
2020-12-21,58,5508,2022-01-11,0
2020-12-22,33,5541,2022-01-11,0
2020-12-23,46,5587,2022-01-11,0
2020-12-24,50,5637,2022-01-11,0
2020-12-25,36,5673,2022-01-11,0
2020-12-26,43,5716,2022-01-11,0
2020-12-27,41,5757,2022-01-11,0
2020-12-28,34,5791,2022-01-11,0
2020-12-29,37,5828,2022-01-11,0
2020-12-30,47,5875,2022-01-11,0
2020-12-31,36,5911,2022-01-11,0
2021-01-01,28,5939,2022-01-11,0
2021-01-02,49,5988,2022-01-11,0
2021-01-03,37,6025,2022-01-11,0
2021-01-04,32,6057,2022-01-11,0
2021-01-05,40,6097,2022-01-11,0
2021-01-06,32,6129,2022-01-11,0
2021-01-07,37,6166,2022-01-11,0
2021-01-08,32,6198,2022-01-11,0
2021-01-09,26,6224,2022-01-11,0
2021-01-10,29,6253,2022-01-11,0
2021-01-11,26,6279,2022-01-11,0
2021-01-12,32,6311,2022-01-11,0
2021-01-13,23,6334,2022-01-11,0
2021-01-14,41,6375,2022-01-11,0
2021-01-15,26,6401,2022-01-11,0
2021-01-16,30,6431,2022-01-11,0
2021-01-17,21,6452,2022-01-11,0
2021-01-18,19,6471,2022-01-11,0
2021-01-19,14,6485,2022-01-11,0
2021-01-20,26,6511,2022-01-11,0
2021-01-21,16,6527,2022-01-11,0
2021-01-22,13,6540,2022-01-11,0
2021-01-23,17,6557,2022-01-11,0
2021-01-24,24,6581,2022-01-11,0
2021-01-25,19,6600,2022-01-11,0
2021-01-26,21,6621,2022-01-11,0
2021-01-27,11,6632,2022-01-11,0
2021-01-28,12,6644,2022-01-11,0
2021-01-29,15,6659,2022-01-11,0
2021-01-30,13,6672,2022-01-11,0
2021-01-31,16,6688,2022-01-11,0
2021-02-01,17,6705,2022-01-11,0
2021-02-02,10,6715,2022-01-11,0
2021-02-03,11,6726,2022-01-11,0
2021-02-04,11,6737,2022-01-11,0
2021-02-05,12,6749,2022-01-11,0
2021-02-06,12,6761,2022-01-11,0
2021-02-07,19,6780,2022-01-11,0
2021-02-08,11,6791,2022-01-11,0
2021-02-09,15,6806,2022-01-11,0
2021-02-10,14,6820,2022-01-11,0
2021-02-11,7,6827,2022-01-11,0
2021-02-12,13,6840,2022-01-11,0
2021-02-13,8,6848,2022-01-11,0
2021-02-14,10,6858,2022-01-11,0
2021-02-15,9,6867,2022-01-11,0
2021-02-16,12,6879,2022-01-11,0
2021-02-17,10,6889,2022-01-11,0
2021-02-18,7,6896,2022-01-11,0
2021-02-19,6,6902,2022-01-11,0
2021-02-20,7,6909,2022-01-11,0
2021-02-21,4,6913,2022-01-11,0
2021-02-22,5,6918,2022-01-11,0
2021-02-23,9,6927,2022-01-11,0
2021-02-24,5,6932,2022-01-11,0
2021-02-25,5,6937,2022-01-11,0
2021-02-26,7,6944,2022-01-11,0
2021-02-27,6,6950,2022-01-11,0
2021-02-28,8,6958,2022-01-11,0
2021-03-01,7,6965,2022-01-11,0
2021-03-02,3,6968,2022-01-11,0
2021-03-03,10,6978,2022-01-11,0
2021-03-04,6,6984,2022-01-11,0
2021-03-05,10,6994,2022-01-11,0
2021-03-06,5,6999,2022-01-11,0
2021-03-07,9,7008,2022-01-11,0
2021-03-08,5,7013,2022-01-11,0
2021-03-09,7,7020,2022-01-11,0
2021-03-10,5,7025,2022-01-11,0
2021-03-11,4,7029,2022-01-11,0
2021-03-12,11,7040,2022-01-11,0
2021-03-13,5,7045,2022-01-11,0
2021-03-14,5,7050,2022-01-11,0
2021-03-15,2,7052,2022-01-11,0
2021-03-16,6,7058,2022-01-11,0
2021-03-17,4,7062,2022-01-11,0
2021-03-18,5,7067,2022-01-11,0
2021-03-19,5,7072,2022-01-11,0
2021-03-20,9,7081,2022-01-11,0
2021-03-21,5,7086,2022-01-11,0
2021-03-22,4,7090,2022-01-11,0
2021-03-23,5,7095,2022-01-11,0
2021-03-24,1,7096,2022-01-11,0
2021-03-25,5,7101,2022-01-11,0
2021-03-26,3,7104,2022-01-11,0
2021-03-27,7,7111,2022-01-11,0
2021-03-28,6,7117,2022-01-11,0
2021-03-29,5,7122,2022-01-11,0
2021-03-30,6,7128,2022-01-11,0
2021-03-31,8,7136,2022-01-11,0
2021-04-01,6,7142,2022-01-11,0
2021-04-02,9,7151,2022-01-11,0
2021-04-03,8,7159,2022-01-11,0
2021-04-04,6,7165,2022-01-11,0
2021-04-05,8,7173,2022-01-11,0
2021-04-06,7,7180,2022-01-11,0
2021-04-07,6,7186,2022-01-11,0
2021-04-08,10,7196,2022-01-11,0
2021-04-09,7,7203,2022-01-11,0
2021-04-10,7,7210,2022-01-11,0
2021-04-11,8,7218,2022-01-11,0
2021-04-12,10,7228,2022-01-11,0
2021-04-13,7,7235,2022-01-11,0
2021-04-14,8,7243,2022-01-11,0
2021-04-15,14,7257,2022-01-11,0
2021-04-16,8,7265,2022-01-11,0
2021-04-17,8,7273,2022-01-11,0
2021-04-18,8,7281,2022-01-11,0
2021-04-19,10,7291,2022-01-11,0
2021-04-20,5,7296,2022-01-11,0
2021-04-21,8,7304,2022-01-11,0
2021-04-22,3,7307,2022-01-11,0
2021-04-23,15,7322,2022-01-11,0
2021-04-24,11,7333,2022-01-11,0
2021-04-25,15,7348,2022-01-11,0
2021-04-26,15,7363,2022-01-11,0
2021-04-27,7,7370,2022-01-11,0
2021-04-28,14,7384,2022-01-11,0
2021-04-29,8,7392,2022-01-11,0
2021-04-30,11,7403,2022-01-11,0
2021-05-01,7,7410,2022-01-11,0
2021-05-02,8,7418,2022-01-11,0
2021-05-03,5,7423,2022-01-11,0
2021-05-04,13,7436,2022-01-11,0
2021-05-05,8,7444,2022-01-11,0
2021-05-06,5,7449,2022-01-11,0
2021-05-07,8,7457,2022-01-11,0
2021-05-08,7,7464,2022-01-11,0
2021-05-09,9,7473,2022-01-11,0
2021-05-10,8,7481,2022-01-11,0
2021-05-11,6,7487,2022-01-11,0
2021-05-12,9,7496,2022-01-11,0
2021-05-13,9,7505,2022-01-11,0
2021-05-14,11,7516,2022-01-11,0
2021-05-15,10,7526,2022-01-11,0
2021-05-16,6,7532,2022-01-11,0
2021-05-17,6,7538,2022-01-11,0
2021-05-18,7,7545,2022-01-11,0
2021-05-19,2,7547,2022-01-11,0
2021-05-20,5,7552,2022-01-11,0
2021-05-21,7,7559,2022-01-11,0
2021-05-22,11,7570,2022-01-11,0
2021-05-23,5,7575,2022-01-11,0
2021-05-24,5,7580,2022-01-11,0
2021-05-25,6,7586,2022-01-11,0
2021-05-26,3,7589,2022-01-11,0
2021-05-27,7,7596,2022-01-11,0
2021-05-28,2,7598,2022-01-11,0
2021-05-29,6,7604,2022-01-11,0
2021-05-30,4,7608,2022-01-11,0
2021-05-31,3,7611,2022-01-11,0
2021-06-01,5,7616,2022-01-11,0
2021-06-02,8,7624,2022-01-11,0
2021-06-03,4,7628,2022-01-11,0
2021-06-04,4,7632,2022-01-11,0
2021-06-05,2,7634,2022-01-11,0
2021-06-06,5,7639,2022-01-11,0
2021-06-07,3,7642,2022-01-11,0
2021-06-08,5,7647,2022-01-11,0
2021-06-09,4,7651,2022-01-11,0
2021-06-10,6,7657,2022-01-11,0
2021-06-11,6,7663,2022-01-11,0
2021-06-12,4,7667,2022-01-11,0
2021-06-13,4,7671,2022-01-11,0
2021-06-14,3,7674,2022-01-11,0
2021-06-15,2,7676,2022-01-11,0
2021-06-16,2,7678,2022-01-11,0
2021-06-17,4,7682,2022-01-11,0
2021-06-18,1,7683,2022-01-11,0
2021-06-19,6,7689,2022-01-11,0
2021-06-20,1,7690,2022-01-11,0
2021-06-21,5,7695,2022-01-11,0
2021-06-22,3,7698,2022-01-11,0
2021-06-23,4,7702,2022-01-11,0
2021-06-24,3,7705,2022-01-11,0
2021-06-25,3,7708,2022-01-11,0
2021-06-26,4,7712,2022-01-11,0
2021-06-27,2,7714,2022-01-11,0
2021-06-28,2,7716,2022-01-11,0
2021-06-29,2,7718,2022-01-11,0
2021-06-30,2,7720,2022-01-11,0
2021-07-01,0,7720,2022-01-11,0
2021-07-02,2,7722,2022-01-11,0
2021-07-03,2,7724,2022-01-11,0
2021-07-04,3,7727,2022-01-11,0
2021-07-05,1,7728,2022-01-11,0
2021-07-06,4,7732,2022-01-11,0
2021-07-07,1,7733,2022-01-11,0
2021-07-08,1,7734,2022-01-11,0
2021-07-09,0,7734,2022-01-11,0
2021-07-10,1,7735,2022-01-11,0
2021-07-11,3,7738,2022-01-11,0
2021-07-12,1,7739,2022-01-11,0
2021-07-13,2,7741,2022-01-11,0
2021-07-14,2,7743,2022-01-11,0
2021-07-15,2,7745,2022-01-11,0
2021-07-16,1,7746,2022-01-11,0
2021-07-17,1,7747,2022-01-11,0
2021-07-18,0,7747,2022-01-11,0
2021-07-19,0,7747,2022-01-11,0
2021-07-20,2,7749,2022-01-11,0
2021-07-21,2,7751,2022-01-11,0
2021-07-22,2,7753,2022-01-11,0
2021-07-23,3,7756,2022-01-11,0
2021-07-24,0,7756,2022-01-11,0
2021-07-25,2,7758,2022-01-11,0
2021-07-26,1,7759,2022-01-11,0
2021-07-27,2,7761,2022-01-11,0
2021-07-28,3,7764,2022-01-11,0
2021-07-29,2,7766,2022-01-11,0
2021-07-30,5,7771,2022-01-11,0
2021-07-31,4,7775,2022-01-11,0
2021-08-01,1,7776,2022-01-11,0
2021-08-02,3,7779,2022-01-11,0
2021-08-03,2,7781,2022-01-11,0
2021-08-04,3,7784,2022-01-11,0
2021-08-05,2,7786,2022-01-11,0
2021-08-06,7,7793,2022-01-11,0
2021-08-07,3,7796,2022-01-11,0
2021-08-08,2,7798,2022-01-11,0
2021-08-09,3,7801,2022-01-11,0
2021-08-10,2,7803,2022-01-11,0
2021-08-11,2,7805,2022-01-11,0
2021-08-12,7,7812,2022-01-11,0
2021-08-13,5,7817,2022-01-11,0
2021-08-14,6,7823,2022-01-11,0
2021-08-15,0,7823,2022-01-11,0
2021-08-16,7,7830,2022-01-11,0
2021-08-17,7,7837,2022-01-11,0
2021-08-18,9,7846,2022-01-11,0
2021-08-19,2,7848,2022-01-11,0
2021-08-20,3,7851,2022-01-11,0
2021-08-21,5,7856,2022-01-11,0
2021-08-22,7,7863,2022-01-11,0
2021-08-23,5,7868,2022-01-11,0
2021-08-24,12,7880,2022-01-11,0
2021-08-25,7,7887,2022-01-11,0
2021-08-26,2,7889,2022-01-11,0
2021-08-27,6,7895,2022-01-11,0
2021-08-28,11,7906,2022-01-11,0
2021-08-29,11,7917,2022-01-11,0
2021-08-30,8,7925,2022-01-11,0
2021-08-31,6,7931,2022-01-11,0
2021-09-01,6,7937,2022-01-11,0
2021-09-02,6,7943,2022-01-11,0
2021-09-03,9,7952,2022-01-11,0
2021-09-04,9,7961,2022-01-11,0
2021-09-05,10,7971,2022-01-11,0
2021-09-06,8,7979,2022-01-11,0
2021-09-07,7,7986,2022-01-11,0
2021-09-08,11,7997,2022-01-11,0
2021-09-09,5,8002,2022-01-11,0
2021-09-10,9,8011,2022-01-11,0
2021-09-11,17,8028,2022-01-11,0
2021-09-12,10,8038,2022-01-11,0
2021-09-13,7,8045,2022-01-11,0
2021-09-14,11,8056,2022-01-11,0
2021-09-15,14,8070,2022-01-11,0
2021-09-16,16,8086,2022-01-11,0
2021-09-17,8,8094,2022-01-11,0
2021-09-18,13,8107,2022-01-11,0
2021-09-19,11,8118,2022-01-11,0
2021-09-20,16,8134,2022-01-11,0
2021-09-21,15,8149,2022-01-11,0
2021-09-22,17,8166,2022-01-11,0
2021-09-23,13,8179,2022-01-11,0
2021-09-24,13,8192,2022-01-11,0
2021-09-25,16,8208,2022-01-11,0
2021-09-26,15,8223,2022-01-11,0
2021-09-27,15,8238,2022-01-11,0
2021-09-28,11,8249,2022-01-11,0
2021-09-29,19,8268,2022-01-11,0
2021-09-30,17,8285,2022-01-11,0
2021-10-01,13,8298,2022-01-11,0
2021-10-02,15,8313,2022-01-11,0
2021-10-03,23,8336,2022-01-11,0
2021-10-04,15,8351,2022-01-11,0
2021-10-05,23,8374,2022-01-11,0
2021-10-06,21,8395,2022-01-11,0
2021-10-07,14,8409,2022-01-11,0
2021-10-08,22,8431,2022-01-11,0
2021-10-09,20,8451,2022-01-11,0
2021-10-10,13,8464,2022-01-11,0
2021-10-11,11,8475,2022-01-11,0
2021-10-12,25,8500,2022-01-11,0
2021-10-13,20,8520,2022-01-11,0
2021-10-14,22,8542,2022-01-11,0
2021-10-15,14,8556,2022-01-11,0
2021-10-16,20,8576,2022-01-11,0
2021-10-17,17,8593,2022-01-11,0
2021-10-18,17,8610,2022-01-11,0
2021-10-19,25,8635,2022-01-11,0
2021-10-20,15,8650,2022-01-11,0
2021-10-21,9,8659,2022-01-11,0
2021-10-22,23,8682,2022-01-11,0
2021-10-23,24,8706,2022-01-11,0
2021-10-24,24,8730,2022-01-11,0
2021-10-25,20,8750,2022-01-11,0
2021-10-26,22,8772,2022-01-11,0
2021-10-27,16,8788,2022-01-11,0
2021-10-28,24,8812,2022-01-11,0
2021-10-29,20,8832,2022-01-11,0
2021-10-30,19,8851,2022-01-11,0
2021-10-31,26,8877,2022-01-11,0
2021-11-01,18,8895,2022-01-11,0
2021-11-02,18,8913,2022-01-11,0
2021-11-03,27,8940,2022-01-11,0
2021-11-04,27,8967,2022-01-11,0
2021-11-05,29,8996,2022-01-11,0
2021-11-06,16,9012,2022-01-11,0
2021-11-07,24,9036,2022-01-11,0
2021-11-08,27,9063,2022-01-11,0
2021-11-09,16,9079,2022-01-11,0
2021-11-10,18,9097,2022-01-11,0
2021-11-11,27,9124,2022-01-11,0
2021-11-12,28,9152,2022-01-11,0
2021-11-13,31,9183,2022-01-11,0
2021-11-14,24,9207,2022-01-11,0
2021-11-15,28,9235,2022-01-11,0
2021-11-16,25,9260,2022-01-11,0
2021-11-17,37,9297,2022-01-11,0
2021-11-18,36,9333,2022-01-11,0
2021-11-19,34,9367,2022-01-11,0
2021-11-20,30,9397,2022-01-11,0
2021-11-21,32,9429,2022-01-11,0
2021-11-22,29,9458,2022-01-11,0
2021-11-23,31,9489,2022-01-11,0
2021-11-24,24,9513,2022-01-11,0
2021-11-25,35,9548,2022-01-11,0
2021-11-26,50,9598,2022-01-11,0
2021-11-27,36,9634,2022-01-11,0
2021-11-28,38,9672,2022-01-11,0
2021-11-29,28,9700,2022-01-11,0
2021-11-30,29,9729,2022-01-11,0
2021-12-01,46,9775,2022-01-11,0
2021-12-02,39,9814,2022-01-11,0
2021-12-03,31,9845,2022-01-11,0
2021-12-04,41,9886,2022-01-11,1
2021-12-05,35,9921,2022-01-11,0
2021-12-06,32,9953,2022-01-11,0
2021-12-07,33,9986,2022-01-11,0
2021-12-08,37,10023,2022-01-11,0
2021-12-09,47,10070,2022-01-11,0
2021-12-10,34,10104,2022-01-11,0
2021-12-11,26,10130,2022-01-11,0
2021-12-12,35,10165,2022-01-11,0
2021-12-13,31,10196,2022-01-11,0
2021-12-14,33,10229,2022-01-11,0
2021-12-15,39,10268,2022-01-11,0
2021-12-16,28,10296,2022-01-11,0
2021-12-17,38,10334,2022-01-11,0
2021-12-18,29,10363,2022-01-11,0
2021-12-19,30,10393,2022-01-11,0
2021-12-20,33,10426,2022-01-11,0
2021-12-21,26,10452,2022-01-11,0
2021-12-22,26,10478,2022-01-11,0
2021-12-23,25,10503,2022-01-11,0
2021-12-24,29,10532,2022-01-11,1
2021-12-25,24,10556,2022-01-11,0
2021-12-26,41,10597,2022-01-11,0
2021-12-27,29,10626,2022-01-11,0
2021-12-28,34,10660,2022-01-11,0
2021-12-29,24,10684,2022-01-11,0
2021-12-30,16,10700,2022-01-11,2
2021-12-31,33,10733,2022-01-11,0
2022-01-01,21,10754,2022-01-11,0
2022-01-02,19,10773,2022-01-11,0
2022-01-03,17,10790,2022-01-11,0
2022-01-04,19,10809,2022-01-11,4
2022-01-05,17,10826,2022-01-11,9
2022-01-06,11,10837,2022-01-11,10
2022-01-07,1,10838,2022-01-11,1
NA,0,10838,2022-01-11,0
2020-03-19,1,1,2022-01-12,0
2020-03-20,0,1,2022-01-12,0
2020-03-21,0,1,2022-01-12,0
2020-03-22,0,1,2022-01-12,0
2020-03-23,0,1,2022-01-12,0
2020-03-24,1,2,2022-01-12,0
2020-03-25,1,3,2022-01-12,0
2020-03-26,1,4,2022-01-12,0
2020-03-27,5,9,2022-01-12,0
2020-03-28,3,12,2022-01-12,0
2020-03-29,0,12,2022-01-12,0
2020-03-30,5,17,2022-01-12,0
2020-03-31,2,19,2022-01-12,0
2020-04-01,5,24,2022-01-12,0
2020-04-02,3,27,2022-01-12,0
2020-04-03,1,28,2022-01-12,0
2020-04-04,5,33,2022-01-12,0
2020-04-05,5,38,2022-01-12,0
2020-04-06,10,48,2022-01-12,0
2020-04-07,6,54,2022-01-12,0
2020-04-08,7,61,2022-01-12,0
2020-04-09,8,69,2022-01-12,0
2020-04-10,6,75,2022-01-12,0
2020-04-11,4,79,2022-01-12,0
2020-04-12,4,83,2022-01-12,0
2020-04-13,10,93,2022-01-12,0
2020-04-14,6,99,2022-01-12,0
2020-04-15,17,116,2022-01-12,0
2020-04-16,10,126,2022-01-12,0
2020-04-17,17,143,2022-01-12,0
2020-04-18,17,160,2022-01-12,0
2020-04-19,16,176,2022-01-12,0
2020-04-20,21,197,2022-01-12,0
2020-04-21,26,223,2022-01-12,0
2020-04-22,21,244,2022-01-12,0
2020-04-23,19,263,2022-01-12,0
2020-04-24,23,286,2022-01-12,0
2020-04-25,18,304,2022-01-12,0
2020-04-26,17,321,2022-01-12,0
2020-04-27,21,342,2022-01-12,0
2020-04-28,16,358,2022-01-12,0
2020-04-29,29,387,2022-01-12,0
2020-04-30,18,405,2022-01-12,0
2020-05-01,30,435,2022-01-12,0
2020-05-02,19,454,2022-01-12,0
2020-05-03,29,483,2022-01-12,0
2020-05-04,23,506,2022-01-12,0
2020-05-05,19,525,2022-01-12,0
2020-05-06,25,550,2022-01-12,0
2020-05-07,30,580,2022-01-12,0
2020-05-08,20,600,2022-01-12,0
2020-05-09,26,626,2022-01-12,0
2020-05-10,19,645,2022-01-12,0
2020-05-11,25,670,2022-01-12,0
2020-05-12,20,690,2022-01-12,0
2020-05-13,22,712,2022-01-12,0
2020-05-14,20,732,2022-01-12,0
2020-05-15,20,752,2022-01-12,0
2020-05-16,20,772,2022-01-12,0
2020-05-17,23,795,2022-01-12,0
2020-05-18,18,813,2022-01-12,0
2020-05-19,35,848,2022-01-12,0
2020-05-20,24,872,2022-01-12,0
2020-05-21,17,889,2022-01-12,0
2020-05-22,20,909,2022-01-12,0
2020-05-23,26,935,2022-01-12,0
2020-05-24,25,960,2022-01-12,0
2020-05-25,30,990,2022-01-12,0
2020-05-26,29,1019,2022-01-12,0
2020-05-27,25,1044,2022-01-12,0
2020-05-28,21,1065,2022-01-12,0
2020-05-29,17,1082,2022-01-12,0
2020-05-30,11,1093,2022-01-12,0
2020-05-31,20,1113,2022-01-12,0
2020-06-01,23,1136,2022-01-12,0
2020-06-02,21,1157,2022-01-12,0
2020-06-03,25,1182,2022-01-12,0
2020-06-04,26,1208,2022-01-12,0
2020-06-05,18,1226,2022-01-12,0
2020-06-06,12,1238,2022-01-12,0
2020-06-07,22,1260,2022-01-12,0
2020-06-08,12,1272,2022-01-12,0
2020-06-09,13,1285,2022-01-12,0
2020-06-10,10,1295,2022-01-12,0
2020-06-11,12,1307,2022-01-12,0
2020-06-12,11,1318,2022-01-12,0
2020-06-13,13,1331,2022-01-12,0
2020-06-14,11,1342,2022-01-12,0
2020-06-15,8,1350,2022-01-12,0
2020-06-16,9,1359,2022-01-12,0
2020-06-17,17,1376,2022-01-12,0
2020-06-18,9,1385,2022-01-12,0
2020-06-19,8,1393,2022-01-12,0
2020-06-20,12,1405,2022-01-12,0
2020-06-21,11,1416,2022-01-12,0
2020-06-22,6,1422,2022-01-12,0
2020-06-23,10,1432,2022-01-12,0
2020-06-24,1,1433,2022-01-12,0
2020-06-25,9,1442,2022-01-12,0
2020-06-26,6,1448,2022-01-12,0
2020-06-27,5,1453,2022-01-12,0
2020-06-28,11,1464,2022-01-12,0
2020-06-29,7,1471,2022-01-12,0
2020-06-30,9,1480,2022-01-12,0
2020-07-01,2,1482,2022-01-12,0
2020-07-02,3,1485,2022-01-12,0
2020-07-03,5,1490,2022-01-12,0
2020-07-04,4,1494,2022-01-12,0
2020-07-05,6,1500,2022-01-12,0
2020-07-06,4,1504,2022-01-12,0
2020-07-07,2,1506,2022-01-12,0
2020-07-08,9,1515,2022-01-12,0
2020-07-09,4,1519,2022-01-12,0
2020-07-10,3,1522,2022-01-12,0
2020-07-11,4,1526,2022-01-12,0
2020-07-12,6,1532,2022-01-12,0
2020-07-13,2,1534,2022-01-12,0
2020-07-14,6,1540,2022-01-12,0
2020-07-15,7,1547,2022-01-12,0
2020-07-16,3,1550,2022-01-12,0
2020-07-17,7,1557,2022-01-12,0
2020-07-18,6,1563,2022-01-12,0
2020-07-19,5,1568,2022-01-12,0
2020-07-20,3,1571,2022-01-12,0
2020-07-21,6,1577,2022-01-12,0
2020-07-22,5,1582,2022-01-12,0
2020-07-23,8,1590,2022-01-12,0
2020-07-24,6,1596,2022-01-12,0
2020-07-25,2,1598,2022-01-12,0
2020-07-26,5,1603,2022-01-12,0
2020-07-27,5,1608,2022-01-12,0
2020-07-28,7,1615,2022-01-12,0
2020-07-29,3,1618,2022-01-12,0
2020-07-30,6,1624,2022-01-12,0
2020-07-31,9,1633,2022-01-12,0
2020-08-01,4,1637,2022-01-12,0
2020-08-02,7,1644,2022-01-12,0
2020-08-03,4,1648,2022-01-12,0
2020-08-04,7,1655,2022-01-12,0
2020-08-05,8,1663,2022-01-12,0
2020-08-06,9,1672,2022-01-12,0
2020-08-07,7,1679,2022-01-12,0
2020-08-08,6,1685,2022-01-12,0
2020-08-09,10,1695,2022-01-12,0
2020-08-10,3,1698,2022-01-12,0
2020-08-11,9,1707,2022-01-12,0
2020-08-12,7,1714,2022-01-12,0
2020-08-13,5,1719,2022-01-12,0
2020-08-14,9,1728,2022-01-12,0
2020-08-15,13,1741,2022-01-12,0
2020-08-16,13,1754,2022-01-12,0
2020-08-17,6,1760,2022-01-12,0
2020-08-18,11,1771,2022-01-12,0
2020-08-19,3,1774,2022-01-12,0
2020-08-20,10,1784,2022-01-12,0
2020-08-21,12,1796,2022-01-12,0
2020-08-22,9,1805,2022-01-12,0
2020-08-23,7,1812,2022-01-12,0
2020-08-24,9,1821,2022-01-12,0
2020-08-25,4,1825,2022-01-12,0
2020-08-26,3,1828,2022-01-12,0
2020-08-27,7,1835,2022-01-12,0
2020-08-28,6,1841,2022-01-12,0
2020-08-29,3,1844,2022-01-12,0
2020-08-30,5,1849,2022-01-12,0
2020-08-31,9,1858,2022-01-12,0
2020-09-01,2,1860,2022-01-12,0
2020-09-02,7,1867,2022-01-12,0
2020-09-03,12,1879,2022-01-12,0
2020-09-04,4,1883,2022-01-12,0
2020-09-05,6,1889,2022-01-12,0
2020-09-06,12,1901,2022-01-12,0
2020-09-07,3,1904,2022-01-12,0
2020-09-08,6,1910,2022-01-12,0
2020-09-09,10,1920,2022-01-12,0
2020-09-10,9,1929,2022-01-12,0
2020-09-11,11,1940,2022-01-12,0
2020-09-12,8,1948,2022-01-12,0
2020-09-13,8,1956,2022-01-12,0
2020-09-14,2,1958,2022-01-12,0
2020-09-15,7,1965,2022-01-12,0
2020-09-16,9,1974,2022-01-12,0
2020-09-17,5,1979,2022-01-12,0
2020-09-18,6,1985,2022-01-12,0
2020-09-19,4,1989,2022-01-12,0
2020-09-20,9,1998,2022-01-12,0
2020-09-21,7,2005,2022-01-12,0
2020-09-22,8,2013,2022-01-12,0
2020-09-23,9,2022,2022-01-12,0
2020-09-24,8,2030,2022-01-12,0
2020-09-25,11,2041,2022-01-12,0
2020-09-26,9,2050,2022-01-12,0
2020-09-27,14,2064,2022-01-12,0
2020-09-28,11,2075,2022-01-12,0
2020-09-29,5,2080,2022-01-12,0
2020-09-30,16,2096,2022-01-12,0
2020-10-01,7,2103,2022-01-12,0
2020-10-02,13,2116,2022-01-12,0
2020-10-03,9,2125,2022-01-12,0
2020-10-04,7,2132,2022-01-12,0
2020-10-05,10,2142,2022-01-12,0
2020-10-06,13,2155,2022-01-12,0
2020-10-07,19,2174,2022-01-12,0
2020-10-08,9,2183,2022-01-12,0
2020-10-09,17,2200,2022-01-12,0
2020-10-10,16,2216,2022-01-12,0
2020-10-11,16,2232,2022-01-12,0
2020-10-12,20,2252,2022-01-12,0
2020-10-13,14,2266,2022-01-12,0
2020-10-14,10,2276,2022-01-12,0
2020-10-15,9,2285,2022-01-12,0
2020-10-16,12,2297,2022-01-12,0
2020-10-17,18,2315,2022-01-12,0
2020-10-18,25,2340,2022-01-12,0
2020-10-19,18,2358,2022-01-12,0
2020-10-20,15,2373,2022-01-12,0
2020-10-21,24,2397,2022-01-12,0
2020-10-22,18,2415,2022-01-12,0
2020-10-23,19,2434,2022-01-12,0
2020-10-24,8,2442,2022-01-12,0
2020-10-25,17,2459,2022-01-12,0
2020-10-26,25,2484,2022-01-12,0
2020-10-27,23,2507,2022-01-12,0
2020-10-28,29,2536,2022-01-12,0
2020-10-29,18,2554,2022-01-12,0
2020-10-30,27,2581,2022-01-12,0
2020-10-31,25,2606,2022-01-12,0
2020-11-01,21,2627,2022-01-12,0
2020-11-02,25,2652,2022-01-12,0
2020-11-03,25,2677,2022-01-12,0
2020-11-04,33,2710,2022-01-12,0
2020-11-05,38,2748,2022-01-12,0
2020-11-06,39,2787,2022-01-12,0
2020-11-07,42,2829,2022-01-12,0
2020-11-08,47,2876,2022-01-12,0
2020-11-09,37,2913,2022-01-12,0
2020-11-10,35,2948,2022-01-12,0
2020-11-11,43,2991,2022-01-12,0
2020-11-12,45,3036,2022-01-12,0
2020-11-13,40,3076,2022-01-12,0
2020-11-14,48,3124,2022-01-12,0
2020-11-15,46,3170,2022-01-12,0
2020-11-16,62,3232,2022-01-12,0
2020-11-17,56,3288,2022-01-12,0
2020-11-18,61,3349,2022-01-12,0
2020-11-19,60,3409,2022-01-12,0
2020-11-20,63,3472,2022-01-12,0
2020-11-21,58,3530,2022-01-12,0
2020-11-22,67,3597,2022-01-12,0
2020-11-23,59,3656,2022-01-12,0
2020-11-24,69,3725,2022-01-12,0
2020-11-25,72,3797,2022-01-12,0
2020-11-26,54,3851,2022-01-12,0
2020-11-27,69,3920,2022-01-12,0
2020-11-28,62,3982,2022-01-12,0
2020-11-29,68,4050,2022-01-12,0
2020-11-30,61,4111,2022-01-12,0
2020-12-01,64,4175,2022-01-12,0
2020-12-02,73,4248,2022-01-12,0
2020-12-03,86,4334,2022-01-12,0
2020-12-04,67,4401,2022-01-12,0
2020-12-05,74,4475,2022-01-12,0
2020-12-06,80,4555,2022-01-12,0
2020-12-07,75,4630,2022-01-12,0
2020-12-08,61,4691,2022-01-12,0
2020-12-09,71,4762,2022-01-12,0
2020-12-10,72,4834,2022-01-12,0
2020-12-11,71,4905,2022-01-12,0
2020-12-12,72,4977,2022-01-12,0
2020-12-13,56,5033,2022-01-12,0
2020-12-14,43,5076,2022-01-12,0
2020-12-15,65,5141,2022-01-12,0
2020-12-16,73,5214,2022-01-12,0
2020-12-17,60,5274,2022-01-12,0
2020-12-18,59,5333,2022-01-12,0
2020-12-19,56,5389,2022-01-12,0
2020-12-20,61,5450,2022-01-12,0
2020-12-21,58,5508,2022-01-12,0
2020-12-22,33,5541,2022-01-12,0
2020-12-23,46,5587,2022-01-12,0
2020-12-24,50,5637,2022-01-12,0
2020-12-25,36,5673,2022-01-12,0
2020-12-26,43,5716,2022-01-12,0
2020-12-27,41,5757,2022-01-12,0
2020-12-28,34,5791,2022-01-12,0
2020-12-29,37,5828,2022-01-12,0
2020-12-30,47,5875,2022-01-12,0
2020-12-31,36,5911,2022-01-12,0
2021-01-01,28,5939,2022-01-12,0
2021-01-02,49,5988,2022-01-12,0
2021-01-03,37,6025,2022-01-12,0
2021-01-04,32,6057,2022-01-12,0
2021-01-05,40,6097,2022-01-12,0
2021-01-06,32,6129,2022-01-12,0
2021-01-07,38,6167,2022-01-12,1
2021-01-08,32,6199,2022-01-12,0
2021-01-09,26,6225,2022-01-12,0
2021-01-10,29,6254,2022-01-12,0
2021-01-11,26,6280,2022-01-12,0
2021-01-12,32,6312,2022-01-12,0
2021-01-13,23,6335,2022-01-12,0
2021-01-14,41,6376,2022-01-12,0
2021-01-15,26,6402,2022-01-12,0
2021-01-16,30,6432,2022-01-12,0
2021-01-17,21,6453,2022-01-12,0
2021-01-18,19,6472,2022-01-12,0
2021-01-19,14,6486,2022-01-12,0
2021-01-20,26,6512,2022-01-12,0
2021-01-21,16,6528,2022-01-12,0
2021-01-22,13,6541,2022-01-12,0
2021-01-23,17,6558,2022-01-12,0
2021-01-24,24,6582,2022-01-12,0
2021-01-25,19,6601,2022-01-12,0
2021-01-26,21,6622,2022-01-12,0
2021-01-27,11,6633,2022-01-12,0
2021-01-28,12,6645,2022-01-12,0
2021-01-29,15,6660,2022-01-12,0
2021-01-30,13,6673,2022-01-12,0
2021-01-31,16,6689,2022-01-12,0
2021-02-01,17,6706,2022-01-12,0
2021-02-02,10,6716,2022-01-12,0
2021-02-03,11,6727,2022-01-12,0
2021-02-04,11,6738,2022-01-12,0
2021-02-05,12,6750,2022-01-12,0
2021-02-06,12,6762,2022-01-12,0
2021-02-07,19,6781,2022-01-12,0
2021-02-08,11,6792,2022-01-12,0
2021-02-09,15,6807,2022-01-12,0
2021-02-10,14,6821,2022-01-12,0
2021-02-11,7,6828,2022-01-12,0
2021-02-12,13,6841,2022-01-12,0
2021-02-13,8,6849,2022-01-12,0
2021-02-14,10,6859,2022-01-12,0
2021-02-15,9,6868,2022-01-12,0
2021-02-16,12,6880,2022-01-12,0
2021-02-17,10,6890,2022-01-12,0
2021-02-18,7,6897,2022-01-12,0
2021-02-19,6,6903,2022-01-12,0
2021-02-20,7,6910,2022-01-12,0
2021-02-21,4,6914,2022-01-12,0
2021-02-22,5,6919,2022-01-12,0
2021-02-23,9,6928,2022-01-12,0
2021-02-24,5,6933,2022-01-12,0
2021-02-25,5,6938,2022-01-12,0
2021-02-26,7,6945,2022-01-12,0
2021-02-27,6,6951,2022-01-12,0
2021-02-28,8,6959,2022-01-12,0
2021-03-01,7,6966,2022-01-12,0
2021-03-02,3,6969,2022-01-12,0
2021-03-03,10,6979,2022-01-12,0
2021-03-04,6,6985,2022-01-12,0
2021-03-05,10,6995,2022-01-12,0
2021-03-06,5,7000,2022-01-12,0
2021-03-07,9,7009,2022-01-12,0
2021-03-08,5,7014,2022-01-12,0
2021-03-09,7,7021,2022-01-12,0
2021-03-10,5,7026,2022-01-12,0
2021-03-11,4,7030,2022-01-12,0
2021-03-12,11,7041,2022-01-12,0
2021-03-13,5,7046,2022-01-12,0
2021-03-14,5,7051,2022-01-12,0
2021-03-15,2,7053,2022-01-12,0
2021-03-16,6,7059,2022-01-12,0
2021-03-17,4,7063,2022-01-12,0
2021-03-18,5,7068,2022-01-12,0
2021-03-19,5,7073,2022-01-12,0
2021-03-20,9,7082,2022-01-12,0
2021-03-21,5,7087,2022-01-12,0
2021-03-22,4,7091,2022-01-12,0
2021-03-23,5,7096,2022-01-12,0
2021-03-24,1,7097,2022-01-12,0
2021-03-25,5,7102,2022-01-12,0
2021-03-26,3,7105,2022-01-12,0
2021-03-27,7,7112,2022-01-12,0
2021-03-28,6,7118,2022-01-12,0
2021-03-29,5,7123,2022-01-12,0
2021-03-30,6,7129,2022-01-12,0
2021-03-31,8,7137,2022-01-12,0
2021-04-01,6,7143,2022-01-12,0
2021-04-02,9,7152,2022-01-12,0
2021-04-03,8,7160,2022-01-12,0
2021-04-04,6,7166,2022-01-12,0
2021-04-05,8,7174,2022-01-12,0
2021-04-06,7,7181,2022-01-12,0
2021-04-07,6,7187,2022-01-12,0
2021-04-08,10,7197,2022-01-12,0
2021-04-09,7,7204,2022-01-12,0
2021-04-10,7,7211,2022-01-12,0
2021-04-11,8,7219,2022-01-12,0
2021-04-12,10,7229,2022-01-12,0
2021-04-13,7,7236,2022-01-12,0
2021-04-14,8,7244,2022-01-12,0
2021-04-15,14,7258,2022-01-12,0
2021-04-16,8,7266,2022-01-12,0
2021-04-17,8,7274,2022-01-12,0
2021-04-18,8,7282,2022-01-12,0
2021-04-19,10,7292,2022-01-12,0
2021-04-20,5,7297,2022-01-12,0
2021-04-21,8,7305,2022-01-12,0
2021-04-22,3,7308,2022-01-12,0
2021-04-23,15,7323,2022-01-12,0
2021-04-24,11,7334,2022-01-12,0
2021-04-25,15,7349,2022-01-12,0
2021-04-26,15,7364,2022-01-12,0
2021-04-27,7,7371,2022-01-12,0
2021-04-28,14,7385,2022-01-12,0
2021-04-29,8,7393,2022-01-12,0
2021-04-30,11,7404,2022-01-12,0
2021-05-01,7,7411,2022-01-12,0
2021-05-02,8,7419,2022-01-12,0
2021-05-03,5,7424,2022-01-12,0
2021-05-04,13,7437,2022-01-12,0
2021-05-05,8,7445,2022-01-12,0
2021-05-06,5,7450,2022-01-12,0
2021-05-07,8,7458,2022-01-12,0
2021-05-08,7,7465,2022-01-12,0
2021-05-09,9,7474,2022-01-12,0
2021-05-10,8,7482,2022-01-12,0
2021-05-11,6,7488,2022-01-12,0
2021-05-12,9,7497,2022-01-12,0
2021-05-13,9,7506,2022-01-12,0
2021-05-14,11,7517,2022-01-12,0
2021-05-15,10,7527,2022-01-12,0
2021-05-16,6,7533,2022-01-12,0
2021-05-17,6,7539,2022-01-12,0
2021-05-18,7,7546,2022-01-12,0
2021-05-19,2,7548,2022-01-12,0
2021-05-20,5,7553,2022-01-12,0
2021-05-21,7,7560,2022-01-12,0
2021-05-22,11,7571,2022-01-12,0
2021-05-23,5,7576,2022-01-12,0
2021-05-24,5,7581,2022-01-12,0
2021-05-25,6,7587,2022-01-12,0
2021-05-26,3,7590,2022-01-12,0
2021-05-27,7,7597,2022-01-12,0
2021-05-28,2,7599,2022-01-12,0
2021-05-29,6,7605,2022-01-12,0
2021-05-30,4,7609,2022-01-12,0
2021-05-31,3,7612,2022-01-12,0
2021-06-01,5,7617,2022-01-12,0
2021-06-02,8,7625,2022-01-12,0
2021-06-03,4,7629,2022-01-12,0
2021-06-04,4,7633,2022-01-12,0
2021-06-05,2,7635,2022-01-12,0
2021-06-06,5,7640,2022-01-12,0
2021-06-07,3,7643,2022-01-12,0
2021-06-08,5,7648,2022-01-12,0
2021-06-09,4,7652,2022-01-12,0
2021-06-10,6,7658,2022-01-12,0
2021-06-11,6,7664,2022-01-12,0
2021-06-12,4,7668,2022-01-12,0
2021-06-13,4,7672,2022-01-12,0
2021-06-14,3,7675,2022-01-12,0
2021-06-15,2,7677,2022-01-12,0
2021-06-16,2,7679,2022-01-12,0
2021-06-17,4,7683,2022-01-12,0
2021-06-18,1,7684,2022-01-12,0
2021-06-19,6,7690,2022-01-12,0
2021-06-20,1,7691,2022-01-12,0
2021-06-21,5,7696,2022-01-12,0
2021-06-22,3,7699,2022-01-12,0
2021-06-23,4,7703,2022-01-12,0
2021-06-24,3,7706,2022-01-12,0
2021-06-25,3,7709,2022-01-12,0
2021-06-26,4,7713,2022-01-12,0
2021-06-27,2,7715,2022-01-12,0
2021-06-28,2,7717,2022-01-12,0
2021-06-29,2,7719,2022-01-12,0
2021-06-30,2,7721,2022-01-12,0
2021-07-01,0,7721,2022-01-12,0
2021-07-02,2,7723,2022-01-12,0
2021-07-03,2,7725,2022-01-12,0
2021-07-04,3,7728,2022-01-12,0
2021-07-05,1,7729,2022-01-12,0
2021-07-06,4,7733,2022-01-12,0
2021-07-07,1,7734,2022-01-12,0
2021-07-08,1,7735,2022-01-12,0
2021-07-09,0,7735,2022-01-12,0
2021-07-10,1,7736,2022-01-12,0
2021-07-11,3,7739,2022-01-12,0
2021-07-12,1,7740,2022-01-12,0
2021-07-13,2,7742,2022-01-12,0
2021-07-14,2,7744,2022-01-12,0
2021-07-15,2,7746,2022-01-12,0
2021-07-16,1,7747,2022-01-12,0
2021-07-17,1,7748,2022-01-12,0
2021-07-18,0,7748,2022-01-12,0
2021-07-19,0,7748,2022-01-12,0
2021-07-20,2,7750,2022-01-12,0
2021-07-21,2,7752,2022-01-12,0
2021-07-22,2,7754,2022-01-12,0
2021-07-23,3,7757,2022-01-12,0
2021-07-24,0,7757,2022-01-12,0
2021-07-25,2,7759,2022-01-12,0
2021-07-26,1,7760,2022-01-12,0
2021-07-27,2,7762,2022-01-12,0
2021-07-28,3,7765,2022-01-12,0
2021-07-29,2,7767,2022-01-12,0
2021-07-30,5,7772,2022-01-12,0
2021-07-31,4,7776,2022-01-12,0
2021-08-01,1,7777,2022-01-12,0
2021-08-02,3,7780,2022-01-12,0
2021-08-03,2,7782,2022-01-12,0
2021-08-04,3,7785,2022-01-12,0
2021-08-05,2,7787,2022-01-12,0
2021-08-06,7,7794,2022-01-12,0
2021-08-07,3,7797,2022-01-12,0
2021-08-08,2,7799,2022-01-12,0
2021-08-09,3,7802,2022-01-12,0
2021-08-10,2,7804,2022-01-12,0
2021-08-11,2,7806,2022-01-12,0
2021-08-12,7,7813,2022-01-12,0
2021-08-13,5,7818,2022-01-12,0
2021-08-14,6,7824,2022-01-12,0
2021-08-15,0,7824,2022-01-12,0
2021-08-16,7,7831,2022-01-12,0
2021-08-17,7,7838,2022-01-12,0
2021-08-18,9,7847,2022-01-12,0
2021-08-19,2,7849,2022-01-12,0
2021-08-20,3,7852,2022-01-12,0
2021-08-21,5,7857,2022-01-12,0
2021-08-22,7,7864,2022-01-12,0
2021-08-23,5,7869,2022-01-12,0
2021-08-24,12,7881,2022-01-12,0
2021-08-25,7,7888,2022-01-12,0
2021-08-26,2,7890,2022-01-12,0
2021-08-27,6,7896,2022-01-12,0
2021-08-28,11,7907,2022-01-12,0
2021-08-29,11,7918,2022-01-12,0
2021-08-30,8,7926,2022-01-12,0
2021-08-31,6,7932,2022-01-12,0
2021-09-01,6,7938,2022-01-12,0
2021-09-02,6,7944,2022-01-12,0
2021-09-03,9,7953,2022-01-12,0
2021-09-04,9,7962,2022-01-12,0
2021-09-05,10,7972,2022-01-12,0
2021-09-06,8,7980,2022-01-12,0
2021-09-07,7,7987,2022-01-12,0
2021-09-08,11,7998,2022-01-12,0
2021-09-09,5,8003,2022-01-12,0
2021-09-10,9,8012,2022-01-12,0
2021-09-11,17,8029,2022-01-12,0
2021-09-12,10,8039,2022-01-12,0
2021-09-13,7,8046,2022-01-12,0
2021-09-14,11,8057,2022-01-12,0
2021-09-15,14,8071,2022-01-12,0
2021-09-16,16,8087,2022-01-12,0
2021-09-17,8,8095,2022-01-12,0
2021-09-18,13,8108,2022-01-12,0
2021-09-19,11,8119,2022-01-12,0
2021-09-20,16,8135,2022-01-12,0
2021-09-21,15,8150,2022-01-12,0
2021-09-22,17,8167,2022-01-12,0
2021-09-23,13,8180,2022-01-12,0
2021-09-24,13,8193,2022-01-12,0
2021-09-25,16,8209,2022-01-12,0
2021-09-26,15,8224,2022-01-12,0
2021-09-27,15,8239,2022-01-12,0
2021-09-28,11,8250,2022-01-12,0
2021-09-29,19,8269,2022-01-12,0
2021-09-30,17,8286,2022-01-12,0
2021-10-01,13,8299,2022-01-12,0
2021-10-02,15,8314,2022-01-12,0
2021-10-03,23,8337,2022-01-12,0
2021-10-04,15,8352,2022-01-12,0
2021-10-05,23,8375,2022-01-12,0
2021-10-06,21,8396,2022-01-12,0
2021-10-07,14,8410,2022-01-12,0
2021-10-08,22,8432,2022-01-12,0
2021-10-09,20,8452,2022-01-12,0
2021-10-10,13,8465,2022-01-12,0
2021-10-11,11,8476,2022-01-12,0
2021-10-12,25,8501,2022-01-12,0
2021-10-13,21,8522,2022-01-12,1
2021-10-14,22,8544,2022-01-12,0
2021-10-15,14,8558,2022-01-12,0
2021-10-16,20,8578,2022-01-12,0
2021-10-17,17,8595,2022-01-12,0
2021-10-18,17,8612,2022-01-12,0
2021-10-19,25,8637,2022-01-12,0
2021-10-20,15,8652,2022-01-12,0
2021-10-21,9,8661,2022-01-12,0
2021-10-22,23,8684,2022-01-12,0
2021-10-23,24,8708,2022-01-12,0
2021-10-24,24,8732,2022-01-12,0
2021-10-25,20,8752,2022-01-12,0
2021-10-26,22,8774,2022-01-12,0
2021-10-27,16,8790,2022-01-12,0
2021-10-28,24,8814,2022-01-12,0
2021-10-29,20,8834,2022-01-12,0
2021-10-30,19,8853,2022-01-12,0
2021-10-31,26,8879,2022-01-12,0
2021-11-01,18,8897,2022-01-12,0
2021-11-02,18,8915,2022-01-12,0
2021-11-03,27,8942,2022-01-12,0
2021-11-04,27,8969,2022-01-12,0
2021-11-05,29,8998,2022-01-12,0
2021-11-06,16,9014,2022-01-12,0
2021-11-07,24,9038,2022-01-12,0
2021-11-08,27,9065,2022-01-12,0
2021-11-09,16,9081,2022-01-12,0
2021-11-10,18,9099,2022-01-12,0
2021-11-11,27,9126,2022-01-12,0
2021-11-12,28,9154,2022-01-12,0
2021-11-13,31,9185,2022-01-12,0
2021-11-14,24,9209,2022-01-12,0
2021-11-15,28,9237,2022-01-12,0
2021-11-16,25,9262,2022-01-12,0
2021-11-17,37,9299,2022-01-12,0
2021-11-18,36,9335,2022-01-12,0
2021-11-19,34,9369,2022-01-12,0
2021-11-20,30,9399,2022-01-12,0
2021-11-21,32,9431,2022-01-12,0
2021-11-22,29,9460,2022-01-12,0
2021-11-23,31,9491,2022-01-12,0
2021-11-24,24,9515,2022-01-12,0
2021-11-25,35,9550,2022-01-12,0
2021-11-26,50,9600,2022-01-12,0
2021-11-27,36,9636,2022-01-12,0
2021-11-28,38,9674,2022-01-12,0
2021-11-29,28,9702,2022-01-12,0
2021-11-30,29,9731,2022-01-12,0
2021-12-01,46,9777,2022-01-12,0
2021-12-02,39,9816,2022-01-12,0
2021-12-03,31,9847,2022-01-12,0
2021-12-04,41,9888,2022-01-12,0
2021-12-05,35,9923,2022-01-12,0
2021-12-06,32,9955,2022-01-12,0
2021-12-07,33,9988,2022-01-12,0
2021-12-08,37,10025,2022-01-12,0
2021-12-09,47,10072,2022-01-12,0
2021-12-10,34,10106,2022-01-12,0
2021-12-11,26,10132,2022-01-12,0
2021-12-12,35,10167,2022-01-12,0
2021-12-13,31,10198,2022-01-12,0
2021-12-14,33,10231,2022-01-12,0
2021-12-15,39,10270,2022-01-12,0
2021-12-16,28,10298,2022-01-12,0
2021-12-17,39,10337,2022-01-12,1
2021-12-18,30,10367,2022-01-12,1
2021-12-19,30,10397,2022-01-12,0
2021-12-20,33,10430,2022-01-12,0
2021-12-21,26,10456,2022-01-12,0
2021-12-22,27,10483,2022-01-12,1
2021-12-23,25,10508,2022-01-12,0
2021-12-24,29,10537,2022-01-12,0
2021-12-25,25,10562,2022-01-12,1
2021-12-26,41,10603,2022-01-12,0
2021-12-27,29,10632,2022-01-12,0
2021-12-28,34,10666,2022-01-12,0
2021-12-29,26,10692,2022-01-12,2
2021-12-30,17,10709,2022-01-12,1
2021-12-31,35,10744,2022-01-12,2
2022-01-01,24,10768,2022-01-12,3
2022-01-02,19,10787,2022-01-12,0
2022-01-03,17,10804,2022-01-12,0
2022-01-04,20,10824,2022-01-12,1
2022-01-05,23,10847,2022-01-12,6
2022-01-06,16,10863,2022-01-12,5
2022-01-07,12,10875,2022-01-12,11
2022-01-08,8,10883,2022-01-12,8
2022-01-09,4,10887,2022-01-12,4
NA,0,10887,2022-01-12,0
2020-03-19,1,1,2022-01-13,0
2020-03-20,0,1,2022-01-13,0
2020-03-21,0,1,2022-01-13,0
2020-03-22,0,1,2022-01-13,0
2020-03-23,0,1,2022-01-13,0
2020-03-24,1,2,2022-01-13,0
2020-03-25,1,3,2022-01-13,0
2020-03-26,1,4,2022-01-13,0
2020-03-27,5,9,2022-01-13,0
2020-03-28,3,12,2022-01-13,0
2020-03-29,0,12,2022-01-13,0
2020-03-30,5,17,2022-01-13,0
2020-03-31,2,19,2022-01-13,0
2020-04-01,5,24,2022-01-13,0
2020-04-02,3,27,2022-01-13,0
2020-04-03,1,28,2022-01-13,0
2020-04-04,5,33,2022-01-13,0
2020-04-05,5,38,2022-01-13,0
2020-04-06,10,48,2022-01-13,0
2020-04-07,6,54,2022-01-13,0
2020-04-08,7,61,2022-01-13,0
2020-04-09,8,69,2022-01-13,0
2020-04-10,6,75,2022-01-13,0
2020-04-11,4,79,2022-01-13,0
2020-04-12,4,83,2022-01-13,0
2020-04-13,10,93,2022-01-13,0
2020-04-14,6,99,2022-01-13,0
2020-04-15,17,116,2022-01-13,0
2020-04-16,10,126,2022-01-13,0
2020-04-17,17,143,2022-01-13,0
2020-04-18,17,160,2022-01-13,0
2020-04-19,16,176,2022-01-13,0
2020-04-20,21,197,2022-01-13,0
2020-04-21,26,223,2022-01-13,0
2020-04-22,21,244,2022-01-13,0
2020-04-23,19,263,2022-01-13,0
2020-04-24,23,286,2022-01-13,0
2020-04-25,18,304,2022-01-13,0
2020-04-26,17,321,2022-01-13,0
2020-04-27,21,342,2022-01-13,0
2020-04-28,16,358,2022-01-13,0
2020-04-29,29,387,2022-01-13,0
2020-04-30,18,405,2022-01-13,0
2020-05-01,30,435,2022-01-13,0
2020-05-02,19,454,2022-01-13,0
2020-05-03,29,483,2022-01-13,0
2020-05-04,23,506,2022-01-13,0
2020-05-05,19,525,2022-01-13,0
2020-05-06,25,550,2022-01-13,0
2020-05-07,30,580,2022-01-13,0
2020-05-08,20,600,2022-01-13,0
2020-05-09,26,626,2022-01-13,0
2020-05-10,19,645,2022-01-13,0
2020-05-11,25,670,2022-01-13,0
2020-05-12,20,690,2022-01-13,0
2020-05-13,22,712,2022-01-13,0
2020-05-14,20,732,2022-01-13,0
2020-05-15,20,752,2022-01-13,0
2020-05-16,20,772,2022-01-13,0
2020-05-17,23,795,2022-01-13,0
2020-05-18,18,813,2022-01-13,0
2020-05-19,35,848,2022-01-13,0
2020-05-20,24,872,2022-01-13,0
2020-05-21,17,889,2022-01-13,0
2020-05-22,20,909,2022-01-13,0
2020-05-23,26,935,2022-01-13,0
2020-05-24,25,960,2022-01-13,0
2020-05-25,30,990,2022-01-13,0
2020-05-26,29,1019,2022-01-13,0
2020-05-27,25,1044,2022-01-13,0
2020-05-28,21,1065,2022-01-13,0
2020-05-29,17,1082,2022-01-13,0
2020-05-30,11,1093,2022-01-13,0
2020-05-31,20,1113,2022-01-13,0
2020-06-01,23,1136,2022-01-13,0
2020-06-02,21,1157,2022-01-13,0
2020-06-03,25,1182,2022-01-13,0
2020-06-04,26,1208,2022-01-13,0
2020-06-05,18,1226,2022-01-13,0
2020-06-06,12,1238,2022-01-13,0
2020-06-07,22,1260,2022-01-13,0
2020-06-08,12,1272,2022-01-13,0
2020-06-09,13,1285,2022-01-13,0
2020-06-10,10,1295,2022-01-13,0
2020-06-11,12,1307,2022-01-13,0
2020-06-12,11,1318,2022-01-13,0
2020-06-13,13,1331,2022-01-13,0
2020-06-14,11,1342,2022-01-13,0
2020-06-15,8,1350,2022-01-13,0
2020-06-16,9,1359,2022-01-13,0
2020-06-17,17,1376,2022-01-13,0
2020-06-18,9,1385,2022-01-13,0
2020-06-19,8,1393,2022-01-13,0
2020-06-20,12,1405,2022-01-13,0
2020-06-21,11,1416,2022-01-13,0
2020-06-22,6,1422,2022-01-13,0
2020-06-23,10,1432,2022-01-13,0
2020-06-24,1,1433,2022-01-13,0
2020-06-25,9,1442,2022-01-13,0
2020-06-26,6,1448,2022-01-13,0
2020-06-27,5,1453,2022-01-13,0
2020-06-28,11,1464,2022-01-13,0
2020-06-29,7,1471,2022-01-13,0
2020-06-30,9,1480,2022-01-13,0
2020-07-01,2,1482,2022-01-13,0
2020-07-02,3,1485,2022-01-13,0
2020-07-03,5,1490,2022-01-13,0
2020-07-04,4,1494,2022-01-13,0
2020-07-05,6,1500,2022-01-13,0
2020-07-06,4,1504,2022-01-13,0
2020-07-07,2,1506,2022-01-13,0
2020-07-08,9,1515,2022-01-13,0
2020-07-09,4,1519,2022-01-13,0
2020-07-10,3,1522,2022-01-13,0
2020-07-11,4,1526,2022-01-13,0
2020-07-12,6,1532,2022-01-13,0
2020-07-13,2,1534,2022-01-13,0
2020-07-14,6,1540,2022-01-13,0
2020-07-15,7,1547,2022-01-13,0
2020-07-16,3,1550,2022-01-13,0
2020-07-17,7,1557,2022-01-13,0
2020-07-18,6,1563,2022-01-13,0
2020-07-19,5,1568,2022-01-13,0
2020-07-20,3,1571,2022-01-13,0
2020-07-21,6,1577,2022-01-13,0
2020-07-22,5,1582,2022-01-13,0
2020-07-23,8,1590,2022-01-13,0
2020-07-24,6,1596,2022-01-13,0
2020-07-25,2,1598,2022-01-13,0
2020-07-26,5,1603,2022-01-13,0
2020-07-27,5,1608,2022-01-13,0
2020-07-28,7,1615,2022-01-13,0
2020-07-29,3,1618,2022-01-13,0
2020-07-30,6,1624,2022-01-13,0
2020-07-31,9,1633,2022-01-13,0
2020-08-01,4,1637,2022-01-13,0
2020-08-02,7,1644,2022-01-13,0
2020-08-03,4,1648,2022-01-13,0
2020-08-04,7,1655,2022-01-13,0
2020-08-05,8,1663,2022-01-13,0
2020-08-06,9,1672,2022-01-13,0
2020-08-07,7,1679,2022-01-13,0
2020-08-08,6,1685,2022-01-13,0
2020-08-09,10,1695,2022-01-13,0
2020-08-10,3,1698,2022-01-13,0
2020-08-11,9,1707,2022-01-13,0
2020-08-12,7,1714,2022-01-13,0
2020-08-13,5,1719,2022-01-13,0
2020-08-14,9,1728,2022-01-13,0
2020-08-15,13,1741,2022-01-13,0
2020-08-16,13,1754,2022-01-13,0
2020-08-17,6,1760,2022-01-13,0
2020-08-18,11,1771,2022-01-13,0
2020-08-19,3,1774,2022-01-13,0
2020-08-20,10,1784,2022-01-13,0
2020-08-21,12,1796,2022-01-13,0
2020-08-22,9,1805,2022-01-13,0
2020-08-23,7,1812,2022-01-13,0
2020-08-24,9,1821,2022-01-13,0
2020-08-25,4,1825,2022-01-13,0
2020-08-26,3,1828,2022-01-13,0
2020-08-27,7,1835,2022-01-13,0
2020-08-28,6,1841,2022-01-13,0
2020-08-29,3,1844,2022-01-13,0
2020-08-30,5,1849,2022-01-13,0
2020-08-31,9,1858,2022-01-13,0
2020-09-01,2,1860,2022-01-13,0
2020-09-02,7,1867,2022-01-13,0
2020-09-03,12,1879,2022-01-13,0
2020-09-04,4,1883,2022-01-13,0
2020-09-05,6,1889,2022-01-13,0
2020-09-06,12,1901,2022-01-13,0
2020-09-07,3,1904,2022-01-13,0
2020-09-08,6,1910,2022-01-13,0
2020-09-09,10,1920,2022-01-13,0
2020-09-10,9,1929,2022-01-13,0
2020-09-11,11,1940,2022-01-13,0
2020-09-12,8,1948,2022-01-13,0
2020-09-13,8,1956,2022-01-13,0
2020-09-14,2,1958,2022-01-13,0
2020-09-15,7,1965,2022-01-13,0
2020-09-16,9,1974,2022-01-13,0
2020-09-17,5,1979,2022-01-13,0
2020-09-18,6,1985,2022-01-13,0
2020-09-19,4,1989,2022-01-13,0
2020-09-20,9,1998,2022-01-13,0
2020-09-21,7,2005,2022-01-13,0
2020-09-22,8,2013,2022-01-13,0
2020-09-23,9,2022,2022-01-13,0
2020-09-24,8,2030,2022-01-13,0
2020-09-25,11,2041,2022-01-13,0
2020-09-26,9,2050,2022-01-13,0
2020-09-27,14,2064,2022-01-13,0
2020-09-28,11,2075,2022-01-13,0
2020-09-29,5,2080,2022-01-13,0
2020-09-30,16,2096,2022-01-13,0
2020-10-01,7,2103,2022-01-13,0
2020-10-02,13,2116,2022-01-13,0
2020-10-03,9,2125,2022-01-13,0
2020-10-04,7,2132,2022-01-13,0
2020-10-05,10,2142,2022-01-13,0
2020-10-06,13,2155,2022-01-13,0
2020-10-07,19,2174,2022-01-13,0
2020-10-08,9,2183,2022-01-13,0
2020-10-09,17,2200,2022-01-13,0
2020-10-10,16,2216,2022-01-13,0
2020-10-11,16,2232,2022-01-13,0
2020-10-12,20,2252,2022-01-13,0
2020-10-13,14,2266,2022-01-13,0
2020-10-14,10,2276,2022-01-13,0
2020-10-15,9,2285,2022-01-13,0
2020-10-16,12,2297,2022-01-13,0
2020-10-17,18,2315,2022-01-13,0
2020-10-18,25,2340,2022-01-13,0
2020-10-19,18,2358,2022-01-13,0
2020-10-20,15,2373,2022-01-13,0
2020-10-21,24,2397,2022-01-13,0
2020-10-22,18,2415,2022-01-13,0
2020-10-23,19,2434,2022-01-13,0
2020-10-24,8,2442,2022-01-13,0
2020-10-25,17,2459,2022-01-13,0
2020-10-26,25,2484,2022-01-13,0
2020-10-27,23,2507,2022-01-13,0
2020-10-28,29,2536,2022-01-13,0
2020-10-29,18,2554,2022-01-13,0
2020-10-30,27,2581,2022-01-13,0
2020-10-31,25,2606,2022-01-13,0
2020-11-01,21,2627,2022-01-13,0
2020-11-02,25,2652,2022-01-13,0
2020-11-03,25,2677,2022-01-13,0
2020-11-04,33,2710,2022-01-13,0
2020-11-05,38,2748,2022-01-13,0
2020-11-06,39,2787,2022-01-13,0
2020-11-07,42,2829,2022-01-13,0
2020-11-08,47,2876,2022-01-13,0
2020-11-09,37,2913,2022-01-13,0
2020-11-10,35,2948,2022-01-13,0
2020-11-11,43,2991,2022-01-13,0
2020-11-12,45,3036,2022-01-13,0
2020-11-13,40,3076,2022-01-13,0
2020-11-14,48,3124,2022-01-13,0
2020-11-15,46,3170,2022-01-13,0
2020-11-16,62,3232,2022-01-13,0
2020-11-17,56,3288,2022-01-13,0
2020-11-18,61,3349,2022-01-13,0
2020-11-19,60,3409,2022-01-13,0
2020-11-20,63,3472,2022-01-13,0
2020-11-21,58,3530,2022-01-13,0
2020-11-22,67,3597,2022-01-13,0
2020-11-23,59,3656,2022-01-13,0
2020-11-24,69,3725,2022-01-13,0
2020-11-25,72,3797,2022-01-13,0
2020-11-26,54,3851,2022-01-13,0
2020-11-27,69,3920,2022-01-13,0
2020-11-28,62,3982,2022-01-13,0
2020-11-29,68,4050,2022-01-13,0
2020-11-30,61,4111,2022-01-13,0
2020-12-01,64,4175,2022-01-13,0
2020-12-02,73,4248,2022-01-13,0
2020-12-03,86,4334,2022-01-13,0
2020-12-04,67,4401,2022-01-13,0
2020-12-05,74,4475,2022-01-13,0
2020-12-06,80,4555,2022-01-13,0
2020-12-07,75,4630,2022-01-13,0
2020-12-08,61,4691,2022-01-13,0
2020-12-09,71,4762,2022-01-13,0
2020-12-10,72,4834,2022-01-13,0
2020-12-11,71,4905,2022-01-13,0
2020-12-12,72,4977,2022-01-13,0
2020-12-13,56,5033,2022-01-13,0
2020-12-14,43,5076,2022-01-13,0
2020-12-15,65,5141,2022-01-13,0
2020-12-16,73,5214,2022-01-13,0
2020-12-17,60,5274,2022-01-13,0
2020-12-18,59,5333,2022-01-13,0
2020-12-19,56,5389,2022-01-13,0
2020-12-20,61,5450,2022-01-13,0
2020-12-21,58,5508,2022-01-13,0
2020-12-22,33,5541,2022-01-13,0
2020-12-23,46,5587,2022-01-13,0
2020-12-24,50,5637,2022-01-13,0
2020-12-25,36,5673,2022-01-13,0
2020-12-26,43,5716,2022-01-13,0
2020-12-27,41,5757,2022-01-13,0
2020-12-28,34,5791,2022-01-13,0
2020-12-29,37,5828,2022-01-13,0
2020-12-30,47,5875,2022-01-13,0
2020-12-31,36,5911,2022-01-13,0
2021-01-01,28,5939,2022-01-13,0
2021-01-02,49,5988,2022-01-13,0
2021-01-03,37,6025,2022-01-13,0
2021-01-04,32,6057,2022-01-13,0
2021-01-05,40,6097,2022-01-13,0
2021-01-06,32,6129,2022-01-13,0
2021-01-07,38,6167,2022-01-13,0
2021-01-08,32,6199,2022-01-13,0
2021-01-09,26,6225,2022-01-13,0
2021-01-10,30,6255,2022-01-13,1
2021-01-11,26,6281,2022-01-13,0
2021-01-12,32,6313,2022-01-13,0
2021-01-13,23,6336,2022-01-13,0
2021-01-14,41,6377,2022-01-13,0
2021-01-15,26,6403,2022-01-13,0
2021-01-16,30,6433,2022-01-13,0
2021-01-17,21,6454,2022-01-13,0
2021-01-18,19,6473,2022-01-13,0
2021-01-19,14,6487,2022-01-13,0
2021-01-20,26,6513,2022-01-13,0
2021-01-21,16,6529,2022-01-13,0
2021-01-22,13,6542,2022-01-13,0
2021-01-23,17,6559,2022-01-13,0
2021-01-24,24,6583,2022-01-13,0
2021-01-25,19,6602,2022-01-13,0
2021-01-26,21,6623,2022-01-13,0
2021-01-27,11,6634,2022-01-13,0
2021-01-28,12,6646,2022-01-13,0
2021-01-29,15,6661,2022-01-13,0
2021-01-30,13,6674,2022-01-13,0
2021-01-31,16,6690,2022-01-13,0
2021-02-01,17,6707,2022-01-13,0
2021-02-02,10,6717,2022-01-13,0
2021-02-03,11,6728,2022-01-13,0
2021-02-04,11,6739,2022-01-13,0
2021-02-05,12,6751,2022-01-13,0
2021-02-06,12,6763,2022-01-13,0
2021-02-07,19,6782,2022-01-13,0
2021-02-08,11,6793,2022-01-13,0
2021-02-09,15,6808,2022-01-13,0
2021-02-10,14,6822,2022-01-13,0
2021-02-11,7,6829,2022-01-13,0
2021-02-12,13,6842,2022-01-13,0
2021-02-13,8,6850,2022-01-13,0
2021-02-14,10,6860,2022-01-13,0
2021-02-15,9,6869,2022-01-13,0
2021-02-16,12,6881,2022-01-13,0
2021-02-17,10,6891,2022-01-13,0
2021-02-18,7,6898,2022-01-13,0
2021-02-19,6,6904,2022-01-13,0
2021-02-20,7,6911,2022-01-13,0
2021-02-21,4,6915,2022-01-13,0
2021-02-22,5,6920,2022-01-13,0
2021-02-23,9,6929,2022-01-13,0
2021-02-24,5,6934,2022-01-13,0
2021-02-25,5,6939,2022-01-13,0
2021-02-26,7,6946,2022-01-13,0
2021-02-27,6,6952,2022-01-13,0
2021-02-28,8,6960,2022-01-13,0
2021-03-01,7,6967,2022-01-13,0
2021-03-02,3,6970,2022-01-13,0
2021-03-03,10,6980,2022-01-13,0
2021-03-04,6,6986,2022-01-13,0
2021-03-05,10,6996,2022-01-13,0
2021-03-06,5,7001,2022-01-13,0
2021-03-07,9,7010,2022-01-13,0
2021-03-08,5,7015,2022-01-13,0
2021-03-09,7,7022,2022-01-13,0
2021-03-10,5,7027,2022-01-13,0
2021-03-11,4,7031,2022-01-13,0
2021-03-12,11,7042,2022-01-13,0
2021-03-13,5,7047,2022-01-13,0
2021-03-14,5,7052,2022-01-13,0
2021-03-15,2,7054,2022-01-13,0
2021-03-16,6,7060,2022-01-13,0
2021-03-17,4,7064,2022-01-13,0
2021-03-18,5,7069,2022-01-13,0
2021-03-19,5,7074,2022-01-13,0
2021-03-20,9,7083,2022-01-13,0
2021-03-21,5,7088,2022-01-13,0
2021-03-22,4,7092,2022-01-13,0
2021-03-23,5,7097,2022-01-13,0
2021-03-24,1,7098,2022-01-13,0
2021-03-25,5,7103,2022-01-13,0
2021-03-26,3,7106,2022-01-13,0
2021-03-27,7,7113,2022-01-13,0
2021-03-28,6,7119,2022-01-13,0
2021-03-29,5,7124,2022-01-13,0
2021-03-30,6,7130,2022-01-13,0
2021-03-31,8,7138,2022-01-13,0
2021-04-01,6,7144,2022-01-13,0
2021-04-02,9,7153,2022-01-13,0
2021-04-03,8,7161,2022-01-13,0
2021-04-04,6,7167,2022-01-13,0
2021-04-05,8,7175,2022-01-13,0
2021-04-06,7,7182,2022-01-13,0
2021-04-07,6,7188,2022-01-13,0
2021-04-08,10,7198,2022-01-13,0
2021-04-09,7,7205,2022-01-13,0
2021-04-10,7,7212,2022-01-13,0
2021-04-11,8,7220,2022-01-13,0
2021-04-12,10,7230,2022-01-13,0
2021-04-13,7,7237,2022-01-13,0
2021-04-14,8,7245,2022-01-13,0
2021-04-15,14,7259,2022-01-13,0
2021-04-16,8,7267,2022-01-13,0
2021-04-17,8,7275,2022-01-13,0
2021-04-18,8,7283,2022-01-13,0
2021-04-19,10,7293,2022-01-13,0
2021-04-20,5,7298,2022-01-13,0
2021-04-21,8,7306,2022-01-13,0
2021-04-22,3,7309,2022-01-13,0
2021-04-23,15,7324,2022-01-13,0
2021-04-24,11,7335,2022-01-13,0
2021-04-25,15,7350,2022-01-13,0
2021-04-26,15,7365,2022-01-13,0
2021-04-27,7,7372,2022-01-13,0
2021-04-28,14,7386,2022-01-13,0
2021-04-29,8,7394,2022-01-13,0
2021-04-30,11,7405,2022-01-13,0
2021-05-01,7,7412,2022-01-13,0
2021-05-02,8,7420,2022-01-13,0
2021-05-03,5,7425,2022-01-13,0
2021-05-04,13,7438,2022-01-13,0
2021-05-05,8,7446,2022-01-13,0
2021-05-06,5,7451,2022-01-13,0
2021-05-07,8,7459,2022-01-13,0
2021-05-08,7,7466,2022-01-13,0
2021-05-09,9,7475,2022-01-13,0
2021-05-10,8,7483,2022-01-13,0
2021-05-11,6,7489,2022-01-13,0
2021-05-12,9,7498,2022-01-13,0
2021-05-13,9,7507,2022-01-13,0
2021-05-14,11,7518,2022-01-13,0
2021-05-15,10,7528,2022-01-13,0
2021-05-16,6,7534,2022-01-13,0
2021-05-17,6,7540,2022-01-13,0
2021-05-18,7,7547,2022-01-13,0
2021-05-19,2,7549,2022-01-13,0
2021-05-20,5,7554,2022-01-13,0
2021-05-21,7,7561,2022-01-13,0
2021-05-22,11,7572,2022-01-13,0
2021-05-23,5,7577,2022-01-13,0
2021-05-24,5,7582,2022-01-13,0
2021-05-25,6,7588,2022-01-13,0
2021-05-26,3,7591,2022-01-13,0
2021-05-27,7,7598,2022-01-13,0
2021-05-28,2,7600,2022-01-13,0
2021-05-29,6,7606,2022-01-13,0
2021-05-30,4,7610,2022-01-13,0
2021-05-31,3,7613,2022-01-13,0
2021-06-01,5,7618,2022-01-13,0
2021-06-02,8,7626,2022-01-13,0
2021-06-03,4,7630,2022-01-13,0
2021-06-04,4,7634,2022-01-13,0
2021-06-05,2,7636,2022-01-13,0
2021-06-06,5,7641,2022-01-13,0
2021-06-07,3,7644,2022-01-13,0
2021-06-08,5,7649,2022-01-13,0
2021-06-09,4,7653,2022-01-13,0
2021-06-10,6,7659,2022-01-13,0
2021-06-11,6,7665,2022-01-13,0
2021-06-12,4,7669,2022-01-13,0
2021-06-13,4,7673,2022-01-13,0
2021-06-14,3,7676,2022-01-13,0
2021-06-15,2,7678,2022-01-13,0
2021-06-16,2,7680,2022-01-13,0
2021-06-17,4,7684,2022-01-13,0
2021-06-18,1,7685,2022-01-13,0
2021-06-19,6,7691,2022-01-13,0
2021-06-20,1,7692,2022-01-13,0
2021-06-21,5,7697,2022-01-13,0
2021-06-22,3,7700,2022-01-13,0
2021-06-23,4,7704,2022-01-13,0
2021-06-24,3,7707,2022-01-13,0
2021-06-25,3,7710,2022-01-13,0
2021-06-26,4,7714,2022-01-13,0
2021-06-27,2,7716,2022-01-13,0
2021-06-28,2,7718,2022-01-13,0
2021-06-29,2,7720,2022-01-13,0
2021-06-30,2,7722,2022-01-13,0
2021-07-01,0,7722,2022-01-13,0
2021-07-02,2,7724,2022-01-13,0
2021-07-03,2,7726,2022-01-13,0
2021-07-04,3,7729,2022-01-13,0
2021-07-05,1,7730,2022-01-13,0
2021-07-06,4,7734,2022-01-13,0
2021-07-07,1,7735,2022-01-13,0
2021-07-08,1,7736,2022-01-13,0
2021-07-09,0,7736,2022-01-13,0
2021-07-10,1,7737,2022-01-13,0
2021-07-11,3,7740,2022-01-13,0
2021-07-12,1,7741,2022-01-13,0
2021-07-13,2,7743,2022-01-13,0
2021-07-14,2,7745,2022-01-13,0
2021-07-15,2,7747,2022-01-13,0
2021-07-16,1,7748,2022-01-13,0
2021-07-17,1,7749,2022-01-13,0
2021-07-18,0,7749,2022-01-13,0
2021-07-19,0,7749,2022-01-13,0
2021-07-20,2,7751,2022-01-13,0
2021-07-21,2,7753,2022-01-13,0
2021-07-22,2,7755,2022-01-13,0
2021-07-23,3,7758,2022-01-13,0
2021-07-24,0,7758,2022-01-13,0
2021-07-25,2,7760,2022-01-13,0
2021-07-26,1,7761,2022-01-13,0
2021-07-27,2,7763,2022-01-13,0
2021-07-28,3,7766,2022-01-13,0
2021-07-29,2,7768,2022-01-13,0
2021-07-30,5,7773,2022-01-13,0
2021-07-31,4,7777,2022-01-13,0
2021-08-01,1,7778,2022-01-13,0
2021-08-02,3,7781,2022-01-13,0
2021-08-03,2,7783,2022-01-13,0
2021-08-04,3,7786,2022-01-13,0
2021-08-05,2,7788,2022-01-13,0
2021-08-06,7,7795,2022-01-13,0
2021-08-07,3,7798,2022-01-13,0
2021-08-08,2,7800,2022-01-13,0
2021-08-09,3,7803,2022-01-13,0
2021-08-10,2,7805,2022-01-13,0
2021-08-11,2,7807,2022-01-13,0
2021-08-12,7,7814,2022-01-13,0
2021-08-13,5,7819,2022-01-13,0
2021-08-14,6,7825,2022-01-13,0
2021-08-15,0,7825,2022-01-13,0
2021-08-16,7,7832,2022-01-13,0
2021-08-17,7,7839,2022-01-13,0
2021-08-18,9,7848,2022-01-13,0
2021-08-19,2,7850,2022-01-13,0
2021-08-20,3,7853,2022-01-13,0
2021-08-21,5,7858,2022-01-13,0
2021-08-22,7,7865,2022-01-13,0
2021-08-23,5,7870,2022-01-13,0
2021-08-24,12,7882,2022-01-13,0
2021-08-25,7,7889,2022-01-13,0
2021-08-26,2,7891,2022-01-13,0
2021-08-27,6,7897,2022-01-13,0
2021-08-28,11,7908,2022-01-13,0
2021-08-29,11,7919,2022-01-13,0
2021-08-30,8,7927,2022-01-13,0
2021-08-31,6,7933,2022-01-13,0
2021-09-01,6,7939,2022-01-13,0
2021-09-02,6,7945,2022-01-13,0
2021-09-03,9,7954,2022-01-13,0
2021-09-04,9,7963,2022-01-13,0
2021-09-05,10,7973,2022-01-13,0
2021-09-06,8,7981,2022-01-13,0
2021-09-07,7,7988,2022-01-13,0
2021-09-08,11,7999,2022-01-13,0
2021-09-09,5,8004,2022-01-13,0
2021-09-10,9,8013,2022-01-13,0
2021-09-11,17,8030,2022-01-13,0
2021-09-12,10,8040,2022-01-13,0
2021-09-13,7,8047,2022-01-13,0
2021-09-14,11,8058,2022-01-13,0
2021-09-15,14,8072,2022-01-13,0
2021-09-16,16,8088,2022-01-13,0
2021-09-17,8,8096,2022-01-13,0
2021-09-18,13,8109,2022-01-13,0
2021-09-19,11,8120,2022-01-13,0
2021-09-20,16,8136,2022-01-13,0
2021-09-21,15,8151,2022-01-13,0
2021-09-22,17,8168,2022-01-13,0
2021-09-23,13,8181,2022-01-13,0
2021-09-24,13,8194,2022-01-13,0
2021-09-25,16,8210,2022-01-13,0
2021-09-26,15,8225,2022-01-13,0
2021-09-27,15,8240,2022-01-13,0
2021-09-28,11,8251,2022-01-13,0
2021-09-29,19,8270,2022-01-13,0
2021-09-30,17,8287,2022-01-13,0
2021-10-01,13,8300,2022-01-13,0
2021-10-02,15,8315,2022-01-13,0
2021-10-03,23,8338,2022-01-13,0
2021-10-04,15,8353,2022-01-13,0
2021-10-05,23,8376,2022-01-13,0
2021-10-06,21,8397,2022-01-13,0
2021-10-07,14,8411,2022-01-13,0
2021-10-08,22,8433,2022-01-13,0
2021-10-09,20,8453,2022-01-13,0
2021-10-10,13,8466,2022-01-13,0
2021-10-11,11,8477,2022-01-13,0
2021-10-12,25,8502,2022-01-13,0
2021-10-13,21,8523,2022-01-13,0
2021-10-14,22,8545,2022-01-13,0
2021-10-15,14,8559,2022-01-13,0
2021-10-16,20,8579,2022-01-13,0
2021-10-17,17,8596,2022-01-13,0
2021-10-18,17,8613,2022-01-13,0
2021-10-19,25,8638,2022-01-13,0
2021-10-20,16,8654,2022-01-13,1
2021-10-21,9,8663,2022-01-13,0
2021-10-22,23,8686,2022-01-13,0
2021-10-23,24,8710,2022-01-13,0
2021-10-24,24,8734,2022-01-13,0
2021-10-25,20,8754,2022-01-13,0
2021-10-26,22,8776,2022-01-13,0
2021-10-27,16,8792,2022-01-13,0
2021-10-28,24,8816,2022-01-13,0
2021-10-29,20,8836,2022-01-13,0
2021-10-30,19,8855,2022-01-13,0
2021-10-31,26,8881,2022-01-13,0
2021-11-01,18,8899,2022-01-13,0
2021-11-02,18,8917,2022-01-13,0
2021-11-03,27,8944,2022-01-13,0
2021-11-04,27,8971,2022-01-13,0
2021-11-05,29,9000,2022-01-13,0
2021-11-06,16,9016,2022-01-13,0
2021-11-07,24,9040,2022-01-13,0
2021-11-08,27,9067,2022-01-13,0
2021-11-09,16,9083,2022-01-13,0
2021-11-10,18,9101,2022-01-13,0
2021-11-11,27,9128,2022-01-13,0
2021-11-12,29,9157,2022-01-13,1
2021-11-13,31,9188,2022-01-13,0
2021-11-14,24,9212,2022-01-13,0
2021-11-15,28,9240,2022-01-13,0
2021-11-16,25,9265,2022-01-13,0
2021-11-17,37,9302,2022-01-13,0
2021-11-18,36,9338,2022-01-13,0
2021-11-19,34,9372,2022-01-13,0
2021-11-20,30,9402,2022-01-13,0
2021-11-21,32,9434,2022-01-13,0
2021-11-22,29,9463,2022-01-13,0
2021-11-23,31,9494,2022-01-13,0
2021-11-24,24,9518,2022-01-13,0
2021-11-25,35,9553,2022-01-13,0
2021-11-26,50,9603,2022-01-13,0
2021-11-27,36,9639,2022-01-13,0
2021-11-28,38,9677,2022-01-13,0
2021-11-29,28,9705,2022-01-13,0
2021-11-30,29,9734,2022-01-13,0
2021-12-01,46,9780,2022-01-13,0
2021-12-02,39,9819,2022-01-13,0
2021-12-03,31,9850,2022-01-13,0
2021-12-04,41,9891,2022-01-13,0
2021-12-05,35,9926,2022-01-13,0
2021-12-06,32,9958,2022-01-13,0
2021-12-07,33,9991,2022-01-13,0
2021-12-08,37,10028,2022-01-13,0
2021-12-09,47,10075,2022-01-13,0
2021-12-10,34,10109,2022-01-13,0
2021-12-11,26,10135,2022-01-13,0
2021-12-12,35,10170,2022-01-13,0
2021-12-13,31,10201,2022-01-13,0
2021-12-14,33,10234,2022-01-13,0
2021-12-15,39,10273,2022-01-13,0
2021-12-16,28,10301,2022-01-13,0
2021-12-17,39,10340,2022-01-13,0
2021-12-18,30,10370,2022-01-13,0
2021-12-19,30,10400,2022-01-13,0
2021-12-20,33,10433,2022-01-13,0
2021-12-21,26,10459,2022-01-13,0
2021-12-22,27,10486,2022-01-13,0
2021-12-23,25,10511,2022-01-13,0
2021-12-24,29,10540,2022-01-13,0
2021-12-25,26,10566,2022-01-13,1
2021-12-26,41,10607,2022-01-13,0
2021-12-27,30,10637,2022-01-13,1
2021-12-28,34,10671,2022-01-13,0
2021-12-29,26,10697,2022-01-13,0
2021-12-30,17,10714,2022-01-13,0
2021-12-31,35,10749,2022-01-13,0
2022-01-01,25,10774,2022-01-13,1
2022-01-02,19,10793,2022-01-13,0
2022-01-03,18,10811,2022-01-13,1
2022-01-04,21,10832,2022-01-13,1
2022-01-05,27,10859,2022-01-13,4
2022-01-06,20,10879,2022-01-13,4
2022-01-07,17,10896,2022-01-13,5
2022-01-08,23,10919,2022-01-13,15
2022-01-09,9,10928,2022-01-13,5
2022-01-10,11,10939,2022-01-13,11
NA,0,10939,2022-01-13,0
2020-03-19,1,1,2022-01-14,0
2020-03-20,0,1,2022-01-14,0
2020-03-21,0,1,2022-01-14,0
2020-03-22,0,1,2022-01-14,0
2020-03-23,0,1,2022-01-14,0
2020-03-24,1,2,2022-01-14,0
2020-03-25,1,3,2022-01-14,0
2020-03-26,1,4,2022-01-14,0
2020-03-27,5,9,2022-01-14,0
2020-03-28,3,12,2022-01-14,0
2020-03-29,0,12,2022-01-14,0
2020-03-30,5,17,2022-01-14,0
2020-03-31,2,19,2022-01-14,0
2020-04-01,5,24,2022-01-14,0
2020-04-02,3,27,2022-01-14,0
2020-04-03,1,28,2022-01-14,0
2020-04-04,5,33,2022-01-14,0
2020-04-05,5,38,2022-01-14,0
2020-04-06,10,48,2022-01-14,0
2020-04-07,6,54,2022-01-14,0
2020-04-08,7,61,2022-01-14,0
2020-04-09,8,69,2022-01-14,0
2020-04-10,6,75,2022-01-14,0
2020-04-11,4,79,2022-01-14,0
2020-04-12,4,83,2022-01-14,0
2020-04-13,10,93,2022-01-14,0
2020-04-14,6,99,2022-01-14,0
2020-04-15,17,116,2022-01-14,0
2020-04-16,10,126,2022-01-14,0
2020-04-17,17,143,2022-01-14,0
2020-04-18,17,160,2022-01-14,0
2020-04-19,16,176,2022-01-14,0
2020-04-20,21,197,2022-01-14,0
2020-04-21,26,223,2022-01-14,0
2020-04-22,21,244,2022-01-14,0
2020-04-23,19,263,2022-01-14,0
2020-04-24,23,286,2022-01-14,0
2020-04-25,18,304,2022-01-14,0
2020-04-26,17,321,2022-01-14,0
2020-04-27,21,342,2022-01-14,0
2020-04-28,16,358,2022-01-14,0
2020-04-29,29,387,2022-01-14,0
2020-04-30,18,405,2022-01-14,0
2020-05-01,30,435,2022-01-14,0
2020-05-02,19,454,2022-01-14,0
2020-05-03,29,483,2022-01-14,0
2020-05-04,23,506,2022-01-14,0
2020-05-05,19,525,2022-01-14,0
2020-05-06,25,550,2022-01-14,0
2020-05-07,30,580,2022-01-14,0
2020-05-08,20,600,2022-01-14,0
2020-05-09,26,626,2022-01-14,0
2020-05-10,19,645,2022-01-14,0
2020-05-11,25,670,2022-01-14,0
2020-05-12,20,690,2022-01-14,0
2020-05-13,22,712,2022-01-14,0
2020-05-14,20,732,2022-01-14,0
2020-05-15,20,752,2022-01-14,0
2020-05-16,20,772,2022-01-14,0
2020-05-17,23,795,2022-01-14,0
2020-05-18,18,813,2022-01-14,0
2020-05-19,35,848,2022-01-14,0
2020-05-20,24,872,2022-01-14,0
2020-05-21,17,889,2022-01-14,0
2020-05-22,20,909,2022-01-14,0
2020-05-23,26,935,2022-01-14,0
2020-05-24,25,960,2022-01-14,0
2020-05-25,30,990,2022-01-14,0
2020-05-26,29,1019,2022-01-14,0
2020-05-27,25,1044,2022-01-14,0
2020-05-28,21,1065,2022-01-14,0
2020-05-29,17,1082,2022-01-14,0
2020-05-30,11,1093,2022-01-14,0
2020-05-31,20,1113,2022-01-14,0
2020-06-01,23,1136,2022-01-14,0
2020-06-02,21,1157,2022-01-14,0
2020-06-03,25,1182,2022-01-14,0
2020-06-04,26,1208,2022-01-14,0
2020-06-05,18,1226,2022-01-14,0
2020-06-06,12,1238,2022-01-14,0
2020-06-07,22,1260,2022-01-14,0
2020-06-08,12,1272,2022-01-14,0
2020-06-09,13,1285,2022-01-14,0
2020-06-10,10,1295,2022-01-14,0
2020-06-11,12,1307,2022-01-14,0
2020-06-12,11,1318,2022-01-14,0
2020-06-13,13,1331,2022-01-14,0
2020-06-14,11,1342,2022-01-14,0
2020-06-15,8,1350,2022-01-14,0
2020-06-16,9,1359,2022-01-14,0
2020-06-17,17,1376,2022-01-14,0
2020-06-18,9,1385,2022-01-14,0
2020-06-19,8,1393,2022-01-14,0
2020-06-20,12,1405,2022-01-14,0
2020-06-21,11,1416,2022-01-14,0
2020-06-22,6,1422,2022-01-14,0
2020-06-23,10,1432,2022-01-14,0
2020-06-24,1,1433,2022-01-14,0
2020-06-25,9,1442,2022-01-14,0
2020-06-26,6,1448,2022-01-14,0
2020-06-27,5,1453,2022-01-14,0
2020-06-28,11,1464,2022-01-14,0
2020-06-29,7,1471,2022-01-14,0
2020-06-30,9,1480,2022-01-14,0
2020-07-01,2,1482,2022-01-14,0
2020-07-02,3,1485,2022-01-14,0
2020-07-03,5,1490,2022-01-14,0
2020-07-04,4,1494,2022-01-14,0
2020-07-05,6,1500,2022-01-14,0
2020-07-06,4,1504,2022-01-14,0
2020-07-07,2,1506,2022-01-14,0
2020-07-08,9,1515,2022-01-14,0
2020-07-09,4,1519,2022-01-14,0
2020-07-10,3,1522,2022-01-14,0
2020-07-11,4,1526,2022-01-14,0
2020-07-12,6,1532,2022-01-14,0
2020-07-13,2,1534,2022-01-14,0
2020-07-14,6,1540,2022-01-14,0
2020-07-15,7,1547,2022-01-14,0
2020-07-16,3,1550,2022-01-14,0
2020-07-17,7,1557,2022-01-14,0
2020-07-18,6,1563,2022-01-14,0
2020-07-19,5,1568,2022-01-14,0
2020-07-20,3,1571,2022-01-14,0
2020-07-21,6,1577,2022-01-14,0
2020-07-22,5,1582,2022-01-14,0
2020-07-23,8,1590,2022-01-14,0
2020-07-24,6,1596,2022-01-14,0
2020-07-25,2,1598,2022-01-14,0
2020-07-26,5,1603,2022-01-14,0
2020-07-27,5,1608,2022-01-14,0
2020-07-28,7,1615,2022-01-14,0
2020-07-29,3,1618,2022-01-14,0
2020-07-30,6,1624,2022-01-14,0
2020-07-31,9,1633,2022-01-14,0
2020-08-01,4,1637,2022-01-14,0
2020-08-02,7,1644,2022-01-14,0
2020-08-03,4,1648,2022-01-14,0
2020-08-04,7,1655,2022-01-14,0
2020-08-05,8,1663,2022-01-14,0
2020-08-06,9,1672,2022-01-14,0
2020-08-07,7,1679,2022-01-14,0
2020-08-08,6,1685,2022-01-14,0
2020-08-09,10,1695,2022-01-14,0
2020-08-10,3,1698,2022-01-14,0
2020-08-11,9,1707,2022-01-14,0
2020-08-12,7,1714,2022-01-14,0
2020-08-13,5,1719,2022-01-14,0
2020-08-14,9,1728,2022-01-14,0
2020-08-15,13,1741,2022-01-14,0
2020-08-16,13,1754,2022-01-14,0
2020-08-17,6,1760,2022-01-14,0
2020-08-18,11,1771,2022-01-14,0
2020-08-19,3,1774,2022-01-14,0
2020-08-20,10,1784,2022-01-14,0
2020-08-21,12,1796,2022-01-14,0
2020-08-22,9,1805,2022-01-14,0
2020-08-23,7,1812,2022-01-14,0
2020-08-24,9,1821,2022-01-14,0
2020-08-25,4,1825,2022-01-14,0
2020-08-26,3,1828,2022-01-14,0
2020-08-27,7,1835,2022-01-14,0
2020-08-28,6,1841,2022-01-14,0
2020-08-29,3,1844,2022-01-14,0
2020-08-30,5,1849,2022-01-14,0
2020-08-31,9,1858,2022-01-14,0
2020-09-01,2,1860,2022-01-14,0
2020-09-02,7,1867,2022-01-14,0
2020-09-03,12,1879,2022-01-14,0
2020-09-04,4,1883,2022-01-14,0
2020-09-05,6,1889,2022-01-14,0
2020-09-06,12,1901,2022-01-14,0
2020-09-07,3,1904,2022-01-14,0
2020-09-08,6,1910,2022-01-14,0
2020-09-09,10,1920,2022-01-14,0
2020-09-10,9,1929,2022-01-14,0
2020-09-11,11,1940,2022-01-14,0
2020-09-12,8,1948,2022-01-14,0
2020-09-13,8,1956,2022-01-14,0
2020-09-14,2,1958,2022-01-14,0
2020-09-15,7,1965,2022-01-14,0
2020-09-16,9,1974,2022-01-14,0
2020-09-17,5,1979,2022-01-14,0
2020-09-18,6,1985,2022-01-14,0
2020-09-19,4,1989,2022-01-14,0
2020-09-20,9,1998,2022-01-14,0
2020-09-21,7,2005,2022-01-14,0
2020-09-22,8,2013,2022-01-14,0
2020-09-23,9,2022,2022-01-14,0
2020-09-24,8,2030,2022-01-14,0
2020-09-25,11,2041,2022-01-14,0
2020-09-26,9,2050,2022-01-14,0
2020-09-27,14,2064,2022-01-14,0
2020-09-28,11,2075,2022-01-14,0
2020-09-29,5,2080,2022-01-14,0
2020-09-30,16,2096,2022-01-14,0
2020-10-01,7,2103,2022-01-14,0
2020-10-02,13,2116,2022-01-14,0
2020-10-03,9,2125,2022-01-14,0
2020-10-04,7,2132,2022-01-14,0
2020-10-05,10,2142,2022-01-14,0
2020-10-06,13,2155,2022-01-14,0
2020-10-07,19,2174,2022-01-14,0
2020-10-08,9,2183,2022-01-14,0
2020-10-09,17,2200,2022-01-14,0
2020-10-10,16,2216,2022-01-14,0
2020-10-11,16,2232,2022-01-14,0
2020-10-12,20,2252,2022-01-14,0
2020-10-13,14,2266,2022-01-14,0
2020-10-14,10,2276,2022-01-14,0
2020-10-15,9,2285,2022-01-14,0
2020-10-16,12,2297,2022-01-14,0
2020-10-17,18,2315,2022-01-14,0
2020-10-18,25,2340,2022-01-14,0
2020-10-19,18,2358,2022-01-14,0
2020-10-20,15,2373,2022-01-14,0
2020-10-21,24,2397,2022-01-14,0
2020-10-22,18,2415,2022-01-14,0
2020-10-23,19,2434,2022-01-14,0
2020-10-24,8,2442,2022-01-14,0
2020-10-25,17,2459,2022-01-14,0
2020-10-26,25,2484,2022-01-14,0
2020-10-27,23,2507,2022-01-14,0
2020-10-28,29,2536,2022-01-14,0
2020-10-29,18,2554,2022-01-14,0
2020-10-30,27,2581,2022-01-14,0
2020-10-31,25,2606,2022-01-14,0
2020-11-01,21,2627,2022-01-14,0
2020-11-02,25,2652,2022-01-14,0
2020-11-03,25,2677,2022-01-14,0
2020-11-04,33,2710,2022-01-14,0
2020-11-05,38,2748,2022-01-14,0
2020-11-06,39,2787,2022-01-14,0
2020-11-07,42,2829,2022-01-14,0
2020-11-08,47,2876,2022-01-14,0
2020-11-09,37,2913,2022-01-14,0
2020-11-10,35,2948,2022-01-14,0
2020-11-11,43,2991,2022-01-14,0
2020-11-12,45,3036,2022-01-14,0
2020-11-13,40,3076,2022-01-14,0
2020-11-14,48,3124,2022-01-14,0
2020-11-15,46,3170,2022-01-14,0
2020-11-16,62,3232,2022-01-14,0
2020-11-17,56,3288,2022-01-14,0
2020-11-18,61,3349,2022-01-14,0
2020-11-19,60,3409,2022-01-14,0
2020-11-20,63,3472,2022-01-14,0
2020-11-21,58,3530,2022-01-14,0
2020-11-22,67,3597,2022-01-14,0
2020-11-23,59,3656,2022-01-14,0
2020-11-24,69,3725,2022-01-14,0
2020-11-25,72,3797,2022-01-14,0
2020-11-26,54,3851,2022-01-14,0
2020-11-27,69,3920,2022-01-14,0
2020-11-28,62,3982,2022-01-14,0
2020-11-29,68,4050,2022-01-14,0
2020-11-30,61,4111,2022-01-14,0
2020-12-01,64,4175,2022-01-14,0
2020-12-02,73,4248,2022-01-14,0
2020-12-03,86,4334,2022-01-14,0
2020-12-04,67,4401,2022-01-14,0
2020-12-05,74,4475,2022-01-14,0
2020-12-06,80,4555,2022-01-14,0
2020-12-07,75,4630,2022-01-14,0
2020-12-08,61,4691,2022-01-14,0
2020-12-09,71,4762,2022-01-14,0
2020-12-10,72,4834,2022-01-14,0
2020-12-11,71,4905,2022-01-14,0
2020-12-12,72,4977,2022-01-14,0
2020-12-13,56,5033,2022-01-14,0
2020-12-14,43,5076,2022-01-14,0
2020-12-15,65,5141,2022-01-14,0
2020-12-16,73,5214,2022-01-14,0
2020-12-17,60,5274,2022-01-14,0
2020-12-18,59,5333,2022-01-14,0
2020-12-19,56,5389,2022-01-14,0
2020-12-20,61,5450,2022-01-14,0
2020-12-21,58,5508,2022-01-14,0
2020-12-22,33,5541,2022-01-14,0
2020-12-23,46,5587,2022-01-14,0
2020-12-24,50,5637,2022-01-14,0
2020-12-25,36,5673,2022-01-14,0
2020-12-26,43,5716,2022-01-14,0
2020-12-27,41,5757,2022-01-14,0
2020-12-28,34,5791,2022-01-14,0
2020-12-29,37,5828,2022-01-14,0
2020-12-30,47,5875,2022-01-14,0
2020-12-31,36,5911,2022-01-14,0
2021-01-01,28,5939,2022-01-14,0
2021-01-02,49,5988,2022-01-14,0
2021-01-03,37,6025,2022-01-14,0
2021-01-04,32,6057,2022-01-14,0
2021-01-05,40,6097,2022-01-14,0
2021-01-06,32,6129,2022-01-14,0
2021-01-07,38,6167,2022-01-14,0
2021-01-08,32,6199,2022-01-14,0
2021-01-09,26,6225,2022-01-14,0
2021-01-10,30,6255,2022-01-14,0
2021-01-11,26,6281,2022-01-14,0
2021-01-12,32,6313,2022-01-14,0
2021-01-13,23,6336,2022-01-14,0
2021-01-14,41,6377,2022-01-14,0
2021-01-15,26,6403,2022-01-14,0
2021-01-16,30,6433,2022-01-14,0
2021-01-17,21,6454,2022-01-14,0
2021-01-18,19,6473,2022-01-14,0
2021-01-19,14,6487,2022-01-14,0
2021-01-20,26,6513,2022-01-14,0
2021-01-21,16,6529,2022-01-14,0
2021-01-22,13,6542,2022-01-14,0
2021-01-23,17,6559,2022-01-14,0
2021-01-24,24,6583,2022-01-14,0
2021-01-25,19,6602,2022-01-14,0
2021-01-26,21,6623,2022-01-14,0
2021-01-27,11,6634,2022-01-14,0
2021-01-28,12,6646,2022-01-14,0
2021-01-29,15,6661,2022-01-14,0
2021-01-30,13,6674,2022-01-14,0
2021-01-31,16,6690,2022-01-14,0
2021-02-01,17,6707,2022-01-14,0
2021-02-02,10,6717,2022-01-14,0
2021-02-03,11,6728,2022-01-14,0
2021-02-04,11,6739,2022-01-14,0
2021-02-05,12,6751,2022-01-14,0
2021-02-06,12,6763,2022-01-14,0
2021-02-07,19,6782,2022-01-14,0
2021-02-08,11,6793,2022-01-14,0
2021-02-09,15,6808,2022-01-14,0
2021-02-10,14,6822,2022-01-14,0
2021-02-11,7,6829,2022-01-14,0
2021-02-12,13,6842,2022-01-14,0
2021-02-13,8,6850,2022-01-14,0
2021-02-14,10,6860,2022-01-14,0
2021-02-15,9,6869,2022-01-14,0
2021-02-16,12,6881,2022-01-14,0
2021-02-17,10,6891,2022-01-14,0
2021-02-18,7,6898,2022-01-14,0
2021-02-19,6,6904,2022-01-14,0
2021-02-20,7,6911,2022-01-14,0
2021-02-21,4,6915,2022-01-14,0
2021-02-22,5,6920,2022-01-14,0
2021-02-23,9,6929,2022-01-14,0
2021-02-24,5,6934,2022-01-14,0
2021-02-25,5,6939,2022-01-14,0
2021-02-26,7,6946,2022-01-14,0
2021-02-27,6,6952,2022-01-14,0
2021-02-28,8,6960,2022-01-14,0
2021-03-01,7,6967,2022-01-14,0
2021-03-02,3,6970,2022-01-14,0
2021-03-03,10,6980,2022-01-14,0
2021-03-04,6,6986,2022-01-14,0
2021-03-05,10,6996,2022-01-14,0
2021-03-06,5,7001,2022-01-14,0
2021-03-07,9,7010,2022-01-14,0
2021-03-08,5,7015,2022-01-14,0
2021-03-09,7,7022,2022-01-14,0
2021-03-10,5,7027,2022-01-14,0
2021-03-11,4,7031,2022-01-14,0
2021-03-12,11,7042,2022-01-14,0
2021-03-13,5,7047,2022-01-14,0
2021-03-14,5,7052,2022-01-14,0
2021-03-15,2,7054,2022-01-14,0
2021-03-16,6,7060,2022-01-14,0
2021-03-17,4,7064,2022-01-14,0
2021-03-18,5,7069,2022-01-14,0
2021-03-19,5,7074,2022-01-14,0
2021-03-20,9,7083,2022-01-14,0
2021-03-21,5,7088,2022-01-14,0
2021-03-22,4,7092,2022-01-14,0
2021-03-23,5,7097,2022-01-14,0
2021-03-24,1,7098,2022-01-14,0
2021-03-25,5,7103,2022-01-14,0
2021-03-26,3,7106,2022-01-14,0
2021-03-27,7,7113,2022-01-14,0
2021-03-28,6,7119,2022-01-14,0
2021-03-29,5,7124,2022-01-14,0
2021-03-30,6,7130,2022-01-14,0
2021-03-31,8,7138,2022-01-14,0
2021-04-01,6,7144,2022-01-14,0
2021-04-02,9,7153,2022-01-14,0
2021-04-03,8,7161,2022-01-14,0
2021-04-04,6,7167,2022-01-14,0
2021-04-05,8,7175,2022-01-14,0
2021-04-06,7,7182,2022-01-14,0
2021-04-07,6,7188,2022-01-14,0
2021-04-08,10,7198,2022-01-14,0
2021-04-09,7,7205,2022-01-14,0
2021-04-10,7,7212,2022-01-14,0
2021-04-11,8,7220,2022-01-14,0
2021-04-12,10,7230,2022-01-14,0
2021-04-13,7,7237,2022-01-14,0
2021-04-14,8,7245,2022-01-14,0
2021-04-15,14,7259,2022-01-14,0
2021-04-16,8,7267,2022-01-14,0
2021-04-17,8,7275,2022-01-14,0
2021-04-18,8,7283,2022-01-14,0
2021-04-19,10,7293,2022-01-14,0
2021-04-20,5,7298,2022-01-14,0
2021-04-21,8,7306,2022-01-14,0
2021-04-22,3,7309,2022-01-14,0
2021-04-23,15,7324,2022-01-14,0
2021-04-24,11,7335,2022-01-14,0
2021-04-25,15,7350,2022-01-14,0
2021-04-26,15,7365,2022-01-14,0
2021-04-27,7,7372,2022-01-14,0
2021-04-28,14,7386,2022-01-14,0
2021-04-29,8,7394,2022-01-14,0
2021-04-30,11,7405,2022-01-14,0
2021-05-01,7,7412,2022-01-14,0
2021-05-02,8,7420,2022-01-14,0
2021-05-03,5,7425,2022-01-14,0
2021-05-04,13,7438,2022-01-14,0
2021-05-05,8,7446,2022-01-14,0
2021-05-06,5,7451,2022-01-14,0
2021-05-07,8,7459,2022-01-14,0
2021-05-08,7,7466,2022-01-14,0
2021-05-09,9,7475,2022-01-14,0
2021-05-10,8,7483,2022-01-14,0
2021-05-11,6,7489,2022-01-14,0
2021-05-12,9,7498,2022-01-14,0
2021-05-13,9,7507,2022-01-14,0
2021-05-14,11,7518,2022-01-14,0
2021-05-15,10,7528,2022-01-14,0
2021-05-16,6,7534,2022-01-14,0
2021-05-17,6,7540,2022-01-14,0
2021-05-18,7,7547,2022-01-14,0
2021-05-19,2,7549,2022-01-14,0
2021-05-20,5,7554,2022-01-14,0
2021-05-21,7,7561,2022-01-14,0
2021-05-22,11,7572,2022-01-14,0
2021-05-23,5,7577,2022-01-14,0
2021-05-24,5,7582,2022-01-14,0
2021-05-25,6,7588,2022-01-14,0
2021-05-26,3,7591,2022-01-14,0
2021-05-27,7,7598,2022-01-14,0
2021-05-28,2,7600,2022-01-14,0
2021-05-29,6,7606,2022-01-14,0
2021-05-30,4,7610,2022-01-14,0
2021-05-31,3,7613,2022-01-14,0
2021-06-01,5,7618,2022-01-14,0
2021-06-02,8,7626,2022-01-14,0
2021-06-03,4,7630,2022-01-14,0
2021-06-04,4,7634,2022-01-14,0
2021-06-05,2,7636,2022-01-14,0
2021-06-06,5,7641,2022-01-14,0
2021-06-07,3,7644,2022-01-14,0
2021-06-08,5,7649,2022-01-14,0
2021-06-09,4,7653,2022-01-14,0
2021-06-10,6,7659,2022-01-14,0
2021-06-11,6,7665,2022-01-14,0
2021-06-12,4,7669,2022-01-14,0
2021-06-13,4,7673,2022-01-14,0
2021-06-14,3,7676,2022-01-14,0
2021-06-15,2,7678,2022-01-14,0
2021-06-16,2,7680,2022-01-14,0
2021-06-17,4,7684,2022-01-14,0
2021-06-18,1,7685,2022-01-14,0
2021-06-19,6,7691,2022-01-14,0
2021-06-20,1,7692,2022-01-14,0
2021-06-21,5,7697,2022-01-14,0
2021-06-22,3,7700,2022-01-14,0
2021-06-23,4,7704,2022-01-14,0
2021-06-24,3,7707,2022-01-14,0
2021-06-25,3,7710,2022-01-14,0
2021-06-26,4,7714,2022-01-14,0
2021-06-27,2,7716,2022-01-14,0
2021-06-28,2,7718,2022-01-14,0
2021-06-29,2,7720,2022-01-14,0
2021-06-30,2,7722,2022-01-14,0
2021-07-01,0,7722,2022-01-14,0
2021-07-02,2,7724,2022-01-14,0
2021-07-03,2,7726,2022-01-14,0
2021-07-04,3,7729,2022-01-14,0
2021-07-05,1,7730,2022-01-14,0
2021-07-06,4,7734,2022-01-14,0
2021-07-07,1,7735,2022-01-14,0
2021-07-08,1,7736,2022-01-14,0
2021-07-09,0,7736,2022-01-14,0
2021-07-10,1,7737,2022-01-14,0
2021-07-11,3,7740,2022-01-14,0
2021-07-12,1,7741,2022-01-14,0
2021-07-13,2,7743,2022-01-14,0
2021-07-14,2,7745,2022-01-14,0
2021-07-15,2,7747,2022-01-14,0
2021-07-16,1,7748,2022-01-14,0
2021-07-17,1,7749,2022-01-14,0
2021-07-18,0,7749,2022-01-14,0
2021-07-19,0,7749,2022-01-14,0
2021-07-20,2,7751,2022-01-14,0
2021-07-21,2,7753,2022-01-14,0
2021-07-22,2,7755,2022-01-14,0
2021-07-23,3,7758,2022-01-14,0
2021-07-24,0,7758,2022-01-14,0
2021-07-25,2,7760,2022-01-14,0
2021-07-26,1,7761,2022-01-14,0
2021-07-27,2,7763,2022-01-14,0
2021-07-28,3,7766,2022-01-14,0
2021-07-29,2,7768,2022-01-14,0
2021-07-30,5,7773,2022-01-14,0
2021-07-31,4,7777,2022-01-14,0
2021-08-01,1,7778,2022-01-14,0
2021-08-02,3,7781,2022-01-14,0
2021-08-03,2,7783,2022-01-14,0
2021-08-04,3,7786,2022-01-14,0
2021-08-05,2,7788,2022-01-14,0
2021-08-06,7,7795,2022-01-14,0
2021-08-07,3,7798,2022-01-14,0
2021-08-08,2,7800,2022-01-14,0
2021-08-09,3,7803,2022-01-14,0
2021-08-10,2,7805,2022-01-14,0
2021-08-11,2,7807,2022-01-14,0
2021-08-12,7,7814,2022-01-14,0
2021-08-13,5,7819,2022-01-14,0
2021-08-14,6,7825,2022-01-14,0
2021-08-15,0,7825,2022-01-14,0
2021-08-16,7,7832,2022-01-14,0
2021-08-17,7,7839,2022-01-14,0
2021-08-18,9,7848,2022-01-14,0
2021-08-19,2,7850,2022-01-14,0
2021-08-20,3,7853,2022-01-14,0
2021-08-21,5,7858,2022-01-14,0
2021-08-22,7,7865,2022-01-14,0
2021-08-23,5,7870,2022-01-14,0
2021-08-24,12,7882,2022-01-14,0
2021-08-25,7,7889,2022-01-14,0
2021-08-26,2,7891,2022-01-14,0
2021-08-27,6,7897,2022-01-14,0
2021-08-28,11,7908,2022-01-14,0
2021-08-29,11,7919,2022-01-14,0
2021-08-30,8,7927,2022-01-14,0
2021-08-31,6,7933,2022-01-14,0
2021-09-01,6,7939,2022-01-14,0
2021-09-02,6,7945,2022-01-14,0
2021-09-03,9,7954,2022-01-14,0
2021-09-04,9,7963,2022-01-14,0
2021-09-05,10,7973,2022-01-14,0
2021-09-06,8,7981,2022-01-14,0
2021-09-07,7,7988,2022-01-14,0
2021-09-08,11,7999,2022-01-14,0
2021-09-09,5,8004,2022-01-14,0
2021-09-10,9,8013,2022-01-14,0
2021-09-11,17,8030,2022-01-14,0
2021-09-12,10,8040,2022-01-14,0
2021-09-13,7,8047,2022-01-14,0
2021-09-14,11,8058,2022-01-14,0
2021-09-15,14,8072,2022-01-14,0
2021-09-16,16,8088,2022-01-14,0
2021-09-17,8,8096,2022-01-14,0
2021-09-18,13,8109,2022-01-14,0
2021-09-19,11,8120,2022-01-14,0
2021-09-20,16,8136,2022-01-14,0
2021-09-21,15,8151,2022-01-14,0
2021-09-22,17,8168,2022-01-14,0
2021-09-23,13,8181,2022-01-14,0
2021-09-24,13,8194,2022-01-14,0
2021-09-25,16,8210,2022-01-14,0
2021-09-26,15,8225,2022-01-14,0
2021-09-27,15,8240,2022-01-14,0
2021-09-28,11,8251,2022-01-14,0
2021-09-29,19,8270,2022-01-14,0
2021-09-30,17,8287,2022-01-14,0
2021-10-01,13,8300,2022-01-14,0
2021-10-02,15,8315,2022-01-14,0
2021-10-03,23,8338,2022-01-14,0
2021-10-04,15,8353,2022-01-14,0
2021-10-05,23,8376,2022-01-14,0
2021-10-06,21,8397,2022-01-14,0
2021-10-07,14,8411,2022-01-14,0
2021-10-08,22,8433,2022-01-14,0
2021-10-09,20,8453,2022-01-14,0
2021-10-10,13,8466,2022-01-14,0
2021-10-11,11,8477,2022-01-14,0
2021-10-12,25,8502,2022-01-14,0
2021-10-13,21,8523,2022-01-14,0
2021-10-14,22,8545,2022-01-14,0
2021-10-15,14,8559,2022-01-14,0
2021-10-16,20,8579,2022-01-14,0
2021-10-17,17,8596,2022-01-14,0
2021-10-18,17,8613,2022-01-14,0
2021-10-19,25,8638,2022-01-14,0
2021-10-20,16,8654,2022-01-14,0
2021-10-21,9,8663,2022-01-14,0
2021-10-22,23,8686,2022-01-14,0
2021-10-23,24,8710,2022-01-14,0
2021-10-24,24,8734,2022-01-14,0
2021-10-25,20,8754,2022-01-14,0
2021-10-26,22,8776,2022-01-14,0
2021-10-27,16,8792,2022-01-14,0
2021-10-28,24,8816,2022-01-14,0
2021-10-29,20,8836,2022-01-14,0
2021-10-30,19,8855,2022-01-14,0
2021-10-31,26,8881,2022-01-14,0
2021-11-01,18,8899,2022-01-14,0
2021-11-02,18,8917,2022-01-14,0
2021-11-03,27,8944,2022-01-14,0
2021-11-04,27,8971,2022-01-14,0
2021-11-05,29,9000,2022-01-14,0
2021-11-06,16,9016,2022-01-14,0
2021-11-07,24,9040,2022-01-14,0
2021-11-08,27,9067,2022-01-14,0
2021-11-09,16,9083,2022-01-14,0
2021-11-10,18,9101,2022-01-14,0
2021-11-11,27,9128,2022-01-14,0
2021-11-12,29,9157,2022-01-14,0
2021-11-13,31,9188,2022-01-14,0
2021-11-14,24,9212,2022-01-14,0
2021-11-15,28,9240,2022-01-14,0
2021-11-16,25,9265,2022-01-14,0
2021-11-17,37,9302,2022-01-14,0
2021-11-18,36,9338,2022-01-14,0
2021-11-19,34,9372,2022-01-14,0
2021-11-20,30,9402,2022-01-14,0
2021-11-21,32,9434,2022-01-14,0
2021-11-22,29,9463,2022-01-14,0
2021-11-23,31,9494,2022-01-14,0
2021-11-24,24,9518,2022-01-14,0
2021-11-25,35,9553,2022-01-14,0
2021-11-26,50,9603,2022-01-14,0
2021-11-27,36,9639,2022-01-14,0
2021-11-28,38,9677,2022-01-14,0
2021-11-29,28,9705,2022-01-14,0
2021-11-30,30,9735,2022-01-14,1
2021-12-01,47,9782,2022-01-14,1
2021-12-02,40,9822,2022-01-14,1
2021-12-03,31,9853,2022-01-14,0
2021-12-04,41,9894,2022-01-14,0
2021-12-05,35,9929,2022-01-14,0
2021-12-06,32,9961,2022-01-14,0
2021-12-07,33,9994,2022-01-14,0
2021-12-08,37,10031,2022-01-14,0
2021-12-09,47,10078,2022-01-14,0
2021-12-10,34,10112,2022-01-14,0
2021-12-11,26,10138,2022-01-14,0
2021-12-12,35,10173,2022-01-14,0
2021-12-13,31,10204,2022-01-14,0
2021-12-14,33,10237,2022-01-14,0
2021-12-15,39,10276,2022-01-14,0
2021-12-16,28,10304,2022-01-14,0
2021-12-17,39,10343,2022-01-14,0
2021-12-18,30,10373,2022-01-14,0
2021-12-19,30,10403,2022-01-14,0
2021-12-20,33,10436,2022-01-14,0
2021-12-21,26,10462,2022-01-14,0
2021-12-22,27,10489,2022-01-14,0
2021-12-23,25,10514,2022-01-14,0
2021-12-24,29,10543,2022-01-14,0
2021-12-25,27,10570,2022-01-14,1
2021-12-26,41,10611,2022-01-14,0
2021-12-27,30,10641,2022-01-14,0
2021-12-28,34,10675,2022-01-14,0
2021-12-29,26,10701,2022-01-14,0
2021-12-30,17,10718,2022-01-14,0
2021-12-31,37,10755,2022-01-14,2
2022-01-01,25,10780,2022-01-14,0
2022-01-02,21,10801,2022-01-14,2
2022-01-03,18,10819,2022-01-14,0
2022-01-04,23,10842,2022-01-14,2
2022-01-05,26,10868,2022-01-14,-1
2022-01-06,22,10890,2022-01-14,2
2022-01-07,18,10908,2022-01-14,1
2022-01-08,29,10937,2022-01-14,6
2022-01-09,15,10952,2022-01-14,6
2022-01-10,14,10966,2022-01-14,3
2022-01-11,5,10971,2022-01-14,5
NA,0,10971,2022-01-14,0
2020-03-19,1,1,2022-01-18,0
2020-03-20,0,1,2022-01-18,0
2020-03-21,0,1,2022-01-18,0
2020-03-22,0,1,2022-01-18,0
2020-03-23,0,1,2022-01-18,0
2020-03-24,1,2,2022-01-18,0
2020-03-25,1,3,2022-01-18,0
2020-03-26,1,4,2022-01-18,0
2020-03-27,5,9,2022-01-18,0
2020-03-28,3,12,2022-01-18,0
2020-03-29,0,12,2022-01-18,0
2020-03-30,5,17,2022-01-18,0
2020-03-31,2,19,2022-01-18,0
2020-04-01,5,24,2022-01-18,0
2020-04-02,3,27,2022-01-18,0
2020-04-03,1,28,2022-01-18,0
2020-04-04,5,33,2022-01-18,0
2020-04-05,5,38,2022-01-18,0
2020-04-06,10,48,2022-01-18,0
2020-04-07,6,54,2022-01-18,0
2020-04-08,7,61,2022-01-18,0
2020-04-09,8,69,2022-01-18,0
2020-04-10,6,75,2022-01-18,0
2020-04-11,4,79,2022-01-18,0
2020-04-12,4,83,2022-01-18,0
2020-04-13,10,93,2022-01-18,0
2020-04-14,6,99,2022-01-18,0
2020-04-15,17,116,2022-01-18,0
2020-04-16,10,126,2022-01-18,0
2020-04-17,17,143,2022-01-18,0
2020-04-18,17,160,2022-01-18,0
2020-04-19,16,176,2022-01-18,0
2020-04-20,21,197,2022-01-18,0
2020-04-21,26,223,2022-01-18,0
2020-04-22,21,244,2022-01-18,0
2020-04-23,19,263,2022-01-18,0
2020-04-24,23,286,2022-01-18,0
2020-04-25,18,304,2022-01-18,0
2020-04-26,17,321,2022-01-18,0
2020-04-27,21,342,2022-01-18,0
2020-04-28,16,358,2022-01-18,0
2020-04-29,29,387,2022-01-18,0
2020-04-30,18,405,2022-01-18,0
2020-05-01,30,435,2022-01-18,0
2020-05-02,19,454,2022-01-18,0
2020-05-03,29,483,2022-01-18,0
2020-05-04,23,506,2022-01-18,0
2020-05-05,19,525,2022-01-18,0
2020-05-06,25,550,2022-01-18,0
2020-05-07,30,580,2022-01-18,0
2020-05-08,20,600,2022-01-18,0
2020-05-09,26,626,2022-01-18,0
2020-05-10,19,645,2022-01-18,0
2020-05-11,25,670,2022-01-18,0
2020-05-12,20,690,2022-01-18,0
2020-05-13,22,712,2022-01-18,0
2020-05-14,20,732,2022-01-18,0
2020-05-15,20,752,2022-01-18,0
2020-05-16,20,772,2022-01-18,0
2020-05-17,23,795,2022-01-18,0
2020-05-18,18,813,2022-01-18,0
2020-05-19,35,848,2022-01-18,0
2020-05-20,24,872,2022-01-18,0
2020-05-21,17,889,2022-01-18,0
2020-05-22,20,909,2022-01-18,0
2020-05-23,26,935,2022-01-18,0
2020-05-24,25,960,2022-01-18,0
2020-05-25,30,990,2022-01-18,0
2020-05-26,29,1019,2022-01-18,0
2020-05-27,25,1044,2022-01-18,0
2020-05-28,21,1065,2022-01-18,0
2020-05-29,17,1082,2022-01-18,0
2020-05-30,11,1093,2022-01-18,0
2020-05-31,20,1113,2022-01-18,0
2020-06-01,23,1136,2022-01-18,0
2020-06-02,21,1157,2022-01-18,0
2020-06-03,25,1182,2022-01-18,0
2020-06-04,26,1208,2022-01-18,0
2020-06-05,18,1226,2022-01-18,0
2020-06-06,12,1238,2022-01-18,0
2020-06-07,22,1260,2022-01-18,0
2020-06-08,12,1272,2022-01-18,0
2020-06-09,13,1285,2022-01-18,0
2020-06-10,10,1295,2022-01-18,0
2020-06-11,12,1307,2022-01-18,0
2020-06-12,11,1318,2022-01-18,0
2020-06-13,13,1331,2022-01-18,0
2020-06-14,11,1342,2022-01-18,0
2020-06-15,8,1350,2022-01-18,0
2020-06-16,9,1359,2022-01-18,0
2020-06-17,17,1376,2022-01-18,0
2020-06-18,9,1385,2022-01-18,0
2020-06-19,8,1393,2022-01-18,0
2020-06-20,12,1405,2022-01-18,0
2020-06-21,11,1416,2022-01-18,0
2020-06-22,6,1422,2022-01-18,0
2020-06-23,10,1432,2022-01-18,0
2020-06-24,1,1433,2022-01-18,0
2020-06-25,9,1442,2022-01-18,0
2020-06-26,6,1448,2022-01-18,0
2020-06-27,5,1453,2022-01-18,0
2020-06-28,11,1464,2022-01-18,0
2020-06-29,7,1471,2022-01-18,0
2020-06-30,9,1480,2022-01-18,0
2020-07-01,2,1482,2022-01-18,0
2020-07-02,3,1485,2022-01-18,0
2020-07-03,5,1490,2022-01-18,0
2020-07-04,4,1494,2022-01-18,0
2020-07-05,6,1500,2022-01-18,0
2020-07-06,4,1504,2022-01-18,0
2020-07-07,2,1506,2022-01-18,0
2020-07-08,9,1515,2022-01-18,0
2020-07-09,4,1519,2022-01-18,0
2020-07-10,3,1522,2022-01-18,0
2020-07-11,4,1526,2022-01-18,0
2020-07-12,6,1532,2022-01-18,0
2020-07-13,2,1534,2022-01-18,0
2020-07-14,6,1540,2022-01-18,0
2020-07-15,7,1547,2022-01-18,0
2020-07-16,3,1550,2022-01-18,0
2020-07-17,7,1557,2022-01-18,0
2020-07-18,6,1563,2022-01-18,0
2020-07-19,5,1568,2022-01-18,0
2020-07-20,3,1571,2022-01-18,0
2020-07-21,6,1577,2022-01-18,0
2020-07-22,5,1582,2022-01-18,0
2020-07-23,8,1590,2022-01-18,0
2020-07-24,6,1596,2022-01-18,0
2020-07-25,2,1598,2022-01-18,0
2020-07-26,5,1603,2022-01-18,0
2020-07-27,5,1608,2022-01-18,0
2020-07-28,7,1615,2022-01-18,0
2020-07-29,3,1618,2022-01-18,0
2020-07-30,6,1624,2022-01-18,0
2020-07-31,9,1633,2022-01-18,0
2020-08-01,4,1637,2022-01-18,0
2020-08-02,7,1644,2022-01-18,0
2020-08-03,4,1648,2022-01-18,0
2020-08-04,7,1655,2022-01-18,0
2020-08-05,8,1663,2022-01-18,0
2020-08-06,9,1672,2022-01-18,0
2020-08-07,7,1679,2022-01-18,0
2020-08-08,6,1685,2022-01-18,0
2020-08-09,10,1695,2022-01-18,0
2020-08-10,3,1698,2022-01-18,0
2020-08-11,9,1707,2022-01-18,0
2020-08-12,7,1714,2022-01-18,0
2020-08-13,5,1719,2022-01-18,0
2020-08-14,9,1728,2022-01-18,0
2020-08-15,13,1741,2022-01-18,0
2020-08-16,13,1754,2022-01-18,0
2020-08-17,6,1760,2022-01-18,0
2020-08-18,11,1771,2022-01-18,0
2020-08-19,3,1774,2022-01-18,0
2020-08-20,10,1784,2022-01-18,0
2020-08-21,12,1796,2022-01-18,0
2020-08-22,9,1805,2022-01-18,0
2020-08-23,7,1812,2022-01-18,0
2020-08-24,9,1821,2022-01-18,0
2020-08-25,4,1825,2022-01-18,0
2020-08-26,3,1828,2022-01-18,0
2020-08-27,7,1835,2022-01-18,0
2020-08-28,6,1841,2022-01-18,0
2020-08-29,3,1844,2022-01-18,0
2020-08-30,5,1849,2022-01-18,0
2020-08-31,9,1858,2022-01-18,0
2020-09-01,2,1860,2022-01-18,0
2020-09-02,7,1867,2022-01-18,0
2020-09-03,12,1879,2022-01-18,0
2020-09-04,4,1883,2022-01-18,0
2020-09-05,6,1889,2022-01-18,0
2020-09-06,12,1901,2022-01-18,0
2020-09-07,3,1904,2022-01-18,0
2020-09-08,6,1910,2022-01-18,0
2020-09-09,10,1920,2022-01-18,0
2020-09-10,9,1929,2022-01-18,0
2020-09-11,11,1940,2022-01-18,0
2020-09-12,8,1948,2022-01-18,0
2020-09-13,8,1956,2022-01-18,0
2020-09-14,2,1958,2022-01-18,0
2020-09-15,7,1965,2022-01-18,0
2020-09-16,9,1974,2022-01-18,0
2020-09-17,5,1979,2022-01-18,0
2020-09-18,6,1985,2022-01-18,0
2020-09-19,4,1989,2022-01-18,0
2020-09-20,9,1998,2022-01-18,0
2020-09-21,7,2005,2022-01-18,0
2020-09-22,8,2013,2022-01-18,0
2020-09-23,9,2022,2022-01-18,0
2020-09-24,8,2030,2022-01-18,0
2020-09-25,11,2041,2022-01-18,0
2020-09-26,9,2050,2022-01-18,0
2020-09-27,14,2064,2022-01-18,0
2020-09-28,11,2075,2022-01-18,0
2020-09-29,5,2080,2022-01-18,0
2020-09-30,16,2096,2022-01-18,0
2020-10-01,7,2103,2022-01-18,0
2020-10-02,13,2116,2022-01-18,0
2020-10-03,9,2125,2022-01-18,0
2020-10-04,7,2132,2022-01-18,0
2020-10-05,10,2142,2022-01-18,0
2020-10-06,13,2155,2022-01-18,0
2020-10-07,19,2174,2022-01-18,0
2020-10-08,9,2183,2022-01-18,0
2020-10-09,17,2200,2022-01-18,0
2020-10-10,16,2216,2022-01-18,0
2020-10-11,16,2232,2022-01-18,0
2020-10-12,20,2252,2022-01-18,0
2020-10-13,14,2266,2022-01-18,0
2020-10-14,10,2276,2022-01-18,0
2020-10-15,9,2285,2022-01-18,0
2020-10-16,12,2297,2022-01-18,0
2020-10-17,18,2315,2022-01-18,0
2020-10-18,25,2340,2022-01-18,0
2020-10-19,18,2358,2022-01-18,0
2020-10-20,15,2373,2022-01-18,0
2020-10-21,24,2397,2022-01-18,0
2020-10-22,18,2415,2022-01-18,0
2020-10-23,19,2434,2022-01-18,0
2020-10-24,8,2442,2022-01-18,0
2020-10-25,17,2459,2022-01-18,0
2020-10-26,25,2484,2022-01-18,0
2020-10-27,23,2507,2022-01-18,0
2020-10-28,29,2536,2022-01-18,0
2020-10-29,18,2554,2022-01-18,0
2020-10-30,27,2581,2022-01-18,0
2020-10-31,25,2606,2022-01-18,0
2020-11-01,21,2627,2022-01-18,0
2020-11-02,25,2652,2022-01-18,0
2020-11-03,25,2677,2022-01-18,0
2020-11-04,33,2710,2022-01-18,0
2020-11-05,38,2748,2022-01-18,0
2020-11-06,39,2787,2022-01-18,0
2020-11-07,42,2829,2022-01-18,0
2020-11-08,47,2876,2022-01-18,0
2020-11-09,37,2913,2022-01-18,0
2020-11-10,35,2948,2022-01-18,0
2020-11-11,43,2991,2022-01-18,0
2020-11-12,45,3036,2022-01-18,0
2020-11-13,40,3076,2022-01-18,0
2020-11-14,48,3124,2022-01-18,0
2020-11-15,46,3170,2022-01-18,0
2020-11-16,62,3232,2022-01-18,0
2020-11-17,56,3288,2022-01-18,0
2020-11-18,61,3349,2022-01-18,0
2020-11-19,60,3409,2022-01-18,0
2020-11-20,63,3472,2022-01-18,0
2020-11-21,58,3530,2022-01-18,0
2020-11-22,67,3597,2022-01-18,0
2020-11-23,59,3656,2022-01-18,0
2020-11-24,69,3725,2022-01-18,0
2020-11-25,72,3797,2022-01-18,0
2020-11-26,54,3851,2022-01-18,0
2020-11-27,69,3920,2022-01-18,0
2020-11-28,62,3982,2022-01-18,0
2020-11-29,68,4050,2022-01-18,0
2020-11-30,61,4111,2022-01-18,0
2020-12-01,64,4175,2022-01-18,0
2020-12-02,73,4248,2022-01-18,0
2020-12-03,86,4334,2022-01-18,0
2020-12-04,67,4401,2022-01-18,0
2020-12-05,74,4475,2022-01-18,0
2020-12-06,80,4555,2022-01-18,0
2020-12-07,75,4630,2022-01-18,0
2020-12-08,61,4691,2022-01-18,0
2020-12-09,71,4762,2022-01-18,0
2020-12-10,72,4834,2022-01-18,0
2020-12-11,71,4905,2022-01-18,0
2020-12-12,72,4977,2022-01-18,0
2020-12-13,56,5033,2022-01-18,0
2020-12-14,43,5076,2022-01-18,0
2020-12-15,65,5141,2022-01-18,0
2020-12-16,73,5214,2022-01-18,0
2020-12-17,60,5274,2022-01-18,0
2020-12-18,59,5333,2022-01-18,0
2020-12-19,56,5389,2022-01-18,0
2020-12-20,61,5450,2022-01-18,0
2020-12-21,58,5508,2022-01-18,0
2020-12-22,33,5541,2022-01-18,0
2020-12-23,46,5587,2022-01-18,0
2020-12-24,50,5637,2022-01-18,0
2020-12-25,36,5673,2022-01-18,0
2020-12-26,43,5716,2022-01-18,0
2020-12-27,41,5757,2022-01-18,0
2020-12-28,34,5791,2022-01-18,0
2020-12-29,37,5828,2022-01-18,0
2020-12-30,47,5875,2022-01-18,0
2020-12-31,36,5911,2022-01-18,0
2021-01-01,28,5939,2022-01-18,0
2021-01-02,49,5988,2022-01-18,0
2021-01-03,37,6025,2022-01-18,0
2021-01-04,32,6057,2022-01-18,0
2021-01-05,40,6097,2022-01-18,0
2021-01-06,32,6129,2022-01-18,0
2021-01-07,38,6167,2022-01-18,0
2021-01-08,32,6199,2022-01-18,0
2021-01-09,26,6225,2022-01-18,0
2021-01-10,30,6255,2022-01-18,0
2021-01-11,26,6281,2022-01-18,0
2021-01-12,32,6313,2022-01-18,0
2021-01-13,23,6336,2022-01-18,0
2021-01-14,41,6377,2022-01-18,0
2021-01-15,26,6403,2022-01-18,0
2021-01-16,30,6433,2022-01-18,0
2021-01-17,21,6454,2022-01-18,0
2021-01-18,19,6473,2022-01-18,0
2021-01-19,14,6487,2022-01-18,0
2021-01-20,26,6513,2022-01-18,0
2021-01-21,16,6529,2022-01-18,0
2021-01-22,13,6542,2022-01-18,0
2021-01-23,17,6559,2022-01-18,0
2021-01-24,24,6583,2022-01-18,0
2021-01-25,19,6602,2022-01-18,0
2021-01-26,21,6623,2022-01-18,0
2021-01-27,11,6634,2022-01-18,0
2021-01-28,12,6646,2022-01-18,0
2021-01-29,15,6661,2022-01-18,0
2021-01-30,13,6674,2022-01-18,0
2021-01-31,16,6690,2022-01-18,0
2021-02-01,17,6707,2022-01-18,0
2021-02-02,10,6717,2022-01-18,0
2021-02-03,11,6728,2022-01-18,0
2021-02-04,11,6739,2022-01-18,0
2021-02-05,12,6751,2022-01-18,0
2021-02-06,12,6763,2022-01-18,0
2021-02-07,19,6782,2022-01-18,0
2021-02-08,11,6793,2022-01-18,0
2021-02-09,15,6808,2022-01-18,0
2021-02-10,14,6822,2022-01-18,0
2021-02-11,7,6829,2022-01-18,0
2021-02-12,13,6842,2022-01-18,0
2021-02-13,8,6850,2022-01-18,0
2021-02-14,10,6860,2022-01-18,0
2021-02-15,9,6869,2022-01-18,0
2021-02-16,12,6881,2022-01-18,0
2021-02-17,10,6891,2022-01-18,0
2021-02-18,7,6898,2022-01-18,0
2021-02-19,6,6904,2022-01-18,0
2021-02-20,7,6911,2022-01-18,0
2021-02-21,4,6915,2022-01-18,0
2021-02-22,5,6920,2022-01-18,0
2021-02-23,9,6929,2022-01-18,0
2021-02-24,5,6934,2022-01-18,0
2021-02-25,5,6939,2022-01-18,0
2021-02-26,7,6946,2022-01-18,0
2021-02-27,6,6952,2022-01-18,0
2021-02-28,8,6960,2022-01-18,0
2021-03-01,7,6967,2022-01-18,0
2021-03-02,3,6970,2022-01-18,0
2021-03-03,10,6980,2022-01-18,0
2021-03-04,6,6986,2022-01-18,0
2021-03-05,10,6996,2022-01-18,0
2021-03-06,5,7001,2022-01-18,0
2021-03-07,9,7010,2022-01-18,0
2021-03-08,5,7015,2022-01-18,0
2021-03-09,7,7022,2022-01-18,0
2021-03-10,5,7027,2022-01-18,0
2021-03-11,4,7031,2022-01-18,0
2021-03-12,11,7042,2022-01-18,0
2021-03-13,5,7047,2022-01-18,0
2021-03-14,5,7052,2022-01-18,0
2021-03-15,2,7054,2022-01-18,0
2021-03-16,6,7060,2022-01-18,0
2021-03-17,4,7064,2022-01-18,0
2021-03-18,5,7069,2022-01-18,0
2021-03-19,5,7074,2022-01-18,0
2021-03-20,9,7083,2022-01-18,0
2021-03-21,5,7088,2022-01-18,0
2021-03-22,4,7092,2022-01-18,0
2021-03-23,5,7097,2022-01-18,0
2021-03-24,1,7098,2022-01-18,0
2021-03-25,5,7103,2022-01-18,0
2021-03-26,3,7106,2022-01-18,0
2021-03-27,7,7113,2022-01-18,0
2021-03-28,6,7119,2022-01-18,0
2021-03-29,5,7124,2022-01-18,0
2021-03-30,6,7130,2022-01-18,0
2021-03-31,8,7138,2022-01-18,0
2021-04-01,6,7144,2022-01-18,0
2021-04-02,9,7153,2022-01-18,0
2021-04-03,8,7161,2022-01-18,0
2021-04-04,6,7167,2022-01-18,0
2021-04-05,8,7175,2022-01-18,0
2021-04-06,7,7182,2022-01-18,0
2021-04-07,6,7188,2022-01-18,0
2021-04-08,10,7198,2022-01-18,0
2021-04-09,7,7205,2022-01-18,0
2021-04-10,7,7212,2022-01-18,0
2021-04-11,8,7220,2022-01-18,0
2021-04-12,10,7230,2022-01-18,0
2021-04-13,7,7237,2022-01-18,0
2021-04-14,8,7245,2022-01-18,0
2021-04-15,14,7259,2022-01-18,0
2021-04-16,8,7267,2022-01-18,0
2021-04-17,8,7275,2022-01-18,0
2021-04-18,8,7283,2022-01-18,0
2021-04-19,10,7293,2022-01-18,0
2021-04-20,5,7298,2022-01-18,0
2021-04-21,8,7306,2022-01-18,0
2021-04-22,3,7309,2022-01-18,0
2021-04-23,15,7324,2022-01-18,0
2021-04-24,11,7335,2022-01-18,0
2021-04-25,15,7350,2022-01-18,0
2021-04-26,15,7365,2022-01-18,0
2021-04-27,7,7372,2022-01-18,0
2021-04-28,14,7386,2022-01-18,0
2021-04-29,8,7394,2022-01-18,0
2021-04-30,11,7405,2022-01-18,0
2021-05-01,7,7412,2022-01-18,0
2021-05-02,8,7420,2022-01-18,0
2021-05-03,5,7425,2022-01-18,0
2021-05-04,13,7438,2022-01-18,0
2021-05-05,8,7446,2022-01-18,0
2021-05-06,5,7451,2022-01-18,0
2021-05-07,8,7459,2022-01-18,0
2021-05-08,7,7466,2022-01-18,0
2021-05-09,9,7475,2022-01-18,0
2021-05-10,8,7483,2022-01-18,0
2021-05-11,6,7489,2022-01-18,0
2021-05-12,9,7498,2022-01-18,0
2021-05-13,9,7507,2022-01-18,0
2021-05-14,11,7518,2022-01-18,0
2021-05-15,10,7528,2022-01-18,0
2021-05-16,6,7534,2022-01-18,0
2021-05-17,6,7540,2022-01-18,0
2021-05-18,7,7547,2022-01-18,0
2021-05-19,2,7549,2022-01-18,0
2021-05-20,5,7554,2022-01-18,0
2021-05-21,7,7561,2022-01-18,0
2021-05-22,11,7572,2022-01-18,0
2021-05-23,5,7577,2022-01-18,0
2021-05-24,5,7582,2022-01-18,0
2021-05-25,6,7588,2022-01-18,0
2021-05-26,3,7591,2022-01-18,0
2021-05-27,7,7598,2022-01-18,0
2021-05-28,2,7600,2022-01-18,0
2021-05-29,6,7606,2022-01-18,0
2021-05-30,4,7610,2022-01-18,0
2021-05-31,3,7613,2022-01-18,0
2021-06-01,5,7618,2022-01-18,0
2021-06-02,8,7626,2022-01-18,0
2021-06-03,4,7630,2022-01-18,0
2021-06-04,4,7634,2022-01-18,0
2021-06-05,2,7636,2022-01-18,0
2021-06-06,5,7641,2022-01-18,0
2021-06-07,3,7644,2022-01-18,0
2021-06-08,5,7649,2022-01-18,0
2021-06-09,4,7653,2022-01-18,0
2021-06-10,6,7659,2022-01-18,0
2021-06-11,6,7665,2022-01-18,0
2021-06-12,4,7669,2022-01-18,0
2021-06-13,4,7673,2022-01-18,0
2021-06-14,3,7676,2022-01-18,0
2021-06-15,2,7678,2022-01-18,0
2021-06-16,2,7680,2022-01-18,0
2021-06-17,4,7684,2022-01-18,0
2021-06-18,1,7685,2022-01-18,0
2021-06-19,6,7691,2022-01-18,0
2021-06-20,1,7692,2022-01-18,0
2021-06-21,5,7697,2022-01-18,0
2021-06-22,3,7700,2022-01-18,0
2021-06-23,4,7704,2022-01-18,0
2021-06-24,3,7707,2022-01-18,0
2021-06-25,3,7710,2022-01-18,0
2021-06-26,4,7714,2022-01-18,0
2021-06-27,2,7716,2022-01-18,0
2021-06-28,2,7718,2022-01-18,0
2021-06-29,2,7720,2022-01-18,0
2021-06-30,2,7722,2022-01-18,0
2021-07-01,0,7722,2022-01-18,0
2021-07-02,2,7724,2022-01-18,0
2021-07-03,2,7726,2022-01-18,0
2021-07-04,3,7729,2022-01-18,0
2021-07-05,1,7730,2022-01-18,0
2021-07-06,4,7734,2022-01-18,0
2021-07-07,1,7735,2022-01-18,0
2021-07-08,1,7736,2022-01-18,0
2021-07-09,0,7736,2022-01-18,0
2021-07-10,1,7737,2022-01-18,0
2021-07-11,3,7740,2022-01-18,0
2021-07-12,1,7741,2022-01-18,0
2021-07-13,2,7743,2022-01-18,0
2021-07-14,2,7745,2022-01-18,0
2021-07-15,2,7747,2022-01-18,0
2021-07-16,1,7748,2022-01-18,0
2021-07-17,1,7749,2022-01-18,0
2021-07-18,0,7749,2022-01-18,0
2021-07-19,0,7749,2022-01-18,0
2021-07-20,2,7751,2022-01-18,0
2021-07-21,2,7753,2022-01-18,0
2021-07-22,2,7755,2022-01-18,0
2021-07-23,3,7758,2022-01-18,0
2021-07-24,0,7758,2022-01-18,0
2021-07-25,2,7760,2022-01-18,0
2021-07-26,1,7761,2022-01-18,0
2021-07-27,2,7763,2022-01-18,0
2021-07-28,3,7766,2022-01-18,0
2021-07-29,2,7768,2022-01-18,0
2021-07-30,5,7773,2022-01-18,0
2021-07-31,4,7777,2022-01-18,0
2021-08-01,1,7778,2022-01-18,0
2021-08-02,3,7781,2022-01-18,0
2021-08-03,2,7783,2022-01-18,0
2021-08-04,3,7786,2022-01-18,0
2021-08-05,2,7788,2022-01-18,0
2021-08-06,7,7795,2022-01-18,0
2021-08-07,3,7798,2022-01-18,0
2021-08-08,2,7800,2022-01-18,0
2021-08-09,3,7803,2022-01-18,0
2021-08-10,2,7805,2022-01-18,0
2021-08-11,2,7807,2022-01-18,0
2021-08-12,7,7814,2022-01-18,0
2021-08-13,5,7819,2022-01-18,0
2021-08-14,6,7825,2022-01-18,0
2021-08-15,0,7825,2022-01-18,0
2021-08-16,7,7832,2022-01-18,0
2021-08-17,7,7839,2022-01-18,0
2021-08-18,9,7848,2022-01-18,0
2021-08-19,2,7850,2022-01-18,0
2021-08-20,3,7853,2022-01-18,0
2021-08-21,5,7858,2022-01-18,0
2021-08-22,7,7865,2022-01-18,0
2021-08-23,5,7870,2022-01-18,0
2021-08-24,12,7882,2022-01-18,0
2021-08-25,7,7889,2022-01-18,0
2021-08-26,2,7891,2022-01-18,0
2021-08-27,6,7897,2022-01-18,0
2021-08-28,11,7908,2022-01-18,0
2021-08-29,11,7919,2022-01-18,0
2021-08-30,8,7927,2022-01-18,0
2021-08-31,6,7933,2022-01-18,0
2021-09-01,6,7939,2022-01-18,0
2021-09-02,6,7945,2022-01-18,0
2021-09-03,9,7954,2022-01-18,0
2021-09-04,9,7963,2022-01-18,0
2021-09-05,10,7973,2022-01-18,0
2021-09-06,8,7981,2022-01-18,0
2021-09-07,7,7988,2022-01-18,0
2021-09-08,11,7999,2022-01-18,0
2021-09-09,5,8004,2022-01-18,0
2021-09-10,9,8013,2022-01-18,0
2021-09-11,17,8030,2022-01-18,0
2021-09-12,10,8040,2022-01-18,0
2021-09-13,7,8047,2022-01-18,0
2021-09-14,11,8058,2022-01-18,0
2021-09-15,14,8072,2022-01-18,0
2021-09-16,16,8088,2022-01-18,0
2021-09-17,8,8096,2022-01-18,0
2021-09-18,13,8109,2022-01-18,0
2021-09-19,11,8120,2022-01-18,0
2021-09-20,16,8136,2022-01-18,0
2021-09-21,15,8151,2022-01-18,0
2021-09-22,17,8168,2022-01-18,0
2021-09-23,13,8181,2022-01-18,0
2021-09-24,13,8194,2022-01-18,0
2021-09-25,16,8210,2022-01-18,0
2021-09-26,15,8225,2022-01-18,0
2021-09-27,15,8240,2022-01-18,0
2021-09-28,11,8251,2022-01-18,0
2021-09-29,19,8270,2022-01-18,0
2021-09-30,17,8287,2022-01-18,0
2021-10-01,13,8300,2022-01-18,0
2021-10-02,15,8315,2022-01-18,0
2021-10-03,23,8338,2022-01-18,0
2021-10-04,15,8353,2022-01-18,0
2021-10-05,23,8376,2022-01-18,0
2021-10-06,21,8397,2022-01-18,0
2021-10-07,14,8411,2022-01-18,0
2021-10-08,22,8433,2022-01-18,0
2021-10-09,20,8453,2022-01-18,0
2021-10-10,13,8466,2022-01-18,0
2021-10-11,11,8477,2022-01-18,0
2021-10-12,25,8502,2022-01-18,0
2021-10-13,21,8523,2022-01-18,0
2021-10-14,22,8545,2022-01-18,0
2021-10-15,14,8559,2022-01-18,0
2021-10-16,20,8579,2022-01-18,0
2021-10-17,17,8596,2022-01-18,0
2021-10-18,17,8613,2022-01-18,0
2021-10-19,25,8638,2022-01-18,0
2021-10-20,16,8654,2022-01-18,0
2021-10-21,9,8663,2022-01-18,0
2021-10-22,23,8686,2022-01-18,0
2021-10-23,24,8710,2022-01-18,0
2021-10-24,24,8734,2022-01-18,0
2021-10-25,20,8754,2022-01-18,0
2021-10-26,22,8776,2022-01-18,0
2021-10-27,16,8792,2022-01-18,0
2021-10-28,24,8816,2022-01-18,0
2021-10-29,20,8836,2022-01-18,0
2021-10-30,19,8855,2022-01-18,0
2021-10-31,26,8881,2022-01-18,0
2021-11-01,18,8899,2022-01-18,0
2021-11-02,18,8917,2022-01-18,0
2021-11-03,27,8944,2022-01-18,0
2021-11-04,27,8971,2022-01-18,0
2021-11-05,29,9000,2022-01-18,0
2021-11-06,16,9016,2022-01-18,0
2021-11-07,24,9040,2022-01-18,0
2021-11-08,27,9067,2022-01-18,0
2021-11-09,16,9083,2022-01-18,0
2021-11-10,18,9101,2022-01-18,0
2021-11-11,28,9129,2022-01-18,1
2021-11-12,29,9158,2022-01-18,0
2021-11-13,31,9189,2022-01-18,0
2021-11-14,24,9213,2022-01-18,0
2021-11-15,28,9241,2022-01-18,0
2021-11-16,25,9266,2022-01-18,0
2021-11-17,37,9303,2022-01-18,0
2021-11-18,36,9339,2022-01-18,0
2021-11-19,34,9373,2022-01-18,0
2021-11-20,30,9403,2022-01-18,0
2021-11-21,32,9435,2022-01-18,0
2021-11-22,29,9464,2022-01-18,0
2021-11-23,31,9495,2022-01-18,0
2021-11-24,24,9519,2022-01-18,0
2021-11-25,35,9554,2022-01-18,0
2021-11-26,50,9604,2022-01-18,0
2021-11-27,36,9640,2022-01-18,0
2021-11-28,38,9678,2022-01-18,0
2021-11-29,28,9706,2022-01-18,0
2021-11-30,30,9736,2022-01-18,0
2021-12-01,47,9783,2022-01-18,0
2021-12-02,40,9823,2022-01-18,0
2021-12-03,31,9854,2022-01-18,0
2021-12-04,41,9895,2022-01-18,0
2021-12-05,35,9930,2022-01-18,0
2021-12-06,32,9962,2022-01-18,0
2021-12-07,34,9996,2022-01-18,1
2021-12-08,37,10033,2022-01-18,0
2021-12-09,47,10080,2022-01-18,0
2021-12-10,34,10114,2022-01-18,0
2021-12-11,26,10140,2022-01-18,0
2021-12-12,35,10175,2022-01-18,0
2021-12-13,31,10206,2022-01-18,0
2021-12-14,33,10239,2022-01-18,0
2021-12-15,39,10278,2022-01-18,0
2021-12-16,28,10306,2022-01-18,0
2021-12-17,39,10345,2022-01-18,0
2021-12-18,30,10375,2022-01-18,0
2021-12-19,30,10405,2022-01-18,0
2021-12-20,33,10438,2022-01-18,0
2021-12-21,26,10464,2022-01-18,0
2021-12-22,27,10491,2022-01-18,0
2021-12-23,25,10516,2022-01-18,0
2021-12-24,29,10545,2022-01-18,0
2021-12-25,27,10572,2022-01-18,0
2021-12-26,42,10614,2022-01-18,1
2021-12-27,30,10644,2022-01-18,0
2021-12-28,34,10678,2022-01-18,0
2021-12-29,26,10704,2022-01-18,0
2021-12-30,17,10721,2022-01-18,0
2021-12-31,37,10758,2022-01-18,0
2022-01-01,26,10784,2022-01-18,1
2022-01-02,21,10805,2022-01-18,0
2022-01-03,19,10824,2022-01-18,1
2022-01-04,25,10849,2022-01-18,2
2022-01-05,26,10875,2022-01-18,0
2022-01-06,24,10899,2022-01-18,2
2022-01-07,21,10920,2022-01-18,3
2022-01-08,31,10951,2022-01-18,2
2022-01-09,16,10967,2022-01-18,1
2022-01-10,19,10986,2022-01-18,5
2022-01-11,9,10995,2022-01-18,4
2022-01-12,5,11000,2022-01-18,5
NA,0,11000,2022-01-18,0
2020-03-19,1,1,2022-01-19,0
2020-03-20,0,1,2022-01-19,0
2020-03-21,0,1,2022-01-19,0
2020-03-22,0,1,2022-01-19,0
2020-03-23,0,1,2022-01-19,0
2020-03-24,1,2,2022-01-19,0
2020-03-25,1,3,2022-01-19,0
2020-03-26,1,4,2022-01-19,0
2020-03-27,5,9,2022-01-19,0
2020-03-28,3,12,2022-01-19,0
2020-03-29,0,12,2022-01-19,0
2020-03-30,5,17,2022-01-19,0
2020-03-31,2,19,2022-01-19,0
2020-04-01,5,24,2022-01-19,0
2020-04-02,3,27,2022-01-19,0
2020-04-03,1,28,2022-01-19,0
2020-04-04,5,33,2022-01-19,0
2020-04-05,5,38,2022-01-19,0
2020-04-06,10,48,2022-01-19,0
2020-04-07,6,54,2022-01-19,0
2020-04-08,7,61,2022-01-19,0
2020-04-09,8,69,2022-01-19,0
2020-04-10,6,75,2022-01-19,0
2020-04-11,4,79,2022-01-19,0
2020-04-12,4,83,2022-01-19,0
2020-04-13,10,93,2022-01-19,0
2020-04-14,6,99,2022-01-19,0
2020-04-15,17,116,2022-01-19,0
2020-04-16,10,126,2022-01-19,0
2020-04-17,17,143,2022-01-19,0
2020-04-18,17,160,2022-01-19,0
2020-04-19,16,176,2022-01-19,0
2020-04-20,21,197,2022-01-19,0
2020-04-21,26,223,2022-01-19,0
2020-04-22,21,244,2022-01-19,0
2020-04-23,19,263,2022-01-19,0
2020-04-24,23,286,2022-01-19,0
2020-04-25,18,304,2022-01-19,0
2020-04-26,17,321,2022-01-19,0
2020-04-27,21,342,2022-01-19,0
2020-04-28,16,358,2022-01-19,0
2020-04-29,29,387,2022-01-19,0
2020-04-30,18,405,2022-01-19,0
2020-05-01,30,435,2022-01-19,0
2020-05-02,19,454,2022-01-19,0
2020-05-03,29,483,2022-01-19,0
2020-05-04,23,506,2022-01-19,0
2020-05-05,19,525,2022-01-19,0
2020-05-06,25,550,2022-01-19,0
2020-05-07,30,580,2022-01-19,0
2020-05-08,20,600,2022-01-19,0
2020-05-09,26,626,2022-01-19,0
2020-05-10,19,645,2022-01-19,0
2020-05-11,25,670,2022-01-19,0
2020-05-12,20,690,2022-01-19,0
2020-05-13,22,712,2022-01-19,0
2020-05-14,20,732,2022-01-19,0
2020-05-15,20,752,2022-01-19,0
2020-05-16,20,772,2022-01-19,0
2020-05-17,23,795,2022-01-19,0
2020-05-18,18,813,2022-01-19,0
2020-05-19,35,848,2022-01-19,0
2020-05-20,24,872,2022-01-19,0
2020-05-21,17,889,2022-01-19,0
2020-05-22,20,909,2022-01-19,0
2020-05-23,26,935,2022-01-19,0
2020-05-24,25,960,2022-01-19,0
2020-05-25,30,990,2022-01-19,0
2020-05-26,29,1019,2022-01-19,0
2020-05-27,25,1044,2022-01-19,0
2020-05-28,21,1065,2022-01-19,0
2020-05-29,17,1082,2022-01-19,0
2020-05-30,11,1093,2022-01-19,0
2020-05-31,20,1113,2022-01-19,0
2020-06-01,23,1136,2022-01-19,0
2020-06-02,21,1157,2022-01-19,0
2020-06-03,25,1182,2022-01-19,0
2020-06-04,26,1208,2022-01-19,0
2020-06-05,18,1226,2022-01-19,0
2020-06-06,12,1238,2022-01-19,0
2020-06-07,22,1260,2022-01-19,0
2020-06-08,12,1272,2022-01-19,0
2020-06-09,13,1285,2022-01-19,0
2020-06-10,10,1295,2022-01-19,0
2020-06-11,12,1307,2022-01-19,0
2020-06-12,11,1318,2022-01-19,0
2020-06-13,13,1331,2022-01-19,0
2020-06-14,11,1342,2022-01-19,0
2020-06-15,8,1350,2022-01-19,0
2020-06-16,9,1359,2022-01-19,0
2020-06-17,17,1376,2022-01-19,0
2020-06-18,9,1385,2022-01-19,0
2020-06-19,8,1393,2022-01-19,0
2020-06-20,12,1405,2022-01-19,0
2020-06-21,11,1416,2022-01-19,0
2020-06-22,6,1422,2022-01-19,0
2020-06-23,10,1432,2022-01-19,0
2020-06-24,1,1433,2022-01-19,0
2020-06-25,9,1442,2022-01-19,0
2020-06-26,6,1448,2022-01-19,0
2020-06-27,5,1453,2022-01-19,0
2020-06-28,11,1464,2022-01-19,0
2020-06-29,7,1471,2022-01-19,0
2020-06-30,9,1480,2022-01-19,0
2020-07-01,2,1482,2022-01-19,0
2020-07-02,3,1485,2022-01-19,0
2020-07-03,5,1490,2022-01-19,0
2020-07-04,4,1494,2022-01-19,0
2020-07-05,6,1500,2022-01-19,0
2020-07-06,4,1504,2022-01-19,0
2020-07-07,2,1506,2022-01-19,0
2020-07-08,9,1515,2022-01-19,0
2020-07-09,4,1519,2022-01-19,0
2020-07-10,3,1522,2022-01-19,0
2020-07-11,4,1526,2022-01-19,0
2020-07-12,6,1532,2022-01-19,0
2020-07-13,2,1534,2022-01-19,0
2020-07-14,6,1540,2022-01-19,0
2020-07-15,7,1547,2022-01-19,0
2020-07-16,3,1550,2022-01-19,0
2020-07-17,7,1557,2022-01-19,0
2020-07-18,6,1563,2022-01-19,0
2020-07-19,5,1568,2022-01-19,0
2020-07-20,3,1571,2022-01-19,0
2020-07-21,6,1577,2022-01-19,0
2020-07-22,5,1582,2022-01-19,0
2020-07-23,8,1590,2022-01-19,0
2020-07-24,6,1596,2022-01-19,0
2020-07-25,2,1598,2022-01-19,0
2020-07-26,5,1603,2022-01-19,0
2020-07-27,5,1608,2022-01-19,0
2020-07-28,7,1615,2022-01-19,0
2020-07-29,3,1618,2022-01-19,0
2020-07-30,6,1624,2022-01-19,0
2020-07-31,9,1633,2022-01-19,0
2020-08-01,4,1637,2022-01-19,0
2020-08-02,7,1644,2022-01-19,0
2020-08-03,4,1648,2022-01-19,0
2020-08-04,7,1655,2022-01-19,0
2020-08-05,8,1663,2022-01-19,0
2020-08-06,9,1672,2022-01-19,0
2020-08-07,7,1679,2022-01-19,0
2020-08-08,6,1685,2022-01-19,0
2020-08-09,10,1695,2022-01-19,0
2020-08-10,3,1698,2022-01-19,0
2020-08-11,9,1707,2022-01-19,0
2020-08-12,7,1714,2022-01-19,0
2020-08-13,5,1719,2022-01-19,0
2020-08-14,9,1728,2022-01-19,0
2020-08-15,13,1741,2022-01-19,0
2020-08-16,13,1754,2022-01-19,0
2020-08-17,6,1760,2022-01-19,0
2020-08-18,11,1771,2022-01-19,0
2020-08-19,3,1774,2022-01-19,0
2020-08-20,10,1784,2022-01-19,0
2020-08-21,12,1796,2022-01-19,0
2020-08-22,9,1805,2022-01-19,0
2020-08-23,7,1812,2022-01-19,0
2020-08-24,9,1821,2022-01-19,0
2020-08-25,4,1825,2022-01-19,0
2020-08-26,3,1828,2022-01-19,0
2020-08-27,7,1835,2022-01-19,0
2020-08-28,6,1841,2022-01-19,0
2020-08-29,3,1844,2022-01-19,0
2020-08-30,5,1849,2022-01-19,0
2020-08-31,9,1858,2022-01-19,0
2020-09-01,2,1860,2022-01-19,0
2020-09-02,7,1867,2022-01-19,0
2020-09-03,12,1879,2022-01-19,0
2020-09-04,4,1883,2022-01-19,0
2020-09-05,6,1889,2022-01-19,0
2020-09-06,12,1901,2022-01-19,0
2020-09-07,3,1904,2022-01-19,0
2020-09-08,6,1910,2022-01-19,0
2020-09-09,10,1920,2022-01-19,0
2020-09-10,9,1929,2022-01-19,0
2020-09-11,11,1940,2022-01-19,0
2020-09-12,8,1948,2022-01-19,0
2020-09-13,8,1956,2022-01-19,0
2020-09-14,2,1958,2022-01-19,0
2020-09-15,7,1965,2022-01-19,0
2020-09-16,9,1974,2022-01-19,0
2020-09-17,5,1979,2022-01-19,0
2020-09-18,6,1985,2022-01-19,0
2020-09-19,4,1989,2022-01-19,0
2020-09-20,9,1998,2022-01-19,0
2020-09-21,7,2005,2022-01-19,0
2020-09-22,8,2013,2022-01-19,0
2020-09-23,9,2022,2022-01-19,0
2020-09-24,8,2030,2022-01-19,0
2020-09-25,11,2041,2022-01-19,0
2020-09-26,9,2050,2022-01-19,0
2020-09-27,14,2064,2022-01-19,0
2020-09-28,11,2075,2022-01-19,0
2020-09-29,5,2080,2022-01-19,0
2020-09-30,16,2096,2022-01-19,0
2020-10-01,7,2103,2022-01-19,0
2020-10-02,13,2116,2022-01-19,0
2020-10-03,9,2125,2022-01-19,0
2020-10-04,7,2132,2022-01-19,0
2020-10-05,10,2142,2022-01-19,0
2020-10-06,13,2155,2022-01-19,0
2020-10-07,19,2174,2022-01-19,0
2020-10-08,9,2183,2022-01-19,0
2020-10-09,17,2200,2022-01-19,0
2020-10-10,16,2216,2022-01-19,0
2020-10-11,16,2232,2022-01-19,0
2020-10-12,20,2252,2022-01-19,0
2020-10-13,14,2266,2022-01-19,0
2020-10-14,10,2276,2022-01-19,0
2020-10-15,9,2285,2022-01-19,0
2020-10-16,12,2297,2022-01-19,0
2020-10-17,18,2315,2022-01-19,0
2020-10-18,25,2340,2022-01-19,0
2020-10-19,18,2358,2022-01-19,0
2020-10-20,15,2373,2022-01-19,0
2020-10-21,24,2397,2022-01-19,0
2020-10-22,18,2415,2022-01-19,0
2020-10-23,19,2434,2022-01-19,0
2020-10-24,8,2442,2022-01-19,0
2020-10-25,17,2459,2022-01-19,0
2020-10-26,25,2484,2022-01-19,0
2020-10-27,23,2507,2022-01-19,0
2020-10-28,29,2536,2022-01-19,0
2020-10-29,18,2554,2022-01-19,0
2020-10-30,27,2581,2022-01-19,0
2020-10-31,25,2606,2022-01-19,0
2020-11-01,21,2627,2022-01-19,0
2020-11-02,25,2652,2022-01-19,0
2020-11-03,25,2677,2022-01-19,0
2020-11-04,33,2710,2022-01-19,0
2020-11-05,38,2748,2022-01-19,0
2020-11-06,39,2787,2022-01-19,0
2020-11-07,42,2829,2022-01-19,0
2020-11-08,47,2876,2022-01-19,0
2020-11-09,37,2913,2022-01-19,0
2020-11-10,35,2948,2022-01-19,0
2020-11-11,43,2991,2022-01-19,0
2020-11-12,45,3036,2022-01-19,0
2020-11-13,40,3076,2022-01-19,0
2020-11-14,48,3124,2022-01-19,0
2020-11-15,46,3170,2022-01-19,0
2020-11-16,62,3232,2022-01-19,0
2020-11-17,56,3288,2022-01-19,0
2020-11-18,61,3349,2022-01-19,0
2020-11-19,60,3409,2022-01-19,0
2020-11-20,63,3472,2022-01-19,0
2020-11-21,58,3530,2022-01-19,0
2020-11-22,67,3597,2022-01-19,0
2020-11-23,59,3656,2022-01-19,0
2020-11-24,69,3725,2022-01-19,0
2020-11-25,72,3797,2022-01-19,0
2020-11-26,54,3851,2022-01-19,0
2020-11-27,69,3920,2022-01-19,0
2020-11-28,62,3982,2022-01-19,0
2020-11-29,68,4050,2022-01-19,0
2020-11-30,61,4111,2022-01-19,0
2020-12-01,64,4175,2022-01-19,0
2020-12-02,73,4248,2022-01-19,0
2020-12-03,86,4334,2022-01-19,0
2020-12-04,67,4401,2022-01-19,0
2020-12-05,74,4475,2022-01-19,0
2020-12-06,80,4555,2022-01-19,0
2020-12-07,75,4630,2022-01-19,0
2020-12-08,61,4691,2022-01-19,0
2020-12-09,71,4762,2022-01-19,0
2020-12-10,72,4834,2022-01-19,0
2020-12-11,71,4905,2022-01-19,0
2020-12-12,72,4977,2022-01-19,0
2020-12-13,56,5033,2022-01-19,0
2020-12-14,43,5076,2022-01-19,0
2020-12-15,65,5141,2022-01-19,0
2020-12-16,73,5214,2022-01-19,0
2020-12-17,60,5274,2022-01-19,0
2020-12-18,59,5333,2022-01-19,0
2020-12-19,56,5389,2022-01-19,0
2020-12-20,61,5450,2022-01-19,0
2020-12-21,58,5508,2022-01-19,0
2020-12-22,33,5541,2022-01-19,0
2020-12-23,46,5587,2022-01-19,0
2020-12-24,50,5637,2022-01-19,0
2020-12-25,36,5673,2022-01-19,0
2020-12-26,43,5716,2022-01-19,0
2020-12-27,41,5757,2022-01-19,0
2020-12-28,34,5791,2022-01-19,0
2020-12-29,37,5828,2022-01-19,0
2020-12-30,47,5875,2022-01-19,0
2020-12-31,36,5911,2022-01-19,0
2021-01-01,28,5939,2022-01-19,0
2021-01-02,49,5988,2022-01-19,0
2021-01-03,37,6025,2022-01-19,0
2021-01-04,32,6057,2022-01-19,0
2021-01-05,40,6097,2022-01-19,0
2021-01-06,32,6129,2022-01-19,0
2021-01-07,38,6167,2022-01-19,0
2021-01-08,32,6199,2022-01-19,0
2021-01-09,26,6225,2022-01-19,0
2021-01-10,30,6255,2022-01-19,0
2021-01-11,26,6281,2022-01-19,0
2021-01-12,32,6313,2022-01-19,0
2021-01-13,23,6336,2022-01-19,0
2021-01-14,41,6377,2022-01-19,0
2021-01-15,26,6403,2022-01-19,0
2021-01-16,30,6433,2022-01-19,0
2021-01-17,21,6454,2022-01-19,0
2021-01-18,19,6473,2022-01-19,0
2021-01-19,14,6487,2022-01-19,0
2021-01-20,26,6513,2022-01-19,0
2021-01-21,16,6529,2022-01-19,0
2021-01-22,13,6542,2022-01-19,0
2021-01-23,17,6559,2022-01-19,0
2021-01-24,24,6583,2022-01-19,0
2021-01-25,19,6602,2022-01-19,0
2021-01-26,21,6623,2022-01-19,0
2021-01-27,11,6634,2022-01-19,0
2021-01-28,12,6646,2022-01-19,0
2021-01-29,15,6661,2022-01-19,0
2021-01-30,13,6674,2022-01-19,0
2021-01-31,16,6690,2022-01-19,0
2021-02-01,17,6707,2022-01-19,0
2021-02-02,10,6717,2022-01-19,0
2021-02-03,11,6728,2022-01-19,0
2021-02-04,11,6739,2022-01-19,0
2021-02-05,12,6751,2022-01-19,0
2021-02-06,12,6763,2022-01-19,0
2021-02-07,19,6782,2022-01-19,0
2021-02-08,11,6793,2022-01-19,0
2021-02-09,15,6808,2022-01-19,0
2021-02-10,14,6822,2022-01-19,0
2021-02-11,7,6829,2022-01-19,0
2021-02-12,13,6842,2022-01-19,0
2021-02-13,8,6850,2022-01-19,0
2021-02-14,10,6860,2022-01-19,0
2021-02-15,9,6869,2022-01-19,0
2021-02-16,12,6881,2022-01-19,0
2021-02-17,10,6891,2022-01-19,0
2021-02-18,7,6898,2022-01-19,0
2021-02-19,6,6904,2022-01-19,0
2021-02-20,7,6911,2022-01-19,0
2021-02-21,4,6915,2022-01-19,0
2021-02-22,5,6920,2022-01-19,0
2021-02-23,9,6929,2022-01-19,0
2021-02-24,5,6934,2022-01-19,0
2021-02-25,5,6939,2022-01-19,0
2021-02-26,7,6946,2022-01-19,0
2021-02-27,6,6952,2022-01-19,0
2021-02-28,8,6960,2022-01-19,0
2021-03-01,7,6967,2022-01-19,0
2021-03-02,3,6970,2022-01-19,0
2021-03-03,10,6980,2022-01-19,0
2021-03-04,6,6986,2022-01-19,0
2021-03-05,10,6996,2022-01-19,0
2021-03-06,5,7001,2022-01-19,0
2021-03-07,9,7010,2022-01-19,0
2021-03-08,5,7015,2022-01-19,0
2021-03-09,7,7022,2022-01-19,0
2021-03-10,5,7027,2022-01-19,0
2021-03-11,4,7031,2022-01-19,0
2021-03-12,11,7042,2022-01-19,0
2021-03-13,5,7047,2022-01-19,0
2021-03-14,5,7052,2022-01-19,0
2021-03-15,2,7054,2022-01-19,0
2021-03-16,6,7060,2022-01-19,0
2021-03-17,4,7064,2022-01-19,0
2021-03-18,5,7069,2022-01-19,0
2021-03-19,5,7074,2022-01-19,0
2021-03-20,9,7083,2022-01-19,0
2021-03-21,5,7088,2022-01-19,0
2021-03-22,4,7092,2022-01-19,0
2021-03-23,5,7097,2022-01-19,0
2021-03-24,1,7098,2022-01-19,0
2021-03-25,5,7103,2022-01-19,0
2021-03-26,3,7106,2022-01-19,0
2021-03-27,7,7113,2022-01-19,0
2021-03-28,6,7119,2022-01-19,0
2021-03-29,5,7124,2022-01-19,0
2021-03-30,6,7130,2022-01-19,0
2021-03-31,8,7138,2022-01-19,0
2021-04-01,6,7144,2022-01-19,0
2021-04-02,9,7153,2022-01-19,0
2021-04-03,8,7161,2022-01-19,0
2021-04-04,6,7167,2022-01-19,0
2021-04-05,8,7175,2022-01-19,0
2021-04-06,7,7182,2022-01-19,0
2021-04-07,6,7188,2022-01-19,0
2021-04-08,10,7198,2022-01-19,0
2021-04-09,7,7205,2022-01-19,0
2021-04-10,7,7212,2022-01-19,0
2021-04-11,8,7220,2022-01-19,0
2021-04-12,10,7230,2022-01-19,0
2021-04-13,7,7237,2022-01-19,0
2021-04-14,8,7245,2022-01-19,0
2021-04-15,14,7259,2022-01-19,0
2021-04-16,8,7267,2022-01-19,0
2021-04-17,8,7275,2022-01-19,0
2021-04-18,8,7283,2022-01-19,0
2021-04-19,10,7293,2022-01-19,0
2021-04-20,5,7298,2022-01-19,0
2021-04-21,8,7306,2022-01-19,0
2021-04-22,3,7309,2022-01-19,0
2021-04-23,15,7324,2022-01-19,0
2021-04-24,11,7335,2022-01-19,0
2021-04-25,15,7350,2022-01-19,0
2021-04-26,15,7365,2022-01-19,0
2021-04-27,7,7372,2022-01-19,0
2021-04-28,14,7386,2022-01-19,0
2021-04-29,8,7394,2022-01-19,0
2021-04-30,11,7405,2022-01-19,0
2021-05-01,7,7412,2022-01-19,0
2021-05-02,8,7420,2022-01-19,0
2021-05-03,5,7425,2022-01-19,0
2021-05-04,13,7438,2022-01-19,0
2021-05-05,8,7446,2022-01-19,0
2021-05-06,5,7451,2022-01-19,0
2021-05-07,8,7459,2022-01-19,0
2021-05-08,7,7466,2022-01-19,0
2021-05-09,9,7475,2022-01-19,0
2021-05-10,8,7483,2022-01-19,0
2021-05-11,6,7489,2022-01-19,0
2021-05-12,9,7498,2022-01-19,0
2021-05-13,9,7507,2022-01-19,0
2021-05-14,11,7518,2022-01-19,0
2021-05-15,10,7528,2022-01-19,0
2021-05-16,6,7534,2022-01-19,0
2021-05-17,6,7540,2022-01-19,0
2021-05-18,7,7547,2022-01-19,0
2021-05-19,2,7549,2022-01-19,0
2021-05-20,5,7554,2022-01-19,0
2021-05-21,7,7561,2022-01-19,0
2021-05-22,12,7573,2022-01-19,1
2021-05-23,5,7578,2022-01-19,0
2021-05-24,5,7583,2022-01-19,0
2021-05-25,6,7589,2022-01-19,0
2021-05-26,3,7592,2022-01-19,0
2021-05-27,7,7599,2022-01-19,0
2021-05-28,2,7601,2022-01-19,0
2021-05-29,6,7607,2022-01-19,0
2021-05-30,4,7611,2022-01-19,0
2021-05-31,3,7614,2022-01-19,0
2021-06-01,5,7619,2022-01-19,0
2021-06-02,8,7627,2022-01-19,0
2021-06-03,4,7631,2022-01-19,0
2021-06-04,4,7635,2022-01-19,0
2021-06-05,2,7637,2022-01-19,0
2021-06-06,5,7642,2022-01-19,0
2021-06-07,3,7645,2022-01-19,0
2021-06-08,5,7650,2022-01-19,0
2021-06-09,4,7654,2022-01-19,0
2021-06-10,6,7660,2022-01-19,0
2021-06-11,6,7666,2022-01-19,0
2021-06-12,4,7670,2022-01-19,0
2021-06-13,4,7674,2022-01-19,0
2021-06-14,3,7677,2022-01-19,0
2021-06-15,2,7679,2022-01-19,0
2021-06-16,2,7681,2022-01-19,0
2021-06-17,4,7685,2022-01-19,0
2021-06-18,1,7686,2022-01-19,0
2021-06-19,6,7692,2022-01-19,0
2021-06-20,1,7693,2022-01-19,0
2021-06-21,5,7698,2022-01-19,0
2021-06-22,3,7701,2022-01-19,0
2021-06-23,4,7705,2022-01-19,0
2021-06-24,3,7708,2022-01-19,0
2021-06-25,3,7711,2022-01-19,0
2021-06-26,4,7715,2022-01-19,0
2021-06-27,2,7717,2022-01-19,0
2021-06-28,2,7719,2022-01-19,0
2021-06-29,2,7721,2022-01-19,0
2021-06-30,2,7723,2022-01-19,0
2021-07-01,0,7723,2022-01-19,0
2021-07-02,2,7725,2022-01-19,0
2021-07-03,2,7727,2022-01-19,0
2021-07-04,3,7730,2022-01-19,0
2021-07-05,1,7731,2022-01-19,0
2021-07-06,5,7736,2022-01-19,1
2021-07-07,1,7737,2022-01-19,0
2021-07-08,1,7738,2022-01-19,0
2021-07-09,0,7738,2022-01-19,0
2021-07-10,1,7739,2022-01-19,0
2021-07-11,3,7742,2022-01-19,0
2021-07-12,1,7743,2022-01-19,0
2021-07-13,2,7745,2022-01-19,0
2021-07-14,2,7747,2022-01-19,0
2021-07-15,2,7749,2022-01-19,0
2021-07-16,1,7750,2022-01-19,0
2021-07-17,1,7751,2022-01-19,0
2021-07-18,0,7751,2022-01-19,0
2021-07-19,0,7751,2022-01-19,0
2021-07-20,2,7753,2022-01-19,0
2021-07-21,2,7755,2022-01-19,0
2021-07-22,2,7757,2022-01-19,0
2021-07-23,3,7760,2022-01-19,0
2021-07-24,0,7760,2022-01-19,0
2021-07-25,2,7762,2022-01-19,0
2021-07-26,1,7763,2022-01-19,0
2021-07-27,2,7765,2022-01-19,0
2021-07-28,3,7768,2022-01-19,0
2021-07-29,2,7770,2022-01-19,0
2021-07-30,5,7775,2022-01-19,0
2021-07-31,4,7779,2022-01-19,0
2021-08-01,1,7780,2022-01-19,0
2021-08-02,3,7783,2022-01-19,0
2021-08-03,2,7785,2022-01-19,0
2021-08-04,3,7788,2022-01-19,0
2021-08-05,2,7790,2022-01-19,0
2021-08-06,8,7798,2022-01-19,1
2021-08-07,3,7801,2022-01-19,0
2021-08-08,3,7804,2022-01-19,1
2021-08-09,3,7807,2022-01-19,0
2021-08-10,2,7809,2022-01-19,0
2021-08-11,2,7811,2022-01-19,0
2021-08-12,7,7818,2022-01-19,0
2021-08-13,5,7823,2022-01-19,0
2021-08-14,6,7829,2022-01-19,0
2021-08-15,0,7829,2022-01-19,0
2021-08-16,7,7836,2022-01-19,0
2021-08-17,7,7843,2022-01-19,0
2021-08-18,9,7852,2022-01-19,0
2021-08-19,2,7854,2022-01-19,0
2021-08-20,3,7857,2022-01-19,0
2021-08-21,5,7862,2022-01-19,0
2021-08-22,7,7869,2022-01-19,0
2021-08-23,5,7874,2022-01-19,0
2021-08-24,12,7886,2022-01-19,0
2021-08-25,7,7893,2022-01-19,0
2021-08-26,2,7895,2022-01-19,0
2021-08-27,6,7901,2022-01-19,0
2021-08-28,11,7912,2022-01-19,0
2021-08-29,11,7923,2022-01-19,0
2021-08-30,8,7931,2022-01-19,0
2021-08-31,6,7937,2022-01-19,0
2021-09-01,6,7943,2022-01-19,0
2021-09-02,6,7949,2022-01-19,0
2021-09-03,9,7958,2022-01-19,0
2021-09-04,9,7967,2022-01-19,0
2021-09-05,10,7977,2022-01-19,0
2021-09-06,8,7985,2022-01-19,0
2021-09-07,7,7992,2022-01-19,0
2021-09-08,11,8003,2022-01-19,0
2021-09-09,5,8008,2022-01-19,0
2021-09-10,9,8017,2022-01-19,0
2021-09-11,17,8034,2022-01-19,0
2021-09-12,10,8044,2022-01-19,0
2021-09-13,7,8051,2022-01-19,0
2021-09-14,11,8062,2022-01-19,0
2021-09-15,14,8076,2022-01-19,0
2021-09-16,16,8092,2022-01-19,0
2021-09-17,8,8100,2022-01-19,0
2021-09-18,13,8113,2022-01-19,0
2021-09-19,11,8124,2022-01-19,0
2021-09-20,16,8140,2022-01-19,0
2021-09-21,15,8155,2022-01-19,0
2021-09-22,17,8172,2022-01-19,0
2021-09-23,13,8185,2022-01-19,0
2021-09-24,13,8198,2022-01-19,0
2021-09-25,16,8214,2022-01-19,0
2021-09-26,15,8229,2022-01-19,0
2021-09-27,15,8244,2022-01-19,0
2021-09-28,11,8255,2022-01-19,0
2021-09-29,19,8274,2022-01-19,0
2021-09-30,17,8291,2022-01-19,0
2021-10-01,13,8304,2022-01-19,0
2021-10-02,15,8319,2022-01-19,0
2021-10-03,23,8342,2022-01-19,0
2021-10-04,15,8357,2022-01-19,0
2021-10-05,23,8380,2022-01-19,0
2021-10-06,21,8401,2022-01-19,0
2021-10-07,14,8415,2022-01-19,0
2021-10-08,22,8437,2022-01-19,0
2021-10-09,20,8457,2022-01-19,0
2021-10-10,13,8470,2022-01-19,0
2021-10-11,11,8481,2022-01-19,0
2021-10-12,25,8506,2022-01-19,0
2021-10-13,21,8527,2022-01-19,0
2021-10-14,22,8549,2022-01-19,0
2021-10-15,14,8563,2022-01-19,0
2021-10-16,20,8583,2022-01-19,0
2021-10-17,17,8600,2022-01-19,0
2021-10-18,17,8617,2022-01-19,0
2021-10-19,25,8642,2022-01-19,0
2021-10-20,16,8658,2022-01-19,0
2021-10-21,9,8667,2022-01-19,0
2021-10-22,23,8690,2022-01-19,0
2021-10-23,24,8714,2022-01-19,0
2021-10-24,24,8738,2022-01-19,0
2021-10-25,20,8758,2022-01-19,0
2021-10-26,22,8780,2022-01-19,0
2021-10-27,16,8796,2022-01-19,0
2021-10-28,24,8820,2022-01-19,0
2021-10-29,20,8840,2022-01-19,0
2021-10-30,19,8859,2022-01-19,0
2021-10-31,26,8885,2022-01-19,0
2021-11-01,18,8903,2022-01-19,0
2021-11-02,18,8921,2022-01-19,0
2021-11-03,27,8948,2022-01-19,0
2021-11-04,27,8975,2022-01-19,0
2021-11-05,29,9004,2022-01-19,0
2021-11-06,16,9020,2022-01-19,0
2021-11-07,24,9044,2022-01-19,0
2021-11-08,27,9071,2022-01-19,0
2021-11-09,16,9087,2022-01-19,0
2021-11-10,18,9105,2022-01-19,0
2021-11-11,28,9133,2022-01-19,0
2021-11-12,29,9162,2022-01-19,0
2021-11-13,31,9193,2022-01-19,0
2021-11-14,24,9217,2022-01-19,0
2021-11-15,28,9245,2022-01-19,0
2021-11-16,25,9270,2022-01-19,0
2021-11-17,37,9307,2022-01-19,0
2021-11-18,36,9343,2022-01-19,0
2021-11-19,34,9377,2022-01-19,0
2021-11-20,30,9407,2022-01-19,0
2021-11-21,32,9439,2022-01-19,0
2021-11-22,29,9468,2022-01-19,0
2021-11-23,31,9499,2022-01-19,0
2021-11-24,24,9523,2022-01-19,0
2021-11-25,35,9558,2022-01-19,0
2021-11-26,50,9608,2022-01-19,0
2021-11-27,36,9644,2022-01-19,0
2021-11-28,38,9682,2022-01-19,0
2021-11-29,28,9710,2022-01-19,0
2021-11-30,30,9740,2022-01-19,0
2021-12-01,47,9787,2022-01-19,0
2021-12-02,40,9827,2022-01-19,0
2021-12-03,31,9858,2022-01-19,0
2021-12-04,41,9899,2022-01-19,0
2021-12-05,35,9934,2022-01-19,0
2021-12-06,33,9967,2022-01-19,1
2021-12-07,34,10001,2022-01-19,0
2021-12-08,37,10038,2022-01-19,0
2021-12-09,47,10085,2022-01-19,0
2021-12-10,34,10119,2022-01-19,0
2021-12-11,26,10145,2022-01-19,0
2021-12-12,35,10180,2022-01-19,0
2021-12-13,32,10212,2022-01-19,1
2021-12-14,34,10246,2022-01-19,1
2021-12-15,39,10285,2022-01-19,0
2021-12-16,28,10313,2022-01-19,0
2021-12-17,39,10352,2022-01-19,0
2021-12-18,30,10382,2022-01-19,0
2021-12-19,30,10412,2022-01-19,0
2021-12-20,33,10445,2022-01-19,0
2021-12-21,26,10471,2022-01-19,0
2021-12-22,27,10498,2022-01-19,0
2021-12-23,25,10523,2022-01-19,0
2021-12-24,29,10552,2022-01-19,0
2021-12-25,28,10580,2022-01-19,1
2021-12-26,42,10622,2022-01-19,0
2021-12-27,30,10652,2022-01-19,0
2021-12-28,34,10686,2022-01-19,0
2021-12-29,26,10712,2022-01-19,0
2021-12-30,18,10730,2022-01-19,1
2021-12-31,38,10768,2022-01-19,1
2022-01-01,26,10794,2022-01-19,0
2022-01-02,22,10816,2022-01-19,1
2022-01-03,19,10835,2022-01-19,0
2022-01-04,26,10861,2022-01-19,1
2022-01-05,28,10889,2022-01-19,2
2022-01-06,29,10918,2022-01-19,5
2022-01-07,23,10941,2022-01-19,2
2022-01-08,33,10974,2022-01-19,2
2022-01-09,16,10990,2022-01-19,0
2022-01-10,22,11012,2022-01-19,3
2022-01-11,10,11022,2022-01-19,1
2022-01-12,9,11031,2022-01-19,4
2022-01-13,4,11035,2022-01-19,4
2022-01-14,2,11037,2022-01-19,2
NA,0,11037,2022-01-19,0
2020-03-19,1,1,2022-01-20,0
2020-03-20,0,1,2022-01-20,0
2020-03-21,0,1,2022-01-20,0
2020-03-22,0,1,2022-01-20,0
2020-03-23,0,1,2022-01-20,0
2020-03-24,1,2,2022-01-20,0
2020-03-25,1,3,2022-01-20,0
2020-03-26,1,4,2022-01-20,0
2020-03-27,5,9,2022-01-20,0
2020-03-28,3,12,2022-01-20,0
2020-03-29,0,12,2022-01-20,0
2020-03-30,5,17,2022-01-20,0
2020-03-31,2,19,2022-01-20,0
2020-04-01,5,24,2022-01-20,0
2020-04-02,3,27,2022-01-20,0
2020-04-03,1,28,2022-01-20,0
2020-04-04,5,33,2022-01-20,0
2020-04-05,5,38,2022-01-20,0
2020-04-06,10,48,2022-01-20,0
2020-04-07,6,54,2022-01-20,0
2020-04-08,7,61,2022-01-20,0
2020-04-09,8,69,2022-01-20,0
2020-04-10,6,75,2022-01-20,0
2020-04-11,4,79,2022-01-20,0
2020-04-12,4,83,2022-01-20,0
2020-04-13,10,93,2022-01-20,0
2020-04-14,6,99,2022-01-20,0
2020-04-15,17,116,2022-01-20,0
2020-04-16,10,126,2022-01-20,0
2020-04-17,17,143,2022-01-20,0
2020-04-18,17,160,2022-01-20,0
2020-04-19,16,176,2022-01-20,0
2020-04-20,21,197,2022-01-20,0
2020-04-21,26,223,2022-01-20,0
2020-04-22,21,244,2022-01-20,0
2020-04-23,19,263,2022-01-20,0
2020-04-24,23,286,2022-01-20,0
2020-04-25,18,304,2022-01-20,0
2020-04-26,17,321,2022-01-20,0
2020-04-27,21,342,2022-01-20,0
2020-04-28,16,358,2022-01-20,0
2020-04-29,29,387,2022-01-20,0
2020-04-30,18,405,2022-01-20,0
2020-05-01,30,435,2022-01-20,0
2020-05-02,19,454,2022-01-20,0
2020-05-03,29,483,2022-01-20,0
2020-05-04,23,506,2022-01-20,0
2020-05-05,19,525,2022-01-20,0
2020-05-06,25,550,2022-01-20,0
2020-05-07,30,580,2022-01-20,0
2020-05-08,20,600,2022-01-20,0
2020-05-09,26,626,2022-01-20,0
2020-05-10,19,645,2022-01-20,0
2020-05-11,25,670,2022-01-20,0
2020-05-12,20,690,2022-01-20,0
2020-05-13,22,712,2022-01-20,0
2020-05-14,20,732,2022-01-20,0
2020-05-15,20,752,2022-01-20,0
2020-05-16,20,772,2022-01-20,0
2020-05-17,23,795,2022-01-20,0
2020-05-18,18,813,2022-01-20,0
2020-05-19,35,848,2022-01-20,0
2020-05-20,24,872,2022-01-20,0
2020-05-21,17,889,2022-01-20,0
2020-05-22,20,909,2022-01-20,0
2020-05-23,26,935,2022-01-20,0
2020-05-24,25,960,2022-01-20,0
2020-05-25,30,990,2022-01-20,0
2020-05-26,29,1019,2022-01-20,0
2020-05-27,25,1044,2022-01-20,0
2020-05-28,21,1065,2022-01-20,0
2020-05-29,17,1082,2022-01-20,0
2020-05-30,11,1093,2022-01-20,0
2020-05-31,20,1113,2022-01-20,0
2020-06-01,23,1136,2022-01-20,0
2020-06-02,21,1157,2022-01-20,0
2020-06-03,25,1182,2022-01-20,0
2020-06-04,26,1208,2022-01-20,0
2020-06-05,18,1226,2022-01-20,0
2020-06-06,12,1238,2022-01-20,0
2020-06-07,22,1260,2022-01-20,0
2020-06-08,12,1272,2022-01-20,0
2020-06-09,13,1285,2022-01-20,0
2020-06-10,10,1295,2022-01-20,0
2020-06-11,12,1307,2022-01-20,0
2020-06-12,11,1318,2022-01-20,0
2020-06-13,13,1331,2022-01-20,0
2020-06-14,11,1342,2022-01-20,0
2020-06-15,8,1350,2022-01-20,0
2020-06-16,9,1359,2022-01-20,0
2020-06-17,17,1376,2022-01-20,0
2020-06-18,9,1385,2022-01-20,0
2020-06-19,8,1393,2022-01-20,0
2020-06-20,12,1405,2022-01-20,0
2020-06-21,11,1416,2022-01-20,0
2020-06-22,6,1422,2022-01-20,0
2020-06-23,10,1432,2022-01-20,0
2020-06-24,1,1433,2022-01-20,0
2020-06-25,9,1442,2022-01-20,0
2020-06-26,6,1448,2022-01-20,0
2020-06-27,5,1453,2022-01-20,0
2020-06-28,11,1464,2022-01-20,0
2020-06-29,7,1471,2022-01-20,0
2020-06-30,9,1480,2022-01-20,0
2020-07-01,2,1482,2022-01-20,0
2020-07-02,3,1485,2022-01-20,0
2020-07-03,5,1490,2022-01-20,0
2020-07-04,4,1494,2022-01-20,0
2020-07-05,6,1500,2022-01-20,0
2020-07-06,4,1504,2022-01-20,0
2020-07-07,2,1506,2022-01-20,0
2020-07-08,9,1515,2022-01-20,0
2020-07-09,4,1519,2022-01-20,0
2020-07-10,3,1522,2022-01-20,0
2020-07-11,4,1526,2022-01-20,0
2020-07-12,6,1532,2022-01-20,0
2020-07-13,2,1534,2022-01-20,0
2020-07-14,6,1540,2022-01-20,0
2020-07-15,7,1547,2022-01-20,0
2020-07-16,3,1550,2022-01-20,0
2020-07-17,7,1557,2022-01-20,0
2020-07-18,6,1563,2022-01-20,0
2020-07-19,5,1568,2022-01-20,0
2020-07-20,3,1571,2022-01-20,0
2020-07-21,6,1577,2022-01-20,0
2020-07-22,5,1582,2022-01-20,0
2020-07-23,8,1590,2022-01-20,0
2020-07-24,6,1596,2022-01-20,0
2020-07-25,2,1598,2022-01-20,0
2020-07-26,5,1603,2022-01-20,0
2020-07-27,5,1608,2022-01-20,0
2020-07-28,7,1615,2022-01-20,0
2020-07-29,3,1618,2022-01-20,0
2020-07-30,6,1624,2022-01-20,0
2020-07-31,9,1633,2022-01-20,0
2020-08-01,4,1637,2022-01-20,0
2020-08-02,7,1644,2022-01-20,0
2020-08-03,4,1648,2022-01-20,0
2020-08-04,7,1655,2022-01-20,0
2020-08-05,8,1663,2022-01-20,0
2020-08-06,9,1672,2022-01-20,0
2020-08-07,7,1679,2022-01-20,0
2020-08-08,6,1685,2022-01-20,0
2020-08-09,10,1695,2022-01-20,0
2020-08-10,3,1698,2022-01-20,0
2020-08-11,9,1707,2022-01-20,0
2020-08-12,7,1714,2022-01-20,0
2020-08-13,5,1719,2022-01-20,0
2020-08-14,9,1728,2022-01-20,0
2020-08-15,13,1741,2022-01-20,0
2020-08-16,13,1754,2022-01-20,0
2020-08-17,6,1760,2022-01-20,0
2020-08-18,11,1771,2022-01-20,0
2020-08-19,3,1774,2022-01-20,0
2020-08-20,10,1784,2022-01-20,0
2020-08-21,12,1796,2022-01-20,0
2020-08-22,9,1805,2022-01-20,0
2020-08-23,7,1812,2022-01-20,0
2020-08-24,9,1821,2022-01-20,0
2020-08-25,4,1825,2022-01-20,0
2020-08-26,3,1828,2022-01-20,0
2020-08-27,7,1835,2022-01-20,0
2020-08-28,6,1841,2022-01-20,0
2020-08-29,3,1844,2022-01-20,0
2020-08-30,5,1849,2022-01-20,0
2020-08-31,9,1858,2022-01-20,0
2020-09-01,2,1860,2022-01-20,0
2020-09-02,7,1867,2022-01-20,0
2020-09-03,12,1879,2022-01-20,0
2020-09-04,4,1883,2022-01-20,0
2020-09-05,6,1889,2022-01-20,0
2020-09-06,12,1901,2022-01-20,0
2020-09-07,3,1904,2022-01-20,0
2020-09-08,6,1910,2022-01-20,0
2020-09-09,10,1920,2022-01-20,0
2020-09-10,9,1929,2022-01-20,0
2020-09-11,11,1940,2022-01-20,0
2020-09-12,8,1948,2022-01-20,0
2020-09-13,8,1956,2022-01-20,0
2020-09-14,2,1958,2022-01-20,0
2020-09-15,7,1965,2022-01-20,0
2020-09-16,9,1974,2022-01-20,0
2020-09-17,5,1979,2022-01-20,0
2020-09-18,6,1985,2022-01-20,0
2020-09-19,4,1989,2022-01-20,0
2020-09-20,9,1998,2022-01-20,0
2020-09-21,7,2005,2022-01-20,0
2020-09-22,8,2013,2022-01-20,0
2020-09-23,9,2022,2022-01-20,0
2020-09-24,8,2030,2022-01-20,0
2020-09-25,11,2041,2022-01-20,0
2020-09-26,9,2050,2022-01-20,0
2020-09-27,14,2064,2022-01-20,0
2020-09-28,11,2075,2022-01-20,0
2020-09-29,5,2080,2022-01-20,0
2020-09-30,16,2096,2022-01-20,0
2020-10-01,7,2103,2022-01-20,0
2020-10-02,13,2116,2022-01-20,0
2020-10-03,9,2125,2022-01-20,0
2020-10-04,7,2132,2022-01-20,0
2020-10-05,10,2142,2022-01-20,0
2020-10-06,13,2155,2022-01-20,0
2020-10-07,19,2174,2022-01-20,0
2020-10-08,9,2183,2022-01-20,0
2020-10-09,17,2200,2022-01-20,0
2020-10-10,16,2216,2022-01-20,0
2020-10-11,16,2232,2022-01-20,0
2020-10-12,20,2252,2022-01-20,0
2020-10-13,14,2266,2022-01-20,0
2020-10-14,10,2276,2022-01-20,0
2020-10-15,9,2285,2022-01-20,0
2020-10-16,12,2297,2022-01-20,0
2020-10-17,18,2315,2022-01-20,0
2020-10-18,25,2340,2022-01-20,0
2020-10-19,18,2358,2022-01-20,0
2020-10-20,15,2373,2022-01-20,0
2020-10-21,24,2397,2022-01-20,0
2020-10-22,18,2415,2022-01-20,0
2020-10-23,19,2434,2022-01-20,0
2020-10-24,8,2442,2022-01-20,0
2020-10-25,17,2459,2022-01-20,0
2020-10-26,25,2484,2022-01-20,0
2020-10-27,23,2507,2022-01-20,0
2020-10-28,29,2536,2022-01-20,0
2020-10-29,18,2554,2022-01-20,0
2020-10-30,27,2581,2022-01-20,0
2020-10-31,25,2606,2022-01-20,0
2020-11-01,21,2627,2022-01-20,0
2020-11-02,25,2652,2022-01-20,0
2020-11-03,25,2677,2022-01-20,0
2020-11-04,33,2710,2022-01-20,0
2020-11-05,38,2748,2022-01-20,0
2020-11-06,39,2787,2022-01-20,0
2020-11-07,42,2829,2022-01-20,0
2020-11-08,47,2876,2022-01-20,0
2020-11-09,37,2913,2022-01-20,0
2020-11-10,35,2948,2022-01-20,0
2020-11-11,43,2991,2022-01-20,0
2020-11-12,45,3036,2022-01-20,0
2020-11-13,40,3076,2022-01-20,0
2020-11-14,48,3124,2022-01-20,0
2020-11-15,46,3170,2022-01-20,0
2020-11-16,62,3232,2022-01-20,0
2020-11-17,56,3288,2022-01-20,0
2020-11-18,61,3349,2022-01-20,0
2020-11-19,60,3409,2022-01-20,0
2020-11-20,63,3472,2022-01-20,0
2020-11-21,58,3530,2022-01-20,0
2020-11-22,67,3597,2022-01-20,0
2020-11-23,59,3656,2022-01-20,0
2020-11-24,69,3725,2022-01-20,0
2020-11-25,72,3797,2022-01-20,0
2020-11-26,54,3851,2022-01-20,0
2020-11-27,69,3920,2022-01-20,0
2020-11-28,62,3982,2022-01-20,0
2020-11-29,68,4050,2022-01-20,0
2020-11-30,61,4111,2022-01-20,0
2020-12-01,64,4175,2022-01-20,0
2020-12-02,73,4248,2022-01-20,0
2020-12-03,86,4334,2022-01-20,0
2020-12-04,67,4401,2022-01-20,0
2020-12-05,74,4475,2022-01-20,0
2020-12-06,80,4555,2022-01-20,0
2020-12-07,75,4630,2022-01-20,0
2020-12-08,61,4691,2022-01-20,0
2020-12-09,71,4762,2022-01-20,0
2020-12-10,72,4834,2022-01-20,0
2020-12-11,71,4905,2022-01-20,0
2020-12-12,72,4977,2022-01-20,0
2020-12-13,56,5033,2022-01-20,0
2020-12-14,43,5076,2022-01-20,0
2020-12-15,65,5141,2022-01-20,0
2020-12-16,73,5214,2022-01-20,0
2020-12-17,60,5274,2022-01-20,0
2020-12-18,59,5333,2022-01-20,0
2020-12-19,56,5389,2022-01-20,0
2020-12-20,61,5450,2022-01-20,0
2020-12-21,58,5508,2022-01-20,0
2020-12-22,33,5541,2022-01-20,0
2020-12-23,46,5587,2022-01-20,0
2020-12-24,50,5637,2022-01-20,0
2020-12-25,36,5673,2022-01-20,0
2020-12-26,43,5716,2022-01-20,0
2020-12-27,41,5757,2022-01-20,0
2020-12-28,34,5791,2022-01-20,0
2020-12-29,37,5828,2022-01-20,0
2020-12-30,47,5875,2022-01-20,0
2020-12-31,36,5911,2022-01-20,0
2021-01-01,28,5939,2022-01-20,0
2021-01-02,49,5988,2022-01-20,0
2021-01-03,37,6025,2022-01-20,0
2021-01-04,32,6057,2022-01-20,0
2021-01-05,40,6097,2022-01-20,0
2021-01-06,32,6129,2022-01-20,0
2021-01-07,38,6167,2022-01-20,0
2021-01-08,32,6199,2022-01-20,0
2021-01-09,26,6225,2022-01-20,0
2021-01-10,30,6255,2022-01-20,0
2021-01-11,26,6281,2022-01-20,0
2021-01-12,32,6313,2022-01-20,0
2021-01-13,23,6336,2022-01-20,0
2021-01-14,42,6378,2022-01-20,1
2021-01-15,26,6404,2022-01-20,0
2021-01-16,30,6434,2022-01-20,0
2021-01-17,21,6455,2022-01-20,0
2021-01-18,19,6474,2022-01-20,0
2021-01-19,14,6488,2022-01-20,0
2021-01-20,26,6514,2022-01-20,0
2021-01-21,16,6530,2022-01-20,0
2021-01-22,13,6543,2022-01-20,0
2021-01-23,17,6560,2022-01-20,0
2021-01-24,24,6584,2022-01-20,0
2021-01-25,19,6603,2022-01-20,0
2021-01-26,21,6624,2022-01-20,0
2021-01-27,11,6635,2022-01-20,0
2021-01-28,12,6647,2022-01-20,0
2021-01-29,15,6662,2022-01-20,0
2021-01-30,13,6675,2022-01-20,0
2021-01-31,16,6691,2022-01-20,0
2021-02-01,17,6708,2022-01-20,0
2021-02-02,10,6718,2022-01-20,0
2021-02-03,11,6729,2022-01-20,0
2021-02-04,11,6740,2022-01-20,0
2021-02-05,12,6752,2022-01-20,0
2021-02-06,12,6764,2022-01-20,0
2021-02-07,19,6783,2022-01-20,0
2021-02-08,11,6794,2022-01-20,0
2021-02-09,15,6809,2022-01-20,0
2021-02-10,14,6823,2022-01-20,0
2021-02-11,7,6830,2022-01-20,0
2021-02-12,13,6843,2022-01-20,0
2021-02-13,8,6851,2022-01-20,0
2021-02-14,10,6861,2022-01-20,0
2021-02-15,9,6870,2022-01-20,0
2021-02-16,12,6882,2022-01-20,0
2021-02-17,10,6892,2022-01-20,0
2021-02-18,7,6899,2022-01-20,0
2021-02-19,6,6905,2022-01-20,0
2021-02-20,7,6912,2022-01-20,0
2021-02-21,4,6916,2022-01-20,0
2021-02-22,5,6921,2022-01-20,0
2021-02-23,9,6930,2022-01-20,0
2021-02-24,5,6935,2022-01-20,0
2021-02-25,5,6940,2022-01-20,0
2021-02-26,7,6947,2022-01-20,0
2021-02-27,6,6953,2022-01-20,0
2021-02-28,8,6961,2022-01-20,0
2021-03-01,7,6968,2022-01-20,0
2021-03-02,3,6971,2022-01-20,0
2021-03-03,10,6981,2022-01-20,0
2021-03-04,6,6987,2022-01-20,0
2021-03-05,10,6997,2022-01-20,0
2021-03-06,5,7002,2022-01-20,0
2021-03-07,9,7011,2022-01-20,0
2021-03-08,5,7016,2022-01-20,0
2021-03-09,7,7023,2022-01-20,0
2021-03-10,5,7028,2022-01-20,0
2021-03-11,4,7032,2022-01-20,0
2021-03-12,11,7043,2022-01-20,0
2021-03-13,5,7048,2022-01-20,0
2021-03-14,5,7053,2022-01-20,0
2021-03-15,2,7055,2022-01-20,0
2021-03-16,6,7061,2022-01-20,0
2021-03-17,4,7065,2022-01-20,0
2021-03-18,5,7070,2022-01-20,0
2021-03-19,5,7075,2022-01-20,0
2021-03-20,9,7084,2022-01-20,0
2021-03-21,5,7089,2022-01-20,0
2021-03-22,4,7093,2022-01-20,0
2021-03-23,5,7098,2022-01-20,0
2021-03-24,1,7099,2022-01-20,0
2021-03-25,5,7104,2022-01-20,0
2021-03-26,3,7107,2022-01-20,0
2021-03-27,7,7114,2022-01-20,0
2021-03-28,6,7120,2022-01-20,0
2021-03-29,5,7125,2022-01-20,0
2021-03-30,6,7131,2022-01-20,0
2021-03-31,8,7139,2022-01-20,0
2021-04-01,6,7145,2022-01-20,0
2021-04-02,9,7154,2022-01-20,0
2021-04-03,8,7162,2022-01-20,0
2021-04-04,6,7168,2022-01-20,0
2021-04-05,8,7176,2022-01-20,0
2021-04-06,7,7183,2022-01-20,0
2021-04-07,6,7189,2022-01-20,0
2021-04-08,10,7199,2022-01-20,0
2021-04-09,7,7206,2022-01-20,0
2021-04-10,7,7213,2022-01-20,0
2021-04-11,8,7221,2022-01-20,0
2021-04-12,10,7231,2022-01-20,0
2021-04-13,7,7238,2022-01-20,0
2021-04-14,8,7246,2022-01-20,0
2021-04-15,14,7260,2022-01-20,0
2021-04-16,8,7268,2022-01-20,0
2021-04-17,8,7276,2022-01-20,0
2021-04-18,8,7284,2022-01-20,0
2021-04-19,10,7294,2022-01-20,0
2021-04-20,5,7299,2022-01-20,0
2021-04-21,8,7307,2022-01-20,0
2021-04-22,3,7310,2022-01-20,0
2021-04-23,15,7325,2022-01-20,0
2021-04-24,11,7336,2022-01-20,0
2021-04-25,15,7351,2022-01-20,0
2021-04-26,15,7366,2022-01-20,0
2021-04-27,7,7373,2022-01-20,0
2021-04-28,14,7387,2022-01-20,0
2021-04-29,8,7395,2022-01-20,0
2021-04-30,11,7406,2022-01-20,0
2021-05-01,7,7413,2022-01-20,0
2021-05-02,8,7421,2022-01-20,0
2021-05-03,5,7426,2022-01-20,0
2021-05-04,13,7439,2022-01-20,0
2021-05-05,8,7447,2022-01-20,0
2021-05-06,5,7452,2022-01-20,0
2021-05-07,8,7460,2022-01-20,0
2021-05-08,7,7467,2022-01-20,0
2021-05-09,9,7476,2022-01-20,0
2021-05-10,8,7484,2022-01-20,0
2021-05-11,6,7490,2022-01-20,0
2021-05-12,9,7499,2022-01-20,0
2021-05-13,9,7508,2022-01-20,0
2021-05-14,11,7519,2022-01-20,0
2021-05-15,10,7529,2022-01-20,0
2021-05-16,6,7535,2022-01-20,0
2021-05-17,6,7541,2022-01-20,0
2021-05-18,7,7548,2022-01-20,0
2021-05-19,2,7550,2022-01-20,0
2021-05-20,5,7555,2022-01-20,0
2021-05-21,7,7562,2022-01-20,0
2021-05-22,12,7574,2022-01-20,0
2021-05-23,5,7579,2022-01-20,0
2021-05-24,5,7584,2022-01-20,0
2021-05-25,6,7590,2022-01-20,0
2021-05-26,3,7593,2022-01-20,0
2021-05-27,7,7600,2022-01-20,0
2021-05-28,2,7602,2022-01-20,0
2021-05-29,6,7608,2022-01-20,0
2021-05-30,4,7612,2022-01-20,0
2021-05-31,3,7615,2022-01-20,0
2021-06-01,5,7620,2022-01-20,0
2021-06-02,8,7628,2022-01-20,0
2021-06-03,4,7632,2022-01-20,0
2021-06-04,4,7636,2022-01-20,0
2021-06-05,2,7638,2022-01-20,0
2021-06-06,5,7643,2022-01-20,0
2021-06-07,3,7646,2022-01-20,0
2021-06-08,5,7651,2022-01-20,0
2021-06-09,4,7655,2022-01-20,0
2021-06-10,6,7661,2022-01-20,0
2021-06-11,6,7667,2022-01-20,0
2021-06-12,4,7671,2022-01-20,0
2021-06-13,4,7675,2022-01-20,0
2021-06-14,3,7678,2022-01-20,0
2021-06-15,2,7680,2022-01-20,0
2021-06-16,2,7682,2022-01-20,0
2021-06-17,4,7686,2022-01-20,0
2021-06-18,1,7687,2022-01-20,0
2021-06-19,6,7693,2022-01-20,0
2021-06-20,1,7694,2022-01-20,0
2021-06-21,5,7699,2022-01-20,0
2021-06-22,3,7702,2022-01-20,0
2021-06-23,4,7706,2022-01-20,0
2021-06-24,3,7709,2022-01-20,0
2021-06-25,3,7712,2022-01-20,0
2021-06-26,4,7716,2022-01-20,0
2021-06-27,2,7718,2022-01-20,0
2021-06-28,2,7720,2022-01-20,0
2021-06-29,2,7722,2022-01-20,0
2021-06-30,2,7724,2022-01-20,0
2021-07-01,0,7724,2022-01-20,0
2021-07-02,2,7726,2022-01-20,0
2021-07-03,2,7728,2022-01-20,0
2021-07-04,3,7731,2022-01-20,0
2021-07-05,1,7732,2022-01-20,0
2021-07-06,5,7737,2022-01-20,0
2021-07-07,1,7738,2022-01-20,0
2021-07-08,1,7739,2022-01-20,0
2021-07-09,0,7739,2022-01-20,0
2021-07-10,1,7740,2022-01-20,0
2021-07-11,3,7743,2022-01-20,0
2021-07-12,1,7744,2022-01-20,0
2021-07-13,2,7746,2022-01-20,0
2021-07-14,2,7748,2022-01-20,0
2021-07-15,2,7750,2022-01-20,0
2021-07-16,1,7751,2022-01-20,0
2021-07-17,1,7752,2022-01-20,0
2021-07-18,0,7752,2022-01-20,0
2021-07-19,0,7752,2022-01-20,0
2021-07-20,2,7754,2022-01-20,0
2021-07-21,2,7756,2022-01-20,0
2021-07-22,2,7758,2022-01-20,0
2021-07-23,3,7761,2022-01-20,0
2021-07-24,0,7761,2022-01-20,0
2021-07-25,2,7763,2022-01-20,0
2021-07-26,1,7764,2022-01-20,0
2021-07-27,2,7766,2022-01-20,0
2021-07-28,3,7769,2022-01-20,0
2021-07-29,2,7771,2022-01-20,0
2021-07-30,5,7776,2022-01-20,0
2021-07-31,4,7780,2022-01-20,0
2021-08-01,1,7781,2022-01-20,0
2021-08-02,3,7784,2022-01-20,0
2021-08-03,2,7786,2022-01-20,0
2021-08-04,3,7789,2022-01-20,0
2021-08-05,2,7791,2022-01-20,0
2021-08-06,8,7799,2022-01-20,0
2021-08-07,3,7802,2022-01-20,0
2021-08-08,3,7805,2022-01-20,0
2021-08-09,3,7808,2022-01-20,0
2021-08-10,2,7810,2022-01-20,0
2021-08-11,2,7812,2022-01-20,0
2021-08-12,7,7819,2022-01-20,0
2021-08-13,5,7824,2022-01-20,0
2021-08-14,6,7830,2022-01-20,0
2021-08-15,0,7830,2022-01-20,0
2021-08-16,7,7837,2022-01-20,0
2021-08-17,7,7844,2022-01-20,0
2021-08-18,9,7853,2022-01-20,0
2021-08-19,2,7855,2022-01-20,0
2021-08-20,3,7858,2022-01-20,0
2021-08-21,5,7863,2022-01-20,0
2021-08-22,7,7870,2022-01-20,0
2021-08-23,5,7875,2022-01-20,0
2021-08-24,12,7887,2022-01-20,0
2021-08-25,7,7894,2022-01-20,0
2021-08-26,2,7896,2022-01-20,0
2021-08-27,6,7902,2022-01-20,0
2021-08-28,11,7913,2022-01-20,0
2021-08-29,11,7924,2022-01-20,0
2021-08-30,8,7932,2022-01-20,0
2021-08-31,6,7938,2022-01-20,0
2021-09-01,6,7944,2022-01-20,0
2021-09-02,6,7950,2022-01-20,0
2021-09-03,9,7959,2022-01-20,0
2021-09-04,9,7968,2022-01-20,0
2021-09-05,10,7978,2022-01-20,0
2021-09-06,8,7986,2022-01-20,0
2021-09-07,7,7993,2022-01-20,0
2021-09-08,11,8004,2022-01-20,0
2021-09-09,5,8009,2022-01-20,0
2021-09-10,9,8018,2022-01-20,0
2021-09-11,17,8035,2022-01-20,0
2021-09-12,10,8045,2022-01-20,0
2021-09-13,7,8052,2022-01-20,0
2021-09-14,11,8063,2022-01-20,0
2021-09-15,14,8077,2022-01-20,0
2021-09-16,16,8093,2022-01-20,0
2021-09-17,8,8101,2022-01-20,0
2021-09-18,13,8114,2022-01-20,0
2021-09-19,11,8125,2022-01-20,0
2021-09-20,16,8141,2022-01-20,0
2021-09-21,15,8156,2022-01-20,0
2021-09-22,17,8173,2022-01-20,0
2021-09-23,13,8186,2022-01-20,0
2021-09-24,13,8199,2022-01-20,0
2021-09-25,16,8215,2022-01-20,0
2021-09-26,15,8230,2022-01-20,0
2021-09-27,15,8245,2022-01-20,0
2021-09-28,11,8256,2022-01-20,0
2021-09-29,19,8275,2022-01-20,0
2021-09-30,17,8292,2022-01-20,0
2021-10-01,13,8305,2022-01-20,0
2021-10-02,15,8320,2022-01-20,0
2021-10-03,23,8343,2022-01-20,0
2021-10-04,15,8358,2022-01-20,0
2021-10-05,23,8381,2022-01-20,0
2021-10-06,21,8402,2022-01-20,0
2021-10-07,14,8416,2022-01-20,0
2021-10-08,22,8438,2022-01-20,0
2021-10-09,20,8458,2022-01-20,0
2021-10-10,13,8471,2022-01-20,0
2021-10-11,11,8482,2022-01-20,0
2021-10-12,25,8507,2022-01-20,0
2021-10-13,21,8528,2022-01-20,0
2021-10-14,22,8550,2022-01-20,0
2021-10-15,14,8564,2022-01-20,0
2021-10-16,20,8584,2022-01-20,0
2021-10-17,17,8601,2022-01-20,0
2021-10-18,17,8618,2022-01-20,0
2021-10-19,25,8643,2022-01-20,0
2021-10-20,16,8659,2022-01-20,0
2021-10-21,9,8668,2022-01-20,0
2021-10-22,23,8691,2022-01-20,0
2021-10-23,24,8715,2022-01-20,0
2021-10-24,24,8739,2022-01-20,0
2021-10-25,20,8759,2022-01-20,0
2021-10-26,22,8781,2022-01-20,0
2021-10-27,16,8797,2022-01-20,0
2021-10-28,24,8821,2022-01-20,0
2021-10-29,20,8841,2022-01-20,0
2021-10-30,19,8860,2022-01-20,0
2021-10-31,26,8886,2022-01-20,0
2021-11-01,18,8904,2022-01-20,0
2021-11-02,18,8922,2022-01-20,0
2021-11-03,27,8949,2022-01-20,0
2021-11-04,27,8976,2022-01-20,0
2021-11-05,29,9005,2022-01-20,0
2021-11-06,16,9021,2022-01-20,0
2021-11-07,24,9045,2022-01-20,0
2021-11-08,27,9072,2022-01-20,0
2021-11-09,16,9088,2022-01-20,0
2021-11-10,18,9106,2022-01-20,0
2021-11-11,28,9134,2022-01-20,0
2021-11-12,29,9163,2022-01-20,0
2021-11-13,31,9194,2022-01-20,0
2021-11-14,24,9218,2022-01-20,0
2021-11-15,28,9246,2022-01-20,0
2021-11-16,25,9271,2022-01-20,0
2021-11-17,37,9308,2022-01-20,0
2021-11-18,36,9344,2022-01-20,0
2021-11-19,34,9378,2022-01-20,0
2021-11-20,30,9408,2022-01-20,0
2021-11-21,32,9440,2022-01-20,0
2021-11-22,29,9469,2022-01-20,0
2021-11-23,31,9500,2022-01-20,0
2021-11-24,24,9524,2022-01-20,0
2021-11-25,35,9559,2022-01-20,0
2021-11-26,50,9609,2022-01-20,0
2021-11-27,36,9645,2022-01-20,0
2021-11-28,38,9683,2022-01-20,0
2021-11-29,28,9711,2022-01-20,0
2021-11-30,30,9741,2022-01-20,0
2021-12-01,47,9788,2022-01-20,0
2021-12-02,40,9828,2022-01-20,0
2021-12-03,31,9859,2022-01-20,0
2021-12-04,41,9900,2022-01-20,0
2021-12-05,35,9935,2022-01-20,0
2021-12-06,33,9968,2022-01-20,0
2021-12-07,34,10002,2022-01-20,0
2021-12-08,37,10039,2022-01-20,0
2021-12-09,47,10086,2022-01-20,0
2021-12-10,34,10120,2022-01-20,0
2021-12-11,26,10146,2022-01-20,0
2021-12-12,35,10181,2022-01-20,0
2021-12-13,32,10213,2022-01-20,0
2021-12-14,35,10248,2022-01-20,1
2021-12-15,39,10287,2022-01-20,0
2021-12-16,28,10315,2022-01-20,0
2021-12-17,39,10354,2022-01-20,0
2021-12-18,30,10384,2022-01-20,0
2021-12-19,30,10414,2022-01-20,0
2021-12-20,33,10447,2022-01-20,0
2021-12-21,26,10473,2022-01-20,0
2021-12-22,27,10500,2022-01-20,0
2021-12-23,25,10525,2022-01-20,0
2021-12-24,29,10554,2022-01-20,0
2021-12-25,28,10582,2022-01-20,0
2021-12-26,42,10624,2022-01-20,0
2021-12-27,30,10654,2022-01-20,0
2021-12-28,34,10688,2022-01-20,0
2021-12-29,26,10714,2022-01-20,0
2021-12-30,18,10732,2022-01-20,0
2021-12-31,38,10770,2022-01-20,0
2022-01-01,26,10796,2022-01-20,0
2022-01-02,22,10818,2022-01-20,0
2022-01-03,19,10837,2022-01-20,0
2022-01-04,26,10863,2022-01-20,0
2022-01-05,30,10893,2022-01-20,2
2022-01-06,29,10922,2022-01-20,0
2022-01-07,24,10946,2022-01-20,1
2022-01-08,35,10981,2022-01-20,2
2022-01-09,16,10997,2022-01-20,0
2022-01-10,26,11023,2022-01-20,4
2022-01-11,13,11036,2022-01-20,3
2022-01-12,13,11049,2022-01-20,4
2022-01-13,16,11065,2022-01-20,12
2022-01-14,16,11081,2022-01-20,14
2022-01-15,11,11092,2022-01-20,11
2022-01-16,13,11105,2022-01-20,13
2022-01-17,10,11115,2022-01-20,10
NA,0,11115,2022-01-20,0
2020-03-19,1,1,2022-01-21,0
2020-03-20,0,1,2022-01-21,0
2020-03-21,0,1,2022-01-21,0
2020-03-22,0,1,2022-01-21,0
2020-03-23,0,1,2022-01-21,0
2020-03-24,1,2,2022-01-21,0
2020-03-25,1,3,2022-01-21,0
2020-03-26,1,4,2022-01-21,0
2020-03-27,5,9,2022-01-21,0
2020-03-28,3,12,2022-01-21,0
2020-03-29,0,12,2022-01-21,0
2020-03-30,5,17,2022-01-21,0
2020-03-31,2,19,2022-01-21,0
2020-04-01,5,24,2022-01-21,0
2020-04-02,3,27,2022-01-21,0
2020-04-03,1,28,2022-01-21,0
2020-04-04,5,33,2022-01-21,0
2020-04-05,5,38,2022-01-21,0
2020-04-06,10,48,2022-01-21,0
2020-04-07,6,54,2022-01-21,0
2020-04-08,7,61,2022-01-21,0
2020-04-09,8,69,2022-01-21,0
2020-04-10,6,75,2022-01-21,0
2020-04-11,4,79,2022-01-21,0
2020-04-12,4,83,2022-01-21,0
2020-04-13,10,93,2022-01-21,0
2020-04-14,6,99,2022-01-21,0
2020-04-15,17,116,2022-01-21,0
2020-04-16,10,126,2022-01-21,0
2020-04-17,17,143,2022-01-21,0
2020-04-18,17,160,2022-01-21,0
2020-04-19,16,176,2022-01-21,0
2020-04-20,21,197,2022-01-21,0
2020-04-21,26,223,2022-01-21,0
2020-04-22,21,244,2022-01-21,0
2020-04-23,19,263,2022-01-21,0
2020-04-24,23,286,2022-01-21,0
2020-04-25,18,304,2022-01-21,0
2020-04-26,17,321,2022-01-21,0
2020-04-27,21,342,2022-01-21,0
2020-04-28,16,358,2022-01-21,0
2020-04-29,29,387,2022-01-21,0
2020-04-30,18,405,2022-01-21,0
2020-05-01,30,435,2022-01-21,0
2020-05-02,19,454,2022-01-21,0
2020-05-03,29,483,2022-01-21,0
2020-05-04,23,506,2022-01-21,0
2020-05-05,19,525,2022-01-21,0
2020-05-06,25,550,2022-01-21,0
2020-05-07,30,580,2022-01-21,0
2020-05-08,20,600,2022-01-21,0
2020-05-09,26,626,2022-01-21,0
2020-05-10,19,645,2022-01-21,0
2020-05-11,25,670,2022-01-21,0
2020-05-12,20,690,2022-01-21,0
2020-05-13,22,712,2022-01-21,0
2020-05-14,20,732,2022-01-21,0
2020-05-15,20,752,2022-01-21,0
2020-05-16,20,772,2022-01-21,0
2020-05-17,23,795,2022-01-21,0
2020-05-18,18,813,2022-01-21,0
2020-05-19,35,848,2022-01-21,0
2020-05-20,24,872,2022-01-21,0
2020-05-21,17,889,2022-01-21,0
2020-05-22,20,909,2022-01-21,0
2020-05-23,26,935,2022-01-21,0
2020-05-24,25,960,2022-01-21,0
2020-05-25,30,990,2022-01-21,0
2020-05-26,29,1019,2022-01-21,0
2020-05-27,25,1044,2022-01-21,0
2020-05-28,21,1065,2022-01-21,0
2020-05-29,17,1082,2022-01-21,0
2020-05-30,11,1093,2022-01-21,0
2020-05-31,20,1113,2022-01-21,0
2020-06-01,23,1136,2022-01-21,0
2020-06-02,21,1157,2022-01-21,0
2020-06-03,25,1182,2022-01-21,0
2020-06-04,26,1208,2022-01-21,0
2020-06-05,18,1226,2022-01-21,0
2020-06-06,12,1238,2022-01-21,0
2020-06-07,22,1260,2022-01-21,0
2020-06-08,12,1272,2022-01-21,0
2020-06-09,13,1285,2022-01-21,0
2020-06-10,10,1295,2022-01-21,0
2020-06-11,12,1307,2022-01-21,0
2020-06-12,11,1318,2022-01-21,0
2020-06-13,13,1331,2022-01-21,0
2020-06-14,11,1342,2022-01-21,0
2020-06-15,8,1350,2022-01-21,0
2020-06-16,9,1359,2022-01-21,0
2020-06-17,17,1376,2022-01-21,0
2020-06-18,9,1385,2022-01-21,0
2020-06-19,8,1393,2022-01-21,0
2020-06-20,12,1405,2022-01-21,0
2020-06-21,11,1416,2022-01-21,0
2020-06-22,6,1422,2022-01-21,0
2020-06-23,10,1432,2022-01-21,0
2020-06-24,1,1433,2022-01-21,0
2020-06-25,9,1442,2022-01-21,0
2020-06-26,6,1448,2022-01-21,0
2020-06-27,5,1453,2022-01-21,0
2020-06-28,11,1464,2022-01-21,0
2020-06-29,7,1471,2022-01-21,0
2020-06-30,9,1480,2022-01-21,0
2020-07-01,2,1482,2022-01-21,0
2020-07-02,3,1485,2022-01-21,0
2020-07-03,5,1490,2022-01-21,0
2020-07-04,4,1494,2022-01-21,0
2020-07-05,6,1500,2022-01-21,0
2020-07-06,4,1504,2022-01-21,0
2020-07-07,2,1506,2022-01-21,0
2020-07-08,9,1515,2022-01-21,0
2020-07-09,4,1519,2022-01-21,0
2020-07-10,3,1522,2022-01-21,0
2020-07-11,4,1526,2022-01-21,0
2020-07-12,6,1532,2022-01-21,0
2020-07-13,2,1534,2022-01-21,0
2020-07-14,6,1540,2022-01-21,0
2020-07-15,7,1547,2022-01-21,0
2020-07-16,3,1550,2022-01-21,0
2020-07-17,7,1557,2022-01-21,0
2020-07-18,6,1563,2022-01-21,0
2020-07-19,5,1568,2022-01-21,0
2020-07-20,3,1571,2022-01-21,0
2020-07-21,6,1577,2022-01-21,0
2020-07-22,5,1582,2022-01-21,0
2020-07-23,8,1590,2022-01-21,0
2020-07-24,6,1596,2022-01-21,0
2020-07-25,2,1598,2022-01-21,0
2020-07-26,5,1603,2022-01-21,0
2020-07-27,5,1608,2022-01-21,0
2020-07-28,7,1615,2022-01-21,0
2020-07-29,3,1618,2022-01-21,0
2020-07-30,6,1624,2022-01-21,0
2020-07-31,9,1633,2022-01-21,0
2020-08-01,4,1637,2022-01-21,0
2020-08-02,7,1644,2022-01-21,0
2020-08-03,4,1648,2022-01-21,0
2020-08-04,7,1655,2022-01-21,0
2020-08-05,8,1663,2022-01-21,0
2020-08-06,9,1672,2022-01-21,0
2020-08-07,7,1679,2022-01-21,0
2020-08-08,6,1685,2022-01-21,0
2020-08-09,10,1695,2022-01-21,0
2020-08-10,3,1698,2022-01-21,0
2020-08-11,9,1707,2022-01-21,0
2020-08-12,7,1714,2022-01-21,0
2020-08-13,5,1719,2022-01-21,0
2020-08-14,9,1728,2022-01-21,0
2020-08-15,13,1741,2022-01-21,0
2020-08-16,13,1754,2022-01-21,0
2020-08-17,6,1760,2022-01-21,0
2020-08-18,11,1771,2022-01-21,0
2020-08-19,3,1774,2022-01-21,0
2020-08-20,10,1784,2022-01-21,0
2020-08-21,12,1796,2022-01-21,0
2020-08-22,9,1805,2022-01-21,0
2020-08-23,7,1812,2022-01-21,0
2020-08-24,9,1821,2022-01-21,0
2020-08-25,4,1825,2022-01-21,0
2020-08-26,3,1828,2022-01-21,0
2020-08-27,7,1835,2022-01-21,0
2020-08-28,6,1841,2022-01-21,0
2020-08-29,3,1844,2022-01-21,0
2020-08-30,5,1849,2022-01-21,0
2020-08-31,9,1858,2022-01-21,0
2020-09-01,2,1860,2022-01-21,0
2020-09-02,7,1867,2022-01-21,0
2020-09-03,12,1879,2022-01-21,0
2020-09-04,4,1883,2022-01-21,0
2020-09-05,6,1889,2022-01-21,0
2020-09-06,12,1901,2022-01-21,0
2020-09-07,3,1904,2022-01-21,0
2020-09-08,6,1910,2022-01-21,0
2020-09-09,10,1920,2022-01-21,0
2020-09-10,9,1929,2022-01-21,0
2020-09-11,11,1940,2022-01-21,0
2020-09-12,8,1948,2022-01-21,0
2020-09-13,8,1956,2022-01-21,0
2020-09-14,2,1958,2022-01-21,0
2020-09-15,7,1965,2022-01-21,0
2020-09-16,9,1974,2022-01-21,0
2020-09-17,5,1979,2022-01-21,0
2020-09-18,6,1985,2022-01-21,0
2020-09-19,4,1989,2022-01-21,0
2020-09-20,9,1998,2022-01-21,0
2020-09-21,7,2005,2022-01-21,0
2020-09-22,8,2013,2022-01-21,0
2020-09-23,9,2022,2022-01-21,0
2020-09-24,8,2030,2022-01-21,0
2020-09-25,11,2041,2022-01-21,0
2020-09-26,9,2050,2022-01-21,0
2020-09-27,14,2064,2022-01-21,0
2020-09-28,11,2075,2022-01-21,0
2020-09-29,5,2080,2022-01-21,0
2020-09-30,16,2096,2022-01-21,0
2020-10-01,7,2103,2022-01-21,0
2020-10-02,13,2116,2022-01-21,0
2020-10-03,9,2125,2022-01-21,0
2020-10-04,7,2132,2022-01-21,0
2020-10-05,10,2142,2022-01-21,0
2020-10-06,13,2155,2022-01-21,0
2020-10-07,19,2174,2022-01-21,0
2020-10-08,9,2183,2022-01-21,0
2020-10-09,17,2200,2022-01-21,0
2020-10-10,16,2216,2022-01-21,0
2020-10-11,16,2232,2022-01-21,0
2020-10-12,20,2252,2022-01-21,0
2020-10-13,14,2266,2022-01-21,0
2020-10-14,10,2276,2022-01-21,0
2020-10-15,9,2285,2022-01-21,0
2020-10-16,12,2297,2022-01-21,0
2020-10-17,18,2315,2022-01-21,0
2020-10-18,25,2340,2022-01-21,0
2020-10-19,18,2358,2022-01-21,0
2020-10-20,15,2373,2022-01-21,0
2020-10-21,24,2397,2022-01-21,0
2020-10-22,18,2415,2022-01-21,0
2020-10-23,19,2434,2022-01-21,0
2020-10-24,8,2442,2022-01-21,0
2020-10-25,17,2459,2022-01-21,0
2020-10-26,25,2484,2022-01-21,0
2020-10-27,23,2507,2022-01-21,0
2020-10-28,29,2536,2022-01-21,0
2020-10-29,18,2554,2022-01-21,0
2020-10-30,27,2581,2022-01-21,0
2020-10-31,25,2606,2022-01-21,0
2020-11-01,21,2627,2022-01-21,0
2020-11-02,25,2652,2022-01-21,0
2020-11-03,25,2677,2022-01-21,0
2020-11-04,33,2710,2022-01-21,0
2020-11-05,38,2748,2022-01-21,0
2020-11-06,39,2787,2022-01-21,0
2020-11-07,42,2829,2022-01-21,0
2020-11-08,47,2876,2022-01-21,0
2020-11-09,37,2913,2022-01-21,0
2020-11-10,35,2948,2022-01-21,0
2020-11-11,43,2991,2022-01-21,0
2020-11-12,45,3036,2022-01-21,0
2020-11-13,40,3076,2022-01-21,0
2020-11-14,48,3124,2022-01-21,0
2020-11-15,46,3170,2022-01-21,0
2020-11-16,62,3232,2022-01-21,0
2020-11-17,56,3288,2022-01-21,0
2020-11-18,61,3349,2022-01-21,0
2020-11-19,60,3409,2022-01-21,0
2020-11-20,63,3472,2022-01-21,0
2020-11-21,58,3530,2022-01-21,0
2020-11-22,67,3597,2022-01-21,0
2020-11-23,59,3656,2022-01-21,0
2020-11-24,69,3725,2022-01-21,0
2020-11-25,72,3797,2022-01-21,0
2020-11-26,54,3851,2022-01-21,0
2020-11-27,69,3920,2022-01-21,0
2020-11-28,62,3982,2022-01-21,0
2020-11-29,68,4050,2022-01-21,0
2020-11-30,61,4111,2022-01-21,0
2020-12-01,64,4175,2022-01-21,0
2020-12-02,73,4248,2022-01-21,0
2020-12-03,86,4334,2022-01-21,0
2020-12-04,67,4401,2022-01-21,0
2020-12-05,74,4475,2022-01-21,0
2020-12-06,80,4555,2022-01-21,0
2020-12-07,75,4630,2022-01-21,0
2020-12-08,61,4691,2022-01-21,0
2020-12-09,71,4762,2022-01-21,0
2020-12-10,72,4834,2022-01-21,0
2020-12-11,71,4905,2022-01-21,0
2020-12-12,72,4977,2022-01-21,0
2020-12-13,56,5033,2022-01-21,0
2020-12-14,43,5076,2022-01-21,0
2020-12-15,65,5141,2022-01-21,0
2020-12-16,73,5214,2022-01-21,0
2020-12-17,60,5274,2022-01-21,0
2020-12-18,59,5333,2022-01-21,0
2020-12-19,56,5389,2022-01-21,0
2020-12-20,61,5450,2022-01-21,0
2020-12-21,58,5508,2022-01-21,0
2020-12-22,33,5541,2022-01-21,0
2020-12-23,46,5587,2022-01-21,0
2020-12-24,50,5637,2022-01-21,0
2020-12-25,36,5673,2022-01-21,0
2020-12-26,43,5716,2022-01-21,0
2020-12-27,41,5757,2022-01-21,0
2020-12-28,34,5791,2022-01-21,0
2020-12-29,37,5828,2022-01-21,0
2020-12-30,47,5875,2022-01-21,0
2020-12-31,36,5911,2022-01-21,0
2021-01-01,28,5939,2022-01-21,0
2021-01-02,49,5988,2022-01-21,0
2021-01-03,37,6025,2022-01-21,0
2021-01-04,32,6057,2022-01-21,0
2021-01-05,40,6097,2022-01-21,0
2021-01-06,32,6129,2022-01-21,0
2021-01-07,38,6167,2022-01-21,0
2021-01-08,32,6199,2022-01-21,0
2021-01-09,26,6225,2022-01-21,0
2021-01-10,30,6255,2022-01-21,0
2021-01-11,26,6281,2022-01-21,0
2021-01-12,32,6313,2022-01-21,0
2021-01-13,23,6336,2022-01-21,0
2021-01-14,42,6378,2022-01-21,0
2021-01-15,26,6404,2022-01-21,0
2021-01-16,30,6434,2022-01-21,0
2021-01-17,21,6455,2022-01-21,0
2021-01-18,19,6474,2022-01-21,0
2021-01-19,14,6488,2022-01-21,0
2021-01-20,26,6514,2022-01-21,0
2021-01-21,16,6530,2022-01-21,0
2021-01-22,13,6543,2022-01-21,0
2021-01-23,17,6560,2022-01-21,0
2021-01-24,24,6584,2022-01-21,0
2021-01-25,19,6603,2022-01-21,0
2021-01-26,21,6624,2022-01-21,0
2021-01-27,11,6635,2022-01-21,0
2021-01-28,12,6647,2022-01-21,0
2021-01-29,15,6662,2022-01-21,0
2021-01-30,13,6675,2022-01-21,0
2021-01-31,16,6691,2022-01-21,0
2021-02-01,17,6708,2022-01-21,0
2021-02-02,10,6718,2022-01-21,0
2021-02-03,11,6729,2022-01-21,0
2021-02-04,11,6740,2022-01-21,0
2021-02-05,12,6752,2022-01-21,0
2021-02-06,12,6764,2022-01-21,0
2021-02-07,19,6783,2022-01-21,0
2021-02-08,11,6794,2022-01-21,0
2021-02-09,15,6809,2022-01-21,0
2021-02-10,14,6823,2022-01-21,0
2021-02-11,7,6830,2022-01-21,0
2021-02-12,13,6843,2022-01-21,0
2021-02-13,8,6851,2022-01-21,0
2021-02-14,10,6861,2022-01-21,0
2021-02-15,9,6870,2022-01-21,0
2021-02-16,12,6882,2022-01-21,0
2021-02-17,10,6892,2022-01-21,0
2021-02-18,7,6899,2022-01-21,0
2021-02-19,6,6905,2022-01-21,0
2021-02-20,7,6912,2022-01-21,0
2021-02-21,4,6916,2022-01-21,0
2021-02-22,5,6921,2022-01-21,0
2021-02-23,9,6930,2022-01-21,0
2021-02-24,5,6935,2022-01-21,0
2021-02-25,5,6940,2022-01-21,0
2021-02-26,7,6947,2022-01-21,0
2021-02-27,6,6953,2022-01-21,0
2021-02-28,8,6961,2022-01-21,0
2021-03-01,7,6968,2022-01-21,0
2021-03-02,3,6971,2022-01-21,0
2021-03-03,10,6981,2022-01-21,0
2021-03-04,6,6987,2022-01-21,0
2021-03-05,10,6997,2022-01-21,0
2021-03-06,5,7002,2022-01-21,0
2021-03-07,9,7011,2022-01-21,0
2021-03-08,5,7016,2022-01-21,0
2021-03-09,7,7023,2022-01-21,0
2021-03-10,5,7028,2022-01-21,0
2021-03-11,4,7032,2022-01-21,0
2021-03-12,11,7043,2022-01-21,0
2021-03-13,5,7048,2022-01-21,0
2021-03-14,5,7053,2022-01-21,0
2021-03-15,2,7055,2022-01-21,0
2021-03-16,6,7061,2022-01-21,0
2021-03-17,4,7065,2022-01-21,0
2021-03-18,5,7070,2022-01-21,0
2021-03-19,5,7075,2022-01-21,0
2021-03-20,9,7084,2022-01-21,0
2021-03-21,5,7089,2022-01-21,0
2021-03-22,4,7093,2022-01-21,0
2021-03-23,5,7098,2022-01-21,0
2021-03-24,1,7099,2022-01-21,0
2021-03-25,5,7104,2022-01-21,0
2021-03-26,3,7107,2022-01-21,0
2021-03-27,7,7114,2022-01-21,0
2021-03-28,6,7120,2022-01-21,0
2021-03-29,5,7125,2022-01-21,0
2021-03-30,6,7131,2022-01-21,0
2021-03-31,8,7139,2022-01-21,0
2021-04-01,6,7145,2022-01-21,0
2021-04-02,9,7154,2022-01-21,0
2021-04-03,8,7162,2022-01-21,0
2021-04-04,6,7168,2022-01-21,0
2021-04-05,8,7176,2022-01-21,0
2021-04-06,7,7183,2022-01-21,0
2021-04-07,6,7189,2022-01-21,0
2021-04-08,10,7199,2022-01-21,0
2021-04-09,7,7206,2022-01-21,0
2021-04-10,7,7213,2022-01-21,0
2021-04-11,8,7221,2022-01-21,0
2021-04-12,10,7231,2022-01-21,0
2021-04-13,7,7238,2022-01-21,0
2021-04-14,8,7246,2022-01-21,0
2021-04-15,14,7260,2022-01-21,0
2021-04-16,8,7268,2022-01-21,0
2021-04-17,8,7276,2022-01-21,0
2021-04-18,8,7284,2022-01-21,0
2021-04-19,10,7294,2022-01-21,0
2021-04-20,5,7299,2022-01-21,0
2021-04-21,8,7307,2022-01-21,0
2021-04-22,3,7310,2022-01-21,0
2021-04-23,15,7325,2022-01-21,0
2021-04-24,11,7336,2022-01-21,0
2021-04-25,15,7351,2022-01-21,0
2021-04-26,15,7366,2022-01-21,0
2021-04-27,7,7373,2022-01-21,0
2021-04-28,14,7387,2022-01-21,0
2021-04-29,8,7395,2022-01-21,0
2021-04-30,11,7406,2022-01-21,0
2021-05-01,7,7413,2022-01-21,0
2021-05-02,8,7421,2022-01-21,0
2021-05-03,5,7426,2022-01-21,0
2021-05-04,13,7439,2022-01-21,0
2021-05-05,8,7447,2022-01-21,0
2021-05-06,5,7452,2022-01-21,0
2021-05-07,8,7460,2022-01-21,0
2021-05-08,7,7467,2022-01-21,0
2021-05-09,9,7476,2022-01-21,0
2021-05-10,8,7484,2022-01-21,0
2021-05-11,6,7490,2022-01-21,0
2021-05-12,9,7499,2022-01-21,0
2021-05-13,9,7508,2022-01-21,0
2021-05-14,11,7519,2022-01-21,0
2021-05-15,10,7529,2022-01-21,0
2021-05-16,6,7535,2022-01-21,0
2021-05-17,6,7541,2022-01-21,0
2021-05-18,7,7548,2022-01-21,0
2021-05-19,2,7550,2022-01-21,0
2021-05-20,5,7555,2022-01-21,0
2021-05-21,7,7562,2022-01-21,0
2021-05-22,12,7574,2022-01-21,0
2021-05-23,5,7579,2022-01-21,0
2021-05-24,5,7584,2022-01-21,0
2021-05-25,6,7590,2022-01-21,0
2021-05-26,3,7593,2022-01-21,0
2021-05-27,7,7600,2022-01-21,0
2021-05-28,2,7602,2022-01-21,0
2021-05-29,6,7608,2022-01-21,0
2021-05-30,4,7612,2022-01-21,0
2021-05-31,3,7615,2022-01-21,0
2021-06-01,5,7620,2022-01-21,0
2021-06-02,8,7628,2022-01-21,0
2021-06-03,4,7632,2022-01-21,0
2021-06-04,4,7636,2022-01-21,0
2021-06-05,2,7638,2022-01-21,0
2021-06-06,5,7643,2022-01-21,0
2021-06-07,3,7646,2022-01-21,0
2021-06-08,5,7651,2022-01-21,0
2021-06-09,4,7655,2022-01-21,0
2021-06-10,6,7661,2022-01-21,0
2021-06-11,6,7667,2022-01-21,0
2021-06-12,4,7671,2022-01-21,0
2021-06-13,4,7675,2022-01-21,0
2021-06-14,3,7678,2022-01-21,0
2021-06-15,2,7680,2022-01-21,0
2021-06-16,2,7682,2022-01-21,0
2021-06-17,4,7686,2022-01-21,0
2021-06-18,1,7687,2022-01-21,0
2021-06-19,6,7693,2022-01-21,0
2021-06-20,1,7694,2022-01-21,0
2021-06-21,5,7699,2022-01-21,0
2021-06-22,3,7702,2022-01-21,0
2021-06-23,4,7706,2022-01-21,0
2021-06-24,3,7709,2022-01-21,0
2021-06-25,3,7712,2022-01-21,0
2021-06-26,4,7716,2022-01-21,0
2021-06-27,2,7718,2022-01-21,0
2021-06-28,2,7720,2022-01-21,0
2021-06-29,2,7722,2022-01-21,0
2021-06-30,2,7724,2022-01-21,0
2021-07-01,0,7724,2022-01-21,0
2021-07-02,2,7726,2022-01-21,0
2021-07-03,2,7728,2022-01-21,0
2021-07-04,3,7731,2022-01-21,0
2021-07-05,1,7732,2022-01-21,0
2021-07-06,5,7737,2022-01-21,0
2021-07-07,1,7738,2022-01-21,0
2021-07-08,1,7739,2022-01-21,0
2021-07-09,0,7739,2022-01-21,0
2021-07-10,1,7740,2022-01-21,0
2021-07-11,3,7743,2022-01-21,0
2021-07-12,1,7744,2022-01-21,0
2021-07-13,2,7746,2022-01-21,0
2021-07-14,2,7748,2022-01-21,0
2021-07-15,2,7750,2022-01-21,0
2021-07-16,1,7751,2022-01-21,0
2021-07-17,1,7752,2022-01-21,0
2021-07-18,0,7752,2022-01-21,0
2021-07-19,0,7752,2022-01-21,0
2021-07-20,2,7754,2022-01-21,0
2021-07-21,2,7756,2022-01-21,0
2021-07-22,2,7758,2022-01-21,0
2021-07-23,3,7761,2022-01-21,0
2021-07-24,0,7761,2022-01-21,0
2021-07-25,2,7763,2022-01-21,0
2021-07-26,1,7764,2022-01-21,0
2021-07-27,2,7766,2022-01-21,0
2021-07-28,3,7769,2022-01-21,0
2021-07-29,2,7771,2022-01-21,0
2021-07-30,5,7776,2022-01-21,0
2021-07-31,4,7780,2022-01-21,0
2021-08-01,1,7781,2022-01-21,0
2021-08-02,3,7784,2022-01-21,0
2021-08-03,2,7786,2022-01-21,0
2021-08-04,3,7789,2022-01-21,0
2021-08-05,2,7791,2022-01-21,0
2021-08-06,8,7799,2022-01-21,0
2021-08-07,3,7802,2022-01-21,0
2021-08-08,3,7805,2022-01-21,0
2021-08-09,3,7808,2022-01-21,0
2021-08-10,2,7810,2022-01-21,0
2021-08-11,2,7812,2022-01-21,0
2021-08-12,7,7819,2022-01-21,0
2021-08-13,5,7824,2022-01-21,0
2021-08-14,6,7830,2022-01-21,0
2021-08-15,0,7830,2022-01-21,0
2021-08-16,7,7837,2022-01-21,0
2021-08-17,7,7844,2022-01-21,0
2021-08-18,9,7853,2022-01-21,0
2021-08-19,2,7855,2022-01-21,0
2021-08-20,3,7858,2022-01-21,0
2021-08-21,5,7863,2022-01-21,0
2021-08-22,7,7870,2022-01-21,0
2021-08-23,5,7875,2022-01-21,0
2021-08-24,12,7887,2022-01-21,0
2021-08-25,7,7894,2022-01-21,0
2021-08-26,2,7896,2022-01-21,0
2021-08-27,6,7902,2022-01-21,0
2021-08-28,11,7913,2022-01-21,0
2021-08-29,11,7924,2022-01-21,0
2021-08-30,8,7932,2022-01-21,0
2021-08-31,6,7938,2022-01-21,0
2021-09-01,6,7944,2022-01-21,0
2021-09-02,6,7950,2022-01-21,0
2021-09-03,9,7959,2022-01-21,0
2021-09-04,9,7968,2022-01-21,0
2021-09-05,10,7978,2022-01-21,0
2021-09-06,8,7986,2022-01-21,0
2021-09-07,7,7993,2022-01-21,0
2021-09-08,11,8004,2022-01-21,0
2021-09-09,5,8009,2022-01-21,0
2021-09-10,9,8018,2022-01-21,0
2021-09-11,17,8035,2022-01-21,0
2021-09-12,10,8045,2022-01-21,0
2021-09-13,7,8052,2022-01-21,0
2021-09-14,11,8063,2022-01-21,0
2021-09-15,14,8077,2022-01-21,0
2021-09-16,16,8093,2022-01-21,0
2021-09-17,8,8101,2022-01-21,0
2021-09-18,13,8114,2022-01-21,0
2021-09-19,11,8125,2022-01-21,0
2021-09-20,16,8141,2022-01-21,0
2021-09-21,15,8156,2022-01-21,0
2021-09-22,17,8173,2022-01-21,0
2021-09-23,13,8186,2022-01-21,0
2021-09-24,13,8199,2022-01-21,0
2021-09-25,16,8215,2022-01-21,0
2021-09-26,15,8230,2022-01-21,0
2021-09-27,15,8245,2022-01-21,0
2021-09-28,11,8256,2022-01-21,0
2021-09-29,19,8275,2022-01-21,0
2021-09-30,17,8292,2022-01-21,0
2021-10-01,13,8305,2022-01-21,0
2021-10-02,15,8320,2022-01-21,0
2021-10-03,23,8343,2022-01-21,0
2021-10-04,15,8358,2022-01-21,0
2021-10-05,23,8381,2022-01-21,0
2021-10-06,21,8402,2022-01-21,0
2021-10-07,14,8416,2022-01-21,0
2021-10-08,22,8438,2022-01-21,0
2021-10-09,20,8458,2022-01-21,0
2021-10-10,13,8471,2022-01-21,0
2021-10-11,11,8482,2022-01-21,0
2021-10-12,25,8507,2022-01-21,0
2021-10-13,21,8528,2022-01-21,0
2021-10-14,22,8550,2022-01-21,0
2021-10-15,14,8564,2022-01-21,0
2021-10-16,20,8584,2022-01-21,0
2021-10-17,17,8601,2022-01-21,0
2021-10-18,17,8618,2022-01-21,0
2021-10-19,25,8643,2022-01-21,0
2021-10-20,16,8659,2022-01-21,0
2021-10-21,9,8668,2022-01-21,0
2021-10-22,23,8691,2022-01-21,0
2021-10-23,24,8715,2022-01-21,0
2021-10-24,24,8739,2022-01-21,0
2021-10-25,20,8759,2022-01-21,0
2021-10-26,22,8781,2022-01-21,0
2021-10-27,16,8797,2022-01-21,0
2021-10-28,24,8821,2022-01-21,0
2021-10-29,20,8841,2022-01-21,0
2021-10-30,19,8860,2022-01-21,0
2021-10-31,26,8886,2022-01-21,0
2021-11-01,18,8904,2022-01-21,0
2021-11-02,18,8922,2022-01-21,0
2021-11-03,27,8949,2022-01-21,0
2021-11-04,27,8976,2022-01-21,0
2021-11-05,29,9005,2022-01-21,0
2021-11-06,16,9021,2022-01-21,0
2021-11-07,24,9045,2022-01-21,0
2021-11-08,27,9072,2022-01-21,0
2021-11-09,16,9088,2022-01-21,0
2021-11-10,18,9106,2022-01-21,0
2021-11-11,28,9134,2022-01-21,0
2021-11-12,29,9163,2022-01-21,0
2021-11-13,31,9194,2022-01-21,0
2021-11-14,24,9218,2022-01-21,0
2021-11-15,28,9246,2022-01-21,0
2021-11-16,25,9271,2022-01-21,0
2021-11-17,37,9308,2022-01-21,0
2021-11-18,36,9344,2022-01-21,0
2021-11-19,34,9378,2022-01-21,0
2021-11-20,30,9408,2022-01-21,0
2021-11-21,32,9440,2022-01-21,0
2021-11-22,29,9469,2022-01-21,0
2021-11-23,31,9500,2022-01-21,0
2021-11-24,24,9524,2022-01-21,0
2021-11-25,35,9559,2022-01-21,0
2021-11-26,50,9609,2022-01-21,0
2021-11-27,36,9645,2022-01-21,0
2021-11-28,38,9683,2022-01-21,0
2021-11-29,28,9711,2022-01-21,0
2021-11-30,30,9741,2022-01-21,0
2021-12-01,47,9788,2022-01-21,0
2021-12-02,40,9828,2022-01-21,0
2021-12-03,31,9859,2022-01-21,0
2021-12-04,42,9901,2022-01-21,1
2021-12-05,35,9936,2022-01-21,0
2021-12-06,33,9969,2022-01-21,0
2021-12-07,34,10003,2022-01-21,0
2021-12-08,37,10040,2022-01-21,0
2021-12-09,47,10087,2022-01-21,0
2021-12-10,34,10121,2022-01-21,0
2021-12-11,26,10147,2022-01-21,0
2021-12-12,35,10182,2022-01-21,0
2021-12-13,32,10214,2022-01-21,0
2021-12-14,35,10249,2022-01-21,0
2021-12-15,40,10289,2022-01-21,1
2021-12-16,28,10317,2022-01-21,0
2021-12-17,39,10356,2022-01-21,0
2021-12-18,30,10386,2022-01-21,0
2021-12-19,30,10416,2022-01-21,0
2021-12-20,33,10449,2022-01-21,0
2021-12-21,26,10475,2022-01-21,0
2021-12-22,27,10502,2022-01-21,0
2021-12-23,25,10527,2022-01-21,0
2021-12-24,29,10556,2022-01-21,0
2021-12-25,28,10584,2022-01-21,0
2021-12-26,42,10626,2022-01-21,0
2021-12-27,30,10656,2022-01-21,0
2021-12-28,34,10690,2022-01-21,0
2021-12-29,26,10716,2022-01-21,0
2021-12-30,18,10734,2022-01-21,0
2021-12-31,38,10772,2022-01-21,0
2022-01-01,26,10798,2022-01-21,0
2022-01-02,22,10820,2022-01-21,0
2022-01-03,19,10839,2022-01-21,0
2022-01-04,26,10865,2022-01-21,0
2022-01-05,30,10895,2022-01-21,0
2022-01-06,29,10924,2022-01-21,0
2022-01-07,24,10948,2022-01-21,0
2022-01-08,38,10986,2022-01-21,3
2022-01-09,16,11002,2022-01-21,0
2022-01-10,27,11029,2022-01-21,1
2022-01-11,15,11044,2022-01-21,2
2022-01-12,15,11059,2022-01-21,2
2022-01-13,17,11076,2022-01-21,1
2022-01-14,21,11097,2022-01-21,5
2022-01-15,12,11109,2022-01-21,1
2022-01-16,20,11129,2022-01-21,7
2022-01-17,18,11147,2022-01-21,8
2022-01-18,4,11151,2022-01-21,4
NA,0,11151,2022-01-21,0
2020-03-19,1,1,2022-01-24,0
2020-03-20,0,1,2022-01-24,0
2020-03-21,0,1,2022-01-24,0
2020-03-22,0,1,2022-01-24,0
2020-03-23,0,1,2022-01-24,0
2020-03-24,1,2,2022-01-24,0
2020-03-25,1,3,2022-01-24,0
2020-03-26,1,4,2022-01-24,0
2020-03-27,5,9,2022-01-24,0
2020-03-28,3,12,2022-01-24,0
2020-03-29,0,12,2022-01-24,0
2020-03-30,5,17,2022-01-24,0
2020-03-31,2,19,2022-01-24,0
2020-04-01,5,24,2022-01-24,0
2020-04-02,3,27,2022-01-24,0
2020-04-03,1,28,2022-01-24,0
2020-04-04,5,33,2022-01-24,0
2020-04-05,5,38,2022-01-24,0
2020-04-06,10,48,2022-01-24,0
2020-04-07,6,54,2022-01-24,0
2020-04-08,7,61,2022-01-24,0
2020-04-09,8,69,2022-01-24,0
2020-04-10,6,75,2022-01-24,0
2020-04-11,4,79,2022-01-24,0
2020-04-12,4,83,2022-01-24,0
2020-04-13,10,93,2022-01-24,0
2020-04-14,6,99,2022-01-24,0
2020-04-15,17,116,2022-01-24,0
2020-04-16,10,126,2022-01-24,0
2020-04-17,17,143,2022-01-24,0
2020-04-18,17,160,2022-01-24,0
2020-04-19,16,176,2022-01-24,0
2020-04-20,21,197,2022-01-24,0
2020-04-21,26,223,2022-01-24,0
2020-04-22,21,244,2022-01-24,0
2020-04-23,19,263,2022-01-24,0
2020-04-24,23,286,2022-01-24,0
2020-04-25,18,304,2022-01-24,0
2020-04-26,17,321,2022-01-24,0
2020-04-27,21,342,2022-01-24,0
2020-04-28,16,358,2022-01-24,0
2020-04-29,29,387,2022-01-24,0
2020-04-30,18,405,2022-01-24,0
2020-05-01,30,435,2022-01-24,0
2020-05-02,19,454,2022-01-24,0
2020-05-03,29,483,2022-01-24,0
2020-05-04,23,506,2022-01-24,0
2020-05-05,19,525,2022-01-24,0
2020-05-06,25,550,2022-01-24,0
2020-05-07,30,580,2022-01-24,0
2020-05-08,20,600,2022-01-24,0
2020-05-09,26,626,2022-01-24,0
2020-05-10,19,645,2022-01-24,0
2020-05-11,25,670,2022-01-24,0
2020-05-12,20,690,2022-01-24,0
2020-05-13,22,712,2022-01-24,0
2020-05-14,20,732,2022-01-24,0
2020-05-15,20,752,2022-01-24,0
2020-05-16,20,772,2022-01-24,0
2020-05-17,23,795,2022-01-24,0
2020-05-18,18,813,2022-01-24,0
2020-05-19,35,848,2022-01-24,0
2020-05-20,24,872,2022-01-24,0
2020-05-21,17,889,2022-01-24,0
2020-05-22,20,909,2022-01-24,0
2020-05-23,26,935,2022-01-24,0
2020-05-24,25,960,2022-01-24,0
2020-05-25,30,990,2022-01-24,0
2020-05-26,29,1019,2022-01-24,0
2020-05-27,25,1044,2022-01-24,0
2020-05-28,21,1065,2022-01-24,0
2020-05-29,17,1082,2022-01-24,0
2020-05-30,11,1093,2022-01-24,0
2020-05-31,20,1113,2022-01-24,0
2020-06-01,23,1136,2022-01-24,0
2020-06-02,21,1157,2022-01-24,0
2020-06-03,25,1182,2022-01-24,0
2020-06-04,26,1208,2022-01-24,0
2020-06-05,18,1226,2022-01-24,0
2020-06-06,12,1238,2022-01-24,0
2020-06-07,22,1260,2022-01-24,0
2020-06-08,12,1272,2022-01-24,0
2020-06-09,13,1285,2022-01-24,0
2020-06-10,10,1295,2022-01-24,0
2020-06-11,12,1307,2022-01-24,0
2020-06-12,11,1318,2022-01-24,0
2020-06-13,13,1331,2022-01-24,0
2020-06-14,11,1342,2022-01-24,0
2020-06-15,8,1350,2022-01-24,0
2020-06-16,9,1359,2022-01-24,0
2020-06-17,17,1376,2022-01-24,0
2020-06-18,9,1385,2022-01-24,0
2020-06-19,8,1393,2022-01-24,0
2020-06-20,12,1405,2022-01-24,0
2020-06-21,11,1416,2022-01-24,0
2020-06-22,6,1422,2022-01-24,0
2020-06-23,10,1432,2022-01-24,0
2020-06-24,1,1433,2022-01-24,0
2020-06-25,9,1442,2022-01-24,0
2020-06-26,6,1448,2022-01-24,0
2020-06-27,5,1453,2022-01-24,0
2020-06-28,11,1464,2022-01-24,0
2020-06-29,7,1471,2022-01-24,0
2020-06-30,9,1480,2022-01-24,0
2020-07-01,2,1482,2022-01-24,0
2020-07-02,3,1485,2022-01-24,0
2020-07-03,5,1490,2022-01-24,0
2020-07-04,4,1494,2022-01-24,0
2020-07-05,6,1500,2022-01-24,0
2020-07-06,4,1504,2022-01-24,0
2020-07-07,2,1506,2022-01-24,0
2020-07-08,9,1515,2022-01-24,0
2020-07-09,4,1519,2022-01-24,0
2020-07-10,3,1522,2022-01-24,0
2020-07-11,4,1526,2022-01-24,0
2020-07-12,6,1532,2022-01-24,0
2020-07-13,2,1534,2022-01-24,0
2020-07-14,6,1540,2022-01-24,0
2020-07-15,7,1547,2022-01-24,0
2020-07-16,3,1550,2022-01-24,0
2020-07-17,7,1557,2022-01-24,0
2020-07-18,6,1563,2022-01-24,0
2020-07-19,5,1568,2022-01-24,0
2020-07-20,3,1571,2022-01-24,0
2020-07-21,6,1577,2022-01-24,0
2020-07-22,5,1582,2022-01-24,0
2020-07-23,8,1590,2022-01-24,0
2020-07-24,6,1596,2022-01-24,0
2020-07-25,2,1598,2022-01-24,0
2020-07-26,5,1603,2022-01-24,0
2020-07-27,5,1608,2022-01-24,0
2020-07-28,7,1615,2022-01-24,0
2020-07-29,3,1618,2022-01-24,0
2020-07-30,6,1624,2022-01-24,0
2020-07-31,9,1633,2022-01-24,0
2020-08-01,4,1637,2022-01-24,0
2020-08-02,7,1644,2022-01-24,0
2020-08-03,4,1648,2022-01-24,0
2020-08-04,7,1655,2022-01-24,0
2020-08-05,8,1663,2022-01-24,0
2020-08-06,9,1672,2022-01-24,0
2020-08-07,7,1679,2022-01-24,0
2020-08-08,6,1685,2022-01-24,0
2020-08-09,10,1695,2022-01-24,0
2020-08-10,3,1698,2022-01-24,0
2020-08-11,9,1707,2022-01-24,0
2020-08-12,7,1714,2022-01-24,0
2020-08-13,5,1719,2022-01-24,0
2020-08-14,9,1728,2022-01-24,0
2020-08-15,13,1741,2022-01-24,0
2020-08-16,13,1754,2022-01-24,0
2020-08-17,6,1760,2022-01-24,0
2020-08-18,11,1771,2022-01-24,0
2020-08-19,3,1774,2022-01-24,0
2020-08-20,10,1784,2022-01-24,0
2020-08-21,12,1796,2022-01-24,0
2020-08-22,9,1805,2022-01-24,0
2020-08-23,7,1812,2022-01-24,0
2020-08-24,9,1821,2022-01-24,0
2020-08-25,4,1825,2022-01-24,0
2020-08-26,3,1828,2022-01-24,0
2020-08-27,7,1835,2022-01-24,0
2020-08-28,6,1841,2022-01-24,0
2020-08-29,3,1844,2022-01-24,0
2020-08-30,5,1849,2022-01-24,0
2020-08-31,9,1858,2022-01-24,0
2020-09-01,2,1860,2022-01-24,0
2020-09-02,7,1867,2022-01-24,0
2020-09-03,12,1879,2022-01-24,0
2020-09-04,4,1883,2022-01-24,0
2020-09-05,6,1889,2022-01-24,0
2020-09-06,12,1901,2022-01-24,0
2020-09-07,3,1904,2022-01-24,0
2020-09-08,6,1910,2022-01-24,0
2020-09-09,10,1920,2022-01-24,0
2020-09-10,9,1929,2022-01-24,0
2020-09-11,11,1940,2022-01-24,0
2020-09-12,8,1948,2022-01-24,0
2020-09-13,8,1956,2022-01-24,0
2020-09-14,2,1958,2022-01-24,0
2020-09-15,7,1965,2022-01-24,0
2020-09-16,9,1974,2022-01-24,0
2020-09-17,5,1979,2022-01-24,0
2020-09-18,6,1985,2022-01-24,0
2020-09-19,4,1989,2022-01-24,0
2020-09-20,9,1998,2022-01-24,0
2020-09-21,7,2005,2022-01-24,0
2020-09-22,8,2013,2022-01-24,0
2020-09-23,9,2022,2022-01-24,0
2020-09-24,8,2030,2022-01-24,0
2020-09-25,11,2041,2022-01-24,0
2020-09-26,9,2050,2022-01-24,0
2020-09-27,14,2064,2022-01-24,0
2020-09-28,11,2075,2022-01-24,0
2020-09-29,5,2080,2022-01-24,0
2020-09-30,16,2096,2022-01-24,0
2020-10-01,7,2103,2022-01-24,0
2020-10-02,13,2116,2022-01-24,0
2020-10-03,9,2125,2022-01-24,0
2020-10-04,7,2132,2022-01-24,0
2020-10-05,10,2142,2022-01-24,0
2020-10-06,13,2155,2022-01-24,0
2020-10-07,19,2174,2022-01-24,0
2020-10-08,9,2183,2022-01-24,0
2020-10-09,17,2200,2022-01-24,0
2020-10-10,16,2216,2022-01-24,0
2020-10-11,16,2232,2022-01-24,0
2020-10-12,20,2252,2022-01-24,0
2020-10-13,14,2266,2022-01-24,0
2020-10-14,10,2276,2022-01-24,0
2020-10-15,9,2285,2022-01-24,0
2020-10-16,12,2297,2022-01-24,0
2020-10-17,18,2315,2022-01-24,0
2020-10-18,25,2340,2022-01-24,0
2020-10-19,18,2358,2022-01-24,0
2020-10-20,15,2373,2022-01-24,0
2020-10-21,24,2397,2022-01-24,0
2020-10-22,18,2415,2022-01-24,0
2020-10-23,19,2434,2022-01-24,0
2020-10-24,8,2442,2022-01-24,0
2020-10-25,17,2459,2022-01-24,0
2020-10-26,25,2484,2022-01-24,0
2020-10-27,23,2507,2022-01-24,0
2020-10-28,29,2536,2022-01-24,0
2020-10-29,18,2554,2022-01-24,0
2020-10-30,27,2581,2022-01-24,0
2020-10-31,25,2606,2022-01-24,0
2020-11-01,21,2627,2022-01-24,0
2020-11-02,25,2652,2022-01-24,0
2020-11-03,25,2677,2022-01-24,0
2020-11-04,33,2710,2022-01-24,0
2020-11-05,38,2748,2022-01-24,0
2020-11-06,39,2787,2022-01-24,0
2020-11-07,42,2829,2022-01-24,0
2020-11-08,47,2876,2022-01-24,0
2020-11-09,37,2913,2022-01-24,0
2020-11-10,35,2948,2022-01-24,0
2020-11-11,43,2991,2022-01-24,0
2020-11-12,45,3036,2022-01-24,0
2020-11-13,40,3076,2022-01-24,0
2020-11-14,48,3124,2022-01-24,0
2020-11-15,46,3170,2022-01-24,0
2020-11-16,62,3232,2022-01-24,0
2020-11-17,56,3288,2022-01-24,0
2020-11-18,61,3349,2022-01-24,0
2020-11-19,60,3409,2022-01-24,0
2020-11-20,63,3472,2022-01-24,0
2020-11-21,58,3530,2022-01-24,0
2020-11-22,67,3597,2022-01-24,0
2020-11-23,59,3656,2022-01-24,0
2020-11-24,69,3725,2022-01-24,0
2020-11-25,72,3797,2022-01-24,0
2020-11-26,54,3851,2022-01-24,0
2020-11-27,69,3920,2022-01-24,0
2020-11-28,62,3982,2022-01-24,0
2020-11-29,68,4050,2022-01-24,0
2020-11-30,61,4111,2022-01-24,0
2020-12-01,64,4175,2022-01-24,0
2020-12-02,73,4248,2022-01-24,0
2020-12-03,86,4334,2022-01-24,0
2020-12-04,67,4401,2022-01-24,0
2020-12-05,74,4475,2022-01-24,0
2020-12-06,80,4555,2022-01-24,0
2020-12-07,75,4630,2022-01-24,0
2020-12-08,61,4691,2022-01-24,0
2020-12-09,71,4762,2022-01-24,0
2020-12-10,72,4834,2022-01-24,0
2020-12-11,71,4905,2022-01-24,0
2020-12-12,72,4977,2022-01-24,0
2020-12-13,56,5033,2022-01-24,0
2020-12-14,43,5076,2022-01-24,0
2020-12-15,65,5141,2022-01-24,0
2020-12-16,73,5214,2022-01-24,0
2020-12-17,60,5274,2022-01-24,0
2020-12-18,59,5333,2022-01-24,0
2020-12-19,56,5389,2022-01-24,0
2020-12-20,61,5450,2022-01-24,0
2020-12-21,58,5508,2022-01-24,0
2020-12-22,33,5541,2022-01-24,0
2020-12-23,46,5587,2022-01-24,0
2020-12-24,50,5637,2022-01-24,0
2020-12-25,36,5673,2022-01-24,0
2020-12-26,43,5716,2022-01-24,0
2020-12-27,41,5757,2022-01-24,0
2020-12-28,34,5791,2022-01-24,0
2020-12-29,37,5828,2022-01-24,0
2020-12-30,47,5875,2022-01-24,0
2020-12-31,36,5911,2022-01-24,0
2021-01-01,28,5939,2022-01-24,0
2021-01-02,49,5988,2022-01-24,0
2021-01-03,37,6025,2022-01-24,0
2021-01-04,32,6057,2022-01-24,0
2021-01-05,40,6097,2022-01-24,0
2021-01-06,32,6129,2022-01-24,0
2021-01-07,38,6167,2022-01-24,0
2021-01-08,32,6199,2022-01-24,0
2021-01-09,26,6225,2022-01-24,0
2021-01-10,30,6255,2022-01-24,0
2021-01-11,26,6281,2022-01-24,0
2021-01-12,32,6313,2022-01-24,0
2021-01-13,23,6336,2022-01-24,0
2021-01-14,42,6378,2022-01-24,0
2021-01-15,26,6404,2022-01-24,0
2021-01-16,30,6434,2022-01-24,0
2021-01-17,21,6455,2022-01-24,0
2021-01-18,19,6474,2022-01-24,0
2021-01-19,14,6488,2022-01-24,0
2021-01-20,26,6514,2022-01-24,0
2021-01-21,16,6530,2022-01-24,0
2021-01-22,13,6543,2022-01-24,0
2021-01-23,17,6560,2022-01-24,0
2021-01-24,24,6584,2022-01-24,0
2021-01-25,19,6603,2022-01-24,0
2021-01-26,21,6624,2022-01-24,0
2021-01-27,11,6635,2022-01-24,0
2021-01-28,12,6647,2022-01-24,0
2021-01-29,15,6662,2022-01-24,0
2021-01-30,13,6675,2022-01-24,0
2021-01-31,16,6691,2022-01-24,0
2021-02-01,17,6708,2022-01-24,0
2021-02-02,10,6718,2022-01-24,0
2021-02-03,11,6729,2022-01-24,0
2021-02-04,11,6740,2022-01-24,0
2021-02-05,12,6752,2022-01-24,0
2021-02-06,12,6764,2022-01-24,0
2021-02-07,19,6783,2022-01-24,0
2021-02-08,11,6794,2022-01-24,0
2021-02-09,15,6809,2022-01-24,0
2021-02-10,14,6823,2022-01-24,0
2021-02-11,7,6830,2022-01-24,0
2021-02-12,13,6843,2022-01-24,0
2021-02-13,8,6851,2022-01-24,0
2021-02-14,10,6861,2022-01-24,0
2021-02-15,9,6870,2022-01-24,0
2021-02-16,12,6882,2022-01-24,0
2021-02-17,10,6892,2022-01-24,0
2021-02-18,7,6899,2022-01-24,0
2021-02-19,6,6905,2022-01-24,0
2021-02-20,7,6912,2022-01-24,0
2021-02-21,4,6916,2022-01-24,0
2021-02-22,5,6921,2022-01-24,0
2021-02-23,9,6930,2022-01-24,0
2021-02-24,5,6935,2022-01-24,0
2021-02-25,5,6940,2022-01-24,0
2021-02-26,7,6947,2022-01-24,0
2021-02-27,6,6953,2022-01-24,0
2021-02-28,8,6961,2022-01-24,0
2021-03-01,7,6968,2022-01-24,0
2021-03-02,3,6971,2022-01-24,0
2021-03-03,10,6981,2022-01-24,0
2021-03-04,6,6987,2022-01-24,0
2021-03-05,10,6997,2022-01-24,0
2021-03-06,5,7002,2022-01-24,0
2021-03-07,9,7011,2022-01-24,0
2021-03-08,5,7016,2022-01-24,0
2021-03-09,7,7023,2022-01-24,0
2021-03-10,5,7028,2022-01-24,0
2021-03-11,4,7032,2022-01-24,0
2021-03-12,11,7043,2022-01-24,0
2021-03-13,5,7048,2022-01-24,0
2021-03-14,5,7053,2022-01-24,0
2021-03-15,2,7055,2022-01-24,0
2021-03-16,6,7061,2022-01-24,0
2021-03-17,4,7065,2022-01-24,0
2021-03-18,5,7070,2022-01-24,0
2021-03-19,5,7075,2022-01-24,0
2021-03-20,9,7084,2022-01-24,0
2021-03-21,5,7089,2022-01-24,0
2021-03-22,4,7093,2022-01-24,0
2021-03-23,5,7098,2022-01-24,0
2021-03-24,1,7099,2022-01-24,0
2021-03-25,5,7104,2022-01-24,0
2021-03-26,3,7107,2022-01-24,0
2021-03-27,7,7114,2022-01-24,0
2021-03-28,6,7120,2022-01-24,0
2021-03-29,5,7125,2022-01-24,0
2021-03-30,6,7131,2022-01-24,0
2021-03-31,8,7139,2022-01-24,0
2021-04-01,6,7145,2022-01-24,0
2021-04-02,9,7154,2022-01-24,0
2021-04-03,8,7162,2022-01-24,0
2021-04-04,6,7168,2022-01-24,0
2021-04-05,8,7176,2022-01-24,0
2021-04-06,7,7183,2022-01-24,0
2021-04-07,6,7189,2022-01-24,0
2021-04-08,10,7199,2022-01-24,0
2021-04-09,7,7206,2022-01-24,0
2021-04-10,7,7213,2022-01-24,0
2021-04-11,8,7221,2022-01-24,0
2021-04-12,10,7231,2022-01-24,0
2021-04-13,7,7238,2022-01-24,0
2021-04-14,8,7246,2022-01-24,0
2021-04-15,14,7260,2022-01-24,0
2021-04-16,8,7268,2022-01-24,0
2021-04-17,8,7276,2022-01-24,0
2021-04-18,8,7284,2022-01-24,0
2021-04-19,10,7294,2022-01-24,0
2021-04-20,5,7299,2022-01-24,0
2021-04-21,8,7307,2022-01-24,0
2021-04-22,3,7310,2022-01-24,0
2021-04-23,15,7325,2022-01-24,0
2021-04-24,11,7336,2022-01-24,0
2021-04-25,15,7351,2022-01-24,0
2021-04-26,15,7366,2022-01-24,0
2021-04-27,7,7373,2022-01-24,0
2021-04-28,14,7387,2022-01-24,0
2021-04-29,8,7395,2022-01-24,0
2021-04-30,11,7406,2022-01-24,0
2021-05-01,7,7413,2022-01-24,0
2021-05-02,8,7421,2022-01-24,0
2021-05-03,5,7426,2022-01-24,0
2021-05-04,13,7439,2022-01-24,0
2021-05-05,8,7447,2022-01-24,0
2021-05-06,5,7452,2022-01-24,0
2021-05-07,8,7460,2022-01-24,0
2021-05-08,7,7467,2022-01-24,0
2021-05-09,9,7476,2022-01-24,0
2021-05-10,8,7484,2022-01-24,0
2021-05-11,6,7490,2022-01-24,0
2021-05-12,9,7499,2022-01-24,0
2021-05-13,9,7508,2022-01-24,0
2021-05-14,11,7519,2022-01-24,0
2021-05-15,10,7529,2022-01-24,0
2021-05-16,6,7535,2022-01-24,0
2021-05-17,6,7541,2022-01-24,0
2021-05-18,7,7548,2022-01-24,0
2021-05-19,2,7550,2022-01-24,0
2021-05-20,5,7555,2022-01-24,0
2021-05-21,7,7562,2022-01-24,0
2021-05-22,12,7574,2022-01-24,0
2021-05-23,5,7579,2022-01-24,0
2021-05-24,5,7584,2022-01-24,0
2021-05-25,6,7590,2022-01-24,0
2021-05-26,3,7593,2022-01-24,0
2021-05-27,7,7600,2022-01-24,0
2021-05-28,2,7602,2022-01-24,0
2021-05-29,6,7608,2022-01-24,0
2021-05-30,4,7612,2022-01-24,0
2021-05-31,3,7615,2022-01-24,0
2021-06-01,5,7620,2022-01-24,0
2021-06-02,8,7628,2022-01-24,0
2021-06-03,4,7632,2022-01-24,0
2021-06-04,4,7636,2022-01-24,0
2021-06-05,2,7638,2022-01-24,0
2021-06-06,5,7643,2022-01-24,0
2021-06-07,3,7646,2022-01-24,0
2021-06-08,5,7651,2022-01-24,0
2021-06-09,4,7655,2022-01-24,0
2021-06-10,6,7661,2022-01-24,0
2021-06-11,6,7667,2022-01-24,0
2021-06-12,4,7671,2022-01-24,0
2021-06-13,4,7675,2022-01-24,0
2021-06-14,3,7678,2022-01-24,0
2021-06-15,2,7680,2022-01-24,0
2021-06-16,2,7682,2022-01-24,0
2021-06-17,4,7686,2022-01-24,0
2021-06-18,1,7687,2022-01-24,0
2021-06-19,6,7693,2022-01-24,0
2021-06-20,1,7694,2022-01-24,0
2021-06-21,5,7699,2022-01-24,0
2021-06-22,3,7702,2022-01-24,0
2021-06-23,4,7706,2022-01-24,0
2021-06-24,3,7709,2022-01-24,0
2021-06-25,3,7712,2022-01-24,0
2021-06-26,4,7716,2022-01-24,0
2021-06-27,2,7718,2022-01-24,0
2021-06-28,2,7720,2022-01-24,0
2021-06-29,2,7722,2022-01-24,0
2021-06-30,2,7724,2022-01-24,0
2021-07-01,0,7724,2022-01-24,0
2021-07-02,2,7726,2022-01-24,0
2021-07-03,2,7728,2022-01-24,0
2021-07-04,3,7731,2022-01-24,0
2021-07-05,1,7732,2022-01-24,0
2021-07-06,5,7737,2022-01-24,0
2021-07-07,1,7738,2022-01-24,0
2021-07-08,1,7739,2022-01-24,0
2021-07-09,0,7739,2022-01-24,0
2021-07-10,1,7740,2022-01-24,0
2021-07-11,3,7743,2022-01-24,0
2021-07-12,1,7744,2022-01-24,0
2021-07-13,2,7746,2022-01-24,0
2021-07-14,2,7748,2022-01-24,0
2021-07-15,2,7750,2022-01-24,0
2021-07-16,1,7751,2022-01-24,0
2021-07-17,1,7752,2022-01-24,0
2021-07-18,0,7752,2022-01-24,0
2021-07-19,0,7752,2022-01-24,0
2021-07-20,2,7754,2022-01-24,0
2021-07-21,2,7756,2022-01-24,0
2021-07-22,2,7758,2022-01-24,0
2021-07-23,3,7761,2022-01-24,0
2021-07-24,0,7761,2022-01-24,0
2021-07-25,2,7763,2022-01-24,0
2021-07-26,1,7764,2022-01-24,0
2021-07-27,2,7766,2022-01-24,0
2021-07-28,3,7769,2022-01-24,0
2021-07-29,2,7771,2022-01-24,0
2021-07-30,5,7776,2022-01-24,0
2021-07-31,4,7780,2022-01-24,0
2021-08-01,1,7781,2022-01-24,0
2021-08-02,3,7784,2022-01-24,0
2021-08-03,2,7786,2022-01-24,0
2021-08-04,3,7789,2022-01-24,0
2021-08-05,2,7791,2022-01-24,0
2021-08-06,8,7799,2022-01-24,0
2021-08-07,3,7802,2022-01-24,0
2021-08-08,3,7805,2022-01-24,0
2021-08-09,3,7808,2022-01-24,0
2021-08-10,2,7810,2022-01-24,0
2021-08-11,2,7812,2022-01-24,0
2021-08-12,7,7819,2022-01-24,0
2021-08-13,5,7824,2022-01-24,0
2021-08-14,6,7830,2022-01-24,0
2021-08-15,0,7830,2022-01-24,0
2021-08-16,7,7837,2022-01-24,0
2021-08-17,7,7844,2022-01-24,0
2021-08-18,9,7853,2022-01-24,0
2021-08-19,2,7855,2022-01-24,0
2021-08-20,3,7858,2022-01-24,0
2021-08-21,5,7863,2022-01-24,0
2021-08-22,7,7870,2022-01-24,0
2021-08-23,5,7875,2022-01-24,0
2021-08-24,12,7887,2022-01-24,0
2021-08-25,7,7894,2022-01-24,0
2021-08-26,2,7896,2022-01-24,0
2021-08-27,6,7902,2022-01-24,0
2021-08-28,11,7913,2022-01-24,0
2021-08-29,11,7924,2022-01-24,0
2021-08-30,8,7932,2022-01-24,0
2021-08-31,6,7938,2022-01-24,0
2021-09-01,6,7944,2022-01-24,0
2021-09-02,6,7950,2022-01-24,0
2021-09-03,9,7959,2022-01-24,0
2021-09-04,9,7968,2022-01-24,0
2021-09-05,10,7978,2022-01-24,0
2021-09-06,8,7986,2022-01-24,0
2021-09-07,7,7993,2022-01-24,0
2021-09-08,11,8004,2022-01-24,0
2021-09-09,5,8009,2022-01-24,0
2021-09-10,9,8018,2022-01-24,0
2021-09-11,17,8035,2022-01-24,0
2021-09-12,10,8045,2022-01-24,0
2021-09-13,7,8052,2022-01-24,0
2021-09-14,11,8063,2022-01-24,0
2021-09-15,14,8077,2022-01-24,0
2021-09-16,16,8093,2022-01-24,0
2021-09-17,8,8101,2022-01-24,0
2021-09-18,13,8114,2022-01-24,0
2021-09-19,11,8125,2022-01-24,0
2021-09-20,16,8141,2022-01-24,0
2021-09-21,15,8156,2022-01-24,0
2021-09-22,17,8173,2022-01-24,0
2021-09-23,13,8186,2022-01-24,0
2021-09-24,13,8199,2022-01-24,0
2021-09-25,16,8215,2022-01-24,0
2021-09-26,15,8230,2022-01-24,0
2021-09-27,15,8245,2022-01-24,0
2021-09-28,11,8256,2022-01-24,0
2021-09-29,19,8275,2022-01-24,0
2021-09-30,17,8292,2022-01-24,0
2021-10-01,13,8305,2022-01-24,0
2021-10-02,15,8320,2022-01-24,0
2021-10-03,23,8343,2022-01-24,0
2021-10-04,15,8358,2022-01-24,0
2021-10-05,23,8381,2022-01-24,0
2021-10-06,21,8402,2022-01-24,0
2021-10-07,14,8416,2022-01-24,0
2021-10-08,22,8438,2022-01-24,0
2021-10-09,20,8458,2022-01-24,0
2021-10-10,13,8471,2022-01-24,0
2021-10-11,11,8482,2022-01-24,0
2021-10-12,25,8507,2022-01-24,0
2021-10-13,21,8528,2022-01-24,0
2021-10-14,22,8550,2022-01-24,0
2021-10-15,14,8564,2022-01-24,0
2021-10-16,20,8584,2022-01-24,0
2021-10-17,17,8601,2022-01-24,0
2021-10-18,17,8618,2022-01-24,0
2021-10-19,25,8643,2022-01-24,0
2021-10-20,16,8659,2022-01-24,0
2021-10-21,9,8668,2022-01-24,0
2021-10-22,23,8691,2022-01-24,0
2021-10-23,24,8715,2022-01-24,0
2021-10-24,24,8739,2022-01-24,0
2021-10-25,20,8759,2022-01-24,0
2021-10-26,22,8781,2022-01-24,0
2021-10-27,16,8797,2022-01-24,0
2021-10-28,24,8821,2022-01-24,0
2021-10-29,20,8841,2022-01-24,0
2021-10-30,19,8860,2022-01-24,0
2021-10-31,26,8886,2022-01-24,0
2021-11-01,18,8904,2022-01-24,0
2021-11-02,18,8922,2022-01-24,0
2021-11-03,27,8949,2022-01-24,0
2021-11-04,27,8976,2022-01-24,0
2021-11-05,29,9005,2022-01-24,0
2021-11-06,16,9021,2022-01-24,0
2021-11-07,24,9045,2022-01-24,0
2021-11-08,27,9072,2022-01-24,0
2021-11-09,16,9088,2022-01-24,0
2021-11-10,18,9106,2022-01-24,0
2021-11-11,28,9134,2022-01-24,0
2021-11-12,29,9163,2022-01-24,0
2021-11-13,31,9194,2022-01-24,0
2021-11-14,24,9218,2022-01-24,0
2021-11-15,28,9246,2022-01-24,0
2021-11-16,25,9271,2022-01-24,0
2021-11-17,37,9308,2022-01-24,0
2021-11-18,36,9344,2022-01-24,0
2021-11-19,34,9378,2022-01-24,0
2021-11-20,30,9408,2022-01-24,0
2021-11-21,32,9440,2022-01-24,0
2021-11-22,29,9469,2022-01-24,0
2021-11-23,31,9500,2022-01-24,0
2021-11-24,24,9524,2022-01-24,0
2021-11-25,35,9559,2022-01-24,0
2021-11-26,50,9609,2022-01-24,0
2021-11-27,36,9645,2022-01-24,0
2021-11-28,38,9683,2022-01-24,0
2021-11-29,28,9711,2022-01-24,0
2021-11-30,30,9741,2022-01-24,0
2021-12-01,47,9788,2022-01-24,0
2021-12-02,40,9828,2022-01-24,0
2021-12-03,31,9859,2022-01-24,0
2021-12-04,42,9901,2022-01-24,0
2021-12-05,35,9936,2022-01-24,0
2021-12-06,33,9969,2022-01-24,0
2021-12-07,34,10003,2022-01-24,0
2021-12-08,37,10040,2022-01-24,0
2021-12-09,47,10087,2022-01-24,0
2021-12-10,34,10121,2022-01-24,0
2021-12-11,26,10147,2022-01-24,0
2021-12-12,35,10182,2022-01-24,0
2021-12-13,32,10214,2022-01-24,0
2021-12-14,35,10249,2022-01-24,0
2021-12-15,40,10289,2022-01-24,0
2021-12-16,28,10317,2022-01-24,0
2021-12-17,39,10356,2022-01-24,0
2021-12-18,30,10386,2022-01-24,0
2021-12-19,30,10416,2022-01-24,0
2021-12-20,33,10449,2022-01-24,0
2021-12-21,26,10475,2022-01-24,0
2021-12-22,28,10503,2022-01-24,1
2021-12-23,25,10528,2022-01-24,0
2021-12-24,29,10557,2022-01-24,0
2021-12-25,28,10585,2022-01-24,0
2021-12-26,42,10627,2022-01-24,0
2021-12-27,31,10658,2022-01-24,1
2021-12-28,34,10692,2022-01-24,0
2021-12-29,27,10719,2022-01-24,1
2021-12-30,18,10737,2022-01-24,0
2021-12-31,38,10775,2022-01-24,0
2022-01-01,26,10801,2022-01-24,0
2022-01-02,22,10823,2022-01-24,0
2022-01-03,19,10842,2022-01-24,0
2022-01-04,27,10869,2022-01-24,1
2022-01-05,30,10899,2022-01-24,0
2022-01-06,30,10929,2022-01-24,1
2022-01-07,25,10954,2022-01-24,1
2022-01-08,39,10993,2022-01-24,1
2022-01-09,16,11009,2022-01-24,0
2022-01-10,27,11036,2022-01-24,0
2022-01-11,16,11052,2022-01-24,1
2022-01-12,15,11067,2022-01-24,0
2022-01-13,20,11087,2022-01-24,3
2022-01-14,25,11112,2022-01-24,4
2022-01-15,18,11130,2022-01-24,6
2022-01-16,23,11153,2022-01-24,3
2022-01-17,22,11175,2022-01-24,4
2022-01-18,10,11185,2022-01-24,6
2022-01-19,8,11193,2022-01-24,8
NA,0,11193,2022-01-24,0
2020-03-19,1,1,2022-01-25,0
2020-03-20,0,1,2022-01-25,0
2020-03-21,0,1,2022-01-25,0
2020-03-22,0,1,2022-01-25,0
2020-03-23,0,1,2022-01-25,0
2020-03-24,1,2,2022-01-25,0
2020-03-25,1,3,2022-01-25,0
2020-03-26,1,4,2022-01-25,0
2020-03-27,5,9,2022-01-25,0
2020-03-28,3,12,2022-01-25,0
2020-03-29,0,12,2022-01-25,0
2020-03-30,5,17,2022-01-25,0
2020-03-31,2,19,2022-01-25,0
2020-04-01,5,24,2022-01-25,0
2020-04-02,3,27,2022-01-25,0
2020-04-03,1,28,2022-01-25,0
2020-04-04,5,33,2022-01-25,0
2020-04-05,5,38,2022-01-25,0
2020-04-06,10,48,2022-01-25,0
2020-04-07,6,54,2022-01-25,0
2020-04-08,7,61,2022-01-25,0
2020-04-09,8,69,2022-01-25,0
2020-04-10,6,75,2022-01-25,0
2020-04-11,4,79,2022-01-25,0
2020-04-12,4,83,2022-01-25,0
2020-04-13,10,93,2022-01-25,0
2020-04-14,6,99,2022-01-25,0
2020-04-15,17,116,2022-01-25,0
2020-04-16,10,126,2022-01-25,0
2020-04-17,17,143,2022-01-25,0
2020-04-18,17,160,2022-01-25,0
2020-04-19,16,176,2022-01-25,0
2020-04-20,21,197,2022-01-25,0
2020-04-21,26,223,2022-01-25,0
2020-04-22,21,244,2022-01-25,0
2020-04-23,19,263,2022-01-25,0
2020-04-24,23,286,2022-01-25,0
2020-04-25,18,304,2022-01-25,0
2020-04-26,17,321,2022-01-25,0
2020-04-27,21,342,2022-01-25,0
2020-04-28,16,358,2022-01-25,0
2020-04-29,29,387,2022-01-25,0
2020-04-30,18,405,2022-01-25,0
2020-05-01,30,435,2022-01-25,0
2020-05-02,19,454,2022-01-25,0
2020-05-03,29,483,2022-01-25,0
2020-05-04,23,506,2022-01-25,0
2020-05-05,19,525,2022-01-25,0
2020-05-06,25,550,2022-01-25,0
2020-05-07,30,580,2022-01-25,0
2020-05-08,20,600,2022-01-25,0
2020-05-09,26,626,2022-01-25,0
2020-05-10,19,645,2022-01-25,0
2020-05-11,25,670,2022-01-25,0
2020-05-12,20,690,2022-01-25,0
2020-05-13,22,712,2022-01-25,0
2020-05-14,20,732,2022-01-25,0
2020-05-15,20,752,2022-01-25,0
2020-05-16,20,772,2022-01-25,0
2020-05-17,23,795,2022-01-25,0
2020-05-18,18,813,2022-01-25,0
2020-05-19,35,848,2022-01-25,0
2020-05-20,24,872,2022-01-25,0
2020-05-21,17,889,2022-01-25,0
2020-05-22,20,909,2022-01-25,0
2020-05-23,26,935,2022-01-25,0
2020-05-24,25,960,2022-01-25,0
2020-05-25,30,990,2022-01-25,0
2020-05-26,29,1019,2022-01-25,0
2020-05-27,25,1044,2022-01-25,0
2020-05-28,21,1065,2022-01-25,0
2020-05-29,17,1082,2022-01-25,0
2020-05-30,11,1093,2022-01-25,0
2020-05-31,20,1113,2022-01-25,0
2020-06-01,23,1136,2022-01-25,0
2020-06-02,21,1157,2022-01-25,0
2020-06-03,25,1182,2022-01-25,0
2020-06-04,26,1208,2022-01-25,0
2020-06-05,18,1226,2022-01-25,0
2020-06-06,12,1238,2022-01-25,0
2020-06-07,22,1260,2022-01-25,0
2020-06-08,12,1272,2022-01-25,0
2020-06-09,13,1285,2022-01-25,0
2020-06-10,10,1295,2022-01-25,0
2020-06-11,12,1307,2022-01-25,0
2020-06-12,11,1318,2022-01-25,0
2020-06-13,13,1331,2022-01-25,0
2020-06-14,11,1342,2022-01-25,0
2020-06-15,8,1350,2022-01-25,0
2020-06-16,9,1359,2022-01-25,0
2020-06-17,17,1376,2022-01-25,0
2020-06-18,9,1385,2022-01-25,0
2020-06-19,8,1393,2022-01-25,0
2020-06-20,12,1405,2022-01-25,0
2020-06-21,11,1416,2022-01-25,0
2020-06-22,6,1422,2022-01-25,0
2020-06-23,10,1432,2022-01-25,0
2020-06-24,1,1433,2022-01-25,0
2020-06-25,9,1442,2022-01-25,0
2020-06-26,6,1448,2022-01-25,0
2020-06-27,5,1453,2022-01-25,0
2020-06-28,11,1464,2022-01-25,0
2020-06-29,7,1471,2022-01-25,0
2020-06-30,9,1480,2022-01-25,0
2020-07-01,2,1482,2022-01-25,0
2020-07-02,3,1485,2022-01-25,0
2020-07-03,5,1490,2022-01-25,0
2020-07-04,4,1494,2022-01-25,0
2020-07-05,6,1500,2022-01-25,0
2020-07-06,4,1504,2022-01-25,0
2020-07-07,2,1506,2022-01-25,0
2020-07-08,9,1515,2022-01-25,0
2020-07-09,4,1519,2022-01-25,0
2020-07-10,3,1522,2022-01-25,0
2020-07-11,4,1526,2022-01-25,0
2020-07-12,6,1532,2022-01-25,0
2020-07-13,2,1534,2022-01-25,0
2020-07-14,6,1540,2022-01-25,0
2020-07-15,7,1547,2022-01-25,0
2020-07-16,3,1550,2022-01-25,0
2020-07-17,7,1557,2022-01-25,0
2020-07-18,6,1563,2022-01-25,0
2020-07-19,5,1568,2022-01-25,0
2020-07-20,3,1571,2022-01-25,0
2020-07-21,6,1577,2022-01-25,0
2020-07-22,5,1582,2022-01-25,0
2020-07-23,8,1590,2022-01-25,0
2020-07-24,6,1596,2022-01-25,0
2020-07-25,2,1598,2022-01-25,0
2020-07-26,5,1603,2022-01-25,0
2020-07-27,5,1608,2022-01-25,0
2020-07-28,7,1615,2022-01-25,0
2020-07-29,3,1618,2022-01-25,0
2020-07-30,6,1624,2022-01-25,0
2020-07-31,9,1633,2022-01-25,0
2020-08-01,4,1637,2022-01-25,0
2020-08-02,7,1644,2022-01-25,0
2020-08-03,4,1648,2022-01-25,0
2020-08-04,7,1655,2022-01-25,0
2020-08-05,8,1663,2022-01-25,0
2020-08-06,9,1672,2022-01-25,0
2020-08-07,7,1679,2022-01-25,0
2020-08-08,6,1685,2022-01-25,0
2020-08-09,10,1695,2022-01-25,0
2020-08-10,3,1698,2022-01-25,0
2020-08-11,9,1707,2022-01-25,0
2020-08-12,7,1714,2022-01-25,0
2020-08-13,5,1719,2022-01-25,0
2020-08-14,9,1728,2022-01-25,0
2020-08-15,13,1741,2022-01-25,0
2020-08-16,13,1754,2022-01-25,0
2020-08-17,6,1760,2022-01-25,0
2020-08-18,11,1771,2022-01-25,0
2020-08-19,3,1774,2022-01-25,0
2020-08-20,10,1784,2022-01-25,0
2020-08-21,12,1796,2022-01-25,0
2020-08-22,9,1805,2022-01-25,0
2020-08-23,7,1812,2022-01-25,0
2020-08-24,9,1821,2022-01-25,0
2020-08-25,4,1825,2022-01-25,0
2020-08-26,3,1828,2022-01-25,0
2020-08-27,7,1835,2022-01-25,0
2020-08-28,6,1841,2022-01-25,0
2020-08-29,3,1844,2022-01-25,0
2020-08-30,5,1849,2022-01-25,0
2020-08-31,9,1858,2022-01-25,0
2020-09-01,2,1860,2022-01-25,0
2020-09-02,7,1867,2022-01-25,0
2020-09-03,12,1879,2022-01-25,0
2020-09-04,4,1883,2022-01-25,0
2020-09-05,6,1889,2022-01-25,0
2020-09-06,12,1901,2022-01-25,0
2020-09-07,3,1904,2022-01-25,0
2020-09-08,6,1910,2022-01-25,0
2020-09-09,10,1920,2022-01-25,0
2020-09-10,9,1929,2022-01-25,0
2020-09-11,11,1940,2022-01-25,0
2020-09-12,8,1948,2022-01-25,0
2020-09-13,8,1956,2022-01-25,0
2020-09-14,2,1958,2022-01-25,0
2020-09-15,7,1965,2022-01-25,0
2020-09-16,9,1974,2022-01-25,0
2020-09-17,5,1979,2022-01-25,0
2020-09-18,6,1985,2022-01-25,0
2020-09-19,4,1989,2022-01-25,0
2020-09-20,9,1998,2022-01-25,0
2020-09-21,7,2005,2022-01-25,0
2020-09-22,8,2013,2022-01-25,0
2020-09-23,9,2022,2022-01-25,0
2020-09-24,8,2030,2022-01-25,0
2020-09-25,11,2041,2022-01-25,0
2020-09-26,9,2050,2022-01-25,0
2020-09-27,14,2064,2022-01-25,0
2020-09-28,11,2075,2022-01-25,0
2020-09-29,5,2080,2022-01-25,0
2020-09-30,16,2096,2022-01-25,0
2020-10-01,7,2103,2022-01-25,0
2020-10-02,13,2116,2022-01-25,0
2020-10-03,9,2125,2022-01-25,0
2020-10-04,7,2132,2022-01-25,0
2020-10-05,10,2142,2022-01-25,0
2020-10-06,13,2155,2022-01-25,0
2020-10-07,19,2174,2022-01-25,0
2020-10-08,9,2183,2022-01-25,0
2020-10-09,17,2200,2022-01-25,0
2020-10-10,16,2216,2022-01-25,0
2020-10-11,16,2232,2022-01-25,0
2020-10-12,20,2252,2022-01-25,0
2020-10-13,14,2266,2022-01-25,0
2020-10-14,10,2276,2022-01-25,0
2020-10-15,9,2285,2022-01-25,0
2020-10-16,12,2297,2022-01-25,0
2020-10-17,18,2315,2022-01-25,0
2020-10-18,25,2340,2022-01-25,0
2020-10-19,18,2358,2022-01-25,0
2020-10-20,15,2373,2022-01-25,0
2020-10-21,24,2397,2022-01-25,0
2020-10-22,18,2415,2022-01-25,0
2020-10-23,19,2434,2022-01-25,0
2020-10-24,8,2442,2022-01-25,0
2020-10-25,17,2459,2022-01-25,0
2020-10-26,25,2484,2022-01-25,0
2020-10-27,23,2507,2022-01-25,0
2020-10-28,29,2536,2022-01-25,0
2020-10-29,18,2554,2022-01-25,0
2020-10-30,27,2581,2022-01-25,0
2020-10-31,25,2606,2022-01-25,0
2020-11-01,21,2627,2022-01-25,0
2020-11-02,25,2652,2022-01-25,0
2020-11-03,25,2677,2022-01-25,0
2020-11-04,33,2710,2022-01-25,0
2020-11-05,38,2748,2022-01-25,0
2020-11-06,39,2787,2022-01-25,0
2020-11-07,42,2829,2022-01-25,0
2020-11-08,47,2876,2022-01-25,0
2020-11-09,37,2913,2022-01-25,0
2020-11-10,35,2948,2022-01-25,0
2020-11-11,43,2991,2022-01-25,0
2020-11-12,45,3036,2022-01-25,0
2020-11-13,40,3076,2022-01-25,0
2020-11-14,48,3124,2022-01-25,0
2020-11-15,46,3170,2022-01-25,0
2020-11-16,62,3232,2022-01-25,0
2020-11-17,56,3288,2022-01-25,0
2020-11-18,61,3349,2022-01-25,0
2020-11-19,60,3409,2022-01-25,0
2020-11-20,63,3472,2022-01-25,0
2020-11-21,58,3530,2022-01-25,0
2020-11-22,67,3597,2022-01-25,0
2020-11-23,59,3656,2022-01-25,0
2020-11-24,69,3725,2022-01-25,0
2020-11-25,72,3797,2022-01-25,0
2020-11-26,54,3851,2022-01-25,0
2020-11-27,69,3920,2022-01-25,0
2020-11-28,62,3982,2022-01-25,0
2020-11-29,68,4050,2022-01-25,0
2020-11-30,61,4111,2022-01-25,0
2020-12-01,64,4175,2022-01-25,0
2020-12-02,73,4248,2022-01-25,0
2020-12-03,86,4334,2022-01-25,0
2020-12-04,67,4401,2022-01-25,0
2020-12-05,74,4475,2022-01-25,0
2020-12-06,80,4555,2022-01-25,0
2020-12-07,75,4630,2022-01-25,0
2020-12-08,61,4691,2022-01-25,0
2020-12-09,71,4762,2022-01-25,0
2020-12-10,72,4834,2022-01-25,0
2020-12-11,71,4905,2022-01-25,0
2020-12-12,72,4977,2022-01-25,0
2020-12-13,56,5033,2022-01-25,0
2020-12-14,43,5076,2022-01-25,0
2020-12-15,65,5141,2022-01-25,0
2020-12-16,73,5214,2022-01-25,0
2020-12-17,60,5274,2022-01-25,0
2020-12-18,59,5333,2022-01-25,0
2020-12-19,56,5389,2022-01-25,0
2020-12-20,61,5450,2022-01-25,0
2020-12-21,58,5508,2022-01-25,0
2020-12-22,33,5541,2022-01-25,0
2020-12-23,46,5587,2022-01-25,0
2020-12-24,50,5637,2022-01-25,0
2020-12-25,36,5673,2022-01-25,0
2020-12-26,43,5716,2022-01-25,0
2020-12-27,41,5757,2022-01-25,0
2020-12-28,34,5791,2022-01-25,0
2020-12-29,37,5828,2022-01-25,0
2020-12-30,47,5875,2022-01-25,0
2020-12-31,36,5911,2022-01-25,0
2021-01-01,28,5939,2022-01-25,0
2021-01-02,49,5988,2022-01-25,0
2021-01-03,37,6025,2022-01-25,0
2021-01-04,32,6057,2022-01-25,0
2021-01-05,40,6097,2022-01-25,0
2021-01-06,32,6129,2022-01-25,0
2021-01-07,38,6167,2022-01-25,0
2021-01-08,32,6199,2022-01-25,0
2021-01-09,26,6225,2022-01-25,0
2021-01-10,30,6255,2022-01-25,0
2021-01-11,26,6281,2022-01-25,0
2021-01-12,32,6313,2022-01-25,0
2021-01-13,23,6336,2022-01-25,0
2021-01-14,42,6378,2022-01-25,0
2021-01-15,26,6404,2022-01-25,0
2021-01-16,30,6434,2022-01-25,0
2021-01-17,21,6455,2022-01-25,0
2021-01-18,19,6474,2022-01-25,0
2021-01-19,14,6488,2022-01-25,0
2021-01-20,26,6514,2022-01-25,0
2021-01-21,16,6530,2022-01-25,0
2021-01-22,13,6543,2022-01-25,0
2021-01-23,17,6560,2022-01-25,0
2021-01-24,24,6584,2022-01-25,0
2021-01-25,19,6603,2022-01-25,0
2021-01-26,21,6624,2022-01-25,0
2021-01-27,11,6635,2022-01-25,0
2021-01-28,12,6647,2022-01-25,0
2021-01-29,15,6662,2022-01-25,0
2021-01-30,13,6675,2022-01-25,0
2021-01-31,16,6691,2022-01-25,0
2021-02-01,17,6708,2022-01-25,0
2021-02-02,10,6718,2022-01-25,0
2021-02-03,11,6729,2022-01-25,0
2021-02-04,11,6740,2022-01-25,0
2021-02-05,12,6752,2022-01-25,0
2021-02-06,12,6764,2022-01-25,0
2021-02-07,19,6783,2022-01-25,0
2021-02-08,11,6794,2022-01-25,0
2021-02-09,15,6809,2022-01-25,0
2021-02-10,14,6823,2022-01-25,0
2021-02-11,7,6830,2022-01-25,0
2021-02-12,13,6843,2022-01-25,0
2021-02-13,8,6851,2022-01-25,0
2021-02-14,10,6861,2022-01-25,0
2021-02-15,9,6870,2022-01-25,0
2021-02-16,12,6882,2022-01-25,0
2021-02-17,10,6892,2022-01-25,0
2021-02-18,7,6899,2022-01-25,0
2021-02-19,6,6905,2022-01-25,0
2021-02-20,7,6912,2022-01-25,0
2021-02-21,4,6916,2022-01-25,0
2021-02-22,5,6921,2022-01-25,0
2021-02-23,9,6930,2022-01-25,0
2021-02-24,5,6935,2022-01-25,0
2021-02-25,5,6940,2022-01-25,0
2021-02-26,7,6947,2022-01-25,0
2021-02-27,6,6953,2022-01-25,0
2021-02-28,8,6961,2022-01-25,0
2021-03-01,7,6968,2022-01-25,0
2021-03-02,3,6971,2022-01-25,0
2021-03-03,10,6981,2022-01-25,0
2021-03-04,6,6987,2022-01-25,0
2021-03-05,10,6997,2022-01-25,0
2021-03-06,5,7002,2022-01-25,0
2021-03-07,9,7011,2022-01-25,0
2021-03-08,5,7016,2022-01-25,0
2021-03-09,7,7023,2022-01-25,0
2021-03-10,5,7028,2022-01-25,0
2021-03-11,4,7032,2022-01-25,0
2021-03-12,11,7043,2022-01-25,0
2021-03-13,5,7048,2022-01-25,0
2021-03-14,5,7053,2022-01-25,0
2021-03-15,2,7055,2022-01-25,0
2021-03-16,6,7061,2022-01-25,0
2021-03-17,4,7065,2022-01-25,0
2021-03-18,5,7070,2022-01-25,0
2021-03-19,5,7075,2022-01-25,0
2021-03-20,9,7084,2022-01-25,0
2021-03-21,5,7089,2022-01-25,0
2021-03-22,4,7093,2022-01-25,0
2021-03-23,5,7098,2022-01-25,0
2021-03-24,1,7099,2022-01-25,0
2021-03-25,5,7104,2022-01-25,0
2021-03-26,3,7107,2022-01-25,0
2021-03-27,7,7114,2022-01-25,0
2021-03-28,6,7120,2022-01-25,0
2021-03-29,5,7125,2022-01-25,0
2021-03-30,6,7131,2022-01-25,0
2021-03-31,8,7139,2022-01-25,0
2021-04-01,6,7145,2022-01-25,0
2021-04-02,9,7154,2022-01-25,0
2021-04-03,8,7162,2022-01-25,0
2021-04-04,6,7168,2022-01-25,0
2021-04-05,8,7176,2022-01-25,0
2021-04-06,7,7183,2022-01-25,0
2021-04-07,6,7189,2022-01-25,0
2021-04-08,10,7199,2022-01-25,0
2021-04-09,7,7206,2022-01-25,0
2021-04-10,7,7213,2022-01-25,0
2021-04-11,8,7221,2022-01-25,0
2021-04-12,10,7231,2022-01-25,0
2021-04-13,7,7238,2022-01-25,0
2021-04-14,8,7246,2022-01-25,0
2021-04-15,14,7260,2022-01-25,0
2021-04-16,8,7268,2022-01-25,0
2021-04-17,8,7276,2022-01-25,0
2021-04-18,8,7284,2022-01-25,0
2021-04-19,10,7294,2022-01-25,0
2021-04-20,5,7299,2022-01-25,0
2021-04-21,8,7307,2022-01-25,0
2021-04-22,3,7310,2022-01-25,0
2021-04-23,15,7325,2022-01-25,0
2021-04-24,11,7336,2022-01-25,0
2021-04-25,15,7351,2022-01-25,0
2021-04-26,15,7366,2022-01-25,0
2021-04-27,7,7373,2022-01-25,0
2021-04-28,14,7387,2022-01-25,0
2021-04-29,8,7395,2022-01-25,0
2021-04-30,11,7406,2022-01-25,0
2021-05-01,7,7413,2022-01-25,0
2021-05-02,8,7421,2022-01-25,0
2021-05-03,5,7426,2022-01-25,0
2021-05-04,13,7439,2022-01-25,0
2021-05-05,8,7447,2022-01-25,0
2021-05-06,5,7452,2022-01-25,0
2021-05-07,8,7460,2022-01-25,0
2021-05-08,7,7467,2022-01-25,0
2021-05-09,9,7476,2022-01-25,0
2021-05-10,8,7484,2022-01-25,0
2021-05-11,6,7490,2022-01-25,0
2021-05-12,9,7499,2022-01-25,0
2021-05-13,9,7508,2022-01-25,0
2021-05-14,11,7519,2022-01-25,0
2021-05-15,10,7529,2022-01-25,0
2021-05-16,6,7535,2022-01-25,0
2021-05-17,6,7541,2022-01-25,0
2021-05-18,7,7548,2022-01-25,0
2021-05-19,2,7550,2022-01-25,0
2021-05-20,5,7555,2022-01-25,0
2021-05-21,7,7562,2022-01-25,0
2021-05-22,12,7574,2022-01-25,0
2021-05-23,5,7579,2022-01-25,0
2021-05-24,5,7584,2022-01-25,0
2021-05-25,6,7590,2022-01-25,0
2021-05-26,3,7593,2022-01-25,0
2021-05-27,7,7600,2022-01-25,0
2021-05-28,2,7602,2022-01-25,0
2021-05-29,6,7608,2022-01-25,0
2021-05-30,4,7612,2022-01-25,0
2021-05-31,3,7615,2022-01-25,0
2021-06-01,5,7620,2022-01-25,0
2021-06-02,8,7628,2022-01-25,0
2021-06-03,4,7632,2022-01-25,0
2021-06-04,4,7636,2022-01-25,0
2021-06-05,2,7638,2022-01-25,0
2021-06-06,5,7643,2022-01-25,0
2021-06-07,3,7646,2022-01-25,0
2021-06-08,5,7651,2022-01-25,0
2021-06-09,4,7655,2022-01-25,0
2021-06-10,6,7661,2022-01-25,0
2021-06-11,6,7667,2022-01-25,0
2021-06-12,4,7671,2022-01-25,0
2021-06-13,4,7675,2022-01-25,0
2021-06-14,3,7678,2022-01-25,0
2021-06-15,2,7680,2022-01-25,0
2021-06-16,2,7682,2022-01-25,0
2021-06-17,4,7686,2022-01-25,0
2021-06-18,1,7687,2022-01-25,0
2021-06-19,6,7693,2022-01-25,0
2021-06-20,1,7694,2022-01-25,0
2021-06-21,5,7699,2022-01-25,0
2021-06-22,3,7702,2022-01-25,0
2021-06-23,4,7706,2022-01-25,0
2021-06-24,3,7709,2022-01-25,0
2021-06-25,3,7712,2022-01-25,0
2021-06-26,4,7716,2022-01-25,0
2021-06-27,2,7718,2022-01-25,0
2021-06-28,2,7720,2022-01-25,0
2021-06-29,2,7722,2022-01-25,0
2021-06-30,2,7724,2022-01-25,0
2021-07-01,0,7724,2022-01-25,0
2021-07-02,2,7726,2022-01-25,0
2021-07-03,2,7728,2022-01-25,0
2021-07-04,3,7731,2022-01-25,0
2021-07-05,1,7732,2022-01-25,0
2021-07-06,5,7737,2022-01-25,0
2021-07-07,1,7738,2022-01-25,0
2021-07-08,1,7739,2022-01-25,0
2021-07-09,0,7739,2022-01-25,0
2021-07-10,1,7740,2022-01-25,0
2021-07-11,3,7743,2022-01-25,0
2021-07-12,1,7744,2022-01-25,0
2021-07-13,2,7746,2022-01-25,0
2021-07-14,2,7748,2022-01-25,0
2021-07-15,2,7750,2022-01-25,0
2021-07-16,1,7751,2022-01-25,0
2021-07-17,1,7752,2022-01-25,0
2021-07-18,0,7752,2022-01-25,0
2021-07-19,0,7752,2022-01-25,0
2021-07-20,2,7754,2022-01-25,0
2021-07-21,2,7756,2022-01-25,0
2021-07-22,2,7758,2022-01-25,0
2021-07-23,3,7761,2022-01-25,0
2021-07-24,0,7761,2022-01-25,0
2021-07-25,2,7763,2022-01-25,0
2021-07-26,1,7764,2022-01-25,0
2021-07-27,2,7766,2022-01-25,0
2021-07-28,3,7769,2022-01-25,0
2021-07-29,2,7771,2022-01-25,0
2021-07-30,5,7776,2022-01-25,0
2021-07-31,4,7780,2022-01-25,0
2021-08-01,1,7781,2022-01-25,0
2021-08-02,3,7784,2022-01-25,0
2021-08-03,2,7786,2022-01-25,0
2021-08-04,3,7789,2022-01-25,0
2021-08-05,2,7791,2022-01-25,0
2021-08-06,8,7799,2022-01-25,0
2021-08-07,3,7802,2022-01-25,0
2021-08-08,3,7805,2022-01-25,0
2021-08-09,3,7808,2022-01-25,0
2021-08-10,2,7810,2022-01-25,0
2021-08-11,2,7812,2022-01-25,0
2021-08-12,7,7819,2022-01-25,0
2021-08-13,5,7824,2022-01-25,0
2021-08-14,6,7830,2022-01-25,0
2021-08-15,0,7830,2022-01-25,0
2021-08-16,7,7837,2022-01-25,0
2021-08-17,7,7844,2022-01-25,0
2021-08-18,9,7853,2022-01-25,0
2021-08-19,2,7855,2022-01-25,0
2021-08-20,3,7858,2022-01-25,0
2021-08-21,5,7863,2022-01-25,0
2021-08-22,7,7870,2022-01-25,0
2021-08-23,5,7875,2022-01-25,0
2021-08-24,12,7887,2022-01-25,0
2021-08-25,7,7894,2022-01-25,0
2021-08-26,2,7896,2022-01-25,0
2021-08-27,6,7902,2022-01-25,0
2021-08-28,11,7913,2022-01-25,0
2021-08-29,11,7924,2022-01-25,0
2021-08-30,8,7932,2022-01-25,0
2021-08-31,7,7939,2022-01-25,1
2021-09-01,6,7945,2022-01-25,0
2021-09-02,6,7951,2022-01-25,0
2021-09-03,9,7960,2022-01-25,0
2021-09-04,9,7969,2022-01-25,0
2021-09-05,10,7979,2022-01-25,0
2021-09-06,8,7987,2022-01-25,0
2021-09-07,7,7994,2022-01-25,0
2021-09-08,11,8005,2022-01-25,0
2021-09-09,5,8010,2022-01-25,0
2021-09-10,9,8019,2022-01-25,0
2021-09-11,17,8036,2022-01-25,0
2021-09-12,10,8046,2022-01-25,0
2021-09-13,7,8053,2022-01-25,0
2021-09-14,11,8064,2022-01-25,0
2021-09-15,14,8078,2022-01-25,0
2021-09-16,16,8094,2022-01-25,0
2021-09-17,8,8102,2022-01-25,0
2021-09-18,13,8115,2022-01-25,0
2021-09-19,11,8126,2022-01-25,0
2021-09-20,16,8142,2022-01-25,0
2021-09-21,15,8157,2022-01-25,0
2021-09-22,17,8174,2022-01-25,0
2021-09-23,13,8187,2022-01-25,0
2021-09-24,13,8200,2022-01-25,0
2021-09-25,16,8216,2022-01-25,0
2021-09-26,15,8231,2022-01-25,0
2021-09-27,15,8246,2022-01-25,0
2021-09-28,11,8257,2022-01-25,0
2021-09-29,19,8276,2022-01-25,0
2021-09-30,17,8293,2022-01-25,0
2021-10-01,13,8306,2022-01-25,0
2021-10-02,15,8321,2022-01-25,0
2021-10-03,23,8344,2022-01-25,0
2021-10-04,15,8359,2022-01-25,0
2021-10-05,23,8382,2022-01-25,0
2021-10-06,21,8403,2022-01-25,0
2021-10-07,14,8417,2022-01-25,0
2021-10-08,22,8439,2022-01-25,0
2021-10-09,20,8459,2022-01-25,0
2021-10-10,13,8472,2022-01-25,0
2021-10-11,11,8483,2022-01-25,0
2021-10-12,25,8508,2022-01-25,0
2021-10-13,21,8529,2022-01-25,0
2021-10-14,22,8551,2022-01-25,0
2021-10-15,14,8565,2022-01-25,0
2021-10-16,20,8585,2022-01-25,0
2021-10-17,17,8602,2022-01-25,0
2021-10-18,17,8619,2022-01-25,0
2021-10-19,25,8644,2022-01-25,0
2021-10-20,16,8660,2022-01-25,0
2021-10-21,9,8669,2022-01-25,0
2021-10-22,23,8692,2022-01-25,0
2021-10-23,24,8716,2022-01-25,0
2021-10-24,24,8740,2022-01-25,0
2021-10-25,20,8760,2022-01-25,0
2021-10-26,22,8782,2022-01-25,0
2021-10-27,16,8798,2022-01-25,0
2021-10-28,24,8822,2022-01-25,0
2021-10-29,20,8842,2022-01-25,0
2021-10-30,19,8861,2022-01-25,0
2021-10-31,26,8887,2022-01-25,0
2021-11-01,18,8905,2022-01-25,0
2021-11-02,18,8923,2022-01-25,0
2021-11-03,27,8950,2022-01-25,0
2021-11-04,27,8977,2022-01-25,0
2021-11-05,29,9006,2022-01-25,0
2021-11-06,16,9022,2022-01-25,0
2021-11-07,24,9046,2022-01-25,0
2021-11-08,27,9073,2022-01-25,0
2021-11-09,16,9089,2022-01-25,0
2021-11-10,18,9107,2022-01-25,0
2021-11-11,28,9135,2022-01-25,0
2021-11-12,29,9164,2022-01-25,0
2021-11-13,31,9195,2022-01-25,0
2021-11-14,24,9219,2022-01-25,0
2021-11-15,28,9247,2022-01-25,0
2021-11-16,25,9272,2022-01-25,0
2021-11-17,37,9309,2022-01-25,0
2021-11-18,36,9345,2022-01-25,0
2021-11-19,34,9379,2022-01-25,0
2021-11-20,30,9409,2022-01-25,0
2021-11-21,32,9441,2022-01-25,0
2021-11-22,29,9470,2022-01-25,0
2021-11-23,31,9501,2022-01-25,0
2021-11-24,24,9525,2022-01-25,0
2021-11-25,35,9560,2022-01-25,0
2021-11-26,50,9610,2022-01-25,0
2021-11-27,36,9646,2022-01-25,0
2021-11-28,38,9684,2022-01-25,0
2021-11-29,28,9712,2022-01-25,0
2021-11-30,30,9742,2022-01-25,0
2021-12-01,47,9789,2022-01-25,0
2021-12-02,40,9829,2022-01-25,0
2021-12-03,31,9860,2022-01-25,0
2021-12-04,42,9902,2022-01-25,0
2021-12-05,35,9937,2022-01-25,0
2021-12-06,33,9970,2022-01-25,0
2021-12-07,34,10004,2022-01-25,0
2021-12-08,38,10042,2022-01-25,1
2021-12-09,47,10089,2022-01-25,0
2021-12-10,34,10123,2022-01-25,0
2021-12-11,26,10149,2022-01-25,0
2021-12-12,35,10184,2022-01-25,0
2021-12-13,32,10216,2022-01-25,0
2021-12-14,35,10251,2022-01-25,0
2021-12-15,40,10291,2022-01-25,0
2021-12-16,28,10319,2022-01-25,0
2021-12-17,39,10358,2022-01-25,0
2021-12-18,30,10388,2022-01-25,0
2021-12-19,30,10418,2022-01-25,0
2021-12-20,33,10451,2022-01-25,0
2021-12-21,26,10477,2022-01-25,0
2021-12-22,28,10505,2022-01-25,0
2021-12-23,25,10530,2022-01-25,0
2021-12-24,29,10559,2022-01-25,0
2021-12-25,28,10587,2022-01-25,0
2021-12-26,42,10629,2022-01-25,0
2021-12-27,31,10660,2022-01-25,0
2021-12-28,34,10694,2022-01-25,0
2021-12-29,27,10721,2022-01-25,0
2021-12-30,19,10740,2022-01-25,1
2021-12-31,38,10778,2022-01-25,0
2022-01-01,26,10804,2022-01-25,0
2022-01-02,22,10826,2022-01-25,0
2022-01-03,19,10845,2022-01-25,0
2022-01-04,27,10872,2022-01-25,0
2022-01-05,30,10902,2022-01-25,0
2022-01-06,30,10932,2022-01-25,0
2022-01-07,25,10957,2022-01-25,0
2022-01-08,39,10996,2022-01-25,0
2022-01-09,17,11013,2022-01-25,1
2022-01-10,27,11040,2022-01-25,0
2022-01-11,16,11056,2022-01-25,0
2022-01-12,16,11072,2022-01-25,1
2022-01-13,21,11093,2022-01-25,1
2022-01-14,26,11119,2022-01-25,1
2022-01-15,20,11139,2022-01-25,2
2022-01-16,26,11165,2022-01-25,3
2022-01-17,27,11192,2022-01-25,5
2022-01-18,15,11207,2022-01-25,5
2022-01-19,15,11222,2022-01-25,7
2022-01-20,8,11230,2022-01-25,8
NA,0,11230,2022-01-25,0
2020-03-19,1,1,2022-01-26,0
2020-03-20,0,1,2022-01-26,0
2020-03-21,0,1,2022-01-26,0
2020-03-22,0,1,2022-01-26,0
2020-03-23,0,1,2022-01-26,0
2020-03-24,1,2,2022-01-26,0
2020-03-25,1,3,2022-01-26,0
2020-03-26,1,4,2022-01-26,0
2020-03-27,5,9,2022-01-26,0
2020-03-28,3,12,2022-01-26,0
2020-03-29,0,12,2022-01-26,0
2020-03-30,5,17,2022-01-26,0
2020-03-31,2,19,2022-01-26,0
2020-04-01,5,24,2022-01-26,0
2020-04-02,3,27,2022-01-26,0
2020-04-03,1,28,2022-01-26,0
2020-04-04,5,33,2022-01-26,0
2020-04-05,5,38,2022-01-26,0
2020-04-06,10,48,2022-01-26,0
2020-04-07,6,54,2022-01-26,0
2020-04-08,7,61,2022-01-26,0
2020-04-09,8,69,2022-01-26,0
2020-04-10,6,75,2022-01-26,0
2020-04-11,4,79,2022-01-26,0
2020-04-12,4,83,2022-01-26,0
2020-04-13,10,93,2022-01-26,0
2020-04-14,6,99,2022-01-26,0
2020-04-15,17,116,2022-01-26,0
2020-04-16,10,126,2022-01-26,0
2020-04-17,17,143,2022-01-26,0
2020-04-18,17,160,2022-01-26,0
2020-04-19,16,176,2022-01-26,0
2020-04-20,21,197,2022-01-26,0
2020-04-21,26,223,2022-01-26,0
2020-04-22,21,244,2022-01-26,0
2020-04-23,19,263,2022-01-26,0
2020-04-24,23,286,2022-01-26,0
2020-04-25,18,304,2022-01-26,0
2020-04-26,17,321,2022-01-26,0
2020-04-27,21,342,2022-01-26,0
2020-04-28,16,358,2022-01-26,0
2020-04-29,29,387,2022-01-26,0
2020-04-30,18,405,2022-01-26,0
2020-05-01,30,435,2022-01-26,0
2020-05-02,19,454,2022-01-26,0
2020-05-03,29,483,2022-01-26,0
2020-05-04,23,506,2022-01-26,0
2020-05-05,19,525,2022-01-26,0
2020-05-06,25,550,2022-01-26,0
2020-05-07,30,580,2022-01-26,0
2020-05-08,20,600,2022-01-26,0
2020-05-09,26,626,2022-01-26,0
2020-05-10,19,645,2022-01-26,0
2020-05-11,25,670,2022-01-26,0
2020-05-12,20,690,2022-01-26,0
2020-05-13,22,712,2022-01-26,0
2020-05-14,20,732,2022-01-26,0
2020-05-15,20,752,2022-01-26,0
2020-05-16,20,772,2022-01-26,0
2020-05-17,23,795,2022-01-26,0
2020-05-18,18,813,2022-01-26,0
2020-05-19,35,848,2022-01-26,0
2020-05-20,24,872,2022-01-26,0
2020-05-21,17,889,2022-01-26,0
2020-05-22,20,909,2022-01-26,0
2020-05-23,26,935,2022-01-26,0
2020-05-24,25,960,2022-01-26,0
2020-05-25,30,990,2022-01-26,0
2020-05-26,29,1019,2022-01-26,0
2020-05-27,25,1044,2022-01-26,0
2020-05-28,21,1065,2022-01-26,0
2020-05-29,17,1082,2022-01-26,0
2020-05-30,11,1093,2022-01-26,0
2020-05-31,20,1113,2022-01-26,0
2020-06-01,23,1136,2022-01-26,0
2020-06-02,21,1157,2022-01-26,0
2020-06-03,25,1182,2022-01-26,0
2020-06-04,26,1208,2022-01-26,0
2020-06-05,18,1226,2022-01-26,0
2020-06-06,12,1238,2022-01-26,0
2020-06-07,22,1260,2022-01-26,0
2020-06-08,12,1272,2022-01-26,0
2020-06-09,13,1285,2022-01-26,0
2020-06-10,10,1295,2022-01-26,0
2020-06-11,12,1307,2022-01-26,0
2020-06-12,11,1318,2022-01-26,0
2020-06-13,13,1331,2022-01-26,0
2020-06-14,11,1342,2022-01-26,0
2020-06-15,8,1350,2022-01-26,0
2020-06-16,9,1359,2022-01-26,0
2020-06-17,17,1376,2022-01-26,0
2020-06-18,9,1385,2022-01-26,0
2020-06-19,8,1393,2022-01-26,0
2020-06-20,12,1405,2022-01-26,0
2020-06-21,11,1416,2022-01-26,0
2020-06-22,6,1422,2022-01-26,0
2020-06-23,10,1432,2022-01-26,0
2020-06-24,1,1433,2022-01-26,0
2020-06-25,9,1442,2022-01-26,0
2020-06-26,6,1448,2022-01-26,0
2020-06-27,5,1453,2022-01-26,0
2020-06-28,11,1464,2022-01-26,0
2020-06-29,7,1471,2022-01-26,0
2020-06-30,9,1480,2022-01-26,0
2020-07-01,2,1482,2022-01-26,0
2020-07-02,3,1485,2022-01-26,0
2020-07-03,5,1490,2022-01-26,0
2020-07-04,4,1494,2022-01-26,0
2020-07-05,6,1500,2022-01-26,0
2020-07-06,4,1504,2022-01-26,0
2020-07-07,2,1506,2022-01-26,0
2020-07-08,9,1515,2022-01-26,0
2020-07-09,4,1519,2022-01-26,0
2020-07-10,3,1522,2022-01-26,0
2020-07-11,4,1526,2022-01-26,0
2020-07-12,6,1532,2022-01-26,0
2020-07-13,2,1534,2022-01-26,0
2020-07-14,6,1540,2022-01-26,0
2020-07-15,7,1547,2022-01-26,0
2020-07-16,3,1550,2022-01-26,0
2020-07-17,7,1557,2022-01-26,0
2020-07-18,6,1563,2022-01-26,0
2020-07-19,5,1568,2022-01-26,0
2020-07-20,3,1571,2022-01-26,0
2020-07-21,6,1577,2022-01-26,0
2020-07-22,5,1582,2022-01-26,0
2020-07-23,8,1590,2022-01-26,0
2020-07-24,6,1596,2022-01-26,0
2020-07-25,2,1598,2022-01-26,0
2020-07-26,5,1603,2022-01-26,0
2020-07-27,5,1608,2022-01-26,0
2020-07-28,7,1615,2022-01-26,0
2020-07-29,3,1618,2022-01-26,0
2020-07-30,6,1624,2022-01-26,0
2020-07-31,9,1633,2022-01-26,0
2020-08-01,4,1637,2022-01-26,0
2020-08-02,7,1644,2022-01-26,0
2020-08-03,4,1648,2022-01-26,0
2020-08-04,7,1655,2022-01-26,0
2020-08-05,8,1663,2022-01-26,0
2020-08-06,9,1672,2022-01-26,0
2020-08-07,7,1679,2022-01-26,0
2020-08-08,6,1685,2022-01-26,0
2020-08-09,10,1695,2022-01-26,0
2020-08-10,3,1698,2022-01-26,0
2020-08-11,9,1707,2022-01-26,0
2020-08-12,7,1714,2022-01-26,0
2020-08-13,5,1719,2022-01-26,0
2020-08-14,9,1728,2022-01-26,0
2020-08-15,13,1741,2022-01-26,0
2020-08-16,13,1754,2022-01-26,0
2020-08-17,6,1760,2022-01-26,0
2020-08-18,11,1771,2022-01-26,0
2020-08-19,3,1774,2022-01-26,0
2020-08-20,10,1784,2022-01-26,0
2020-08-21,12,1796,2022-01-26,0
2020-08-22,9,1805,2022-01-26,0
2020-08-23,7,1812,2022-01-26,0
2020-08-24,9,1821,2022-01-26,0
2020-08-25,4,1825,2022-01-26,0
2020-08-26,3,1828,2022-01-26,0
2020-08-27,7,1835,2022-01-26,0
2020-08-28,6,1841,2022-01-26,0
2020-08-29,3,1844,2022-01-26,0
2020-08-30,5,1849,2022-01-26,0
2020-08-31,9,1858,2022-01-26,0
2020-09-01,2,1860,2022-01-26,0
2020-09-02,7,1867,2022-01-26,0
2020-09-03,12,1879,2022-01-26,0
2020-09-04,4,1883,2022-01-26,0
2020-09-05,6,1889,2022-01-26,0
2020-09-06,12,1901,2022-01-26,0
2020-09-07,3,1904,2022-01-26,0
2020-09-08,6,1910,2022-01-26,0
2020-09-09,10,1920,2022-01-26,0
2020-09-10,9,1929,2022-01-26,0
2020-09-11,11,1940,2022-01-26,0
2020-09-12,8,1948,2022-01-26,0
2020-09-13,8,1956,2022-01-26,0
2020-09-14,2,1958,2022-01-26,0
2020-09-15,7,1965,2022-01-26,0
2020-09-16,9,1974,2022-01-26,0
2020-09-17,5,1979,2022-01-26,0
2020-09-18,6,1985,2022-01-26,0
2020-09-19,4,1989,2022-01-26,0
2020-09-20,9,1998,2022-01-26,0
2020-09-21,7,2005,2022-01-26,0
2020-09-22,8,2013,2022-01-26,0
2020-09-23,9,2022,2022-01-26,0
2020-09-24,8,2030,2022-01-26,0
2020-09-25,11,2041,2022-01-26,0
2020-09-26,9,2050,2022-01-26,0
2020-09-27,14,2064,2022-01-26,0
2020-09-28,11,2075,2022-01-26,0
2020-09-29,5,2080,2022-01-26,0
2020-09-30,16,2096,2022-01-26,0
2020-10-01,7,2103,2022-01-26,0
2020-10-02,13,2116,2022-01-26,0
2020-10-03,9,2125,2022-01-26,0
2020-10-04,7,2132,2022-01-26,0
2020-10-05,10,2142,2022-01-26,0
2020-10-06,13,2155,2022-01-26,0
2020-10-07,19,2174,2022-01-26,0
2020-10-08,9,2183,2022-01-26,0
2020-10-09,17,2200,2022-01-26,0
2020-10-10,16,2216,2022-01-26,0
2020-10-11,16,2232,2022-01-26,0
2020-10-12,20,2252,2022-01-26,0
2020-10-13,14,2266,2022-01-26,0
2020-10-14,10,2276,2022-01-26,0
2020-10-15,9,2285,2022-01-26,0
2020-10-16,12,2297,2022-01-26,0
2020-10-17,18,2315,2022-01-26,0
2020-10-18,25,2340,2022-01-26,0
2020-10-19,18,2358,2022-01-26,0
2020-10-20,15,2373,2022-01-26,0
2020-10-21,24,2397,2022-01-26,0
2020-10-22,18,2415,2022-01-26,0
2020-10-23,19,2434,2022-01-26,0
2020-10-24,8,2442,2022-01-26,0
2020-10-25,17,2459,2022-01-26,0
2020-10-26,25,2484,2022-01-26,0
2020-10-27,23,2507,2022-01-26,0
2020-10-28,29,2536,2022-01-26,0
2020-10-29,18,2554,2022-01-26,0
2020-10-30,27,2581,2022-01-26,0
2020-10-31,25,2606,2022-01-26,0
2020-11-01,21,2627,2022-01-26,0
2020-11-02,25,2652,2022-01-26,0
2020-11-03,25,2677,2022-01-26,0
2020-11-04,33,2710,2022-01-26,0
2020-11-05,38,2748,2022-01-26,0
2020-11-06,39,2787,2022-01-26,0
2020-11-07,42,2829,2022-01-26,0
2020-11-08,47,2876,2022-01-26,0
2020-11-09,37,2913,2022-01-26,0
2020-11-10,35,2948,2022-01-26,0
2020-11-11,43,2991,2022-01-26,0
2020-11-12,45,3036,2022-01-26,0
2020-11-13,40,3076,2022-01-26,0
2020-11-14,48,3124,2022-01-26,0
2020-11-15,46,3170,2022-01-26,0
2020-11-16,62,3232,2022-01-26,0
2020-11-17,56,3288,2022-01-26,0
2020-11-18,61,3349,2022-01-26,0
2020-11-19,60,3409,2022-01-26,0
2020-11-20,63,3472,2022-01-26,0
2020-11-21,58,3530,2022-01-26,0
2020-11-22,67,3597,2022-01-26,0
2020-11-23,59,3656,2022-01-26,0
2020-11-24,69,3725,2022-01-26,0
2020-11-25,72,3797,2022-01-26,0
2020-11-26,54,3851,2022-01-26,0
2020-11-27,69,3920,2022-01-26,0
2020-11-28,62,3982,2022-01-26,0
2020-11-29,68,4050,2022-01-26,0
2020-11-30,61,4111,2022-01-26,0
2020-12-01,64,4175,2022-01-26,0
2020-12-02,73,4248,2022-01-26,0
2020-12-03,86,4334,2022-01-26,0
2020-12-04,67,4401,2022-01-26,0
2020-12-05,74,4475,2022-01-26,0
2020-12-06,80,4555,2022-01-26,0
2020-12-07,75,4630,2022-01-26,0
2020-12-08,61,4691,2022-01-26,0
2020-12-09,71,4762,2022-01-26,0
2020-12-10,72,4834,2022-01-26,0
2020-12-11,71,4905,2022-01-26,0
2020-12-12,72,4977,2022-01-26,0
2020-12-13,56,5033,2022-01-26,0
2020-12-14,43,5076,2022-01-26,0
2020-12-15,65,5141,2022-01-26,0
2020-12-16,73,5214,2022-01-26,0
2020-12-17,60,5274,2022-01-26,0
2020-12-18,59,5333,2022-01-26,0
2020-12-19,56,5389,2022-01-26,0
2020-12-20,61,5450,2022-01-26,0
2020-12-21,58,5508,2022-01-26,0
2020-12-22,33,5541,2022-01-26,0
2020-12-23,46,5587,2022-01-26,0
2020-12-24,50,5637,2022-01-26,0
2020-12-25,36,5673,2022-01-26,0
2020-12-26,43,5716,2022-01-26,0
2020-12-27,41,5757,2022-01-26,0
2020-12-28,34,5791,2022-01-26,0
2020-12-29,37,5828,2022-01-26,0
2020-12-30,47,5875,2022-01-26,0
2020-12-31,36,5911,2022-01-26,0
2021-01-01,28,5939,2022-01-26,0
2021-01-02,49,5988,2022-01-26,0
2021-01-03,37,6025,2022-01-26,0
2021-01-04,32,6057,2022-01-26,0
2021-01-05,40,6097,2022-01-26,0
2021-01-06,32,6129,2022-01-26,0
2021-01-07,38,6167,2022-01-26,0
2021-01-08,32,6199,2022-01-26,0
2021-01-09,26,6225,2022-01-26,0
2021-01-10,30,6255,2022-01-26,0
2021-01-11,26,6281,2022-01-26,0
2021-01-12,32,6313,2022-01-26,0
2021-01-13,23,6336,2022-01-26,0
2021-01-14,42,6378,2022-01-26,0
2021-01-15,26,6404,2022-01-26,0
2021-01-16,30,6434,2022-01-26,0
2021-01-17,21,6455,2022-01-26,0
2021-01-18,19,6474,2022-01-26,0
2021-01-19,14,6488,2022-01-26,0
2021-01-20,26,6514,2022-01-26,0
2021-01-21,16,6530,2022-01-26,0
2021-01-22,14,6544,2022-01-26,1
2021-01-23,17,6561,2022-01-26,0
2021-01-24,24,6585,2022-01-26,0
2021-01-25,19,6604,2022-01-26,0
2021-01-26,21,6625,2022-01-26,0
2021-01-27,11,6636,2022-01-26,0
2021-01-28,12,6648,2022-01-26,0
2021-01-29,15,6663,2022-01-26,0
2021-01-30,13,6676,2022-01-26,0
2021-01-31,16,6692,2022-01-26,0
2021-02-01,17,6709,2022-01-26,0
2021-02-02,10,6719,2022-01-26,0
2021-02-03,11,6730,2022-01-26,0
2021-02-04,11,6741,2022-01-26,0
2021-02-05,12,6753,2022-01-26,0
2021-02-06,12,6765,2022-01-26,0
2021-02-07,19,6784,2022-01-26,0
2021-02-08,11,6795,2022-01-26,0
2021-02-09,15,6810,2022-01-26,0
2021-02-10,14,6824,2022-01-26,0
2021-02-11,7,6831,2022-01-26,0
2021-02-12,13,6844,2022-01-26,0
2021-02-13,8,6852,2022-01-26,0
2021-02-14,10,6862,2022-01-26,0
2021-02-15,9,6871,2022-01-26,0
2021-02-16,12,6883,2022-01-26,0
2021-02-17,10,6893,2022-01-26,0
2021-02-18,7,6900,2022-01-26,0
2021-02-19,6,6906,2022-01-26,0
2021-02-20,7,6913,2022-01-26,0
2021-02-21,4,6917,2022-01-26,0
2021-02-22,5,6922,2022-01-26,0
2021-02-23,9,6931,2022-01-26,0
2021-02-24,5,6936,2022-01-26,0
2021-02-25,5,6941,2022-01-26,0
2021-02-26,7,6948,2022-01-26,0
2021-02-27,6,6954,2022-01-26,0
2021-02-28,8,6962,2022-01-26,0
2021-03-01,7,6969,2022-01-26,0
2021-03-02,3,6972,2022-01-26,0
2021-03-03,10,6982,2022-01-26,0
2021-03-04,6,6988,2022-01-26,0
2021-03-05,10,6998,2022-01-26,0
2021-03-06,5,7003,2022-01-26,0
2021-03-07,9,7012,2022-01-26,0
2021-03-08,5,7017,2022-01-26,0
2021-03-09,7,7024,2022-01-26,0
2021-03-10,5,7029,2022-01-26,0
2021-03-11,4,7033,2022-01-26,0
2021-03-12,11,7044,2022-01-26,0
2021-03-13,5,7049,2022-01-26,0
2021-03-14,5,7054,2022-01-26,0
2021-03-15,2,7056,2022-01-26,0
2021-03-16,6,7062,2022-01-26,0
2021-03-17,4,7066,2022-01-26,0
2021-03-18,5,7071,2022-01-26,0
2021-03-19,5,7076,2022-01-26,0
2021-03-20,9,7085,2022-01-26,0
2021-03-21,5,7090,2022-01-26,0
2021-03-22,4,7094,2022-01-26,0
2021-03-23,5,7099,2022-01-26,0
2021-03-24,1,7100,2022-01-26,0
2021-03-25,5,7105,2022-01-26,0
2021-03-26,3,7108,2022-01-26,0
2021-03-27,7,7115,2022-01-26,0
2021-03-28,6,7121,2022-01-26,0
2021-03-29,5,7126,2022-01-26,0
2021-03-30,6,7132,2022-01-26,0
2021-03-31,8,7140,2022-01-26,0
2021-04-01,6,7146,2022-01-26,0
2021-04-02,9,7155,2022-01-26,0
2021-04-03,8,7163,2022-01-26,0
2021-04-04,6,7169,2022-01-26,0
2021-04-05,8,7177,2022-01-26,0
2021-04-06,7,7184,2022-01-26,0
2021-04-07,6,7190,2022-01-26,0
2021-04-08,10,7200,2022-01-26,0
2021-04-09,7,7207,2022-01-26,0
2021-04-10,7,7214,2022-01-26,0
2021-04-11,8,7222,2022-01-26,0
2021-04-12,10,7232,2022-01-26,0
2021-04-13,7,7239,2022-01-26,0
2021-04-14,8,7247,2022-01-26,0
2021-04-15,14,7261,2022-01-26,0
2021-04-16,8,7269,2022-01-26,0
2021-04-17,8,7277,2022-01-26,0
2021-04-18,8,7285,2022-01-26,0
2021-04-19,10,7295,2022-01-26,0
2021-04-20,5,7300,2022-01-26,0
2021-04-21,8,7308,2022-01-26,0
2021-04-22,3,7311,2022-01-26,0
2021-04-23,15,7326,2022-01-26,0
2021-04-24,11,7337,2022-01-26,0
2021-04-25,15,7352,2022-01-26,0
2021-04-26,15,7367,2022-01-26,0
2021-04-27,7,7374,2022-01-26,0
2021-04-28,14,7388,2022-01-26,0
2021-04-29,8,7396,2022-01-26,0
2021-04-30,11,7407,2022-01-26,0
2021-05-01,7,7414,2022-01-26,0
2021-05-02,8,7422,2022-01-26,0
2021-05-03,5,7427,2022-01-26,0
2021-05-04,13,7440,2022-01-26,0
2021-05-05,8,7448,2022-01-26,0
2021-05-06,5,7453,2022-01-26,0
2021-05-07,8,7461,2022-01-26,0
2021-05-08,7,7468,2022-01-26,0
2021-05-09,9,7477,2022-01-26,0
2021-05-10,8,7485,2022-01-26,0
2021-05-11,6,7491,2022-01-26,0
2021-05-12,9,7500,2022-01-26,0
2021-05-13,9,7509,2022-01-26,0
2021-05-14,11,7520,2022-01-26,0
2021-05-15,10,7530,2022-01-26,0
2021-05-16,6,7536,2022-01-26,0
2021-05-17,6,7542,2022-01-26,0
2021-05-18,7,7549,2022-01-26,0
2021-05-19,2,7551,2022-01-26,0
2021-05-20,5,7556,2022-01-26,0
2021-05-21,7,7563,2022-01-26,0
2021-05-22,12,7575,2022-01-26,0
2021-05-23,5,7580,2022-01-26,0
2021-05-24,5,7585,2022-01-26,0
2021-05-25,6,7591,2022-01-26,0
2021-05-26,3,7594,2022-01-26,0
2021-05-27,7,7601,2022-01-26,0
2021-05-28,2,7603,2022-01-26,0
2021-05-29,6,7609,2022-01-26,0
2021-05-30,4,7613,2022-01-26,0
2021-05-31,3,7616,2022-01-26,0
2021-06-01,5,7621,2022-01-26,0
2021-06-02,8,7629,2022-01-26,0
2021-06-03,4,7633,2022-01-26,0
2021-06-04,4,7637,2022-01-26,0
2021-06-05,2,7639,2022-01-26,0
2021-06-06,5,7644,2022-01-26,0
2021-06-07,3,7647,2022-01-26,0
2021-06-08,5,7652,2022-01-26,0
2021-06-09,4,7656,2022-01-26,0
2021-06-10,6,7662,2022-01-26,0
2021-06-11,6,7668,2022-01-26,0
2021-06-12,4,7672,2022-01-26,0
2021-06-13,4,7676,2022-01-26,0
2021-06-14,3,7679,2022-01-26,0
2021-06-15,2,7681,2022-01-26,0
2021-06-16,2,7683,2022-01-26,0
2021-06-17,4,7687,2022-01-26,0
2021-06-18,1,7688,2022-01-26,0
2021-06-19,6,7694,2022-01-26,0
2021-06-20,1,7695,2022-01-26,0
2021-06-21,5,7700,2022-01-26,0
2021-06-22,3,7703,2022-01-26,0
2021-06-23,4,7707,2022-01-26,0
2021-06-24,3,7710,2022-01-26,0
2021-06-25,3,7713,2022-01-26,0
2021-06-26,4,7717,2022-01-26,0
2021-06-27,2,7719,2022-01-26,0
2021-06-28,2,7721,2022-01-26,0
2021-06-29,2,7723,2022-01-26,0
2021-06-30,2,7725,2022-01-26,0
2021-07-01,0,7725,2022-01-26,0
2021-07-02,2,7727,2022-01-26,0
2021-07-03,2,7729,2022-01-26,0
2021-07-04,3,7732,2022-01-26,0
2021-07-05,1,7733,2022-01-26,0
2021-07-06,5,7738,2022-01-26,0
2021-07-07,1,7739,2022-01-26,0
2021-07-08,1,7740,2022-01-26,0
2021-07-09,0,7740,2022-01-26,0
2021-07-10,1,7741,2022-01-26,0
2021-07-11,3,7744,2022-01-26,0
2021-07-12,1,7745,2022-01-26,0
2021-07-13,2,7747,2022-01-26,0
2021-07-14,2,7749,2022-01-26,0
2021-07-15,2,7751,2022-01-26,0
2021-07-16,1,7752,2022-01-26,0
2021-07-17,1,7753,2022-01-26,0
2021-07-18,0,7753,2022-01-26,0
2021-07-19,0,7753,2022-01-26,0
2021-07-20,2,7755,2022-01-26,0
2021-07-21,2,7757,2022-01-26,0
2021-07-22,2,7759,2022-01-26,0
2021-07-23,3,7762,2022-01-26,0
2021-07-24,0,7762,2022-01-26,0
2021-07-25,2,7764,2022-01-26,0
2021-07-26,1,7765,2022-01-26,0
2021-07-27,2,7767,2022-01-26,0
2021-07-28,3,7770,2022-01-26,0
2021-07-29,2,7772,2022-01-26,0
2021-07-30,5,7777,2022-01-26,0
2021-07-31,4,7781,2022-01-26,0
2021-08-01,1,7782,2022-01-26,0
2021-08-02,3,7785,2022-01-26,0
2021-08-03,2,7787,2022-01-26,0
2021-08-04,3,7790,2022-01-26,0
2021-08-05,2,7792,2022-01-26,0
2021-08-06,8,7800,2022-01-26,0
2021-08-07,3,7803,2022-01-26,0
2021-08-08,3,7806,2022-01-26,0
2021-08-09,3,7809,2022-01-26,0
2021-08-10,2,7811,2022-01-26,0
2021-08-11,2,7813,2022-01-26,0
2021-08-12,7,7820,2022-01-26,0
2021-08-13,5,7825,2022-01-26,0
2021-08-14,6,7831,2022-01-26,0
2021-08-15,0,7831,2022-01-26,0
2021-08-16,7,7838,2022-01-26,0
2021-08-17,7,7845,2022-01-26,0
2021-08-18,9,7854,2022-01-26,0
2021-08-19,2,7856,2022-01-26,0
2021-08-20,3,7859,2022-01-26,0
2021-08-21,5,7864,2022-01-26,0
2021-08-22,7,7871,2022-01-26,0
2021-08-23,5,7876,2022-01-26,0
2021-08-24,12,7888,2022-01-26,0
2021-08-25,7,7895,2022-01-26,0
2021-08-26,2,7897,2022-01-26,0
2021-08-27,6,7903,2022-01-26,0
2021-08-28,11,7914,2022-01-26,0
2021-08-29,11,7925,2022-01-26,0
2021-08-30,8,7933,2022-01-26,0
2021-08-31,7,7940,2022-01-26,0
2021-09-01,6,7946,2022-01-26,0
2021-09-02,6,7952,2022-01-26,0
2021-09-03,9,7961,2022-01-26,0
2021-09-04,9,7970,2022-01-26,0
2021-09-05,10,7980,2022-01-26,0
2021-09-06,8,7988,2022-01-26,0
2021-09-07,7,7995,2022-01-26,0
2021-09-08,11,8006,2022-01-26,0
2021-09-09,5,8011,2022-01-26,0
2021-09-10,9,8020,2022-01-26,0
2021-09-11,17,8037,2022-01-26,0
2021-09-12,10,8047,2022-01-26,0
2021-09-13,7,8054,2022-01-26,0
2021-09-14,11,8065,2022-01-26,0
2021-09-15,14,8079,2022-01-26,0
2021-09-16,16,8095,2022-01-26,0
2021-09-17,8,8103,2022-01-26,0
2021-09-18,13,8116,2022-01-26,0
2021-09-19,11,8127,2022-01-26,0
2021-09-20,16,8143,2022-01-26,0
2021-09-21,15,8158,2022-01-26,0
2021-09-22,17,8175,2022-01-26,0
2021-09-23,13,8188,2022-01-26,0
2021-09-24,13,8201,2022-01-26,0
2021-09-25,16,8217,2022-01-26,0
2021-09-26,15,8232,2022-01-26,0
2021-09-27,15,8247,2022-01-26,0
2021-09-28,11,8258,2022-01-26,0
2021-09-29,20,8278,2022-01-26,1
2021-09-30,17,8295,2022-01-26,0
2021-10-01,13,8308,2022-01-26,0
2021-10-02,15,8323,2022-01-26,0
2021-10-03,23,8346,2022-01-26,0
2021-10-04,15,8361,2022-01-26,0
2021-10-05,23,8384,2022-01-26,0
2021-10-06,21,8405,2022-01-26,0
2021-10-07,14,8419,2022-01-26,0
2021-10-08,22,8441,2022-01-26,0
2021-10-09,20,8461,2022-01-26,0
2021-10-10,13,8474,2022-01-26,0
2021-10-11,11,8485,2022-01-26,0
2021-10-12,25,8510,2022-01-26,0
2021-10-13,21,8531,2022-01-26,0
2021-10-14,22,8553,2022-01-26,0
2021-10-15,14,8567,2022-01-26,0
2021-10-16,20,8587,2022-01-26,0
2021-10-17,17,8604,2022-01-26,0
2021-10-18,17,8621,2022-01-26,0
2021-10-19,25,8646,2022-01-26,0
2021-10-20,16,8662,2022-01-26,0
2021-10-21,9,8671,2022-01-26,0
2021-10-22,23,8694,2022-01-26,0
2021-10-23,24,8718,2022-01-26,0
2021-10-24,24,8742,2022-01-26,0
2021-10-25,20,8762,2022-01-26,0
2021-10-26,22,8784,2022-01-26,0
2021-10-27,16,8800,2022-01-26,0
2021-10-28,24,8824,2022-01-26,0
2021-10-29,20,8844,2022-01-26,0
2021-10-30,19,8863,2022-01-26,0
2021-10-31,26,8889,2022-01-26,0
2021-11-01,18,8907,2022-01-26,0
2021-11-02,18,8925,2022-01-26,0
2021-11-03,27,8952,2022-01-26,0
2021-11-04,27,8979,2022-01-26,0
2021-11-05,29,9008,2022-01-26,0
2021-11-06,16,9024,2022-01-26,0
2021-11-07,24,9048,2022-01-26,0
2021-11-08,27,9075,2022-01-26,0
2021-11-09,16,9091,2022-01-26,0
2021-11-10,18,9109,2022-01-26,0
2021-11-11,28,9137,2022-01-26,0
2021-11-12,29,9166,2022-01-26,0
2021-11-13,31,9197,2022-01-26,0
2021-11-14,24,9221,2022-01-26,0
2021-11-15,28,9249,2022-01-26,0
2021-11-16,25,9274,2022-01-26,0
2021-11-17,37,9311,2022-01-26,0
2021-11-18,36,9347,2022-01-26,0
2021-11-19,34,9381,2022-01-26,0
2021-11-20,30,9411,2022-01-26,0
2021-11-21,32,9443,2022-01-26,0
2021-11-22,29,9472,2022-01-26,0
2021-11-23,31,9503,2022-01-26,0
2021-11-24,25,9528,2022-01-26,1
2021-11-25,35,9563,2022-01-26,0
2021-11-26,50,9613,2022-01-26,0
2021-11-27,36,9649,2022-01-26,0
2021-11-28,38,9687,2022-01-26,0
2021-11-29,28,9715,2022-01-26,0
2021-11-30,30,9745,2022-01-26,0
2021-12-01,47,9792,2022-01-26,0
2021-12-02,40,9832,2022-01-26,0
2021-12-03,31,9863,2022-01-26,0
2021-12-04,42,9905,2022-01-26,0
2021-12-05,35,9940,2022-01-26,0
2021-12-06,33,9973,2022-01-26,0
2021-12-07,34,10007,2022-01-26,0
2021-12-08,38,10045,2022-01-26,0
2021-12-09,47,10092,2022-01-26,0
2021-12-10,34,10126,2022-01-26,0
2021-12-11,26,10152,2022-01-26,0
2021-12-12,35,10187,2022-01-26,0
2021-12-13,32,10219,2022-01-26,0
2021-12-14,35,10254,2022-01-26,0
2021-12-15,40,10294,2022-01-26,0
2021-12-16,28,10322,2022-01-26,0
2021-12-17,39,10361,2022-01-26,0
2021-12-18,30,10391,2022-01-26,0
2021-12-19,30,10421,2022-01-26,0
2021-12-20,33,10454,2022-01-26,0
2021-12-21,27,10481,2022-01-26,1
2021-12-22,28,10509,2022-01-26,0
2021-12-23,25,10534,2022-01-26,0
2021-12-24,29,10563,2022-01-26,0
2021-12-25,28,10591,2022-01-26,0
2021-12-26,42,10633,2022-01-26,0
2021-12-27,31,10664,2022-01-26,0
2021-12-28,34,10698,2022-01-26,0
2021-12-29,29,10727,2022-01-26,2
2021-12-30,19,10746,2022-01-26,0
2021-12-31,38,10784,2022-01-26,0
2022-01-01,26,10810,2022-01-26,0
2022-01-02,22,10832,2022-01-26,0
2022-01-03,19,10851,2022-01-26,0
2022-01-04,28,10879,2022-01-26,1
2022-01-05,30,10909,2022-01-26,0
2022-01-06,30,10939,2022-01-26,0
2022-01-07,25,10964,2022-01-26,0
2022-01-08,39,11003,2022-01-26,0
2022-01-09,18,11021,2022-01-26,1
2022-01-10,27,11048,2022-01-26,0
2022-01-11,16,11064,2022-01-26,0
2022-01-12,17,11081,2022-01-26,1
2022-01-13,22,11103,2022-01-26,1
2022-01-14,29,11132,2022-01-26,3
2022-01-15,23,11155,2022-01-26,3
2022-01-16,26,11181,2022-01-26,0
2022-01-17,29,11210,2022-01-26,2
2022-01-18,17,11227,2022-01-26,2
2022-01-19,22,11249,2022-01-26,7
2022-01-20,14,11263,2022-01-26,6
2022-01-21,7,11270,2022-01-26,7
2022-01-22,5,11275,2022-01-26,5
2022-01-23,6,11281,2022-01-26,6
2022-01-24,1,11282,2022-01-26,1
NA,0,11282,2022-01-26,0
2020-03-19,1,1,2022-01-27,0
2020-03-20,0,1,2022-01-27,0
2020-03-21,0,1,2022-01-27,0
2020-03-22,0,1,2022-01-27,0
2020-03-23,0,1,2022-01-27,0
2020-03-24,1,2,2022-01-27,0
2020-03-25,1,3,2022-01-27,0
2020-03-26,1,4,2022-01-27,0
2020-03-27,5,9,2022-01-27,0
2020-03-28,3,12,2022-01-27,0
2020-03-29,0,12,2022-01-27,0
2020-03-30,5,17,2022-01-27,0
2020-03-31,2,19,2022-01-27,0
2020-04-01,5,24,2022-01-27,0
2020-04-02,3,27,2022-01-27,0
2020-04-03,1,28,2022-01-27,0
2020-04-04,5,33,2022-01-27,0
2020-04-05,5,38,2022-01-27,0
2020-04-06,10,48,2022-01-27,0
2020-04-07,6,54,2022-01-27,0
2020-04-08,7,61,2022-01-27,0
2020-04-09,8,69,2022-01-27,0
2020-04-10,6,75,2022-01-27,0
2020-04-11,4,79,2022-01-27,0
2020-04-12,4,83,2022-01-27,0
2020-04-13,10,93,2022-01-27,0
2020-04-14,6,99,2022-01-27,0
2020-04-15,17,116,2022-01-27,0
2020-04-16,10,126,2022-01-27,0
2020-04-17,17,143,2022-01-27,0
2020-04-18,17,160,2022-01-27,0
2020-04-19,16,176,2022-01-27,0
2020-04-20,21,197,2022-01-27,0
2020-04-21,26,223,2022-01-27,0
2020-04-22,21,244,2022-01-27,0
2020-04-23,19,263,2022-01-27,0
2020-04-24,23,286,2022-01-27,0
2020-04-25,18,304,2022-01-27,0
2020-04-26,17,321,2022-01-27,0
2020-04-27,21,342,2022-01-27,0
2020-04-28,16,358,2022-01-27,0
2020-04-29,29,387,2022-01-27,0
2020-04-30,18,405,2022-01-27,0
2020-05-01,30,435,2022-01-27,0
2020-05-02,19,454,2022-01-27,0
2020-05-03,29,483,2022-01-27,0
2020-05-04,23,506,2022-01-27,0
2020-05-05,19,525,2022-01-27,0
2020-05-06,25,550,2022-01-27,0
2020-05-07,30,580,2022-01-27,0
2020-05-08,20,600,2022-01-27,0
2020-05-09,26,626,2022-01-27,0
2020-05-10,19,645,2022-01-27,0
2020-05-11,25,670,2022-01-27,0
2020-05-12,20,690,2022-01-27,0
2020-05-13,22,712,2022-01-27,0
2020-05-14,20,732,2022-01-27,0
2020-05-15,20,752,2022-01-27,0
2020-05-16,20,772,2022-01-27,0
2020-05-17,23,795,2022-01-27,0
2020-05-18,18,813,2022-01-27,0
2020-05-19,35,848,2022-01-27,0
2020-05-20,24,872,2022-01-27,0
2020-05-21,17,889,2022-01-27,0
2020-05-22,20,909,2022-01-27,0
2020-05-23,26,935,2022-01-27,0
2020-05-24,25,960,2022-01-27,0
2020-05-25,30,990,2022-01-27,0
2020-05-26,29,1019,2022-01-27,0
2020-05-27,25,1044,2022-01-27,0
2020-05-28,21,1065,2022-01-27,0
2020-05-29,17,1082,2022-01-27,0
2020-05-30,11,1093,2022-01-27,0
2020-05-31,20,1113,2022-01-27,0
2020-06-01,23,1136,2022-01-27,0
2020-06-02,21,1157,2022-01-27,0
2020-06-03,25,1182,2022-01-27,0
2020-06-04,26,1208,2022-01-27,0
2020-06-05,18,1226,2022-01-27,0
2020-06-06,12,1238,2022-01-27,0
2020-06-07,22,1260,2022-01-27,0
2020-06-08,12,1272,2022-01-27,0
2020-06-09,13,1285,2022-01-27,0
2020-06-10,10,1295,2022-01-27,0
2020-06-11,12,1307,2022-01-27,0
2020-06-12,11,1318,2022-01-27,0
2020-06-13,13,1331,2022-01-27,0
2020-06-14,11,1342,2022-01-27,0
2020-06-15,8,1350,2022-01-27,0
2020-06-16,9,1359,2022-01-27,0
2020-06-17,17,1376,2022-01-27,0
2020-06-18,9,1385,2022-01-27,0
2020-06-19,8,1393,2022-01-27,0
2020-06-20,12,1405,2022-01-27,0
2020-06-21,11,1416,2022-01-27,0
2020-06-22,6,1422,2022-01-27,0
2020-06-23,10,1432,2022-01-27,0
2020-06-24,1,1433,2022-01-27,0
2020-06-25,9,1442,2022-01-27,0
2020-06-26,6,1448,2022-01-27,0
2020-06-27,5,1453,2022-01-27,0
2020-06-28,11,1464,2022-01-27,0
2020-06-29,7,1471,2022-01-27,0
2020-06-30,9,1480,2022-01-27,0
2020-07-01,2,1482,2022-01-27,0
2020-07-02,3,1485,2022-01-27,0
2020-07-03,5,1490,2022-01-27,0
2020-07-04,4,1494,2022-01-27,0
2020-07-05,6,1500,2022-01-27,0
2020-07-06,4,1504,2022-01-27,0
2020-07-07,2,1506,2022-01-27,0
2020-07-08,9,1515,2022-01-27,0
2020-07-09,4,1519,2022-01-27,0
2020-07-10,3,1522,2022-01-27,0
2020-07-11,4,1526,2022-01-27,0
2020-07-12,6,1532,2022-01-27,0
2020-07-13,2,1534,2022-01-27,0
2020-07-14,6,1540,2022-01-27,0
2020-07-15,7,1547,2022-01-27,0
2020-07-16,3,1550,2022-01-27,0
2020-07-17,7,1557,2022-01-27,0
2020-07-18,6,1563,2022-01-27,0
2020-07-19,5,1568,2022-01-27,0
2020-07-20,3,1571,2022-01-27,0
2020-07-21,6,1577,2022-01-27,0
2020-07-22,5,1582,2022-01-27,0
2020-07-23,8,1590,2022-01-27,0
2020-07-24,6,1596,2022-01-27,0
2020-07-25,2,1598,2022-01-27,0
2020-07-26,5,1603,2022-01-27,0
2020-07-27,5,1608,2022-01-27,0
2020-07-28,7,1615,2022-01-27,0
2020-07-29,3,1618,2022-01-27,0
2020-07-30,6,1624,2022-01-27,0
2020-07-31,9,1633,2022-01-27,0
2020-08-01,4,1637,2022-01-27,0
2020-08-02,7,1644,2022-01-27,0
2020-08-03,4,1648,2022-01-27,0
2020-08-04,7,1655,2022-01-27,0
2020-08-05,8,1663,2022-01-27,0
2020-08-06,9,1672,2022-01-27,0
2020-08-07,7,1679,2022-01-27,0
2020-08-08,6,1685,2022-01-27,0
2020-08-09,10,1695,2022-01-27,0
2020-08-10,3,1698,2022-01-27,0
2020-08-11,9,1707,2022-01-27,0
2020-08-12,7,1714,2022-01-27,0
2020-08-13,5,1719,2022-01-27,0
2020-08-14,9,1728,2022-01-27,0
2020-08-15,13,1741,2022-01-27,0
2020-08-16,13,1754,2022-01-27,0
2020-08-17,6,1760,2022-01-27,0
2020-08-18,11,1771,2022-01-27,0
2020-08-19,3,1774,2022-01-27,0
2020-08-20,10,1784,2022-01-27,0
2020-08-21,12,1796,2022-01-27,0
2020-08-22,9,1805,2022-01-27,0
2020-08-23,7,1812,2022-01-27,0
2020-08-24,9,1821,2022-01-27,0
2020-08-25,4,1825,2022-01-27,0
2020-08-26,3,1828,2022-01-27,0
2020-08-27,7,1835,2022-01-27,0
2020-08-28,6,1841,2022-01-27,0
2020-08-29,3,1844,2022-01-27,0
2020-08-30,5,1849,2022-01-27,0
2020-08-31,9,1858,2022-01-27,0
2020-09-01,2,1860,2022-01-27,0
2020-09-02,7,1867,2022-01-27,0
2020-09-03,12,1879,2022-01-27,0
2020-09-04,4,1883,2022-01-27,0
2020-09-05,6,1889,2022-01-27,0
2020-09-06,12,1901,2022-01-27,0
2020-09-07,3,1904,2022-01-27,0
2020-09-08,6,1910,2022-01-27,0
2020-09-09,10,1920,2022-01-27,0
2020-09-10,9,1929,2022-01-27,0
2020-09-11,11,1940,2022-01-27,0
2020-09-12,8,1948,2022-01-27,0
2020-09-13,8,1956,2022-01-27,0
2020-09-14,2,1958,2022-01-27,0
2020-09-15,7,1965,2022-01-27,0
2020-09-16,9,1974,2022-01-27,0
2020-09-17,5,1979,2022-01-27,0
2020-09-18,6,1985,2022-01-27,0
2020-09-19,4,1989,2022-01-27,0
2020-09-20,9,1998,2022-01-27,0
2020-09-21,7,2005,2022-01-27,0
2020-09-22,8,2013,2022-01-27,0
2020-09-23,9,2022,2022-01-27,0
2020-09-24,8,2030,2022-01-27,0
2020-09-25,11,2041,2022-01-27,0
2020-09-26,9,2050,2022-01-27,0
2020-09-27,14,2064,2022-01-27,0
2020-09-28,11,2075,2022-01-27,0
2020-09-29,5,2080,2022-01-27,0
2020-09-30,16,2096,2022-01-27,0
2020-10-01,7,2103,2022-01-27,0
2020-10-02,13,2116,2022-01-27,0
2020-10-03,9,2125,2022-01-27,0
2020-10-04,7,2132,2022-01-27,0
2020-10-05,10,2142,2022-01-27,0
2020-10-06,13,2155,2022-01-27,0
2020-10-07,19,2174,2022-01-27,0
2020-10-08,9,2183,2022-01-27,0
2020-10-09,17,2200,2022-01-27,0
2020-10-10,16,2216,2022-01-27,0
2020-10-11,16,2232,2022-01-27,0
2020-10-12,20,2252,2022-01-27,0
2020-10-13,14,2266,2022-01-27,0
2020-10-14,10,2276,2022-01-27,0
2020-10-15,9,2285,2022-01-27,0
2020-10-16,12,2297,2022-01-27,0
2020-10-17,18,2315,2022-01-27,0
2020-10-18,25,2340,2022-01-27,0
2020-10-19,18,2358,2022-01-27,0
2020-10-20,15,2373,2022-01-27,0
2020-10-21,24,2397,2022-01-27,0
2020-10-22,18,2415,2022-01-27,0
2020-10-23,19,2434,2022-01-27,0
2020-10-24,8,2442,2022-01-27,0
2020-10-25,17,2459,2022-01-27,0
2020-10-26,25,2484,2022-01-27,0
2020-10-27,23,2507,2022-01-27,0
2020-10-28,29,2536,2022-01-27,0
2020-10-29,18,2554,2022-01-27,0
2020-10-30,27,2581,2022-01-27,0
2020-10-31,25,2606,2022-01-27,0
2020-11-01,21,2627,2022-01-27,0
2020-11-02,25,2652,2022-01-27,0
2020-11-03,25,2677,2022-01-27,0
2020-11-04,33,2710,2022-01-27,0
2020-11-05,38,2748,2022-01-27,0
2020-11-06,39,2787,2022-01-27,0
2020-11-07,42,2829,2022-01-27,0
2020-11-08,47,2876,2022-01-27,0
2020-11-09,37,2913,2022-01-27,0
2020-11-10,35,2948,2022-01-27,0
2020-11-11,43,2991,2022-01-27,0
2020-11-12,45,3036,2022-01-27,0
2020-11-13,40,3076,2022-01-27,0
2020-11-14,48,3124,2022-01-27,0
2020-11-15,46,3170,2022-01-27,0
2020-11-16,62,3232,2022-01-27,0
2020-11-17,56,3288,2022-01-27,0
2020-11-18,61,3349,2022-01-27,0
2020-11-19,60,3409,2022-01-27,0
2020-11-20,63,3472,2022-01-27,0
2020-11-21,58,3530,2022-01-27,0
2020-11-22,67,3597,2022-01-27,0
2020-11-23,59,3656,2022-01-27,0
2020-11-24,69,3725,2022-01-27,0
2020-11-25,72,3797,2022-01-27,0
2020-11-26,54,3851,2022-01-27,0
2020-11-27,69,3920,2022-01-27,0
2020-11-28,62,3982,2022-01-27,0
2020-11-29,68,4050,2022-01-27,0
2020-11-30,61,4111,2022-01-27,0
2020-12-01,64,4175,2022-01-27,0
2020-12-02,73,4248,2022-01-27,0
2020-12-03,86,4334,2022-01-27,0
2020-12-04,67,4401,2022-01-27,0
2020-12-05,74,4475,2022-01-27,0
2020-12-06,80,4555,2022-01-27,0
2020-12-07,75,4630,2022-01-27,0
2020-12-08,61,4691,2022-01-27,0
2020-12-09,71,4762,2022-01-27,0
2020-12-10,72,4834,2022-01-27,0
2020-12-11,71,4905,2022-01-27,0
2020-12-12,72,4977,2022-01-27,0
2020-12-13,56,5033,2022-01-27,0
2020-12-14,43,5076,2022-01-27,0
2020-12-15,65,5141,2022-01-27,0
2020-12-16,73,5214,2022-01-27,0
2020-12-17,60,5274,2022-01-27,0
2020-12-18,59,5333,2022-01-27,0
2020-12-19,56,5389,2022-01-27,0
2020-12-20,61,5450,2022-01-27,0
2020-12-21,58,5508,2022-01-27,0
2020-12-22,33,5541,2022-01-27,0
2020-12-23,46,5587,2022-01-27,0
2020-12-24,50,5637,2022-01-27,0
2020-12-25,36,5673,2022-01-27,0
2020-12-26,43,5716,2022-01-27,0
2020-12-27,41,5757,2022-01-27,0
2020-12-28,34,5791,2022-01-27,0
2020-12-29,37,5828,2022-01-27,0
2020-12-30,47,5875,2022-01-27,0
2020-12-31,36,5911,2022-01-27,0
2021-01-01,28,5939,2022-01-27,0
2021-01-02,49,5988,2022-01-27,0
2021-01-03,37,6025,2022-01-27,0
2021-01-04,32,6057,2022-01-27,0
2021-01-05,40,6097,2022-01-27,0
2021-01-06,32,6129,2022-01-27,0
2021-01-07,38,6167,2022-01-27,0
2021-01-08,32,6199,2022-01-27,0
2021-01-09,26,6225,2022-01-27,0
2021-01-10,30,6255,2022-01-27,0
2021-01-11,26,6281,2022-01-27,0
2021-01-12,32,6313,2022-01-27,0
2021-01-13,23,6336,2022-01-27,0
2021-01-14,42,6378,2022-01-27,0
2021-01-15,26,6404,2022-01-27,0
2021-01-16,30,6434,2022-01-27,0
2021-01-17,21,6455,2022-01-27,0
2021-01-18,19,6474,2022-01-27,0
2021-01-19,14,6488,2022-01-27,0
2021-01-20,26,6514,2022-01-27,0
2021-01-21,16,6530,2022-01-27,0
2021-01-22,14,6544,2022-01-27,0
2021-01-23,17,6561,2022-01-27,0
2021-01-24,24,6585,2022-01-27,0
2021-01-25,19,6604,2022-01-27,0
2021-01-26,21,6625,2022-01-27,0
2021-01-27,11,6636,2022-01-27,0
2021-01-28,12,6648,2022-01-27,0
2021-01-29,15,6663,2022-01-27,0
2021-01-30,13,6676,2022-01-27,0
2021-01-31,16,6692,2022-01-27,0
2021-02-01,17,6709,2022-01-27,0
2021-02-02,10,6719,2022-01-27,0
2021-02-03,11,6730,2022-01-27,0
2021-02-04,11,6741,2022-01-27,0
2021-02-05,12,6753,2022-01-27,0
2021-02-06,12,6765,2022-01-27,0
2021-02-07,19,6784,2022-01-27,0
2021-02-08,11,6795,2022-01-27,0
2021-02-09,15,6810,2022-01-27,0
2021-02-10,14,6824,2022-01-27,0
2021-02-11,7,6831,2022-01-27,0
2021-02-12,13,6844,2022-01-27,0
2021-02-13,8,6852,2022-01-27,0
2021-02-14,10,6862,2022-01-27,0
2021-02-15,9,6871,2022-01-27,0
2021-02-16,12,6883,2022-01-27,0
2021-02-17,10,6893,2022-01-27,0
2021-02-18,7,6900,2022-01-27,0
2021-02-19,6,6906,2022-01-27,0
2021-02-20,7,6913,2022-01-27,0
2021-02-21,4,6917,2022-01-27,0
2021-02-22,5,6922,2022-01-27,0
2021-02-23,9,6931,2022-01-27,0
2021-02-24,5,6936,2022-01-27,0
2021-02-25,5,6941,2022-01-27,0
2021-02-26,7,6948,2022-01-27,0
2021-02-27,6,6954,2022-01-27,0
2021-02-28,8,6962,2022-01-27,0
2021-03-01,7,6969,2022-01-27,0
2021-03-02,3,6972,2022-01-27,0
2021-03-03,10,6982,2022-01-27,0
2021-03-04,6,6988,2022-01-27,0
2021-03-05,10,6998,2022-01-27,0
2021-03-06,5,7003,2022-01-27,0
2021-03-07,9,7012,2022-01-27,0
2021-03-08,5,7017,2022-01-27,0
2021-03-09,7,7024,2022-01-27,0
2021-03-10,5,7029,2022-01-27,0
2021-03-11,4,7033,2022-01-27,0
2021-03-12,11,7044,2022-01-27,0
2021-03-13,5,7049,2022-01-27,0
2021-03-14,5,7054,2022-01-27,0
2021-03-15,2,7056,2022-01-27,0
2021-03-16,6,7062,2022-01-27,0
2021-03-17,4,7066,2022-01-27,0
2021-03-18,5,7071,2022-01-27,0
2021-03-19,5,7076,2022-01-27,0
2021-03-20,9,7085,2022-01-27,0
2021-03-21,5,7090,2022-01-27,0
2021-03-22,4,7094,2022-01-27,0
2021-03-23,5,7099,2022-01-27,0
2021-03-24,1,7100,2022-01-27,0
2021-03-25,5,7105,2022-01-27,0
2021-03-26,3,7108,2022-01-27,0
2021-03-27,7,7115,2022-01-27,0
2021-03-28,6,7121,2022-01-27,0
2021-03-29,5,7126,2022-01-27,0
2021-03-30,6,7132,2022-01-27,0
2021-03-31,8,7140,2022-01-27,0
2021-04-01,6,7146,2022-01-27,0
2021-04-02,9,7155,2022-01-27,0
2021-04-03,8,7163,2022-01-27,0
2021-04-04,6,7169,2022-01-27,0
2021-04-05,8,7177,2022-01-27,0
2021-04-06,7,7184,2022-01-27,0
2021-04-07,6,7190,2022-01-27,0
2021-04-08,10,7200,2022-01-27,0
2021-04-09,7,7207,2022-01-27,0
2021-04-10,7,7214,2022-01-27,0
2021-04-11,8,7222,2022-01-27,0
2021-04-12,10,7232,2022-01-27,0
2021-04-13,7,7239,2022-01-27,0
2021-04-14,8,7247,2022-01-27,0
2021-04-15,14,7261,2022-01-27,0
2021-04-16,8,7269,2022-01-27,0
2021-04-17,8,7277,2022-01-27,0
2021-04-18,8,7285,2022-01-27,0
2021-04-19,10,7295,2022-01-27,0
2021-04-20,5,7300,2022-01-27,0
2021-04-21,8,7308,2022-01-27,0
2021-04-22,3,7311,2022-01-27,0
2021-04-23,15,7326,2022-01-27,0
2021-04-24,11,7337,2022-01-27,0
2021-04-25,15,7352,2022-01-27,0
2021-04-26,15,7367,2022-01-27,0
2021-04-27,7,7374,2022-01-27,0
2021-04-28,14,7388,2022-01-27,0
2021-04-29,8,7396,2022-01-27,0
2021-04-30,11,7407,2022-01-27,0
2021-05-01,7,7414,2022-01-27,0
2021-05-02,8,7422,2022-01-27,0
2021-05-03,5,7427,2022-01-27,0
2021-05-04,13,7440,2022-01-27,0
2021-05-05,8,7448,2022-01-27,0
2021-05-06,5,7453,2022-01-27,0
2021-05-07,8,7461,2022-01-27,0
2021-05-08,7,7468,2022-01-27,0
2021-05-09,9,7477,2022-01-27,0
2021-05-10,8,7485,2022-01-27,0
2021-05-11,6,7491,2022-01-27,0
2021-05-12,9,7500,2022-01-27,0
2021-05-13,9,7509,2022-01-27,0
2021-05-14,11,7520,2022-01-27,0
2021-05-15,10,7530,2022-01-27,0
2021-05-16,6,7536,2022-01-27,0
2021-05-17,6,7542,2022-01-27,0
2021-05-18,7,7549,2022-01-27,0
2021-05-19,2,7551,2022-01-27,0
2021-05-20,5,7556,2022-01-27,0
2021-05-21,7,7563,2022-01-27,0
2021-05-22,12,7575,2022-01-27,0
2021-05-23,5,7580,2022-01-27,0
2021-05-24,5,7585,2022-01-27,0
2021-05-25,6,7591,2022-01-27,0
2021-05-26,3,7594,2022-01-27,0
2021-05-27,7,7601,2022-01-27,0
2021-05-28,2,7603,2022-01-27,0
2021-05-29,6,7609,2022-01-27,0
2021-05-30,4,7613,2022-01-27,0
2021-05-31,3,7616,2022-01-27,0
2021-06-01,5,7621,2022-01-27,0
2021-06-02,8,7629,2022-01-27,0
2021-06-03,4,7633,2022-01-27,0
2021-06-04,4,7637,2022-01-27,0
2021-06-05,2,7639,2022-01-27,0
2021-06-06,5,7644,2022-01-27,0
2021-06-07,3,7647,2022-01-27,0
2021-06-08,5,7652,2022-01-27,0
2021-06-09,4,7656,2022-01-27,0
2021-06-10,6,7662,2022-01-27,0
2021-06-11,6,7668,2022-01-27,0
2021-06-12,4,7672,2022-01-27,0
2021-06-13,4,7676,2022-01-27,0
2021-06-14,3,7679,2022-01-27,0
2021-06-15,2,7681,2022-01-27,0
2021-06-16,2,7683,2022-01-27,0
2021-06-17,4,7687,2022-01-27,0
2021-06-18,1,7688,2022-01-27,0
2021-06-19,6,7694,2022-01-27,0
2021-06-20,1,7695,2022-01-27,0
2021-06-21,5,7700,2022-01-27,0
2021-06-22,3,7703,2022-01-27,0
2021-06-23,4,7707,2022-01-27,0
2021-06-24,3,7710,2022-01-27,0
2021-06-25,3,7713,2022-01-27,0
2021-06-26,4,7717,2022-01-27,0
2021-06-27,2,7719,2022-01-27,0
2021-06-28,2,7721,2022-01-27,0
2021-06-29,2,7723,2022-01-27,0
2021-06-30,2,7725,2022-01-27,0
2021-07-01,0,7725,2022-01-27,0
2021-07-02,2,7727,2022-01-27,0
2021-07-03,2,7729,2022-01-27,0
2021-07-04,3,7732,2022-01-27,0
2021-07-05,1,7733,2022-01-27,0
2021-07-06,5,7738,2022-01-27,0
2021-07-07,1,7739,2022-01-27,0
2021-07-08,1,7740,2022-01-27,0
2021-07-09,0,7740,2022-01-27,0
2021-07-10,1,7741,2022-01-27,0
2021-07-11,3,7744,2022-01-27,0
2021-07-12,1,7745,2022-01-27,0
2021-07-13,2,7747,2022-01-27,0
2021-07-14,2,7749,2022-01-27,0
2021-07-15,2,7751,2022-01-27,0
2021-07-16,1,7752,2022-01-27,0
2021-07-17,1,7753,2022-01-27,0
2021-07-18,0,7753,2022-01-27,0
2021-07-19,0,7753,2022-01-27,0
2021-07-20,2,7755,2022-01-27,0
2021-07-21,3,7758,2022-01-27,1
2021-07-22,2,7760,2022-01-27,0
2021-07-23,3,7763,2022-01-27,0
2021-07-24,0,7763,2022-01-27,0
2021-07-25,2,7765,2022-01-27,0
2021-07-26,1,7766,2022-01-27,0
2021-07-27,2,7768,2022-01-27,0
2021-07-28,3,7771,2022-01-27,0
2021-07-29,2,7773,2022-01-27,0
2021-07-30,5,7778,2022-01-27,0
2021-07-31,4,7782,2022-01-27,0
2021-08-01,1,7783,2022-01-27,0
2021-08-02,3,7786,2022-01-27,0
2021-08-03,2,7788,2022-01-27,0
2021-08-04,3,7791,2022-01-27,0
2021-08-05,2,7793,2022-01-27,0
2021-08-06,8,7801,2022-01-27,0
2021-08-07,3,7804,2022-01-27,0
2021-08-08,3,7807,2022-01-27,0
2021-08-09,3,7810,2022-01-27,0
2021-08-10,2,7812,2022-01-27,0
2021-08-11,2,7814,2022-01-27,0
2021-08-12,7,7821,2022-01-27,0
2021-08-13,5,7826,2022-01-27,0
2021-08-14,6,7832,2022-01-27,0
2021-08-15,0,7832,2022-01-27,0
2021-08-16,7,7839,2022-01-27,0
2021-08-17,7,7846,2022-01-27,0
2021-08-18,9,7855,2022-01-27,0
2021-08-19,2,7857,2022-01-27,0
2021-08-20,3,7860,2022-01-27,0
2021-08-21,5,7865,2022-01-27,0
2021-08-22,7,7872,2022-01-27,0
2021-08-23,5,7877,2022-01-27,0
2021-08-24,12,7889,2022-01-27,0
2021-08-25,7,7896,2022-01-27,0
2021-08-26,2,7898,2022-01-27,0
2021-08-27,6,7904,2022-01-27,0
2021-08-28,11,7915,2022-01-27,0
2021-08-29,11,7926,2022-01-27,0
2021-08-30,8,7934,2022-01-27,0
2021-08-31,7,7941,2022-01-27,0
2021-09-01,6,7947,2022-01-27,0
2021-09-02,6,7953,2022-01-27,0
2021-09-03,9,7962,2022-01-27,0
2021-09-04,9,7971,2022-01-27,0
2021-09-05,10,7981,2022-01-27,0
2021-09-06,8,7989,2022-01-27,0
2021-09-07,7,7996,2022-01-27,0
2021-09-08,11,8007,2022-01-27,0
2021-09-09,5,8012,2022-01-27,0
2021-09-10,9,8021,2022-01-27,0
2021-09-11,17,8038,2022-01-27,0
2021-09-12,10,8048,2022-01-27,0
2021-09-13,7,8055,2022-01-27,0
2021-09-14,11,8066,2022-01-27,0
2021-09-15,14,8080,2022-01-27,0
2021-09-16,16,8096,2022-01-27,0
2021-09-17,8,8104,2022-01-27,0
2021-09-18,13,8117,2022-01-27,0
2021-09-19,11,8128,2022-01-27,0
2021-09-20,16,8144,2022-01-27,0
2021-09-21,15,8159,2022-01-27,0
2021-09-22,17,8176,2022-01-27,0
2021-09-23,13,8189,2022-01-27,0
2021-09-24,13,8202,2022-01-27,0
2021-09-25,16,8218,2022-01-27,0
2021-09-26,15,8233,2022-01-27,0
2021-09-27,15,8248,2022-01-27,0
2021-09-28,11,8259,2022-01-27,0
2021-09-29,20,8279,2022-01-27,0
2021-09-30,17,8296,2022-01-27,0
2021-10-01,13,8309,2022-01-27,0
2021-10-02,15,8324,2022-01-27,0
2021-10-03,23,8347,2022-01-27,0
2021-10-04,15,8362,2022-01-27,0
2021-10-05,23,8385,2022-01-27,0
2021-10-06,21,8406,2022-01-27,0
2021-10-07,14,8420,2022-01-27,0
2021-10-08,22,8442,2022-01-27,0
2021-10-09,20,8462,2022-01-27,0
2021-10-10,13,8475,2022-01-27,0
2021-10-11,11,8486,2022-01-27,0
2021-10-12,25,8511,2022-01-27,0
2021-10-13,21,8532,2022-01-27,0
2021-10-14,22,8554,2022-01-27,0
2021-10-15,14,8568,2022-01-27,0
2021-10-16,20,8588,2022-01-27,0
2021-10-17,17,8605,2022-01-27,0
2021-10-18,17,8622,2022-01-27,0
2021-10-19,25,8647,2022-01-27,0
2021-10-20,16,8663,2022-01-27,0
2021-10-21,9,8672,2022-01-27,0
2021-10-22,23,8695,2022-01-27,0
2021-10-23,24,8719,2022-01-27,0
2021-10-24,24,8743,2022-01-27,0
2021-10-25,20,8763,2022-01-27,0
2021-10-26,22,8785,2022-01-27,0
2021-10-27,16,8801,2022-01-27,0
2021-10-28,24,8825,2022-01-27,0
2021-10-29,20,8845,2022-01-27,0
2021-10-30,19,8864,2022-01-27,0
2021-10-31,26,8890,2022-01-27,0
2021-11-01,18,8908,2022-01-27,0
2021-11-02,18,8926,2022-01-27,0
2021-11-03,27,8953,2022-01-27,0
2021-11-04,27,8980,2022-01-27,0
2021-11-05,29,9009,2022-01-27,0
2021-11-06,16,9025,2022-01-27,0
2021-11-07,24,9049,2022-01-27,0
2021-11-08,27,9076,2022-01-27,0
2021-11-09,16,9092,2022-01-27,0
2021-11-10,18,9110,2022-01-27,0
2021-11-11,28,9138,2022-01-27,0
2021-11-12,29,9167,2022-01-27,0
2021-11-13,31,9198,2022-01-27,0
2021-11-14,24,9222,2022-01-27,0
2021-11-15,28,9250,2022-01-27,0
2021-11-16,25,9275,2022-01-27,0
2021-11-17,37,9312,2022-01-27,0
2021-11-18,36,9348,2022-01-27,0
2021-11-19,34,9382,2022-01-27,0
2021-11-20,30,9412,2022-01-27,0
2021-11-21,32,9444,2022-01-27,0
2021-11-22,29,9473,2022-01-27,0
2021-11-23,31,9504,2022-01-27,0
2021-11-24,25,9529,2022-01-27,0
2021-11-25,35,9564,2022-01-27,0
2021-11-26,50,9614,2022-01-27,0
2021-11-27,36,9650,2022-01-27,0
2021-11-28,38,9688,2022-01-27,0
2021-11-29,29,9717,2022-01-27,1
2021-11-30,30,9747,2022-01-27,0
2021-12-01,47,9794,2022-01-27,0
2021-12-02,40,9834,2022-01-27,0
2021-12-03,31,9865,2022-01-27,0
2021-12-04,42,9907,2022-01-27,0
2021-12-05,35,9942,2022-01-27,0
2021-12-06,33,9975,2022-01-27,0
2021-12-07,34,10009,2022-01-27,0
2021-12-08,38,10047,2022-01-27,0
2021-12-09,47,10094,2022-01-27,0
2021-12-10,34,10128,2022-01-27,0
2021-12-11,26,10154,2022-01-27,0
2021-12-12,35,10189,2022-01-27,0
2021-12-13,32,10221,2022-01-27,0
2021-12-14,35,10256,2022-01-27,0
2021-12-15,40,10296,2022-01-27,0
2021-12-16,30,10326,2022-01-27,2
2021-12-17,39,10365,2022-01-27,0
2021-12-18,31,10396,2022-01-27,1
2021-12-19,30,10426,2022-01-27,0
2021-12-20,33,10459,2022-01-27,0
2021-12-21,27,10486,2022-01-27,0
2021-12-22,28,10514,2022-01-27,0
2021-12-23,25,10539,2022-01-27,0
2021-12-24,29,10568,2022-01-27,0
2021-12-25,28,10596,2022-01-27,0
2021-12-26,42,10638,2022-01-27,0
2021-12-27,31,10669,2022-01-27,0
2021-12-28,34,10703,2022-01-27,0
2021-12-29,29,10732,2022-01-27,0
2021-12-30,19,10751,2022-01-27,0
2021-12-31,38,10789,2022-01-27,0
2022-01-01,26,10815,2022-01-27,0
2022-01-02,22,10837,2022-01-27,0
2022-01-03,19,10856,2022-01-27,0
2022-01-04,28,10884,2022-01-27,0
2022-01-05,30,10914,2022-01-27,0
2022-01-06,31,10945,2022-01-27,1
2022-01-07,26,10971,2022-01-27,1
2022-01-08,39,11010,2022-01-27,0
2022-01-09,18,11028,2022-01-27,0
2022-01-10,27,11055,2022-01-27,0
2022-01-11,17,11072,2022-01-27,1
2022-01-12,17,11089,2022-01-27,0
2022-01-13,25,11114,2022-01-27,3
2022-01-14,29,11143,2022-01-27,0
2022-01-15,23,11166,2022-01-27,0
2022-01-16,29,11195,2022-01-27,3
2022-01-17,31,11226,2022-01-27,2
2022-01-18,18,11244,2022-01-27,1
2022-01-19,24,11268,2022-01-27,2
2022-01-20,23,11291,2022-01-27,9
2022-01-21,17,11308,2022-01-27,10
2022-01-22,11,11319,2022-01-27,6
2022-01-23,11,11330,2022-01-27,5
2022-01-24,8,11338,2022-01-27,7
2022-01-25,1,11339,2022-01-27,1
NA,0,11339,2022-01-27,0
2020-03-19,1,1,2022-01-28,0
2020-03-20,0,1,2022-01-28,0
2020-03-21,0,1,2022-01-28,0
2020-03-22,0,1,2022-01-28,0
2020-03-23,0,1,2022-01-28,0
2020-03-24,1,2,2022-01-28,0
2020-03-25,1,3,2022-01-28,0
2020-03-26,1,4,2022-01-28,0
2020-03-27,5,9,2022-01-28,0
2020-03-28,3,12,2022-01-28,0
2020-03-29,0,12,2022-01-28,0
2020-03-30,5,17,2022-01-28,0
2020-03-31,2,19,2022-01-28,0
2020-04-01,5,24,2022-01-28,0
2020-04-02,3,27,2022-01-28,0
2020-04-03,1,28,2022-01-28,0
2020-04-04,5,33,2022-01-28,0
2020-04-05,5,38,2022-01-28,0
2020-04-06,10,48,2022-01-28,0
2020-04-07,6,54,2022-01-28,0
2020-04-08,7,61,2022-01-28,0
2020-04-09,8,69,2022-01-28,0
2020-04-10,6,75,2022-01-28,0
2020-04-11,4,79,2022-01-28,0
2020-04-12,4,83,2022-01-28,0
2020-04-13,10,93,2022-01-28,0
2020-04-14,6,99,2022-01-28,0
2020-04-15,17,116,2022-01-28,0
2020-04-16,10,126,2022-01-28,0
2020-04-17,17,143,2022-01-28,0
2020-04-18,17,160,2022-01-28,0
2020-04-19,16,176,2022-01-28,0
2020-04-20,21,197,2022-01-28,0
2020-04-21,26,223,2022-01-28,0
2020-04-22,21,244,2022-01-28,0
2020-04-23,19,263,2022-01-28,0
2020-04-24,23,286,2022-01-28,0
2020-04-25,18,304,2022-01-28,0
2020-04-26,17,321,2022-01-28,0
2020-04-27,21,342,2022-01-28,0
2020-04-28,16,358,2022-01-28,0
2020-04-29,29,387,2022-01-28,0
2020-04-30,18,405,2022-01-28,0
2020-05-01,30,435,2022-01-28,0
2020-05-02,19,454,2022-01-28,0
2020-05-03,29,483,2022-01-28,0
2020-05-04,23,506,2022-01-28,0
2020-05-05,19,525,2022-01-28,0
2020-05-06,25,550,2022-01-28,0
2020-05-07,30,580,2022-01-28,0
2020-05-08,20,600,2022-01-28,0
2020-05-09,26,626,2022-01-28,0
2020-05-10,19,645,2022-01-28,0
2020-05-11,25,670,2022-01-28,0
2020-05-12,20,690,2022-01-28,0
2020-05-13,22,712,2022-01-28,0
2020-05-14,20,732,2022-01-28,0
2020-05-15,20,752,2022-01-28,0
2020-05-16,20,772,2022-01-28,0
2020-05-17,23,795,2022-01-28,0
2020-05-18,18,813,2022-01-28,0
2020-05-19,35,848,2022-01-28,0
2020-05-20,24,872,2022-01-28,0
2020-05-21,17,889,2022-01-28,0
2020-05-22,20,909,2022-01-28,0
2020-05-23,26,935,2022-01-28,0
2020-05-24,25,960,2022-01-28,0
2020-05-25,30,990,2022-01-28,0
2020-05-26,29,1019,2022-01-28,0
2020-05-27,25,1044,2022-01-28,0
2020-05-28,21,1065,2022-01-28,0
2020-05-29,17,1082,2022-01-28,0
2020-05-30,11,1093,2022-01-28,0
2020-05-31,20,1113,2022-01-28,0
2020-06-01,23,1136,2022-01-28,0
2020-06-02,21,1157,2022-01-28,0
2020-06-03,25,1182,2022-01-28,0
2020-06-04,26,1208,2022-01-28,0
2020-06-05,18,1226,2022-01-28,0
2020-06-06,12,1238,2022-01-28,0
2020-06-07,22,1260,2022-01-28,0
2020-06-08,12,1272,2022-01-28,0
2020-06-09,13,1285,2022-01-28,0
2020-06-10,10,1295,2022-01-28,0
2020-06-11,12,1307,2022-01-28,0
2020-06-12,11,1318,2022-01-28,0
2020-06-13,13,1331,2022-01-28,0
2020-06-14,11,1342,2022-01-28,0
2020-06-15,8,1350,2022-01-28,0
2020-06-16,9,1359,2022-01-28,0
2020-06-17,17,1376,2022-01-28,0
2020-06-18,9,1385,2022-01-28,0
2020-06-19,8,1393,2022-01-28,0
2020-06-20,12,1405,2022-01-28,0
2020-06-21,11,1416,2022-01-28,0
2020-06-22,6,1422,2022-01-28,0
2020-06-23,10,1432,2022-01-28,0
2020-06-24,1,1433,2022-01-28,0
2020-06-25,9,1442,2022-01-28,0
2020-06-26,6,1448,2022-01-28,0
2020-06-27,5,1453,2022-01-28,0
2020-06-28,11,1464,2022-01-28,0
2020-06-29,7,1471,2022-01-28,0
2020-06-30,9,1480,2022-01-28,0
2020-07-01,2,1482,2022-01-28,0
2020-07-02,3,1485,2022-01-28,0
2020-07-03,5,1490,2022-01-28,0
2020-07-04,4,1494,2022-01-28,0
2020-07-05,6,1500,2022-01-28,0
2020-07-06,4,1504,2022-01-28,0
2020-07-07,2,1506,2022-01-28,0
2020-07-08,9,1515,2022-01-28,0
2020-07-09,4,1519,2022-01-28,0
2020-07-10,3,1522,2022-01-28,0
2020-07-11,4,1526,2022-01-28,0
2020-07-12,6,1532,2022-01-28,0
2020-07-13,2,1534,2022-01-28,0
2020-07-14,6,1540,2022-01-28,0
2020-07-15,7,1547,2022-01-28,0
2020-07-16,3,1550,2022-01-28,0
2020-07-17,7,1557,2022-01-28,0
2020-07-18,6,1563,2022-01-28,0
2020-07-19,5,1568,2022-01-28,0
2020-07-20,3,1571,2022-01-28,0
2020-07-21,6,1577,2022-01-28,0
2020-07-22,5,1582,2022-01-28,0
2020-07-23,8,1590,2022-01-28,0
2020-07-24,6,1596,2022-01-28,0
2020-07-25,2,1598,2022-01-28,0
2020-07-26,5,1603,2022-01-28,0
2020-07-27,5,1608,2022-01-28,0
2020-07-28,7,1615,2022-01-28,0
2020-07-29,3,1618,2022-01-28,0
2020-07-30,6,1624,2022-01-28,0
2020-07-31,9,1633,2022-01-28,0
2020-08-01,4,1637,2022-01-28,0
2020-08-02,7,1644,2022-01-28,0
2020-08-03,4,1648,2022-01-28,0
2020-08-04,7,1655,2022-01-28,0
2020-08-05,8,1663,2022-01-28,0
2020-08-06,9,1672,2022-01-28,0
2020-08-07,7,1679,2022-01-28,0
2020-08-08,6,1685,2022-01-28,0
2020-08-09,10,1695,2022-01-28,0
2020-08-10,3,1698,2022-01-28,0
2020-08-11,9,1707,2022-01-28,0
2020-08-12,7,1714,2022-01-28,0
2020-08-13,5,1719,2022-01-28,0
2020-08-14,9,1728,2022-01-28,0
2020-08-15,13,1741,2022-01-28,0
2020-08-16,13,1754,2022-01-28,0
2020-08-17,6,1760,2022-01-28,0
2020-08-18,11,1771,2022-01-28,0
2020-08-19,3,1774,2022-01-28,0
2020-08-20,10,1784,2022-01-28,0
2020-08-21,12,1796,2022-01-28,0
2020-08-22,9,1805,2022-01-28,0
2020-08-23,7,1812,2022-01-28,0
2020-08-24,9,1821,2022-01-28,0
2020-08-25,4,1825,2022-01-28,0
2020-08-26,3,1828,2022-01-28,0
2020-08-27,7,1835,2022-01-28,0
2020-08-28,6,1841,2022-01-28,0
2020-08-29,3,1844,2022-01-28,0
2020-08-30,5,1849,2022-01-28,0
2020-08-31,9,1858,2022-01-28,0
2020-09-01,2,1860,2022-01-28,0
2020-09-02,7,1867,2022-01-28,0
2020-09-03,12,1879,2022-01-28,0
2020-09-04,4,1883,2022-01-28,0
2020-09-05,6,1889,2022-01-28,0
2020-09-06,12,1901,2022-01-28,0
2020-09-07,3,1904,2022-01-28,0
2020-09-08,6,1910,2022-01-28,0
2020-09-09,10,1920,2022-01-28,0
2020-09-10,9,1929,2022-01-28,0
2020-09-11,11,1940,2022-01-28,0
2020-09-12,8,1948,2022-01-28,0
2020-09-13,8,1956,2022-01-28,0
2020-09-14,2,1958,2022-01-28,0
2020-09-15,7,1965,2022-01-28,0
2020-09-16,9,1974,2022-01-28,0
2020-09-17,5,1979,2022-01-28,0
2020-09-18,6,1985,2022-01-28,0
2020-09-19,4,1989,2022-01-28,0
2020-09-20,9,1998,2022-01-28,0
2020-09-21,7,2005,2022-01-28,0
2020-09-22,8,2013,2022-01-28,0
2020-09-23,9,2022,2022-01-28,0
2020-09-24,8,2030,2022-01-28,0
2020-09-25,11,2041,2022-01-28,0
2020-09-26,9,2050,2022-01-28,0
2020-09-27,14,2064,2022-01-28,0
2020-09-28,11,2075,2022-01-28,0
2020-09-29,5,2080,2022-01-28,0
2020-09-30,16,2096,2022-01-28,0
2020-10-01,7,2103,2022-01-28,0
2020-10-02,13,2116,2022-01-28,0
2020-10-03,9,2125,2022-01-28,0
2020-10-04,7,2132,2022-01-28,0
2020-10-05,10,2142,2022-01-28,0
2020-10-06,13,2155,2022-01-28,0
2020-10-07,19,2174,2022-01-28,0
2020-10-08,9,2183,2022-01-28,0
2020-10-09,17,2200,2022-01-28,0
2020-10-10,16,2216,2022-01-28,0
2020-10-11,16,2232,2022-01-28,0
2020-10-12,20,2252,2022-01-28,0
2020-10-13,14,2266,2022-01-28,0
2020-10-14,10,2276,2022-01-28,0
2020-10-15,9,2285,2022-01-28,0
2020-10-16,12,2297,2022-01-28,0
2020-10-17,18,2315,2022-01-28,0
2020-10-18,25,2340,2022-01-28,0
2020-10-19,18,2358,2022-01-28,0
2020-10-20,15,2373,2022-01-28,0
2020-10-21,24,2397,2022-01-28,0
2020-10-22,18,2415,2022-01-28,0
2020-10-23,19,2434,2022-01-28,0
2020-10-24,8,2442,2022-01-28,0
2020-10-25,17,2459,2022-01-28,0
2020-10-26,25,2484,2022-01-28,0
2020-10-27,23,2507,2022-01-28,0
2020-10-28,29,2536,2022-01-28,0
2020-10-29,18,2554,2022-01-28,0
2020-10-30,27,2581,2022-01-28,0
2020-10-31,25,2606,2022-01-28,0
2020-11-01,21,2627,2022-01-28,0
2020-11-02,25,2652,2022-01-28,0
2020-11-03,25,2677,2022-01-28,0
2020-11-04,33,2710,2022-01-28,0
2020-11-05,38,2748,2022-01-28,0
2020-11-06,39,2787,2022-01-28,0
2020-11-07,42,2829,2022-01-28,0
2020-11-08,47,2876,2022-01-28,0
2020-11-09,37,2913,2022-01-28,0
2020-11-10,35,2948,2022-01-28,0
2020-11-11,43,2991,2022-01-28,0
2020-11-12,45,3036,2022-01-28,0
2020-11-13,40,3076,2022-01-28,0
2020-11-14,48,3124,2022-01-28,0
2020-11-15,46,3170,2022-01-28,0
2020-11-16,62,3232,2022-01-28,0
2020-11-17,56,3288,2022-01-28,0
2020-11-18,61,3349,2022-01-28,0
2020-11-19,60,3409,2022-01-28,0
2020-11-20,63,3472,2022-01-28,0
2020-11-21,58,3530,2022-01-28,0
2020-11-22,67,3597,2022-01-28,0
2020-11-23,59,3656,2022-01-28,0
2020-11-24,69,3725,2022-01-28,0
2020-11-25,72,3797,2022-01-28,0
2020-11-26,54,3851,2022-01-28,0
2020-11-27,69,3920,2022-01-28,0
2020-11-28,62,3982,2022-01-28,0
2020-11-29,68,4050,2022-01-28,0
2020-11-30,61,4111,2022-01-28,0
2020-12-01,64,4175,2022-01-28,0
2020-12-02,73,4248,2022-01-28,0
2020-12-03,86,4334,2022-01-28,0
2020-12-04,67,4401,2022-01-28,0
2020-12-05,74,4475,2022-01-28,0
2020-12-06,80,4555,2022-01-28,0
2020-12-07,75,4630,2022-01-28,0
2020-12-08,61,4691,2022-01-28,0
2020-12-09,71,4762,2022-01-28,0
2020-12-10,72,4834,2022-01-28,0
2020-12-11,71,4905,2022-01-28,0
2020-12-12,72,4977,2022-01-28,0
2020-12-13,56,5033,2022-01-28,0
2020-12-14,43,5076,2022-01-28,0
2020-12-15,65,5141,2022-01-28,0
2020-12-16,73,5214,2022-01-28,0
2020-12-17,60,5274,2022-01-28,0
2020-12-18,59,5333,2022-01-28,0
2020-12-19,56,5389,2022-01-28,0
2020-12-20,61,5450,2022-01-28,0
2020-12-21,58,5508,2022-01-28,0
2020-12-22,33,5541,2022-01-28,0
2020-12-23,46,5587,2022-01-28,0
2020-12-24,50,5637,2022-01-28,0
2020-12-25,36,5673,2022-01-28,0
2020-12-26,43,5716,2022-01-28,0
2020-12-27,41,5757,2022-01-28,0
2020-12-28,34,5791,2022-01-28,0
2020-12-29,37,5828,2022-01-28,0
2020-12-30,47,5875,2022-01-28,0
2020-12-31,36,5911,2022-01-28,0
2021-01-01,28,5939,2022-01-28,0
2021-01-02,49,5988,2022-01-28,0
2021-01-03,37,6025,2022-01-28,0
2021-01-04,32,6057,2022-01-28,0
2021-01-05,40,6097,2022-01-28,0
2021-01-06,32,6129,2022-01-28,0
2021-01-07,38,6167,2022-01-28,0
2021-01-08,32,6199,2022-01-28,0
2021-01-09,26,6225,2022-01-28,0
2021-01-10,30,6255,2022-01-28,0
2021-01-11,26,6281,2022-01-28,0
2021-01-12,32,6313,2022-01-28,0
2021-01-13,23,6336,2022-01-28,0
2021-01-14,42,6378,2022-01-28,0
2021-01-15,26,6404,2022-01-28,0
2021-01-16,30,6434,2022-01-28,0
2021-01-17,21,6455,2022-01-28,0
2021-01-18,19,6474,2022-01-28,0
2021-01-19,14,6488,2022-01-28,0
2021-01-20,26,6514,2022-01-28,0
2021-01-21,16,6530,2022-01-28,0
2021-01-22,14,6544,2022-01-28,0
2021-01-23,17,6561,2022-01-28,0
2021-01-24,24,6585,2022-01-28,0
2021-01-25,19,6604,2022-01-28,0
2021-01-26,21,6625,2022-01-28,0
2021-01-27,11,6636,2022-01-28,0
2021-01-28,12,6648,2022-01-28,0
2021-01-29,15,6663,2022-01-28,0
2021-01-30,13,6676,2022-01-28,0
2021-01-31,16,6692,2022-01-28,0
2021-02-01,17,6709,2022-01-28,0
2021-02-02,10,6719,2022-01-28,0
2021-02-03,11,6730,2022-01-28,0
2021-02-04,11,6741,2022-01-28,0
2021-02-05,12,6753,2022-01-28,0
2021-02-06,12,6765,2022-01-28,0
2021-02-07,19,6784,2022-01-28,0
2021-02-08,11,6795,2022-01-28,0
2021-02-09,15,6810,2022-01-28,0
2021-02-10,14,6824,2022-01-28,0
2021-02-11,7,6831,2022-01-28,0
2021-02-12,13,6844,2022-01-28,0
2021-02-13,8,6852,2022-01-28,0
2021-02-14,10,6862,2022-01-28,0
2021-02-15,9,6871,2022-01-28,0
2021-02-16,12,6883,2022-01-28,0
2021-02-17,10,6893,2022-01-28,0
2021-02-18,7,6900,2022-01-28,0
2021-02-19,6,6906,2022-01-28,0
2021-02-20,7,6913,2022-01-28,0
2021-02-21,4,6917,2022-01-28,0
2021-02-22,5,6922,2022-01-28,0
2021-02-23,9,6931,2022-01-28,0
2021-02-24,5,6936,2022-01-28,0
2021-02-25,5,6941,2022-01-28,0
2021-02-26,7,6948,2022-01-28,0
2021-02-27,6,6954,2022-01-28,0
2021-02-28,8,6962,2022-01-28,0
2021-03-01,7,6969,2022-01-28,0
2021-03-02,3,6972,2022-01-28,0
2021-03-03,10,6982,2022-01-28,0
2021-03-04,6,6988,2022-01-28,0
2021-03-05,10,6998,2022-01-28,0
2021-03-06,5,7003,2022-01-28,0
2021-03-07,9,7012,2022-01-28,0
2021-03-08,5,7017,2022-01-28,0
2021-03-09,7,7024,2022-01-28,0
2021-03-10,5,7029,2022-01-28,0
2021-03-11,4,7033,2022-01-28,0
2021-03-12,11,7044,2022-01-28,0
2021-03-13,5,7049,2022-01-28,0
2021-03-14,5,7054,2022-01-28,0
2021-03-15,2,7056,2022-01-28,0
2021-03-16,6,7062,2022-01-28,0
2021-03-17,4,7066,2022-01-28,0
2021-03-18,5,7071,2022-01-28,0
2021-03-19,5,7076,2022-01-28,0
2021-03-20,9,7085,2022-01-28,0
2021-03-21,5,7090,2022-01-28,0
2021-03-22,4,7094,2022-01-28,0
2021-03-23,5,7099,2022-01-28,0
2021-03-24,1,7100,2022-01-28,0
2021-03-25,5,7105,2022-01-28,0
2021-03-26,3,7108,2022-01-28,0
2021-03-27,7,7115,2022-01-28,0
2021-03-28,6,7121,2022-01-28,0
2021-03-29,5,7126,2022-01-28,0
2021-03-30,6,7132,2022-01-28,0
2021-03-31,8,7140,2022-01-28,0
2021-04-01,6,7146,2022-01-28,0
2021-04-02,9,7155,2022-01-28,0
2021-04-03,8,7163,2022-01-28,0
2021-04-04,6,7169,2022-01-28,0
2021-04-05,8,7177,2022-01-28,0
2021-04-06,7,7184,2022-01-28,0
2021-04-07,6,7190,2022-01-28,0
2021-04-08,10,7200,2022-01-28,0
2021-04-09,7,7207,2022-01-28,0
2021-04-10,7,7214,2022-01-28,0
2021-04-11,8,7222,2022-01-28,0
2021-04-12,10,7232,2022-01-28,0
2021-04-13,7,7239,2022-01-28,0
2021-04-14,8,7247,2022-01-28,0
2021-04-15,14,7261,2022-01-28,0
2021-04-16,8,7269,2022-01-28,0
2021-04-17,8,7277,2022-01-28,0
2021-04-18,8,7285,2022-01-28,0
2021-04-19,10,7295,2022-01-28,0
2021-04-20,5,7300,2022-01-28,0
2021-04-21,8,7308,2022-01-28,0
2021-04-22,3,7311,2022-01-28,0
2021-04-23,15,7326,2022-01-28,0
2021-04-24,11,7337,2022-01-28,0
2021-04-25,15,7352,2022-01-28,0
2021-04-26,15,7367,2022-01-28,0
2021-04-27,7,7374,2022-01-28,0
2021-04-28,14,7388,2022-01-28,0
2021-04-29,8,7396,2022-01-28,0
2021-04-30,11,7407,2022-01-28,0
2021-05-01,7,7414,2022-01-28,0
2021-05-02,8,7422,2022-01-28,0
2021-05-03,5,7427,2022-01-28,0
2021-05-04,13,7440,2022-01-28,0
2021-05-05,8,7448,2022-01-28,0
2021-05-06,5,7453,2022-01-28,0
2021-05-07,8,7461,2022-01-28,0
2021-05-08,7,7468,2022-01-28,0
2021-05-09,9,7477,2022-01-28,0
2021-05-10,8,7485,2022-01-28,0
2021-05-11,6,7491,2022-01-28,0
2021-05-12,9,7500,2022-01-28,0
2021-05-13,9,7509,2022-01-28,0
2021-05-14,11,7520,2022-01-28,0
2021-05-15,10,7530,2022-01-28,0
2021-05-16,6,7536,2022-01-28,0
2021-05-17,6,7542,2022-01-28,0
2021-05-18,7,7549,2022-01-28,0
2021-05-19,2,7551,2022-01-28,0
2021-05-20,5,7556,2022-01-28,0
2021-05-21,7,7563,2022-01-28,0
2021-05-22,12,7575,2022-01-28,0
2021-05-23,5,7580,2022-01-28,0
2021-05-24,5,7585,2022-01-28,0
2021-05-25,6,7591,2022-01-28,0
2021-05-26,3,7594,2022-01-28,0
2021-05-27,7,7601,2022-01-28,0
2021-05-28,2,7603,2022-01-28,0
2021-05-29,6,7609,2022-01-28,0
2021-05-30,4,7613,2022-01-28,0
2021-05-31,3,7616,2022-01-28,0
2021-06-01,5,7621,2022-01-28,0
2021-06-02,8,7629,2022-01-28,0
2021-06-03,4,7633,2022-01-28,0
2021-06-04,4,7637,2022-01-28,0
2021-06-05,2,7639,2022-01-28,0
2021-06-06,5,7644,2022-01-28,0
2021-06-07,3,7647,2022-01-28,0
2021-06-08,5,7652,2022-01-28,0
2021-06-09,4,7656,2022-01-28,0
2021-06-10,6,7662,2022-01-28,0
2021-06-11,6,7668,2022-01-28,0
2021-06-12,4,7672,2022-01-28,0
2021-06-13,4,7676,2022-01-28,0
2021-06-14,3,7679,2022-01-28,0
2021-06-15,2,7681,2022-01-28,0
2021-06-16,2,7683,2022-01-28,0
2021-06-17,4,7687,2022-01-28,0
2021-06-18,1,7688,2022-01-28,0
2021-06-19,6,7694,2022-01-28,0
2021-06-20,1,7695,2022-01-28,0
2021-06-21,5,7700,2022-01-28,0
2021-06-22,3,7703,2022-01-28,0
2021-06-23,4,7707,2022-01-28,0
2021-06-24,3,7710,2022-01-28,0
2021-06-25,3,7713,2022-01-28,0
2021-06-26,4,7717,2022-01-28,0
2021-06-27,2,7719,2022-01-28,0
2021-06-28,2,7721,2022-01-28,0
2021-06-29,2,7723,2022-01-28,0
2021-06-30,2,7725,2022-01-28,0
2021-07-01,0,7725,2022-01-28,0
2021-07-02,2,7727,2022-01-28,0
2021-07-03,2,7729,2022-01-28,0
2021-07-04,3,7732,2022-01-28,0
2021-07-05,1,7733,2022-01-28,0
2021-07-06,5,7738,2022-01-28,0
2021-07-07,1,7739,2022-01-28,0
2021-07-08,1,7740,2022-01-28,0
2021-07-09,0,7740,2022-01-28,0
2021-07-10,1,7741,2022-01-28,0
2021-07-11,3,7744,2022-01-28,0
2021-07-12,1,7745,2022-01-28,0
2021-07-13,2,7747,2022-01-28,0
2021-07-14,2,7749,2022-01-28,0
2021-07-15,2,7751,2022-01-28,0
2021-07-16,1,7752,2022-01-28,0
2021-07-17,1,7753,2022-01-28,0
2021-07-18,0,7753,2022-01-28,0
2021-07-19,0,7753,2022-01-28,0
2021-07-20,2,7755,2022-01-28,0
2021-07-21,3,7758,2022-01-28,0
2021-07-22,2,7760,2022-01-28,0
2021-07-23,3,7763,2022-01-28,0
2021-07-24,0,7763,2022-01-28,0
2021-07-25,2,7765,2022-01-28,0
2021-07-26,1,7766,2022-01-28,0
2021-07-27,2,7768,2022-01-28,0
2021-07-28,3,7771,2022-01-28,0
2021-07-29,2,7773,2022-01-28,0
2021-07-30,5,7778,2022-01-28,0
2021-07-31,4,7782,2022-01-28,0
2021-08-01,1,7783,2022-01-28,0
2021-08-02,3,7786,2022-01-28,0
2021-08-03,2,7788,2022-01-28,0
2021-08-04,3,7791,2022-01-28,0
2021-08-05,2,7793,2022-01-28,0
2021-08-06,8,7801,2022-01-28,0
2021-08-07,3,7804,2022-01-28,0
2021-08-08,3,7807,2022-01-28,0
2021-08-09,3,7810,2022-01-28,0
2021-08-10,2,7812,2022-01-28,0
2021-08-11,2,7814,2022-01-28,0
2021-08-12,7,7821,2022-01-28,0
2021-08-13,5,7826,2022-01-28,0
2021-08-14,6,7832,2022-01-28,0
2021-08-15,0,7832,2022-01-28,0
2021-08-16,7,7839,2022-01-28,0
2021-08-17,7,7846,2022-01-28,0
2021-08-18,9,7855,2022-01-28,0
2021-08-19,2,7857,2022-01-28,0
2021-08-20,3,7860,2022-01-28,0
2021-08-21,5,7865,2022-01-28,0
2021-08-22,7,7872,2022-01-28,0
2021-08-23,5,7877,2022-01-28,0
2021-08-24,12,7889,2022-01-28,0
2021-08-25,7,7896,2022-01-28,0
2021-08-26,2,7898,2022-01-28,0
2021-08-27,6,7904,2022-01-28,0
2021-08-28,11,7915,2022-01-28,0
2021-08-29,11,7926,2022-01-28,0
2021-08-30,8,7934,2022-01-28,0
2021-08-31,7,7941,2022-01-28,0
2021-09-01,6,7947,2022-01-28,0
2021-09-02,6,7953,2022-01-28,0
2021-09-03,9,7962,2022-01-28,0
2021-09-04,9,7971,2022-01-28,0
2021-09-05,10,7981,2022-01-28,0
2021-09-06,8,7989,2022-01-28,0
2021-09-07,7,7996,2022-01-28,0
2021-09-08,11,8007,2022-01-28,0
2021-09-09,5,8012,2022-01-28,0
2021-09-10,9,8021,2022-01-28,0
2021-09-11,17,8038,2022-01-28,0
2021-09-12,10,8048,2022-01-28,0
2021-09-13,8,8056,2022-01-28,1
2021-09-14,11,8067,2022-01-28,0
2021-09-15,14,8081,2022-01-28,0
2021-09-16,16,8097,2022-01-28,0
2021-09-17,8,8105,2022-01-28,0
2021-09-18,13,8118,2022-01-28,0
2021-09-19,11,8129,2022-01-28,0
2021-09-20,16,8145,2022-01-28,0
2021-09-21,15,8160,2022-01-28,0
2021-09-22,17,8177,2022-01-28,0
2021-09-23,13,8190,2022-01-28,0
2021-09-24,13,8203,2022-01-28,0
2021-09-25,16,8219,2022-01-28,0
2021-09-26,15,8234,2022-01-28,0
2021-09-27,15,8249,2022-01-28,0
2021-09-28,11,8260,2022-01-28,0
2021-09-29,20,8280,2022-01-28,0
2021-09-30,17,8297,2022-01-28,0
2021-10-01,13,8310,2022-01-28,0
2021-10-02,15,8325,2022-01-28,0
2021-10-03,23,8348,2022-01-28,0
2021-10-04,15,8363,2022-01-28,0
2021-10-05,23,8386,2022-01-28,0
2021-10-06,21,8407,2022-01-28,0
2021-10-07,14,8421,2022-01-28,0
2021-10-08,22,8443,2022-01-28,0
2021-10-09,20,8463,2022-01-28,0
2021-10-10,13,8476,2022-01-28,0
2021-10-11,11,8487,2022-01-28,0
2021-10-12,25,8512,2022-01-28,0
2021-10-13,21,8533,2022-01-28,0
2021-10-14,22,8555,2022-01-28,0
2021-10-15,14,8569,2022-01-28,0
2021-10-16,20,8589,2022-01-28,0
2021-10-17,17,8606,2022-01-28,0
2021-10-18,17,8623,2022-01-28,0
2021-10-19,25,8648,2022-01-28,0
2021-10-20,16,8664,2022-01-28,0
2021-10-21,9,8673,2022-01-28,0
2021-10-22,23,8696,2022-01-28,0
2021-10-23,24,8720,2022-01-28,0
2021-10-24,24,8744,2022-01-28,0
2021-10-25,20,8764,2022-01-28,0
2021-10-26,22,8786,2022-01-28,0
2021-10-27,16,8802,2022-01-28,0
2021-10-28,24,8826,2022-01-28,0
2021-10-29,20,8846,2022-01-28,0
2021-10-30,19,8865,2022-01-28,0
2021-10-31,26,8891,2022-01-28,0
2021-11-01,18,8909,2022-01-28,0
2021-11-02,18,8927,2022-01-28,0
2021-11-03,27,8954,2022-01-28,0
2021-11-04,27,8981,2022-01-28,0
2021-11-05,29,9010,2022-01-28,0
2021-11-06,16,9026,2022-01-28,0
2021-11-07,24,9050,2022-01-28,0
2021-11-08,27,9077,2022-01-28,0
2021-11-09,16,9093,2022-01-28,0
2021-11-10,18,9111,2022-01-28,0
2021-11-11,28,9139,2022-01-28,0
2021-11-12,29,9168,2022-01-28,0
2021-11-13,31,9199,2022-01-28,0
2021-11-14,24,9223,2022-01-28,0
2021-11-15,28,9251,2022-01-28,0
2021-11-16,25,9276,2022-01-28,0
2021-11-17,37,9313,2022-01-28,0
2021-11-18,36,9349,2022-01-28,0
2021-11-19,34,9383,2022-01-28,0
2021-11-20,30,9413,2022-01-28,0
2021-11-21,32,9445,2022-01-28,0
2021-11-22,29,9474,2022-01-28,0
2021-11-23,31,9505,2022-01-28,0
2021-11-24,25,9530,2022-01-28,0
2021-11-25,35,9565,2022-01-28,0
2021-11-26,50,9615,2022-01-28,0
2021-11-27,36,9651,2022-01-28,0
2021-11-28,38,9689,2022-01-28,0
2021-11-29,29,9718,2022-01-28,0
2021-11-30,30,9748,2022-01-28,0
2021-12-01,47,9795,2022-01-28,0
2021-12-02,40,9835,2022-01-28,0
2021-12-03,31,9866,2022-01-28,0
2021-12-04,42,9908,2022-01-28,0
2021-12-05,35,9943,2022-01-28,0
2021-12-06,34,9977,2022-01-28,1
2021-12-07,34,10011,2022-01-28,0
2021-12-08,38,10049,2022-01-28,0
2021-12-09,47,10096,2022-01-28,0
2021-12-10,34,10130,2022-01-28,0
2021-12-11,26,10156,2022-01-28,0
2021-12-12,35,10191,2022-01-28,0
2021-12-13,32,10223,2022-01-28,0
2021-12-14,35,10258,2022-01-28,0
2021-12-15,40,10298,2022-01-28,0
2021-12-16,30,10328,2022-01-28,0
2021-12-17,39,10367,2022-01-28,0
2021-12-18,31,10398,2022-01-28,0
2021-12-19,30,10428,2022-01-28,0
2021-12-20,33,10461,2022-01-28,0
2021-12-21,27,10488,2022-01-28,0
2021-12-22,28,10516,2022-01-28,0
2021-12-23,25,10541,2022-01-28,0
2021-12-24,29,10570,2022-01-28,0
2021-12-25,28,10598,2022-01-28,0
2021-12-26,42,10640,2022-01-28,0
2021-12-27,31,10671,2022-01-28,0
2021-12-28,34,10705,2022-01-28,0
2021-12-29,29,10734,2022-01-28,0
2021-12-30,19,10753,2022-01-28,0
2021-12-31,38,10791,2022-01-28,0
2022-01-01,26,10817,2022-01-28,0
2022-01-02,22,10839,2022-01-28,0
2022-01-03,19,10858,2022-01-28,0
2022-01-04,29,10887,2022-01-28,1
2022-01-05,30,10917,2022-01-28,0
2022-01-06,31,10948,2022-01-28,0
2022-01-07,26,10974,2022-01-28,0
2022-01-08,39,11013,2022-01-28,0
2022-01-09,18,11031,2022-01-28,0
2022-01-10,28,11059,2022-01-28,1
2022-01-11,17,11076,2022-01-28,0
2022-01-12,17,11093,2022-01-28,0
2022-01-13,25,11118,2022-01-28,0
2022-01-14,30,11148,2022-01-28,1
2022-01-15,24,11172,2022-01-28,1
2022-01-16,29,11201,2022-01-28,0
2022-01-17,32,11233,2022-01-28,1
2022-01-18,19,11252,2022-01-28,1
2022-01-19,25,11277,2022-01-28,1
2022-01-20,25,11302,2022-01-28,2
2022-01-21,20,11322,2022-01-28,3
2022-01-22,15,11337,2022-01-28,4
2022-01-23,16,11353,2022-01-28,5
2022-01-24,16,11369,2022-01-28,8
2022-01-25,12,11381,2022-01-28,11
2022-01-26,1,11382,2022-01-28,1
NA,0,11382,2022-01-28,0
2020-03-19,1,1,2022-01-31,0
2020-03-20,0,1,2022-01-31,0
2020-03-21,0,1,2022-01-31,0
2020-03-22,0,1,2022-01-31,0
2020-03-23,0,1,2022-01-31,0
2020-03-24,1,2,2022-01-31,0
2020-03-25,1,3,2022-01-31,0
2020-03-26,1,4,2022-01-31,0
2020-03-27,5,9,2022-01-31,0
2020-03-28,3,12,2022-01-31,0
2020-03-29,0,12,2022-01-31,0
2020-03-30,5,17,2022-01-31,0
2020-03-31,2,19,2022-01-31,0
2020-04-01,5,24,2022-01-31,0
2020-04-02,3,27,2022-01-31,0
2020-04-03,1,28,2022-01-31,0
2020-04-04,5,33,2022-01-31,0
2020-04-05,5,38,2022-01-31,0
2020-04-06,10,48,2022-01-31,0
2020-04-07,6,54,2022-01-31,0
2020-04-08,7,61,2022-01-31,0
2020-04-09,8,69,2022-01-31,0
2020-04-10,6,75,2022-01-31,0
2020-04-11,4,79,2022-01-31,0
2020-04-12,4,83,2022-01-31,0
2020-04-13,10,93,2022-01-31,0
2020-04-14,6,99,2022-01-31,0
2020-04-15,17,116,2022-01-31,0
2020-04-16,10,126,2022-01-31,0
2020-04-17,17,143,2022-01-31,0
2020-04-18,17,160,2022-01-31,0
2020-04-19,16,176,2022-01-31,0
2020-04-20,21,197,2022-01-31,0
2020-04-21,26,223,2022-01-31,0
2020-04-22,21,244,2022-01-31,0
2020-04-23,19,263,2022-01-31,0
2020-04-24,23,286,2022-01-31,0
2020-04-25,18,304,2022-01-31,0
2020-04-26,17,321,2022-01-31,0
2020-04-27,21,342,2022-01-31,0
2020-04-28,16,358,2022-01-31,0
2020-04-29,29,387,2022-01-31,0
2020-04-30,18,405,2022-01-31,0
2020-05-01,30,435,2022-01-31,0
2020-05-02,19,454,2022-01-31,0
2020-05-03,29,483,2022-01-31,0
2020-05-04,23,506,2022-01-31,0
2020-05-05,19,525,2022-01-31,0
2020-05-06,25,550,2022-01-31,0
2020-05-07,30,580,2022-01-31,0
2020-05-08,20,600,2022-01-31,0
2020-05-09,26,626,2022-01-31,0
2020-05-10,19,645,2022-01-31,0
2020-05-11,25,670,2022-01-31,0
2020-05-12,20,690,2022-01-31,0
2020-05-13,22,712,2022-01-31,0
2020-05-14,20,732,2022-01-31,0
2020-05-15,20,752,2022-01-31,0
2020-05-16,20,772,2022-01-31,0
2020-05-17,23,795,2022-01-31,0
2020-05-18,18,813,2022-01-31,0
2020-05-19,35,848,2022-01-31,0
2020-05-20,24,872,2022-01-31,0
2020-05-21,17,889,2022-01-31,0
2020-05-22,20,909,2022-01-31,0
2020-05-23,26,935,2022-01-31,0
2020-05-24,25,960,2022-01-31,0
2020-05-25,30,990,2022-01-31,0
2020-05-26,29,1019,2022-01-31,0
2020-05-27,25,1044,2022-01-31,0
2020-05-28,21,1065,2022-01-31,0
2020-05-29,17,1082,2022-01-31,0
2020-05-30,11,1093,2022-01-31,0
2020-05-31,20,1113,2022-01-31,0
2020-06-01,23,1136,2022-01-31,0
2020-06-02,21,1157,2022-01-31,0
2020-06-03,25,1182,2022-01-31,0
2020-06-04,26,1208,2022-01-31,0
2020-06-05,18,1226,2022-01-31,0
2020-06-06,12,1238,2022-01-31,0
2020-06-07,22,1260,2022-01-31,0
2020-06-08,12,1272,2022-01-31,0
2020-06-09,13,1285,2022-01-31,0
2020-06-10,10,1295,2022-01-31,0
2020-06-11,12,1307,2022-01-31,0
2020-06-12,11,1318,2022-01-31,0
2020-06-13,13,1331,2022-01-31,0
2020-06-14,11,1342,2022-01-31,0
2020-06-15,8,1350,2022-01-31,0
2020-06-16,9,1359,2022-01-31,0
2020-06-17,17,1376,2022-01-31,0
2020-06-18,9,1385,2022-01-31,0
2020-06-19,8,1393,2022-01-31,0
2020-06-20,12,1405,2022-01-31,0
2020-06-21,11,1416,2022-01-31,0
2020-06-22,6,1422,2022-01-31,0
2020-06-23,10,1432,2022-01-31,0
2020-06-24,1,1433,2022-01-31,0
2020-06-25,9,1442,2022-01-31,0
2020-06-26,6,1448,2022-01-31,0
2020-06-27,5,1453,2022-01-31,0
2020-06-28,11,1464,2022-01-31,0
2020-06-29,7,1471,2022-01-31,0
2020-06-30,9,1480,2022-01-31,0
2020-07-01,2,1482,2022-01-31,0
2020-07-02,3,1485,2022-01-31,0
2020-07-03,5,1490,2022-01-31,0
2020-07-04,4,1494,2022-01-31,0
2020-07-05,6,1500,2022-01-31,0
2020-07-06,4,1504,2022-01-31,0
2020-07-07,2,1506,2022-01-31,0
2020-07-08,9,1515,2022-01-31,0
2020-07-09,4,1519,2022-01-31,0
2020-07-10,3,1522,2022-01-31,0
2020-07-11,4,1526,2022-01-31,0
2020-07-12,6,1532,2022-01-31,0
2020-07-13,2,1534,2022-01-31,0
2020-07-14,6,1540,2022-01-31,0
2020-07-15,7,1547,2022-01-31,0
2020-07-16,3,1550,2022-01-31,0
2020-07-17,7,1557,2022-01-31,0
2020-07-18,6,1563,2022-01-31,0
2020-07-19,5,1568,2022-01-31,0
2020-07-20,3,1571,2022-01-31,0
2020-07-21,6,1577,2022-01-31,0
2020-07-22,5,1582,2022-01-31,0
2020-07-23,8,1590,2022-01-31,0
2020-07-24,6,1596,2022-01-31,0
2020-07-25,2,1598,2022-01-31,0
2020-07-26,5,1603,2022-01-31,0
2020-07-27,5,1608,2022-01-31,0
2020-07-28,7,1615,2022-01-31,0
2020-07-29,3,1618,2022-01-31,0
2020-07-30,6,1624,2022-01-31,0
2020-07-31,9,1633,2022-01-31,0
2020-08-01,4,1637,2022-01-31,0
2020-08-02,7,1644,2022-01-31,0
2020-08-03,4,1648,2022-01-31,0
2020-08-04,7,1655,2022-01-31,0
2020-08-05,8,1663,2022-01-31,0
2020-08-06,9,1672,2022-01-31,0
2020-08-07,7,1679,2022-01-31,0
2020-08-08,6,1685,2022-01-31,0
2020-08-09,10,1695,2022-01-31,0
2020-08-10,3,1698,2022-01-31,0
2020-08-11,9,1707,2022-01-31,0
2020-08-12,7,1714,2022-01-31,0
2020-08-13,5,1719,2022-01-31,0
2020-08-14,9,1728,2022-01-31,0
2020-08-15,13,1741,2022-01-31,0
2020-08-16,13,1754,2022-01-31,0
2020-08-17,6,1760,2022-01-31,0
2020-08-18,11,1771,2022-01-31,0
2020-08-19,3,1774,2022-01-31,0
2020-08-20,10,1784,2022-01-31,0
2020-08-21,12,1796,2022-01-31,0
2020-08-22,9,1805,2022-01-31,0
2020-08-23,7,1812,2022-01-31,0
2020-08-24,9,1821,2022-01-31,0
2020-08-25,4,1825,2022-01-31,0
2020-08-26,3,1828,2022-01-31,0
2020-08-27,7,1835,2022-01-31,0
2020-08-28,6,1841,2022-01-31,0
2020-08-29,3,1844,2022-01-31,0
2020-08-30,5,1849,2022-01-31,0
2020-08-31,9,1858,2022-01-31,0
2020-09-01,2,1860,2022-01-31,0
2020-09-02,7,1867,2022-01-31,0
2020-09-03,12,1879,2022-01-31,0
2020-09-04,4,1883,2022-01-31,0
2020-09-05,6,1889,2022-01-31,0
2020-09-06,12,1901,2022-01-31,0
2020-09-07,3,1904,2022-01-31,0
2020-09-08,6,1910,2022-01-31,0
2020-09-09,10,1920,2022-01-31,0
2020-09-10,9,1929,2022-01-31,0
2020-09-11,11,1940,2022-01-31,0
2020-09-12,8,1948,2022-01-31,0
2020-09-13,8,1956,2022-01-31,0
2020-09-14,2,1958,2022-01-31,0
2020-09-15,7,1965,2022-01-31,0
2020-09-16,9,1974,2022-01-31,0
2020-09-17,5,1979,2022-01-31,0
2020-09-18,6,1985,2022-01-31,0
2020-09-19,4,1989,2022-01-31,0
2020-09-20,9,1998,2022-01-31,0
2020-09-21,7,2005,2022-01-31,0
2020-09-22,8,2013,2022-01-31,0
2020-09-23,9,2022,2022-01-31,0
2020-09-24,8,2030,2022-01-31,0
2020-09-25,11,2041,2022-01-31,0
2020-09-26,9,2050,2022-01-31,0
2020-09-27,14,2064,2022-01-31,0
2020-09-28,11,2075,2022-01-31,0
2020-09-29,5,2080,2022-01-31,0
2020-09-30,16,2096,2022-01-31,0
2020-10-01,7,2103,2022-01-31,0
2020-10-02,13,2116,2022-01-31,0
2020-10-03,9,2125,2022-01-31,0
2020-10-04,7,2132,2022-01-31,0
2020-10-05,10,2142,2022-01-31,0
2020-10-06,13,2155,2022-01-31,0
2020-10-07,19,2174,2022-01-31,0
2020-10-08,9,2183,2022-01-31,0
2020-10-09,17,2200,2022-01-31,0
2020-10-10,16,2216,2022-01-31,0
2020-10-11,16,2232,2022-01-31,0
2020-10-12,20,2252,2022-01-31,0
2020-10-13,14,2266,2022-01-31,0
2020-10-14,10,2276,2022-01-31,0
2020-10-15,9,2285,2022-01-31,0
2020-10-16,12,2297,2022-01-31,0
2020-10-17,18,2315,2022-01-31,0
2020-10-18,25,2340,2022-01-31,0
2020-10-19,18,2358,2022-01-31,0
2020-10-20,15,2373,2022-01-31,0
2020-10-21,24,2397,2022-01-31,0
2020-10-22,18,2415,2022-01-31,0
2020-10-23,19,2434,2022-01-31,0
2020-10-24,8,2442,2022-01-31,0
2020-10-25,17,2459,2022-01-31,0
2020-10-26,25,2484,2022-01-31,0
2020-10-27,23,2507,2022-01-31,0
2020-10-28,29,2536,2022-01-31,0
2020-10-29,18,2554,2022-01-31,0
2020-10-30,27,2581,2022-01-31,0
2020-10-31,25,2606,2022-01-31,0
2020-11-01,21,2627,2022-01-31,0
2020-11-02,25,2652,2022-01-31,0
2020-11-03,25,2677,2022-01-31,0
2020-11-04,33,2710,2022-01-31,0
2020-11-05,38,2748,2022-01-31,0
2020-11-06,39,2787,2022-01-31,0
2020-11-07,42,2829,2022-01-31,0
2020-11-08,47,2876,2022-01-31,0
2020-11-09,37,2913,2022-01-31,0
2020-11-10,35,2948,2022-01-31,0
2020-11-11,43,2991,2022-01-31,0
2020-11-12,45,3036,2022-01-31,0
2020-11-13,40,3076,2022-01-31,0
2020-11-14,48,3124,2022-01-31,0
2020-11-15,46,3170,2022-01-31,0
2020-11-16,62,3232,2022-01-31,0
2020-11-17,56,3288,2022-01-31,0
2020-11-18,61,3349,2022-01-31,0
2020-11-19,60,3409,2022-01-31,0
2020-11-20,63,3472,2022-01-31,0
2020-11-21,58,3530,2022-01-31,0
2020-11-22,67,3597,2022-01-31,0
2020-11-23,59,3656,2022-01-31,0
2020-11-24,69,3725,2022-01-31,0
2020-11-25,72,3797,2022-01-31,0
2020-11-26,54,3851,2022-01-31,0
2020-11-27,69,3920,2022-01-31,0
2020-11-28,62,3982,2022-01-31,0
2020-11-29,68,4050,2022-01-31,0
2020-11-30,61,4111,2022-01-31,0
2020-12-01,64,4175,2022-01-31,0
2020-12-02,73,4248,2022-01-31,0
2020-12-03,86,4334,2022-01-31,0
2020-12-04,67,4401,2022-01-31,0
2020-12-05,74,4475,2022-01-31,0
2020-12-06,80,4555,2022-01-31,0
2020-12-07,75,4630,2022-01-31,0
2020-12-08,61,4691,2022-01-31,0
2020-12-09,71,4762,2022-01-31,0
2020-12-10,72,4834,2022-01-31,0
2020-12-11,71,4905,2022-01-31,0
2020-12-12,72,4977,2022-01-31,0
2020-12-13,56,5033,2022-01-31,0
2020-12-14,43,5076,2022-01-31,0
2020-12-15,65,5141,2022-01-31,0
2020-12-16,73,5214,2022-01-31,0
2020-12-17,60,5274,2022-01-31,0
2020-12-18,59,5333,2022-01-31,0
2020-12-19,56,5389,2022-01-31,0
2020-12-20,61,5450,2022-01-31,0
2020-12-21,58,5508,2022-01-31,0
2020-12-22,33,5541,2022-01-31,0
2020-12-23,46,5587,2022-01-31,0
2020-12-24,50,5637,2022-01-31,0
2020-12-25,36,5673,2022-01-31,0
2020-12-26,43,5716,2022-01-31,0
2020-12-27,41,5757,2022-01-31,0
2020-12-28,34,5791,2022-01-31,0
2020-12-29,37,5828,2022-01-31,0
2020-12-30,47,5875,2022-01-31,0
2020-12-31,36,5911,2022-01-31,0
2021-01-01,28,5939,2022-01-31,0
2021-01-02,49,5988,2022-01-31,0
2021-01-03,37,6025,2022-01-31,0
2021-01-04,32,6057,2022-01-31,0
2021-01-05,40,6097,2022-01-31,0
2021-01-06,32,6129,2022-01-31,0
2021-01-07,38,6167,2022-01-31,0
2021-01-08,32,6199,2022-01-31,0
2021-01-09,26,6225,2022-01-31,0
2021-01-10,30,6255,2022-01-31,0
2021-01-11,26,6281,2022-01-31,0
2021-01-12,32,6313,2022-01-31,0
2021-01-13,23,6336,2022-01-31,0
2021-01-14,42,6378,2022-01-31,0
2021-01-15,26,6404,2022-01-31,0
2021-01-16,30,6434,2022-01-31,0
2021-01-17,21,6455,2022-01-31,0
2021-01-18,19,6474,2022-01-31,0
2021-01-19,14,6488,2022-01-31,0
2021-01-20,26,6514,2022-01-31,0
2021-01-21,16,6530,2022-01-31,0
2021-01-22,14,6544,2022-01-31,0
2021-01-23,17,6561,2022-01-31,0
2021-01-24,24,6585,2022-01-31,0
2021-01-25,19,6604,2022-01-31,0
2021-01-26,21,6625,2022-01-31,0
2021-01-27,11,6636,2022-01-31,0
2021-01-28,12,6648,2022-01-31,0
2021-01-29,15,6663,2022-01-31,0
2021-01-30,13,6676,2022-01-31,0
2021-01-31,16,6692,2022-01-31,0
2021-02-01,17,6709,2022-01-31,0
2021-02-02,10,6719,2022-01-31,0
2021-02-03,11,6730,2022-01-31,0
2021-02-04,11,6741,2022-01-31,0
2021-02-05,12,6753,2022-01-31,0
2021-02-06,12,6765,2022-01-31,0
2021-02-07,19,6784,2022-01-31,0
2021-02-08,11,6795,2022-01-31,0
2021-02-09,15,6810,2022-01-31,0
2021-02-10,14,6824,2022-01-31,0
2021-02-11,7,6831,2022-01-31,0
2021-02-12,13,6844,2022-01-31,0
2021-02-13,8,6852,2022-01-31,0
2021-02-14,10,6862,2022-01-31,0
2021-02-15,9,6871,2022-01-31,0
2021-02-16,12,6883,2022-01-31,0
2021-02-17,10,6893,2022-01-31,0
2021-02-18,7,6900,2022-01-31,0
2021-02-19,6,6906,2022-01-31,0
2021-02-20,7,6913,2022-01-31,0
2021-02-21,4,6917,2022-01-31,0
2021-02-22,5,6922,2022-01-31,0
2021-02-23,9,6931,2022-01-31,0
2021-02-24,5,6936,2022-01-31,0
2021-02-25,5,6941,2022-01-31,0
2021-02-26,7,6948,2022-01-31,0
2021-02-27,6,6954,2022-01-31,0
2021-02-28,8,6962,2022-01-31,0
2021-03-01,7,6969,2022-01-31,0
2021-03-02,3,6972,2022-01-31,0
2021-03-03,10,6982,2022-01-31,0
2021-03-04,6,6988,2022-01-31,0
2021-03-05,10,6998,2022-01-31,0
2021-03-06,5,7003,2022-01-31,0
2021-03-07,9,7012,2022-01-31,0
2021-03-08,5,7017,2022-01-31,0
2021-03-09,7,7024,2022-01-31,0
2021-03-10,5,7029,2022-01-31,0
2021-03-11,4,7033,2022-01-31,0
2021-03-12,11,7044,2022-01-31,0
2021-03-13,5,7049,2022-01-31,0
2021-03-14,5,7054,2022-01-31,0
2021-03-15,2,7056,2022-01-31,0
2021-03-16,6,7062,2022-01-31,0
2021-03-17,4,7066,2022-01-31,0
2021-03-18,5,7071,2022-01-31,0
2021-03-19,5,7076,2022-01-31,0
2021-03-20,9,7085,2022-01-31,0
2021-03-21,5,7090,2022-01-31,0
2021-03-22,4,7094,2022-01-31,0
2021-03-23,5,7099,2022-01-31,0
2021-03-24,1,7100,2022-01-31,0
2021-03-25,5,7105,2022-01-31,0
2021-03-26,3,7108,2022-01-31,0
2021-03-27,7,7115,2022-01-31,0
2021-03-28,6,7121,2022-01-31,0
2021-03-29,5,7126,2022-01-31,0
2021-03-30,6,7132,2022-01-31,0
2021-03-31,8,7140,2022-01-31,0
2021-04-01,6,7146,2022-01-31,0
2021-04-02,9,7155,2022-01-31,0
2021-04-03,8,7163,2022-01-31,0
2021-04-04,6,7169,2022-01-31,0
2021-04-05,8,7177,2022-01-31,0
2021-04-06,7,7184,2022-01-31,0
2021-04-07,6,7190,2022-01-31,0
2021-04-08,10,7200,2022-01-31,0
2021-04-09,7,7207,2022-01-31,0
2021-04-10,7,7214,2022-01-31,0
2021-04-11,8,7222,2022-01-31,0
2021-04-12,10,7232,2022-01-31,0
2021-04-13,7,7239,2022-01-31,0
2021-04-14,8,7247,2022-01-31,0
2021-04-15,14,7261,2022-01-31,0
2021-04-16,8,7269,2022-01-31,0
2021-04-17,8,7277,2022-01-31,0
2021-04-18,8,7285,2022-01-31,0
2021-04-19,10,7295,2022-01-31,0
2021-04-20,5,7300,2022-01-31,0
2021-04-21,8,7308,2022-01-31,0
2021-04-22,3,7311,2022-01-31,0
2021-04-23,15,7326,2022-01-31,0
2021-04-24,11,7337,2022-01-31,0
2021-04-25,15,7352,2022-01-31,0
2021-04-26,15,7367,2022-01-31,0
2021-04-27,7,7374,2022-01-31,0
2021-04-28,14,7388,2022-01-31,0
2021-04-29,8,7396,2022-01-31,0
2021-04-30,11,7407,2022-01-31,0
2021-05-01,7,7414,2022-01-31,0
2021-05-02,8,7422,2022-01-31,0
2021-05-03,5,7427,2022-01-31,0
2021-05-04,13,7440,2022-01-31,0
2021-05-05,8,7448,2022-01-31,0
2021-05-06,5,7453,2022-01-31,0
2021-05-07,8,7461,2022-01-31,0
2021-05-08,7,7468,2022-01-31,0
2021-05-09,9,7477,2022-01-31,0
2021-05-10,8,7485,2022-01-31,0
2021-05-11,6,7491,2022-01-31,0
2021-05-12,9,7500,2022-01-31,0
2021-05-13,9,7509,2022-01-31,0
2021-05-14,11,7520,2022-01-31,0
2021-05-15,10,7530,2022-01-31,0
2021-05-16,6,7536,2022-01-31,0
2021-05-17,6,7542,2022-01-31,0
2021-05-18,7,7549,2022-01-31,0
2021-05-19,2,7551,2022-01-31,0
2021-05-20,5,7556,2022-01-31,0
2021-05-21,7,7563,2022-01-31,0
2021-05-22,12,7575,2022-01-31,0
2021-05-23,5,7580,2022-01-31,0
2021-05-24,5,7585,2022-01-31,0
2021-05-25,6,7591,2022-01-31,0
2021-05-26,3,7594,2022-01-31,0
2021-05-27,7,7601,2022-01-31,0
2021-05-28,2,7603,2022-01-31,0
2021-05-29,6,7609,2022-01-31,0
2021-05-30,4,7613,2022-01-31,0
2021-05-31,3,7616,2022-01-31,0
2021-06-01,5,7621,2022-01-31,0
2021-06-02,8,7629,2022-01-31,0
2021-06-03,4,7633,2022-01-31,0
2021-06-04,4,7637,2022-01-31,0
2021-06-05,2,7639,2022-01-31,0
2021-06-06,5,7644,2022-01-31,0
2021-06-07,3,7647,2022-01-31,0
2021-06-08,5,7652,2022-01-31,0
2021-06-09,4,7656,2022-01-31,0
2021-06-10,6,7662,2022-01-31,0
2021-06-11,6,7668,2022-01-31,0
2021-06-12,4,7672,2022-01-31,0
2021-06-13,4,7676,2022-01-31,0
2021-06-14,3,7679,2022-01-31,0
2021-06-15,2,7681,2022-01-31,0
2021-06-16,2,7683,2022-01-31,0
2021-06-17,4,7687,2022-01-31,0
2021-06-18,1,7688,2022-01-31,0
2021-06-19,6,7694,2022-01-31,0
2021-06-20,1,7695,2022-01-31,0
2021-06-21,5,7700,2022-01-31,0
2021-06-22,3,7703,2022-01-31,0
2021-06-23,4,7707,2022-01-31,0
2021-06-24,3,7710,2022-01-31,0
2021-06-25,3,7713,2022-01-31,0
2021-06-26,4,7717,2022-01-31,0
2021-06-27,2,7719,2022-01-31,0
2021-06-28,2,7721,2022-01-31,0
2021-06-29,2,7723,2022-01-31,0
2021-06-30,2,7725,2022-01-31,0
2021-07-01,0,7725,2022-01-31,0
2021-07-02,2,7727,2022-01-31,0
2021-07-03,2,7729,2022-01-31,0
2021-07-04,3,7732,2022-01-31,0
2021-07-05,1,7733,2022-01-31,0
2021-07-06,5,7738,2022-01-31,0
2021-07-07,1,7739,2022-01-31,0
2021-07-08,1,7740,2022-01-31,0
2021-07-09,0,7740,2022-01-31,0
2021-07-10,1,7741,2022-01-31,0
2021-07-11,3,7744,2022-01-31,0
2021-07-12,1,7745,2022-01-31,0
2021-07-13,2,7747,2022-01-31,0
2021-07-14,2,7749,2022-01-31,0
2021-07-15,2,7751,2022-01-31,0
2021-07-16,1,7752,2022-01-31,0
2021-07-17,1,7753,2022-01-31,0
2021-07-18,0,7753,2022-01-31,0
2021-07-19,0,7753,2022-01-31,0
2021-07-20,2,7755,2022-01-31,0
2021-07-21,3,7758,2022-01-31,0
2021-07-22,2,7760,2022-01-31,0
2021-07-23,3,7763,2022-01-31,0
2021-07-24,0,7763,2022-01-31,0
2021-07-25,2,7765,2022-01-31,0
2021-07-26,1,7766,2022-01-31,0
2021-07-27,2,7768,2022-01-31,0
2021-07-28,3,7771,2022-01-31,0
2021-07-29,2,7773,2022-01-31,0
2021-07-30,5,7778,2022-01-31,0
2021-07-31,4,7782,2022-01-31,0
2021-08-01,1,7783,2022-01-31,0
2021-08-02,3,7786,2022-01-31,0
2021-08-03,2,7788,2022-01-31,0
2021-08-04,3,7791,2022-01-31,0
2021-08-05,2,7793,2022-01-31,0
2021-08-06,8,7801,2022-01-31,0
2021-08-07,3,7804,2022-01-31,0
2021-08-08,3,7807,2022-01-31,0
2021-08-09,3,7810,2022-01-31,0
2021-08-10,2,7812,2022-01-31,0
2021-08-11,2,7814,2022-01-31,0
2021-08-12,7,7821,2022-01-31,0
2021-08-13,5,7826,2022-01-31,0
2021-08-14,6,7832,2022-01-31,0
2021-08-15,0,7832,2022-01-31,0
2021-08-16,7,7839,2022-01-31,0
2021-08-17,7,7846,2022-01-31,0
2021-08-18,9,7855,2022-01-31,0
2021-08-19,2,7857,2022-01-31,0
2021-08-20,3,7860,2022-01-31,0
2021-08-21,5,7865,2022-01-31,0
2021-08-22,7,7872,2022-01-31,0
2021-08-23,5,7877,2022-01-31,0
2021-08-24,12,7889,2022-01-31,0
2021-08-25,7,7896,2022-01-31,0
2021-08-26,2,7898,2022-01-31,0
2021-08-27,6,7904,2022-01-31,0
2021-08-28,11,7915,2022-01-31,0
2021-08-29,11,7926,2022-01-31,0
2021-08-30,8,7934,2022-01-31,0
2021-08-31,7,7941,2022-01-31,0
2021-09-01,6,7947,2022-01-31,0
2021-09-02,6,7953,2022-01-31,0
2021-09-03,9,7962,2022-01-31,0
2021-09-04,9,7971,2022-01-31,0
2021-09-05,10,7981,2022-01-31,0
2021-09-06,8,7989,2022-01-31,0
2021-09-07,7,7996,2022-01-31,0
2021-09-08,11,8007,2022-01-31,0
2021-09-09,5,8012,2022-01-31,0
2021-09-10,9,8021,2022-01-31,0
2021-09-11,17,8038,2022-01-31,0
2021-09-12,10,8048,2022-01-31,0
2021-09-13,8,8056,2022-01-31,0
2021-09-14,11,8067,2022-01-31,0
2021-09-15,14,8081,2022-01-31,0
2021-09-16,16,8097,2022-01-31,0
2021-09-17,8,8105,2022-01-31,0
2021-09-18,14,8119,2022-01-31,1
2021-09-19,11,8130,2022-01-31,0
2021-09-20,16,8146,2022-01-31,0
2021-09-21,15,8161,2022-01-31,0
2021-09-22,17,8178,2022-01-31,0
2021-09-23,13,8191,2022-01-31,0
2021-09-24,13,8204,2022-01-31,0
2021-09-25,16,8220,2022-01-31,0
2021-09-26,15,8235,2022-01-31,0
2021-09-27,15,8250,2022-01-31,0
2021-09-28,11,8261,2022-01-31,0
2021-09-29,20,8281,2022-01-31,0
2021-09-30,17,8298,2022-01-31,0
2021-10-01,13,8311,2022-01-31,0
2021-10-02,15,8326,2022-01-31,0
2021-10-03,23,8349,2022-01-31,0
2021-10-04,15,8364,2022-01-31,0
2021-10-05,23,8387,2022-01-31,0
2021-10-06,21,8408,2022-01-31,0
2021-10-07,14,8422,2022-01-31,0
2021-10-08,22,8444,2022-01-31,0
2021-10-09,20,8464,2022-01-31,0
2021-10-10,13,8477,2022-01-31,0
2021-10-11,11,8488,2022-01-31,0
2021-10-12,25,8513,2022-01-31,0
2021-10-13,21,8534,2022-01-31,0
2021-10-14,22,8556,2022-01-31,0
2021-10-15,14,8570,2022-01-31,0
2021-10-16,20,8590,2022-01-31,0
2021-10-17,17,8607,2022-01-31,0
2021-10-18,17,8624,2022-01-31,0
2021-10-19,25,8649,2022-01-31,0
2021-10-20,16,8665,2022-01-31,0
2021-10-21,9,8674,2022-01-31,0
2021-10-22,23,8697,2022-01-31,0
2021-10-23,24,8721,2022-01-31,0
2021-10-24,25,8746,2022-01-31,1
2021-10-25,20,8766,2022-01-31,0
2021-10-26,22,8788,2022-01-31,0
2021-10-27,16,8804,2022-01-31,0
2021-10-28,24,8828,2022-01-31,0
2021-10-29,20,8848,2022-01-31,0
2021-10-30,19,8867,2022-01-31,0
2021-10-31,26,8893,2022-01-31,0
2021-11-01,18,8911,2022-01-31,0
2021-11-02,18,8929,2022-01-31,0
2021-11-03,27,8956,2022-01-31,0
2021-11-04,27,8983,2022-01-31,0
2021-11-05,29,9012,2022-01-31,0
2021-11-06,16,9028,2022-01-31,0
2021-11-07,24,9052,2022-01-31,0
2021-11-08,27,9079,2022-01-31,0
2021-11-09,16,9095,2022-01-31,0
2021-11-10,18,9113,2022-01-31,0
2021-11-11,28,9141,2022-01-31,0
2021-11-12,29,9170,2022-01-31,0
2021-11-13,31,9201,2022-01-31,0
2021-11-14,24,9225,2022-01-31,0
2021-11-15,28,9253,2022-01-31,0
2021-11-16,25,9278,2022-01-31,0
2021-11-17,37,9315,2022-01-31,0
2021-11-18,36,9351,2022-01-31,0
2021-11-19,34,9385,2022-01-31,0
2021-11-20,30,9415,2022-01-31,0
2021-11-21,32,9447,2022-01-31,0
2021-11-22,29,9476,2022-01-31,0
2021-11-23,31,9507,2022-01-31,0
2021-11-24,25,9532,2022-01-31,0
2021-11-25,35,9567,2022-01-31,0
2021-11-26,50,9617,2022-01-31,0
2021-11-27,36,9653,2022-01-31,0
2021-11-28,39,9692,2022-01-31,1
2021-11-29,29,9721,2022-01-31,0
2021-11-30,30,9751,2022-01-31,0
2021-12-01,47,9798,2022-01-31,0
2021-12-02,40,9838,2022-01-31,0
2021-12-03,31,9869,2022-01-31,0
2021-12-04,42,9911,2022-01-31,0
2021-12-05,35,9946,2022-01-31,0
2021-12-06,34,9980,2022-01-31,0
2021-12-07,34,10014,2022-01-31,0
2021-12-08,38,10052,2022-01-31,0
2021-12-09,47,10099,2022-01-31,0
2021-12-10,34,10133,2022-01-31,0
2021-12-11,26,10159,2022-01-31,0
2021-12-12,35,10194,2022-01-31,0
2021-12-13,32,10226,2022-01-31,0
2021-12-14,35,10261,2022-01-31,0
2021-12-15,40,10301,2022-01-31,0
2021-12-16,31,10332,2022-01-31,1
2021-12-17,39,10371,2022-01-31,0
2021-12-18,31,10402,2022-01-31,0
2021-12-19,30,10432,2022-01-31,0
2021-12-20,33,10465,2022-01-31,0
2021-12-21,27,10492,2022-01-31,0
2021-12-22,28,10520,2022-01-31,0
2021-12-23,25,10545,2022-01-31,0
2021-12-24,29,10574,2022-01-31,0
2021-12-25,28,10602,2022-01-31,0
2021-12-26,42,10644,2022-01-31,0
2021-12-27,31,10675,2022-01-31,0
2021-12-28,34,10709,2022-01-31,0
2021-12-29,29,10738,2022-01-31,0
2021-12-30,19,10757,2022-01-31,0
2021-12-31,38,10795,2022-01-31,0
2022-01-01,26,10821,2022-01-31,0
2022-01-02,22,10843,2022-01-31,0
2022-01-03,20,10863,2022-01-31,1
2022-01-04,29,10892,2022-01-31,0
2022-01-05,30,10922,2022-01-31,0
2022-01-06,31,10953,2022-01-31,0
2022-01-07,27,10980,2022-01-31,1
2022-01-08,39,11019,2022-01-31,0
2022-01-09,18,11037,2022-01-31,0
2022-01-10,28,11065,2022-01-31,0
2022-01-11,17,11082,2022-01-31,0
2022-01-12,17,11099,2022-01-31,0
2022-01-13,25,11124,2022-01-31,0
2022-01-14,30,11154,2022-01-31,0
2022-01-15,24,11178,2022-01-31,0
2022-01-16,29,11207,2022-01-31,0
2022-01-17,32,11239,2022-01-31,0
2022-01-18,22,11261,2022-01-31,3
2022-01-19,25,11286,2022-01-31,0
2022-01-20,29,11315,2022-01-31,4
2022-01-21,20,11335,2022-01-31,0
2022-01-22,17,11352,2022-01-31,2
2022-01-23,17,11369,2022-01-31,1
2022-01-24,19,11388,2022-01-31,3
2022-01-25,15,11403,2022-01-31,3
2022-01-26,8,11411,2022-01-31,7
NA,0,11411,2022-01-31,0
2020-03-19,1,1,2022-02-01,0
2020-03-20,0,1,2022-02-01,0
2020-03-21,0,1,2022-02-01,0
2020-03-22,0,1,2022-02-01,0
2020-03-23,0,1,2022-02-01,0
2020-03-24,1,2,2022-02-01,0
2020-03-25,1,3,2022-02-01,0
2020-03-26,1,4,2022-02-01,0
2020-03-27,5,9,2022-02-01,0
2020-03-28,3,12,2022-02-01,0
2020-03-29,0,12,2022-02-01,0
2020-03-30,5,17,2022-02-01,0
2020-03-31,2,19,2022-02-01,0
2020-04-01,5,24,2022-02-01,0
2020-04-02,3,27,2022-02-01,0
2020-04-03,1,28,2022-02-01,0
2020-04-04,5,33,2022-02-01,0
2020-04-05,5,38,2022-02-01,0
2020-04-06,10,48,2022-02-01,0
2020-04-07,6,54,2022-02-01,0
2020-04-08,7,61,2022-02-01,0
2020-04-09,8,69,2022-02-01,0
2020-04-10,6,75,2022-02-01,0
2020-04-11,4,79,2022-02-01,0
2020-04-12,4,83,2022-02-01,0
2020-04-13,10,93,2022-02-01,0
2020-04-14,6,99,2022-02-01,0
2020-04-15,17,116,2022-02-01,0
2020-04-16,10,126,2022-02-01,0
2020-04-17,17,143,2022-02-01,0
2020-04-18,17,160,2022-02-01,0
2020-04-19,16,176,2022-02-01,0
2020-04-20,21,197,2022-02-01,0
2020-04-21,26,223,2022-02-01,0
2020-04-22,21,244,2022-02-01,0
2020-04-23,19,263,2022-02-01,0
2020-04-24,23,286,2022-02-01,0
2020-04-25,18,304,2022-02-01,0
2020-04-26,17,321,2022-02-01,0
2020-04-27,21,342,2022-02-01,0
2020-04-28,16,358,2022-02-01,0
2020-04-29,29,387,2022-02-01,0
2020-04-30,18,405,2022-02-01,0
2020-05-01,30,435,2022-02-01,0
2020-05-02,19,454,2022-02-01,0
2020-05-03,29,483,2022-02-01,0
2020-05-04,23,506,2022-02-01,0
2020-05-05,19,525,2022-02-01,0
2020-05-06,25,550,2022-02-01,0
2020-05-07,30,580,2022-02-01,0
2020-05-08,20,600,2022-02-01,0
2020-05-09,26,626,2022-02-01,0
2020-05-10,19,645,2022-02-01,0
2020-05-11,25,670,2022-02-01,0
2020-05-12,20,690,2022-02-01,0
2020-05-13,22,712,2022-02-01,0
2020-05-14,20,732,2022-02-01,0
2020-05-15,20,752,2022-02-01,0
2020-05-16,20,772,2022-02-01,0
2020-05-17,23,795,2022-02-01,0
2020-05-18,18,813,2022-02-01,0
2020-05-19,35,848,2022-02-01,0
2020-05-20,24,872,2022-02-01,0
2020-05-21,17,889,2022-02-01,0
2020-05-22,20,909,2022-02-01,0
2020-05-23,26,935,2022-02-01,0
2020-05-24,25,960,2022-02-01,0
2020-05-25,30,990,2022-02-01,0
2020-05-26,29,1019,2022-02-01,0
2020-05-27,25,1044,2022-02-01,0
2020-05-28,21,1065,2022-02-01,0
2020-05-29,17,1082,2022-02-01,0
2020-05-30,11,1093,2022-02-01,0
2020-05-31,20,1113,2022-02-01,0
2020-06-01,23,1136,2022-02-01,0
2020-06-02,21,1157,2022-02-01,0
2020-06-03,25,1182,2022-02-01,0
2020-06-04,26,1208,2022-02-01,0
2020-06-05,18,1226,2022-02-01,0
2020-06-06,12,1238,2022-02-01,0
2020-06-07,22,1260,2022-02-01,0
2020-06-08,12,1272,2022-02-01,0
2020-06-09,13,1285,2022-02-01,0
2020-06-10,10,1295,2022-02-01,0
2020-06-11,12,1307,2022-02-01,0
2020-06-12,11,1318,2022-02-01,0
2020-06-13,13,1331,2022-02-01,0
2020-06-14,11,1342,2022-02-01,0
2020-06-15,8,1350,2022-02-01,0
2020-06-16,9,1359,2022-02-01,0
2020-06-17,17,1376,2022-02-01,0
2020-06-18,9,1385,2022-02-01,0
2020-06-19,8,1393,2022-02-01,0
2020-06-20,12,1405,2022-02-01,0
2020-06-21,11,1416,2022-02-01,0
2020-06-22,6,1422,2022-02-01,0
2020-06-23,10,1432,2022-02-01,0
2020-06-24,1,1433,2022-02-01,0
2020-06-25,9,1442,2022-02-01,0
2020-06-26,6,1448,2022-02-01,0
2020-06-27,5,1453,2022-02-01,0
2020-06-28,11,1464,2022-02-01,0
2020-06-29,7,1471,2022-02-01,0
2020-06-30,9,1480,2022-02-01,0
2020-07-01,2,1482,2022-02-01,0
2020-07-02,3,1485,2022-02-01,0
2020-07-03,5,1490,2022-02-01,0
2020-07-04,4,1494,2022-02-01,0
2020-07-05,6,1500,2022-02-01,0
2020-07-06,4,1504,2022-02-01,0
2020-07-07,2,1506,2022-02-01,0
2020-07-08,9,1515,2022-02-01,0
2020-07-09,4,1519,2022-02-01,0
2020-07-10,3,1522,2022-02-01,0
2020-07-11,4,1526,2022-02-01,0
2020-07-12,6,1532,2022-02-01,0
2020-07-13,2,1534,2022-02-01,0
2020-07-14,6,1540,2022-02-01,0
2020-07-15,7,1547,2022-02-01,0
2020-07-16,3,1550,2022-02-01,0
2020-07-17,7,1557,2022-02-01,0
2020-07-18,6,1563,2022-02-01,0
2020-07-19,5,1568,2022-02-01,0
2020-07-20,3,1571,2022-02-01,0
2020-07-21,6,1577,2022-02-01,0
2020-07-22,5,1582,2022-02-01,0
2020-07-23,8,1590,2022-02-01,0
2020-07-24,6,1596,2022-02-01,0
2020-07-25,2,1598,2022-02-01,0
2020-07-26,5,1603,2022-02-01,0
2020-07-27,5,1608,2022-02-01,0
2020-07-28,7,1615,2022-02-01,0
2020-07-29,3,1618,2022-02-01,0
2020-07-30,6,1624,2022-02-01,0
2020-07-31,9,1633,2022-02-01,0
2020-08-01,4,1637,2022-02-01,0
2020-08-02,7,1644,2022-02-01,0
2020-08-03,4,1648,2022-02-01,0
2020-08-04,7,1655,2022-02-01,0
2020-08-05,8,1663,2022-02-01,0
2020-08-06,9,1672,2022-02-01,0
2020-08-07,7,1679,2022-02-01,0
2020-08-08,6,1685,2022-02-01,0
2020-08-09,10,1695,2022-02-01,0
2020-08-10,3,1698,2022-02-01,0
2020-08-11,9,1707,2022-02-01,0
2020-08-12,7,1714,2022-02-01,0
2020-08-13,5,1719,2022-02-01,0
2020-08-14,9,1728,2022-02-01,0
2020-08-15,13,1741,2022-02-01,0
2020-08-16,13,1754,2022-02-01,0
2020-08-17,6,1760,2022-02-01,0
2020-08-18,11,1771,2022-02-01,0
2020-08-19,3,1774,2022-02-01,0
2020-08-20,10,1784,2022-02-01,0
2020-08-21,12,1796,2022-02-01,0
2020-08-22,9,1805,2022-02-01,0
2020-08-23,7,1812,2022-02-01,0
2020-08-24,9,1821,2022-02-01,0
2020-08-25,4,1825,2022-02-01,0
2020-08-26,3,1828,2022-02-01,0
2020-08-27,7,1835,2022-02-01,0
2020-08-28,6,1841,2022-02-01,0
2020-08-29,3,1844,2022-02-01,0
2020-08-30,5,1849,2022-02-01,0
2020-08-31,9,1858,2022-02-01,0
2020-09-01,2,1860,2022-02-01,0
2020-09-02,7,1867,2022-02-01,0
2020-09-03,12,1879,2022-02-01,0
2020-09-04,4,1883,2022-02-01,0
2020-09-05,6,1889,2022-02-01,0
2020-09-06,12,1901,2022-02-01,0
2020-09-07,3,1904,2022-02-01,0
2020-09-08,6,1910,2022-02-01,0
2020-09-09,10,1920,2022-02-01,0
2020-09-10,9,1929,2022-02-01,0
2020-09-11,11,1940,2022-02-01,0
2020-09-12,8,1948,2022-02-01,0
2020-09-13,8,1956,2022-02-01,0
2020-09-14,2,1958,2022-02-01,0
2020-09-15,7,1965,2022-02-01,0
2020-09-16,9,1974,2022-02-01,0
2020-09-17,5,1979,2022-02-01,0
2020-09-18,6,1985,2022-02-01,0
2020-09-19,4,1989,2022-02-01,0
2020-09-20,9,1998,2022-02-01,0
2020-09-21,7,2005,2022-02-01,0
2020-09-22,8,2013,2022-02-01,0
2020-09-23,9,2022,2022-02-01,0
2020-09-24,8,2030,2022-02-01,0
2020-09-25,11,2041,2022-02-01,0
2020-09-26,9,2050,2022-02-01,0
2020-09-27,14,2064,2022-02-01,0
2020-09-28,11,2075,2022-02-01,0
2020-09-29,5,2080,2022-02-01,0
2020-09-30,16,2096,2022-02-01,0
2020-10-01,7,2103,2022-02-01,0
2020-10-02,13,2116,2022-02-01,0
2020-10-03,9,2125,2022-02-01,0
2020-10-04,7,2132,2022-02-01,0
2020-10-05,10,2142,2022-02-01,0
2020-10-06,13,2155,2022-02-01,0
2020-10-07,19,2174,2022-02-01,0
2020-10-08,9,2183,2022-02-01,0
2020-10-09,17,2200,2022-02-01,0
2020-10-10,16,2216,2022-02-01,0
2020-10-11,16,2232,2022-02-01,0
2020-10-12,20,2252,2022-02-01,0
2020-10-13,14,2266,2022-02-01,0
2020-10-14,10,2276,2022-02-01,0
2020-10-15,9,2285,2022-02-01,0
2020-10-16,12,2297,2022-02-01,0
2020-10-17,18,2315,2022-02-01,0
2020-10-18,25,2340,2022-02-01,0
2020-10-19,18,2358,2022-02-01,0
2020-10-20,15,2373,2022-02-01,0
2020-10-21,24,2397,2022-02-01,0
2020-10-22,18,2415,2022-02-01,0
2020-10-23,19,2434,2022-02-01,0
2020-10-24,8,2442,2022-02-01,0
2020-10-25,17,2459,2022-02-01,0
2020-10-26,25,2484,2022-02-01,0
2020-10-27,23,2507,2022-02-01,0
2020-10-28,29,2536,2022-02-01,0
2020-10-29,18,2554,2022-02-01,0
2020-10-30,27,2581,2022-02-01,0
2020-10-31,25,2606,2022-02-01,0
2020-11-01,21,2627,2022-02-01,0
2020-11-02,25,2652,2022-02-01,0
2020-11-03,25,2677,2022-02-01,0
2020-11-04,33,2710,2022-02-01,0
2020-11-05,38,2748,2022-02-01,0
2020-11-06,39,2787,2022-02-01,0
2020-11-07,42,2829,2022-02-01,0
2020-11-08,47,2876,2022-02-01,0
2020-11-09,37,2913,2022-02-01,0
2020-11-10,35,2948,2022-02-01,0
2020-11-11,43,2991,2022-02-01,0
2020-11-12,45,3036,2022-02-01,0
2020-11-13,40,3076,2022-02-01,0
2020-11-14,48,3124,2022-02-01,0
2020-11-15,46,3170,2022-02-01,0
2020-11-16,62,3232,2022-02-01,0
2020-11-17,56,3288,2022-02-01,0
2020-11-18,61,3349,2022-02-01,0
2020-11-19,60,3409,2022-02-01,0
2020-11-20,63,3472,2022-02-01,0
2020-11-21,58,3530,2022-02-01,0
2020-11-22,67,3597,2022-02-01,0
2020-11-23,59,3656,2022-02-01,0
2020-11-24,69,3725,2022-02-01,0
2020-11-25,72,3797,2022-02-01,0
2020-11-26,54,3851,2022-02-01,0
2020-11-27,69,3920,2022-02-01,0
2020-11-28,62,3982,2022-02-01,0
2020-11-29,68,4050,2022-02-01,0
2020-11-30,61,4111,2022-02-01,0
2020-12-01,64,4175,2022-02-01,0
2020-12-02,73,4248,2022-02-01,0
2020-12-03,86,4334,2022-02-01,0
2020-12-04,67,4401,2022-02-01,0
2020-12-05,74,4475,2022-02-01,0
2020-12-06,80,4555,2022-02-01,0
2020-12-07,75,4630,2022-02-01,0
2020-12-08,61,4691,2022-02-01,0
2020-12-09,71,4762,2022-02-01,0
2020-12-10,72,4834,2022-02-01,0
2020-12-11,71,4905,2022-02-01,0
2020-12-12,72,4977,2022-02-01,0
2020-12-13,56,5033,2022-02-01,0
2020-12-14,43,5076,2022-02-01,0
2020-12-15,65,5141,2022-02-01,0
2020-12-16,74,5215,2022-02-01,1
2020-12-17,60,5275,2022-02-01,0
2020-12-18,59,5334,2022-02-01,0
2020-12-19,56,5390,2022-02-01,0
2020-12-20,61,5451,2022-02-01,0
2020-12-21,58,5509,2022-02-01,0
2020-12-22,33,5542,2022-02-01,0
2020-12-23,46,5588,2022-02-01,0
2020-12-24,50,5638,2022-02-01,0
2020-12-25,36,5674,2022-02-01,0
2020-12-26,43,5717,2022-02-01,0
2020-12-27,41,5758,2022-02-01,0
2020-12-28,34,5792,2022-02-01,0
2020-12-29,37,5829,2022-02-01,0
2020-12-30,47,5876,2022-02-01,0
2020-12-31,36,5912,2022-02-01,0
2021-01-01,28,5940,2022-02-01,0
2021-01-02,49,5989,2022-02-01,0
2021-01-03,37,6026,2022-02-01,0
2021-01-04,32,6058,2022-02-01,0
2021-01-05,40,6098,2022-02-01,0
2021-01-06,32,6130,2022-02-01,0
2021-01-07,38,6168,2022-02-01,0
2021-01-08,32,6200,2022-02-01,0
2021-01-09,26,6226,2022-02-01,0
2021-01-10,30,6256,2022-02-01,0
2021-01-11,26,6282,2022-02-01,0
2021-01-12,32,6314,2022-02-01,0
2021-01-13,23,6337,2022-02-01,0
2021-01-14,42,6379,2022-02-01,0
2021-01-15,26,6405,2022-02-01,0
2021-01-16,30,6435,2022-02-01,0
2021-01-17,21,6456,2022-02-01,0
2021-01-18,19,6475,2022-02-01,0
2021-01-19,14,6489,2022-02-01,0
2021-01-20,26,6515,2022-02-01,0
2021-01-21,16,6531,2022-02-01,0
2021-01-22,14,6545,2022-02-01,0
2021-01-23,17,6562,2022-02-01,0
2021-01-24,24,6586,2022-02-01,0
2021-01-25,19,6605,2022-02-01,0
2021-01-26,21,6626,2022-02-01,0
2021-01-27,11,6637,2022-02-01,0
2021-01-28,12,6649,2022-02-01,0
2021-01-29,15,6664,2022-02-01,0
2021-01-30,13,6677,2022-02-01,0
2021-01-31,16,6693,2022-02-01,0
2021-02-01,17,6710,2022-02-01,0
2021-02-02,10,6720,2022-02-01,0
2021-02-03,11,6731,2022-02-01,0
2021-02-04,11,6742,2022-02-01,0
2021-02-05,12,6754,2022-02-01,0
2021-02-06,12,6766,2022-02-01,0
2021-02-07,19,6785,2022-02-01,0
2021-02-08,11,6796,2022-02-01,0
2021-02-09,15,6811,2022-02-01,0
2021-02-10,14,6825,2022-02-01,0
2021-02-11,7,6832,2022-02-01,0
2021-02-12,13,6845,2022-02-01,0
2021-02-13,8,6853,2022-02-01,0
2021-02-14,10,6863,2022-02-01,0
2021-02-15,9,6872,2022-02-01,0
2021-02-16,12,6884,2022-02-01,0
2021-02-17,10,6894,2022-02-01,0
2021-02-18,7,6901,2022-02-01,0
2021-02-19,6,6907,2022-02-01,0
2021-02-20,7,6914,2022-02-01,0
2021-02-21,4,6918,2022-02-01,0
2021-02-22,5,6923,2022-02-01,0
2021-02-23,9,6932,2022-02-01,0
2021-02-24,5,6937,2022-02-01,0
2021-02-25,5,6942,2022-02-01,0
2021-02-26,7,6949,2022-02-01,0
2021-02-27,6,6955,2022-02-01,0
2021-02-28,8,6963,2022-02-01,0
2021-03-01,7,6970,2022-02-01,0
2021-03-02,3,6973,2022-02-01,0
2021-03-03,10,6983,2022-02-01,0
2021-03-04,6,6989,2022-02-01,0
2021-03-05,10,6999,2022-02-01,0
2021-03-06,5,7004,2022-02-01,0
2021-03-07,9,7013,2022-02-01,0
2021-03-08,5,7018,2022-02-01,0
2021-03-09,7,7025,2022-02-01,0
2021-03-10,5,7030,2022-02-01,0
2021-03-11,4,7034,2022-02-01,0
2021-03-12,11,7045,2022-02-01,0
2021-03-13,5,7050,2022-02-01,0
2021-03-14,5,7055,2022-02-01,0
2021-03-15,2,7057,2022-02-01,0
2021-03-16,6,7063,2022-02-01,0
2021-03-17,4,7067,2022-02-01,0
2021-03-18,5,7072,2022-02-01,0
2021-03-19,5,7077,2022-02-01,0
2021-03-20,9,7086,2022-02-01,0
2021-03-21,5,7091,2022-02-01,0
2021-03-22,4,7095,2022-02-01,0
2021-03-23,5,7100,2022-02-01,0
2021-03-24,1,7101,2022-02-01,0
2021-03-25,5,7106,2022-02-01,0
2021-03-26,3,7109,2022-02-01,0
2021-03-27,7,7116,2022-02-01,0
2021-03-28,6,7122,2022-02-01,0
2021-03-29,5,7127,2022-02-01,0
2021-03-30,6,7133,2022-02-01,0
2021-03-31,8,7141,2022-02-01,0
2021-04-01,6,7147,2022-02-01,0
2021-04-02,9,7156,2022-02-01,0
2021-04-03,8,7164,2022-02-01,0
2021-04-04,6,7170,2022-02-01,0
2021-04-05,8,7178,2022-02-01,0
2021-04-06,7,7185,2022-02-01,0
2021-04-07,6,7191,2022-02-01,0
2021-04-08,10,7201,2022-02-01,0
2021-04-09,7,7208,2022-02-01,0
2021-04-10,7,7215,2022-02-01,0
2021-04-11,8,7223,2022-02-01,0
2021-04-12,10,7233,2022-02-01,0
2021-04-13,7,7240,2022-02-01,0
2021-04-14,8,7248,2022-02-01,0
2021-04-15,14,7262,2022-02-01,0
2021-04-16,8,7270,2022-02-01,0
2021-04-17,8,7278,2022-02-01,0
2021-04-18,8,7286,2022-02-01,0
2021-04-19,10,7296,2022-02-01,0
2021-04-20,5,7301,2022-02-01,0
2021-04-21,8,7309,2022-02-01,0
2021-04-22,3,7312,2022-02-01,0
2021-04-23,15,7327,2022-02-01,0
2021-04-24,11,7338,2022-02-01,0
2021-04-25,15,7353,2022-02-01,0
2021-04-26,15,7368,2022-02-01,0
2021-04-27,7,7375,2022-02-01,0
2021-04-28,14,7389,2022-02-01,0
2021-04-29,8,7397,2022-02-01,0
2021-04-30,11,7408,2022-02-01,0
2021-05-01,7,7415,2022-02-01,0
2021-05-02,8,7423,2022-02-01,0
2021-05-03,5,7428,2022-02-01,0
2021-05-04,13,7441,2022-02-01,0
2021-05-05,8,7449,2022-02-01,0
2021-05-06,5,7454,2022-02-01,0
2021-05-07,8,7462,2022-02-01,0
2021-05-08,7,7469,2022-02-01,0
2021-05-09,9,7478,2022-02-01,0
2021-05-10,8,7486,2022-02-01,0
2021-05-11,6,7492,2022-02-01,0
2021-05-12,9,7501,2022-02-01,0
2021-05-13,9,7510,2022-02-01,0
2021-05-14,11,7521,2022-02-01,0
2021-05-15,10,7531,2022-02-01,0
2021-05-16,6,7537,2022-02-01,0
2021-05-17,6,7543,2022-02-01,0
2021-05-18,7,7550,2022-02-01,0
2021-05-19,2,7552,2022-02-01,0
2021-05-20,5,7557,2022-02-01,0
2021-05-21,7,7564,2022-02-01,0
2021-05-22,12,7576,2022-02-01,0
2021-05-23,5,7581,2022-02-01,0
2021-05-24,5,7586,2022-02-01,0
2021-05-25,6,7592,2022-02-01,0
2021-05-26,3,7595,2022-02-01,0
2021-05-27,7,7602,2022-02-01,0
2021-05-28,2,7604,2022-02-01,0
2021-05-29,6,7610,2022-02-01,0
2021-05-30,4,7614,2022-02-01,0
2021-05-31,3,7617,2022-02-01,0
2021-06-01,5,7622,2022-02-01,0
2021-06-02,8,7630,2022-02-01,0
2021-06-03,4,7634,2022-02-01,0
2021-06-04,4,7638,2022-02-01,0
2021-06-05,2,7640,2022-02-01,0
2021-06-06,5,7645,2022-02-01,0
2021-06-07,3,7648,2022-02-01,0
2021-06-08,5,7653,2022-02-01,0
2021-06-09,4,7657,2022-02-01,0
2021-06-10,6,7663,2022-02-01,0
2021-06-11,6,7669,2022-02-01,0
2021-06-12,4,7673,2022-02-01,0
2021-06-13,4,7677,2022-02-01,0
2021-06-14,3,7680,2022-02-01,0
2021-06-15,2,7682,2022-02-01,0
2021-06-16,2,7684,2022-02-01,0
2021-06-17,4,7688,2022-02-01,0
2021-06-18,1,7689,2022-02-01,0
2021-06-19,6,7695,2022-02-01,0
2021-06-20,1,7696,2022-02-01,0
2021-06-21,5,7701,2022-02-01,0
2021-06-22,3,7704,2022-02-01,0
2021-06-23,4,7708,2022-02-01,0
2021-06-24,3,7711,2022-02-01,0
2021-06-25,3,7714,2022-02-01,0
2021-06-26,4,7718,2022-02-01,0
2021-06-27,2,7720,2022-02-01,0
2021-06-28,2,7722,2022-02-01,0
2021-06-29,2,7724,2022-02-01,0
2021-06-30,2,7726,2022-02-01,0
2021-07-01,0,7726,2022-02-01,0
2021-07-02,2,7728,2022-02-01,0
2021-07-03,2,7730,2022-02-01,0
2021-07-04,3,7733,2022-02-01,0
2021-07-05,1,7734,2022-02-01,0
2021-07-06,5,7739,2022-02-01,0
2021-07-07,1,7740,2022-02-01,0
2021-07-08,1,7741,2022-02-01,0
2021-07-09,0,7741,2022-02-01,0
2021-07-10,1,7742,2022-02-01,0
2021-07-11,3,7745,2022-02-01,0
2021-07-12,1,7746,2022-02-01,0
2021-07-13,2,7748,2022-02-01,0
2021-07-14,2,7750,2022-02-01,0
2021-07-15,2,7752,2022-02-01,0
2021-07-16,1,7753,2022-02-01,0
2021-07-17,1,7754,2022-02-01,0
2021-07-18,0,7754,2022-02-01,0
2021-07-19,0,7754,2022-02-01,0
2021-07-20,2,7756,2022-02-01,0
2021-07-21,3,7759,2022-02-01,0
2021-07-22,2,7761,2022-02-01,0
2021-07-23,3,7764,2022-02-01,0
2021-07-24,0,7764,2022-02-01,0
2021-07-25,2,7766,2022-02-01,0
2021-07-26,1,7767,2022-02-01,0
2021-07-27,2,7769,2022-02-01,0
2021-07-28,3,7772,2022-02-01,0
2021-07-29,2,7774,2022-02-01,0
2021-07-30,5,7779,2022-02-01,0
2021-07-31,4,7783,2022-02-01,0
2021-08-01,1,7784,2022-02-01,0
2021-08-02,3,7787,2022-02-01,0
2021-08-03,2,7789,2022-02-01,0
2021-08-04,3,7792,2022-02-01,0
2021-08-05,2,7794,2022-02-01,0
2021-08-06,8,7802,2022-02-01,0
2021-08-07,3,7805,2022-02-01,0
2021-08-08,3,7808,2022-02-01,0
2021-08-09,3,7811,2022-02-01,0
2021-08-10,2,7813,2022-02-01,0
2021-08-11,2,7815,2022-02-01,0
2021-08-12,7,7822,2022-02-01,0
2021-08-13,5,7827,2022-02-01,0
2021-08-14,6,7833,2022-02-01,0
2021-08-15,0,7833,2022-02-01,0
2021-08-16,7,7840,2022-02-01,0
2021-08-17,7,7847,2022-02-01,0
2021-08-18,9,7856,2022-02-01,0
2021-08-19,2,7858,2022-02-01,0
2021-08-20,3,7861,2022-02-01,0
2021-08-21,5,7866,2022-02-01,0
2021-08-22,7,7873,2022-02-01,0
2021-08-23,5,7878,2022-02-01,0
2021-08-24,12,7890,2022-02-01,0
2021-08-25,7,7897,2022-02-01,0
2021-08-26,2,7899,2022-02-01,0
2021-08-27,6,7905,2022-02-01,0
2021-08-28,11,7916,2022-02-01,0
2021-08-29,11,7927,2022-02-01,0
2021-08-30,8,7935,2022-02-01,0
2021-08-31,7,7942,2022-02-01,0
2021-09-01,6,7948,2022-02-01,0
2021-09-02,6,7954,2022-02-01,0
2021-09-03,9,7963,2022-02-01,0
2021-09-04,9,7972,2022-02-01,0
2021-09-05,10,7982,2022-02-01,0
2021-09-06,8,7990,2022-02-01,0
2021-09-07,7,7997,2022-02-01,0
2021-09-08,11,8008,2022-02-01,0
2021-09-09,5,8013,2022-02-01,0
2021-09-10,9,8022,2022-02-01,0
2021-09-11,17,8039,2022-02-01,0
2021-09-12,10,8049,2022-02-01,0
2021-09-13,8,8057,2022-02-01,0
2021-09-14,11,8068,2022-02-01,0
2021-09-15,14,8082,2022-02-01,0
2021-09-16,16,8098,2022-02-01,0
2021-09-17,8,8106,2022-02-01,0
2021-09-18,14,8120,2022-02-01,0
2021-09-19,11,8131,2022-02-01,0
2021-09-20,16,8147,2022-02-01,0
2021-09-21,15,8162,2022-02-01,0
2021-09-22,17,8179,2022-02-01,0
2021-09-23,13,8192,2022-02-01,0
2021-09-24,13,8205,2022-02-01,0
2021-09-25,16,8221,2022-02-01,0
2021-09-26,15,8236,2022-02-01,0
2021-09-27,15,8251,2022-02-01,0
2021-09-28,11,8262,2022-02-01,0
2021-09-29,20,8282,2022-02-01,0
2021-09-30,17,8299,2022-02-01,0
2021-10-01,13,8312,2022-02-01,0
2021-10-02,15,8327,2022-02-01,0
2021-10-03,23,8350,2022-02-01,0
2021-10-04,15,8365,2022-02-01,0
2021-10-05,23,8388,2022-02-01,0
2021-10-06,21,8409,2022-02-01,0
2021-10-07,14,8423,2022-02-01,0
2021-10-08,22,8445,2022-02-01,0
2021-10-09,20,8465,2022-02-01,0
2021-10-10,13,8478,2022-02-01,0
2021-10-11,11,8489,2022-02-01,0
2021-10-12,25,8514,2022-02-01,0
2021-10-13,21,8535,2022-02-01,0
2021-10-14,22,8557,2022-02-01,0
2021-10-15,14,8571,2022-02-01,0
2021-10-16,20,8591,2022-02-01,0
2021-10-17,17,8608,2022-02-01,0
2021-10-18,17,8625,2022-02-01,0
2021-10-19,25,8650,2022-02-01,0
2021-10-20,16,8666,2022-02-01,0
2021-10-21,9,8675,2022-02-01,0
2021-10-22,23,8698,2022-02-01,0
2021-10-23,24,8722,2022-02-01,0
2021-10-24,25,8747,2022-02-01,0
2021-10-25,20,8767,2022-02-01,0
2021-10-26,22,8789,2022-02-01,0
2021-10-27,16,8805,2022-02-01,0
2021-10-28,24,8829,2022-02-01,0
2021-10-29,20,8849,2022-02-01,0
2021-10-30,19,8868,2022-02-01,0
2021-10-31,26,8894,2022-02-01,0
2021-11-01,18,8912,2022-02-01,0
2021-11-02,18,8930,2022-02-01,0
2021-11-03,27,8957,2022-02-01,0
2021-11-04,27,8984,2022-02-01,0
2021-11-05,29,9013,2022-02-01,0
2021-11-06,16,9029,2022-02-01,0
2021-11-07,24,9053,2022-02-01,0
2021-11-08,27,9080,2022-02-01,0
2021-11-09,16,9096,2022-02-01,0
2021-11-10,18,9114,2022-02-01,0
2021-11-11,28,9142,2022-02-01,0
2021-11-12,29,9171,2022-02-01,0
2021-11-13,31,9202,2022-02-01,0
2021-11-14,24,9226,2022-02-01,0
2021-11-15,28,9254,2022-02-01,0
2021-11-16,25,9279,2022-02-01,0
2021-11-17,37,9316,2022-02-01,0
2021-11-18,36,9352,2022-02-01,0
2021-11-19,34,9386,2022-02-01,0
2021-11-20,30,9416,2022-02-01,0
2021-11-21,32,9448,2022-02-01,0
2021-11-22,29,9477,2022-02-01,0
2021-11-23,31,9508,2022-02-01,0
2021-11-24,25,9533,2022-02-01,0
2021-11-25,35,9568,2022-02-01,0
2021-11-26,50,9618,2022-02-01,0
2021-11-27,36,9654,2022-02-01,0
2021-11-28,39,9693,2022-02-01,0
2021-11-29,29,9722,2022-02-01,0
2021-11-30,30,9752,2022-02-01,0
2021-12-01,47,9799,2022-02-01,0
2021-12-02,40,9839,2022-02-01,0
2021-12-03,31,9870,2022-02-01,0
2021-12-04,42,9912,2022-02-01,0
2021-12-05,35,9947,2022-02-01,0
2021-12-06,34,9981,2022-02-01,0
2021-12-07,34,10015,2022-02-01,0
2021-12-08,38,10053,2022-02-01,0
2021-12-09,47,10100,2022-02-01,0
2021-12-10,34,10134,2022-02-01,0
2021-12-11,26,10160,2022-02-01,0
2021-12-12,36,10196,2022-02-01,1
2021-12-13,32,10228,2022-02-01,0
2021-12-14,35,10263,2022-02-01,0
2021-12-15,40,10303,2022-02-01,0
2021-12-16,31,10334,2022-02-01,0
2021-12-17,39,10373,2022-02-01,0
2021-12-18,31,10404,2022-02-01,0
2021-12-19,30,10434,2022-02-01,0
2021-12-20,33,10467,2022-02-01,0
2021-12-21,27,10494,2022-02-01,0
2021-12-22,28,10522,2022-02-01,0
2021-12-23,26,10548,2022-02-01,1
2021-12-24,29,10577,2022-02-01,0
2021-12-25,28,10605,2022-02-01,0
2021-12-26,42,10647,2022-02-01,0
2021-12-27,31,10678,2022-02-01,0
2021-12-28,34,10712,2022-02-01,0
2021-12-29,29,10741,2022-02-01,0
2021-12-30,19,10760,2022-02-01,0
2021-12-31,38,10798,2022-02-01,0
2022-01-01,26,10824,2022-02-01,0
2022-01-02,22,10846,2022-02-01,0
2022-01-03,21,10867,2022-02-01,1
2022-01-04,29,10896,2022-02-01,0
2022-01-05,30,10926,2022-02-01,0
2022-01-06,31,10957,2022-02-01,0
2022-01-07,27,10984,2022-02-01,0
2022-01-08,39,11023,2022-02-01,0
2022-01-09,18,11041,2022-02-01,0
2022-01-10,29,11070,2022-02-01,1
2022-01-11,17,11087,2022-02-01,0
2022-01-12,17,11104,2022-02-01,0
2022-01-13,25,11129,2022-02-01,0
2022-01-14,31,11160,2022-02-01,1
2022-01-15,25,11185,2022-02-01,1
2022-01-16,29,11214,2022-02-01,0
2022-01-17,32,11246,2022-02-01,0
2022-01-18,22,11268,2022-02-01,0
2022-01-19,25,11293,2022-02-01,0
2022-01-20,29,11322,2022-02-01,0
2022-01-21,21,11343,2022-02-01,1
2022-01-22,19,11362,2022-02-01,2
2022-01-23,17,11379,2022-02-01,0
2022-01-24,25,11404,2022-02-01,6
2022-01-25,21,11425,2022-02-01,6
2022-01-26,18,11443,2022-02-01,10
2022-01-27,14,11457,2022-02-01,14
NA,0,11457,2022-02-01,0
2020-03-19,1,1,2022-02-02,0
2020-03-20,0,1,2022-02-02,0
2020-03-21,0,1,2022-02-02,0
2020-03-22,0,1,2022-02-02,0
2020-03-23,0,1,2022-02-02,0
2020-03-24,1,2,2022-02-02,0
2020-03-25,1,3,2022-02-02,0
2020-03-26,1,4,2022-02-02,0
2020-03-27,5,9,2022-02-02,0
2020-03-28,3,12,2022-02-02,0
2020-03-29,0,12,2022-02-02,0
2020-03-30,5,17,2022-02-02,0
2020-03-31,2,19,2022-02-02,0
2020-04-01,5,24,2022-02-02,0
2020-04-02,3,27,2022-02-02,0
2020-04-03,1,28,2022-02-02,0
2020-04-04,5,33,2022-02-02,0
2020-04-05,5,38,2022-02-02,0
2020-04-06,10,48,2022-02-02,0
2020-04-07,6,54,2022-02-02,0
2020-04-08,7,61,2022-02-02,0
2020-04-09,8,69,2022-02-02,0
2020-04-10,6,75,2022-02-02,0
2020-04-11,4,79,2022-02-02,0
2020-04-12,4,83,2022-02-02,0
2020-04-13,10,93,2022-02-02,0
2020-04-14,6,99,2022-02-02,0
2020-04-15,17,116,2022-02-02,0
2020-04-16,10,126,2022-02-02,0
2020-04-17,17,143,2022-02-02,0
2020-04-18,17,160,2022-02-02,0
2020-04-19,16,176,2022-02-02,0
2020-04-20,21,197,2022-02-02,0
2020-04-21,26,223,2022-02-02,0
2020-04-22,21,244,2022-02-02,0
2020-04-23,19,263,2022-02-02,0
2020-04-24,23,286,2022-02-02,0
2020-04-25,18,304,2022-02-02,0
2020-04-26,17,321,2022-02-02,0
2020-04-27,21,342,2022-02-02,0
2020-04-28,16,358,2022-02-02,0
2020-04-29,29,387,2022-02-02,0
2020-04-30,18,405,2022-02-02,0
2020-05-01,30,435,2022-02-02,0
2020-05-02,19,454,2022-02-02,0
2020-05-03,29,483,2022-02-02,0
2020-05-04,23,506,2022-02-02,0
2020-05-05,19,525,2022-02-02,0
2020-05-06,25,550,2022-02-02,0
2020-05-07,30,580,2022-02-02,0
2020-05-08,20,600,2022-02-02,0
2020-05-09,26,626,2022-02-02,0
2020-05-10,19,645,2022-02-02,0
2020-05-11,25,670,2022-02-02,0
2020-05-12,20,690,2022-02-02,0
2020-05-13,22,712,2022-02-02,0
2020-05-14,20,732,2022-02-02,0
2020-05-15,20,752,2022-02-02,0
2020-05-16,20,772,2022-02-02,0
2020-05-17,23,795,2022-02-02,0
2020-05-18,18,813,2022-02-02,0
2020-05-19,35,848,2022-02-02,0
2020-05-20,24,872,2022-02-02,0
2020-05-21,17,889,2022-02-02,0
2020-05-22,20,909,2022-02-02,0
2020-05-23,26,935,2022-02-02,0
2020-05-24,25,960,2022-02-02,0
2020-05-25,30,990,2022-02-02,0
2020-05-26,29,1019,2022-02-02,0
2020-05-27,25,1044,2022-02-02,0
2020-05-28,21,1065,2022-02-02,0
2020-05-29,17,1082,2022-02-02,0
2020-05-30,11,1093,2022-02-02,0
2020-05-31,20,1113,2022-02-02,0
2020-06-01,23,1136,2022-02-02,0
2020-06-02,21,1157,2022-02-02,0
2020-06-03,25,1182,2022-02-02,0
2020-06-04,26,1208,2022-02-02,0
2020-06-05,18,1226,2022-02-02,0
2020-06-06,12,1238,2022-02-02,0
2020-06-07,22,1260,2022-02-02,0
2020-06-08,12,1272,2022-02-02,0
2020-06-09,13,1285,2022-02-02,0
2020-06-10,10,1295,2022-02-02,0
2020-06-11,12,1307,2022-02-02,0
2020-06-12,11,1318,2022-02-02,0
2020-06-13,13,1331,2022-02-02,0
2020-06-14,11,1342,2022-02-02,0
2020-06-15,8,1350,2022-02-02,0
2020-06-16,9,1359,2022-02-02,0
2020-06-17,17,1376,2022-02-02,0
2020-06-18,9,1385,2022-02-02,0
2020-06-19,8,1393,2022-02-02,0
2020-06-20,12,1405,2022-02-02,0
2020-06-21,11,1416,2022-02-02,0
2020-06-22,6,1422,2022-02-02,0
2020-06-23,10,1432,2022-02-02,0
2020-06-24,1,1433,2022-02-02,0
2020-06-25,9,1442,2022-02-02,0
2020-06-26,6,1448,2022-02-02,0
2020-06-27,5,1453,2022-02-02,0
2020-06-28,11,1464,2022-02-02,0
2020-06-29,7,1471,2022-02-02,0
2020-06-30,9,1480,2022-02-02,0
2020-07-01,2,1482,2022-02-02,0
2020-07-02,3,1485,2022-02-02,0
2020-07-03,5,1490,2022-02-02,0
2020-07-04,4,1494,2022-02-02,0
2020-07-05,6,1500,2022-02-02,0
2020-07-06,4,1504,2022-02-02,0
2020-07-07,2,1506,2022-02-02,0
2020-07-08,9,1515,2022-02-02,0
2020-07-09,4,1519,2022-02-02,0
2020-07-10,3,1522,2022-02-02,0
2020-07-11,4,1526,2022-02-02,0
2020-07-12,6,1532,2022-02-02,0
2020-07-13,2,1534,2022-02-02,0
2020-07-14,6,1540,2022-02-02,0
2020-07-15,7,1547,2022-02-02,0
2020-07-16,3,1550,2022-02-02,0
2020-07-17,7,1557,2022-02-02,0
2020-07-18,6,1563,2022-02-02,0
2020-07-19,5,1568,2022-02-02,0
2020-07-20,3,1571,2022-02-02,0
2020-07-21,6,1577,2022-02-02,0
2020-07-22,5,1582,2022-02-02,0
2020-07-23,8,1590,2022-02-02,0
2020-07-24,6,1596,2022-02-02,0
2020-07-25,2,1598,2022-02-02,0
2020-07-26,5,1603,2022-02-02,0
2020-07-27,5,1608,2022-02-02,0
2020-07-28,7,1615,2022-02-02,0
2020-07-29,3,1618,2022-02-02,0
2020-07-30,6,1624,2022-02-02,0
2020-07-31,9,1633,2022-02-02,0
2020-08-01,4,1637,2022-02-02,0
2020-08-02,7,1644,2022-02-02,0
2020-08-03,4,1648,2022-02-02,0
2020-08-04,7,1655,2022-02-02,0
2020-08-05,8,1663,2022-02-02,0
2020-08-06,9,1672,2022-02-02,0
2020-08-07,7,1679,2022-02-02,0
2020-08-08,6,1685,2022-02-02,0
2020-08-09,10,1695,2022-02-02,0
2020-08-10,3,1698,2022-02-02,0
2020-08-11,9,1707,2022-02-02,0
2020-08-12,7,1714,2022-02-02,0
2020-08-13,5,1719,2022-02-02,0
2020-08-14,9,1728,2022-02-02,0
2020-08-15,13,1741,2022-02-02,0
2020-08-16,13,1754,2022-02-02,0
2020-08-17,6,1760,2022-02-02,0
2020-08-18,11,1771,2022-02-02,0
2020-08-19,3,1774,2022-02-02,0
2020-08-20,10,1784,2022-02-02,0
2020-08-21,12,1796,2022-02-02,0
2020-08-22,9,1805,2022-02-02,0
2020-08-23,7,1812,2022-02-02,0
2020-08-24,9,1821,2022-02-02,0
2020-08-25,4,1825,2022-02-02,0
2020-08-26,3,1828,2022-02-02,0
2020-08-27,7,1835,2022-02-02,0
2020-08-28,6,1841,2022-02-02,0
2020-08-29,3,1844,2022-02-02,0
2020-08-30,5,1849,2022-02-02,0
2020-08-31,9,1858,2022-02-02,0
2020-09-01,2,1860,2022-02-02,0
2020-09-02,7,1867,2022-02-02,0
2020-09-03,12,1879,2022-02-02,0
2020-09-04,4,1883,2022-02-02,0
2020-09-05,6,1889,2022-02-02,0
2020-09-06,12,1901,2022-02-02,0
2020-09-07,3,1904,2022-02-02,0
2020-09-08,6,1910,2022-02-02,0
2020-09-09,10,1920,2022-02-02,0
2020-09-10,9,1929,2022-02-02,0
2020-09-11,11,1940,2022-02-02,0
2020-09-12,8,1948,2022-02-02,0
2020-09-13,8,1956,2022-02-02,0
2020-09-14,2,1958,2022-02-02,0
2020-09-15,7,1965,2022-02-02,0
2020-09-16,9,1974,2022-02-02,0
2020-09-17,5,1979,2022-02-02,0
2020-09-18,6,1985,2022-02-02,0
2020-09-19,4,1989,2022-02-02,0
2020-09-20,9,1998,2022-02-02,0
2020-09-21,7,2005,2022-02-02,0
2020-09-22,8,2013,2022-02-02,0
2020-09-23,9,2022,2022-02-02,0
2020-09-24,8,2030,2022-02-02,0
2020-09-25,11,2041,2022-02-02,0
2020-09-26,9,2050,2022-02-02,0
2020-09-27,14,2064,2022-02-02,0
2020-09-28,11,2075,2022-02-02,0
2020-09-29,5,2080,2022-02-02,0
2020-09-30,16,2096,2022-02-02,0
2020-10-01,7,2103,2022-02-02,0
2020-10-02,13,2116,2022-02-02,0
2020-10-03,9,2125,2022-02-02,0
2020-10-04,7,2132,2022-02-02,0
2020-10-05,10,2142,2022-02-02,0
2020-10-06,13,2155,2022-02-02,0
2020-10-07,19,2174,2022-02-02,0
2020-10-08,9,2183,2022-02-02,0
2020-10-09,17,2200,2022-02-02,0
2020-10-10,16,2216,2022-02-02,0
2020-10-11,16,2232,2022-02-02,0
2020-10-12,20,2252,2022-02-02,0
2020-10-13,14,2266,2022-02-02,0
2020-10-14,10,2276,2022-02-02,0
2020-10-15,9,2285,2022-02-02,0
2020-10-16,12,2297,2022-02-02,0
2020-10-17,18,2315,2022-02-02,0
2020-10-18,25,2340,2022-02-02,0
2020-10-19,18,2358,2022-02-02,0
2020-10-20,15,2373,2022-02-02,0
2020-10-21,24,2397,2022-02-02,0
2020-10-22,18,2415,2022-02-02,0
2020-10-23,19,2434,2022-02-02,0
2020-10-24,8,2442,2022-02-02,0
2020-10-25,17,2459,2022-02-02,0
2020-10-26,25,2484,2022-02-02,0
2020-10-27,23,2507,2022-02-02,0
2020-10-28,29,2536,2022-02-02,0
2020-10-29,18,2554,2022-02-02,0
2020-10-30,27,2581,2022-02-02,0
2020-10-31,25,2606,2022-02-02,0
2020-11-01,21,2627,2022-02-02,0
2020-11-02,25,2652,2022-02-02,0
2020-11-03,25,2677,2022-02-02,0
2020-11-04,33,2710,2022-02-02,0
2020-11-05,38,2748,2022-02-02,0
2020-11-06,39,2787,2022-02-02,0
2020-11-07,42,2829,2022-02-02,0
2020-11-08,47,2876,2022-02-02,0
2020-11-09,37,2913,2022-02-02,0
2020-11-10,35,2948,2022-02-02,0
2020-11-11,43,2991,2022-02-02,0
2020-11-12,45,3036,2022-02-02,0
2020-11-13,40,3076,2022-02-02,0
2020-11-14,48,3124,2022-02-02,0
2020-11-15,46,3170,2022-02-02,0
2020-11-16,62,3232,2022-02-02,0
2020-11-17,56,3288,2022-02-02,0
2020-11-18,61,3349,2022-02-02,0
2020-11-19,60,3409,2022-02-02,0
2020-11-20,63,3472,2022-02-02,0
2020-11-21,58,3530,2022-02-02,0
2020-11-22,67,3597,2022-02-02,0
2020-11-23,59,3656,2022-02-02,0
2020-11-24,69,3725,2022-02-02,0
2020-11-25,72,3797,2022-02-02,0
2020-11-26,54,3851,2022-02-02,0
2020-11-27,69,3920,2022-02-02,0
2020-11-28,62,3982,2022-02-02,0
2020-11-29,68,4050,2022-02-02,0
2020-11-30,61,4111,2022-02-02,0
2020-12-01,64,4175,2022-02-02,0
2020-12-02,73,4248,2022-02-02,0
2020-12-03,86,4334,2022-02-02,0
2020-12-04,67,4401,2022-02-02,0
2020-12-05,74,4475,2022-02-02,0
2020-12-06,80,4555,2022-02-02,0
2020-12-07,75,4630,2022-02-02,0
2020-12-08,61,4691,2022-02-02,0
2020-12-09,71,4762,2022-02-02,0
2020-12-10,72,4834,2022-02-02,0
2020-12-11,71,4905,2022-02-02,0
2020-12-12,72,4977,2022-02-02,0
2020-12-13,56,5033,2022-02-02,0
2020-12-14,43,5076,2022-02-02,0
2020-12-15,65,5141,2022-02-02,0
2020-12-16,74,5215,2022-02-02,0
2020-12-17,60,5275,2022-02-02,0
2020-12-18,59,5334,2022-02-02,0
2020-12-19,56,5390,2022-02-02,0
2020-12-20,61,5451,2022-02-02,0
2020-12-21,58,5509,2022-02-02,0
2020-12-22,33,5542,2022-02-02,0
2020-12-23,46,5588,2022-02-02,0
2020-12-24,50,5638,2022-02-02,0
2020-12-25,36,5674,2022-02-02,0
2020-12-26,43,5717,2022-02-02,0
2020-12-27,41,5758,2022-02-02,0
2020-12-28,34,5792,2022-02-02,0
2020-12-29,37,5829,2022-02-02,0
2020-12-30,47,5876,2022-02-02,0
2020-12-31,36,5912,2022-02-02,0
2021-01-01,28,5940,2022-02-02,0
2021-01-02,49,5989,2022-02-02,0
2021-01-03,37,6026,2022-02-02,0
2021-01-04,32,6058,2022-02-02,0
2021-01-05,40,6098,2022-02-02,0
2021-01-06,32,6130,2022-02-02,0
2021-01-07,38,6168,2022-02-02,0
2021-01-08,32,6200,2022-02-02,0
2021-01-09,26,6226,2022-02-02,0
2021-01-10,30,6256,2022-02-02,0
2021-01-11,26,6282,2022-02-02,0
2021-01-12,32,6314,2022-02-02,0
2021-01-13,23,6337,2022-02-02,0
2021-01-14,42,6379,2022-02-02,0
2021-01-15,26,6405,2022-02-02,0
2021-01-16,30,6435,2022-02-02,0
2021-01-17,21,6456,2022-02-02,0
2021-01-18,19,6475,2022-02-02,0
2021-01-19,14,6489,2022-02-02,0
2021-01-20,26,6515,2022-02-02,0
2021-01-21,16,6531,2022-02-02,0
2021-01-22,14,6545,2022-02-02,0
2021-01-23,17,6562,2022-02-02,0
2021-01-24,24,6586,2022-02-02,0
2021-01-25,19,6605,2022-02-02,0
2021-01-26,21,6626,2022-02-02,0
2021-01-27,11,6637,2022-02-02,0
2021-01-28,12,6649,2022-02-02,0
2021-01-29,15,6664,2022-02-02,0
2021-01-30,13,6677,2022-02-02,0
2021-01-31,16,6693,2022-02-02,0
2021-02-01,17,6710,2022-02-02,0
2021-02-02,10,6720,2022-02-02,0
2021-02-03,11,6731,2022-02-02,0
2021-02-04,11,6742,2022-02-02,0
2021-02-05,12,6754,2022-02-02,0
2021-02-06,12,6766,2022-02-02,0
2021-02-07,19,6785,2022-02-02,0
2021-02-08,11,6796,2022-02-02,0
2021-02-09,15,6811,2022-02-02,0
2021-02-10,14,6825,2022-02-02,0
2021-02-11,7,6832,2022-02-02,0
2021-02-12,13,6845,2022-02-02,0
2021-02-13,8,6853,2022-02-02,0
2021-02-14,10,6863,2022-02-02,0
2021-02-15,9,6872,2022-02-02,0
2021-02-16,12,6884,2022-02-02,0
2021-02-17,10,6894,2022-02-02,0
2021-02-18,7,6901,2022-02-02,0
2021-02-19,6,6907,2022-02-02,0
2021-02-20,7,6914,2022-02-02,0
2021-02-21,4,6918,2022-02-02,0
2021-02-22,5,6923,2022-02-02,0
2021-02-23,9,6932,2022-02-02,0
2021-02-24,5,6937,2022-02-02,0
2021-02-25,5,6942,2022-02-02,0
2021-02-26,7,6949,2022-02-02,0
2021-02-27,6,6955,2022-02-02,0
2021-02-28,8,6963,2022-02-02,0
2021-03-01,7,6970,2022-02-02,0
2021-03-02,3,6973,2022-02-02,0
2021-03-03,10,6983,2022-02-02,0
2021-03-04,6,6989,2022-02-02,0
2021-03-05,10,6999,2022-02-02,0
2021-03-06,5,7004,2022-02-02,0
2021-03-07,9,7013,2022-02-02,0
2021-03-08,5,7018,2022-02-02,0
2021-03-09,7,7025,2022-02-02,0
2021-03-10,5,7030,2022-02-02,0
2021-03-11,4,7034,2022-02-02,0
2021-03-12,11,7045,2022-02-02,0
2021-03-13,5,7050,2022-02-02,0
2021-03-14,5,7055,2022-02-02,0
2021-03-15,2,7057,2022-02-02,0
2021-03-16,6,7063,2022-02-02,0
2021-03-17,4,7067,2022-02-02,0
2021-03-18,5,7072,2022-02-02,0
2021-03-19,5,7077,2022-02-02,0
2021-03-20,9,7086,2022-02-02,0
2021-03-21,5,7091,2022-02-02,0
2021-03-22,4,7095,2022-02-02,0
2021-03-23,5,7100,2022-02-02,0
2021-03-24,1,7101,2022-02-02,0
2021-03-25,5,7106,2022-02-02,0
2021-03-26,3,7109,2022-02-02,0
2021-03-27,7,7116,2022-02-02,0
2021-03-28,6,7122,2022-02-02,0
2021-03-29,5,7127,2022-02-02,0
2021-03-30,6,7133,2022-02-02,0
2021-03-31,8,7141,2022-02-02,0
2021-04-01,6,7147,2022-02-02,0
2021-04-02,9,7156,2022-02-02,0
2021-04-03,8,7164,2022-02-02,0
2021-04-04,6,7170,2022-02-02,0
2021-04-05,8,7178,2022-02-02,0
2021-04-06,7,7185,2022-02-02,0
2021-04-07,6,7191,2022-02-02,0
2021-04-08,10,7201,2022-02-02,0
2021-04-09,7,7208,2022-02-02,0
2021-04-10,7,7215,2022-02-02,0
2021-04-11,8,7223,2022-02-02,0
2021-04-12,10,7233,2022-02-02,0
2021-04-13,7,7240,2022-02-02,0
2021-04-14,8,7248,2022-02-02,0
2021-04-15,14,7262,2022-02-02,0
2021-04-16,8,7270,2022-02-02,0
2021-04-17,8,7278,2022-02-02,0
2021-04-18,8,7286,2022-02-02,0
2021-04-19,10,7296,2022-02-02,0
2021-04-20,5,7301,2022-02-02,0
2021-04-21,8,7309,2022-02-02,0
2021-04-22,3,7312,2022-02-02,0
2021-04-23,15,7327,2022-02-02,0
2021-04-24,11,7338,2022-02-02,0
2021-04-25,15,7353,2022-02-02,0
2021-04-26,15,7368,2022-02-02,0
2021-04-27,7,7375,2022-02-02,0
2021-04-28,14,7389,2022-02-02,0
2021-04-29,8,7397,2022-02-02,0
2021-04-30,11,7408,2022-02-02,0
2021-05-01,7,7415,2022-02-02,0
2021-05-02,8,7423,2022-02-02,0
2021-05-03,5,7428,2022-02-02,0
2021-05-04,13,7441,2022-02-02,0
2021-05-05,8,7449,2022-02-02,0
2021-05-06,5,7454,2022-02-02,0
2021-05-07,8,7462,2022-02-02,0
2021-05-08,7,7469,2022-02-02,0
2021-05-09,9,7478,2022-02-02,0
2021-05-10,8,7486,2022-02-02,0
2021-05-11,6,7492,2022-02-02,0
2021-05-12,9,7501,2022-02-02,0
2021-05-13,9,7510,2022-02-02,0
2021-05-14,11,7521,2022-02-02,0
2021-05-15,10,7531,2022-02-02,0
2021-05-16,6,7537,2022-02-02,0
2021-05-17,6,7543,2022-02-02,0
2021-05-18,7,7550,2022-02-02,0
2021-05-19,2,7552,2022-02-02,0
2021-05-20,5,7557,2022-02-02,0
2021-05-21,7,7564,2022-02-02,0
2021-05-22,12,7576,2022-02-02,0
2021-05-23,5,7581,2022-02-02,0
2021-05-24,5,7586,2022-02-02,0
2021-05-25,6,7592,2022-02-02,0
2021-05-26,3,7595,2022-02-02,0
2021-05-27,7,7602,2022-02-02,0
2021-05-28,2,7604,2022-02-02,0
2021-05-29,6,7610,2022-02-02,0
2021-05-30,4,7614,2022-02-02,0
2021-05-31,3,7617,2022-02-02,0
2021-06-01,5,7622,2022-02-02,0
2021-06-02,8,7630,2022-02-02,0
2021-06-03,4,7634,2022-02-02,0
2021-06-04,4,7638,2022-02-02,0
2021-06-05,2,7640,2022-02-02,0
2021-06-06,5,7645,2022-02-02,0
2021-06-07,3,7648,2022-02-02,0
2021-06-08,5,7653,2022-02-02,0
2021-06-09,4,7657,2022-02-02,0
2021-06-10,6,7663,2022-02-02,0
2021-06-11,6,7669,2022-02-02,0
2021-06-12,4,7673,2022-02-02,0
2021-06-13,4,7677,2022-02-02,0
2021-06-14,3,7680,2022-02-02,0
2021-06-15,2,7682,2022-02-02,0
2021-06-16,2,7684,2022-02-02,0
2021-06-17,4,7688,2022-02-02,0
2021-06-18,1,7689,2022-02-02,0
2021-06-19,6,7695,2022-02-02,0
2021-06-20,1,7696,2022-02-02,0
2021-06-21,5,7701,2022-02-02,0
2021-06-22,3,7704,2022-02-02,0
2021-06-23,4,7708,2022-02-02,0
2021-06-24,3,7711,2022-02-02,0
2021-06-25,3,7714,2022-02-02,0
2021-06-26,4,7718,2022-02-02,0
2021-06-27,2,7720,2022-02-02,0
2021-06-28,2,7722,2022-02-02,0
2021-06-29,2,7724,2022-02-02,0
2021-06-30,2,7726,2022-02-02,0
2021-07-01,0,7726,2022-02-02,0
2021-07-02,2,7728,2022-02-02,0
2021-07-03,2,7730,2022-02-02,0
2021-07-04,3,7733,2022-02-02,0
2021-07-05,1,7734,2022-02-02,0
2021-07-06,5,7739,2022-02-02,0
2021-07-07,1,7740,2022-02-02,0
2021-07-08,1,7741,2022-02-02,0
2021-07-09,0,7741,2022-02-02,0
2021-07-10,1,7742,2022-02-02,0
2021-07-11,3,7745,2022-02-02,0
2021-07-12,1,7746,2022-02-02,0
2021-07-13,2,7748,2022-02-02,0
2021-07-14,2,7750,2022-02-02,0
2021-07-15,2,7752,2022-02-02,0
2021-07-16,1,7753,2022-02-02,0
2021-07-17,1,7754,2022-02-02,0
2021-07-18,0,7754,2022-02-02,0
2021-07-19,0,7754,2022-02-02,0
2021-07-20,2,7756,2022-02-02,0
2021-07-21,3,7759,2022-02-02,0
2021-07-22,2,7761,2022-02-02,0
2021-07-23,3,7764,2022-02-02,0
2021-07-24,0,7764,2022-02-02,0
2021-07-25,2,7766,2022-02-02,0
2021-07-26,1,7767,2022-02-02,0
2021-07-27,2,7769,2022-02-02,0
2021-07-28,3,7772,2022-02-02,0
2021-07-29,2,7774,2022-02-02,0
2021-07-30,5,7779,2022-02-02,0
2021-07-31,4,7783,2022-02-02,0
2021-08-01,1,7784,2022-02-02,0
2021-08-02,3,7787,2022-02-02,0
2021-08-03,2,7789,2022-02-02,0
2021-08-04,3,7792,2022-02-02,0
2021-08-05,2,7794,2022-02-02,0
2021-08-06,8,7802,2022-02-02,0
2021-08-07,3,7805,2022-02-02,0
2021-08-08,3,7808,2022-02-02,0
2021-08-09,3,7811,2022-02-02,0
2021-08-10,2,7813,2022-02-02,0
2021-08-11,2,7815,2022-02-02,0
2021-08-12,7,7822,2022-02-02,0
2021-08-13,5,7827,2022-02-02,0
2021-08-14,6,7833,2022-02-02,0
2021-08-15,0,7833,2022-02-02,0
2021-08-16,7,7840,2022-02-02,0
2021-08-17,7,7847,2022-02-02,0
2021-08-18,9,7856,2022-02-02,0
2021-08-19,2,7858,2022-02-02,0
2021-08-20,3,7861,2022-02-02,0
2021-08-21,5,7866,2022-02-02,0
2021-08-22,7,7873,2022-02-02,0
2021-08-23,5,7878,2022-02-02,0
2021-08-24,12,7890,2022-02-02,0
2021-08-25,7,7897,2022-02-02,0
2021-08-26,2,7899,2022-02-02,0
2021-08-27,6,7905,2022-02-02,0
2021-08-28,11,7916,2022-02-02,0
2021-08-29,11,7927,2022-02-02,0
2021-08-30,8,7935,2022-02-02,0
2021-08-31,8,7943,2022-02-02,1
2021-09-01,6,7949,2022-02-02,0
2021-09-02,6,7955,2022-02-02,0
2021-09-03,9,7964,2022-02-02,0
2021-09-04,9,7973,2022-02-02,0
2021-09-05,10,7983,2022-02-02,0
2021-09-06,8,7991,2022-02-02,0
2021-09-07,7,7998,2022-02-02,0
2021-09-08,11,8009,2022-02-02,0
2021-09-09,5,8014,2022-02-02,0
2021-09-10,9,8023,2022-02-02,0
2021-09-11,17,8040,2022-02-02,0
2021-09-12,10,8050,2022-02-02,0
2021-09-13,8,8058,2022-02-02,0
2021-09-14,11,8069,2022-02-02,0
2021-09-15,14,8083,2022-02-02,0
2021-09-16,16,8099,2022-02-02,0
2021-09-17,8,8107,2022-02-02,0
2021-09-18,14,8121,2022-02-02,0
2021-09-19,11,8132,2022-02-02,0
2021-09-20,16,8148,2022-02-02,0
2021-09-21,15,8163,2022-02-02,0
2021-09-22,17,8180,2022-02-02,0
2021-09-23,13,8193,2022-02-02,0
2021-09-24,13,8206,2022-02-02,0
2021-09-25,16,8222,2022-02-02,0
2021-09-26,15,8237,2022-02-02,0
2021-09-27,15,8252,2022-02-02,0
2021-09-28,11,8263,2022-02-02,0
2021-09-29,20,8283,2022-02-02,0
2021-09-30,17,8300,2022-02-02,0
2021-10-01,13,8313,2022-02-02,0
2021-10-02,15,8328,2022-02-02,0
2021-10-03,23,8351,2022-02-02,0
2021-10-04,15,8366,2022-02-02,0
2021-10-05,23,8389,2022-02-02,0
2021-10-06,21,8410,2022-02-02,0
2021-10-07,14,8424,2022-02-02,0
2021-10-08,22,8446,2022-02-02,0
2021-10-09,20,8466,2022-02-02,0
2021-10-10,13,8479,2022-02-02,0
2021-10-11,11,8490,2022-02-02,0
2021-10-12,25,8515,2022-02-02,0
2021-10-13,21,8536,2022-02-02,0
2021-10-14,22,8558,2022-02-02,0
2021-10-15,14,8572,2022-02-02,0
2021-10-16,20,8592,2022-02-02,0
2021-10-17,17,8609,2022-02-02,0
2021-10-18,17,8626,2022-02-02,0
2021-10-19,25,8651,2022-02-02,0
2021-10-20,16,8667,2022-02-02,0
2021-10-21,9,8676,2022-02-02,0
2021-10-22,23,8699,2022-02-02,0
2021-10-23,24,8723,2022-02-02,0
2021-10-24,25,8748,2022-02-02,0
2021-10-25,20,8768,2022-02-02,0
2021-10-26,22,8790,2022-02-02,0
2021-10-27,16,8806,2022-02-02,0
2021-10-28,24,8830,2022-02-02,0
2021-10-29,20,8850,2022-02-02,0
2021-10-30,19,8869,2022-02-02,0
2021-10-31,26,8895,2022-02-02,0
2021-11-01,18,8913,2022-02-02,0
2021-11-02,18,8931,2022-02-02,0
2021-11-03,27,8958,2022-02-02,0
2021-11-04,27,8985,2022-02-02,0
2021-11-05,29,9014,2022-02-02,0
2021-11-06,16,9030,2022-02-02,0
2021-11-07,24,9054,2022-02-02,0
2021-11-08,27,9081,2022-02-02,0
2021-11-09,16,9097,2022-02-02,0
2021-11-10,18,9115,2022-02-02,0
2021-11-11,28,9143,2022-02-02,0
2021-11-12,29,9172,2022-02-02,0
2021-11-13,31,9203,2022-02-02,0
2021-11-14,24,9227,2022-02-02,0
2021-11-15,28,9255,2022-02-02,0
2021-11-16,25,9280,2022-02-02,0
2021-11-17,37,9317,2022-02-02,0
2021-11-18,36,9353,2022-02-02,0
2021-11-19,34,9387,2022-02-02,0
2021-11-20,30,9417,2022-02-02,0
2021-11-21,32,9449,2022-02-02,0
2021-11-22,29,9478,2022-02-02,0
2021-11-23,31,9509,2022-02-02,0
2021-11-24,25,9534,2022-02-02,0
2021-11-25,35,9569,2022-02-02,0
2021-11-26,50,9619,2022-02-02,0
2021-11-27,36,9655,2022-02-02,0
2021-11-28,39,9694,2022-02-02,0
2021-11-29,29,9723,2022-02-02,0
2021-11-30,30,9753,2022-02-02,0
2021-12-01,47,9800,2022-02-02,0
2021-12-02,40,9840,2022-02-02,0
2021-12-03,31,9871,2022-02-02,0
2021-12-04,42,9913,2022-02-02,0
2021-12-05,35,9948,2022-02-02,0
2021-12-06,34,9982,2022-02-02,0
2021-12-07,34,10016,2022-02-02,0
2021-12-08,38,10054,2022-02-02,0
2021-12-09,47,10101,2022-02-02,0
2021-12-10,34,10135,2022-02-02,0
2021-12-11,27,10162,2022-02-02,1
2021-12-12,36,10198,2022-02-02,0
2021-12-13,32,10230,2022-02-02,0
2021-12-14,35,10265,2022-02-02,0
2021-12-15,40,10305,2022-02-02,0
2021-12-16,31,10336,2022-02-02,0
2021-12-17,39,10375,2022-02-02,0
2021-12-18,32,10407,2022-02-02,1
2021-12-19,30,10437,2022-02-02,0
2021-12-20,33,10470,2022-02-02,0
2021-12-21,28,10498,2022-02-02,1
2021-12-22,28,10526,2022-02-02,0
2021-12-23,26,10552,2022-02-02,0
2021-12-24,29,10581,2022-02-02,0
2021-12-25,28,10609,2022-02-02,0
2021-12-26,42,10651,2022-02-02,0
2021-12-27,31,10682,2022-02-02,0
2021-12-28,34,10716,2022-02-02,0
2021-12-29,29,10745,2022-02-02,0
2021-12-30,19,10764,2022-02-02,0
2021-12-31,38,10802,2022-02-02,0
2022-01-01,27,10829,2022-02-02,1
2022-01-02,22,10851,2022-02-02,0
2022-01-03,21,10872,2022-02-02,0
2022-01-04,29,10901,2022-02-02,0
2022-01-05,30,10931,2022-02-02,0
2022-01-06,31,10962,2022-02-02,0
2022-01-07,27,10989,2022-02-02,0
2022-01-08,40,11029,2022-02-02,1
2022-01-09,18,11047,2022-02-02,0
2022-01-10,29,11076,2022-02-02,0
2022-01-11,17,11093,2022-02-02,0
2022-01-12,17,11110,2022-02-02,0
2022-01-13,26,11136,2022-02-02,1
2022-01-14,32,11168,2022-02-02,1
2022-01-15,25,11193,2022-02-02,0
2022-01-16,29,11222,2022-02-02,0
2022-01-17,33,11255,2022-02-02,1
2022-01-18,22,11277,2022-02-02,0
2022-01-19,26,11303,2022-02-02,1
2022-01-20,29,11332,2022-02-02,0
2022-01-21,22,11354,2022-02-02,1
2022-01-22,21,11375,2022-02-02,2
2022-01-23,21,11396,2022-02-02,4
2022-01-24,26,11422,2022-02-02,1
2022-01-25,27,11449,2022-02-02,6
2022-01-26,26,11475,2022-02-02,8
2022-01-27,23,11498,2022-02-02,9
2022-01-28,10,11508,2022-02-02,10
2022-01-29,3,11511,2022-02-02,3
2022-01-30,4,11515,2022-02-02,4
2022-01-31,1,11516,2022-02-02,1
NA,0,11516,2022-02-02,0
2020-03-19,1,1,2022-02-03,0
2020-03-20,0,1,2022-02-03,0
2020-03-21,0,1,2022-02-03,0
2020-03-22,0,1,2022-02-03,0
2020-03-23,0,1,2022-02-03,0
2020-03-24,1,2,2022-02-03,0
2020-03-25,1,3,2022-02-03,0
2020-03-26,1,4,2022-02-03,0
2020-03-27,5,9,2022-02-03,0
2020-03-28,3,12,2022-02-03,0
2020-03-29,0,12,2022-02-03,0
2020-03-30,5,17,2022-02-03,0
2020-03-31,2,19,2022-02-03,0
2020-04-01,5,24,2022-02-03,0
2020-04-02,3,27,2022-02-03,0
2020-04-03,1,28,2022-02-03,0
2020-04-04,5,33,2022-02-03,0
2020-04-05,5,38,2022-02-03,0
2020-04-06,10,48,2022-02-03,0
2020-04-07,6,54,2022-02-03,0
2020-04-08,7,61,2022-02-03,0
2020-04-09,8,69,2022-02-03,0
2020-04-10,6,75,2022-02-03,0
2020-04-11,4,79,2022-02-03,0
2020-04-12,4,83,2022-02-03,0
2020-04-13,10,93,2022-02-03,0
2020-04-14,6,99,2022-02-03,0
2020-04-15,17,116,2022-02-03,0
2020-04-16,10,126,2022-02-03,0
2020-04-17,17,143,2022-02-03,0
2020-04-18,17,160,2022-02-03,0
2020-04-19,16,176,2022-02-03,0
2020-04-20,21,197,2022-02-03,0
2020-04-21,26,223,2022-02-03,0
2020-04-22,21,244,2022-02-03,0
2020-04-23,19,263,2022-02-03,0
2020-04-24,23,286,2022-02-03,0
2020-04-25,18,304,2022-02-03,0
2020-04-26,17,321,2022-02-03,0
2020-04-27,21,342,2022-02-03,0
2020-04-28,16,358,2022-02-03,0
2020-04-29,29,387,2022-02-03,0
2020-04-30,18,405,2022-02-03,0
2020-05-01,30,435,2022-02-03,0
2020-05-02,19,454,2022-02-03,0
2020-05-03,29,483,2022-02-03,0
2020-05-04,23,506,2022-02-03,0
2020-05-05,19,525,2022-02-03,0
2020-05-06,25,550,2022-02-03,0
2020-05-07,30,580,2022-02-03,0
2020-05-08,20,600,2022-02-03,0
2020-05-09,26,626,2022-02-03,0
2020-05-10,19,645,2022-02-03,0
2020-05-11,25,670,2022-02-03,0
2020-05-12,20,690,2022-02-03,0
2020-05-13,22,712,2022-02-03,0
2020-05-14,20,732,2022-02-03,0
2020-05-15,20,752,2022-02-03,0
2020-05-16,20,772,2022-02-03,0
2020-05-17,23,795,2022-02-03,0
2020-05-18,18,813,2022-02-03,0
2020-05-19,35,848,2022-02-03,0
2020-05-20,24,872,2022-02-03,0
2020-05-21,17,889,2022-02-03,0
2020-05-22,20,909,2022-02-03,0
2020-05-23,26,935,2022-02-03,0
2020-05-24,25,960,2022-02-03,0
2020-05-25,30,990,2022-02-03,0
2020-05-26,29,1019,2022-02-03,0
2020-05-27,25,1044,2022-02-03,0
2020-05-28,21,1065,2022-02-03,0
2020-05-29,17,1082,2022-02-03,0
2020-05-30,11,1093,2022-02-03,0
2020-05-31,20,1113,2022-02-03,0
2020-06-01,23,1136,2022-02-03,0
2020-06-02,21,1157,2022-02-03,0
2020-06-03,25,1182,2022-02-03,0
2020-06-04,26,1208,2022-02-03,0
2020-06-05,18,1226,2022-02-03,0
2020-06-06,12,1238,2022-02-03,0
2020-06-07,22,1260,2022-02-03,0
2020-06-08,12,1272,2022-02-03,0
2020-06-09,13,1285,2022-02-03,0
2020-06-10,10,1295,2022-02-03,0
2020-06-11,12,1307,2022-02-03,0
2020-06-12,11,1318,2022-02-03,0
2020-06-13,13,1331,2022-02-03,0
2020-06-14,11,1342,2022-02-03,0
2020-06-15,8,1350,2022-02-03,0
2020-06-16,9,1359,2022-02-03,0
2020-06-17,17,1376,2022-02-03,0
2020-06-18,9,1385,2022-02-03,0
2020-06-19,8,1393,2022-02-03,0
2020-06-20,12,1405,2022-02-03,0
2020-06-21,11,1416,2022-02-03,0
2020-06-22,6,1422,2022-02-03,0
2020-06-23,10,1432,2022-02-03,0
2020-06-24,1,1433,2022-02-03,0
2020-06-25,9,1442,2022-02-03,0
2020-06-26,6,1448,2022-02-03,0
2020-06-27,5,1453,2022-02-03,0
2020-06-28,11,1464,2022-02-03,0
2020-06-29,7,1471,2022-02-03,0
2020-06-30,9,1480,2022-02-03,0
2020-07-01,2,1482,2022-02-03,0
2020-07-02,3,1485,2022-02-03,0
2020-07-03,5,1490,2022-02-03,0
2020-07-04,4,1494,2022-02-03,0
2020-07-05,6,1500,2022-02-03,0
2020-07-06,4,1504,2022-02-03,0
2020-07-07,2,1506,2022-02-03,0
2020-07-08,9,1515,2022-02-03,0
2020-07-09,4,1519,2022-02-03,0
2020-07-10,3,1522,2022-02-03,0
2020-07-11,4,1526,2022-02-03,0
2020-07-12,6,1532,2022-02-03,0
2020-07-13,2,1534,2022-02-03,0
2020-07-14,6,1540,2022-02-03,0
2020-07-15,7,1547,2022-02-03,0
2020-07-16,3,1550,2022-02-03,0
2020-07-17,7,1557,2022-02-03,0
2020-07-18,6,1563,2022-02-03,0
2020-07-19,5,1568,2022-02-03,0
2020-07-20,3,1571,2022-02-03,0
2020-07-21,6,1577,2022-02-03,0
2020-07-22,5,1582,2022-02-03,0
2020-07-23,8,1590,2022-02-03,0
2020-07-24,6,1596,2022-02-03,0
2020-07-25,2,1598,2022-02-03,0
2020-07-26,5,1603,2022-02-03,0
2020-07-27,5,1608,2022-02-03,0
2020-07-28,7,1615,2022-02-03,0
2020-07-29,3,1618,2022-02-03,0
2020-07-30,6,1624,2022-02-03,0
2020-07-31,9,1633,2022-02-03,0
2020-08-01,4,1637,2022-02-03,0
2020-08-02,7,1644,2022-02-03,0
2020-08-03,4,1648,2022-02-03,0
2020-08-04,7,1655,2022-02-03,0
2020-08-05,8,1663,2022-02-03,0
2020-08-06,9,1672,2022-02-03,0
2020-08-07,7,1679,2022-02-03,0
2020-08-08,6,1685,2022-02-03,0
2020-08-09,10,1695,2022-02-03,0
2020-08-10,3,1698,2022-02-03,0
2020-08-11,9,1707,2022-02-03,0
2020-08-12,7,1714,2022-02-03,0
2020-08-13,5,1719,2022-02-03,0
2020-08-14,9,1728,2022-02-03,0
2020-08-15,13,1741,2022-02-03,0
2020-08-16,13,1754,2022-02-03,0
2020-08-17,6,1760,2022-02-03,0
2020-08-18,11,1771,2022-02-03,0
2020-08-19,3,1774,2022-02-03,0
2020-08-20,10,1784,2022-02-03,0
2020-08-21,12,1796,2022-02-03,0
2020-08-22,9,1805,2022-02-03,0
2020-08-23,7,1812,2022-02-03,0
2020-08-24,9,1821,2022-02-03,0
2020-08-25,4,1825,2022-02-03,0
2020-08-26,3,1828,2022-02-03,0
2020-08-27,7,1835,2022-02-03,0
2020-08-28,6,1841,2022-02-03,0
2020-08-29,3,1844,2022-02-03,0
2020-08-30,5,1849,2022-02-03,0
2020-08-31,9,1858,2022-02-03,0
2020-09-01,2,1860,2022-02-03,0
2020-09-02,7,1867,2022-02-03,0
2020-09-03,12,1879,2022-02-03,0
2020-09-04,4,1883,2022-02-03,0
2020-09-05,6,1889,2022-02-03,0
2020-09-06,12,1901,2022-02-03,0
2020-09-07,3,1904,2022-02-03,0
2020-09-08,6,1910,2022-02-03,0
2020-09-09,10,1920,2022-02-03,0
2020-09-10,9,1929,2022-02-03,0
2020-09-11,11,1940,2022-02-03,0
2020-09-12,8,1948,2022-02-03,0
2020-09-13,8,1956,2022-02-03,0
2020-09-14,2,1958,2022-02-03,0
2020-09-15,7,1965,2022-02-03,0
2020-09-16,9,1974,2022-02-03,0
2020-09-17,5,1979,2022-02-03,0
2020-09-18,6,1985,2022-02-03,0
2020-09-19,4,1989,2022-02-03,0
2020-09-20,9,1998,2022-02-03,0
2020-09-21,7,2005,2022-02-03,0
2020-09-22,8,2013,2022-02-03,0
2020-09-23,9,2022,2022-02-03,0
2020-09-24,8,2030,2022-02-03,0
2020-09-25,11,2041,2022-02-03,0
2020-09-26,9,2050,2022-02-03,0
2020-09-27,14,2064,2022-02-03,0
2020-09-28,11,2075,2022-02-03,0
2020-09-29,5,2080,2022-02-03,0
2020-09-30,16,2096,2022-02-03,0
2020-10-01,7,2103,2022-02-03,0
2020-10-02,13,2116,2022-02-03,0
2020-10-03,9,2125,2022-02-03,0
2020-10-04,7,2132,2022-02-03,0
2020-10-05,10,2142,2022-02-03,0
2020-10-06,13,2155,2022-02-03,0
2020-10-07,19,2174,2022-02-03,0
2020-10-08,9,2183,2022-02-03,0
2020-10-09,17,2200,2022-02-03,0
2020-10-10,16,2216,2022-02-03,0
2020-10-11,16,2232,2022-02-03,0
2020-10-12,20,2252,2022-02-03,0
2020-10-13,14,2266,2022-02-03,0
2020-10-14,10,2276,2022-02-03,0
2020-10-15,9,2285,2022-02-03,0
2020-10-16,12,2297,2022-02-03,0
2020-10-17,18,2315,2022-02-03,0
2020-10-18,25,2340,2022-02-03,0
2020-10-19,18,2358,2022-02-03,0
2020-10-20,15,2373,2022-02-03,0
2020-10-21,24,2397,2022-02-03,0
2020-10-22,18,2415,2022-02-03,0
2020-10-23,19,2434,2022-02-03,0
2020-10-24,8,2442,2022-02-03,0
2020-10-25,17,2459,2022-02-03,0
2020-10-26,25,2484,2022-02-03,0
2020-10-27,23,2507,2022-02-03,0
2020-10-28,29,2536,2022-02-03,0
2020-10-29,18,2554,2022-02-03,0
2020-10-30,27,2581,2022-02-03,0
2020-10-31,25,2606,2022-02-03,0
2020-11-01,21,2627,2022-02-03,0
2020-11-02,25,2652,2022-02-03,0
2020-11-03,25,2677,2022-02-03,0
2020-11-04,33,2710,2022-02-03,0
2020-11-05,38,2748,2022-02-03,0
2020-11-06,39,2787,2022-02-03,0
2020-11-07,42,2829,2022-02-03,0
2020-11-08,47,2876,2022-02-03,0
2020-11-09,37,2913,2022-02-03,0
2020-11-10,35,2948,2022-02-03,0
2020-11-11,43,2991,2022-02-03,0
2020-11-12,45,3036,2022-02-03,0
2020-11-13,40,3076,2022-02-03,0
2020-11-14,48,3124,2022-02-03,0
2020-11-15,46,3170,2022-02-03,0
2020-11-16,62,3232,2022-02-03,0
2020-11-17,56,3288,2022-02-03,0
2020-11-18,61,3349,2022-02-03,0
2020-11-19,60,3409,2022-02-03,0
2020-11-20,63,3472,2022-02-03,0
2020-11-21,58,3530,2022-02-03,0
2020-11-22,67,3597,2022-02-03,0
2020-11-23,59,3656,2022-02-03,0
2020-11-24,69,3725,2022-02-03,0
2020-11-25,72,3797,2022-02-03,0
2020-11-26,54,3851,2022-02-03,0
2020-11-27,69,3920,2022-02-03,0
2020-11-28,62,3982,2022-02-03,0
2020-11-29,68,4050,2022-02-03,0
2020-11-30,61,4111,2022-02-03,0
2020-12-01,64,4175,2022-02-03,0
2020-12-02,73,4248,2022-02-03,0
2020-12-03,86,4334,2022-02-03,0
2020-12-04,67,4401,2022-02-03,0
2020-12-05,74,4475,2022-02-03,0
2020-12-06,80,4555,2022-02-03,0
2020-12-07,75,4630,2022-02-03,0
2020-12-08,61,4691,2022-02-03,0
2020-12-09,71,4762,2022-02-03,0
2020-12-10,72,4834,2022-02-03,0
2020-12-11,71,4905,2022-02-03,0
2020-12-12,72,4977,2022-02-03,0
2020-12-13,56,5033,2022-02-03,0
2020-12-14,43,5076,2022-02-03,0
2020-12-15,65,5141,2022-02-03,0
2020-12-16,74,5215,2022-02-03,0
2020-12-17,60,5275,2022-02-03,0
2020-12-18,59,5334,2022-02-03,0
2020-12-19,56,5390,2022-02-03,0
2020-12-20,61,5451,2022-02-03,0
2020-12-21,58,5509,2022-02-03,0
2020-12-22,33,5542,2022-02-03,0
2020-12-23,46,5588,2022-02-03,0
2020-12-24,50,5638,2022-02-03,0
2020-12-25,36,5674,2022-02-03,0
2020-12-26,43,5717,2022-02-03,0
2020-12-27,41,5758,2022-02-03,0
2020-12-28,34,5792,2022-02-03,0
2020-12-29,37,5829,2022-02-03,0
2020-12-30,47,5876,2022-02-03,0
2020-12-31,36,5912,2022-02-03,0
2021-01-01,28,5940,2022-02-03,0
2021-01-02,49,5989,2022-02-03,0
2021-01-03,37,6026,2022-02-03,0
2021-01-04,32,6058,2022-02-03,0
2021-01-05,40,6098,2022-02-03,0
2021-01-06,32,6130,2022-02-03,0
2021-01-07,38,6168,2022-02-03,0
2021-01-08,32,6200,2022-02-03,0
2021-01-09,26,6226,2022-02-03,0
2021-01-10,30,6256,2022-02-03,0
2021-01-11,26,6282,2022-02-03,0
2021-01-12,32,6314,2022-02-03,0
2021-01-13,23,6337,2022-02-03,0
2021-01-14,42,6379,2022-02-03,0
2021-01-15,26,6405,2022-02-03,0
2021-01-16,30,6435,2022-02-03,0
2021-01-17,21,6456,2022-02-03,0
2021-01-18,19,6475,2022-02-03,0
2021-01-19,14,6489,2022-02-03,0
2021-01-20,26,6515,2022-02-03,0
2021-01-21,16,6531,2022-02-03,0
2021-01-22,14,6545,2022-02-03,0
2021-01-23,17,6562,2022-02-03,0
2021-01-24,24,6586,2022-02-03,0
2021-01-25,19,6605,2022-02-03,0
2021-01-26,21,6626,2022-02-03,0
2021-01-27,11,6637,2022-02-03,0
2021-01-28,12,6649,2022-02-03,0
2021-01-29,15,6664,2022-02-03,0
2021-01-30,13,6677,2022-02-03,0
2021-01-31,16,6693,2022-02-03,0
2021-02-01,17,6710,2022-02-03,0
2021-02-02,10,6720,2022-02-03,0
2021-02-03,11,6731,2022-02-03,0
2021-02-04,11,6742,2022-02-03,0
2021-02-05,12,6754,2022-02-03,0
2021-02-06,12,6766,2022-02-03,0
2021-02-07,19,6785,2022-02-03,0
2021-02-08,11,6796,2022-02-03,0
2021-02-09,15,6811,2022-02-03,0
2021-02-10,14,6825,2022-02-03,0
2021-02-11,7,6832,2022-02-03,0
2021-02-12,13,6845,2022-02-03,0
2021-02-13,8,6853,2022-02-03,0
2021-02-14,10,6863,2022-02-03,0
2021-02-15,9,6872,2022-02-03,0
2021-02-16,12,6884,2022-02-03,0
2021-02-17,10,6894,2022-02-03,0
2021-02-18,7,6901,2022-02-03,0
2021-02-19,6,6907,2022-02-03,0
2021-02-20,7,6914,2022-02-03,0
2021-02-21,4,6918,2022-02-03,0
2021-02-22,5,6923,2022-02-03,0
2021-02-23,9,6932,2022-02-03,0
2021-02-24,5,6937,2022-02-03,0
2021-02-25,5,6942,2022-02-03,0
2021-02-26,7,6949,2022-02-03,0
2021-02-27,6,6955,2022-02-03,0
2021-02-28,8,6963,2022-02-03,0
2021-03-01,7,6970,2022-02-03,0
2021-03-02,3,6973,2022-02-03,0
2021-03-03,10,6983,2022-02-03,0
2021-03-04,6,6989,2022-02-03,0
2021-03-05,10,6999,2022-02-03,0
2021-03-06,5,7004,2022-02-03,0
2021-03-07,9,7013,2022-02-03,0
2021-03-08,5,7018,2022-02-03,0
2021-03-09,7,7025,2022-02-03,0
2021-03-10,5,7030,2022-02-03,0
2021-03-11,4,7034,2022-02-03,0
2021-03-12,11,7045,2022-02-03,0
2021-03-13,5,7050,2022-02-03,0
2021-03-14,5,7055,2022-02-03,0
2021-03-15,2,7057,2022-02-03,0
2021-03-16,6,7063,2022-02-03,0
2021-03-17,4,7067,2022-02-03,0
2021-03-18,5,7072,2022-02-03,0
2021-03-19,5,7077,2022-02-03,0
2021-03-20,9,7086,2022-02-03,0
2021-03-21,5,7091,2022-02-03,0
2021-03-22,4,7095,2022-02-03,0
2021-03-23,5,7100,2022-02-03,0
2021-03-24,1,7101,2022-02-03,0
2021-03-25,5,7106,2022-02-03,0
2021-03-26,3,7109,2022-02-03,0
2021-03-27,7,7116,2022-02-03,0
2021-03-28,6,7122,2022-02-03,0
2021-03-29,5,7127,2022-02-03,0
2021-03-30,6,7133,2022-02-03,0
2021-03-31,8,7141,2022-02-03,0
2021-04-01,6,7147,2022-02-03,0
2021-04-02,9,7156,2022-02-03,0
2021-04-03,8,7164,2022-02-03,0
2021-04-04,6,7170,2022-02-03,0
2021-04-05,8,7178,2022-02-03,0
2021-04-06,7,7185,2022-02-03,0
2021-04-07,6,7191,2022-02-03,0
2021-04-08,10,7201,2022-02-03,0
2021-04-09,7,7208,2022-02-03,0
2021-04-10,7,7215,2022-02-03,0
2021-04-11,8,7223,2022-02-03,0
2021-04-12,10,7233,2022-02-03,0
2021-04-13,7,7240,2022-02-03,0
2021-04-14,8,7248,2022-02-03,0
2021-04-15,14,7262,2022-02-03,0
2021-04-16,8,7270,2022-02-03,0
2021-04-17,8,7278,2022-02-03,0
2021-04-18,8,7286,2022-02-03,0
2021-04-19,10,7296,2022-02-03,0
2021-04-20,5,7301,2022-02-03,0
2021-04-21,8,7309,2022-02-03,0
2021-04-22,3,7312,2022-02-03,0
2021-04-23,15,7327,2022-02-03,0
2021-04-24,11,7338,2022-02-03,0
2021-04-25,15,7353,2022-02-03,0
2021-04-26,15,7368,2022-02-03,0
2021-04-27,7,7375,2022-02-03,0
2021-04-28,14,7389,2022-02-03,0
2021-04-29,8,7397,2022-02-03,0
2021-04-30,11,7408,2022-02-03,0
2021-05-01,7,7415,2022-02-03,0
2021-05-02,8,7423,2022-02-03,0
2021-05-03,5,7428,2022-02-03,0
2021-05-04,13,7441,2022-02-03,0
2021-05-05,8,7449,2022-02-03,0
2021-05-06,5,7454,2022-02-03,0
2021-05-07,8,7462,2022-02-03,0
2021-05-08,7,7469,2022-02-03,0
2021-05-09,9,7478,2022-02-03,0
2021-05-10,8,7486,2022-02-03,0
2021-05-11,6,7492,2022-02-03,0
2021-05-12,9,7501,2022-02-03,0
2021-05-13,9,7510,2022-02-03,0
2021-05-14,11,7521,2022-02-03,0
2021-05-15,10,7531,2022-02-03,0
2021-05-16,6,7537,2022-02-03,0
2021-05-17,6,7543,2022-02-03,0
2021-05-18,7,7550,2022-02-03,0
2021-05-19,2,7552,2022-02-03,0
2021-05-20,5,7557,2022-02-03,0
2021-05-21,7,7564,2022-02-03,0
2021-05-22,12,7576,2022-02-03,0
2021-05-23,5,7581,2022-02-03,0
2021-05-24,5,7586,2022-02-03,0
2021-05-25,6,7592,2022-02-03,0
2021-05-26,3,7595,2022-02-03,0
2021-05-27,7,7602,2022-02-03,0
2021-05-28,2,7604,2022-02-03,0
2021-05-29,6,7610,2022-02-03,0
2021-05-30,4,7614,2022-02-03,0
2021-05-31,3,7617,2022-02-03,0
2021-06-01,5,7622,2022-02-03,0
2021-06-02,8,7630,2022-02-03,0
2021-06-03,4,7634,2022-02-03,0
2021-06-04,4,7638,2022-02-03,0
2021-06-05,2,7640,2022-02-03,0
2021-06-06,5,7645,2022-02-03,0
2021-06-07,3,7648,2022-02-03,0
2021-06-08,5,7653,2022-02-03,0
2021-06-09,4,7657,2022-02-03,0
2021-06-10,6,7663,2022-02-03,0
2021-06-11,6,7669,2022-02-03,0
2021-06-12,4,7673,2022-02-03,0
2021-06-13,4,7677,2022-02-03,0
2021-06-14,3,7680,2022-02-03,0
2021-06-15,2,7682,2022-02-03,0
2021-06-16,2,7684,2022-02-03,0
2021-06-17,4,7688,2022-02-03,0
2021-06-18,1,7689,2022-02-03,0
2021-06-19,6,7695,2022-02-03,0
2021-06-20,1,7696,2022-02-03,0
2021-06-21,5,7701,2022-02-03,0
2021-06-22,3,7704,2022-02-03,0
2021-06-23,4,7708,2022-02-03,0
2021-06-24,3,7711,2022-02-03,0
2021-06-25,3,7714,2022-02-03,0
2021-06-26,4,7718,2022-02-03,0
2021-06-27,2,7720,2022-02-03,0
2021-06-28,2,7722,2022-02-03,0
2021-06-29,2,7724,2022-02-03,0
2021-06-30,2,7726,2022-02-03,0
2021-07-01,0,7726,2022-02-03,0
2021-07-02,2,7728,2022-02-03,0
2021-07-03,2,7730,2022-02-03,0
2021-07-04,3,7733,2022-02-03,0
2021-07-05,1,7734,2022-02-03,0
2021-07-06,5,7739,2022-02-03,0
2021-07-07,1,7740,2022-02-03,0
2021-07-08,1,7741,2022-02-03,0
2021-07-09,0,7741,2022-02-03,0
2021-07-10,1,7742,2022-02-03,0
2021-07-11,3,7745,2022-02-03,0
2021-07-12,1,7746,2022-02-03,0
2021-07-13,2,7748,2022-02-03,0
2021-07-14,2,7750,2022-02-03,0
2021-07-15,2,7752,2022-02-03,0
2021-07-16,1,7753,2022-02-03,0
2021-07-17,1,7754,2022-02-03,0
2021-07-18,0,7754,2022-02-03,0
2021-07-19,0,7754,2022-02-03,0
2021-07-20,2,7756,2022-02-03,0
2021-07-21,3,7759,2022-02-03,0
2021-07-22,2,7761,2022-02-03,0
2021-07-23,3,7764,2022-02-03,0
2021-07-24,0,7764,2022-02-03,0
2021-07-25,2,7766,2022-02-03,0
2021-07-26,1,7767,2022-02-03,0
2021-07-27,2,7769,2022-02-03,0
2021-07-28,3,7772,2022-02-03,0
2021-07-29,2,7774,2022-02-03,0
2021-07-30,5,7779,2022-02-03,0
2021-07-31,4,7783,2022-02-03,0
2021-08-01,1,7784,2022-02-03,0
2021-08-02,3,7787,2022-02-03,0
2021-08-03,2,7789,2022-02-03,0
2021-08-04,3,7792,2022-02-03,0
2021-08-05,2,7794,2022-02-03,0
2021-08-06,8,7802,2022-02-03,0
2021-08-07,3,7805,2022-02-03,0
2021-08-08,3,7808,2022-02-03,0
2021-08-09,3,7811,2022-02-03,0
2021-08-10,2,7813,2022-02-03,0
2021-08-11,2,7815,2022-02-03,0
2021-08-12,7,7822,2022-02-03,0
2021-08-13,5,7827,2022-02-03,0
2021-08-14,6,7833,2022-02-03,0
2021-08-15,0,7833,2022-02-03,0
2021-08-16,7,7840,2022-02-03,0
2021-08-17,7,7847,2022-02-03,0
2021-08-18,9,7856,2022-02-03,0
2021-08-19,2,7858,2022-02-03,0
2021-08-20,3,7861,2022-02-03,0
2021-08-21,5,7866,2022-02-03,0
2021-08-22,7,7873,2022-02-03,0
2021-08-23,5,7878,2022-02-03,0
2021-08-24,12,7890,2022-02-03,0
2021-08-25,7,7897,2022-02-03,0
2021-08-26,2,7899,2022-02-03,0
2021-08-27,6,7905,2022-02-03,0
2021-08-28,11,7916,2022-02-03,0
2021-08-29,11,7927,2022-02-03,0
2021-08-30,8,7935,2022-02-03,0
2021-08-31,8,7943,2022-02-03,0
2021-09-01,6,7949,2022-02-03,0
2021-09-02,6,7955,2022-02-03,0
2021-09-03,9,7964,2022-02-03,0
2021-09-04,9,7973,2022-02-03,0
2021-09-05,10,7983,2022-02-03,0
2021-09-06,8,7991,2022-02-03,0
2021-09-07,7,7998,2022-02-03,0
2021-09-08,11,8009,2022-02-03,0
2021-09-09,5,8014,2022-02-03,0
2021-09-10,9,8023,2022-02-03,0
2021-09-11,17,8040,2022-02-03,0
2021-09-12,10,8050,2022-02-03,0
2021-09-13,8,8058,2022-02-03,0
2021-09-14,11,8069,2022-02-03,0
2021-09-15,14,8083,2022-02-03,0
2021-09-16,16,8099,2022-02-03,0
2021-09-17,8,8107,2022-02-03,0
2021-09-18,14,8121,2022-02-03,0
2021-09-19,11,8132,2022-02-03,0
2021-09-20,16,8148,2022-02-03,0
2021-09-21,15,8163,2022-02-03,0
2021-09-22,17,8180,2022-02-03,0
2021-09-23,13,8193,2022-02-03,0
2021-09-24,13,8206,2022-02-03,0
2021-09-25,16,8222,2022-02-03,0
2021-09-26,15,8237,2022-02-03,0
2021-09-27,15,8252,2022-02-03,0
2021-09-28,11,8263,2022-02-03,0
2021-09-29,20,8283,2022-02-03,0
2021-09-30,17,8300,2022-02-03,0
2021-10-01,13,8313,2022-02-03,0
2021-10-02,15,8328,2022-02-03,0
2021-10-03,23,8351,2022-02-03,0
2021-10-04,15,8366,2022-02-03,0
2021-10-05,23,8389,2022-02-03,0
2021-10-06,21,8410,2022-02-03,0
2021-10-07,14,8424,2022-02-03,0
2021-10-08,22,8446,2022-02-03,0
2021-10-09,20,8466,2022-02-03,0
2021-10-10,13,8479,2022-02-03,0
2021-10-11,11,8490,2022-02-03,0
2021-10-12,25,8515,2022-02-03,0
2021-10-13,21,8536,2022-02-03,0
2021-10-14,22,8558,2022-02-03,0
2021-10-15,14,8572,2022-02-03,0
2021-10-16,20,8592,2022-02-03,0
2021-10-17,17,8609,2022-02-03,0
2021-10-18,17,8626,2022-02-03,0
2021-10-19,25,8651,2022-02-03,0
2021-10-20,16,8667,2022-02-03,0
2021-10-21,9,8676,2022-02-03,0
2021-10-22,23,8699,2022-02-03,0
2021-10-23,24,8723,2022-02-03,0
2021-10-24,25,8748,2022-02-03,0
2021-10-25,20,8768,2022-02-03,0
2021-10-26,22,8790,2022-02-03,0
2021-10-27,16,8806,2022-02-03,0
2021-10-28,24,8830,2022-02-03,0
2021-10-29,20,8850,2022-02-03,0
2021-10-30,19,8869,2022-02-03,0
2021-10-31,26,8895,2022-02-03,0
2021-11-01,18,8913,2022-02-03,0
2021-11-02,18,8931,2022-02-03,0
2021-11-03,27,8958,2022-02-03,0
2021-11-04,27,8985,2022-02-03,0
2021-11-05,29,9014,2022-02-03,0
2021-11-06,16,9030,2022-02-03,0
2021-11-07,24,9054,2022-02-03,0
2021-11-08,27,9081,2022-02-03,0
2021-11-09,16,9097,2022-02-03,0
2021-11-10,18,9115,2022-02-03,0
2021-11-11,28,9143,2022-02-03,0
2021-11-12,29,9172,2022-02-03,0
2021-11-13,31,9203,2022-02-03,0
2021-11-14,24,9227,2022-02-03,0
2021-11-15,28,9255,2022-02-03,0
2021-11-16,25,9280,2022-02-03,0
2021-11-17,37,9317,2022-02-03,0
2021-11-18,36,9353,2022-02-03,0
2021-11-19,34,9387,2022-02-03,0
2021-11-20,30,9417,2022-02-03,0
2021-11-21,32,9449,2022-02-03,0
2021-11-22,29,9478,2022-02-03,0
2021-11-23,31,9509,2022-02-03,0
2021-11-24,25,9534,2022-02-03,0
2021-11-25,35,9569,2022-02-03,0
2021-11-26,50,9619,2022-02-03,0
2021-11-27,36,9655,2022-02-03,0
2021-11-28,39,9694,2022-02-03,0
2021-11-29,29,9723,2022-02-03,0
2021-11-30,30,9753,2022-02-03,0
2021-12-01,47,9800,2022-02-03,0
2021-12-02,40,9840,2022-02-03,0
2021-12-03,31,9871,2022-02-03,0
2021-12-04,42,9913,2022-02-03,0
2021-12-05,35,9948,2022-02-03,0
2021-12-06,34,9982,2022-02-03,0
2021-12-07,34,10016,2022-02-03,0
2021-12-08,38,10054,2022-02-03,0
2021-12-09,47,10101,2022-02-03,0
2021-12-10,34,10135,2022-02-03,0
2021-12-11,27,10162,2022-02-03,0
2021-12-12,36,10198,2022-02-03,0
2021-12-13,32,10230,2022-02-03,0
2021-12-14,35,10265,2022-02-03,0
2021-12-15,40,10305,2022-02-03,0
2021-12-16,32,10337,2022-02-03,1
2021-12-17,39,10376,2022-02-03,0
2021-12-18,32,10408,2022-02-03,0
2021-12-19,30,10438,2022-02-03,0
2021-12-20,33,10471,2022-02-03,0
2021-12-21,28,10499,2022-02-03,0
2021-12-22,28,10527,2022-02-03,0
2021-12-23,27,10554,2022-02-03,1
2021-12-24,29,10583,2022-02-03,0
2021-12-25,28,10611,2022-02-03,0
2021-12-26,42,10653,2022-02-03,0
2021-12-27,31,10684,2022-02-03,0
2021-12-28,34,10718,2022-02-03,0
2021-12-29,29,10747,2022-02-03,0
2021-12-30,19,10766,2022-02-03,0
2021-12-31,38,10804,2022-02-03,0
2022-01-01,27,10831,2022-02-03,0
2022-01-02,22,10853,2022-02-03,0
2022-01-03,22,10875,2022-02-03,1
2022-01-04,29,10904,2022-02-03,0
2022-01-05,31,10935,2022-02-03,1
2022-01-06,31,10966,2022-02-03,0
2022-01-07,27,10993,2022-02-03,0
2022-01-08,40,11033,2022-02-03,0
2022-01-09,18,11051,2022-02-03,0
2022-01-10,30,11081,2022-02-03,1
2022-01-11,17,11098,2022-02-03,0
2022-01-12,17,11115,2022-02-03,0
2022-01-13,26,11141,2022-02-03,0
2022-01-14,32,11173,2022-02-03,0
2022-01-15,25,11198,2022-02-03,0
2022-01-16,30,11228,2022-02-03,1
2022-01-17,33,11261,2022-02-03,0
2022-01-18,22,11283,2022-02-03,0
2022-01-19,26,11309,2022-02-03,0
2022-01-20,30,11339,2022-02-03,1
2022-01-21,22,11361,2022-02-03,0
2022-01-22,22,11383,2022-02-03,1
2022-01-23,21,11404,2022-02-03,0
2022-01-24,27,11431,2022-02-03,1
2022-01-25,29,11460,2022-02-03,2
2022-01-26,29,11489,2022-02-03,3
2022-01-27,27,11516,2022-02-03,4
2022-01-28,21,11537,2022-02-03,11
2022-01-29,12,11549,2022-02-03,9
2022-01-30,10,11559,2022-02-03,6
2022-01-31,2,11561,2022-02-03,1
NA,0,11561,2022-02-03,0
2020-03-19,1,1,2022-02-04,0
2020-03-20,0,1,2022-02-04,0
2020-03-21,0,1,2022-02-04,0
2020-03-22,0,1,2022-02-04,0
2020-03-23,0,1,2022-02-04,0
2020-03-24,1,2,2022-02-04,0
2020-03-25,1,3,2022-02-04,0
2020-03-26,1,4,2022-02-04,0
2020-03-27,5,9,2022-02-04,0
2020-03-28,3,12,2022-02-04,0
2020-03-29,0,12,2022-02-04,0
2020-03-30,5,17,2022-02-04,0
2020-03-31,2,19,2022-02-04,0
2020-04-01,5,24,2022-02-04,0
2020-04-02,3,27,2022-02-04,0
2020-04-03,1,28,2022-02-04,0
2020-04-04,5,33,2022-02-04,0
2020-04-05,5,38,2022-02-04,0
2020-04-06,10,48,2022-02-04,0
2020-04-07,6,54,2022-02-04,0
2020-04-08,7,61,2022-02-04,0
2020-04-09,8,69,2022-02-04,0
2020-04-10,6,75,2022-02-04,0
2020-04-11,4,79,2022-02-04,0
2020-04-12,4,83,2022-02-04,0
2020-04-13,10,93,2022-02-04,0
2020-04-14,6,99,2022-02-04,0
2020-04-15,17,116,2022-02-04,0
2020-04-16,10,126,2022-02-04,0
2020-04-17,17,143,2022-02-04,0
2020-04-18,17,160,2022-02-04,0
2020-04-19,16,176,2022-02-04,0
2020-04-20,21,197,2022-02-04,0
2020-04-21,26,223,2022-02-04,0
2020-04-22,21,244,2022-02-04,0
2020-04-23,19,263,2022-02-04,0
2020-04-24,23,286,2022-02-04,0
2020-04-25,18,304,2022-02-04,0
2020-04-26,17,321,2022-02-04,0
2020-04-27,21,342,2022-02-04,0
2020-04-28,16,358,2022-02-04,0
2020-04-29,29,387,2022-02-04,0
2020-04-30,18,405,2022-02-04,0
2020-05-01,30,435,2022-02-04,0
2020-05-02,19,454,2022-02-04,0
2020-05-03,29,483,2022-02-04,0
2020-05-04,23,506,2022-02-04,0
2020-05-05,19,525,2022-02-04,0
2020-05-06,25,550,2022-02-04,0
2020-05-07,30,580,2022-02-04,0
2020-05-08,20,600,2022-02-04,0
2020-05-09,26,626,2022-02-04,0
2020-05-10,19,645,2022-02-04,0
2020-05-11,25,670,2022-02-04,0
2020-05-12,20,690,2022-02-04,0
2020-05-13,22,712,2022-02-04,0
2020-05-14,20,732,2022-02-04,0
2020-05-15,20,752,2022-02-04,0
2020-05-16,20,772,2022-02-04,0
2020-05-17,23,795,2022-02-04,0
2020-05-18,18,813,2022-02-04,0
2020-05-19,35,848,2022-02-04,0
2020-05-20,24,872,2022-02-04,0
2020-05-21,17,889,2022-02-04,0
2020-05-22,20,909,2022-02-04,0
2020-05-23,26,935,2022-02-04,0
2020-05-24,25,960,2022-02-04,0
2020-05-25,30,990,2022-02-04,0
2020-05-26,29,1019,2022-02-04,0
2020-05-27,25,1044,2022-02-04,0
2020-05-28,21,1065,2022-02-04,0
2020-05-29,17,1082,2022-02-04,0
2020-05-30,11,1093,2022-02-04,0
2020-05-31,20,1113,2022-02-04,0
2020-06-01,23,1136,2022-02-04,0
2020-06-02,21,1157,2022-02-04,0
2020-06-03,25,1182,2022-02-04,0
2020-06-04,26,1208,2022-02-04,0
2020-06-05,18,1226,2022-02-04,0
2020-06-06,12,1238,2022-02-04,0
2020-06-07,22,1260,2022-02-04,0
2020-06-08,12,1272,2022-02-04,0
2020-06-09,13,1285,2022-02-04,0
2020-06-10,10,1295,2022-02-04,0
2020-06-11,12,1307,2022-02-04,0
2020-06-12,11,1318,2022-02-04,0
2020-06-13,13,1331,2022-02-04,0
2020-06-14,11,1342,2022-02-04,0
2020-06-15,8,1350,2022-02-04,0
2020-06-16,9,1359,2022-02-04,0
2020-06-17,17,1376,2022-02-04,0
2020-06-18,9,1385,2022-02-04,0
2020-06-19,8,1393,2022-02-04,0
2020-06-20,12,1405,2022-02-04,0
2020-06-21,11,1416,2022-02-04,0
2020-06-22,6,1422,2022-02-04,0
2020-06-23,10,1432,2022-02-04,0
2020-06-24,1,1433,2022-02-04,0
2020-06-25,9,1442,2022-02-04,0
2020-06-26,6,1448,2022-02-04,0
2020-06-27,5,1453,2022-02-04,0
2020-06-28,11,1464,2022-02-04,0
2020-06-29,7,1471,2022-02-04,0
2020-06-30,9,1480,2022-02-04,0
2020-07-01,2,1482,2022-02-04,0
2020-07-02,3,1485,2022-02-04,0
2020-07-03,5,1490,2022-02-04,0
2020-07-04,4,1494,2022-02-04,0
2020-07-05,6,1500,2022-02-04,0
2020-07-06,4,1504,2022-02-04,0
2020-07-07,2,1506,2022-02-04,0
2020-07-08,9,1515,2022-02-04,0
2020-07-09,4,1519,2022-02-04,0
2020-07-10,3,1522,2022-02-04,0
2020-07-11,4,1526,2022-02-04,0
2020-07-12,6,1532,2022-02-04,0
2020-07-13,2,1534,2022-02-04,0
2020-07-14,6,1540,2022-02-04,0
2020-07-15,7,1547,2022-02-04,0
2020-07-16,3,1550,2022-02-04,0
2020-07-17,7,1557,2022-02-04,0
2020-07-18,6,1563,2022-02-04,0
2020-07-19,5,1568,2022-02-04,0
2020-07-20,3,1571,2022-02-04,0
2020-07-21,6,1577,2022-02-04,0
2020-07-22,5,1582,2022-02-04,0
2020-07-23,8,1590,2022-02-04,0
2020-07-24,6,1596,2022-02-04,0
2020-07-25,2,1598,2022-02-04,0
2020-07-26,5,1603,2022-02-04,0
2020-07-27,5,1608,2022-02-04,0
2020-07-28,7,1615,2022-02-04,0
2020-07-29,3,1618,2022-02-04,0
2020-07-30,6,1624,2022-02-04,0
2020-07-31,9,1633,2022-02-04,0
2020-08-01,4,1637,2022-02-04,0
2020-08-02,7,1644,2022-02-04,0
2020-08-03,4,1648,2022-02-04,0
2020-08-04,7,1655,2022-02-04,0
2020-08-05,8,1663,2022-02-04,0
2020-08-06,9,1672,2022-02-04,0
2020-08-07,7,1679,2022-02-04,0
2020-08-08,6,1685,2022-02-04,0
2020-08-09,10,1695,2022-02-04,0
2020-08-10,3,1698,2022-02-04,0
2020-08-11,9,1707,2022-02-04,0
2020-08-12,7,1714,2022-02-04,0
2020-08-13,5,1719,2022-02-04,0
2020-08-14,9,1728,2022-02-04,0
2020-08-15,13,1741,2022-02-04,0
2020-08-16,13,1754,2022-02-04,0
2020-08-17,6,1760,2022-02-04,0
2020-08-18,11,1771,2022-02-04,0
2020-08-19,3,1774,2022-02-04,0
2020-08-20,10,1784,2022-02-04,0
2020-08-21,12,1796,2022-02-04,0
2020-08-22,9,1805,2022-02-04,0
2020-08-23,7,1812,2022-02-04,0
2020-08-24,9,1821,2022-02-04,0
2020-08-25,4,1825,2022-02-04,0
2020-08-26,3,1828,2022-02-04,0
2020-08-27,7,1835,2022-02-04,0
2020-08-28,6,1841,2022-02-04,0
2020-08-29,3,1844,2022-02-04,0
2020-08-30,5,1849,2022-02-04,0
2020-08-31,9,1858,2022-02-04,0
2020-09-01,2,1860,2022-02-04,0
2020-09-02,7,1867,2022-02-04,0
2020-09-03,12,1879,2022-02-04,0
2020-09-04,4,1883,2022-02-04,0
2020-09-05,6,1889,2022-02-04,0
2020-09-06,12,1901,2022-02-04,0
2020-09-07,3,1904,2022-02-04,0
2020-09-08,6,1910,2022-02-04,0
2020-09-09,10,1920,2022-02-04,0
2020-09-10,9,1929,2022-02-04,0
2020-09-11,11,1940,2022-02-04,0
2020-09-12,8,1948,2022-02-04,0
2020-09-13,8,1956,2022-02-04,0
2020-09-14,2,1958,2022-02-04,0
2020-09-15,7,1965,2022-02-04,0
2020-09-16,9,1974,2022-02-04,0
2020-09-17,5,1979,2022-02-04,0
2020-09-18,6,1985,2022-02-04,0
2020-09-19,4,1989,2022-02-04,0
2020-09-20,9,1998,2022-02-04,0
2020-09-21,7,2005,2022-02-04,0
2020-09-22,8,2013,2022-02-04,0
2020-09-23,9,2022,2022-02-04,0
2020-09-24,8,2030,2022-02-04,0
2020-09-25,11,2041,2022-02-04,0
2020-09-26,9,2050,2022-02-04,0
2020-09-27,14,2064,2022-02-04,0
2020-09-28,11,2075,2022-02-04,0
2020-09-29,5,2080,2022-02-04,0
2020-09-30,16,2096,2022-02-04,0
2020-10-01,7,2103,2022-02-04,0
2020-10-02,13,2116,2022-02-04,0
2020-10-03,9,2125,2022-02-04,0
2020-10-04,7,2132,2022-02-04,0
2020-10-05,10,2142,2022-02-04,0
2020-10-06,13,2155,2022-02-04,0
2020-10-07,19,2174,2022-02-04,0
2020-10-08,9,2183,2022-02-04,0
2020-10-09,17,2200,2022-02-04,0
2020-10-10,16,2216,2022-02-04,0
2020-10-11,16,2232,2022-02-04,0
2020-10-12,20,2252,2022-02-04,0
2020-10-13,14,2266,2022-02-04,0
2020-10-14,10,2276,2022-02-04,0
2020-10-15,9,2285,2022-02-04,0
2020-10-16,12,2297,2022-02-04,0
2020-10-17,18,2315,2022-02-04,0
2020-10-18,25,2340,2022-02-04,0
2020-10-19,18,2358,2022-02-04,0
2020-10-20,15,2373,2022-02-04,0
2020-10-21,24,2397,2022-02-04,0
2020-10-22,18,2415,2022-02-04,0
2020-10-23,19,2434,2022-02-04,0
2020-10-24,8,2442,2022-02-04,0
2020-10-25,17,2459,2022-02-04,0
2020-10-26,25,2484,2022-02-04,0
2020-10-27,23,2507,2022-02-04,0
2020-10-28,29,2536,2022-02-04,0
2020-10-29,18,2554,2022-02-04,0
2020-10-30,27,2581,2022-02-04,0
2020-10-31,25,2606,2022-02-04,0
2020-11-01,21,2627,2022-02-04,0
2020-11-02,25,2652,2022-02-04,0
2020-11-03,25,2677,2022-02-04,0
2020-11-04,33,2710,2022-02-04,0
2020-11-05,38,2748,2022-02-04,0
2020-11-06,39,2787,2022-02-04,0
2020-11-07,42,2829,2022-02-04,0
2020-11-08,47,2876,2022-02-04,0
2020-11-09,37,2913,2022-02-04,0
2020-11-10,35,2948,2022-02-04,0
2020-11-11,43,2991,2022-02-04,0
2020-11-12,45,3036,2022-02-04,0
2020-11-13,40,3076,2022-02-04,0
2020-11-14,48,3124,2022-02-04,0
2020-11-15,46,3170,2022-02-04,0
2020-11-16,62,3232,2022-02-04,0
2020-11-17,56,3288,2022-02-04,0
2020-11-18,61,3349,2022-02-04,0
2020-11-19,60,3409,2022-02-04,0
2020-11-20,63,3472,2022-02-04,0
2020-11-21,58,3530,2022-02-04,0
2020-11-22,67,3597,2022-02-04,0
2020-11-23,59,3656,2022-02-04,0
2020-11-24,69,3725,2022-02-04,0
2020-11-25,72,3797,2022-02-04,0
2020-11-26,54,3851,2022-02-04,0
2020-11-27,69,3920,2022-02-04,0
2020-11-28,62,3982,2022-02-04,0
2020-11-29,68,4050,2022-02-04,0
2020-11-30,62,4112,2022-02-04,1
2020-12-01,64,4176,2022-02-04,0
2020-12-02,73,4249,2022-02-04,0
2020-12-03,86,4335,2022-02-04,0
2020-12-04,67,4402,2022-02-04,0
2020-12-05,74,4476,2022-02-04,0
2020-12-06,80,4556,2022-02-04,0
2020-12-07,75,4631,2022-02-04,0
2020-12-08,61,4692,2022-02-04,0
2020-12-09,71,4763,2022-02-04,0
2020-12-10,72,4835,2022-02-04,0
2020-12-11,71,4906,2022-02-04,0
2020-12-12,72,4978,2022-02-04,0
2020-12-13,56,5034,2022-02-04,0
2020-12-14,43,5077,2022-02-04,0
2020-12-15,65,5142,2022-02-04,0
2020-12-16,74,5216,2022-02-04,0
2020-12-17,60,5276,2022-02-04,0
2020-12-18,59,5335,2022-02-04,0
2020-12-19,56,5391,2022-02-04,0
2020-12-20,61,5452,2022-02-04,0
2020-12-21,58,5510,2022-02-04,0
2020-12-22,33,5543,2022-02-04,0
2020-12-23,46,5589,2022-02-04,0
2020-12-24,50,5639,2022-02-04,0
2020-12-25,36,5675,2022-02-04,0
2020-12-26,43,5718,2022-02-04,0
2020-12-27,41,5759,2022-02-04,0
2020-12-28,34,5793,2022-02-04,0
2020-12-29,37,5830,2022-02-04,0
2020-12-30,47,5877,2022-02-04,0
2020-12-31,36,5913,2022-02-04,0
2021-01-01,28,5941,2022-02-04,0
2021-01-02,49,5990,2022-02-04,0
2021-01-03,37,6027,2022-02-04,0
2021-01-04,32,6059,2022-02-04,0
2021-01-05,40,6099,2022-02-04,0
2021-01-06,32,6131,2022-02-04,0
2021-01-07,38,6169,2022-02-04,0
2021-01-08,32,6201,2022-02-04,0
2021-01-09,26,6227,2022-02-04,0
2021-01-10,30,6257,2022-02-04,0
2021-01-11,26,6283,2022-02-04,0
2021-01-12,32,6315,2022-02-04,0
2021-01-13,23,6338,2022-02-04,0
2021-01-14,42,6380,2022-02-04,0
2021-01-15,26,6406,2022-02-04,0
2021-01-16,30,6436,2022-02-04,0
2021-01-17,21,6457,2022-02-04,0
2021-01-18,19,6476,2022-02-04,0
2021-01-19,14,6490,2022-02-04,0
2021-01-20,26,6516,2022-02-04,0
2021-01-21,16,6532,2022-02-04,0
2021-01-22,14,6546,2022-02-04,0
2021-01-23,17,6563,2022-02-04,0
2021-01-24,24,6587,2022-02-04,0
2021-01-25,19,6606,2022-02-04,0
2021-01-26,21,6627,2022-02-04,0
2021-01-27,11,6638,2022-02-04,0
2021-01-28,12,6650,2022-02-04,0
2021-01-29,15,6665,2022-02-04,0
2021-01-30,13,6678,2022-02-04,0
2021-01-31,16,6694,2022-02-04,0
2021-02-01,17,6711,2022-02-04,0
2021-02-02,10,6721,2022-02-04,0
2021-02-03,11,6732,2022-02-04,0
2021-02-04,11,6743,2022-02-04,0
2021-02-05,12,6755,2022-02-04,0
2021-02-06,12,6767,2022-02-04,0
2021-02-07,19,6786,2022-02-04,0
2021-02-08,11,6797,2022-02-04,0
2021-02-09,15,6812,2022-02-04,0
2021-02-10,14,6826,2022-02-04,0
2021-02-11,7,6833,2022-02-04,0
2021-02-12,13,6846,2022-02-04,0
2021-02-13,8,6854,2022-02-04,0
2021-02-14,10,6864,2022-02-04,0
2021-02-15,9,6873,2022-02-04,0
2021-02-16,12,6885,2022-02-04,0
2021-02-17,10,6895,2022-02-04,0
2021-02-18,7,6902,2022-02-04,0
2021-02-19,6,6908,2022-02-04,0
2021-02-20,7,6915,2022-02-04,0
2021-02-21,4,6919,2022-02-04,0
2021-02-22,5,6924,2022-02-04,0
2021-02-23,9,6933,2022-02-04,0
2021-02-24,5,6938,2022-02-04,0
2021-02-25,5,6943,2022-02-04,0
2021-02-26,7,6950,2022-02-04,0
2021-02-27,6,6956,2022-02-04,0
2021-02-28,8,6964,2022-02-04,0
2021-03-01,7,6971,2022-02-04,0
2021-03-02,3,6974,2022-02-04,0
2021-03-03,10,6984,2022-02-04,0
2021-03-04,6,6990,2022-02-04,0
2021-03-05,10,7000,2022-02-04,0
2021-03-06,5,7005,2022-02-04,0
2021-03-07,9,7014,2022-02-04,0
2021-03-08,5,7019,2022-02-04,0
2021-03-09,7,7026,2022-02-04,0
2021-03-10,5,7031,2022-02-04,0
2021-03-11,4,7035,2022-02-04,0
2021-03-12,11,7046,2022-02-04,0
2021-03-13,5,7051,2022-02-04,0
2021-03-14,5,7056,2022-02-04,0
2021-03-15,2,7058,2022-02-04,0
2021-03-16,6,7064,2022-02-04,0
2021-03-17,4,7068,2022-02-04,0
2021-03-18,5,7073,2022-02-04,0
2021-03-19,5,7078,2022-02-04,0
2021-03-20,9,7087,2022-02-04,0
2021-03-21,5,7092,2022-02-04,0
2021-03-22,4,7096,2022-02-04,0
2021-03-23,5,7101,2022-02-04,0
2021-03-24,1,7102,2022-02-04,0
2021-03-25,5,7107,2022-02-04,0
2021-03-26,3,7110,2022-02-04,0
2021-03-27,7,7117,2022-02-04,0
2021-03-28,6,7123,2022-02-04,0
2021-03-29,5,7128,2022-02-04,0
2021-03-30,6,7134,2022-02-04,0
2021-03-31,8,7142,2022-02-04,0
2021-04-01,6,7148,2022-02-04,0
2021-04-02,9,7157,2022-02-04,0
2021-04-03,8,7165,2022-02-04,0
2021-04-04,6,7171,2022-02-04,0
2021-04-05,8,7179,2022-02-04,0
2021-04-06,7,7186,2022-02-04,0
2021-04-07,6,7192,2022-02-04,0
2021-04-08,10,7202,2022-02-04,0
2021-04-09,7,7209,2022-02-04,0
2021-04-10,7,7216,2022-02-04,0
2021-04-11,8,7224,2022-02-04,0
2021-04-12,10,7234,2022-02-04,0
2021-04-13,7,7241,2022-02-04,0
2021-04-14,8,7249,2022-02-04,0
2021-04-15,14,7263,2022-02-04,0
2021-04-16,8,7271,2022-02-04,0
2021-04-17,8,7279,2022-02-04,0
2021-04-18,8,7287,2022-02-04,0
2021-04-19,10,7297,2022-02-04,0
2021-04-20,5,7302,2022-02-04,0
2021-04-21,8,7310,2022-02-04,0
2021-04-22,3,7313,2022-02-04,0
2021-04-23,15,7328,2022-02-04,0
2021-04-24,11,7339,2022-02-04,0
2021-04-25,15,7354,2022-02-04,0
2021-04-26,15,7369,2022-02-04,0
2021-04-27,7,7376,2022-02-04,0
2021-04-28,14,7390,2022-02-04,0
2021-04-29,8,7398,2022-02-04,0
2021-04-30,11,7409,2022-02-04,0
2021-05-01,7,7416,2022-02-04,0
2021-05-02,8,7424,2022-02-04,0
2021-05-03,5,7429,2022-02-04,0
2021-05-04,13,7442,2022-02-04,0
2021-05-05,8,7450,2022-02-04,0
2021-05-06,5,7455,2022-02-04,0
2021-05-07,8,7463,2022-02-04,0
2021-05-08,7,7470,2022-02-04,0
2021-05-09,9,7479,2022-02-04,0
2021-05-10,8,7487,2022-02-04,0
2021-05-11,6,7493,2022-02-04,0
2021-05-12,9,7502,2022-02-04,0
2021-05-13,9,7511,2022-02-04,0
2021-05-14,11,7522,2022-02-04,0
2021-05-15,10,7532,2022-02-04,0
2021-05-16,6,7538,2022-02-04,0
2021-05-17,6,7544,2022-02-04,0
2021-05-18,7,7551,2022-02-04,0
2021-05-19,2,7553,2022-02-04,0
2021-05-20,5,7558,2022-02-04,0
2021-05-21,7,7565,2022-02-04,0
2021-05-22,12,7577,2022-02-04,0
2021-05-23,5,7582,2022-02-04,0
2021-05-24,5,7587,2022-02-04,0
2021-05-25,6,7593,2022-02-04,0
2021-05-26,3,7596,2022-02-04,0
2021-05-27,7,7603,2022-02-04,0
2021-05-28,2,7605,2022-02-04,0
2021-05-29,6,7611,2022-02-04,0
2021-05-30,4,7615,2022-02-04,0
2021-05-31,3,7618,2022-02-04,0
2021-06-01,5,7623,2022-02-04,0
2021-06-02,8,7631,2022-02-04,0
2021-06-03,4,7635,2022-02-04,0
2021-06-04,4,7639,2022-02-04,0
2021-06-05,2,7641,2022-02-04,0
2021-06-06,5,7646,2022-02-04,0
2021-06-07,3,7649,2022-02-04,0
2021-06-08,5,7654,2022-02-04,0
2021-06-09,4,7658,2022-02-04,0
2021-06-10,6,7664,2022-02-04,0
2021-06-11,6,7670,2022-02-04,0
2021-06-12,4,7674,2022-02-04,0
2021-06-13,4,7678,2022-02-04,0
2021-06-14,3,7681,2022-02-04,0
2021-06-15,2,7683,2022-02-04,0
2021-06-16,2,7685,2022-02-04,0
2021-06-17,4,7689,2022-02-04,0
2021-06-18,1,7690,2022-02-04,0
2021-06-19,6,7696,2022-02-04,0
2021-06-20,1,7697,2022-02-04,0
2021-06-21,5,7702,2022-02-04,0
2021-06-22,3,7705,2022-02-04,0
2021-06-23,4,7709,2022-02-04,0
2021-06-24,3,7712,2022-02-04,0
2021-06-25,3,7715,2022-02-04,0
2021-06-26,4,7719,2022-02-04,0
2021-06-27,2,7721,2022-02-04,0
2021-06-28,2,7723,2022-02-04,0
2021-06-29,2,7725,2022-02-04,0
2021-06-30,2,7727,2022-02-04,0
2021-07-01,0,7727,2022-02-04,0
2021-07-02,2,7729,2022-02-04,0
2021-07-03,2,7731,2022-02-04,0
2021-07-04,3,7734,2022-02-04,0
2021-07-05,1,7735,2022-02-04,0
2021-07-06,5,7740,2022-02-04,0
2021-07-07,1,7741,2022-02-04,0
2021-07-08,1,7742,2022-02-04,0
2021-07-09,0,7742,2022-02-04,0
2021-07-10,1,7743,2022-02-04,0
2021-07-11,3,7746,2022-02-04,0
2021-07-12,1,7747,2022-02-04,0
2021-07-13,2,7749,2022-02-04,0
2021-07-14,2,7751,2022-02-04,0
2021-07-15,2,7753,2022-02-04,0
2021-07-16,1,7754,2022-02-04,0
2021-07-17,1,7755,2022-02-04,0
2021-07-18,0,7755,2022-02-04,0
2021-07-19,0,7755,2022-02-04,0
2021-07-20,2,7757,2022-02-04,0
2021-07-21,3,7760,2022-02-04,0
2021-07-22,2,7762,2022-02-04,0
2021-07-23,3,7765,2022-02-04,0
2021-07-24,0,7765,2022-02-04,0
2021-07-25,2,7767,2022-02-04,0
2021-07-26,1,7768,2022-02-04,0
2021-07-27,2,7770,2022-02-04,0
2021-07-28,3,7773,2022-02-04,0
2021-07-29,2,7775,2022-02-04,0
2021-07-30,5,7780,2022-02-04,0
2021-07-31,4,7784,2022-02-04,0
2021-08-01,1,7785,2022-02-04,0
2021-08-02,3,7788,2022-02-04,0
2021-08-03,2,7790,2022-02-04,0
2021-08-04,3,7793,2022-02-04,0
2021-08-05,2,7795,2022-02-04,0
2021-08-06,8,7803,2022-02-04,0
2021-08-07,3,7806,2022-02-04,0
2021-08-08,3,7809,2022-02-04,0
2021-08-09,3,7812,2022-02-04,0
2021-08-10,2,7814,2022-02-04,0
2021-08-11,2,7816,2022-02-04,0
2021-08-12,7,7823,2022-02-04,0
2021-08-13,5,7828,2022-02-04,0
2021-08-14,6,7834,2022-02-04,0
2021-08-15,0,7834,2022-02-04,0
2021-08-16,7,7841,2022-02-04,0
2021-08-17,7,7848,2022-02-04,0
2021-08-18,9,7857,2022-02-04,0
2021-08-19,2,7859,2022-02-04,0
2021-08-20,3,7862,2022-02-04,0
2021-08-21,5,7867,2022-02-04,0
2021-08-22,7,7874,2022-02-04,0
2021-08-23,5,7879,2022-02-04,0
2021-08-24,12,7891,2022-02-04,0
2021-08-25,7,7898,2022-02-04,0
2021-08-26,2,7900,2022-02-04,0
2021-08-27,6,7906,2022-02-04,0
2021-08-28,11,7917,2022-02-04,0
2021-08-29,11,7928,2022-02-04,0
2021-08-30,8,7936,2022-02-04,0
2021-08-31,8,7944,2022-02-04,0
2021-09-01,6,7950,2022-02-04,0
2021-09-02,6,7956,2022-02-04,0
2021-09-03,9,7965,2022-02-04,0
2021-09-04,9,7974,2022-02-04,0
2021-09-05,10,7984,2022-02-04,0
2021-09-06,8,7992,2022-02-04,0
2021-09-07,7,7999,2022-02-04,0
2021-09-08,11,8010,2022-02-04,0
2021-09-09,5,8015,2022-02-04,0
2021-09-10,9,8024,2022-02-04,0
2021-09-11,17,8041,2022-02-04,0
2021-09-12,10,8051,2022-02-04,0
2021-09-13,8,8059,2022-02-04,0
2021-09-14,11,8070,2022-02-04,0
2021-09-15,14,8084,2022-02-04,0
2021-09-16,16,8100,2022-02-04,0
2021-09-17,8,8108,2022-02-04,0
2021-09-18,14,8122,2022-02-04,0
2021-09-19,11,8133,2022-02-04,0
2021-09-20,16,8149,2022-02-04,0
2021-09-21,15,8164,2022-02-04,0
2021-09-22,17,8181,2022-02-04,0
2021-09-23,13,8194,2022-02-04,0
2021-09-24,13,8207,2022-02-04,0
2021-09-25,16,8223,2022-02-04,0
2021-09-26,15,8238,2022-02-04,0
2021-09-27,15,8253,2022-02-04,0
2021-09-28,11,8264,2022-02-04,0
2021-09-29,20,8284,2022-02-04,0
2021-09-30,17,8301,2022-02-04,0
2021-10-01,13,8314,2022-02-04,0
2021-10-02,15,8329,2022-02-04,0
2021-10-03,23,8352,2022-02-04,0
2021-10-04,15,8367,2022-02-04,0
2021-10-05,23,8390,2022-02-04,0
2021-10-06,21,8411,2022-02-04,0
2021-10-07,14,8425,2022-02-04,0
2021-10-08,22,8447,2022-02-04,0
2021-10-09,20,8467,2022-02-04,0
2021-10-10,13,8480,2022-02-04,0
2021-10-11,11,8491,2022-02-04,0
2021-10-12,25,8516,2022-02-04,0
2021-10-13,21,8537,2022-02-04,0
2021-10-14,22,8559,2022-02-04,0
2021-10-15,14,8573,2022-02-04,0
2021-10-16,20,8593,2022-02-04,0
2021-10-17,17,8610,2022-02-04,0
2021-10-18,17,8627,2022-02-04,0
2021-10-19,25,8652,2022-02-04,0
2021-10-20,16,8668,2022-02-04,0
2021-10-21,9,8677,2022-02-04,0
2021-10-22,23,8700,2022-02-04,0
2021-10-23,24,8724,2022-02-04,0
2021-10-24,25,8749,2022-02-04,0
2021-10-25,20,8769,2022-02-04,0
2021-10-26,22,8791,2022-02-04,0
2021-10-27,16,8807,2022-02-04,0
2021-10-28,24,8831,2022-02-04,0
2021-10-29,20,8851,2022-02-04,0
2021-10-30,19,8870,2022-02-04,0
2021-10-31,26,8896,2022-02-04,0
2021-11-01,18,8914,2022-02-04,0
2021-11-02,18,8932,2022-02-04,0
2021-11-03,27,8959,2022-02-04,0
2021-11-04,27,8986,2022-02-04,0
2021-11-05,29,9015,2022-02-04,0
2021-11-06,16,9031,2022-02-04,0
2021-11-07,24,9055,2022-02-04,0
2021-11-08,27,9082,2022-02-04,0
2021-11-09,16,9098,2022-02-04,0
2021-11-10,18,9116,2022-02-04,0
2021-11-11,28,9144,2022-02-04,0
2021-11-12,29,9173,2022-02-04,0
2021-11-13,31,9204,2022-02-04,0
2021-11-14,24,9228,2022-02-04,0
2021-11-15,28,9256,2022-02-04,0
2021-11-16,25,9281,2022-02-04,0
2021-11-17,37,9318,2022-02-04,0
2021-11-18,36,9354,2022-02-04,0
2021-11-19,34,9388,2022-02-04,0
2021-11-20,30,9418,2022-02-04,0
2021-11-21,32,9450,2022-02-04,0
2021-11-22,29,9479,2022-02-04,0
2021-11-23,31,9510,2022-02-04,0
2021-11-24,25,9535,2022-02-04,0
2021-11-25,35,9570,2022-02-04,0
2021-11-26,50,9620,2022-02-04,0
2021-11-27,36,9656,2022-02-04,0
2021-11-28,39,9695,2022-02-04,0
2021-11-29,29,9724,2022-02-04,0
2021-11-30,30,9754,2022-02-04,0
2021-12-01,47,9801,2022-02-04,0
2021-12-02,40,9841,2022-02-04,0
2021-12-03,31,9872,2022-02-04,0
2021-12-04,42,9914,2022-02-04,0
2021-12-05,35,9949,2022-02-04,0
2021-12-06,34,9983,2022-02-04,0
2021-12-07,35,10018,2022-02-04,1
2021-12-08,38,10056,2022-02-04,0
2021-12-09,47,10103,2022-02-04,0
2021-12-10,34,10137,2022-02-04,0
2021-12-11,27,10164,2022-02-04,0
2021-12-12,36,10200,2022-02-04,0
2021-12-13,32,10232,2022-02-04,0
2021-12-14,35,10267,2022-02-04,0
2021-12-15,40,10307,2022-02-04,0
2021-12-16,32,10339,2022-02-04,0
2021-12-17,39,10378,2022-02-04,0
2021-12-18,32,10410,2022-02-04,0
2021-12-19,30,10440,2022-02-04,0
2021-12-20,33,10473,2022-02-04,0
2021-12-21,28,10501,2022-02-04,0
2021-12-22,28,10529,2022-02-04,0
2021-12-23,27,10556,2022-02-04,0
2021-12-24,29,10585,2022-02-04,0
2021-12-25,28,10613,2022-02-04,0
2021-12-26,42,10655,2022-02-04,0
2021-12-27,31,10686,2022-02-04,0
2021-12-28,34,10720,2022-02-04,0
2021-12-29,29,10749,2022-02-04,0
2021-12-30,19,10768,2022-02-04,0
2021-12-31,38,10806,2022-02-04,0
2022-01-01,27,10833,2022-02-04,0
2022-01-02,22,10855,2022-02-04,0
2022-01-03,22,10877,2022-02-04,0
2022-01-04,29,10906,2022-02-04,0
2022-01-05,31,10937,2022-02-04,0
2022-01-06,32,10969,2022-02-04,1
2022-01-07,27,10996,2022-02-04,0
2022-01-08,40,11036,2022-02-04,0
2022-01-09,18,11054,2022-02-04,0
2022-01-10,30,11084,2022-02-04,0
2022-01-11,17,11101,2022-02-04,0
2022-01-12,17,11118,2022-02-04,0
2022-01-13,26,11144,2022-02-04,0
2022-01-14,33,11177,2022-02-04,1
2022-01-15,25,11202,2022-02-04,0
2022-01-16,30,11232,2022-02-04,0
2022-01-17,33,11265,2022-02-04,0
2022-01-18,22,11287,2022-02-04,0
2022-01-19,26,11313,2022-02-04,0
2022-01-20,30,11343,2022-02-04,0
2022-01-21,26,11369,2022-02-04,4
2022-01-22,22,11391,2022-02-04,0
2022-01-23,21,11412,2022-02-04,0
2022-01-24,28,11440,2022-02-04,1
2022-01-25,31,11471,2022-02-04,2
2022-01-26,29,11500,2022-02-04,0
2022-01-27,29,11529,2022-02-04,2
2022-01-28,25,11554,2022-02-04,4
2022-01-29,18,11572,2022-02-04,6
2022-01-30,18,11590,2022-02-04,8
2022-01-31,4,11594,2022-02-04,2
2022-02-01,4,11598,2022-02-04,4
2022-02-02,1,11599,2022-02-04,1
NA,0,11599,2022-02-04,0
2020-03-19,1,1,2022-02-07,0
2020-03-20,0,1,2022-02-07,0
2020-03-21,0,1,2022-02-07,0
2020-03-22,0,1,2022-02-07,0
2020-03-23,0,1,2022-02-07,0
2020-03-24,1,2,2022-02-07,0
2020-03-25,1,3,2022-02-07,0
2020-03-26,1,4,2022-02-07,0
2020-03-27,5,9,2022-02-07,0
2020-03-28,3,12,2022-02-07,0
2020-03-29,0,12,2022-02-07,0
2020-03-30,5,17,2022-02-07,0
2020-03-31,2,19,2022-02-07,0
2020-04-01,5,24,2022-02-07,0
2020-04-02,3,27,2022-02-07,0
2020-04-03,1,28,2022-02-07,0
2020-04-04,5,33,2022-02-07,0
2020-04-05,5,38,2022-02-07,0
2020-04-06,10,48,2022-02-07,0
2020-04-07,6,54,2022-02-07,0
2020-04-08,7,61,2022-02-07,0
2020-04-09,8,69,2022-02-07,0
2020-04-10,6,75,2022-02-07,0
2020-04-11,4,79,2022-02-07,0
2020-04-12,4,83,2022-02-07,0
2020-04-13,10,93,2022-02-07,0
2020-04-14,6,99,2022-02-07,0
2020-04-15,17,116,2022-02-07,0
2020-04-16,10,126,2022-02-07,0
2020-04-17,17,143,2022-02-07,0
2020-04-18,17,160,2022-02-07,0
2020-04-19,16,176,2022-02-07,0
2020-04-20,21,197,2022-02-07,0
2020-04-21,26,223,2022-02-07,0
2020-04-22,21,244,2022-02-07,0
2020-04-23,19,263,2022-02-07,0
2020-04-24,23,286,2022-02-07,0
2020-04-25,18,304,2022-02-07,0
2020-04-26,17,321,2022-02-07,0
2020-04-27,21,342,2022-02-07,0
2020-04-28,16,358,2022-02-07,0
2020-04-29,29,387,2022-02-07,0
2020-04-30,18,405,2022-02-07,0
2020-05-01,30,435,2022-02-07,0
2020-05-02,19,454,2022-02-07,0
2020-05-03,29,483,2022-02-07,0
2020-05-04,23,506,2022-02-07,0
2020-05-05,19,525,2022-02-07,0
2020-05-06,25,550,2022-02-07,0
2020-05-07,30,580,2022-02-07,0
2020-05-08,20,600,2022-02-07,0
2020-05-09,26,626,2022-02-07,0
2020-05-10,19,645,2022-02-07,0
2020-05-11,25,670,2022-02-07,0
2020-05-12,20,690,2022-02-07,0
2020-05-13,22,712,2022-02-07,0
2020-05-14,20,732,2022-02-07,0
2020-05-15,20,752,2022-02-07,0
2020-05-16,20,772,2022-02-07,0
2020-05-17,23,795,2022-02-07,0
2020-05-18,18,813,2022-02-07,0
2020-05-19,35,848,2022-02-07,0
2020-05-20,24,872,2022-02-07,0
2020-05-21,17,889,2022-02-07,0
2020-05-22,20,909,2022-02-07,0
2020-05-23,26,935,2022-02-07,0
2020-05-24,25,960,2022-02-07,0
2020-05-25,30,990,2022-02-07,0
2020-05-26,29,1019,2022-02-07,0
2020-05-27,25,1044,2022-02-07,0
2020-05-28,21,1065,2022-02-07,0
2020-05-29,17,1082,2022-02-07,0
2020-05-30,11,1093,2022-02-07,0
2020-05-31,20,1113,2022-02-07,0
2020-06-01,23,1136,2022-02-07,0
2020-06-02,21,1157,2022-02-07,0
2020-06-03,25,1182,2022-02-07,0
2020-06-04,26,1208,2022-02-07,0
2020-06-05,18,1226,2022-02-07,0
2020-06-06,12,1238,2022-02-07,0
2020-06-07,22,1260,2022-02-07,0
2020-06-08,12,1272,2022-02-07,0
2020-06-09,13,1285,2022-02-07,0
2020-06-10,10,1295,2022-02-07,0
2020-06-11,12,1307,2022-02-07,0
2020-06-12,11,1318,2022-02-07,0
2020-06-13,13,1331,2022-02-07,0
2020-06-14,11,1342,2022-02-07,0
2020-06-15,8,1350,2022-02-07,0
2020-06-16,9,1359,2022-02-07,0
2020-06-17,17,1376,2022-02-07,0
2020-06-18,9,1385,2022-02-07,0
2020-06-19,8,1393,2022-02-07,0
2020-06-20,12,1405,2022-02-07,0
2020-06-21,11,1416,2022-02-07,0
2020-06-22,6,1422,2022-02-07,0
2020-06-23,10,1432,2022-02-07,0
2020-06-24,1,1433,2022-02-07,0
2020-06-25,9,1442,2022-02-07,0
2020-06-26,6,1448,2022-02-07,0
2020-06-27,5,1453,2022-02-07,0
2020-06-28,11,1464,2022-02-07,0
2020-06-29,7,1471,2022-02-07,0
2020-06-30,9,1480,2022-02-07,0
2020-07-01,2,1482,2022-02-07,0
2020-07-02,3,1485,2022-02-07,0
2020-07-03,5,1490,2022-02-07,0
2020-07-04,4,1494,2022-02-07,0
2020-07-05,6,1500,2022-02-07,0
2020-07-06,4,1504,2022-02-07,0
2020-07-07,2,1506,2022-02-07,0
2020-07-08,9,1515,2022-02-07,0
2020-07-09,4,1519,2022-02-07,0
2020-07-10,3,1522,2022-02-07,0
2020-07-11,4,1526,2022-02-07,0
2020-07-12,6,1532,2022-02-07,0
2020-07-13,2,1534,2022-02-07,0
2020-07-14,6,1540,2022-02-07,0
2020-07-15,7,1547,2022-02-07,0
2020-07-16,3,1550,2022-02-07,0
2020-07-17,7,1557,2022-02-07,0
2020-07-18,6,1563,2022-02-07,0
2020-07-19,5,1568,2022-02-07,0
2020-07-20,3,1571,2022-02-07,0
2020-07-21,6,1577,2022-02-07,0
2020-07-22,5,1582,2022-02-07,0
2020-07-23,8,1590,2022-02-07,0
2020-07-24,6,1596,2022-02-07,0
2020-07-25,2,1598,2022-02-07,0
2020-07-26,5,1603,2022-02-07,0
2020-07-27,5,1608,2022-02-07,0
2020-07-28,7,1615,2022-02-07,0
2020-07-29,3,1618,2022-02-07,0
2020-07-30,6,1624,2022-02-07,0
2020-07-31,9,1633,2022-02-07,0
2020-08-01,4,1637,2022-02-07,0
2020-08-02,7,1644,2022-02-07,0
2020-08-03,4,1648,2022-02-07,0
2020-08-04,7,1655,2022-02-07,0
2020-08-05,8,1663,2022-02-07,0
2020-08-06,9,1672,2022-02-07,0
2020-08-07,7,1679,2022-02-07,0
2020-08-08,6,1685,2022-02-07,0
2020-08-09,10,1695,2022-02-07,0
2020-08-10,3,1698,2022-02-07,0
2020-08-11,9,1707,2022-02-07,0
2020-08-12,7,1714,2022-02-07,0
2020-08-13,5,1719,2022-02-07,0
2020-08-14,9,1728,2022-02-07,0
2020-08-15,13,1741,2022-02-07,0
2020-08-16,13,1754,2022-02-07,0
2020-08-17,6,1760,2022-02-07,0
2020-08-18,11,1771,2022-02-07,0
2020-08-19,3,1774,2022-02-07,0
2020-08-20,10,1784,2022-02-07,0
2020-08-21,12,1796,2022-02-07,0
2020-08-22,9,1805,2022-02-07,0
2020-08-23,7,1812,2022-02-07,0
2020-08-24,9,1821,2022-02-07,0
2020-08-25,4,1825,2022-02-07,0
2020-08-26,3,1828,2022-02-07,0
2020-08-27,7,1835,2022-02-07,0
2020-08-28,6,1841,2022-02-07,0
2020-08-29,3,1844,2022-02-07,0
2020-08-30,5,1849,2022-02-07,0
2020-08-31,9,1858,2022-02-07,0
2020-09-01,2,1860,2022-02-07,0
2020-09-02,7,1867,2022-02-07,0
2020-09-03,12,1879,2022-02-07,0
2020-09-04,4,1883,2022-02-07,0
2020-09-05,6,1889,2022-02-07,0
2020-09-06,12,1901,2022-02-07,0
2020-09-07,3,1904,2022-02-07,0
2020-09-08,6,1910,2022-02-07,0
2020-09-09,10,1920,2022-02-07,0
2020-09-10,9,1929,2022-02-07,0
2020-09-11,11,1940,2022-02-07,0
2020-09-12,8,1948,2022-02-07,0
2020-09-13,8,1956,2022-02-07,0
2020-09-14,2,1958,2022-02-07,0
2020-09-15,7,1965,2022-02-07,0
2020-09-16,9,1974,2022-02-07,0
2020-09-17,5,1979,2022-02-07,0
2020-09-18,6,1985,2022-02-07,0
2020-09-19,4,1989,2022-02-07,0
2020-09-20,9,1998,2022-02-07,0
2020-09-21,7,2005,2022-02-07,0
2020-09-22,8,2013,2022-02-07,0
2020-09-23,9,2022,2022-02-07,0
2020-09-24,8,2030,2022-02-07,0
2020-09-25,11,2041,2022-02-07,0
2020-09-26,9,2050,2022-02-07,0
2020-09-27,14,2064,2022-02-07,0
2020-09-28,11,2075,2022-02-07,0
2020-09-29,5,2080,2022-02-07,0
2020-09-30,16,2096,2022-02-07,0
2020-10-01,7,2103,2022-02-07,0
2020-10-02,13,2116,2022-02-07,0
2020-10-03,9,2125,2022-02-07,0
2020-10-04,7,2132,2022-02-07,0
2020-10-05,10,2142,2022-02-07,0
2020-10-06,13,2155,2022-02-07,0
2020-10-07,19,2174,2022-02-07,0
2020-10-08,9,2183,2022-02-07,0
2020-10-09,17,2200,2022-02-07,0
2020-10-10,16,2216,2022-02-07,0
2020-10-11,16,2232,2022-02-07,0
2020-10-12,20,2252,2022-02-07,0
2020-10-13,14,2266,2022-02-07,0
2020-10-14,10,2276,2022-02-07,0
2020-10-15,9,2285,2022-02-07,0
2020-10-16,12,2297,2022-02-07,0
2020-10-17,18,2315,2022-02-07,0
2020-10-18,25,2340,2022-02-07,0
2020-10-19,18,2358,2022-02-07,0
2020-10-20,15,2373,2022-02-07,0
2020-10-21,24,2397,2022-02-07,0
2020-10-22,18,2415,2022-02-07,0
2020-10-23,19,2434,2022-02-07,0
2020-10-24,8,2442,2022-02-07,0
2020-10-25,17,2459,2022-02-07,0
2020-10-26,25,2484,2022-02-07,0
2020-10-27,23,2507,2022-02-07,0
2020-10-28,29,2536,2022-02-07,0
2020-10-29,18,2554,2022-02-07,0
2020-10-30,27,2581,2022-02-07,0
2020-10-31,25,2606,2022-02-07,0
2020-11-01,21,2627,2022-02-07,0
2020-11-02,25,2652,2022-02-07,0
2020-11-03,25,2677,2022-02-07,0
2020-11-04,33,2710,2022-02-07,0
2020-11-05,38,2748,2022-02-07,0
2020-11-06,39,2787,2022-02-07,0
2020-11-07,42,2829,2022-02-07,0
2020-11-08,47,2876,2022-02-07,0
2020-11-09,37,2913,2022-02-07,0
2020-11-10,35,2948,2022-02-07,0
2020-11-11,43,2991,2022-02-07,0
2020-11-12,45,3036,2022-02-07,0
2020-11-13,40,3076,2022-02-07,0
2020-11-14,48,3124,2022-02-07,0
2020-11-15,46,3170,2022-02-07,0
2020-11-16,62,3232,2022-02-07,0
2020-11-17,56,3288,2022-02-07,0
2020-11-18,61,3349,2022-02-07,0
2020-11-19,60,3409,2022-02-07,0
2020-11-20,63,3472,2022-02-07,0
2020-11-21,58,3530,2022-02-07,0
2020-11-22,67,3597,2022-02-07,0
2020-11-23,59,3656,2022-02-07,0
2020-11-24,69,3725,2022-02-07,0
2020-11-25,72,3797,2022-02-07,0
2020-11-26,54,3851,2022-02-07,0
2020-11-27,69,3920,2022-02-07,0
2020-11-28,62,3982,2022-02-07,0
2020-11-29,68,4050,2022-02-07,0
2020-11-30,62,4112,2022-02-07,0
2020-12-01,64,4176,2022-02-07,0
2020-12-02,73,4249,2022-02-07,0
2020-12-03,86,4335,2022-02-07,0
2020-12-04,67,4402,2022-02-07,0
2020-12-05,74,4476,2022-02-07,0
2020-12-06,80,4556,2022-02-07,0
2020-12-07,75,4631,2022-02-07,0
2020-12-08,61,4692,2022-02-07,0
2020-12-09,71,4763,2022-02-07,0
2020-12-10,72,4835,2022-02-07,0
2020-12-11,71,4906,2022-02-07,0
2020-12-12,72,4978,2022-02-07,0
2020-12-13,56,5034,2022-02-07,0
2020-12-14,43,5077,2022-02-07,0
2020-12-15,65,5142,2022-02-07,0
2020-12-16,74,5216,2022-02-07,0
2020-12-17,60,5276,2022-02-07,0
2020-12-18,59,5335,2022-02-07,0
2020-12-19,56,5391,2022-02-07,0
2020-12-20,61,5452,2022-02-07,0
2020-12-21,58,5510,2022-02-07,0
2020-12-22,33,5543,2022-02-07,0
2020-12-23,46,5589,2022-02-07,0
2020-12-24,50,5639,2022-02-07,0
2020-12-25,36,5675,2022-02-07,0
2020-12-26,43,5718,2022-02-07,0
2020-12-27,41,5759,2022-02-07,0
2020-12-28,34,5793,2022-02-07,0
2020-12-29,37,5830,2022-02-07,0
2020-12-30,47,5877,2022-02-07,0
2020-12-31,36,5913,2022-02-07,0
2021-01-01,28,5941,2022-02-07,0
2021-01-02,49,5990,2022-02-07,0
2021-01-03,37,6027,2022-02-07,0
2021-01-04,32,6059,2022-02-07,0
2021-01-05,40,6099,2022-02-07,0
2021-01-06,32,6131,2022-02-07,0
2021-01-07,38,6169,2022-02-07,0
2021-01-08,32,6201,2022-02-07,0
2021-01-09,26,6227,2022-02-07,0
2021-01-10,30,6257,2022-02-07,0
2021-01-11,26,6283,2022-02-07,0
2021-01-12,32,6315,2022-02-07,0
2021-01-13,23,6338,2022-02-07,0
2021-01-14,42,6380,2022-02-07,0
2021-01-15,26,6406,2022-02-07,0
2021-01-16,30,6436,2022-02-07,0
2021-01-17,21,6457,2022-02-07,0
2021-01-18,19,6476,2022-02-07,0
2021-01-19,14,6490,2022-02-07,0
2021-01-20,26,6516,2022-02-07,0
2021-01-21,16,6532,2022-02-07,0
2021-01-22,14,6546,2022-02-07,0
2021-01-23,17,6563,2022-02-07,0
2021-01-24,24,6587,2022-02-07,0
2021-01-25,19,6606,2022-02-07,0
2021-01-26,21,6627,2022-02-07,0
2021-01-27,11,6638,2022-02-07,0
2021-01-28,12,6650,2022-02-07,0
2021-01-29,15,6665,2022-02-07,0
2021-01-30,13,6678,2022-02-07,0
2021-01-31,16,6694,2022-02-07,0
2021-02-01,17,6711,2022-02-07,0
2021-02-02,10,6721,2022-02-07,0
2021-02-03,11,6732,2022-02-07,0
2021-02-04,11,6743,2022-02-07,0
2021-02-05,12,6755,2022-02-07,0
2021-02-06,12,6767,2022-02-07,0
2021-02-07,19,6786,2022-02-07,0
2021-02-08,11,6797,2022-02-07,0
2021-02-09,15,6812,2022-02-07,0
2021-02-10,14,6826,2022-02-07,0
2021-02-11,7,6833,2022-02-07,0
2021-02-12,13,6846,2022-02-07,0
2021-02-13,8,6854,2022-02-07,0
2021-02-14,10,6864,2022-02-07,0
2021-02-15,9,6873,2022-02-07,0
2021-02-16,12,6885,2022-02-07,0
2021-02-17,10,6895,2022-02-07,0
2021-02-18,7,6902,2022-02-07,0
2021-02-19,6,6908,2022-02-07,0
2021-02-20,7,6915,2022-02-07,0
2021-02-21,4,6919,2022-02-07,0
2021-02-22,5,6924,2022-02-07,0
2021-02-23,9,6933,2022-02-07,0
2021-02-24,5,6938,2022-02-07,0
2021-02-25,5,6943,2022-02-07,0
2021-02-26,7,6950,2022-02-07,0
2021-02-27,6,6956,2022-02-07,0
2021-02-28,8,6964,2022-02-07,0
2021-03-01,7,6971,2022-02-07,0
2021-03-02,3,6974,2022-02-07,0
2021-03-03,10,6984,2022-02-07,0
2021-03-04,6,6990,2022-02-07,0
2021-03-05,10,7000,2022-02-07,0
2021-03-06,5,7005,2022-02-07,0
2021-03-07,9,7014,2022-02-07,0
2021-03-08,5,7019,2022-02-07,0
2021-03-09,7,7026,2022-02-07,0
2021-03-10,5,7031,2022-02-07,0
2021-03-11,4,7035,2022-02-07,0
2021-03-12,11,7046,2022-02-07,0
2021-03-13,5,7051,2022-02-07,0
2021-03-14,5,7056,2022-02-07,0
2021-03-15,2,7058,2022-02-07,0
2021-03-16,6,7064,2022-02-07,0
2021-03-17,4,7068,2022-02-07,0
2021-03-18,5,7073,2022-02-07,0
2021-03-19,5,7078,2022-02-07,0
2021-03-20,9,7087,2022-02-07,0
2021-03-21,5,7092,2022-02-07,0
2021-03-22,4,7096,2022-02-07,0
2021-03-23,5,7101,2022-02-07,0
2021-03-24,1,7102,2022-02-07,0
2021-03-25,5,7107,2022-02-07,0
2021-03-26,3,7110,2022-02-07,0
2021-03-27,7,7117,2022-02-07,0
2021-03-28,6,7123,2022-02-07,0
2021-03-29,5,7128,2022-02-07,0
2021-03-30,6,7134,2022-02-07,0
2021-03-31,8,7142,2022-02-07,0
2021-04-01,6,7148,2022-02-07,0
2021-04-02,9,7157,2022-02-07,0
2021-04-03,8,7165,2022-02-07,0
2021-04-04,6,7171,2022-02-07,0
2021-04-05,8,7179,2022-02-07,0
2021-04-06,7,7186,2022-02-07,0
2021-04-07,6,7192,2022-02-07,0
2021-04-08,10,7202,2022-02-07,0
2021-04-09,7,7209,2022-02-07,0
2021-04-10,7,7216,2022-02-07,0
2021-04-11,8,7224,2022-02-07,0
2021-04-12,10,7234,2022-02-07,0
2021-04-13,7,7241,2022-02-07,0
2021-04-14,8,7249,2022-02-07,0
2021-04-15,14,7263,2022-02-07,0
2021-04-16,8,7271,2022-02-07,0
2021-04-17,8,7279,2022-02-07,0
2021-04-18,8,7287,2022-02-07,0
2021-04-19,10,7297,2022-02-07,0
2021-04-20,5,7302,2022-02-07,0
2021-04-21,8,7310,2022-02-07,0
2021-04-22,3,7313,2022-02-07,0
2021-04-23,15,7328,2022-02-07,0
2021-04-24,11,7339,2022-02-07,0
2021-04-25,15,7354,2022-02-07,0
2021-04-26,15,7369,2022-02-07,0
2021-04-27,7,7376,2022-02-07,0
2021-04-28,14,7390,2022-02-07,0
2021-04-29,8,7398,2022-02-07,0
2021-04-30,11,7409,2022-02-07,0
2021-05-01,7,7416,2022-02-07,0
2021-05-02,8,7424,2022-02-07,0
2021-05-03,5,7429,2022-02-07,0
2021-05-04,13,7442,2022-02-07,0
2021-05-05,8,7450,2022-02-07,0
2021-05-06,5,7455,2022-02-07,0
2021-05-07,8,7463,2022-02-07,0
2021-05-08,7,7470,2022-02-07,0
2021-05-09,9,7479,2022-02-07,0
2021-05-10,8,7487,2022-02-07,0
2021-05-11,6,7493,2022-02-07,0
2021-05-12,9,7502,2022-02-07,0
2021-05-13,9,7511,2022-02-07,0
2021-05-14,11,7522,2022-02-07,0
2021-05-15,10,7532,2022-02-07,0
2021-05-16,6,7538,2022-02-07,0
2021-05-17,6,7544,2022-02-07,0
2021-05-18,7,7551,2022-02-07,0
2021-05-19,2,7553,2022-02-07,0
2021-05-20,5,7558,2022-02-07,0
2021-05-21,7,7565,2022-02-07,0
2021-05-22,12,7577,2022-02-07,0
2021-05-23,5,7582,2022-02-07,0
2021-05-24,5,7587,2022-02-07,0
2021-05-25,6,7593,2022-02-07,0
2021-05-26,3,7596,2022-02-07,0
2021-05-27,7,7603,2022-02-07,0
2021-05-28,2,7605,2022-02-07,0
2021-05-29,6,7611,2022-02-07,0
2021-05-30,4,7615,2022-02-07,0
2021-05-31,3,7618,2022-02-07,0
2021-06-01,5,7623,2022-02-07,0
2021-06-02,8,7631,2022-02-07,0
2021-06-03,4,7635,2022-02-07,0
2021-06-04,4,7639,2022-02-07,0
2021-06-05,2,7641,2022-02-07,0
2021-06-06,5,7646,2022-02-07,0
2021-06-07,3,7649,2022-02-07,0
2021-06-08,5,7654,2022-02-07,0
2021-06-09,4,7658,2022-02-07,0
2021-06-10,6,7664,2022-02-07,0
2021-06-11,6,7670,2022-02-07,0
2021-06-12,4,7674,2022-02-07,0
2021-06-13,4,7678,2022-02-07,0
2021-06-14,3,7681,2022-02-07,0
2021-06-15,2,7683,2022-02-07,0
2021-06-16,2,7685,2022-02-07,0
2021-06-17,4,7689,2022-02-07,0
2021-06-18,1,7690,2022-02-07,0
2021-06-19,6,7696,2022-02-07,0
2021-06-20,1,7697,2022-02-07,0
2021-06-21,5,7702,2022-02-07,0
2021-06-22,3,7705,2022-02-07,0
2021-06-23,4,7709,2022-02-07,0
2021-06-24,3,7712,2022-02-07,0
2021-06-25,3,7715,2022-02-07,0
2021-06-26,4,7719,2022-02-07,0
2021-06-27,2,7721,2022-02-07,0
2021-06-28,2,7723,2022-02-07,0
2021-06-29,2,7725,2022-02-07,0
2021-06-30,2,7727,2022-02-07,0
2021-07-01,0,7727,2022-02-07,0
2021-07-02,2,7729,2022-02-07,0
2021-07-03,2,7731,2022-02-07,0
2021-07-04,3,7734,2022-02-07,0
2021-07-05,1,7735,2022-02-07,0
2021-07-06,5,7740,2022-02-07,0
2021-07-07,1,7741,2022-02-07,0
2021-07-08,1,7742,2022-02-07,0
2021-07-09,0,7742,2022-02-07,0
2021-07-10,1,7743,2022-02-07,0
2021-07-11,3,7746,2022-02-07,0
2021-07-12,1,7747,2022-02-07,0
2021-07-13,2,7749,2022-02-07,0
2021-07-14,2,7751,2022-02-07,0
2021-07-15,2,7753,2022-02-07,0
2021-07-16,1,7754,2022-02-07,0
2021-07-17,1,7755,2022-02-07,0
2021-07-18,0,7755,2022-02-07,0
2021-07-19,0,7755,2022-02-07,0
2021-07-20,2,7757,2022-02-07,0
2021-07-21,3,7760,2022-02-07,0
2021-07-22,2,7762,2022-02-07,0
2021-07-23,3,7765,2022-02-07,0
2021-07-24,0,7765,2022-02-07,0
2021-07-25,2,7767,2022-02-07,0
2021-07-26,1,7768,2022-02-07,0
2021-07-27,2,7770,2022-02-07,0
2021-07-28,3,7773,2022-02-07,0
2021-07-29,2,7775,2022-02-07,0
2021-07-30,5,7780,2022-02-07,0
2021-07-31,4,7784,2022-02-07,0
2021-08-01,1,7785,2022-02-07,0
2021-08-02,3,7788,2022-02-07,0
2021-08-03,2,7790,2022-02-07,0
2021-08-04,3,7793,2022-02-07,0
2021-08-05,2,7795,2022-02-07,0
2021-08-06,8,7803,2022-02-07,0
2021-08-07,3,7806,2022-02-07,0
2021-08-08,3,7809,2022-02-07,0
2021-08-09,3,7812,2022-02-07,0
2021-08-10,2,7814,2022-02-07,0
2021-08-11,2,7816,2022-02-07,0
2021-08-12,7,7823,2022-02-07,0
2021-08-13,5,7828,2022-02-07,0
2021-08-14,6,7834,2022-02-07,0
2021-08-15,0,7834,2022-02-07,0
2021-08-16,7,7841,2022-02-07,0
2021-08-17,7,7848,2022-02-07,0
2021-08-18,9,7857,2022-02-07,0
2021-08-19,2,7859,2022-02-07,0
2021-08-20,3,7862,2022-02-07,0
2021-08-21,5,7867,2022-02-07,0
2021-08-22,7,7874,2022-02-07,0
2021-08-23,5,7879,2022-02-07,0
2021-08-24,12,7891,2022-02-07,0
2021-08-25,7,7898,2022-02-07,0
2021-08-26,2,7900,2022-02-07,0
2021-08-27,6,7906,2022-02-07,0
2021-08-28,11,7917,2022-02-07,0
2021-08-29,11,7928,2022-02-07,0
2021-08-30,8,7936,2022-02-07,0
2021-08-31,8,7944,2022-02-07,0
2021-09-01,6,7950,2022-02-07,0
2021-09-02,6,7956,2022-02-07,0
2021-09-03,9,7965,2022-02-07,0
2021-09-04,9,7974,2022-02-07,0
2021-09-05,10,7984,2022-02-07,0
2021-09-06,8,7992,2022-02-07,0
2021-09-07,7,7999,2022-02-07,0
2021-09-08,11,8010,2022-02-07,0
2021-09-09,5,8015,2022-02-07,0
2021-09-10,9,8024,2022-02-07,0
2021-09-11,17,8041,2022-02-07,0
2021-09-12,10,8051,2022-02-07,0
2021-09-13,8,8059,2022-02-07,0
2021-09-14,11,8070,2022-02-07,0
2021-09-15,14,8084,2022-02-07,0
2021-09-16,16,8100,2022-02-07,0
2021-09-17,8,8108,2022-02-07,0
2021-09-18,14,8122,2022-02-07,0
2021-09-19,11,8133,2022-02-07,0
2021-09-20,16,8149,2022-02-07,0
2021-09-21,15,8164,2022-02-07,0
2021-09-22,17,8181,2022-02-07,0
2021-09-23,13,8194,2022-02-07,0
2021-09-24,13,8207,2022-02-07,0
2021-09-25,16,8223,2022-02-07,0
2021-09-26,15,8238,2022-02-07,0
2021-09-27,15,8253,2022-02-07,0
2021-09-28,11,8264,2022-02-07,0
2021-09-29,20,8284,2022-02-07,0
2021-09-30,17,8301,2022-02-07,0
2021-10-01,13,8314,2022-02-07,0
2021-10-02,15,8329,2022-02-07,0
2021-10-03,23,8352,2022-02-07,0
2021-10-04,15,8367,2022-02-07,0
2021-10-05,23,8390,2022-02-07,0
2021-10-06,21,8411,2022-02-07,0
2021-10-07,14,8425,2022-02-07,0
2021-10-08,22,8447,2022-02-07,0
2021-10-09,20,8467,2022-02-07,0
2021-10-10,13,8480,2022-02-07,0
2021-10-11,11,8491,2022-02-07,0
2021-10-12,25,8516,2022-02-07,0
2021-10-13,21,8537,2022-02-07,0
2021-10-14,22,8559,2022-02-07,0
2021-10-15,14,8573,2022-02-07,0
2021-10-16,20,8593,2022-02-07,0
2021-10-17,17,8610,2022-02-07,0
2021-10-18,17,8627,2022-02-07,0
2021-10-19,25,8652,2022-02-07,0
2021-10-20,16,8668,2022-02-07,0
2021-10-21,9,8677,2022-02-07,0
2021-10-22,23,8700,2022-02-07,0
2021-10-23,24,8724,2022-02-07,0
2021-10-24,25,8749,2022-02-07,0
2021-10-25,20,8769,2022-02-07,0
2021-10-26,22,8791,2022-02-07,0
2021-10-27,16,8807,2022-02-07,0
2021-10-28,24,8831,2022-02-07,0
2021-10-29,20,8851,2022-02-07,0
2021-10-30,19,8870,2022-02-07,0
2021-10-31,26,8896,2022-02-07,0
2021-11-01,18,8914,2022-02-07,0
2021-11-02,18,8932,2022-02-07,0
2021-11-03,27,8959,2022-02-07,0
2021-11-04,27,8986,2022-02-07,0
2021-11-05,29,9015,2022-02-07,0
2021-11-06,16,9031,2022-02-07,0
2021-11-07,24,9055,2022-02-07,0
2021-11-08,27,9082,2022-02-07,0
2021-11-09,16,9098,2022-02-07,0
2021-11-10,18,9116,2022-02-07,0
2021-11-11,28,9144,2022-02-07,0
2021-11-12,29,9173,2022-02-07,0
2021-11-13,31,9204,2022-02-07,0
2021-11-14,24,9228,2022-02-07,0
2021-11-15,28,9256,2022-02-07,0
2021-11-16,25,9281,2022-02-07,0
2021-11-17,37,9318,2022-02-07,0
2021-11-18,36,9354,2022-02-07,0
2021-11-19,34,9388,2022-02-07,0
2021-11-20,30,9418,2022-02-07,0
2021-11-21,32,9450,2022-02-07,0
2021-11-22,29,9479,2022-02-07,0
2021-11-23,31,9510,2022-02-07,0
2021-11-24,25,9535,2022-02-07,0
2021-11-25,35,9570,2022-02-07,0
2021-11-26,50,9620,2022-02-07,0
2021-11-27,36,9656,2022-02-07,0
2021-11-28,39,9695,2022-02-07,0
2021-11-29,29,9724,2022-02-07,0
2021-11-30,30,9754,2022-02-07,0
2021-12-01,47,9801,2022-02-07,0
2021-12-02,40,9841,2022-02-07,0
2021-12-03,31,9872,2022-02-07,0
2021-12-04,42,9914,2022-02-07,0
2021-12-05,35,9949,2022-02-07,0
2021-12-06,34,9983,2022-02-07,0
2021-12-07,35,10018,2022-02-07,0
2021-12-08,38,10056,2022-02-07,0
2021-12-09,47,10103,2022-02-07,0
2021-12-10,34,10137,2022-02-07,0
2021-12-11,27,10164,2022-02-07,0
2021-12-12,36,10200,2022-02-07,0
2021-12-13,32,10232,2022-02-07,0
2021-12-14,35,10267,2022-02-07,0
2021-12-15,40,10307,2022-02-07,0
2021-12-16,32,10339,2022-02-07,0
2021-12-17,39,10378,2022-02-07,0
2021-12-18,32,10410,2022-02-07,0
2021-12-19,30,10440,2022-02-07,0
2021-12-20,33,10473,2022-02-07,0
2021-12-21,28,10501,2022-02-07,0
2021-12-22,28,10529,2022-02-07,0
2021-12-23,27,10556,2022-02-07,0
2021-12-24,29,10585,2022-02-07,0
2021-12-25,28,10613,2022-02-07,0
2021-12-26,42,10655,2022-02-07,0
2021-12-27,31,10686,2022-02-07,0
2021-12-28,34,10720,2022-02-07,0
2021-12-29,29,10749,2022-02-07,0
2021-12-30,19,10768,2022-02-07,0
2021-12-31,38,10806,2022-02-07,0
2022-01-01,27,10833,2022-02-07,0
2022-01-02,22,10855,2022-02-07,0
2022-01-03,22,10877,2022-02-07,0
2022-01-04,29,10906,2022-02-07,0
2022-01-05,31,10937,2022-02-07,0
2022-01-06,32,10969,2022-02-07,0
2022-01-07,27,10996,2022-02-07,0
2022-01-08,40,11036,2022-02-07,0
2022-01-09,18,11054,2022-02-07,0
2022-01-10,30,11084,2022-02-07,0
2022-01-11,17,11101,2022-02-07,0
2022-01-12,17,11118,2022-02-07,0
2022-01-13,26,11144,2022-02-07,0
2022-01-14,33,11177,2022-02-07,0
2022-01-15,25,11202,2022-02-07,0
2022-01-16,30,11232,2022-02-07,0
2022-01-17,33,11265,2022-02-07,0
2022-01-18,22,11287,2022-02-07,0
2022-01-19,26,11313,2022-02-07,0
2022-01-20,30,11343,2022-02-07,0
2022-01-21,26,11369,2022-02-07,0
2022-01-22,22,11391,2022-02-07,0
2022-01-23,22,11413,2022-02-07,1
2022-01-24,29,11442,2022-02-07,1
2022-01-25,32,11474,2022-02-07,1
2022-01-26,30,11504,2022-02-07,1
2022-01-27,29,11533,2022-02-07,0
2022-01-28,27,11560,2022-02-07,2
2022-01-29,22,11582,2022-02-07,4
2022-01-30,22,11604,2022-02-07,4
2022-01-31,5,11609,2022-02-07,1
2022-02-01,11,11620,2022-02-07,7
2022-02-02,11,11631,2022-02-07,10
2022-02-03,3,11634,2022-02-07,3
NA,0,11634,2022-02-07,0
2020-03-19,1,1,2022-02-08,0
2020-03-20,0,1,2022-02-08,0
2020-03-21,0,1,2022-02-08,0
2020-03-22,0,1,2022-02-08,0
2020-03-23,0,1,2022-02-08,0
2020-03-24,1,2,2022-02-08,0
2020-03-25,1,3,2022-02-08,0
2020-03-26,1,4,2022-02-08,0
2020-03-27,5,9,2022-02-08,0
2020-03-28,3,12,2022-02-08,0
2020-03-29,0,12,2022-02-08,0
2020-03-30,5,17,2022-02-08,0
2020-03-31,2,19,2022-02-08,0
2020-04-01,5,24,2022-02-08,0
2020-04-02,3,27,2022-02-08,0
2020-04-03,1,28,2022-02-08,0
2020-04-04,5,33,2022-02-08,0
2020-04-05,5,38,2022-02-08,0
2020-04-06,10,48,2022-02-08,0
2020-04-07,6,54,2022-02-08,0
2020-04-08,7,61,2022-02-08,0
2020-04-09,8,69,2022-02-08,0
2020-04-10,6,75,2022-02-08,0
2020-04-11,4,79,2022-02-08,0
2020-04-12,4,83,2022-02-08,0
2020-04-13,10,93,2022-02-08,0
2020-04-14,6,99,2022-02-08,0
2020-04-15,17,116,2022-02-08,0
2020-04-16,10,126,2022-02-08,0
2020-04-17,17,143,2022-02-08,0
2020-04-18,17,160,2022-02-08,0
2020-04-19,16,176,2022-02-08,0
2020-04-20,21,197,2022-02-08,0
2020-04-21,26,223,2022-02-08,0
2020-04-22,21,244,2022-02-08,0
2020-04-23,19,263,2022-02-08,0
2020-04-24,23,286,2022-02-08,0
2020-04-25,18,304,2022-02-08,0
2020-04-26,17,321,2022-02-08,0
2020-04-27,21,342,2022-02-08,0
2020-04-28,16,358,2022-02-08,0
2020-04-29,29,387,2022-02-08,0
2020-04-30,18,405,2022-02-08,0
2020-05-01,30,435,2022-02-08,0
2020-05-02,19,454,2022-02-08,0
2020-05-03,29,483,2022-02-08,0
2020-05-04,23,506,2022-02-08,0
2020-05-05,19,525,2022-02-08,0
2020-05-06,25,550,2022-02-08,0
2020-05-07,30,580,2022-02-08,0
2020-05-08,20,600,2022-02-08,0
2020-05-09,26,626,2022-02-08,0
2020-05-10,19,645,2022-02-08,0
2020-05-11,25,670,2022-02-08,0
2020-05-12,20,690,2022-02-08,0
2020-05-13,22,712,2022-02-08,0
2020-05-14,20,732,2022-02-08,0
2020-05-15,20,752,2022-02-08,0
2020-05-16,20,772,2022-02-08,0
2020-05-17,23,795,2022-02-08,0
2020-05-18,18,813,2022-02-08,0
2020-05-19,35,848,2022-02-08,0
2020-05-20,24,872,2022-02-08,0
2020-05-21,17,889,2022-02-08,0
2020-05-22,20,909,2022-02-08,0
2020-05-23,26,935,2022-02-08,0
2020-05-24,25,960,2022-02-08,0
2020-05-25,30,990,2022-02-08,0
2020-05-26,29,1019,2022-02-08,0
2020-05-27,25,1044,2022-02-08,0
2020-05-28,21,1065,2022-02-08,0
2020-05-29,17,1082,2022-02-08,0
2020-05-30,11,1093,2022-02-08,0
2020-05-31,20,1113,2022-02-08,0
2020-06-01,23,1136,2022-02-08,0
2020-06-02,21,1157,2022-02-08,0
2020-06-03,25,1182,2022-02-08,0
2020-06-04,26,1208,2022-02-08,0
2020-06-05,18,1226,2022-02-08,0
2020-06-06,12,1238,2022-02-08,0
2020-06-07,22,1260,2022-02-08,0
2020-06-08,12,1272,2022-02-08,0
2020-06-09,13,1285,2022-02-08,0
2020-06-10,10,1295,2022-02-08,0
2020-06-11,12,1307,2022-02-08,0
2020-06-12,11,1318,2022-02-08,0
2020-06-13,13,1331,2022-02-08,0
2020-06-14,11,1342,2022-02-08,0
2020-06-15,8,1350,2022-02-08,0
2020-06-16,9,1359,2022-02-08,0
2020-06-17,17,1376,2022-02-08,0
2020-06-18,9,1385,2022-02-08,0
2020-06-19,8,1393,2022-02-08,0
2020-06-20,12,1405,2022-02-08,0
2020-06-21,11,1416,2022-02-08,0
2020-06-22,6,1422,2022-02-08,0
2020-06-23,10,1432,2022-02-08,0
2020-06-24,1,1433,2022-02-08,0
2020-06-25,9,1442,2022-02-08,0
2020-06-26,6,1448,2022-02-08,0
2020-06-27,5,1453,2022-02-08,0
2020-06-28,11,1464,2022-02-08,0
2020-06-29,7,1471,2022-02-08,0
2020-06-30,9,1480,2022-02-08,0
2020-07-01,2,1482,2022-02-08,0
2020-07-02,3,1485,2022-02-08,0
2020-07-03,5,1490,2022-02-08,0
2020-07-04,4,1494,2022-02-08,0
2020-07-05,6,1500,2022-02-08,0
2020-07-06,4,1504,2022-02-08,0
2020-07-07,2,1506,2022-02-08,0
2020-07-08,9,1515,2022-02-08,0
2020-07-09,4,1519,2022-02-08,0
2020-07-10,3,1522,2022-02-08,0
2020-07-11,4,1526,2022-02-08,0
2020-07-12,6,1532,2022-02-08,0
2020-07-13,2,1534,2022-02-08,0
2020-07-14,6,1540,2022-02-08,0
2020-07-15,7,1547,2022-02-08,0
2020-07-16,3,1550,2022-02-08,0
2020-07-17,7,1557,2022-02-08,0
2020-07-18,6,1563,2022-02-08,0
2020-07-19,5,1568,2022-02-08,0
2020-07-20,3,1571,2022-02-08,0
2020-07-21,6,1577,2022-02-08,0
2020-07-22,5,1582,2022-02-08,0
2020-07-23,8,1590,2022-02-08,0
2020-07-24,6,1596,2022-02-08,0
2020-07-25,2,1598,2022-02-08,0
2020-07-26,5,1603,2022-02-08,0
2020-07-27,5,1608,2022-02-08,0
2020-07-28,7,1615,2022-02-08,0
2020-07-29,3,1618,2022-02-08,0
2020-07-30,6,1624,2022-02-08,0
2020-07-31,9,1633,2022-02-08,0
2020-08-01,4,1637,2022-02-08,0
2020-08-02,7,1644,2022-02-08,0
2020-08-03,4,1648,2022-02-08,0
2020-08-04,7,1655,2022-02-08,0
2020-08-05,8,1663,2022-02-08,0
2020-08-06,9,1672,2022-02-08,0
2020-08-07,7,1679,2022-02-08,0
2020-08-08,6,1685,2022-02-08,0
2020-08-09,10,1695,2022-02-08,0
2020-08-10,3,1698,2022-02-08,0
2020-08-11,9,1707,2022-02-08,0
2020-08-12,7,1714,2022-02-08,0
2020-08-13,5,1719,2022-02-08,0
2020-08-14,9,1728,2022-02-08,0
2020-08-15,13,1741,2022-02-08,0
2020-08-16,13,1754,2022-02-08,0
2020-08-17,6,1760,2022-02-08,0
2020-08-18,11,1771,2022-02-08,0
2020-08-19,3,1774,2022-02-08,0
2020-08-20,10,1784,2022-02-08,0
2020-08-21,12,1796,2022-02-08,0
2020-08-22,9,1805,2022-02-08,0
2020-08-23,7,1812,2022-02-08,0
2020-08-24,9,1821,2022-02-08,0
2020-08-25,4,1825,2022-02-08,0
2020-08-26,3,1828,2022-02-08,0
2020-08-27,7,1835,2022-02-08,0
2020-08-28,6,1841,2022-02-08,0
2020-08-29,3,1844,2022-02-08,0
2020-08-30,5,1849,2022-02-08,0
2020-08-31,9,1858,2022-02-08,0
2020-09-01,2,1860,2022-02-08,0
2020-09-02,7,1867,2022-02-08,0
2020-09-03,12,1879,2022-02-08,0
2020-09-04,4,1883,2022-02-08,0
2020-09-05,6,1889,2022-02-08,0
2020-09-06,12,1901,2022-02-08,0
2020-09-07,3,1904,2022-02-08,0
2020-09-08,6,1910,2022-02-08,0
2020-09-09,10,1920,2022-02-08,0
2020-09-10,9,1929,2022-02-08,0
2020-09-11,11,1940,2022-02-08,0
2020-09-12,8,1948,2022-02-08,0
2020-09-13,8,1956,2022-02-08,0
2020-09-14,2,1958,2022-02-08,0
2020-09-15,7,1965,2022-02-08,0
2020-09-16,9,1974,2022-02-08,0
2020-09-17,5,1979,2022-02-08,0
2020-09-18,6,1985,2022-02-08,0
2020-09-19,4,1989,2022-02-08,0
2020-09-20,9,1998,2022-02-08,0
2020-09-21,7,2005,2022-02-08,0
2020-09-22,8,2013,2022-02-08,0
2020-09-23,9,2022,2022-02-08,0
2020-09-24,8,2030,2022-02-08,0
2020-09-25,11,2041,2022-02-08,0
2020-09-26,9,2050,2022-02-08,0
2020-09-27,14,2064,2022-02-08,0
2020-09-28,11,2075,2022-02-08,0
2020-09-29,5,2080,2022-02-08,0
2020-09-30,16,2096,2022-02-08,0
2020-10-01,7,2103,2022-02-08,0
2020-10-02,13,2116,2022-02-08,0
2020-10-03,9,2125,2022-02-08,0
2020-10-04,7,2132,2022-02-08,0
2020-10-05,10,2142,2022-02-08,0
2020-10-06,13,2155,2022-02-08,0
2020-10-07,19,2174,2022-02-08,0
2020-10-08,9,2183,2022-02-08,0
2020-10-09,17,2200,2022-02-08,0
2020-10-10,16,2216,2022-02-08,0
2020-10-11,16,2232,2022-02-08,0
2020-10-12,20,2252,2022-02-08,0
2020-10-13,14,2266,2022-02-08,0
2020-10-14,10,2276,2022-02-08,0
2020-10-15,9,2285,2022-02-08,0
2020-10-16,12,2297,2022-02-08,0
2020-10-17,18,2315,2022-02-08,0
2020-10-18,25,2340,2022-02-08,0
2020-10-19,18,2358,2022-02-08,0
2020-10-20,15,2373,2022-02-08,0
2020-10-21,24,2397,2022-02-08,0
2020-10-22,18,2415,2022-02-08,0
2020-10-23,19,2434,2022-02-08,0
2020-10-24,8,2442,2022-02-08,0
2020-10-25,17,2459,2022-02-08,0
2020-10-26,25,2484,2022-02-08,0
2020-10-27,23,2507,2022-02-08,0
2020-10-28,29,2536,2022-02-08,0
2020-10-29,18,2554,2022-02-08,0
2020-10-30,27,2581,2022-02-08,0
2020-10-31,25,2606,2022-02-08,0
2020-11-01,21,2627,2022-02-08,0
2020-11-02,25,2652,2022-02-08,0
2020-11-03,25,2677,2022-02-08,0
2020-11-04,33,2710,2022-02-08,0
2020-11-05,38,2748,2022-02-08,0
2020-11-06,39,2787,2022-02-08,0
2020-11-07,42,2829,2022-02-08,0
2020-11-08,47,2876,2022-02-08,0
2020-11-09,37,2913,2022-02-08,0
2020-11-10,35,2948,2022-02-08,0
2020-11-11,43,2991,2022-02-08,0
2020-11-12,45,3036,2022-02-08,0
2020-11-13,40,3076,2022-02-08,0
2020-11-14,48,3124,2022-02-08,0
2020-11-15,46,3170,2022-02-08,0
2020-11-16,62,3232,2022-02-08,0
2020-11-17,56,3288,2022-02-08,0
2020-11-18,61,3349,2022-02-08,0
2020-11-19,60,3409,2022-02-08,0
2020-11-20,63,3472,2022-02-08,0
2020-11-21,58,3530,2022-02-08,0
2020-11-22,67,3597,2022-02-08,0
2020-11-23,59,3656,2022-02-08,0
2020-11-24,69,3725,2022-02-08,0
2020-11-25,72,3797,2022-02-08,0
2020-11-26,54,3851,2022-02-08,0
2020-11-27,69,3920,2022-02-08,0
2020-11-28,62,3982,2022-02-08,0
2020-11-29,68,4050,2022-02-08,0
2020-11-30,62,4112,2022-02-08,0
2020-12-01,64,4176,2022-02-08,0
2020-12-02,73,4249,2022-02-08,0
2020-12-03,86,4335,2022-02-08,0
2020-12-04,67,4402,2022-02-08,0
2020-12-05,74,4476,2022-02-08,0
2020-12-06,80,4556,2022-02-08,0
2020-12-07,75,4631,2022-02-08,0
2020-12-08,61,4692,2022-02-08,0
2020-12-09,71,4763,2022-02-08,0
2020-12-10,72,4835,2022-02-08,0
2020-12-11,71,4906,2022-02-08,0
2020-12-12,72,4978,2022-02-08,0
2020-12-13,56,5034,2022-02-08,0
2020-12-14,43,5077,2022-02-08,0
2020-12-15,65,5142,2022-02-08,0
2020-12-16,74,5216,2022-02-08,0
2020-12-17,60,5276,2022-02-08,0
2020-12-18,59,5335,2022-02-08,0
2020-12-19,56,5391,2022-02-08,0
2020-12-20,61,5452,2022-02-08,0
2020-12-21,58,5510,2022-02-08,0
2020-12-22,33,5543,2022-02-08,0
2020-12-23,46,5589,2022-02-08,0
2020-12-24,50,5639,2022-02-08,0
2020-12-25,36,5675,2022-02-08,0
2020-12-26,43,5718,2022-02-08,0
2020-12-27,41,5759,2022-02-08,0
2020-12-28,34,5793,2022-02-08,0
2020-12-29,37,5830,2022-02-08,0
2020-12-30,47,5877,2022-02-08,0
2020-12-31,36,5913,2022-02-08,0
2021-01-01,28,5941,2022-02-08,0
2021-01-02,49,5990,2022-02-08,0
2021-01-03,37,6027,2022-02-08,0
2021-01-04,32,6059,2022-02-08,0
2021-01-05,40,6099,2022-02-08,0
2021-01-06,32,6131,2022-02-08,0
2021-01-07,38,6169,2022-02-08,0
2021-01-08,32,6201,2022-02-08,0
2021-01-09,26,6227,2022-02-08,0
2021-01-10,30,6257,2022-02-08,0
2021-01-11,26,6283,2022-02-08,0
2021-01-12,32,6315,2022-02-08,0
2021-01-13,23,6338,2022-02-08,0
2021-01-14,42,6380,2022-02-08,0
2021-01-15,26,6406,2022-02-08,0
2021-01-16,30,6436,2022-02-08,0
2021-01-17,21,6457,2022-02-08,0
2021-01-18,19,6476,2022-02-08,0
2021-01-19,14,6490,2022-02-08,0
2021-01-20,26,6516,2022-02-08,0
2021-01-21,16,6532,2022-02-08,0
2021-01-22,14,6546,2022-02-08,0
2021-01-23,17,6563,2022-02-08,0
2021-01-24,24,6587,2022-02-08,0
2021-01-25,19,6606,2022-02-08,0
2021-01-26,21,6627,2022-02-08,0
2021-01-27,11,6638,2022-02-08,0
2021-01-28,12,6650,2022-02-08,0
2021-01-29,15,6665,2022-02-08,0
2021-01-30,13,6678,2022-02-08,0
2021-01-31,16,6694,2022-02-08,0
2021-02-01,17,6711,2022-02-08,0
2021-02-02,10,6721,2022-02-08,0
2021-02-03,11,6732,2022-02-08,0
2021-02-04,11,6743,2022-02-08,0
2021-02-05,12,6755,2022-02-08,0
2021-02-06,12,6767,2022-02-08,0
2021-02-07,19,6786,2022-02-08,0
2021-02-08,11,6797,2022-02-08,0
2021-02-09,15,6812,2022-02-08,0
2021-02-10,14,6826,2022-02-08,0
2021-02-11,7,6833,2022-02-08,0
2021-02-12,13,6846,2022-02-08,0
2021-02-13,8,6854,2022-02-08,0
2021-02-14,10,6864,2022-02-08,0
2021-02-15,9,6873,2022-02-08,0
2021-02-16,12,6885,2022-02-08,0
2021-02-17,10,6895,2022-02-08,0
2021-02-18,7,6902,2022-02-08,0
2021-02-19,6,6908,2022-02-08,0
2021-02-20,7,6915,2022-02-08,0
2021-02-21,4,6919,2022-02-08,0
2021-02-22,5,6924,2022-02-08,0
2021-02-23,9,6933,2022-02-08,0
2021-02-24,5,6938,2022-02-08,0
2021-02-25,5,6943,2022-02-08,0
2021-02-26,7,6950,2022-02-08,0
2021-02-27,6,6956,2022-02-08,0
2021-02-28,8,6964,2022-02-08,0
2021-03-01,7,6971,2022-02-08,0
2021-03-02,3,6974,2022-02-08,0
2021-03-03,10,6984,2022-02-08,0
2021-03-04,6,6990,2022-02-08,0
2021-03-05,10,7000,2022-02-08,0
2021-03-06,5,7005,2022-02-08,0
2021-03-07,9,7014,2022-02-08,0
2021-03-08,5,7019,2022-02-08,0
2021-03-09,7,7026,2022-02-08,0
2021-03-10,5,7031,2022-02-08,0
2021-03-11,4,7035,2022-02-08,0
2021-03-12,11,7046,2022-02-08,0
2021-03-13,5,7051,2022-02-08,0
2021-03-14,5,7056,2022-02-08,0
2021-03-15,2,7058,2022-02-08,0
2021-03-16,6,7064,2022-02-08,0
2021-03-17,4,7068,2022-02-08,0
2021-03-18,5,7073,2022-02-08,0
2021-03-19,5,7078,2022-02-08,0
2021-03-20,9,7087,2022-02-08,0
2021-03-21,5,7092,2022-02-08,0
2021-03-22,4,7096,2022-02-08,0
2021-03-23,5,7101,2022-02-08,0
2021-03-24,1,7102,2022-02-08,0
2021-03-25,5,7107,2022-02-08,0
2021-03-26,3,7110,2022-02-08,0
2021-03-27,7,7117,2022-02-08,0
2021-03-28,6,7123,2022-02-08,0
2021-03-29,5,7128,2022-02-08,0
2021-03-30,6,7134,2022-02-08,0
2021-03-31,8,7142,2022-02-08,0
2021-04-01,6,7148,2022-02-08,0
2021-04-02,9,7157,2022-02-08,0
2021-04-03,8,7165,2022-02-08,0
2021-04-04,6,7171,2022-02-08,0
2021-04-05,8,7179,2022-02-08,0
2021-04-06,7,7186,2022-02-08,0
2021-04-07,6,7192,2022-02-08,0
2021-04-08,10,7202,2022-02-08,0
2021-04-09,7,7209,2022-02-08,0
2021-04-10,7,7216,2022-02-08,0
2021-04-11,8,7224,2022-02-08,0
2021-04-12,10,7234,2022-02-08,0
2021-04-13,7,7241,2022-02-08,0
2021-04-14,8,7249,2022-02-08,0
2021-04-15,14,7263,2022-02-08,0
2021-04-16,8,7271,2022-02-08,0
2021-04-17,8,7279,2022-02-08,0
2021-04-18,8,7287,2022-02-08,0
2021-04-19,10,7297,2022-02-08,0
2021-04-20,5,7302,2022-02-08,0
2021-04-21,8,7310,2022-02-08,0
2021-04-22,3,7313,2022-02-08,0
2021-04-23,15,7328,2022-02-08,0
2021-04-24,11,7339,2022-02-08,0
2021-04-25,15,7354,2022-02-08,0
2021-04-26,15,7369,2022-02-08,0
2021-04-27,7,7376,2022-02-08,0
2021-04-28,14,7390,2022-02-08,0
2021-04-29,8,7398,2022-02-08,0
2021-04-30,11,7409,2022-02-08,0
2021-05-01,7,7416,2022-02-08,0
2021-05-02,8,7424,2022-02-08,0
2021-05-03,5,7429,2022-02-08,0
2021-05-04,13,7442,2022-02-08,0
2021-05-05,8,7450,2022-02-08,0
2021-05-06,5,7455,2022-02-08,0
2021-05-07,8,7463,2022-02-08,0
2021-05-08,7,7470,2022-02-08,0
2021-05-09,9,7479,2022-02-08,0
2021-05-10,8,7487,2022-02-08,0
2021-05-11,6,7493,2022-02-08,0
2021-05-12,9,7502,2022-02-08,0
2021-05-13,9,7511,2022-02-08,0
2021-05-14,11,7522,2022-02-08,0
2021-05-15,10,7532,2022-02-08,0
2021-05-16,6,7538,2022-02-08,0
2021-05-17,6,7544,2022-02-08,0
2021-05-18,7,7551,2022-02-08,0
2021-05-19,2,7553,2022-02-08,0
2021-05-20,5,7558,2022-02-08,0
2021-05-21,7,7565,2022-02-08,0
2021-05-22,12,7577,2022-02-08,0
2021-05-23,5,7582,2022-02-08,0
2021-05-24,5,7587,2022-02-08,0
2021-05-25,6,7593,2022-02-08,0
2021-05-26,3,7596,2022-02-08,0
2021-05-27,7,7603,2022-02-08,0
2021-05-28,2,7605,2022-02-08,0
2021-05-29,6,7611,2022-02-08,0
2021-05-30,4,7615,2022-02-08,0
2021-05-31,3,7618,2022-02-08,0
2021-06-01,5,7623,2022-02-08,0
2021-06-02,8,7631,2022-02-08,0
2021-06-03,4,7635,2022-02-08,0
2021-06-04,4,7639,2022-02-08,0
2021-06-05,2,7641,2022-02-08,0
2021-06-06,5,7646,2022-02-08,0
2021-06-07,3,7649,2022-02-08,0
2021-06-08,5,7654,2022-02-08,0
2021-06-09,4,7658,2022-02-08,0
2021-06-10,6,7664,2022-02-08,0
2021-06-11,6,7670,2022-02-08,0
2021-06-12,4,7674,2022-02-08,0
2021-06-13,4,7678,2022-02-08,0
2021-06-14,3,7681,2022-02-08,0
2021-06-15,2,7683,2022-02-08,0
2021-06-16,2,7685,2022-02-08,0
2021-06-17,4,7689,2022-02-08,0
2021-06-18,1,7690,2022-02-08,0
2021-06-19,6,7696,2022-02-08,0
2021-06-20,1,7697,2022-02-08,0
2021-06-21,5,7702,2022-02-08,0
2021-06-22,3,7705,2022-02-08,0
2021-06-23,4,7709,2022-02-08,0
2021-06-24,3,7712,2022-02-08,0
2021-06-25,3,7715,2022-02-08,0
2021-06-26,4,7719,2022-02-08,0
2021-06-27,2,7721,2022-02-08,0
2021-06-28,2,7723,2022-02-08,0
2021-06-29,2,7725,2022-02-08,0
2021-06-30,2,7727,2022-02-08,0
2021-07-01,0,7727,2022-02-08,0
2021-07-02,2,7729,2022-02-08,0
2021-07-03,2,7731,2022-02-08,0
2021-07-04,3,7734,2022-02-08,0
2021-07-05,1,7735,2022-02-08,0
2021-07-06,5,7740,2022-02-08,0
2021-07-07,1,7741,2022-02-08,0
2021-07-08,1,7742,2022-02-08,0
2021-07-09,0,7742,2022-02-08,0
2021-07-10,1,7743,2022-02-08,0
2021-07-11,3,7746,2022-02-08,0
2021-07-12,1,7747,2022-02-08,0
2021-07-13,2,7749,2022-02-08,0
2021-07-14,2,7751,2022-02-08,0
2021-07-15,2,7753,2022-02-08,0
2021-07-16,1,7754,2022-02-08,0
2021-07-17,1,7755,2022-02-08,0
2021-07-18,0,7755,2022-02-08,0
2021-07-19,0,7755,2022-02-08,0
2021-07-20,2,7757,2022-02-08,0
2021-07-21,3,7760,2022-02-08,0
2021-07-22,2,7762,2022-02-08,0
2021-07-23,3,7765,2022-02-08,0
2021-07-24,0,7765,2022-02-08,0
2021-07-25,2,7767,2022-02-08,0
2021-07-26,1,7768,2022-02-08,0
2021-07-27,2,7770,2022-02-08,0
2021-07-28,3,7773,2022-02-08,0
2021-07-29,2,7775,2022-02-08,0
2021-07-30,5,7780,2022-02-08,0
2021-07-31,4,7784,2022-02-08,0
2021-08-01,1,7785,2022-02-08,0
2021-08-02,3,7788,2022-02-08,0
2021-08-03,2,7790,2022-02-08,0
2021-08-04,3,7793,2022-02-08,0
2021-08-05,2,7795,2022-02-08,0
2021-08-06,8,7803,2022-02-08,0
2021-08-07,3,7806,2022-02-08,0
2021-08-08,3,7809,2022-02-08,0
2021-08-09,3,7812,2022-02-08,0
2021-08-10,2,7814,2022-02-08,0
2021-08-11,2,7816,2022-02-08,0
2021-08-12,7,7823,2022-02-08,0
2021-08-13,5,7828,2022-02-08,0
2021-08-14,6,7834,2022-02-08,0
2021-08-15,0,7834,2022-02-08,0
2021-08-16,7,7841,2022-02-08,0
2021-08-17,7,7848,2022-02-08,0
2021-08-18,9,7857,2022-02-08,0
2021-08-19,2,7859,2022-02-08,0
2021-08-20,3,7862,2022-02-08,0
2021-08-21,5,7867,2022-02-08,0
2021-08-22,7,7874,2022-02-08,0
2021-08-23,5,7879,2022-02-08,0
2021-08-24,12,7891,2022-02-08,0
2021-08-25,7,7898,2022-02-08,0
2021-08-26,2,7900,2022-02-08,0
2021-08-27,6,7906,2022-02-08,0
2021-08-28,11,7917,2022-02-08,0
2021-08-29,11,7928,2022-02-08,0
2021-08-30,8,7936,2022-02-08,0
2021-08-31,8,7944,2022-02-08,0
2021-09-01,6,7950,2022-02-08,0
2021-09-02,6,7956,2022-02-08,0
2021-09-03,9,7965,2022-02-08,0
2021-09-04,9,7974,2022-02-08,0
2021-09-05,10,7984,2022-02-08,0
2021-09-06,8,7992,2022-02-08,0
2021-09-07,7,7999,2022-02-08,0
2021-09-08,11,8010,2022-02-08,0
2021-09-09,5,8015,2022-02-08,0
2021-09-10,9,8024,2022-02-08,0
2021-09-11,17,8041,2022-02-08,0
2021-09-12,10,8051,2022-02-08,0
2021-09-13,8,8059,2022-02-08,0
2021-09-14,11,8070,2022-02-08,0
2021-09-15,14,8084,2022-02-08,0
2021-09-16,16,8100,2022-02-08,0
2021-09-17,8,8108,2022-02-08,0
2021-09-18,14,8122,2022-02-08,0
2021-09-19,11,8133,2022-02-08,0
2021-09-20,16,8149,2022-02-08,0
2021-09-21,15,8164,2022-02-08,0
2021-09-22,17,8181,2022-02-08,0
2021-09-23,13,8194,2022-02-08,0
2021-09-24,13,8207,2022-02-08,0
2021-09-25,16,8223,2022-02-08,0
2021-09-26,15,8238,2022-02-08,0
2021-09-27,15,8253,2022-02-08,0
2021-09-28,11,8264,2022-02-08,0
2021-09-29,21,8285,2022-02-08,1
2021-09-30,17,8302,2022-02-08,0
2021-10-01,13,8315,2022-02-08,0
2021-10-02,15,8330,2022-02-08,0
2021-10-03,23,8353,2022-02-08,0
2021-10-04,15,8368,2022-02-08,0
2021-10-05,23,8391,2022-02-08,0
2021-10-06,21,8412,2022-02-08,0
2021-10-07,14,8426,2022-02-08,0
2021-10-08,22,8448,2022-02-08,0
2021-10-09,20,8468,2022-02-08,0
2021-10-10,14,8482,2022-02-08,1
2021-10-11,11,8493,2022-02-08,0
2021-10-12,25,8518,2022-02-08,0
2021-10-13,21,8539,2022-02-08,0
2021-10-14,22,8561,2022-02-08,0
2021-10-15,14,8575,2022-02-08,0
2021-10-16,20,8595,2022-02-08,0
2021-10-17,17,8612,2022-02-08,0
2021-10-18,17,8629,2022-02-08,0
2021-10-19,25,8654,2022-02-08,0
2021-10-20,16,8670,2022-02-08,0
2021-10-21,9,8679,2022-02-08,0
2021-10-22,23,8702,2022-02-08,0
2021-10-23,24,8726,2022-02-08,0
2021-10-24,25,8751,2022-02-08,0
2021-10-25,20,8771,2022-02-08,0
2021-10-26,22,8793,2022-02-08,0
2021-10-27,16,8809,2022-02-08,0
2021-10-28,24,8833,2022-02-08,0
2021-10-29,20,8853,2022-02-08,0
2021-10-30,20,8873,2022-02-08,1
2021-10-31,27,8900,2022-02-08,1
2021-11-01,18,8918,2022-02-08,0
2021-11-02,18,8936,2022-02-08,0
2021-11-03,27,8963,2022-02-08,0
2021-11-04,27,8990,2022-02-08,0
2021-11-05,29,9019,2022-02-08,0
2021-11-06,16,9035,2022-02-08,0
2021-11-07,24,9059,2022-02-08,0
2021-11-08,27,9086,2022-02-08,0
2021-11-09,16,9102,2022-02-08,0
2021-11-10,18,9120,2022-02-08,0
2021-11-11,28,9148,2022-02-08,0
2021-11-12,29,9177,2022-02-08,0
2021-11-13,31,9208,2022-02-08,0
2021-11-14,24,9232,2022-02-08,0
2021-11-15,28,9260,2022-02-08,0
2021-11-16,25,9285,2022-02-08,0
2021-11-17,37,9322,2022-02-08,0
2021-11-18,37,9359,2022-02-08,1
2021-11-19,34,9393,2022-02-08,0
2021-11-20,30,9423,2022-02-08,0
2021-11-21,32,9455,2022-02-08,0
2021-11-22,29,9484,2022-02-08,0
2021-11-23,31,9515,2022-02-08,0
2021-11-24,25,9540,2022-02-08,0
2021-11-25,35,9575,2022-02-08,0
2021-11-26,50,9625,2022-02-08,0
2021-11-27,36,9661,2022-02-08,0
2021-11-28,39,9700,2022-02-08,0
2021-11-29,29,9729,2022-02-08,0
2021-11-30,30,9759,2022-02-08,0
2021-12-01,47,9806,2022-02-08,0
2021-12-02,40,9846,2022-02-08,0
2021-12-03,31,9877,2022-02-08,0
2021-12-04,42,9919,2022-02-08,0
2021-12-05,35,9954,2022-02-08,0
2021-12-06,34,9988,2022-02-08,0
2021-12-07,35,10023,2022-02-08,0
2021-12-08,38,10061,2022-02-08,0
2021-12-09,47,10108,2022-02-08,0
2021-12-10,34,10142,2022-02-08,0
2021-12-11,27,10169,2022-02-08,0
2021-12-12,36,10205,2022-02-08,0
2021-12-13,33,10238,2022-02-08,1
2021-12-14,35,10273,2022-02-08,0
2021-12-15,40,10313,2022-02-08,0
2021-12-16,32,10345,2022-02-08,0
2021-12-17,40,10385,2022-02-08,1
2021-12-18,32,10417,2022-02-08,0
2021-12-19,30,10447,2022-02-08,0
2021-12-20,33,10480,2022-02-08,0
2021-12-21,28,10508,2022-02-08,0
2021-12-22,28,10536,2022-02-08,0
2021-12-23,27,10563,2022-02-08,0
2021-12-24,29,10592,2022-02-08,0
2021-12-25,28,10620,2022-02-08,0
2021-12-26,42,10662,2022-02-08,0
2021-12-27,31,10693,2022-02-08,0
2021-12-28,34,10727,2022-02-08,0
2021-12-29,29,10756,2022-02-08,0
2021-12-30,19,10775,2022-02-08,0
2021-12-31,38,10813,2022-02-08,0
2022-01-01,27,10840,2022-02-08,0
2022-01-02,22,10862,2022-02-08,0
2022-01-03,23,10885,2022-02-08,1
2022-01-04,29,10914,2022-02-08,0
2022-01-05,31,10945,2022-02-08,0
2022-01-06,32,10977,2022-02-08,0
2022-01-07,27,11004,2022-02-08,0
2022-01-08,40,11044,2022-02-08,0
2022-01-09,18,11062,2022-02-08,0
2022-01-10,31,11093,2022-02-08,1
2022-01-11,17,11110,2022-02-08,0
2022-01-12,18,11128,2022-02-08,1
2022-01-13,26,11154,2022-02-08,0
2022-01-14,33,11187,2022-02-08,0
2022-01-15,25,11212,2022-02-08,0
2022-01-16,31,11243,2022-02-08,1
2022-01-17,33,11276,2022-02-08,0
2022-01-18,22,11298,2022-02-08,0
2022-01-19,26,11324,2022-02-08,0
2022-01-20,30,11354,2022-02-08,0
2022-01-21,27,11381,2022-02-08,1
2022-01-22,23,11404,2022-02-08,1
2022-01-23,22,11426,2022-02-08,0
2022-01-24,30,11456,2022-02-08,1
2022-01-25,32,11488,2022-02-08,0
2022-01-26,31,11519,2022-02-08,1
2022-01-27,33,11552,2022-02-08,4
2022-01-28,28,11580,2022-02-08,1
2022-01-29,26,11606,2022-02-08,4
2022-01-30,25,11631,2022-02-08,3
2022-01-31,10,11641,2022-02-08,5
2022-02-01,16,11657,2022-02-08,5
2022-02-02,14,11671,2022-02-08,3
2022-02-03,11,11682,2022-02-08,8
NA,0,11682,2022-02-08,0
2020-03-19,1,1,2022-02-09,0
2020-03-20,0,1,2022-02-09,0
2020-03-21,0,1,2022-02-09,0
2020-03-22,0,1,2022-02-09,0
2020-03-23,0,1,2022-02-09,0
2020-03-24,1,2,2022-02-09,0
2020-03-25,1,3,2022-02-09,0
2020-03-26,1,4,2022-02-09,0
2020-03-27,5,9,2022-02-09,0
2020-03-28,3,12,2022-02-09,0
2020-03-29,0,12,2022-02-09,0
2020-03-30,5,17,2022-02-09,0
2020-03-31,2,19,2022-02-09,0
2020-04-01,5,24,2022-02-09,0
2020-04-02,3,27,2022-02-09,0
2020-04-03,1,28,2022-02-09,0
2020-04-04,5,33,2022-02-09,0
2020-04-05,5,38,2022-02-09,0
2020-04-06,10,48,2022-02-09,0
2020-04-07,6,54,2022-02-09,0
2020-04-08,7,61,2022-02-09,0
2020-04-09,8,69,2022-02-09,0
2020-04-10,6,75,2022-02-09,0
2020-04-11,4,79,2022-02-09,0
2020-04-12,4,83,2022-02-09,0
2020-04-13,10,93,2022-02-09,0
2020-04-14,6,99,2022-02-09,0
2020-04-15,17,116,2022-02-09,0
2020-04-16,10,126,2022-02-09,0
2020-04-17,17,143,2022-02-09,0
2020-04-18,17,160,2022-02-09,0
2020-04-19,16,176,2022-02-09,0
2020-04-20,21,197,2022-02-09,0
2020-04-21,26,223,2022-02-09,0
2020-04-22,21,244,2022-02-09,0
2020-04-23,19,263,2022-02-09,0
2020-04-24,23,286,2022-02-09,0
2020-04-25,18,304,2022-02-09,0
2020-04-26,17,321,2022-02-09,0
2020-04-27,21,342,2022-02-09,0
2020-04-28,16,358,2022-02-09,0
2020-04-29,29,387,2022-02-09,0
2020-04-30,18,405,2022-02-09,0
2020-05-01,30,435,2022-02-09,0
2020-05-02,19,454,2022-02-09,0
2020-05-03,29,483,2022-02-09,0
2020-05-04,23,506,2022-02-09,0
2020-05-05,19,525,2022-02-09,0
2020-05-06,25,550,2022-02-09,0
2020-05-07,30,580,2022-02-09,0
2020-05-08,20,600,2022-02-09,0
2020-05-09,26,626,2022-02-09,0
2020-05-10,19,645,2022-02-09,0
2020-05-11,25,670,2022-02-09,0
2020-05-12,20,690,2022-02-09,0
2020-05-13,22,712,2022-02-09,0
2020-05-14,20,732,2022-02-09,0
2020-05-15,20,752,2022-02-09,0
2020-05-16,20,772,2022-02-09,0
2020-05-17,23,795,2022-02-09,0
2020-05-18,18,813,2022-02-09,0
2020-05-19,35,848,2022-02-09,0
2020-05-20,24,872,2022-02-09,0
2020-05-21,17,889,2022-02-09,0
2020-05-22,20,909,2022-02-09,0
2020-05-23,26,935,2022-02-09,0
2020-05-24,25,960,2022-02-09,0
2020-05-25,30,990,2022-02-09,0
2020-05-26,29,1019,2022-02-09,0
2020-05-27,25,1044,2022-02-09,0
2020-05-28,21,1065,2022-02-09,0
2020-05-29,17,1082,2022-02-09,0
2020-05-30,11,1093,2022-02-09,0
2020-05-31,20,1113,2022-02-09,0
2020-06-01,23,1136,2022-02-09,0
2020-06-02,21,1157,2022-02-09,0
2020-06-03,25,1182,2022-02-09,0
2020-06-04,26,1208,2022-02-09,0
2020-06-05,18,1226,2022-02-09,0
2020-06-06,12,1238,2022-02-09,0
2020-06-07,22,1260,2022-02-09,0
2020-06-08,12,1272,2022-02-09,0
2020-06-09,13,1285,2022-02-09,0
2020-06-10,10,1295,2022-02-09,0
2020-06-11,12,1307,2022-02-09,0
2020-06-12,11,1318,2022-02-09,0
2020-06-13,13,1331,2022-02-09,0
2020-06-14,11,1342,2022-02-09,0
2020-06-15,8,1350,2022-02-09,0
2020-06-16,9,1359,2022-02-09,0
2020-06-17,17,1376,2022-02-09,0
2020-06-18,9,1385,2022-02-09,0
2020-06-19,8,1393,2022-02-09,0
2020-06-20,12,1405,2022-02-09,0
2020-06-21,11,1416,2022-02-09,0
2020-06-22,6,1422,2022-02-09,0
2020-06-23,10,1432,2022-02-09,0
2020-06-24,1,1433,2022-02-09,0
2020-06-25,9,1442,2022-02-09,0
2020-06-26,6,1448,2022-02-09,0
2020-06-27,5,1453,2022-02-09,0
2020-06-28,11,1464,2022-02-09,0
2020-06-29,7,1471,2022-02-09,0
2020-06-30,9,1480,2022-02-09,0
2020-07-01,2,1482,2022-02-09,0
2020-07-02,3,1485,2022-02-09,0
2020-07-03,5,1490,2022-02-09,0
2020-07-04,4,1494,2022-02-09,0
2020-07-05,6,1500,2022-02-09,0
2020-07-06,4,1504,2022-02-09,0
2020-07-07,2,1506,2022-02-09,0
2020-07-08,9,1515,2022-02-09,0
2020-07-09,4,1519,2022-02-09,0
2020-07-10,3,1522,2022-02-09,0
2020-07-11,4,1526,2022-02-09,0
2020-07-12,6,1532,2022-02-09,0
2020-07-13,2,1534,2022-02-09,0
2020-07-14,6,1540,2022-02-09,0
2020-07-15,7,1547,2022-02-09,0
2020-07-16,3,1550,2022-02-09,0
2020-07-17,7,1557,2022-02-09,0
2020-07-18,6,1563,2022-02-09,0
2020-07-19,5,1568,2022-02-09,0
2020-07-20,3,1571,2022-02-09,0
2020-07-21,6,1577,2022-02-09,0
2020-07-22,5,1582,2022-02-09,0
2020-07-23,8,1590,2022-02-09,0
2020-07-24,6,1596,2022-02-09,0
2020-07-25,2,1598,2022-02-09,0
2020-07-26,5,1603,2022-02-09,0
2020-07-27,5,1608,2022-02-09,0
2020-07-28,7,1615,2022-02-09,0
2020-07-29,3,1618,2022-02-09,0
2020-07-30,6,1624,2022-02-09,0
2020-07-31,9,1633,2022-02-09,0
2020-08-01,4,1637,2022-02-09,0
2020-08-02,7,1644,2022-02-09,0
2020-08-03,4,1648,2022-02-09,0
2020-08-04,7,1655,2022-02-09,0
2020-08-05,8,1663,2022-02-09,0
2020-08-06,9,1672,2022-02-09,0
2020-08-07,7,1679,2022-02-09,0
2020-08-08,6,1685,2022-02-09,0
2020-08-09,10,1695,2022-02-09,0
2020-08-10,3,1698,2022-02-09,0
2020-08-11,9,1707,2022-02-09,0
2020-08-12,7,1714,2022-02-09,0
2020-08-13,5,1719,2022-02-09,0
2020-08-14,9,1728,2022-02-09,0
2020-08-15,13,1741,2022-02-09,0
2020-08-16,13,1754,2022-02-09,0
2020-08-17,6,1760,2022-02-09,0
2020-08-18,11,1771,2022-02-09,0
2020-08-19,3,1774,2022-02-09,0
2020-08-20,10,1784,2022-02-09,0
2020-08-21,12,1796,2022-02-09,0
2020-08-22,9,1805,2022-02-09,0
2020-08-23,7,1812,2022-02-09,0
2020-08-24,9,1821,2022-02-09,0
2020-08-25,4,1825,2022-02-09,0
2020-08-26,3,1828,2022-02-09,0
2020-08-27,7,1835,2022-02-09,0
2020-08-28,6,1841,2022-02-09,0
2020-08-29,3,1844,2022-02-09,0
2020-08-30,5,1849,2022-02-09,0
2020-08-31,9,1858,2022-02-09,0
2020-09-01,2,1860,2022-02-09,0
2020-09-02,7,1867,2022-02-09,0
2020-09-03,12,1879,2022-02-09,0
2020-09-04,4,1883,2022-02-09,0
2020-09-05,6,1889,2022-02-09,0
2020-09-06,12,1901,2022-02-09,0
2020-09-07,3,1904,2022-02-09,0
2020-09-08,6,1910,2022-02-09,0
2020-09-09,10,1920,2022-02-09,0
2020-09-10,9,1929,2022-02-09,0
2020-09-11,11,1940,2022-02-09,0
2020-09-12,8,1948,2022-02-09,0
2020-09-13,8,1956,2022-02-09,0
2020-09-14,2,1958,2022-02-09,0
2020-09-15,7,1965,2022-02-09,0
2020-09-16,9,1974,2022-02-09,0
2020-09-17,5,1979,2022-02-09,0
2020-09-18,6,1985,2022-02-09,0
2020-09-19,4,1989,2022-02-09,0
2020-09-20,9,1998,2022-02-09,0
2020-09-21,7,2005,2022-02-09,0
2020-09-22,8,2013,2022-02-09,0
2020-09-23,9,2022,2022-02-09,0
2020-09-24,8,2030,2022-02-09,0
2020-09-25,11,2041,2022-02-09,0
2020-09-26,9,2050,2022-02-09,0
2020-09-27,14,2064,2022-02-09,0
2020-09-28,11,2075,2022-02-09,0
2020-09-29,5,2080,2022-02-09,0
2020-09-30,16,2096,2022-02-09,0
2020-10-01,7,2103,2022-02-09,0
2020-10-02,13,2116,2022-02-09,0
2020-10-03,9,2125,2022-02-09,0
2020-10-04,7,2132,2022-02-09,0
2020-10-05,10,2142,2022-02-09,0
2020-10-06,13,2155,2022-02-09,0
2020-10-07,19,2174,2022-02-09,0
2020-10-08,9,2183,2022-02-09,0
2020-10-09,17,2200,2022-02-09,0
2020-10-10,16,2216,2022-02-09,0
2020-10-11,16,2232,2022-02-09,0
2020-10-12,20,2252,2022-02-09,0
2020-10-13,14,2266,2022-02-09,0
2020-10-14,10,2276,2022-02-09,0
2020-10-15,9,2285,2022-02-09,0
2020-10-16,12,2297,2022-02-09,0
2020-10-17,18,2315,2022-02-09,0
2020-10-18,25,2340,2022-02-09,0
2020-10-19,18,2358,2022-02-09,0
2020-10-20,15,2373,2022-02-09,0
2020-10-21,24,2397,2022-02-09,0
2020-10-22,18,2415,2022-02-09,0
2020-10-23,19,2434,2022-02-09,0
2020-10-24,8,2442,2022-02-09,0
2020-10-25,17,2459,2022-02-09,0
2020-10-26,25,2484,2022-02-09,0
2020-10-27,23,2507,2022-02-09,0
2020-10-28,29,2536,2022-02-09,0
2020-10-29,18,2554,2022-02-09,0
2020-10-30,27,2581,2022-02-09,0
2020-10-31,25,2606,2022-02-09,0
2020-11-01,21,2627,2022-02-09,0
2020-11-02,25,2652,2022-02-09,0
2020-11-03,25,2677,2022-02-09,0
2020-11-04,33,2710,2022-02-09,0
2020-11-05,38,2748,2022-02-09,0
2020-11-06,39,2787,2022-02-09,0
2020-11-07,42,2829,2022-02-09,0
2020-11-08,47,2876,2022-02-09,0
2020-11-09,37,2913,2022-02-09,0
2020-11-10,35,2948,2022-02-09,0
2020-11-11,43,2991,2022-02-09,0
2020-11-12,45,3036,2022-02-09,0
2020-11-13,40,3076,2022-02-09,0
2020-11-14,48,3124,2022-02-09,0
2020-11-15,46,3170,2022-02-09,0
2020-11-16,62,3232,2022-02-09,0
2020-11-17,56,3288,2022-02-09,0
2020-11-18,61,3349,2022-02-09,0
2020-11-19,60,3409,2022-02-09,0
2020-11-20,63,3472,2022-02-09,0
2020-11-21,58,3530,2022-02-09,0
2020-11-22,67,3597,2022-02-09,0
2020-11-23,59,3656,2022-02-09,0
2020-11-24,69,3725,2022-02-09,0
2020-11-25,72,3797,2022-02-09,0
2020-11-26,54,3851,2022-02-09,0
2020-11-27,69,3920,2022-02-09,0
2020-11-28,62,3982,2022-02-09,0
2020-11-29,68,4050,2022-02-09,0
2020-11-30,62,4112,2022-02-09,0
2020-12-01,64,4176,2022-02-09,0
2020-12-02,73,4249,2022-02-09,0
2020-12-03,86,4335,2022-02-09,0
2020-12-04,67,4402,2022-02-09,0
2020-12-05,74,4476,2022-02-09,0
2020-12-06,80,4556,2022-02-09,0
2020-12-07,75,4631,2022-02-09,0
2020-12-08,61,4692,2022-02-09,0
2020-12-09,71,4763,2022-02-09,0
2020-12-10,72,4835,2022-02-09,0
2020-12-11,71,4906,2022-02-09,0
2020-12-12,72,4978,2022-02-09,0
2020-12-13,56,5034,2022-02-09,0
2020-12-14,43,5077,2022-02-09,0
2020-12-15,65,5142,2022-02-09,0
2020-12-16,74,5216,2022-02-09,0
2020-12-17,60,5276,2022-02-09,0
2020-12-18,59,5335,2022-02-09,0
2020-12-19,56,5391,2022-02-09,0
2020-12-20,61,5452,2022-02-09,0
2020-12-21,58,5510,2022-02-09,0
2020-12-22,33,5543,2022-02-09,0
2020-12-23,46,5589,2022-02-09,0
2020-12-24,50,5639,2022-02-09,0
2020-12-25,36,5675,2022-02-09,0
2020-12-26,43,5718,2022-02-09,0
2020-12-27,41,5759,2022-02-09,0
2020-12-28,34,5793,2022-02-09,0
2020-12-29,37,5830,2022-02-09,0
2020-12-30,47,5877,2022-02-09,0
2020-12-31,36,5913,2022-02-09,0
2021-01-01,28,5941,2022-02-09,0
2021-01-02,49,5990,2022-02-09,0
2021-01-03,37,6027,2022-02-09,0
2021-01-04,32,6059,2022-02-09,0
2021-01-05,40,6099,2022-02-09,0
2021-01-06,32,6131,2022-02-09,0
2021-01-07,38,6169,2022-02-09,0
2021-01-08,32,6201,2022-02-09,0
2021-01-09,26,6227,2022-02-09,0
2021-01-10,30,6257,2022-02-09,0
2021-01-11,26,6283,2022-02-09,0
2021-01-12,32,6315,2022-02-09,0
2021-01-13,23,6338,2022-02-09,0
2021-01-14,42,6380,2022-02-09,0
2021-01-15,26,6406,2022-02-09,0
2021-01-16,30,6436,2022-02-09,0
2021-01-17,21,6457,2022-02-09,0
2021-01-18,19,6476,2022-02-09,0
2021-01-19,14,6490,2022-02-09,0
2021-01-20,26,6516,2022-02-09,0
2021-01-21,16,6532,2022-02-09,0
2021-01-22,14,6546,2022-02-09,0
2021-01-23,17,6563,2022-02-09,0
2021-01-24,24,6587,2022-02-09,0
2021-01-25,19,6606,2022-02-09,0
2021-01-26,21,6627,2022-02-09,0
2021-01-27,11,6638,2022-02-09,0
2021-01-28,12,6650,2022-02-09,0
2021-01-29,15,6665,2022-02-09,0
2021-01-30,13,6678,2022-02-09,0
2021-01-31,16,6694,2022-02-09,0
2021-02-01,17,6711,2022-02-09,0
2021-02-02,10,6721,2022-02-09,0
2021-02-03,11,6732,2022-02-09,0
2021-02-04,11,6743,2022-02-09,0
2021-02-05,13,6756,2022-02-09,1
2021-02-06,12,6768,2022-02-09,0
2021-02-07,19,6787,2022-02-09,0
2021-02-08,11,6798,2022-02-09,0
2021-02-09,15,6813,2022-02-09,0
2021-02-10,14,6827,2022-02-09,0
2021-02-11,7,6834,2022-02-09,0
2021-02-12,13,6847,2022-02-09,0
2021-02-13,8,6855,2022-02-09,0
2021-02-14,10,6865,2022-02-09,0
2021-02-15,9,6874,2022-02-09,0
2021-02-16,12,6886,2022-02-09,0
2021-02-17,10,6896,2022-02-09,0
2021-02-18,7,6903,2022-02-09,0
2021-02-19,6,6909,2022-02-09,0
2021-02-20,7,6916,2022-02-09,0
2021-02-21,4,6920,2022-02-09,0
2021-02-22,5,6925,2022-02-09,0
2021-02-23,9,6934,2022-02-09,0
2021-02-24,5,6939,2022-02-09,0
2021-02-25,5,6944,2022-02-09,0
2021-02-26,7,6951,2022-02-09,0
2021-02-27,6,6957,2022-02-09,0
2021-02-28,8,6965,2022-02-09,0
2021-03-01,7,6972,2022-02-09,0
2021-03-02,3,6975,2022-02-09,0
2021-03-03,10,6985,2022-02-09,0
2021-03-04,6,6991,2022-02-09,0
2021-03-05,10,7001,2022-02-09,0
2021-03-06,5,7006,2022-02-09,0
2021-03-07,9,7015,2022-02-09,0
2021-03-08,5,7020,2022-02-09,0
2021-03-09,7,7027,2022-02-09,0
2021-03-10,5,7032,2022-02-09,0
2021-03-11,4,7036,2022-02-09,0
2021-03-12,11,7047,2022-02-09,0
2021-03-13,5,7052,2022-02-09,0
2021-03-14,5,7057,2022-02-09,0
2021-03-15,2,7059,2022-02-09,0
2021-03-16,6,7065,2022-02-09,0
2021-03-17,4,7069,2022-02-09,0
2021-03-18,5,7074,2022-02-09,0
2021-03-19,5,7079,2022-02-09,0
2021-03-20,9,7088,2022-02-09,0
2021-03-21,5,7093,2022-02-09,0
2021-03-22,4,7097,2022-02-09,0
2021-03-23,5,7102,2022-02-09,0
2021-03-24,1,7103,2022-02-09,0
2021-03-25,5,7108,2022-02-09,0
2021-03-26,3,7111,2022-02-09,0
2021-03-27,7,7118,2022-02-09,0
2021-03-28,6,7124,2022-02-09,0
2021-03-29,5,7129,2022-02-09,0
2021-03-30,6,7135,2022-02-09,0
2021-03-31,8,7143,2022-02-09,0
2021-04-01,6,7149,2022-02-09,0
2021-04-02,9,7158,2022-02-09,0
2021-04-03,8,7166,2022-02-09,0
2021-04-04,6,7172,2022-02-09,0
2021-04-05,8,7180,2022-02-09,0
2021-04-06,7,7187,2022-02-09,0
2021-04-07,6,7193,2022-02-09,0
2021-04-08,10,7203,2022-02-09,0
2021-04-09,7,7210,2022-02-09,0
2021-04-10,7,7217,2022-02-09,0
2021-04-11,8,7225,2022-02-09,0
2021-04-12,10,7235,2022-02-09,0
2021-04-13,7,7242,2022-02-09,0
2021-04-14,8,7250,2022-02-09,0
2021-04-15,14,7264,2022-02-09,0
2021-04-16,8,7272,2022-02-09,0
2021-04-17,8,7280,2022-02-09,0
2021-04-18,8,7288,2022-02-09,0
2021-04-19,10,7298,2022-02-09,0
2021-04-20,5,7303,2022-02-09,0
2021-04-21,8,7311,2022-02-09,0
2021-04-22,3,7314,2022-02-09,0
2021-04-23,15,7329,2022-02-09,0
2021-04-24,11,7340,2022-02-09,0
2021-04-25,15,7355,2022-02-09,0
2021-04-26,15,7370,2022-02-09,0
2021-04-27,7,7377,2022-02-09,0
2021-04-28,14,7391,2022-02-09,0
2021-04-29,8,7399,2022-02-09,0
2021-04-30,11,7410,2022-02-09,0
2021-05-01,7,7417,2022-02-09,0
2021-05-02,8,7425,2022-02-09,0
2021-05-03,5,7430,2022-02-09,0
2021-05-04,13,7443,2022-02-09,0
2021-05-05,8,7451,2022-02-09,0
2021-05-06,5,7456,2022-02-09,0
2021-05-07,8,7464,2022-02-09,0
2021-05-08,7,7471,2022-02-09,0
2021-05-09,9,7480,2022-02-09,0
2021-05-10,8,7488,2022-02-09,0
2021-05-11,6,7494,2022-02-09,0
2021-05-12,9,7503,2022-02-09,0
2021-05-13,9,7512,2022-02-09,0
2021-05-14,11,7523,2022-02-09,0
2021-05-15,10,7533,2022-02-09,0
2021-05-16,6,7539,2022-02-09,0
2021-05-17,6,7545,2022-02-09,0
2021-05-18,7,7552,2022-02-09,0
2021-05-19,2,7554,2022-02-09,0
2021-05-20,5,7559,2022-02-09,0
2021-05-21,7,7566,2022-02-09,0
2021-05-22,12,7578,2022-02-09,0
2021-05-23,5,7583,2022-02-09,0
2021-05-24,5,7588,2022-02-09,0
2021-05-25,6,7594,2022-02-09,0
2021-05-26,3,7597,2022-02-09,0
2021-05-27,7,7604,2022-02-09,0
2021-05-28,2,7606,2022-02-09,0
2021-05-29,6,7612,2022-02-09,0
2021-05-30,4,7616,2022-02-09,0
2021-05-31,3,7619,2022-02-09,0
2021-06-01,5,7624,2022-02-09,0
2021-06-02,8,7632,2022-02-09,0
2021-06-03,4,7636,2022-02-09,0
2021-06-04,4,7640,2022-02-09,0
2021-06-05,2,7642,2022-02-09,0
2021-06-06,5,7647,2022-02-09,0
2021-06-07,3,7650,2022-02-09,0
2021-06-08,5,7655,2022-02-09,0
2021-06-09,4,7659,2022-02-09,0
2021-06-10,6,7665,2022-02-09,0
2021-06-11,6,7671,2022-02-09,0
2021-06-12,4,7675,2022-02-09,0
2021-06-13,4,7679,2022-02-09,0
2021-06-14,3,7682,2022-02-09,0
2021-06-15,2,7684,2022-02-09,0
2021-06-16,2,7686,2022-02-09,0
2021-06-17,4,7690,2022-02-09,0
2021-06-18,1,7691,2022-02-09,0
2021-06-19,6,7697,2022-02-09,0
2021-06-20,1,7698,2022-02-09,0
2021-06-21,5,7703,2022-02-09,0
2021-06-22,3,7706,2022-02-09,0
2021-06-23,4,7710,2022-02-09,0
2021-06-24,3,7713,2022-02-09,0
2021-06-25,3,7716,2022-02-09,0
2021-06-26,4,7720,2022-02-09,0
2021-06-27,2,7722,2022-02-09,0
2021-06-28,2,7724,2022-02-09,0
2021-06-29,2,7726,2022-02-09,0
2021-06-30,2,7728,2022-02-09,0
2021-07-01,0,7728,2022-02-09,0
2021-07-02,2,7730,2022-02-09,0
2021-07-03,2,7732,2022-02-09,0
2021-07-04,3,7735,2022-02-09,0
2021-07-05,1,7736,2022-02-09,0
2021-07-06,5,7741,2022-02-09,0
2021-07-07,1,7742,2022-02-09,0
2021-07-08,1,7743,2022-02-09,0
2021-07-09,0,7743,2022-02-09,0
2021-07-10,1,7744,2022-02-09,0
2021-07-11,3,7747,2022-02-09,0
2021-07-12,1,7748,2022-02-09,0
2021-07-13,2,7750,2022-02-09,0
2021-07-14,2,7752,2022-02-09,0
2021-07-15,2,7754,2022-02-09,0
2021-07-16,1,7755,2022-02-09,0
2021-07-17,1,7756,2022-02-09,0
2021-07-18,0,7756,2022-02-09,0
2021-07-19,0,7756,2022-02-09,0
2021-07-20,2,7758,2022-02-09,0
2021-07-21,3,7761,2022-02-09,0
2021-07-22,2,7763,2022-02-09,0
2021-07-23,3,7766,2022-02-09,0
2021-07-24,0,7766,2022-02-09,0
2021-07-25,2,7768,2022-02-09,0
2021-07-26,1,7769,2022-02-09,0
2021-07-27,2,7771,2022-02-09,0
2021-07-28,3,7774,2022-02-09,0
2021-07-29,2,7776,2022-02-09,0
2021-07-30,5,7781,2022-02-09,0
2021-07-31,4,7785,2022-02-09,0
2021-08-01,1,7786,2022-02-09,0
2021-08-02,3,7789,2022-02-09,0
2021-08-03,2,7791,2022-02-09,0
2021-08-04,3,7794,2022-02-09,0
2021-08-05,2,7796,2022-02-09,0
2021-08-06,8,7804,2022-02-09,0
2021-08-07,3,7807,2022-02-09,0
2021-08-08,3,7810,2022-02-09,0
2021-08-09,3,7813,2022-02-09,0
2021-08-10,2,7815,2022-02-09,0
2021-08-11,2,7817,2022-02-09,0
2021-08-12,7,7824,2022-02-09,0
2021-08-13,5,7829,2022-02-09,0
2021-08-14,6,7835,2022-02-09,0
2021-08-15,0,7835,2022-02-09,0
2021-08-16,7,7842,2022-02-09,0
2021-08-17,7,7849,2022-02-09,0
2021-08-18,9,7858,2022-02-09,0
2021-08-19,2,7860,2022-02-09,0
2021-08-20,3,7863,2022-02-09,0
2021-08-21,5,7868,2022-02-09,0
2021-08-22,7,7875,2022-02-09,0
2021-08-23,5,7880,2022-02-09,0
2021-08-24,12,7892,2022-02-09,0
2021-08-25,7,7899,2022-02-09,0
2021-08-26,2,7901,2022-02-09,0
2021-08-27,6,7907,2022-02-09,0
2021-08-28,11,7918,2022-02-09,0
2021-08-29,11,7929,2022-02-09,0
2021-08-30,8,7937,2022-02-09,0
2021-08-31,8,7945,2022-02-09,0
2021-09-01,6,7951,2022-02-09,0
2021-09-02,6,7957,2022-02-09,0
2021-09-03,9,7966,2022-02-09,0
2021-09-04,9,7975,2022-02-09,0
2021-09-05,10,7985,2022-02-09,0
2021-09-06,8,7993,2022-02-09,0
2021-09-07,7,8000,2022-02-09,0
2021-09-08,11,8011,2022-02-09,0
2021-09-09,5,8016,2022-02-09,0
2021-09-10,9,8025,2022-02-09,0
2021-09-11,17,8042,2022-02-09,0
2021-09-12,10,8052,2022-02-09,0
2021-09-13,8,8060,2022-02-09,0
2021-09-14,11,8071,2022-02-09,0
2021-09-15,14,8085,2022-02-09,0
2021-09-16,16,8101,2022-02-09,0
2021-09-17,8,8109,2022-02-09,0
2021-09-18,14,8123,2022-02-09,0
2021-09-19,11,8134,2022-02-09,0
2021-09-20,16,8150,2022-02-09,0
2021-09-21,15,8165,2022-02-09,0
2021-09-22,17,8182,2022-02-09,0
2021-09-23,13,8195,2022-02-09,0
2021-09-24,13,8208,2022-02-09,0
2021-09-25,16,8224,2022-02-09,0
2021-09-26,15,8239,2022-02-09,0
2021-09-27,15,8254,2022-02-09,0
2021-09-28,11,8265,2022-02-09,0
2021-09-29,21,8286,2022-02-09,0
2021-09-30,17,8303,2022-02-09,0
2021-10-01,13,8316,2022-02-09,0
2021-10-02,15,8331,2022-02-09,0
2021-10-03,23,8354,2022-02-09,0
2021-10-04,15,8369,2022-02-09,0
2021-10-05,23,8392,2022-02-09,0
2021-10-06,21,8413,2022-02-09,0
2021-10-07,14,8427,2022-02-09,0
2021-10-08,22,8449,2022-02-09,0
2021-10-09,20,8469,2022-02-09,0
2021-10-10,14,8483,2022-02-09,0
2021-10-11,11,8494,2022-02-09,0
2021-10-12,25,8519,2022-02-09,0
2021-10-13,21,8540,2022-02-09,0
2021-10-14,22,8562,2022-02-09,0
2021-10-15,14,8576,2022-02-09,0
2021-10-16,20,8596,2022-02-09,0
2021-10-17,17,8613,2022-02-09,0
2021-10-18,17,8630,2022-02-09,0
2021-10-19,25,8655,2022-02-09,0
2021-10-20,16,8671,2022-02-09,0
2021-10-21,9,8680,2022-02-09,0
2021-10-22,23,8703,2022-02-09,0
2021-10-23,24,8727,2022-02-09,0
2021-10-24,25,8752,2022-02-09,0
2021-10-25,20,8772,2022-02-09,0
2021-10-26,22,8794,2022-02-09,0
2021-10-27,16,8810,2022-02-09,0
2021-10-28,24,8834,2022-02-09,0
2021-10-29,20,8854,2022-02-09,0
2021-10-30,20,8874,2022-02-09,0
2021-10-31,27,8901,2022-02-09,0
2021-11-01,18,8919,2022-02-09,0
2021-11-02,18,8937,2022-02-09,0
2021-11-03,27,8964,2022-02-09,0
2021-11-04,27,8991,2022-02-09,0
2021-11-05,29,9020,2022-02-09,0
2021-11-06,16,9036,2022-02-09,0
2021-11-07,24,9060,2022-02-09,0
2021-11-08,28,9088,2022-02-09,1
2021-11-09,17,9105,2022-02-09,1
2021-11-10,18,9123,2022-02-09,0
2021-11-11,28,9151,2022-02-09,0
2021-11-12,29,9180,2022-02-09,0
2021-11-13,31,9211,2022-02-09,0
2021-11-14,24,9235,2022-02-09,0
2021-11-15,28,9263,2022-02-09,0
2021-11-16,25,9288,2022-02-09,0
2021-11-17,37,9325,2022-02-09,0
2021-11-18,37,9362,2022-02-09,0
2021-11-19,34,9396,2022-02-09,0
2021-11-20,30,9426,2022-02-09,0
2021-11-21,32,9458,2022-02-09,0
2021-11-22,29,9487,2022-02-09,0
2021-11-23,31,9518,2022-02-09,0
2021-11-24,25,9543,2022-02-09,0
2021-11-25,35,9578,2022-02-09,0
2021-11-26,50,9628,2022-02-09,0
2021-11-27,36,9664,2022-02-09,0
2021-11-28,39,9703,2022-02-09,0
2021-11-29,29,9732,2022-02-09,0
2021-11-30,30,9762,2022-02-09,0
2021-12-01,47,9809,2022-02-09,0
2021-12-02,40,9849,2022-02-09,0
2021-12-03,31,9880,2022-02-09,0
2021-12-04,42,9922,2022-02-09,0
2021-12-05,35,9957,2022-02-09,0
2021-12-06,34,9991,2022-02-09,0
2021-12-07,36,10027,2022-02-09,1
2021-12-08,38,10065,2022-02-09,0
2021-12-09,47,10112,2022-02-09,0
2021-12-10,34,10146,2022-02-09,0
2021-12-11,27,10173,2022-02-09,0
2021-12-12,36,10209,2022-02-09,0
2021-12-13,33,10242,2022-02-09,0
2021-12-14,35,10277,2022-02-09,0
2021-12-15,40,10317,2022-02-09,0
2021-12-16,32,10349,2022-02-09,0
2021-12-17,40,10389,2022-02-09,0
2021-12-18,32,10421,2022-02-09,0
2021-12-19,30,10451,2022-02-09,0
2021-12-20,33,10484,2022-02-09,0
2021-12-21,28,10512,2022-02-09,0
2021-12-22,28,10540,2022-02-09,0
2021-12-23,27,10567,2022-02-09,0
2021-12-24,29,10596,2022-02-09,0
2021-12-25,28,10624,2022-02-09,0
2021-12-26,42,10666,2022-02-09,0
2021-12-27,31,10697,2022-02-09,0
2021-12-28,34,10731,2022-02-09,0
2021-12-29,29,10760,2022-02-09,0
2021-12-30,19,10779,2022-02-09,0
2021-12-31,38,10817,2022-02-09,0
2022-01-01,27,10844,2022-02-09,0
2022-01-02,22,10866,2022-02-09,0
2022-01-03,23,10889,2022-02-09,0
2022-01-04,29,10918,2022-02-09,0
2022-01-05,31,10949,2022-02-09,0
2022-01-06,32,10981,2022-02-09,0
2022-01-07,27,11008,2022-02-09,0
2022-01-08,40,11048,2022-02-09,0
2022-01-09,18,11066,2022-02-09,0
2022-01-10,31,11097,2022-02-09,0
2022-01-11,17,11114,2022-02-09,0
2022-01-12,18,11132,2022-02-09,0
2022-01-13,26,11158,2022-02-09,0
2022-01-14,33,11191,2022-02-09,0
2022-01-15,25,11216,2022-02-09,0
2022-01-16,31,11247,2022-02-09,0
2022-01-17,35,11282,2022-02-09,2
2022-01-18,23,11305,2022-02-09,1
2022-01-19,26,11331,2022-02-09,0
2022-01-20,30,11361,2022-02-09,0
2022-01-21,27,11388,2022-02-09,0
2022-01-22,23,11411,2022-02-09,0
2022-01-23,22,11433,2022-02-09,0
2022-01-24,31,11464,2022-02-09,1
2022-01-25,33,11497,2022-02-09,1
2022-01-26,31,11528,2022-02-09,0
2022-01-27,33,11561,2022-02-09,0
2022-01-28,29,11590,2022-02-09,1
2022-01-29,27,11617,2022-02-09,1
2022-01-30,26,11643,2022-02-09,1
2022-01-31,11,11654,2022-02-09,1
2022-02-01,20,11674,2022-02-09,4
2022-02-02,16,11690,2022-02-09,2
2022-02-03,16,11706,2022-02-09,5
2022-02-04,5,11711,2022-02-09,5
2022-02-05,7,11718,2022-02-09,7
2022-02-06,4,11722,2022-02-09,4
NA,0,11722,2022-02-09,0
2020-03-19,1,1,2022-02-10,0
2020-03-20,0,1,2022-02-10,0
2020-03-21,0,1,2022-02-10,0
2020-03-22,0,1,2022-02-10,0
2020-03-23,0,1,2022-02-10,0
2020-03-24,1,2,2022-02-10,0
2020-03-25,1,3,2022-02-10,0
2020-03-26,1,4,2022-02-10,0
2020-03-27,5,9,2022-02-10,0
2020-03-28,3,12,2022-02-10,0
2020-03-29,0,12,2022-02-10,0
2020-03-30,5,17,2022-02-10,0
2020-03-31,2,19,2022-02-10,0
2020-04-01,5,24,2022-02-10,0
2020-04-02,3,27,2022-02-10,0
2020-04-03,1,28,2022-02-10,0
2020-04-04,5,33,2022-02-10,0
2020-04-05,5,38,2022-02-10,0
2020-04-06,10,48,2022-02-10,0
2020-04-07,6,54,2022-02-10,0
2020-04-08,7,61,2022-02-10,0
2020-04-09,8,69,2022-02-10,0
2020-04-10,6,75,2022-02-10,0
2020-04-11,4,79,2022-02-10,0
2020-04-12,4,83,2022-02-10,0
2020-04-13,10,93,2022-02-10,0
2020-04-14,6,99,2022-02-10,0
2020-04-15,17,116,2022-02-10,0
2020-04-16,10,126,2022-02-10,0
2020-04-17,17,143,2022-02-10,0
2020-04-18,17,160,2022-02-10,0
2020-04-19,16,176,2022-02-10,0
2020-04-20,21,197,2022-02-10,0
2020-04-21,26,223,2022-02-10,0
2020-04-22,21,244,2022-02-10,0
2020-04-23,19,263,2022-02-10,0
2020-04-24,23,286,2022-02-10,0
2020-04-25,18,304,2022-02-10,0
2020-04-26,17,321,2022-02-10,0
2020-04-27,21,342,2022-02-10,0
2020-04-28,16,358,2022-02-10,0
2020-04-29,29,387,2022-02-10,0
2020-04-30,18,405,2022-02-10,0
2020-05-01,30,435,2022-02-10,0
2020-05-02,19,454,2022-02-10,0
2020-05-03,29,483,2022-02-10,0
2020-05-04,23,506,2022-02-10,0
2020-05-05,19,525,2022-02-10,0
2020-05-06,25,550,2022-02-10,0
2020-05-07,30,580,2022-02-10,0
2020-05-08,20,600,2022-02-10,0
2020-05-09,26,626,2022-02-10,0
2020-05-10,19,645,2022-02-10,0
2020-05-11,25,670,2022-02-10,0
2020-05-12,20,690,2022-02-10,0
2020-05-13,22,712,2022-02-10,0
2020-05-14,20,732,2022-02-10,0
2020-05-15,20,752,2022-02-10,0
2020-05-16,20,772,2022-02-10,0
2020-05-17,23,795,2022-02-10,0
2020-05-18,18,813,2022-02-10,0
2020-05-19,35,848,2022-02-10,0
2020-05-20,24,872,2022-02-10,0
2020-05-21,17,889,2022-02-10,0
2020-05-22,20,909,2022-02-10,0
2020-05-23,26,935,2022-02-10,0
2020-05-24,25,960,2022-02-10,0
2020-05-25,30,990,2022-02-10,0
2020-05-26,29,1019,2022-02-10,0
2020-05-27,25,1044,2022-02-10,0
2020-05-28,21,1065,2022-02-10,0
2020-05-29,17,1082,2022-02-10,0
2020-05-30,11,1093,2022-02-10,0
2020-05-31,20,1113,2022-02-10,0
2020-06-01,23,1136,2022-02-10,0
2020-06-02,21,1157,2022-02-10,0
2020-06-03,25,1182,2022-02-10,0
2020-06-04,26,1208,2022-02-10,0
2020-06-05,18,1226,2022-02-10,0
2020-06-06,12,1238,2022-02-10,0
2020-06-07,22,1260,2022-02-10,0
2020-06-08,12,1272,2022-02-10,0
2020-06-09,13,1285,2022-02-10,0
2020-06-10,10,1295,2022-02-10,0
2020-06-11,12,1307,2022-02-10,0
2020-06-12,11,1318,2022-02-10,0
2020-06-13,13,1331,2022-02-10,0
2020-06-14,11,1342,2022-02-10,0
2020-06-15,8,1350,2022-02-10,0
2020-06-16,9,1359,2022-02-10,0
2020-06-17,17,1376,2022-02-10,0
2020-06-18,9,1385,2022-02-10,0
2020-06-19,8,1393,2022-02-10,0
2020-06-20,12,1405,2022-02-10,0
2020-06-21,11,1416,2022-02-10,0
2020-06-22,6,1422,2022-02-10,0
2020-06-23,10,1432,2022-02-10,0
2020-06-24,1,1433,2022-02-10,0
2020-06-25,9,1442,2022-02-10,0
2020-06-26,6,1448,2022-02-10,0
2020-06-27,5,1453,2022-02-10,0
2020-06-28,11,1464,2022-02-10,0
2020-06-29,7,1471,2022-02-10,0
2020-06-30,9,1480,2022-02-10,0
2020-07-01,2,1482,2022-02-10,0
2020-07-02,3,1485,2022-02-10,0
2020-07-03,5,1490,2022-02-10,0
2020-07-04,4,1494,2022-02-10,0
2020-07-05,6,1500,2022-02-10,0
2020-07-06,4,1504,2022-02-10,0
2020-07-07,2,1506,2022-02-10,0
2020-07-08,9,1515,2022-02-10,0
2020-07-09,4,1519,2022-02-10,0
2020-07-10,3,1522,2022-02-10,0
2020-07-11,4,1526,2022-02-10,0
2020-07-12,6,1532,2022-02-10,0
2020-07-13,2,1534,2022-02-10,0
2020-07-14,6,1540,2022-02-10,0
2020-07-15,7,1547,2022-02-10,0
2020-07-16,3,1550,2022-02-10,0
2020-07-17,7,1557,2022-02-10,0
2020-07-18,6,1563,2022-02-10,0
2020-07-19,5,1568,2022-02-10,0
2020-07-20,3,1571,2022-02-10,0
2020-07-21,6,1577,2022-02-10,0
2020-07-22,5,1582,2022-02-10,0
2020-07-23,8,1590,2022-02-10,0
2020-07-24,6,1596,2022-02-10,0
2020-07-25,2,1598,2022-02-10,0
2020-07-26,5,1603,2022-02-10,0
2020-07-27,5,1608,2022-02-10,0
2020-07-28,7,1615,2022-02-10,0
2020-07-29,3,1618,2022-02-10,0
2020-07-30,6,1624,2022-02-10,0
2020-07-31,9,1633,2022-02-10,0
2020-08-01,4,1637,2022-02-10,0
2020-08-02,7,1644,2022-02-10,0
2020-08-03,4,1648,2022-02-10,0
2020-08-04,7,1655,2022-02-10,0
2020-08-05,8,1663,2022-02-10,0
2020-08-06,9,1672,2022-02-10,0
2020-08-07,7,1679,2022-02-10,0
2020-08-08,6,1685,2022-02-10,0
2020-08-09,10,1695,2022-02-10,0
2020-08-10,3,1698,2022-02-10,0
2020-08-11,9,1707,2022-02-10,0
2020-08-12,7,1714,2022-02-10,0
2020-08-13,5,1719,2022-02-10,0
2020-08-14,9,1728,2022-02-10,0
2020-08-15,13,1741,2022-02-10,0
2020-08-16,13,1754,2022-02-10,0
2020-08-17,6,1760,2022-02-10,0
2020-08-18,11,1771,2022-02-10,0
2020-08-19,3,1774,2022-02-10,0
2020-08-20,10,1784,2022-02-10,0
2020-08-21,12,1796,2022-02-10,0
2020-08-22,9,1805,2022-02-10,0
2020-08-23,7,1812,2022-02-10,0
2020-08-24,9,1821,2022-02-10,0
2020-08-25,4,1825,2022-02-10,0
2020-08-26,3,1828,2022-02-10,0
2020-08-27,7,1835,2022-02-10,0
2020-08-28,6,1841,2022-02-10,0
2020-08-29,3,1844,2022-02-10,0
2020-08-30,5,1849,2022-02-10,0
2020-08-31,9,1858,2022-02-10,0
2020-09-01,2,1860,2022-02-10,0
2020-09-02,7,1867,2022-02-10,0
2020-09-03,12,1879,2022-02-10,0
2020-09-04,4,1883,2022-02-10,0
2020-09-05,6,1889,2022-02-10,0
2020-09-06,12,1901,2022-02-10,0
2020-09-07,3,1904,2022-02-10,0
2020-09-08,6,1910,2022-02-10,0
2020-09-09,10,1920,2022-02-10,0
2020-09-10,9,1929,2022-02-10,0
2020-09-11,11,1940,2022-02-10,0
2020-09-12,8,1948,2022-02-10,0
2020-09-13,8,1956,2022-02-10,0
2020-09-14,2,1958,2022-02-10,0
2020-09-15,7,1965,2022-02-10,0
2020-09-16,9,1974,2022-02-10,0
2020-09-17,5,1979,2022-02-10,0
2020-09-18,6,1985,2022-02-10,0
2020-09-19,4,1989,2022-02-10,0
2020-09-20,9,1998,2022-02-10,0
2020-09-21,7,2005,2022-02-10,0
2020-09-22,8,2013,2022-02-10,0
2020-09-23,9,2022,2022-02-10,0
2020-09-24,8,2030,2022-02-10,0
2020-09-25,11,2041,2022-02-10,0
2020-09-26,9,2050,2022-02-10,0
2020-09-27,14,2064,2022-02-10,0
2020-09-28,11,2075,2022-02-10,0
2020-09-29,5,2080,2022-02-10,0
2020-09-30,16,2096,2022-02-10,0
2020-10-01,7,2103,2022-02-10,0
2020-10-02,13,2116,2022-02-10,0
2020-10-03,9,2125,2022-02-10,0
2020-10-04,7,2132,2022-02-10,0
2020-10-05,10,2142,2022-02-10,0
2020-10-06,13,2155,2022-02-10,0
2020-10-07,19,2174,2022-02-10,0
2020-10-08,9,2183,2022-02-10,0
2020-10-09,17,2200,2022-02-10,0
2020-10-10,16,2216,2022-02-10,0
2020-10-11,16,2232,2022-02-10,0
2020-10-12,20,2252,2022-02-10,0
2020-10-13,14,2266,2022-02-10,0
2020-10-14,10,2276,2022-02-10,0
2020-10-15,9,2285,2022-02-10,0
2020-10-16,12,2297,2022-02-10,0
2020-10-17,18,2315,2022-02-10,0
2020-10-18,25,2340,2022-02-10,0
2020-10-19,18,2358,2022-02-10,0
2020-10-20,15,2373,2022-02-10,0
2020-10-21,24,2397,2022-02-10,0
2020-10-22,18,2415,2022-02-10,0
2020-10-23,19,2434,2022-02-10,0
2020-10-24,8,2442,2022-02-10,0
2020-10-25,17,2459,2022-02-10,0
2020-10-26,25,2484,2022-02-10,0
2020-10-27,23,2507,2022-02-10,0
2020-10-28,29,2536,2022-02-10,0
2020-10-29,18,2554,2022-02-10,0
2020-10-30,27,2581,2022-02-10,0
2020-10-31,25,2606,2022-02-10,0
2020-11-01,21,2627,2022-02-10,0
2020-11-02,25,2652,2022-02-10,0
2020-11-03,25,2677,2022-02-10,0
2020-11-04,33,2710,2022-02-10,0
2020-11-05,38,2748,2022-02-10,0
2020-11-06,39,2787,2022-02-10,0
2020-11-07,42,2829,2022-02-10,0
2020-11-08,47,2876,2022-02-10,0
2020-11-09,37,2913,2022-02-10,0
2020-11-10,35,2948,2022-02-10,0
2020-11-11,43,2991,2022-02-10,0
2020-11-12,45,3036,2022-02-10,0
2020-11-13,40,3076,2022-02-10,0
2020-11-14,48,3124,2022-02-10,0
2020-11-15,46,3170,2022-02-10,0
2020-11-16,62,3232,2022-02-10,0
2020-11-17,56,3288,2022-02-10,0
2020-11-18,61,3349,2022-02-10,0
2020-11-19,60,3409,2022-02-10,0
2020-11-20,63,3472,2022-02-10,0
2020-11-21,58,3530,2022-02-10,0
2020-11-22,67,3597,2022-02-10,0
2020-11-23,59,3656,2022-02-10,0
2020-11-24,69,3725,2022-02-10,0
2020-11-25,72,3797,2022-02-10,0
2020-11-26,54,3851,2022-02-10,0
2020-11-27,69,3920,2022-02-10,0
2020-11-28,62,3982,2022-02-10,0
2020-11-29,68,4050,2022-02-10,0
2020-11-30,62,4112,2022-02-10,0
2020-12-01,64,4176,2022-02-10,0
2020-12-02,73,4249,2022-02-10,0
2020-12-03,86,4335,2022-02-10,0
2020-12-04,67,4402,2022-02-10,0
2020-12-05,74,4476,2022-02-10,0
2020-12-06,80,4556,2022-02-10,0
2020-12-07,75,4631,2022-02-10,0
2020-12-08,61,4692,2022-02-10,0
2020-12-09,71,4763,2022-02-10,0
2020-12-10,72,4835,2022-02-10,0
2020-12-11,71,4906,2022-02-10,0
2020-12-12,72,4978,2022-02-10,0
2020-12-13,56,5034,2022-02-10,0
2020-12-14,43,5077,2022-02-10,0
2020-12-15,65,5142,2022-02-10,0
2020-12-16,74,5216,2022-02-10,0
2020-12-17,60,5276,2022-02-10,0
2020-12-18,59,5335,2022-02-10,0
2020-12-19,56,5391,2022-02-10,0
2020-12-20,61,5452,2022-02-10,0
2020-12-21,58,5510,2022-02-10,0
2020-12-22,33,5543,2022-02-10,0
2020-12-23,46,5589,2022-02-10,0
2020-12-24,51,5640,2022-02-10,1
2020-12-25,36,5676,2022-02-10,0
2020-12-26,43,5719,2022-02-10,0
2020-12-27,41,5760,2022-02-10,0
2020-12-28,34,5794,2022-02-10,0
2020-12-29,37,5831,2022-02-10,0
2020-12-30,47,5878,2022-02-10,0
2020-12-31,36,5914,2022-02-10,0
2021-01-01,28,5942,2022-02-10,0
2021-01-02,49,5991,2022-02-10,0
2021-01-03,37,6028,2022-02-10,0
2021-01-04,32,6060,2022-02-10,0
2021-01-05,40,6100,2022-02-10,0
2021-01-06,32,6132,2022-02-10,0
2021-01-07,38,6170,2022-02-10,0
2021-01-08,32,6202,2022-02-10,0
2021-01-09,26,6228,2022-02-10,0
2021-01-10,30,6258,2022-02-10,0
2021-01-11,27,6285,2022-02-10,1
2021-01-12,32,6317,2022-02-10,0
2021-01-13,23,6340,2022-02-10,0
2021-01-14,42,6382,2022-02-10,0
2021-01-15,26,6408,2022-02-10,0
2021-01-16,30,6438,2022-02-10,0
2021-01-17,21,6459,2022-02-10,0
2021-01-18,19,6478,2022-02-10,0
2021-01-19,14,6492,2022-02-10,0
2021-01-20,26,6518,2022-02-10,0
2021-01-21,16,6534,2022-02-10,0
2021-01-22,14,6548,2022-02-10,0
2021-01-23,17,6565,2022-02-10,0
2021-01-24,24,6589,2022-02-10,0
2021-01-25,19,6608,2022-02-10,0
2021-01-26,21,6629,2022-02-10,0
2021-01-27,11,6640,2022-02-10,0
2021-01-28,12,6652,2022-02-10,0
2021-01-29,15,6667,2022-02-10,0
2021-01-30,13,6680,2022-02-10,0
2021-01-31,16,6696,2022-02-10,0
2021-02-01,17,6713,2022-02-10,0
2021-02-02,10,6723,2022-02-10,0
2021-02-03,11,6734,2022-02-10,0
2021-02-04,11,6745,2022-02-10,0
2021-02-05,13,6758,2022-02-10,0
2021-02-06,12,6770,2022-02-10,0
2021-02-07,19,6789,2022-02-10,0
2021-02-08,11,6800,2022-02-10,0
2021-02-09,15,6815,2022-02-10,0
2021-02-10,14,6829,2022-02-10,0
2021-02-11,7,6836,2022-02-10,0
2021-02-12,13,6849,2022-02-10,0
2021-02-13,8,6857,2022-02-10,0
2021-02-14,10,6867,2022-02-10,0
2021-02-15,9,6876,2022-02-10,0
2021-02-16,12,6888,2022-02-10,0
2021-02-17,10,6898,2022-02-10,0
2021-02-18,7,6905,2022-02-10,0
2021-02-19,6,6911,2022-02-10,0
2021-02-20,7,6918,2022-02-10,0
2021-02-21,4,6922,2022-02-10,0
2021-02-22,5,6927,2022-02-10,0
2021-02-23,9,6936,2022-02-10,0
2021-02-24,5,6941,2022-02-10,0
2021-02-25,5,6946,2022-02-10,0
2021-02-26,7,6953,2022-02-10,0
2021-02-27,6,6959,2022-02-10,0
2021-02-28,8,6967,2022-02-10,0
2021-03-01,7,6974,2022-02-10,0
2021-03-02,3,6977,2022-02-10,0
2021-03-03,10,6987,2022-02-10,0
2021-03-04,6,6993,2022-02-10,0
2021-03-05,10,7003,2022-02-10,0
2021-03-06,5,7008,2022-02-10,0
2021-03-07,9,7017,2022-02-10,0
2021-03-08,5,7022,2022-02-10,0
2021-03-09,7,7029,2022-02-10,0
2021-03-10,5,7034,2022-02-10,0
2021-03-11,4,7038,2022-02-10,0
2021-03-12,11,7049,2022-02-10,0
2021-03-13,5,7054,2022-02-10,0
2021-03-14,5,7059,2022-02-10,0
2021-03-15,2,7061,2022-02-10,0
2021-03-16,6,7067,2022-02-10,0
2021-03-17,4,7071,2022-02-10,0
2021-03-18,5,7076,2022-02-10,0
2021-03-19,5,7081,2022-02-10,0
2021-03-20,9,7090,2022-02-10,0
2021-03-21,5,7095,2022-02-10,0
2021-03-22,4,7099,2022-02-10,0
2021-03-23,5,7104,2022-02-10,0
2021-03-24,1,7105,2022-02-10,0
2021-03-25,5,7110,2022-02-10,0
2021-03-26,3,7113,2022-02-10,0
2021-03-27,7,7120,2022-02-10,0
2021-03-28,6,7126,2022-02-10,0
2021-03-29,5,7131,2022-02-10,0
2021-03-30,6,7137,2022-02-10,0
2021-03-31,8,7145,2022-02-10,0
2021-04-01,6,7151,2022-02-10,0
2021-04-02,9,7160,2022-02-10,0
2021-04-03,8,7168,2022-02-10,0
2021-04-04,6,7174,2022-02-10,0
2021-04-05,8,7182,2022-02-10,0
2021-04-06,7,7189,2022-02-10,0
2021-04-07,6,7195,2022-02-10,0
2021-04-08,10,7205,2022-02-10,0
2021-04-09,7,7212,2022-02-10,0
2021-04-10,7,7219,2022-02-10,0
2021-04-11,8,7227,2022-02-10,0
2021-04-12,10,7237,2022-02-10,0
2021-04-13,7,7244,2022-02-10,0
2021-04-14,8,7252,2022-02-10,0
2021-04-15,14,7266,2022-02-10,0
2021-04-16,8,7274,2022-02-10,0
2021-04-17,8,7282,2022-02-10,0
2021-04-18,8,7290,2022-02-10,0
2021-04-19,10,7300,2022-02-10,0
2021-04-20,5,7305,2022-02-10,0
2021-04-21,8,7313,2022-02-10,0
2021-04-22,3,7316,2022-02-10,0
2021-04-23,15,7331,2022-02-10,0
2021-04-24,11,7342,2022-02-10,0
2021-04-25,15,7357,2022-02-10,0
2021-04-26,15,7372,2022-02-10,0
2021-04-27,7,7379,2022-02-10,0
2021-04-28,14,7393,2022-02-10,0
2021-04-29,8,7401,2022-02-10,0
2021-04-30,11,7412,2022-02-10,0
2021-05-01,7,7419,2022-02-10,0
2021-05-02,8,7427,2022-02-10,0
2021-05-03,5,7432,2022-02-10,0
2021-05-04,13,7445,2022-02-10,0
2021-05-05,8,7453,2022-02-10,0
2021-05-06,5,7458,2022-02-10,0
2021-05-07,8,7466,2022-02-10,0
2021-05-08,7,7473,2022-02-10,0
2021-05-09,9,7482,2022-02-10,0
2021-05-10,8,7490,2022-02-10,0
2021-05-11,6,7496,2022-02-10,0
2021-05-12,9,7505,2022-02-10,0
2021-05-13,9,7514,2022-02-10,0
2021-05-14,11,7525,2022-02-10,0
2021-05-15,10,7535,2022-02-10,0
2021-05-16,6,7541,2022-02-10,0
2021-05-17,6,7547,2022-02-10,0
2021-05-18,7,7554,2022-02-10,0
2021-05-19,2,7556,2022-02-10,0
2021-05-20,5,7561,2022-02-10,0
2021-05-21,7,7568,2022-02-10,0
2021-05-22,12,7580,2022-02-10,0
2021-05-23,5,7585,2022-02-10,0
2021-05-24,5,7590,2022-02-10,0
2021-05-25,6,7596,2022-02-10,0
2021-05-26,3,7599,2022-02-10,0
2021-05-27,7,7606,2022-02-10,0
2021-05-28,2,7608,2022-02-10,0
2021-05-29,6,7614,2022-02-10,0
2021-05-30,4,7618,2022-02-10,0
2021-05-31,3,7621,2022-02-10,0
2021-06-01,5,7626,2022-02-10,0
2021-06-02,8,7634,2022-02-10,0
2021-06-03,4,7638,2022-02-10,0
2021-06-04,4,7642,2022-02-10,0
2021-06-05,2,7644,2022-02-10,0
2021-06-06,5,7649,2022-02-10,0
2021-06-07,3,7652,2022-02-10,0
2021-06-08,5,7657,2022-02-10,0
2021-06-09,4,7661,2022-02-10,0
2021-06-10,6,7667,2022-02-10,0
2021-06-11,6,7673,2022-02-10,0
2021-06-12,4,7677,2022-02-10,0
2021-06-13,4,7681,2022-02-10,0
2021-06-14,3,7684,2022-02-10,0
2021-06-15,2,7686,2022-02-10,0
2021-06-16,2,7688,2022-02-10,0
2021-06-17,4,7692,2022-02-10,0
2021-06-18,1,7693,2022-02-10,0
2021-06-19,6,7699,2022-02-10,0
2021-06-20,1,7700,2022-02-10,0
2021-06-21,5,7705,2022-02-10,0
2021-06-22,3,7708,2022-02-10,0
2021-06-23,4,7712,2022-02-10,0
2021-06-24,3,7715,2022-02-10,0
2021-06-25,3,7718,2022-02-10,0
2021-06-26,4,7722,2022-02-10,0
2021-06-27,2,7724,2022-02-10,0
2021-06-28,2,7726,2022-02-10,0
2021-06-29,2,7728,2022-02-10,0
2021-06-30,2,7730,2022-02-10,0
2021-07-01,0,7730,2022-02-10,0
2021-07-02,2,7732,2022-02-10,0
2021-07-03,2,7734,2022-02-10,0
2021-07-04,3,7737,2022-02-10,0
2021-07-05,1,7738,2022-02-10,0
2021-07-06,5,7743,2022-02-10,0
2021-07-07,1,7744,2022-02-10,0
2021-07-08,1,7745,2022-02-10,0
2021-07-09,0,7745,2022-02-10,0
2021-07-10,1,7746,2022-02-10,0
2021-07-11,3,7749,2022-02-10,0
2021-07-12,1,7750,2022-02-10,0
2021-07-13,2,7752,2022-02-10,0
2021-07-14,2,7754,2022-02-10,0
2021-07-15,2,7756,2022-02-10,0
2021-07-16,1,7757,2022-02-10,0
2021-07-17,1,7758,2022-02-10,0
2021-07-18,0,7758,2022-02-10,0
2021-07-19,0,7758,2022-02-10,0
2021-07-20,2,7760,2022-02-10,0
2021-07-21,3,7763,2022-02-10,0
2021-07-22,2,7765,2022-02-10,0
2021-07-23,3,7768,2022-02-10,0
2021-07-24,0,7768,2022-02-10,0
2021-07-25,2,7770,2022-02-10,0
2021-07-26,1,7771,2022-02-10,0
2021-07-27,2,7773,2022-02-10,0
2021-07-28,3,7776,2022-02-10,0
2021-07-29,2,7778,2022-02-10,0
2021-07-30,5,7783,2022-02-10,0
2021-07-31,4,7787,2022-02-10,0
2021-08-01,1,7788,2022-02-10,0
2021-08-02,3,7791,2022-02-10,0
2021-08-03,2,7793,2022-02-10,0
2021-08-04,3,7796,2022-02-10,0
2021-08-05,2,7798,2022-02-10,0
2021-08-06,8,7806,2022-02-10,0
2021-08-07,3,7809,2022-02-10,0
2021-08-08,3,7812,2022-02-10,0
2021-08-09,3,7815,2022-02-10,0
2021-08-10,2,7817,2022-02-10,0
2021-08-11,2,7819,2022-02-10,0
2021-08-12,7,7826,2022-02-10,0
2021-08-13,5,7831,2022-02-10,0
2021-08-14,6,7837,2022-02-10,0
2021-08-15,0,7837,2022-02-10,0
2021-08-16,7,7844,2022-02-10,0
2021-08-17,7,7851,2022-02-10,0
2021-08-18,9,7860,2022-02-10,0
2021-08-19,2,7862,2022-02-10,0
2021-08-20,3,7865,2022-02-10,0
2021-08-21,5,7870,2022-02-10,0
2021-08-22,7,7877,2022-02-10,0
2021-08-23,5,7882,2022-02-10,0
2021-08-24,12,7894,2022-02-10,0
2021-08-25,7,7901,2022-02-10,0
2021-08-26,2,7903,2022-02-10,0
2021-08-27,6,7909,2022-02-10,0
2021-08-28,11,7920,2022-02-10,0
2021-08-29,11,7931,2022-02-10,0
2021-08-30,8,7939,2022-02-10,0
2021-08-31,8,7947,2022-02-10,0
2021-09-01,6,7953,2022-02-10,0
2021-09-02,6,7959,2022-02-10,0
2021-09-03,9,7968,2022-02-10,0
2021-09-04,9,7977,2022-02-10,0
2021-09-05,10,7987,2022-02-10,0
2021-09-06,8,7995,2022-02-10,0
2021-09-07,7,8002,2022-02-10,0
2021-09-08,11,8013,2022-02-10,0
2021-09-09,5,8018,2022-02-10,0
2021-09-10,9,8027,2022-02-10,0
2021-09-11,17,8044,2022-02-10,0
2021-09-12,10,8054,2022-02-10,0
2021-09-13,8,8062,2022-02-10,0
2021-09-14,11,8073,2022-02-10,0
2021-09-15,14,8087,2022-02-10,0
2021-09-16,16,8103,2022-02-10,0
2021-09-17,8,8111,2022-02-10,0
2021-09-18,14,8125,2022-02-10,0
2021-09-19,11,8136,2022-02-10,0
2021-09-20,16,8152,2022-02-10,0
2021-09-21,15,8167,2022-02-10,0
2021-09-22,17,8184,2022-02-10,0
2021-09-23,13,8197,2022-02-10,0
2021-09-24,13,8210,2022-02-10,0
2021-09-25,16,8226,2022-02-10,0
2021-09-26,15,8241,2022-02-10,0
2021-09-27,15,8256,2022-02-10,0
2021-09-28,11,8267,2022-02-10,0
2021-09-29,21,8288,2022-02-10,0
2021-09-30,17,8305,2022-02-10,0
2021-10-01,13,8318,2022-02-10,0
2021-10-02,15,8333,2022-02-10,0
2021-10-03,23,8356,2022-02-10,0
2021-10-04,15,8371,2022-02-10,0
2021-10-05,23,8394,2022-02-10,0
2021-10-06,21,8415,2022-02-10,0
2021-10-07,14,8429,2022-02-10,0
2021-10-08,22,8451,2022-02-10,0
2021-10-09,20,8471,2022-02-10,0
2021-10-10,14,8485,2022-02-10,0
2021-10-11,11,8496,2022-02-10,0
2021-10-12,25,8521,2022-02-10,0
2021-10-13,21,8542,2022-02-10,0
2021-10-14,22,8564,2022-02-10,0
2021-10-15,14,8578,2022-02-10,0
2021-10-16,20,8598,2022-02-10,0
2021-10-17,17,8615,2022-02-10,0
2021-10-18,17,8632,2022-02-10,0
2021-10-19,25,8657,2022-02-10,0
2021-10-20,16,8673,2022-02-10,0
2021-10-21,9,8682,2022-02-10,0
2021-10-22,23,8705,2022-02-10,0
2021-10-23,24,8729,2022-02-10,0
2021-10-24,25,8754,2022-02-10,0
2021-10-25,20,8774,2022-02-10,0
2021-10-26,22,8796,2022-02-10,0
2021-10-27,16,8812,2022-02-10,0
2021-10-28,24,8836,2022-02-10,0
2021-10-29,20,8856,2022-02-10,0
2021-10-30,20,8876,2022-02-10,0
2021-10-31,27,8903,2022-02-10,0
2021-11-01,18,8921,2022-02-10,0
2021-11-02,18,8939,2022-02-10,0
2021-11-03,27,8966,2022-02-10,0
2021-11-04,27,8993,2022-02-10,0
2021-11-05,29,9022,2022-02-10,0
2021-11-06,16,9038,2022-02-10,0
2021-11-07,24,9062,2022-02-10,0
2021-11-08,28,9090,2022-02-10,0
2021-11-09,17,9107,2022-02-10,0
2021-11-10,18,9125,2022-02-10,0
2021-11-11,28,9153,2022-02-10,0
2021-11-12,29,9182,2022-02-10,0
2021-11-13,31,9213,2022-02-10,0
2021-11-14,24,9237,2022-02-10,0
2021-11-15,28,9265,2022-02-10,0
2021-11-16,25,9290,2022-02-10,0
2021-11-17,37,9327,2022-02-10,0
2021-11-18,37,9364,2022-02-10,0
2021-11-19,34,9398,2022-02-10,0
2021-11-20,30,9428,2022-02-10,0
2021-11-21,32,9460,2022-02-10,0
2021-11-22,29,9489,2022-02-10,0
2021-11-23,32,9521,2022-02-10,1
2021-11-24,25,9546,2022-02-10,0
2021-11-25,35,9581,2022-02-10,0
2021-11-26,51,9632,2022-02-10,1
2021-11-27,36,9668,2022-02-10,0
2021-11-28,39,9707,2022-02-10,0
2021-11-29,29,9736,2022-02-10,0
2021-11-30,30,9766,2022-02-10,0
2021-12-01,47,9813,2022-02-10,0
2021-12-02,40,9853,2022-02-10,0
2021-12-03,31,9884,2022-02-10,0
2021-12-04,42,9926,2022-02-10,0
2021-12-05,35,9961,2022-02-10,0
2021-12-06,34,9995,2022-02-10,0
2021-12-07,36,10031,2022-02-10,0
2021-12-08,38,10069,2022-02-10,0
2021-12-09,47,10116,2022-02-10,0
2021-12-10,34,10150,2022-02-10,0
2021-12-11,27,10177,2022-02-10,0
2021-12-12,36,10213,2022-02-10,0
2021-12-13,33,10246,2022-02-10,0
2021-12-14,35,10281,2022-02-10,0
2021-12-15,40,10321,2022-02-10,0
2021-12-16,32,10353,2022-02-10,0
2021-12-17,40,10393,2022-02-10,0
2021-12-18,32,10425,2022-02-10,0
2021-12-19,30,10455,2022-02-10,0
2021-12-20,33,10488,2022-02-10,0
2021-12-21,28,10516,2022-02-10,0
2021-12-22,28,10544,2022-02-10,0
2021-12-23,27,10571,2022-02-10,0
2021-12-24,29,10600,2022-02-10,0
2021-12-25,28,10628,2022-02-10,0
2021-12-26,42,10670,2022-02-10,0
2021-12-27,31,10701,2022-02-10,0
2021-12-28,34,10735,2022-02-10,0
2021-12-29,29,10764,2022-02-10,0
2021-12-30,19,10783,2022-02-10,0
2021-12-31,39,10822,2022-02-10,1
2022-01-01,27,10849,2022-02-10,0
2022-01-02,22,10871,2022-02-10,0
2022-01-03,23,10894,2022-02-10,0
2022-01-04,30,10924,2022-02-10,1
2022-01-05,31,10955,2022-02-10,0
2022-01-06,32,10987,2022-02-10,0
2022-01-07,27,11014,2022-02-10,0
2022-01-08,40,11054,2022-02-10,0
2022-01-09,18,11072,2022-02-10,0
2022-01-10,31,11103,2022-02-10,0
2022-01-11,17,11120,2022-02-10,0
2022-01-12,19,11139,2022-02-10,1
2022-01-13,26,11165,2022-02-10,0
2022-01-14,33,11198,2022-02-10,0
2022-01-15,25,11223,2022-02-10,0
2022-01-16,31,11254,2022-02-10,0
2022-01-17,35,11289,2022-02-10,0
2022-01-18,23,11312,2022-02-10,0
2022-01-19,26,11338,2022-02-10,0
2022-01-20,30,11368,2022-02-10,0
2022-01-21,27,11395,2022-02-10,0
2022-01-22,23,11418,2022-02-10,0
2022-01-23,22,11440,2022-02-10,0
2022-01-24,31,11471,2022-02-10,0
2022-01-25,33,11504,2022-02-10,0
2022-01-26,32,11536,2022-02-10,1
2022-01-27,33,11569,2022-02-10,0
2022-01-28,29,11598,2022-02-10,0
2022-01-29,27,11625,2022-02-10,0
2022-01-30,27,11652,2022-02-10,1
2022-01-31,12,11664,2022-02-10,1
2022-02-01,21,11685,2022-02-10,1
2022-02-02,19,11704,2022-02-10,3
2022-02-03,19,11723,2022-02-10,3
2022-02-04,10,11733,2022-02-10,5
2022-02-05,13,11746,2022-02-10,6
2022-02-06,11,11757,2022-02-10,7
2022-02-07,3,11760,2022-02-10,3
2022-02-08,1,11761,2022-02-10,1
NA,0,11761,2022-02-10,0
2020-03-19,1,1,2022-02-11,0
2020-03-20,0,1,2022-02-11,0
2020-03-21,0,1,2022-02-11,0
2020-03-22,0,1,2022-02-11,0
2020-03-23,0,1,2022-02-11,0
2020-03-24,1,2,2022-02-11,0
2020-03-25,1,3,2022-02-11,0
2020-03-26,1,4,2022-02-11,0
2020-03-27,5,9,2022-02-11,0
2020-03-28,3,12,2022-02-11,0
2020-03-29,0,12,2022-02-11,0
2020-03-30,5,17,2022-02-11,0
2020-03-31,2,19,2022-02-11,0
2020-04-01,5,24,2022-02-11,0
2020-04-02,3,27,2022-02-11,0
2020-04-03,1,28,2022-02-11,0
2020-04-04,5,33,2022-02-11,0
2020-04-05,5,38,2022-02-11,0
2020-04-06,10,48,2022-02-11,0
2020-04-07,6,54,2022-02-11,0
2020-04-08,7,61,2022-02-11,0
2020-04-09,8,69,2022-02-11,0
2020-04-10,6,75,2022-02-11,0
2020-04-11,4,79,2022-02-11,0
2020-04-12,4,83,2022-02-11,0
2020-04-13,10,93,2022-02-11,0
2020-04-14,6,99,2022-02-11,0
2020-04-15,17,116,2022-02-11,0
2020-04-16,10,126,2022-02-11,0
2020-04-17,17,143,2022-02-11,0
2020-04-18,17,160,2022-02-11,0
2020-04-19,16,176,2022-02-11,0
2020-04-20,21,197,2022-02-11,0
2020-04-21,26,223,2022-02-11,0
2020-04-22,21,244,2022-02-11,0
2020-04-23,19,263,2022-02-11,0
2020-04-24,23,286,2022-02-11,0
2020-04-25,18,304,2022-02-11,0
2020-04-26,17,321,2022-02-11,0
2020-04-27,21,342,2022-02-11,0
2020-04-28,16,358,2022-02-11,0
2020-04-29,29,387,2022-02-11,0
2020-04-30,18,405,2022-02-11,0
2020-05-01,30,435,2022-02-11,0
2020-05-02,19,454,2022-02-11,0
2020-05-03,29,483,2022-02-11,0
2020-05-04,23,506,2022-02-11,0
2020-05-05,19,525,2022-02-11,0
2020-05-06,25,550,2022-02-11,0
2020-05-07,30,580,2022-02-11,0
2020-05-08,20,600,2022-02-11,0
2020-05-09,26,626,2022-02-11,0
2020-05-10,19,645,2022-02-11,0
2020-05-11,25,670,2022-02-11,0
2020-05-12,20,690,2022-02-11,0
2020-05-13,22,712,2022-02-11,0
2020-05-14,20,732,2022-02-11,0
2020-05-15,20,752,2022-02-11,0
2020-05-16,20,772,2022-02-11,0
2020-05-17,23,795,2022-02-11,0
2020-05-18,18,813,2022-02-11,0
2020-05-19,35,848,2022-02-11,0
2020-05-20,24,872,2022-02-11,0
2020-05-21,17,889,2022-02-11,0
2020-05-22,20,909,2022-02-11,0
2020-05-23,26,935,2022-02-11,0
2020-05-24,25,960,2022-02-11,0
2020-05-25,30,990,2022-02-11,0
2020-05-26,29,1019,2022-02-11,0
2020-05-27,25,1044,2022-02-11,0
2020-05-28,21,1065,2022-02-11,0
2020-05-29,17,1082,2022-02-11,0
2020-05-30,11,1093,2022-02-11,0
2020-05-31,20,1113,2022-02-11,0
2020-06-01,23,1136,2022-02-11,0
2020-06-02,21,1157,2022-02-11,0
2020-06-03,25,1182,2022-02-11,0
2020-06-04,26,1208,2022-02-11,0
2020-06-05,18,1226,2022-02-11,0
2020-06-06,12,1238,2022-02-11,0
2020-06-07,22,1260,2022-02-11,0
2020-06-08,12,1272,2022-02-11,0
2020-06-09,13,1285,2022-02-11,0
2020-06-10,10,1295,2022-02-11,0
2020-06-11,12,1307,2022-02-11,0
2020-06-12,11,1318,2022-02-11,0
2020-06-13,13,1331,2022-02-11,0
2020-06-14,11,1342,2022-02-11,0
2020-06-15,8,1350,2022-02-11,0
2020-06-16,9,1359,2022-02-11,0
2020-06-17,17,1376,2022-02-11,0
2020-06-18,9,1385,2022-02-11,0
2020-06-19,8,1393,2022-02-11,0
2020-06-20,12,1405,2022-02-11,0
2020-06-21,11,1416,2022-02-11,0
2020-06-22,6,1422,2022-02-11,0
2020-06-23,10,1432,2022-02-11,0
2020-06-24,1,1433,2022-02-11,0
2020-06-25,9,1442,2022-02-11,0
2020-06-26,6,1448,2022-02-11,0
2020-06-27,5,1453,2022-02-11,0
2020-06-28,11,1464,2022-02-11,0
2020-06-29,7,1471,2022-02-11,0
2020-06-30,9,1480,2022-02-11,0
2020-07-01,2,1482,2022-02-11,0
2020-07-02,3,1485,2022-02-11,0
2020-07-03,5,1490,2022-02-11,0
2020-07-04,4,1494,2022-02-11,0
2020-07-05,6,1500,2022-02-11,0
2020-07-06,4,1504,2022-02-11,0
2020-07-07,2,1506,2022-02-11,0
2020-07-08,9,1515,2022-02-11,0
2020-07-09,4,1519,2022-02-11,0
2020-07-10,3,1522,2022-02-11,0
2020-07-11,4,1526,2022-02-11,0
2020-07-12,6,1532,2022-02-11,0
2020-07-13,2,1534,2022-02-11,0
2020-07-14,6,1540,2022-02-11,0
2020-07-15,7,1547,2022-02-11,0
2020-07-16,3,1550,2022-02-11,0
2020-07-17,7,1557,2022-02-11,0
2020-07-18,6,1563,2022-02-11,0
2020-07-19,5,1568,2022-02-11,0
2020-07-20,3,1571,2022-02-11,0
2020-07-21,6,1577,2022-02-11,0
2020-07-22,5,1582,2022-02-11,0
2020-07-23,8,1590,2022-02-11,0
2020-07-24,6,1596,2022-02-11,0
2020-07-25,2,1598,2022-02-11,0
2020-07-26,5,1603,2022-02-11,0
2020-07-27,5,1608,2022-02-11,0
2020-07-28,7,1615,2022-02-11,0
2020-07-29,3,1618,2022-02-11,0
2020-07-30,6,1624,2022-02-11,0
2020-07-31,9,1633,2022-02-11,0
2020-08-01,4,1637,2022-02-11,0
2020-08-02,7,1644,2022-02-11,0
2020-08-03,4,1648,2022-02-11,0
2020-08-04,7,1655,2022-02-11,0
2020-08-05,8,1663,2022-02-11,0
2020-08-06,9,1672,2022-02-11,0
2020-08-07,7,1679,2022-02-11,0
2020-08-08,6,1685,2022-02-11,0
2020-08-09,10,1695,2022-02-11,0
2020-08-10,3,1698,2022-02-11,0
2020-08-11,9,1707,2022-02-11,0
2020-08-12,7,1714,2022-02-11,0
2020-08-13,5,1719,2022-02-11,0
2020-08-14,9,1728,2022-02-11,0
2020-08-15,13,1741,2022-02-11,0
2020-08-16,13,1754,2022-02-11,0
2020-08-17,6,1760,2022-02-11,0
2020-08-18,11,1771,2022-02-11,0
2020-08-19,3,1774,2022-02-11,0
2020-08-20,10,1784,2022-02-11,0
2020-08-21,12,1796,2022-02-11,0
2020-08-22,9,1805,2022-02-11,0
2020-08-23,7,1812,2022-02-11,0
2020-08-24,9,1821,2022-02-11,0
2020-08-25,4,1825,2022-02-11,0
2020-08-26,3,1828,2022-02-11,0
2020-08-27,7,1835,2022-02-11,0
2020-08-28,6,1841,2022-02-11,0
2020-08-29,3,1844,2022-02-11,0
2020-08-30,5,1849,2022-02-11,0
2020-08-31,9,1858,2022-02-11,0
2020-09-01,2,1860,2022-02-11,0
2020-09-02,7,1867,2022-02-11,0
2020-09-03,12,1879,2022-02-11,0
2020-09-04,4,1883,2022-02-11,0
2020-09-05,6,1889,2022-02-11,0
2020-09-06,12,1901,2022-02-11,0
2020-09-07,3,1904,2022-02-11,0
2020-09-08,6,1910,2022-02-11,0
2020-09-09,10,1920,2022-02-11,0
2020-09-10,9,1929,2022-02-11,0
2020-09-11,11,1940,2022-02-11,0
2020-09-12,8,1948,2022-02-11,0
2020-09-13,8,1956,2022-02-11,0
2020-09-14,2,1958,2022-02-11,0
2020-09-15,7,1965,2022-02-11,0
2020-09-16,9,1974,2022-02-11,0
2020-09-17,5,1979,2022-02-11,0
2020-09-18,6,1985,2022-02-11,0
2020-09-19,4,1989,2022-02-11,0
2020-09-20,9,1998,2022-02-11,0
2020-09-21,7,2005,2022-02-11,0
2020-09-22,8,2013,2022-02-11,0
2020-09-23,9,2022,2022-02-11,0
2020-09-24,8,2030,2022-02-11,0
2020-09-25,11,2041,2022-02-11,0
2020-09-26,9,2050,2022-02-11,0
2020-09-27,14,2064,2022-02-11,0
2020-09-28,11,2075,2022-02-11,0
2020-09-29,5,2080,2022-02-11,0
2020-09-30,16,2096,2022-02-11,0
2020-10-01,7,2103,2022-02-11,0
2020-10-02,13,2116,2022-02-11,0
2020-10-03,9,2125,2022-02-11,0
2020-10-04,7,2132,2022-02-11,0
2020-10-05,10,2142,2022-02-11,0
2020-10-06,13,2155,2022-02-11,0
2020-10-07,19,2174,2022-02-11,0
2020-10-08,9,2183,2022-02-11,0
2020-10-09,17,2200,2022-02-11,0
2020-10-10,16,2216,2022-02-11,0
2020-10-11,16,2232,2022-02-11,0
2020-10-12,20,2252,2022-02-11,0
2020-10-13,14,2266,2022-02-11,0
2020-10-14,10,2276,2022-02-11,0
2020-10-15,9,2285,2022-02-11,0
2020-10-16,12,2297,2022-02-11,0
2020-10-17,18,2315,2022-02-11,0
2020-10-18,25,2340,2022-02-11,0
2020-10-19,18,2358,2022-02-11,0
2020-10-20,15,2373,2022-02-11,0
2020-10-21,24,2397,2022-02-11,0
2020-10-22,18,2415,2022-02-11,0
2020-10-23,19,2434,2022-02-11,0
2020-10-24,8,2442,2022-02-11,0
2020-10-25,17,2459,2022-02-11,0
2020-10-26,25,2484,2022-02-11,0
2020-10-27,23,2507,2022-02-11,0
2020-10-28,29,2536,2022-02-11,0
2020-10-29,18,2554,2022-02-11,0
2020-10-30,27,2581,2022-02-11,0
2020-10-31,25,2606,2022-02-11,0
2020-11-01,21,2627,2022-02-11,0
2020-11-02,25,2652,2022-02-11,0
2020-11-03,25,2677,2022-02-11,0
2020-11-04,33,2710,2022-02-11,0
2020-11-05,38,2748,2022-02-11,0
2020-11-06,39,2787,2022-02-11,0
2020-11-07,42,2829,2022-02-11,0
2020-11-08,47,2876,2022-02-11,0
2020-11-09,37,2913,2022-02-11,0
2020-11-10,35,2948,2022-02-11,0
2020-11-11,43,2991,2022-02-11,0
2020-11-12,45,3036,2022-02-11,0
2020-11-13,40,3076,2022-02-11,0
2020-11-14,48,3124,2022-02-11,0
2020-11-15,46,3170,2022-02-11,0
2020-11-16,62,3232,2022-02-11,0
2020-11-17,56,3288,2022-02-11,0
2020-11-18,61,3349,2022-02-11,0
2020-11-19,60,3409,2022-02-11,0
2020-11-20,63,3472,2022-02-11,0
2020-11-21,58,3530,2022-02-11,0
2020-11-22,67,3597,2022-02-11,0
2020-11-23,59,3656,2022-02-11,0
2020-11-24,69,3725,2022-02-11,0
2020-11-25,72,3797,2022-02-11,0
2020-11-26,54,3851,2022-02-11,0
2020-11-27,69,3920,2022-02-11,0
2020-11-28,62,3982,2022-02-11,0
2020-11-29,68,4050,2022-02-11,0
2020-11-30,62,4112,2022-02-11,0
2020-12-01,64,4176,2022-02-11,0
2020-12-02,73,4249,2022-02-11,0
2020-12-03,86,4335,2022-02-11,0
2020-12-04,67,4402,2022-02-11,0
2020-12-05,74,4476,2022-02-11,0
2020-12-06,80,4556,2022-02-11,0
2020-12-07,75,4631,2022-02-11,0
2020-12-08,61,4692,2022-02-11,0
2020-12-09,71,4763,2022-02-11,0
2020-12-10,72,4835,2022-02-11,0
2020-12-11,71,4906,2022-02-11,0
2020-12-12,72,4978,2022-02-11,0
2020-12-13,56,5034,2022-02-11,0
2020-12-14,43,5077,2022-02-11,0
2020-12-15,65,5142,2022-02-11,0
2020-12-16,74,5216,2022-02-11,0
2020-12-17,60,5276,2022-02-11,0
2020-12-18,59,5335,2022-02-11,0
2020-12-19,56,5391,2022-02-11,0
2020-12-20,61,5452,2022-02-11,0
2020-12-21,58,5510,2022-02-11,0
2020-12-22,33,5543,2022-02-11,0
2020-12-23,46,5589,2022-02-11,0
2020-12-24,51,5640,2022-02-11,0
2020-12-25,36,5676,2022-02-11,0
2020-12-26,43,5719,2022-02-11,0
2020-12-27,41,5760,2022-02-11,0
2020-12-28,34,5794,2022-02-11,0
2020-12-29,37,5831,2022-02-11,0
2020-12-30,47,5878,2022-02-11,0
2020-12-31,36,5914,2022-02-11,0
2021-01-01,28,5942,2022-02-11,0
2021-01-02,49,5991,2022-02-11,0
2021-01-03,37,6028,2022-02-11,0
2021-01-04,32,6060,2022-02-11,0
2021-01-05,40,6100,2022-02-11,0
2021-01-06,32,6132,2022-02-11,0
2021-01-07,38,6170,2022-02-11,0
2021-01-08,32,6202,2022-02-11,0
2021-01-09,26,6228,2022-02-11,0
2021-01-10,30,6258,2022-02-11,0
2021-01-11,27,6285,2022-02-11,0
2021-01-12,32,6317,2022-02-11,0
2021-01-13,23,6340,2022-02-11,0
2021-01-14,42,6382,2022-02-11,0
2021-01-15,26,6408,2022-02-11,0
2021-01-16,30,6438,2022-02-11,0
2021-01-17,21,6459,2022-02-11,0
2021-01-18,19,6478,2022-02-11,0
2021-01-19,14,6492,2022-02-11,0
2021-01-20,26,6518,2022-02-11,0
2021-01-21,16,6534,2022-02-11,0
2021-01-22,14,6548,2022-02-11,0
2021-01-23,17,6565,2022-02-11,0
2021-01-24,24,6589,2022-02-11,0
2021-01-25,19,6608,2022-02-11,0
2021-01-26,21,6629,2022-02-11,0
2021-01-27,11,6640,2022-02-11,0
2021-01-28,12,6652,2022-02-11,0
2021-01-29,15,6667,2022-02-11,0
2021-01-30,13,6680,2022-02-11,0
2021-01-31,16,6696,2022-02-11,0
2021-02-01,17,6713,2022-02-11,0
2021-02-02,10,6723,2022-02-11,0
2021-02-03,11,6734,2022-02-11,0
2021-02-04,11,6745,2022-02-11,0
2021-02-05,13,6758,2022-02-11,0
2021-02-06,12,6770,2022-02-11,0
2021-02-07,19,6789,2022-02-11,0
2021-02-08,11,6800,2022-02-11,0
2021-02-09,15,6815,2022-02-11,0
2021-02-10,14,6829,2022-02-11,0
2021-02-11,7,6836,2022-02-11,0
2021-02-12,13,6849,2022-02-11,0
2021-02-13,8,6857,2022-02-11,0
2021-02-14,10,6867,2022-02-11,0
2021-02-15,9,6876,2022-02-11,0
2021-02-16,12,6888,2022-02-11,0
2021-02-17,10,6898,2022-02-11,0
2021-02-18,7,6905,2022-02-11,0
2021-02-19,6,6911,2022-02-11,0
2021-02-20,7,6918,2022-02-11,0
2021-02-21,4,6922,2022-02-11,0
2021-02-22,5,6927,2022-02-11,0
2021-02-23,9,6936,2022-02-11,0
2021-02-24,5,6941,2022-02-11,0
2021-02-25,5,6946,2022-02-11,0
2021-02-26,7,6953,2022-02-11,0
2021-02-27,6,6959,2022-02-11,0
2021-02-28,8,6967,2022-02-11,0
2021-03-01,7,6974,2022-02-11,0
2021-03-02,3,6977,2022-02-11,0
2021-03-03,10,6987,2022-02-11,0
2021-03-04,6,6993,2022-02-11,0
2021-03-05,10,7003,2022-02-11,0
2021-03-06,5,7008,2022-02-11,0
2021-03-07,9,7017,2022-02-11,0
2021-03-08,5,7022,2022-02-11,0
2021-03-09,7,7029,2022-02-11,0
2021-03-10,5,7034,2022-02-11,0
2021-03-11,4,7038,2022-02-11,0
2021-03-12,11,7049,2022-02-11,0
2021-03-13,5,7054,2022-02-11,0
2021-03-14,5,7059,2022-02-11,0
2021-03-15,2,7061,2022-02-11,0
2021-03-16,6,7067,2022-02-11,0
2021-03-17,4,7071,2022-02-11,0
2021-03-18,5,7076,2022-02-11,0
2021-03-19,5,7081,2022-02-11,0
2021-03-20,9,7090,2022-02-11,0
2021-03-21,5,7095,2022-02-11,0
2021-03-22,4,7099,2022-02-11,0
2021-03-23,5,7104,2022-02-11,0
2021-03-24,1,7105,2022-02-11,0
2021-03-25,5,7110,2022-02-11,0
2021-03-26,3,7113,2022-02-11,0
2021-03-27,7,7120,2022-02-11,0
2021-03-28,6,7126,2022-02-11,0
2021-03-29,5,7131,2022-02-11,0
2021-03-30,6,7137,2022-02-11,0
2021-03-31,8,7145,2022-02-11,0
2021-04-01,6,7151,2022-02-11,0
2021-04-02,9,7160,2022-02-11,0
2021-04-03,8,7168,2022-02-11,0
2021-04-04,6,7174,2022-02-11,0
2021-04-05,8,7182,2022-02-11,0
2021-04-06,7,7189,2022-02-11,0
2021-04-07,6,7195,2022-02-11,0
2021-04-08,10,7205,2022-02-11,0
2021-04-09,7,7212,2022-02-11,0
2021-04-10,7,7219,2022-02-11,0
2021-04-11,8,7227,2022-02-11,0
2021-04-12,10,7237,2022-02-11,0
2021-04-13,7,7244,2022-02-11,0
2021-04-14,8,7252,2022-02-11,0
2021-04-15,14,7266,2022-02-11,0
2021-04-16,8,7274,2022-02-11,0
2021-04-17,8,7282,2022-02-11,0
2021-04-18,8,7290,2022-02-11,0
2021-04-19,10,7300,2022-02-11,0
2021-04-20,5,7305,2022-02-11,0
2021-04-21,8,7313,2022-02-11,0
2021-04-22,3,7316,2022-02-11,0
2021-04-23,15,7331,2022-02-11,0
2021-04-24,11,7342,2022-02-11,0
2021-04-25,15,7357,2022-02-11,0
2021-04-26,15,7372,2022-02-11,0
2021-04-27,7,7379,2022-02-11,0
2021-04-28,14,7393,2022-02-11,0
2021-04-29,8,7401,2022-02-11,0
2021-04-30,11,7412,2022-02-11,0
2021-05-01,7,7419,2022-02-11,0
2021-05-02,8,7427,2022-02-11,0
2021-05-03,5,7432,2022-02-11,0
2021-05-04,13,7445,2022-02-11,0
2021-05-05,8,7453,2022-02-11,0
2021-05-06,5,7458,2022-02-11,0
2021-05-07,8,7466,2022-02-11,0
2021-05-08,7,7473,2022-02-11,0
2021-05-09,9,7482,2022-02-11,0
2021-05-10,8,7490,2022-02-11,0
2021-05-11,6,7496,2022-02-11,0
2021-05-12,9,7505,2022-02-11,0
2021-05-13,9,7514,2022-02-11,0
2021-05-14,11,7525,2022-02-11,0
2021-05-15,10,7535,2022-02-11,0
2021-05-16,6,7541,2022-02-11,0
2021-05-17,6,7547,2022-02-11,0
2021-05-18,7,7554,2022-02-11,0
2021-05-19,2,7556,2022-02-11,0
2021-05-20,5,7561,2022-02-11,0
2021-05-21,7,7568,2022-02-11,0
2021-05-22,12,7580,2022-02-11,0
2021-05-23,5,7585,2022-02-11,0
2021-05-24,5,7590,2022-02-11,0
2021-05-25,6,7596,2022-02-11,0
2021-05-26,3,7599,2022-02-11,0
2021-05-27,7,7606,2022-02-11,0
2021-05-28,2,7608,2022-02-11,0
2021-05-29,6,7614,2022-02-11,0
2021-05-30,4,7618,2022-02-11,0
2021-05-31,3,7621,2022-02-11,0
2021-06-01,5,7626,2022-02-11,0
2021-06-02,8,7634,2022-02-11,0
2021-06-03,4,7638,2022-02-11,0
2021-06-04,4,7642,2022-02-11,0
2021-06-05,2,7644,2022-02-11,0
2021-06-06,5,7649,2022-02-11,0
2021-06-07,3,7652,2022-02-11,0
2021-06-08,5,7657,2022-02-11,0
2021-06-09,4,7661,2022-02-11,0
2021-06-10,6,7667,2022-02-11,0
2021-06-11,6,7673,2022-02-11,0
2021-06-12,4,7677,2022-02-11,0
2021-06-13,4,7681,2022-02-11,0
2021-06-14,3,7684,2022-02-11,0
2021-06-15,2,7686,2022-02-11,0
2021-06-16,2,7688,2022-02-11,0
2021-06-17,4,7692,2022-02-11,0
2021-06-18,2,7694,2022-02-11,1
2021-06-19,6,7700,2022-02-11,0
2021-06-20,1,7701,2022-02-11,0
2021-06-21,5,7706,2022-02-11,0
2021-06-22,3,7709,2022-02-11,0
2021-06-23,4,7713,2022-02-11,0
2021-06-24,3,7716,2022-02-11,0
2021-06-25,3,7719,2022-02-11,0
2021-06-26,4,7723,2022-02-11,0
2021-06-27,2,7725,2022-02-11,0
2021-06-28,2,7727,2022-02-11,0
2021-06-29,2,7729,2022-02-11,0
2021-06-30,2,7731,2022-02-11,0
2021-07-01,0,7731,2022-02-11,0
2021-07-02,2,7733,2022-02-11,0
2021-07-03,2,7735,2022-02-11,0
2021-07-04,3,7738,2022-02-11,0
2021-07-05,1,7739,2022-02-11,0
2021-07-06,5,7744,2022-02-11,0
2021-07-07,1,7745,2022-02-11,0
2021-07-08,1,7746,2022-02-11,0
2021-07-09,0,7746,2022-02-11,0
2021-07-10,1,7747,2022-02-11,0
2021-07-11,3,7750,2022-02-11,0
2021-07-12,1,7751,2022-02-11,0
2021-07-13,2,7753,2022-02-11,0
2021-07-14,2,7755,2022-02-11,0
2021-07-15,2,7757,2022-02-11,0
2021-07-16,1,7758,2022-02-11,0
2021-07-17,1,7759,2022-02-11,0
2021-07-18,0,7759,2022-02-11,0
2021-07-19,0,7759,2022-02-11,0
2021-07-20,2,7761,2022-02-11,0
2021-07-21,3,7764,2022-02-11,0
2021-07-22,2,7766,2022-02-11,0
2021-07-23,3,7769,2022-02-11,0
2021-07-24,0,7769,2022-02-11,0
2021-07-25,2,7771,2022-02-11,0
2021-07-26,1,7772,2022-02-11,0
2021-07-27,2,7774,2022-02-11,0
2021-07-28,3,7777,2022-02-11,0
2021-07-29,2,7779,2022-02-11,0
2021-07-30,5,7784,2022-02-11,0
2021-07-31,4,7788,2022-02-11,0
2021-08-01,1,7789,2022-02-11,0
2021-08-02,3,7792,2022-02-11,0
2021-08-03,2,7794,2022-02-11,0
2021-08-04,3,7797,2022-02-11,0
2021-08-05,2,7799,2022-02-11,0
2021-08-06,8,7807,2022-02-11,0
2021-08-07,3,7810,2022-02-11,0
2021-08-08,3,7813,2022-02-11,0
2021-08-09,3,7816,2022-02-11,0
2021-08-10,2,7818,2022-02-11,0
2021-08-11,2,7820,2022-02-11,0
2021-08-12,7,7827,2022-02-11,0
2021-08-13,5,7832,2022-02-11,0
2021-08-14,6,7838,2022-02-11,0
2021-08-15,0,7838,2022-02-11,0
2021-08-16,7,7845,2022-02-11,0
2021-08-17,7,7852,2022-02-11,0
2021-08-18,9,7861,2022-02-11,0
2021-08-19,2,7863,2022-02-11,0
2021-08-20,3,7866,2022-02-11,0
2021-08-21,5,7871,2022-02-11,0
2021-08-22,7,7878,2022-02-11,0
2021-08-23,5,7883,2022-02-11,0
2021-08-24,12,7895,2022-02-11,0
2021-08-25,7,7902,2022-02-11,0
2021-08-26,2,7904,2022-02-11,0
2021-08-27,6,7910,2022-02-11,0
2021-08-28,11,7921,2022-02-11,0
2021-08-29,11,7932,2022-02-11,0
2021-08-30,8,7940,2022-02-11,0
2021-08-31,8,7948,2022-02-11,0
2021-09-01,6,7954,2022-02-11,0
2021-09-02,6,7960,2022-02-11,0
2021-09-03,9,7969,2022-02-11,0
2021-09-04,9,7978,2022-02-11,0
2021-09-05,10,7988,2022-02-11,0
2021-09-06,8,7996,2022-02-11,0
2021-09-07,7,8003,2022-02-11,0
2021-09-08,11,8014,2022-02-11,0
2021-09-09,5,8019,2022-02-11,0
2021-09-10,9,8028,2022-02-11,0
2021-09-11,17,8045,2022-02-11,0
2021-09-12,10,8055,2022-02-11,0
2021-09-13,8,8063,2022-02-11,0
2021-09-14,11,8074,2022-02-11,0
2021-09-15,14,8088,2022-02-11,0
2021-09-16,16,8104,2022-02-11,0
2021-09-17,8,8112,2022-02-11,0
2021-09-18,14,8126,2022-02-11,0
2021-09-19,11,8137,2022-02-11,0
2021-09-20,16,8153,2022-02-11,0
2021-09-21,15,8168,2022-02-11,0
2021-09-22,17,8185,2022-02-11,0
2021-09-23,13,8198,2022-02-11,0
2021-09-24,13,8211,2022-02-11,0
2021-09-25,16,8227,2022-02-11,0
2021-09-26,15,8242,2022-02-11,0
2021-09-27,15,8257,2022-02-11,0
2021-09-28,11,8268,2022-02-11,0
2021-09-29,21,8289,2022-02-11,0
2021-09-30,17,8306,2022-02-11,0
2021-10-01,13,8319,2022-02-11,0
2021-10-02,15,8334,2022-02-11,0
2021-10-03,23,8357,2022-02-11,0
2021-10-04,15,8372,2022-02-11,0
2021-10-05,23,8395,2022-02-11,0
2021-10-06,21,8416,2022-02-11,0
2021-10-07,14,8430,2022-02-11,0
2021-10-08,22,8452,2022-02-11,0
2021-10-09,20,8472,2022-02-11,0
2021-10-10,14,8486,2022-02-11,0
2021-10-11,11,8497,2022-02-11,0
2021-10-12,25,8522,2022-02-11,0
2021-10-13,21,8543,2022-02-11,0
2021-10-14,22,8565,2022-02-11,0
2021-10-15,14,8579,2022-02-11,0
2021-10-16,20,8599,2022-02-11,0
2021-10-17,17,8616,2022-02-11,0
2021-10-18,17,8633,2022-02-11,0
2021-10-19,25,8658,2022-02-11,0
2021-10-20,16,8674,2022-02-11,0
2021-10-21,9,8683,2022-02-11,0
2021-10-22,23,8706,2022-02-11,0
2021-10-23,24,8730,2022-02-11,0
2021-10-24,25,8755,2022-02-11,0
2021-10-25,20,8775,2022-02-11,0
2021-10-26,22,8797,2022-02-11,0
2021-10-27,16,8813,2022-02-11,0
2021-10-28,24,8837,2022-02-11,0
2021-10-29,20,8857,2022-02-11,0
2021-10-30,20,8877,2022-02-11,0
2021-10-31,27,8904,2022-02-11,0
2021-11-01,18,8922,2022-02-11,0
2021-11-02,18,8940,2022-02-11,0
2021-11-03,27,8967,2022-02-11,0
2021-11-04,27,8994,2022-02-11,0
2021-11-05,29,9023,2022-02-11,0
2021-11-06,16,9039,2022-02-11,0
2021-11-07,24,9063,2022-02-11,0
2021-11-08,28,9091,2022-02-11,0
2021-11-09,17,9108,2022-02-11,0
2021-11-10,18,9126,2022-02-11,0
2021-11-11,28,9154,2022-02-11,0
2021-11-12,29,9183,2022-02-11,0
2021-11-13,31,9214,2022-02-11,0
2021-11-14,24,9238,2022-02-11,0
2021-11-15,28,9266,2022-02-11,0
2021-11-16,25,9291,2022-02-11,0
2021-11-17,37,9328,2022-02-11,0
2021-11-18,38,9366,2022-02-11,1
2021-11-19,34,9400,2022-02-11,0
2021-11-20,30,9430,2022-02-11,0
2021-11-21,32,9462,2022-02-11,0
2021-11-22,29,9491,2022-02-11,0
2021-11-23,32,9523,2022-02-11,0
2021-11-24,25,9548,2022-02-11,0
2021-11-25,35,9583,2022-02-11,0
2021-11-26,51,9634,2022-02-11,0
2021-11-27,36,9670,2022-02-11,0
2021-11-28,39,9709,2022-02-11,0
2021-11-29,29,9738,2022-02-11,0
2021-11-30,30,9768,2022-02-11,0
2021-12-01,47,9815,2022-02-11,0
2021-12-02,40,9855,2022-02-11,0
2021-12-03,31,9886,2022-02-11,0
2021-12-04,42,9928,2022-02-11,0
2021-12-05,35,9963,2022-02-11,0
2021-12-06,34,9997,2022-02-11,0
2021-12-07,36,10033,2022-02-11,0
2021-12-08,38,10071,2022-02-11,0
2021-12-09,47,10118,2022-02-11,0
2021-12-10,34,10152,2022-02-11,0
2021-12-11,27,10179,2022-02-11,0
2021-12-12,36,10215,2022-02-11,0
2021-12-13,33,10248,2022-02-11,0
2021-12-14,35,10283,2022-02-11,0
2021-12-15,40,10323,2022-02-11,0
2021-12-16,32,10355,2022-02-11,0
2021-12-17,40,10395,2022-02-11,0
2021-12-18,32,10427,2022-02-11,0
2021-12-19,30,10457,2022-02-11,0
2021-12-20,33,10490,2022-02-11,0
2021-12-21,28,10518,2022-02-11,0
2021-12-22,28,10546,2022-02-11,0
2021-12-23,27,10573,2022-02-11,0
2021-12-24,29,10602,2022-02-11,0
2021-12-25,28,10630,2022-02-11,0
2021-12-26,42,10672,2022-02-11,0
2021-12-27,31,10703,2022-02-11,0
2021-12-28,34,10737,2022-02-11,0
2021-12-29,29,10766,2022-02-11,0
2021-12-30,19,10785,2022-02-11,0
2021-12-31,39,10824,2022-02-11,0
2022-01-01,27,10851,2022-02-11,0
2022-01-02,22,10873,2022-02-11,0
2022-01-03,23,10896,2022-02-11,0
2022-01-04,30,10926,2022-02-11,0
2022-01-05,31,10957,2022-02-11,0
2022-01-06,32,10989,2022-02-11,0
2022-01-07,27,11016,2022-02-11,0
2022-01-08,40,11056,2022-02-11,0
2022-01-09,18,11074,2022-02-11,0
2022-01-10,31,11105,2022-02-11,0
2022-01-11,17,11122,2022-02-11,0
2022-01-12,19,11141,2022-02-11,0
2022-01-13,26,11167,2022-02-11,0
2022-01-14,33,11200,2022-02-11,0
2022-01-15,25,11225,2022-02-11,0
2022-01-16,32,11257,2022-02-11,1
2022-01-17,35,11292,2022-02-11,0
2022-01-18,23,11315,2022-02-11,0
2022-01-19,26,11341,2022-02-11,0
2022-01-20,30,11371,2022-02-11,0
2022-01-21,27,11398,2022-02-11,0
2022-01-22,23,11421,2022-02-11,0
2022-01-23,22,11443,2022-02-11,0
2022-01-24,32,11475,2022-02-11,1
2022-01-25,33,11508,2022-02-11,0
2022-01-26,32,11540,2022-02-11,0
2022-01-27,33,11573,2022-02-11,0
2022-01-28,29,11602,2022-02-11,0
2022-01-29,27,11629,2022-02-11,0
2022-01-30,27,11656,2022-02-11,0
2022-01-31,13,11669,2022-02-11,1
2022-02-01,23,11692,2022-02-11,2
2022-02-02,21,11713,2022-02-11,2
2022-02-03,22,11735,2022-02-11,3
2022-02-04,14,11749,2022-02-11,4
2022-02-05,18,11767,2022-02-11,5
2022-02-06,14,11781,2022-02-11,3
2022-02-07,7,11788,2022-02-11,4
2022-02-08,9,11797,2022-02-11,8
NA,0,11797,2022-02-11,0
2020-03-19,1,1,2022-02-14,0
2020-03-20,0,1,2022-02-14,0
2020-03-21,0,1,2022-02-14,0
2020-03-22,0,1,2022-02-14,0
2020-03-23,0,1,2022-02-14,0
2020-03-24,1,2,2022-02-14,0
2020-03-25,1,3,2022-02-14,0
2020-03-26,1,4,2022-02-14,0
2020-03-27,5,9,2022-02-14,0
2020-03-28,3,12,2022-02-14,0
2020-03-29,0,12,2022-02-14,0
2020-03-30,5,17,2022-02-14,0
2020-03-31,2,19,2022-02-14,0
2020-04-01,5,24,2022-02-14,0
2020-04-02,3,27,2022-02-14,0
2020-04-03,1,28,2022-02-14,0
2020-04-04,5,33,2022-02-14,0
2020-04-05,5,38,2022-02-14,0
2020-04-06,10,48,2022-02-14,0
2020-04-07,6,54,2022-02-14,0
2020-04-08,7,61,2022-02-14,0
2020-04-09,8,69,2022-02-14,0
2020-04-10,6,75,2022-02-14,0
2020-04-11,4,79,2022-02-14,0
2020-04-12,4,83,2022-02-14,0
2020-04-13,10,93,2022-02-14,0
2020-04-14,6,99,2022-02-14,0
2020-04-15,17,116,2022-02-14,0
2020-04-16,10,126,2022-02-14,0
2020-04-17,17,143,2022-02-14,0
2020-04-18,17,160,2022-02-14,0
2020-04-19,16,176,2022-02-14,0
2020-04-20,21,197,2022-02-14,0
2020-04-21,26,223,2022-02-14,0
2020-04-22,21,244,2022-02-14,0
2020-04-23,19,263,2022-02-14,0
2020-04-24,23,286,2022-02-14,0
2020-04-25,18,304,2022-02-14,0
2020-04-26,17,321,2022-02-14,0
2020-04-27,21,342,2022-02-14,0
2020-04-28,16,358,2022-02-14,0
2020-04-29,29,387,2022-02-14,0
2020-04-30,18,405,2022-02-14,0
2020-05-01,30,435,2022-02-14,0
2020-05-02,19,454,2022-02-14,0
2020-05-03,29,483,2022-02-14,0
2020-05-04,23,506,2022-02-14,0
2020-05-05,19,525,2022-02-14,0
2020-05-06,25,550,2022-02-14,0
2020-05-07,30,580,2022-02-14,0
2020-05-08,20,600,2022-02-14,0
2020-05-09,26,626,2022-02-14,0
2020-05-10,19,645,2022-02-14,0
2020-05-11,25,670,2022-02-14,0
2020-05-12,20,690,2022-02-14,0
2020-05-13,22,712,2022-02-14,0
2020-05-14,20,732,2022-02-14,0
2020-05-15,20,752,2022-02-14,0
2020-05-16,20,772,2022-02-14,0
2020-05-17,23,795,2022-02-14,0
2020-05-18,18,813,2022-02-14,0
2020-05-19,35,848,2022-02-14,0
2020-05-20,24,872,2022-02-14,0
2020-05-21,17,889,2022-02-14,0
2020-05-22,20,909,2022-02-14,0
2020-05-23,26,935,2022-02-14,0
2020-05-24,25,960,2022-02-14,0
2020-05-25,30,990,2022-02-14,0
2020-05-26,29,1019,2022-02-14,0
2020-05-27,25,1044,2022-02-14,0
2020-05-28,21,1065,2022-02-14,0
2020-05-29,17,1082,2022-02-14,0
2020-05-30,11,1093,2022-02-14,0
2020-05-31,20,1113,2022-02-14,0
2020-06-01,23,1136,2022-02-14,0
2020-06-02,21,1157,2022-02-14,0
2020-06-03,25,1182,2022-02-14,0
2020-06-04,26,1208,2022-02-14,0
2020-06-05,18,1226,2022-02-14,0
2020-06-06,12,1238,2022-02-14,0
2020-06-07,22,1260,2022-02-14,0
2020-06-08,12,1272,2022-02-14,0
2020-06-09,13,1285,2022-02-14,0
2020-06-10,10,1295,2022-02-14,0
2020-06-11,12,1307,2022-02-14,0
2020-06-12,11,1318,2022-02-14,0
2020-06-13,13,1331,2022-02-14,0
2020-06-14,11,1342,2022-02-14,0
2020-06-15,8,1350,2022-02-14,0
2020-06-16,9,1359,2022-02-14,0
2020-06-17,17,1376,2022-02-14,0
2020-06-18,9,1385,2022-02-14,0
2020-06-19,8,1393,2022-02-14,0
2020-06-20,12,1405,2022-02-14,0
2020-06-21,11,1416,2022-02-14,0
2020-06-22,6,1422,2022-02-14,0
2020-06-23,10,1432,2022-02-14,0
2020-06-24,1,1433,2022-02-14,0
2020-06-25,9,1442,2022-02-14,0
2020-06-26,6,1448,2022-02-14,0
2020-06-27,5,1453,2022-02-14,0
2020-06-28,11,1464,2022-02-14,0
2020-06-29,7,1471,2022-02-14,0
2020-06-30,9,1480,2022-02-14,0
2020-07-01,2,1482,2022-02-14,0
2020-07-02,3,1485,2022-02-14,0
2020-07-03,5,1490,2022-02-14,0
2020-07-04,4,1494,2022-02-14,0
2020-07-05,6,1500,2022-02-14,0
2020-07-06,4,1504,2022-02-14,0
2020-07-07,2,1506,2022-02-14,0
2020-07-08,9,1515,2022-02-14,0
2020-07-09,4,1519,2022-02-14,0
2020-07-10,3,1522,2022-02-14,0
2020-07-11,4,1526,2022-02-14,0
2020-07-12,6,1532,2022-02-14,0
2020-07-13,2,1534,2022-02-14,0
2020-07-14,6,1540,2022-02-14,0
2020-07-15,7,1547,2022-02-14,0
2020-07-16,3,1550,2022-02-14,0
2020-07-17,7,1557,2022-02-14,0
2020-07-18,6,1563,2022-02-14,0
2020-07-19,5,1568,2022-02-14,0
2020-07-20,3,1571,2022-02-14,0
2020-07-21,6,1577,2022-02-14,0
2020-07-22,5,1582,2022-02-14,0
2020-07-23,8,1590,2022-02-14,0
2020-07-24,6,1596,2022-02-14,0
2020-07-25,2,1598,2022-02-14,0
2020-07-26,5,1603,2022-02-14,0
2020-07-27,5,1608,2022-02-14,0
2020-07-28,7,1615,2022-02-14,0
2020-07-29,3,1618,2022-02-14,0
2020-07-30,6,1624,2022-02-14,0
2020-07-31,9,1633,2022-02-14,0
2020-08-01,4,1637,2022-02-14,0
2020-08-02,7,1644,2022-02-14,0
2020-08-03,4,1648,2022-02-14,0
2020-08-04,7,1655,2022-02-14,0
2020-08-05,8,1663,2022-02-14,0
2020-08-06,9,1672,2022-02-14,0
2020-08-07,7,1679,2022-02-14,0
2020-08-08,6,1685,2022-02-14,0
2020-08-09,10,1695,2022-02-14,0
2020-08-10,3,1698,2022-02-14,0
2020-08-11,9,1707,2022-02-14,0
2020-08-12,7,1714,2022-02-14,0
2020-08-13,5,1719,2022-02-14,0
2020-08-14,9,1728,2022-02-14,0
2020-08-15,13,1741,2022-02-14,0
2020-08-16,13,1754,2022-02-14,0
2020-08-17,6,1760,2022-02-14,0
2020-08-18,11,1771,2022-02-14,0
2020-08-19,3,1774,2022-02-14,0
2020-08-20,10,1784,2022-02-14,0
2020-08-21,12,1796,2022-02-14,0
2020-08-22,9,1805,2022-02-14,0
2020-08-23,7,1812,2022-02-14,0
2020-08-24,9,1821,2022-02-14,0
2020-08-25,4,1825,2022-02-14,0
2020-08-26,3,1828,2022-02-14,0
2020-08-27,7,1835,2022-02-14,0
2020-08-28,6,1841,2022-02-14,0
2020-08-29,3,1844,2022-02-14,0
2020-08-30,5,1849,2022-02-14,0
2020-08-31,9,1858,2022-02-14,0
2020-09-01,2,1860,2022-02-14,0
2020-09-02,7,1867,2022-02-14,0
2020-09-03,12,1879,2022-02-14,0
2020-09-04,4,1883,2022-02-14,0
2020-09-05,6,1889,2022-02-14,0
2020-09-06,12,1901,2022-02-14,0
2020-09-07,3,1904,2022-02-14,0
2020-09-08,6,1910,2022-02-14,0
2020-09-09,10,1920,2022-02-14,0
2020-09-10,9,1929,2022-02-14,0
2020-09-11,11,1940,2022-02-14,0
2020-09-12,8,1948,2022-02-14,0
2020-09-13,8,1956,2022-02-14,0
2020-09-14,2,1958,2022-02-14,0
2020-09-15,7,1965,2022-02-14,0
2020-09-16,9,1974,2022-02-14,0
2020-09-17,5,1979,2022-02-14,0
2020-09-18,6,1985,2022-02-14,0
2020-09-19,4,1989,2022-02-14,0
2020-09-20,9,1998,2022-02-14,0
2020-09-21,7,2005,2022-02-14,0
2020-09-22,8,2013,2022-02-14,0
2020-09-23,9,2022,2022-02-14,0
2020-09-24,8,2030,2022-02-14,0
2020-09-25,11,2041,2022-02-14,0
2020-09-26,9,2050,2022-02-14,0
2020-09-27,14,2064,2022-02-14,0
2020-09-28,11,2075,2022-02-14,0
2020-09-29,5,2080,2022-02-14,0
2020-09-30,16,2096,2022-02-14,0
2020-10-01,7,2103,2022-02-14,0
2020-10-02,13,2116,2022-02-14,0
2020-10-03,9,2125,2022-02-14,0
2020-10-04,7,2132,2022-02-14,0
2020-10-05,10,2142,2022-02-14,0
2020-10-06,13,2155,2022-02-14,0
2020-10-07,19,2174,2022-02-14,0
2020-10-08,9,2183,2022-02-14,0
2020-10-09,17,2200,2022-02-14,0
2020-10-10,16,2216,2022-02-14,0
2020-10-11,16,2232,2022-02-14,0
2020-10-12,20,2252,2022-02-14,0
2020-10-13,14,2266,2022-02-14,0
2020-10-14,10,2276,2022-02-14,0
2020-10-15,9,2285,2022-02-14,0
2020-10-16,12,2297,2022-02-14,0
2020-10-17,18,2315,2022-02-14,0
2020-10-18,25,2340,2022-02-14,0
2020-10-19,18,2358,2022-02-14,0
2020-10-20,15,2373,2022-02-14,0
2020-10-21,24,2397,2022-02-14,0
2020-10-22,18,2415,2022-02-14,0
2020-10-23,19,2434,2022-02-14,0
2020-10-24,8,2442,2022-02-14,0
2020-10-25,17,2459,2022-02-14,0
2020-10-26,25,2484,2022-02-14,0
2020-10-27,23,2507,2022-02-14,0
2020-10-28,29,2536,2022-02-14,0
2020-10-29,18,2554,2022-02-14,0
2020-10-30,27,2581,2022-02-14,0
2020-10-31,25,2606,2022-02-14,0
2020-11-01,21,2627,2022-02-14,0
2020-11-02,25,2652,2022-02-14,0
2020-11-03,25,2677,2022-02-14,0
2020-11-04,33,2710,2022-02-14,0
2020-11-05,38,2748,2022-02-14,0
2020-11-06,39,2787,2022-02-14,0
2020-11-07,42,2829,2022-02-14,0
2020-11-08,47,2876,2022-02-14,0
2020-11-09,37,2913,2022-02-14,0
2020-11-10,35,2948,2022-02-14,0
2020-11-11,43,2991,2022-02-14,0
2020-11-12,45,3036,2022-02-14,0
2020-11-13,40,3076,2022-02-14,0
2020-11-14,48,3124,2022-02-14,0
2020-11-15,46,3170,2022-02-14,0
2020-11-16,62,3232,2022-02-14,0
2020-11-17,56,3288,2022-02-14,0
2020-11-18,61,3349,2022-02-14,0
2020-11-19,60,3409,2022-02-14,0
2020-11-20,63,3472,2022-02-14,0
2020-11-21,58,3530,2022-02-14,0
2020-11-22,67,3597,2022-02-14,0
2020-11-23,59,3656,2022-02-14,0
2020-11-24,69,3725,2022-02-14,0
2020-11-25,72,3797,2022-02-14,0
2020-11-26,54,3851,2022-02-14,0
2020-11-27,69,3920,2022-02-14,0
2020-11-28,62,3982,2022-02-14,0
2020-11-29,68,4050,2022-02-14,0
2020-11-30,62,4112,2022-02-14,0
2020-12-01,64,4176,2022-02-14,0
2020-12-02,73,4249,2022-02-14,0
2020-12-03,86,4335,2022-02-14,0
2020-12-04,67,4402,2022-02-14,0
2020-12-05,74,4476,2022-02-14,0
2020-12-06,80,4556,2022-02-14,0
2020-12-07,75,4631,2022-02-14,0
2020-12-08,61,4692,2022-02-14,0
2020-12-09,71,4763,2022-02-14,0
2020-12-10,72,4835,2022-02-14,0
2020-12-11,71,4906,2022-02-14,0
2020-12-12,72,4978,2022-02-14,0
2020-12-13,56,5034,2022-02-14,0
2020-12-14,43,5077,2022-02-14,0
2020-12-15,65,5142,2022-02-14,0
2020-12-16,74,5216,2022-02-14,0
2020-12-17,60,5276,2022-02-14,0
2020-12-18,59,5335,2022-02-14,0
2020-12-19,56,5391,2022-02-14,0
2020-12-20,61,5452,2022-02-14,0
2020-12-21,58,5510,2022-02-14,0
2020-12-22,33,5543,2022-02-14,0
2020-12-23,46,5589,2022-02-14,0
2020-12-24,51,5640,2022-02-14,0
2020-12-25,36,5676,2022-02-14,0
2020-12-26,43,5719,2022-02-14,0
2020-12-27,41,5760,2022-02-14,0
2020-12-28,34,5794,2022-02-14,0
2020-12-29,37,5831,2022-02-14,0
2020-12-30,47,5878,2022-02-14,0
2020-12-31,36,5914,2022-02-14,0
2021-01-01,28,5942,2022-02-14,0
2021-01-02,49,5991,2022-02-14,0
2021-01-03,37,6028,2022-02-14,0
2021-01-04,32,6060,2022-02-14,0
2021-01-05,40,6100,2022-02-14,0
2021-01-06,32,6132,2022-02-14,0
2021-01-07,38,6170,2022-02-14,0
2021-01-08,32,6202,2022-02-14,0
2021-01-09,26,6228,2022-02-14,0
2021-01-10,30,6258,2022-02-14,0
2021-01-11,27,6285,2022-02-14,0
2021-01-12,32,6317,2022-02-14,0
2021-01-13,23,6340,2022-02-14,0
2021-01-14,42,6382,2022-02-14,0
2021-01-15,26,6408,2022-02-14,0
2021-01-16,30,6438,2022-02-14,0
2021-01-17,21,6459,2022-02-14,0
2021-01-18,19,6478,2022-02-14,0
2021-01-19,14,6492,2022-02-14,0
2021-01-20,26,6518,2022-02-14,0
2021-01-21,16,6534,2022-02-14,0
2021-01-22,14,6548,2022-02-14,0
2021-01-23,17,6565,2022-02-14,0
2021-01-24,24,6589,2022-02-14,0
2021-01-25,19,6608,2022-02-14,0
2021-01-26,21,6629,2022-02-14,0
2021-01-27,11,6640,2022-02-14,0
2021-01-28,12,6652,2022-02-14,0
2021-01-29,15,6667,2022-02-14,0
2021-01-30,13,6680,2022-02-14,0
2021-01-31,16,6696,2022-02-14,0
2021-02-01,17,6713,2022-02-14,0
2021-02-02,10,6723,2022-02-14,0
2021-02-03,11,6734,2022-02-14,0
2021-02-04,11,6745,2022-02-14,0
2021-02-05,13,6758,2022-02-14,0
2021-02-06,12,6770,2022-02-14,0
2021-02-07,19,6789,2022-02-14,0
2021-02-08,11,6800,2022-02-14,0
2021-02-09,15,6815,2022-02-14,0
2021-02-10,14,6829,2022-02-14,0
2021-02-11,7,6836,2022-02-14,0
2021-02-12,13,6849,2022-02-14,0
2021-02-13,8,6857,2022-02-14,0
2021-02-14,10,6867,2022-02-14,0
2021-02-15,9,6876,2022-02-14,0
2021-02-16,12,6888,2022-02-14,0
2021-02-17,10,6898,2022-02-14,0
2021-02-18,7,6905,2022-02-14,0
2021-02-19,6,6911,2022-02-14,0
2021-02-20,7,6918,2022-02-14,0
2021-02-21,4,6922,2022-02-14,0
2021-02-22,5,6927,2022-02-14,0
2021-02-23,9,6936,2022-02-14,0
2021-02-24,5,6941,2022-02-14,0
2021-02-25,5,6946,2022-02-14,0
2021-02-26,7,6953,2022-02-14,0
2021-02-27,6,6959,2022-02-14,0
2021-02-28,8,6967,2022-02-14,0
2021-03-01,7,6974,2022-02-14,0
2021-03-02,3,6977,2022-02-14,0
2021-03-03,10,6987,2022-02-14,0
2021-03-04,6,6993,2022-02-14,0
2021-03-05,10,7003,2022-02-14,0
2021-03-06,5,7008,2022-02-14,0
2021-03-07,9,7017,2022-02-14,0
2021-03-08,5,7022,2022-02-14,0
2021-03-09,7,7029,2022-02-14,0
2021-03-10,5,7034,2022-02-14,0
2021-03-11,4,7038,2022-02-14,0
2021-03-12,11,7049,2022-02-14,0
2021-03-13,5,7054,2022-02-14,0
2021-03-14,5,7059,2022-02-14,0
2021-03-15,2,7061,2022-02-14,0
2021-03-16,6,7067,2022-02-14,0
2021-03-17,4,7071,2022-02-14,0
2021-03-18,5,7076,2022-02-14,0
2021-03-19,5,7081,2022-02-14,0
2021-03-20,9,7090,2022-02-14,0
2021-03-21,5,7095,2022-02-14,0
2021-03-22,4,7099,2022-02-14,0
2021-03-23,5,7104,2022-02-14,0
2021-03-24,1,7105,2022-02-14,0
2021-03-25,5,7110,2022-02-14,0
2021-03-26,3,7113,2022-02-14,0
2021-03-27,7,7120,2022-02-14,0
2021-03-28,6,7126,2022-02-14,0
2021-03-29,5,7131,2022-02-14,0
2021-03-30,6,7137,2022-02-14,0
2021-03-31,8,7145,2022-02-14,0
2021-04-01,6,7151,2022-02-14,0
2021-04-02,9,7160,2022-02-14,0
2021-04-03,8,7168,2022-02-14,0
2021-04-04,6,7174,2022-02-14,0
2021-04-05,8,7182,2022-02-14,0
2021-04-06,7,7189,2022-02-14,0
2021-04-07,6,7195,2022-02-14,0
2021-04-08,10,7205,2022-02-14,0
2021-04-09,7,7212,2022-02-14,0
2021-04-10,7,7219,2022-02-14,0
2021-04-11,8,7227,2022-02-14,0
2021-04-12,10,7237,2022-02-14,0
2021-04-13,7,7244,2022-02-14,0
2021-04-14,8,7252,2022-02-14,0
2021-04-15,14,7266,2022-02-14,0
2021-04-16,8,7274,2022-02-14,0
2021-04-17,8,7282,2022-02-14,0
2021-04-18,8,7290,2022-02-14,0
2021-04-19,10,7300,2022-02-14,0
2021-04-20,5,7305,2022-02-14,0
2021-04-21,8,7313,2022-02-14,0
2021-04-22,3,7316,2022-02-14,0
2021-04-23,15,7331,2022-02-14,0
2021-04-24,11,7342,2022-02-14,0
2021-04-25,15,7357,2022-02-14,0
2021-04-26,15,7372,2022-02-14,0
2021-04-27,7,7379,2022-02-14,0
2021-04-28,14,7393,2022-02-14,0
2021-04-29,8,7401,2022-02-14,0
2021-04-30,11,7412,2022-02-14,0
2021-05-01,7,7419,2022-02-14,0
2021-05-02,8,7427,2022-02-14,0
2021-05-03,5,7432,2022-02-14,0
2021-05-04,13,7445,2022-02-14,0
2021-05-05,8,7453,2022-02-14,0
2021-05-06,5,7458,2022-02-14,0
2021-05-07,8,7466,2022-02-14,0
2021-05-08,7,7473,2022-02-14,0
2021-05-09,9,7482,2022-02-14,0
2021-05-10,8,7490,2022-02-14,0
2021-05-11,6,7496,2022-02-14,0
2021-05-12,9,7505,2022-02-14,0
2021-05-13,9,7514,2022-02-14,0
2021-05-14,11,7525,2022-02-14,0
2021-05-15,10,7535,2022-02-14,0
2021-05-16,6,7541,2022-02-14,0
2021-05-17,6,7547,2022-02-14,0
2021-05-18,7,7554,2022-02-14,0
2021-05-19,2,7556,2022-02-14,0
2021-05-20,5,7561,2022-02-14,0
2021-05-21,7,7568,2022-02-14,0
2021-05-22,12,7580,2022-02-14,0
2021-05-23,5,7585,2022-02-14,0
2021-05-24,5,7590,2022-02-14,0
2021-05-25,6,7596,2022-02-14,0
2021-05-26,3,7599,2022-02-14,0
2021-05-27,7,7606,2022-02-14,0
2021-05-28,2,7608,2022-02-14,0
2021-05-29,6,7614,2022-02-14,0
2021-05-30,4,7618,2022-02-14,0
2021-05-31,3,7621,2022-02-14,0
2021-06-01,5,7626,2022-02-14,0
2021-06-02,8,7634,2022-02-14,0
2021-06-03,4,7638,2022-02-14,0
2021-06-04,4,7642,2022-02-14,0
2021-06-05,2,7644,2022-02-14,0
2021-06-06,5,7649,2022-02-14,0
2021-06-07,3,7652,2022-02-14,0
2021-06-08,5,7657,2022-02-14,0
2021-06-09,4,7661,2022-02-14,0
2021-06-10,6,7667,2022-02-14,0
2021-06-11,6,7673,2022-02-14,0
2021-06-12,4,7677,2022-02-14,0
2021-06-13,4,7681,2022-02-14,0
2021-06-14,3,7684,2022-02-14,0
2021-06-15,2,7686,2022-02-14,0
2021-06-16,2,7688,2022-02-14,0
2021-06-17,4,7692,2022-02-14,0
2021-06-18,2,7694,2022-02-14,0
2021-06-19,6,7700,2022-02-14,0
2021-06-20,1,7701,2022-02-14,0
2021-06-21,5,7706,2022-02-14,0
2021-06-22,3,7709,2022-02-14,0
2021-06-23,4,7713,2022-02-14,0
2021-06-24,3,7716,2022-02-14,0
2021-06-25,3,7719,2022-02-14,0
2021-06-26,4,7723,2022-02-14,0
2021-06-27,2,7725,2022-02-14,0
2021-06-28,2,7727,2022-02-14,0
2021-06-29,2,7729,2022-02-14,0
2021-06-30,2,7731,2022-02-14,0
2021-07-01,0,7731,2022-02-14,0
2021-07-02,2,7733,2022-02-14,0
2021-07-03,2,7735,2022-02-14,0
2021-07-04,3,7738,2022-02-14,0
2021-07-05,1,7739,2022-02-14,0
2021-07-06,5,7744,2022-02-14,0
2021-07-07,1,7745,2022-02-14,0
2021-07-08,1,7746,2022-02-14,0
2021-07-09,0,7746,2022-02-14,0
2021-07-10,1,7747,2022-02-14,0
2021-07-11,3,7750,2022-02-14,0
2021-07-12,1,7751,2022-02-14,0
2021-07-13,2,7753,2022-02-14,0
2021-07-14,2,7755,2022-02-14,0
2021-07-15,2,7757,2022-02-14,0
2021-07-16,1,7758,2022-02-14,0
2021-07-17,1,7759,2022-02-14,0
2021-07-18,0,7759,2022-02-14,0
2021-07-19,0,7759,2022-02-14,0
2021-07-20,2,7761,2022-02-14,0
2021-07-21,3,7764,2022-02-14,0
2021-07-22,2,7766,2022-02-14,0
2021-07-23,3,7769,2022-02-14,0
2021-07-24,0,7769,2022-02-14,0
2021-07-25,2,7771,2022-02-14,0
2021-07-26,1,7772,2022-02-14,0
2021-07-27,2,7774,2022-02-14,0
2021-07-28,3,7777,2022-02-14,0
2021-07-29,2,7779,2022-02-14,0
2021-07-30,5,7784,2022-02-14,0
2021-07-31,4,7788,2022-02-14,0
2021-08-01,1,7789,2022-02-14,0
2021-08-02,3,7792,2022-02-14,0
2021-08-03,2,7794,2022-02-14,0
2021-08-04,3,7797,2022-02-14,0
2021-08-05,2,7799,2022-02-14,0
2021-08-06,8,7807,2022-02-14,0
2021-08-07,3,7810,2022-02-14,0
2021-08-08,3,7813,2022-02-14,0
2021-08-09,3,7816,2022-02-14,0
2021-08-10,2,7818,2022-02-14,0
2021-08-11,2,7820,2022-02-14,0
2021-08-12,7,7827,2022-02-14,0
2021-08-13,5,7832,2022-02-14,0
2021-08-14,6,7838,2022-02-14,0
2021-08-15,0,7838,2022-02-14,0
2021-08-16,7,7845,2022-02-14,0
2021-08-17,7,7852,2022-02-14,0
2021-08-18,9,7861,2022-02-14,0
2021-08-19,2,7863,2022-02-14,0
2021-08-20,3,7866,2022-02-14,0
2021-08-21,5,7871,2022-02-14,0
2021-08-22,7,7878,2022-02-14,0
2021-08-23,5,7883,2022-02-14,0
2021-08-24,12,7895,2022-02-14,0
2021-08-25,7,7902,2022-02-14,0
2021-08-26,2,7904,2022-02-14,0
2021-08-27,6,7910,2022-02-14,0
2021-08-28,11,7921,2022-02-14,0
2021-08-29,11,7932,2022-02-14,0
2021-08-30,8,7940,2022-02-14,0
2021-08-31,8,7948,2022-02-14,0
2021-09-01,6,7954,2022-02-14,0
2021-09-02,6,7960,2022-02-14,0
2021-09-03,9,7969,2022-02-14,0
2021-09-04,9,7978,2022-02-14,0
2021-09-05,10,7988,2022-02-14,0
2021-09-06,8,7996,2022-02-14,0
2021-09-07,7,8003,2022-02-14,0
2021-09-08,11,8014,2022-02-14,0
2021-09-09,5,8019,2022-02-14,0
2021-09-10,9,8028,2022-02-14,0
2021-09-11,17,8045,2022-02-14,0
2021-09-12,10,8055,2022-02-14,0
2021-09-13,8,8063,2022-02-14,0
2021-09-14,11,8074,2022-02-14,0
2021-09-15,14,8088,2022-02-14,0
2021-09-16,16,8104,2022-02-14,0
2021-09-17,8,8112,2022-02-14,0
2021-09-18,14,8126,2022-02-14,0
2021-09-19,11,8137,2022-02-14,0
2021-09-20,16,8153,2022-02-14,0
2021-09-21,15,8168,2022-02-14,0
2021-09-22,17,8185,2022-02-14,0
2021-09-23,13,8198,2022-02-14,0
2021-09-24,13,8211,2022-02-14,0
2021-09-25,16,8227,2022-02-14,0
2021-09-26,15,8242,2022-02-14,0
2021-09-27,15,8257,2022-02-14,0
2021-09-28,11,8268,2022-02-14,0
2021-09-29,21,8289,2022-02-14,0
2021-09-30,17,8306,2022-02-14,0
2021-10-01,13,8319,2022-02-14,0
2021-10-02,15,8334,2022-02-14,0
2021-10-03,23,8357,2022-02-14,0
2021-10-04,15,8372,2022-02-14,0
2021-10-05,23,8395,2022-02-14,0
2021-10-06,21,8416,2022-02-14,0
2021-10-07,14,8430,2022-02-14,0
2021-10-08,22,8452,2022-02-14,0
2021-10-09,20,8472,2022-02-14,0
2021-10-10,14,8486,2022-02-14,0
2021-10-11,11,8497,2022-02-14,0
2021-10-12,25,8522,2022-02-14,0
2021-10-13,21,8543,2022-02-14,0
2021-10-14,22,8565,2022-02-14,0
2021-10-15,14,8579,2022-02-14,0
2021-10-16,20,8599,2022-02-14,0
2021-10-17,17,8616,2022-02-14,0
2021-10-18,17,8633,2022-02-14,0
2021-10-19,25,8658,2022-02-14,0
2021-10-20,16,8674,2022-02-14,0
2021-10-21,9,8683,2022-02-14,0
2021-10-22,23,8706,2022-02-14,0
2021-10-23,24,8730,2022-02-14,0
2021-10-24,25,8755,2022-02-14,0
2021-10-25,20,8775,2022-02-14,0
2021-10-26,22,8797,2022-02-14,0
2021-10-27,16,8813,2022-02-14,0
2021-10-28,24,8837,2022-02-14,0
2021-10-29,20,8857,2022-02-14,0
2021-10-30,20,8877,2022-02-14,0
2021-10-31,27,8904,2022-02-14,0
2021-11-01,18,8922,2022-02-14,0
2021-11-02,18,8940,2022-02-14,0
2021-11-03,27,8967,2022-02-14,0
2021-11-04,27,8994,2022-02-14,0
2021-11-05,29,9023,2022-02-14,0
2021-11-06,16,9039,2022-02-14,0
2021-11-07,24,9063,2022-02-14,0
2021-11-08,28,9091,2022-02-14,0
2021-11-09,17,9108,2022-02-14,0
2021-11-10,18,9126,2022-02-14,0
2021-11-11,28,9154,2022-02-14,0
2021-11-12,29,9183,2022-02-14,0
2021-11-13,31,9214,2022-02-14,0
2021-11-14,24,9238,2022-02-14,0
2021-11-15,28,9266,2022-02-14,0
2021-11-16,25,9291,2022-02-14,0
2021-11-17,37,9328,2022-02-14,0
2021-11-18,38,9366,2022-02-14,0
2021-11-19,34,9400,2022-02-14,0
2021-11-20,30,9430,2022-02-14,0
2021-11-21,32,9462,2022-02-14,0
2021-11-22,30,9492,2022-02-14,1
2021-11-23,32,9524,2022-02-14,0
2021-11-24,25,9549,2022-02-14,0
2021-11-25,35,9584,2022-02-14,0
2021-11-26,51,9635,2022-02-14,0
2021-11-27,36,9671,2022-02-14,0
2021-11-28,39,9710,2022-02-14,0
2021-11-29,29,9739,2022-02-14,0
2021-11-30,30,9769,2022-02-14,0
2021-12-01,47,9816,2022-02-14,0
2021-12-02,40,9856,2022-02-14,0
2021-12-03,31,9887,2022-02-14,0
2021-12-04,42,9929,2022-02-14,0
2021-12-05,36,9965,2022-02-14,1
2021-12-06,34,9999,2022-02-14,0
2021-12-07,36,10035,2022-02-14,0
2021-12-08,38,10073,2022-02-14,0
2021-12-09,47,10120,2022-02-14,0
2021-12-10,34,10154,2022-02-14,0
2021-12-11,27,10181,2022-02-14,0
2021-12-12,36,10217,2022-02-14,0
2021-12-13,33,10250,2022-02-14,0
2021-12-14,35,10285,2022-02-14,0
2021-12-15,40,10325,2022-02-14,0
2021-12-16,32,10357,2022-02-14,0
2021-12-17,40,10397,2022-02-14,0
2021-12-18,32,10429,2022-02-14,0
2021-12-19,30,10459,2022-02-14,0
2021-12-20,33,10492,2022-02-14,0
2021-12-21,28,10520,2022-02-14,0
2021-12-22,29,10549,2022-02-14,1
2021-12-23,27,10576,2022-02-14,0
2021-12-24,29,10605,2022-02-14,0
2021-12-25,28,10633,2022-02-14,0
2021-12-26,42,10675,2022-02-14,0
2021-12-27,31,10706,2022-02-14,0
2021-12-28,34,10740,2022-02-14,0
2021-12-29,29,10769,2022-02-14,0
2021-12-30,19,10788,2022-02-14,0
2021-12-31,39,10827,2022-02-14,0
2022-01-01,27,10854,2022-02-14,0
2022-01-02,22,10876,2022-02-14,0
2022-01-03,23,10899,2022-02-14,0
2022-01-04,30,10929,2022-02-14,0
2022-01-05,31,10960,2022-02-14,0
2022-01-06,32,10992,2022-02-14,0
2022-01-07,27,11019,2022-02-14,0
2022-01-08,40,11059,2022-02-14,0
2022-01-09,18,11077,2022-02-14,0
2022-01-10,31,11108,2022-02-14,0
2022-01-11,17,11125,2022-02-14,0
2022-01-12,19,11144,2022-02-14,0
2022-01-13,26,11170,2022-02-14,0
2022-01-14,33,11203,2022-02-14,0
2022-01-15,26,11229,2022-02-14,1
2022-01-16,32,11261,2022-02-14,0
2022-01-17,35,11296,2022-02-14,0
2022-01-18,23,11319,2022-02-14,0
2022-01-19,27,11346,2022-02-14,1
2022-01-20,30,11376,2022-02-14,0
2022-01-21,27,11403,2022-02-14,0
2022-01-22,24,11427,2022-02-14,1
2022-01-23,22,11449,2022-02-14,0
2022-01-24,32,11481,2022-02-14,0
2022-01-25,33,11514,2022-02-14,0
2022-01-26,32,11546,2022-02-14,0
2022-01-27,33,11579,2022-02-14,0
2022-01-28,29,11608,2022-02-14,0
2022-01-29,27,11635,2022-02-14,0
2022-01-30,27,11662,2022-02-14,0
2022-01-31,13,11675,2022-02-14,0
2022-02-01,23,11698,2022-02-14,0
2022-02-02,21,11719,2022-02-14,0
2022-02-03,24,11743,2022-02-14,2
2022-02-04,16,11759,2022-02-14,2
2022-02-05,24,11783,2022-02-14,6
2022-02-06,16,11799,2022-02-14,2
2022-02-07,9,11808,2022-02-14,2
2022-02-08,12,11820,2022-02-14,3
2022-02-09,10,11830,2022-02-14,10
NA,0,11830,2022-02-14,0
2020-03-19,1,1,2022-02-15,0
2020-03-20,0,1,2022-02-15,0
2020-03-21,0,1,2022-02-15,0
2020-03-22,0,1,2022-02-15,0
2020-03-23,0,1,2022-02-15,0
2020-03-24,1,2,2022-02-15,0
2020-03-25,1,3,2022-02-15,0
2020-03-26,1,4,2022-02-15,0
2020-03-27,5,9,2022-02-15,0
2020-03-28,3,12,2022-02-15,0
2020-03-29,0,12,2022-02-15,0
2020-03-30,5,17,2022-02-15,0
2020-03-31,2,19,2022-02-15,0
2020-04-01,5,24,2022-02-15,0
2020-04-02,3,27,2022-02-15,0
2020-04-03,1,28,2022-02-15,0
2020-04-04,5,33,2022-02-15,0
2020-04-05,5,38,2022-02-15,0
2020-04-06,10,48,2022-02-15,0
2020-04-07,6,54,2022-02-15,0
2020-04-08,7,61,2022-02-15,0
2020-04-09,8,69,2022-02-15,0
2020-04-10,6,75,2022-02-15,0
2020-04-11,4,79,2022-02-15,0
2020-04-12,4,83,2022-02-15,0
2020-04-13,10,93,2022-02-15,0
2020-04-14,6,99,2022-02-15,0
2020-04-15,17,116,2022-02-15,0
2020-04-16,10,126,2022-02-15,0
2020-04-17,17,143,2022-02-15,0
2020-04-18,17,160,2022-02-15,0
2020-04-19,16,176,2022-02-15,0
2020-04-20,21,197,2022-02-15,0
2020-04-21,26,223,2022-02-15,0
2020-04-22,21,244,2022-02-15,0
2020-04-23,19,263,2022-02-15,0
2020-04-24,23,286,2022-02-15,0
2020-04-25,18,304,2022-02-15,0
2020-04-26,17,321,2022-02-15,0
2020-04-27,21,342,2022-02-15,0
2020-04-28,16,358,2022-02-15,0
2020-04-29,29,387,2022-02-15,0
2020-04-30,18,405,2022-02-15,0
2020-05-01,30,435,2022-02-15,0
2020-05-02,19,454,2022-02-15,0
2020-05-03,29,483,2022-02-15,0
2020-05-04,23,506,2022-02-15,0
2020-05-05,19,525,2022-02-15,0
2020-05-06,25,550,2022-02-15,0
2020-05-07,30,580,2022-02-15,0
2020-05-08,20,600,2022-02-15,0
2020-05-09,26,626,2022-02-15,0
2020-05-10,19,645,2022-02-15,0
2020-05-11,25,670,2022-02-15,0
2020-05-12,20,690,2022-02-15,0
2020-05-13,22,712,2022-02-15,0
2020-05-14,20,732,2022-02-15,0
2020-05-15,20,752,2022-02-15,0
2020-05-16,20,772,2022-02-15,0
2020-05-17,23,795,2022-02-15,0
2020-05-18,18,813,2022-02-15,0
2020-05-19,35,848,2022-02-15,0
2020-05-20,24,872,2022-02-15,0
2020-05-21,17,889,2022-02-15,0
2020-05-22,20,909,2022-02-15,0
2020-05-23,26,935,2022-02-15,0
2020-05-24,25,960,2022-02-15,0
2020-05-25,30,990,2022-02-15,0
2020-05-26,29,1019,2022-02-15,0
2020-05-27,25,1044,2022-02-15,0
2020-05-28,21,1065,2022-02-15,0
2020-05-29,17,1082,2022-02-15,0
2020-05-30,11,1093,2022-02-15,0
2020-05-31,20,1113,2022-02-15,0
2020-06-01,23,1136,2022-02-15,0
2020-06-02,21,1157,2022-02-15,0
2020-06-03,25,1182,2022-02-15,0
2020-06-04,26,1208,2022-02-15,0
2020-06-05,18,1226,2022-02-15,0
2020-06-06,12,1238,2022-02-15,0
2020-06-07,22,1260,2022-02-15,0
2020-06-08,12,1272,2022-02-15,0
2020-06-09,13,1285,2022-02-15,0
2020-06-10,10,1295,2022-02-15,0
2020-06-11,12,1307,2022-02-15,0
2020-06-12,11,1318,2022-02-15,0
2020-06-13,13,1331,2022-02-15,0
2020-06-14,11,1342,2022-02-15,0
2020-06-15,8,1350,2022-02-15,0
2020-06-16,9,1359,2022-02-15,0
2020-06-17,17,1376,2022-02-15,0
2020-06-18,9,1385,2022-02-15,0
2020-06-19,8,1393,2022-02-15,0
2020-06-20,12,1405,2022-02-15,0
2020-06-21,11,1416,2022-02-15,0
2020-06-22,6,1422,2022-02-15,0
2020-06-23,10,1432,2022-02-15,0
2020-06-24,1,1433,2022-02-15,0
2020-06-25,9,1442,2022-02-15,0
2020-06-26,6,1448,2022-02-15,0
2020-06-27,5,1453,2022-02-15,0
2020-06-28,11,1464,2022-02-15,0
2020-06-29,7,1471,2022-02-15,0
2020-06-30,9,1480,2022-02-15,0
2020-07-01,2,1482,2022-02-15,0
2020-07-02,3,1485,2022-02-15,0
2020-07-03,5,1490,2022-02-15,0
2020-07-04,4,1494,2022-02-15,0
2020-07-05,6,1500,2022-02-15,0
2020-07-06,4,1504,2022-02-15,0
2020-07-07,2,1506,2022-02-15,0
2020-07-08,9,1515,2022-02-15,0
2020-07-09,4,1519,2022-02-15,0
2020-07-10,3,1522,2022-02-15,0
2020-07-11,4,1526,2022-02-15,0
2020-07-12,6,1532,2022-02-15,0
2020-07-13,2,1534,2022-02-15,0
2020-07-14,6,1540,2022-02-15,0
2020-07-15,7,1547,2022-02-15,0
2020-07-16,3,1550,2022-02-15,0
2020-07-17,7,1557,2022-02-15,0
2020-07-18,6,1563,2022-02-15,0
2020-07-19,5,1568,2022-02-15,0
2020-07-20,3,1571,2022-02-15,0
2020-07-21,6,1577,2022-02-15,0
2020-07-22,5,1582,2022-02-15,0
2020-07-23,8,1590,2022-02-15,0
2020-07-24,6,1596,2022-02-15,0
2020-07-25,2,1598,2022-02-15,0
2020-07-26,5,1603,2022-02-15,0
2020-07-27,5,1608,2022-02-15,0
2020-07-28,7,1615,2022-02-15,0
2020-07-29,3,1618,2022-02-15,0
2020-07-30,6,1624,2022-02-15,0
2020-07-31,9,1633,2022-02-15,0
2020-08-01,4,1637,2022-02-15,0
2020-08-02,7,1644,2022-02-15,0
2020-08-03,4,1648,2022-02-15,0
2020-08-04,7,1655,2022-02-15,0
2020-08-05,8,1663,2022-02-15,0
2020-08-06,9,1672,2022-02-15,0
2020-08-07,7,1679,2022-02-15,0
2020-08-08,6,1685,2022-02-15,0
2020-08-09,10,1695,2022-02-15,0
2020-08-10,3,1698,2022-02-15,0
2020-08-11,9,1707,2022-02-15,0
2020-08-12,7,1714,2022-02-15,0
2020-08-13,5,1719,2022-02-15,0
2020-08-14,9,1728,2022-02-15,0
2020-08-15,13,1741,2022-02-15,0
2020-08-16,13,1754,2022-02-15,0
2020-08-17,6,1760,2022-02-15,0
2020-08-18,11,1771,2022-02-15,0
2020-08-19,3,1774,2022-02-15,0
2020-08-20,10,1784,2022-02-15,0
2020-08-21,12,1796,2022-02-15,0
2020-08-22,9,1805,2022-02-15,0
2020-08-23,7,1812,2022-02-15,0
2020-08-24,9,1821,2022-02-15,0
2020-08-25,4,1825,2022-02-15,0
2020-08-26,3,1828,2022-02-15,0
2020-08-27,7,1835,2022-02-15,0
2020-08-28,6,1841,2022-02-15,0
2020-08-29,3,1844,2022-02-15,0
2020-08-30,5,1849,2022-02-15,0
2020-08-31,9,1858,2022-02-15,0
2020-09-01,2,1860,2022-02-15,0
2020-09-02,7,1867,2022-02-15,0
2020-09-03,12,1879,2022-02-15,0
2020-09-04,4,1883,2022-02-15,0
2020-09-05,6,1889,2022-02-15,0
2020-09-06,12,1901,2022-02-15,0
2020-09-07,3,1904,2022-02-15,0
2020-09-08,6,1910,2022-02-15,0
2020-09-09,10,1920,2022-02-15,0
2020-09-10,9,1929,2022-02-15,0
2020-09-11,11,1940,2022-02-15,0
2020-09-12,8,1948,2022-02-15,0
2020-09-13,8,1956,2022-02-15,0
2020-09-14,2,1958,2022-02-15,0
2020-09-15,7,1965,2022-02-15,0
2020-09-16,9,1974,2022-02-15,0
2020-09-17,5,1979,2022-02-15,0
2020-09-18,6,1985,2022-02-15,0
2020-09-19,4,1989,2022-02-15,0
2020-09-20,9,1998,2022-02-15,0
2020-09-21,7,2005,2022-02-15,0
2020-09-22,8,2013,2022-02-15,0
2020-09-23,9,2022,2022-02-15,0
2020-09-24,8,2030,2022-02-15,0
2020-09-25,11,2041,2022-02-15,0
2020-09-26,9,2050,2022-02-15,0
2020-09-27,14,2064,2022-02-15,0
2020-09-28,11,2075,2022-02-15,0
2020-09-29,5,2080,2022-02-15,0
2020-09-30,16,2096,2022-02-15,0
2020-10-01,7,2103,2022-02-15,0
2020-10-02,13,2116,2022-02-15,0
2020-10-03,9,2125,2022-02-15,0
2020-10-04,7,2132,2022-02-15,0
2020-10-05,10,2142,2022-02-15,0
2020-10-06,13,2155,2022-02-15,0
2020-10-07,19,2174,2022-02-15,0
2020-10-08,9,2183,2022-02-15,0
2020-10-09,17,2200,2022-02-15,0
2020-10-10,16,2216,2022-02-15,0
2020-10-11,16,2232,2022-02-15,0
2020-10-12,20,2252,2022-02-15,0
2020-10-13,14,2266,2022-02-15,0
2020-10-14,10,2276,2022-02-15,0
2020-10-15,9,2285,2022-02-15,0
2020-10-16,12,2297,2022-02-15,0
2020-10-17,18,2315,2022-02-15,0
2020-10-18,25,2340,2022-02-15,0
2020-10-19,18,2358,2022-02-15,0
2020-10-20,15,2373,2022-02-15,0
2020-10-21,24,2397,2022-02-15,0
2020-10-22,18,2415,2022-02-15,0
2020-10-23,19,2434,2022-02-15,0
2020-10-24,8,2442,2022-02-15,0
2020-10-25,17,2459,2022-02-15,0
2020-10-26,25,2484,2022-02-15,0
2020-10-27,23,2507,2022-02-15,0
2020-10-28,29,2536,2022-02-15,0
2020-10-29,18,2554,2022-02-15,0
2020-10-30,27,2581,2022-02-15,0
2020-10-31,25,2606,2022-02-15,0
2020-11-01,21,2627,2022-02-15,0
2020-11-02,25,2652,2022-02-15,0
2020-11-03,25,2677,2022-02-15,0
2020-11-04,33,2710,2022-02-15,0
2020-11-05,38,2748,2022-02-15,0
2020-11-06,39,2787,2022-02-15,0
2020-11-07,42,2829,2022-02-15,0
2020-11-08,47,2876,2022-02-15,0
2020-11-09,37,2913,2022-02-15,0
2020-11-10,35,2948,2022-02-15,0
2020-11-11,43,2991,2022-02-15,0
2020-11-12,45,3036,2022-02-15,0
2020-11-13,40,3076,2022-02-15,0
2020-11-14,48,3124,2022-02-15,0
2020-11-15,46,3170,2022-02-15,0
2020-11-16,62,3232,2022-02-15,0
2020-11-17,56,3288,2022-02-15,0
2020-11-18,61,3349,2022-02-15,0
2020-11-19,60,3409,2022-02-15,0
2020-11-20,63,3472,2022-02-15,0
2020-11-21,58,3530,2022-02-15,0
2020-11-22,67,3597,2022-02-15,0
2020-11-23,59,3656,2022-02-15,0
2020-11-24,69,3725,2022-02-15,0
2020-11-25,72,3797,2022-02-15,0
2020-11-26,54,3851,2022-02-15,0
2020-11-27,69,3920,2022-02-15,0
2020-11-28,62,3982,2022-02-15,0
2020-11-29,68,4050,2022-02-15,0
2020-11-30,62,4112,2022-02-15,0
2020-12-01,64,4176,2022-02-15,0
2020-12-02,73,4249,2022-02-15,0
2020-12-03,86,4335,2022-02-15,0
2020-12-04,67,4402,2022-02-15,0
2020-12-05,74,4476,2022-02-15,0
2020-12-06,80,4556,2022-02-15,0
2020-12-07,75,4631,2022-02-15,0
2020-12-08,61,4692,2022-02-15,0
2020-12-09,71,4763,2022-02-15,0
2020-12-10,72,4835,2022-02-15,0
2020-12-11,71,4906,2022-02-15,0
2020-12-12,72,4978,2022-02-15,0
2020-12-13,56,5034,2022-02-15,0
2020-12-14,43,5077,2022-02-15,0
2020-12-15,65,5142,2022-02-15,0
2020-12-16,74,5216,2022-02-15,0
2020-12-17,60,5276,2022-02-15,0
2020-12-18,59,5335,2022-02-15,0
2020-12-19,56,5391,2022-02-15,0
2020-12-20,61,5452,2022-02-15,0
2020-12-21,58,5510,2022-02-15,0
2020-12-22,33,5543,2022-02-15,0
2020-12-23,46,5589,2022-02-15,0
2020-12-24,51,5640,2022-02-15,0
2020-12-25,36,5676,2022-02-15,0
2020-12-26,43,5719,2022-02-15,0
2020-12-27,41,5760,2022-02-15,0
2020-12-28,34,5794,2022-02-15,0
2020-12-29,37,5831,2022-02-15,0
2020-12-30,47,5878,2022-02-15,0
2020-12-31,36,5914,2022-02-15,0
2021-01-01,28,5942,2022-02-15,0
2021-01-02,49,5991,2022-02-15,0
2021-01-03,37,6028,2022-02-15,0
2021-01-04,32,6060,2022-02-15,0
2021-01-05,40,6100,2022-02-15,0
2021-01-06,32,6132,2022-02-15,0
2021-01-07,38,6170,2022-02-15,0
2021-01-08,32,6202,2022-02-15,0
2021-01-09,26,6228,2022-02-15,0
2021-01-10,30,6258,2022-02-15,0
2021-01-11,27,6285,2022-02-15,0
2021-01-12,32,6317,2022-02-15,0
2021-01-13,23,6340,2022-02-15,0
2021-01-14,42,6382,2022-02-15,0
2021-01-15,26,6408,2022-02-15,0
2021-01-16,30,6438,2022-02-15,0
2021-01-17,21,6459,2022-02-15,0
2021-01-18,19,6478,2022-02-15,0
2021-01-19,14,6492,2022-02-15,0
2021-01-20,26,6518,2022-02-15,0
2021-01-21,16,6534,2022-02-15,0
2021-01-22,14,6548,2022-02-15,0
2021-01-23,17,6565,2022-02-15,0
2021-01-24,24,6589,2022-02-15,0
2021-01-25,19,6608,2022-02-15,0
2021-01-26,21,6629,2022-02-15,0
2021-01-27,11,6640,2022-02-15,0
2021-01-28,12,6652,2022-02-15,0
2021-01-29,15,6667,2022-02-15,0
2021-01-30,13,6680,2022-02-15,0
2021-01-31,16,6696,2022-02-15,0
2021-02-01,17,6713,2022-02-15,0
2021-02-02,10,6723,2022-02-15,0
2021-02-03,11,6734,2022-02-15,0
2021-02-04,11,6745,2022-02-15,0
2021-02-05,13,6758,2022-02-15,0
2021-02-06,12,6770,2022-02-15,0
2021-02-07,19,6789,2022-02-15,0
2021-02-08,11,6800,2022-02-15,0
2021-02-09,15,6815,2022-02-15,0
2021-02-10,14,6829,2022-02-15,0
2021-02-11,7,6836,2022-02-15,0
2021-02-12,13,6849,2022-02-15,0
2021-02-13,8,6857,2022-02-15,0
2021-02-14,10,6867,2022-02-15,0
2021-02-15,9,6876,2022-02-15,0
2021-02-16,12,6888,2022-02-15,0
2021-02-17,10,6898,2022-02-15,0
2021-02-18,7,6905,2022-02-15,0
2021-02-19,6,6911,2022-02-15,0
2021-02-20,7,6918,2022-02-15,0
2021-02-21,4,6922,2022-02-15,0
2021-02-22,5,6927,2022-02-15,0
2021-02-23,9,6936,2022-02-15,0
2021-02-24,5,6941,2022-02-15,0
2021-02-25,5,6946,2022-02-15,0
2021-02-26,7,6953,2022-02-15,0
2021-02-27,6,6959,2022-02-15,0
2021-02-28,8,6967,2022-02-15,0
2021-03-01,7,6974,2022-02-15,0
2021-03-02,3,6977,2022-02-15,0
2021-03-03,10,6987,2022-02-15,0
2021-03-04,6,6993,2022-02-15,0
2021-03-05,10,7003,2022-02-15,0
2021-03-06,5,7008,2022-02-15,0
2021-03-07,9,7017,2022-02-15,0
2021-03-08,5,7022,2022-02-15,0
2021-03-09,7,7029,2022-02-15,0
2021-03-10,5,7034,2022-02-15,0
2021-03-11,4,7038,2022-02-15,0
2021-03-12,11,7049,2022-02-15,0
2021-03-13,5,7054,2022-02-15,0
2021-03-14,5,7059,2022-02-15,0
2021-03-15,2,7061,2022-02-15,0
2021-03-16,6,7067,2022-02-15,0
2021-03-17,4,7071,2022-02-15,0
2021-03-18,5,7076,2022-02-15,0
2021-03-19,5,7081,2022-02-15,0
2021-03-20,9,7090,2022-02-15,0
2021-03-21,5,7095,2022-02-15,0
2021-03-22,4,7099,2022-02-15,0
2021-03-23,5,7104,2022-02-15,0
2021-03-24,1,7105,2022-02-15,0
2021-03-25,5,7110,2022-02-15,0
2021-03-26,3,7113,2022-02-15,0
2021-03-27,7,7120,2022-02-15,0
2021-03-28,6,7126,2022-02-15,0
2021-03-29,5,7131,2022-02-15,0
2021-03-30,6,7137,2022-02-15,0
2021-03-31,8,7145,2022-02-15,0
2021-04-01,6,7151,2022-02-15,0
2021-04-02,9,7160,2022-02-15,0
2021-04-03,8,7168,2022-02-15,0
2021-04-04,6,7174,2022-02-15,0
2021-04-05,8,7182,2022-02-15,0
2021-04-06,7,7189,2022-02-15,0
2021-04-07,6,7195,2022-02-15,0
2021-04-08,10,7205,2022-02-15,0
2021-04-09,7,7212,2022-02-15,0
2021-04-10,7,7219,2022-02-15,0
2021-04-11,8,7227,2022-02-15,0
2021-04-12,10,7237,2022-02-15,0
2021-04-13,7,7244,2022-02-15,0
2021-04-14,8,7252,2022-02-15,0
2021-04-15,14,7266,2022-02-15,0
2021-04-16,8,7274,2022-02-15,0
2021-04-17,8,7282,2022-02-15,0
2021-04-18,8,7290,2022-02-15,0
2021-04-19,10,7300,2022-02-15,0
2021-04-20,5,7305,2022-02-15,0
2021-04-21,8,7313,2022-02-15,0
2021-04-22,3,7316,2022-02-15,0
2021-04-23,15,7331,2022-02-15,0
2021-04-24,11,7342,2022-02-15,0
2021-04-25,15,7357,2022-02-15,0
2021-04-26,15,7372,2022-02-15,0
2021-04-27,7,7379,2022-02-15,0
2021-04-28,14,7393,2022-02-15,0
2021-04-29,8,7401,2022-02-15,0
2021-04-30,11,7412,2022-02-15,0
2021-05-01,7,7419,2022-02-15,0
2021-05-02,8,7427,2022-02-15,0
2021-05-03,5,7432,2022-02-15,0
2021-05-04,13,7445,2022-02-15,0
2021-05-05,8,7453,2022-02-15,0
2021-05-06,5,7458,2022-02-15,0
2021-05-07,8,7466,2022-02-15,0
2021-05-08,7,7473,2022-02-15,0
2021-05-09,9,7482,2022-02-15,0
2021-05-10,8,7490,2022-02-15,0
2021-05-11,6,7496,2022-02-15,0
2021-05-12,9,7505,2022-02-15,0
2021-05-13,9,7514,2022-02-15,0
2021-05-14,11,7525,2022-02-15,0
2021-05-15,10,7535,2022-02-15,0
2021-05-16,6,7541,2022-02-15,0
2021-05-17,6,7547,2022-02-15,0
2021-05-18,7,7554,2022-02-15,0
2021-05-19,2,7556,2022-02-15,0
2021-05-20,5,7561,2022-02-15,0
2021-05-21,7,7568,2022-02-15,0
2021-05-22,12,7580,2022-02-15,0
2021-05-23,5,7585,2022-02-15,0
2021-05-24,5,7590,2022-02-15,0
2021-05-25,6,7596,2022-02-15,0
2021-05-26,3,7599,2022-02-15,0
2021-05-27,7,7606,2022-02-15,0
2021-05-28,2,7608,2022-02-15,0
2021-05-29,6,7614,2022-02-15,0
2021-05-30,4,7618,2022-02-15,0
2021-05-31,3,7621,2022-02-15,0
2021-06-01,5,7626,2022-02-15,0
2021-06-02,8,7634,2022-02-15,0
2021-06-03,4,7638,2022-02-15,0
2021-06-04,4,7642,2022-02-15,0
2021-06-05,2,7644,2022-02-15,0
2021-06-06,5,7649,2022-02-15,0
2021-06-07,3,7652,2022-02-15,0
2021-06-08,5,7657,2022-02-15,0
2021-06-09,4,7661,2022-02-15,0
2021-06-10,6,7667,2022-02-15,0
2021-06-11,6,7673,2022-02-15,0
2021-06-12,4,7677,2022-02-15,0
2021-06-13,4,7681,2022-02-15,0
2021-06-14,3,7684,2022-02-15,0
2021-06-15,2,7686,2022-02-15,0
2021-06-16,2,7688,2022-02-15,0
2021-06-17,4,7692,2022-02-15,0
2021-06-18,2,7694,2022-02-15,0
2021-06-19,6,7700,2022-02-15,0
2021-06-20,1,7701,2022-02-15,0
2021-06-21,5,7706,2022-02-15,0
2021-06-22,3,7709,2022-02-15,0
2021-06-23,4,7713,2022-02-15,0
2021-06-24,3,7716,2022-02-15,0
2021-06-25,3,7719,2022-02-15,0
2021-06-26,4,7723,2022-02-15,0
2021-06-27,2,7725,2022-02-15,0
2021-06-28,2,7727,2022-02-15,0
2021-06-29,2,7729,2022-02-15,0
2021-06-30,2,7731,2022-02-15,0
2021-07-01,0,7731,2022-02-15,0
2021-07-02,2,7733,2022-02-15,0
2021-07-03,2,7735,2022-02-15,0
2021-07-04,3,7738,2022-02-15,0
2021-07-05,1,7739,2022-02-15,0
2021-07-06,5,7744,2022-02-15,0
2021-07-07,1,7745,2022-02-15,0
2021-07-08,1,7746,2022-02-15,0
2021-07-09,0,7746,2022-02-15,0
2021-07-10,1,7747,2022-02-15,0
2021-07-11,3,7750,2022-02-15,0
2021-07-12,1,7751,2022-02-15,0
2021-07-13,2,7753,2022-02-15,0
2021-07-14,2,7755,2022-02-15,0
2021-07-15,2,7757,2022-02-15,0
2021-07-16,1,7758,2022-02-15,0
2021-07-17,1,7759,2022-02-15,0
2021-07-18,0,7759,2022-02-15,0
2021-07-19,0,7759,2022-02-15,0
2021-07-20,2,7761,2022-02-15,0
2021-07-21,3,7764,2022-02-15,0
2021-07-22,2,7766,2022-02-15,0
2021-07-23,3,7769,2022-02-15,0
2021-07-24,0,7769,2022-02-15,0
2021-07-25,2,7771,2022-02-15,0
2021-07-26,1,7772,2022-02-15,0
2021-07-27,2,7774,2022-02-15,0
2021-07-28,3,7777,2022-02-15,0
2021-07-29,2,7779,2022-02-15,0
2021-07-30,5,7784,2022-02-15,0
2021-07-31,4,7788,2022-02-15,0
2021-08-01,1,7789,2022-02-15,0
2021-08-02,3,7792,2022-02-15,0
2021-08-03,2,7794,2022-02-15,0
2021-08-04,3,7797,2022-02-15,0
2021-08-05,2,7799,2022-02-15,0
2021-08-06,8,7807,2022-02-15,0
2021-08-07,3,7810,2022-02-15,0
2021-08-08,3,7813,2022-02-15,0
2021-08-09,3,7816,2022-02-15,0
2021-08-10,2,7818,2022-02-15,0
2021-08-11,2,7820,2022-02-15,0
2021-08-12,7,7827,2022-02-15,0
2021-08-13,5,7832,2022-02-15,0
2021-08-14,6,7838,2022-02-15,0
2021-08-15,0,7838,2022-02-15,0
2021-08-16,7,7845,2022-02-15,0
2021-08-17,7,7852,2022-02-15,0
2021-08-18,9,7861,2022-02-15,0
2021-08-19,2,7863,2022-02-15,0
2021-08-20,3,7866,2022-02-15,0
2021-08-21,5,7871,2022-02-15,0
2021-08-22,7,7878,2022-02-15,0
2021-08-23,5,7883,2022-02-15,0
2021-08-24,12,7895,2022-02-15,0
2021-08-25,7,7902,2022-02-15,0
2021-08-26,2,7904,2022-02-15,0
2021-08-27,6,7910,2022-02-15,0
2021-08-28,11,7921,2022-02-15,0
2021-08-29,11,7932,2022-02-15,0
2021-08-30,8,7940,2022-02-15,0
2021-08-31,8,7948,2022-02-15,0
2021-09-01,6,7954,2022-02-15,0
2021-09-02,6,7960,2022-02-15,0
2021-09-03,9,7969,2022-02-15,0
2021-09-04,9,7978,2022-02-15,0
2021-09-05,10,7988,2022-02-15,0
2021-09-06,8,7996,2022-02-15,0
2021-09-07,7,8003,2022-02-15,0
2021-09-08,11,8014,2022-02-15,0
2021-09-09,5,8019,2022-02-15,0
2021-09-10,9,8028,2022-02-15,0
2021-09-11,17,8045,2022-02-15,0
2021-09-12,10,8055,2022-02-15,0
2021-09-13,8,8063,2022-02-15,0
2021-09-14,11,8074,2022-02-15,0
2021-09-15,14,8088,2022-02-15,0
2021-09-16,16,8104,2022-02-15,0
2021-09-17,8,8112,2022-02-15,0
2021-09-18,15,8127,2022-02-15,1
2021-09-19,11,8138,2022-02-15,0
2021-09-20,16,8154,2022-02-15,0
2021-09-21,15,8169,2022-02-15,0
2021-09-22,17,8186,2022-02-15,0
2021-09-23,13,8199,2022-02-15,0
2021-09-24,13,8212,2022-02-15,0
2021-09-25,16,8228,2022-02-15,0
2021-09-26,15,8243,2022-02-15,0
2021-09-27,15,8258,2022-02-15,0
2021-09-28,11,8269,2022-02-15,0
2021-09-29,21,8290,2022-02-15,0
2021-09-30,17,8307,2022-02-15,0
2021-10-01,13,8320,2022-02-15,0
2021-10-02,15,8335,2022-02-15,0
2021-10-03,23,8358,2022-02-15,0
2021-10-04,15,8373,2022-02-15,0
2021-10-05,23,8396,2022-02-15,0
2021-10-06,21,8417,2022-02-15,0
2021-10-07,14,8431,2022-02-15,0
2021-10-08,22,8453,2022-02-15,0
2021-10-09,20,8473,2022-02-15,0
2021-10-10,14,8487,2022-02-15,0
2021-10-11,11,8498,2022-02-15,0
2021-10-12,25,8523,2022-02-15,0
2021-10-13,21,8544,2022-02-15,0
2021-10-14,22,8566,2022-02-15,0
2021-10-15,14,8580,2022-02-15,0
2021-10-16,20,8600,2022-02-15,0
2021-10-17,18,8618,2022-02-15,1
2021-10-18,17,8635,2022-02-15,0
2021-10-19,26,8661,2022-02-15,1
2021-10-20,16,8677,2022-02-15,0
2021-10-21,9,8686,2022-02-15,0
2021-10-22,23,8709,2022-02-15,0
2021-10-23,24,8733,2022-02-15,0
2021-10-24,25,8758,2022-02-15,0
2021-10-25,20,8778,2022-02-15,0
2021-10-26,22,8800,2022-02-15,0
2021-10-27,16,8816,2022-02-15,0
2021-10-28,24,8840,2022-02-15,0
2021-10-29,20,8860,2022-02-15,0
2021-10-30,20,8880,2022-02-15,0
2021-10-31,27,8907,2022-02-15,0
2021-11-01,18,8925,2022-02-15,0
2021-11-02,18,8943,2022-02-15,0
2021-11-03,27,8970,2022-02-15,0
2021-11-04,27,8997,2022-02-15,0
2021-11-05,29,9026,2022-02-15,0
2021-11-06,16,9042,2022-02-15,0
2021-11-07,24,9066,2022-02-15,0
2021-11-08,28,9094,2022-02-15,0
2021-11-09,17,9111,2022-02-15,0
2021-11-10,18,9129,2022-02-15,0
2021-11-11,28,9157,2022-02-15,0
2021-11-12,29,9186,2022-02-15,0
2021-11-13,31,9217,2022-02-15,0
2021-11-14,24,9241,2022-02-15,0
2021-11-15,28,9269,2022-02-15,0
2021-11-16,25,9294,2022-02-15,0
2021-11-17,37,9331,2022-02-15,0
2021-11-18,38,9369,2022-02-15,0
2021-11-19,34,9403,2022-02-15,0
2021-11-20,30,9433,2022-02-15,0
2021-11-21,32,9465,2022-02-15,0
2021-11-22,30,9495,2022-02-15,0
2021-11-23,32,9527,2022-02-15,0
2021-11-24,25,9552,2022-02-15,0
2021-11-25,35,9587,2022-02-15,0
2021-11-26,51,9638,2022-02-15,0
2021-11-27,36,9674,2022-02-15,0
2021-11-28,39,9713,2022-02-15,0
2021-11-29,29,9742,2022-02-15,0
2021-11-30,30,9772,2022-02-15,0
2021-12-01,47,9819,2022-02-15,0
2021-12-02,40,9859,2022-02-15,0
2021-12-03,31,9890,2022-02-15,0
2021-12-04,42,9932,2022-02-15,0
2021-12-05,36,9968,2022-02-15,0
2021-12-06,35,10003,2022-02-15,1
2021-12-07,36,10039,2022-02-15,0
2021-12-08,38,10077,2022-02-15,0
2021-12-09,47,10124,2022-02-15,0
2021-12-10,34,10158,2022-02-15,0
2021-12-11,27,10185,2022-02-15,0
2021-12-12,36,10221,2022-02-15,0
2021-12-13,33,10254,2022-02-15,0
2021-12-14,35,10289,2022-02-15,0
2021-12-15,41,10330,2022-02-15,1
2021-12-16,32,10362,2022-02-15,0
2021-12-17,40,10402,2022-02-15,0
2021-12-18,32,10434,2022-02-15,0
2021-12-19,30,10464,2022-02-15,0
2021-12-20,33,10497,2022-02-15,0
2021-12-21,28,10525,2022-02-15,0
2021-12-22,29,10554,2022-02-15,0
2021-12-23,27,10581,2022-02-15,0
2021-12-24,29,10610,2022-02-15,0
2021-12-25,28,10638,2022-02-15,0
2021-12-26,42,10680,2022-02-15,0
2021-12-27,31,10711,2022-02-15,0
2021-12-28,34,10745,2022-02-15,0
2021-12-29,29,10774,2022-02-15,0
2021-12-30,19,10793,2022-02-15,0
2021-12-31,39,10832,2022-02-15,0
2022-01-01,27,10859,2022-02-15,0
2022-01-02,22,10881,2022-02-15,0
2022-01-03,23,10904,2022-02-15,0
2022-01-04,30,10934,2022-02-15,0
2022-01-05,31,10965,2022-02-15,0
2022-01-06,32,10997,2022-02-15,0
2022-01-07,27,11024,2022-02-15,0
2022-01-08,40,11064,2022-02-15,0
2022-01-09,18,11082,2022-02-15,0
2022-01-10,31,11113,2022-02-15,0
2022-01-11,18,11131,2022-02-15,1
2022-01-12,19,11150,2022-02-15,0
2022-01-13,26,11176,2022-02-15,0
2022-01-14,33,11209,2022-02-15,0
2022-01-15,26,11235,2022-02-15,0
2022-01-16,32,11267,2022-02-15,0
2022-01-17,35,11302,2022-02-15,0
2022-01-18,23,11325,2022-02-15,0
2022-01-19,27,11352,2022-02-15,0
2022-01-20,30,11382,2022-02-15,0
2022-01-21,27,11409,2022-02-15,0
2022-01-22,24,11433,2022-02-15,0
2022-01-23,22,11455,2022-02-15,0
2022-01-24,32,11487,2022-02-15,0
2022-01-25,33,11520,2022-02-15,0
2022-01-26,33,11553,2022-02-15,1
2022-01-27,34,11587,2022-02-15,1
2022-01-28,29,11616,2022-02-15,0
2022-01-29,27,11643,2022-02-15,0
2022-01-30,27,11670,2022-02-15,0
2022-01-31,13,11683,2022-02-15,0
2022-02-01,24,11707,2022-02-15,1
2022-02-02,21,11728,2022-02-15,0
2022-02-03,25,11753,2022-02-15,1
2022-02-04,16,11769,2022-02-15,0
2022-02-05,24,11793,2022-02-15,0
2022-02-06,20,11813,2022-02-15,4
2022-02-07,10,11823,2022-02-15,1
2022-02-08,16,11839,2022-02-15,4
2022-02-09,15,11854,2022-02-15,5
2022-02-10,8,11862,2022-02-15,8
NA,0,11862,2022-02-15,0
2020-03-19,1,1,2022-02-16,0
2020-03-20,0,1,2022-02-16,0
2020-03-21,0,1,2022-02-16,0
2020-03-22,0,1,2022-02-16,0
2020-03-23,0,1,2022-02-16,0
2020-03-24,1,2,2022-02-16,0
2020-03-25,1,3,2022-02-16,0
2020-03-26,1,4,2022-02-16,0
2020-03-27,5,9,2022-02-16,0
2020-03-28,3,12,2022-02-16,0
2020-03-29,0,12,2022-02-16,0
2020-03-30,5,17,2022-02-16,0
2020-03-31,2,19,2022-02-16,0
2020-04-01,5,24,2022-02-16,0
2020-04-02,3,27,2022-02-16,0
2020-04-03,1,28,2022-02-16,0
2020-04-04,5,33,2022-02-16,0
2020-04-05,5,38,2022-02-16,0
2020-04-06,10,48,2022-02-16,0
2020-04-07,6,54,2022-02-16,0
2020-04-08,7,61,2022-02-16,0
2020-04-09,8,69,2022-02-16,0
2020-04-10,6,75,2022-02-16,0
2020-04-11,4,79,2022-02-16,0
2020-04-12,4,83,2022-02-16,0
2020-04-13,10,93,2022-02-16,0
2020-04-14,6,99,2022-02-16,0
2020-04-15,17,116,2022-02-16,0
2020-04-16,10,126,2022-02-16,0
2020-04-17,17,143,2022-02-16,0
2020-04-18,17,160,2022-02-16,0
2020-04-19,16,176,2022-02-16,0
2020-04-20,21,197,2022-02-16,0
2020-04-21,26,223,2022-02-16,0
2020-04-22,21,244,2022-02-16,0
2020-04-23,19,263,2022-02-16,0
2020-04-24,23,286,2022-02-16,0
2020-04-25,18,304,2022-02-16,0
2020-04-26,17,321,2022-02-16,0
2020-04-27,21,342,2022-02-16,0
2020-04-28,16,358,2022-02-16,0
2020-04-29,29,387,2022-02-16,0
2020-04-30,18,405,2022-02-16,0
2020-05-01,30,435,2022-02-16,0
2020-05-02,19,454,2022-02-16,0
2020-05-03,29,483,2022-02-16,0
2020-05-04,23,506,2022-02-16,0
2020-05-05,19,525,2022-02-16,0
2020-05-06,25,550,2022-02-16,0
2020-05-07,30,580,2022-02-16,0
2020-05-08,20,600,2022-02-16,0
2020-05-09,26,626,2022-02-16,0
2020-05-10,19,645,2022-02-16,0
2020-05-11,25,670,2022-02-16,0
2020-05-12,20,690,2022-02-16,0
2020-05-13,22,712,2022-02-16,0
2020-05-14,20,732,2022-02-16,0
2020-05-15,20,752,2022-02-16,0
2020-05-16,20,772,2022-02-16,0
2020-05-17,23,795,2022-02-16,0
2020-05-18,18,813,2022-02-16,0
2020-05-19,35,848,2022-02-16,0
2020-05-20,24,872,2022-02-16,0
2020-05-21,17,889,2022-02-16,0
2020-05-22,20,909,2022-02-16,0
2020-05-23,26,935,2022-02-16,0
2020-05-24,25,960,2022-02-16,0
2020-05-25,30,990,2022-02-16,0
2020-05-26,29,1019,2022-02-16,0
2020-05-27,25,1044,2022-02-16,0
2020-05-28,21,1065,2022-02-16,0
2020-05-29,17,1082,2022-02-16,0
2020-05-30,11,1093,2022-02-16,0
2020-05-31,20,1113,2022-02-16,0
2020-06-01,23,1136,2022-02-16,0
2020-06-02,21,1157,2022-02-16,0
2020-06-03,25,1182,2022-02-16,0
2020-06-04,26,1208,2022-02-16,0
2020-06-05,18,1226,2022-02-16,0
2020-06-06,12,1238,2022-02-16,0
2020-06-07,22,1260,2022-02-16,0
2020-06-08,12,1272,2022-02-16,0
2020-06-09,13,1285,2022-02-16,0
2020-06-10,10,1295,2022-02-16,0
2020-06-11,12,1307,2022-02-16,0
2020-06-12,11,1318,2022-02-16,0
2020-06-13,13,1331,2022-02-16,0
2020-06-14,11,1342,2022-02-16,0
2020-06-15,8,1350,2022-02-16,0
2020-06-16,9,1359,2022-02-16,0
2020-06-17,17,1376,2022-02-16,0
2020-06-18,9,1385,2022-02-16,0
2020-06-19,8,1393,2022-02-16,0
2020-06-20,12,1405,2022-02-16,0
2020-06-21,11,1416,2022-02-16,0
2020-06-22,6,1422,2022-02-16,0
2020-06-23,10,1432,2022-02-16,0
2020-06-24,1,1433,2022-02-16,0
2020-06-25,9,1442,2022-02-16,0
2020-06-26,6,1448,2022-02-16,0
2020-06-27,5,1453,2022-02-16,0
2020-06-28,11,1464,2022-02-16,0
2020-06-29,7,1471,2022-02-16,0
2020-06-30,9,1480,2022-02-16,0
2020-07-01,2,1482,2022-02-16,0
2020-07-02,3,1485,2022-02-16,0
2020-07-03,5,1490,2022-02-16,0
2020-07-04,4,1494,2022-02-16,0
2020-07-05,6,1500,2022-02-16,0
2020-07-06,4,1504,2022-02-16,0
2020-07-07,2,1506,2022-02-16,0
2020-07-08,9,1515,2022-02-16,0
2020-07-09,4,1519,2022-02-16,0
2020-07-10,3,1522,2022-02-16,0
2020-07-11,4,1526,2022-02-16,0
2020-07-12,6,1532,2022-02-16,0
2020-07-13,2,1534,2022-02-16,0
2020-07-14,6,1540,2022-02-16,0
2020-07-15,7,1547,2022-02-16,0
2020-07-16,3,1550,2022-02-16,0
2020-07-17,7,1557,2022-02-16,0
2020-07-18,6,1563,2022-02-16,0
2020-07-19,5,1568,2022-02-16,0
2020-07-20,3,1571,2022-02-16,0
2020-07-21,6,1577,2022-02-16,0
2020-07-22,5,1582,2022-02-16,0
2020-07-23,8,1590,2022-02-16,0
2020-07-24,6,1596,2022-02-16,0
2020-07-25,2,1598,2022-02-16,0
2020-07-26,5,1603,2022-02-16,0
2020-07-27,5,1608,2022-02-16,0
2020-07-28,7,1615,2022-02-16,0
2020-07-29,3,1618,2022-02-16,0
2020-07-30,6,1624,2022-02-16,0
2020-07-31,9,1633,2022-02-16,0
2020-08-01,4,1637,2022-02-16,0
2020-08-02,7,1644,2022-02-16,0
2020-08-03,4,1648,2022-02-16,0
2020-08-04,7,1655,2022-02-16,0
2020-08-05,8,1663,2022-02-16,0
2020-08-06,9,1672,2022-02-16,0
2020-08-07,7,1679,2022-02-16,0
2020-08-08,6,1685,2022-02-16,0
2020-08-09,10,1695,2022-02-16,0
2020-08-10,3,1698,2022-02-16,0
2020-08-11,9,1707,2022-02-16,0
2020-08-12,7,1714,2022-02-16,0
2020-08-13,5,1719,2022-02-16,0
2020-08-14,9,1728,2022-02-16,0
2020-08-15,13,1741,2022-02-16,0
2020-08-16,13,1754,2022-02-16,0
2020-08-17,6,1760,2022-02-16,0
2020-08-18,11,1771,2022-02-16,0
2020-08-19,3,1774,2022-02-16,0
2020-08-20,10,1784,2022-02-16,0
2020-08-21,12,1796,2022-02-16,0
2020-08-22,9,1805,2022-02-16,0
2020-08-23,7,1812,2022-02-16,0
2020-08-24,9,1821,2022-02-16,0
2020-08-25,4,1825,2022-02-16,0
2020-08-26,3,1828,2022-02-16,0
2020-08-27,7,1835,2022-02-16,0
2020-08-28,6,1841,2022-02-16,0
2020-08-29,3,1844,2022-02-16,0
2020-08-30,5,1849,2022-02-16,0
2020-08-31,9,1858,2022-02-16,0
2020-09-01,2,1860,2022-02-16,0
2020-09-02,7,1867,2022-02-16,0
2020-09-03,12,1879,2022-02-16,0
2020-09-04,4,1883,2022-02-16,0
2020-09-05,6,1889,2022-02-16,0
2020-09-06,12,1901,2022-02-16,0
2020-09-07,3,1904,2022-02-16,0
2020-09-08,6,1910,2022-02-16,0
2020-09-09,10,1920,2022-02-16,0
2020-09-10,9,1929,2022-02-16,0
2020-09-11,11,1940,2022-02-16,0
2020-09-12,8,1948,2022-02-16,0
2020-09-13,8,1956,2022-02-16,0
2020-09-14,2,1958,2022-02-16,0
2020-09-15,7,1965,2022-02-16,0
2020-09-16,9,1974,2022-02-16,0
2020-09-17,5,1979,2022-02-16,0
2020-09-18,6,1985,2022-02-16,0
2020-09-19,4,1989,2022-02-16,0
2020-09-20,9,1998,2022-02-16,0
2020-09-21,7,2005,2022-02-16,0
2020-09-22,8,2013,2022-02-16,0
2020-09-23,9,2022,2022-02-16,0
2020-09-24,8,2030,2022-02-16,0
2020-09-25,11,2041,2022-02-16,0
2020-09-26,9,2050,2022-02-16,0
2020-09-27,14,2064,2022-02-16,0
2020-09-28,11,2075,2022-02-16,0
2020-09-29,5,2080,2022-02-16,0
2020-09-30,16,2096,2022-02-16,0
2020-10-01,7,2103,2022-02-16,0
2020-10-02,13,2116,2022-02-16,0
2020-10-03,9,2125,2022-02-16,0
2020-10-04,7,2132,2022-02-16,0
2020-10-05,10,2142,2022-02-16,0
2020-10-06,13,2155,2022-02-16,0
2020-10-07,19,2174,2022-02-16,0
2020-10-08,9,2183,2022-02-16,0
2020-10-09,17,2200,2022-02-16,0
2020-10-10,16,2216,2022-02-16,0
2020-10-11,16,2232,2022-02-16,0
2020-10-12,20,2252,2022-02-16,0
2020-10-13,14,2266,2022-02-16,0
2020-10-14,10,2276,2022-02-16,0
2020-10-15,9,2285,2022-02-16,0
2020-10-16,12,2297,2022-02-16,0
2020-10-17,18,2315,2022-02-16,0
2020-10-18,25,2340,2022-02-16,0
2020-10-19,18,2358,2022-02-16,0
2020-10-20,15,2373,2022-02-16,0
2020-10-21,24,2397,2022-02-16,0
2020-10-22,18,2415,2022-02-16,0
2020-10-23,19,2434,2022-02-16,0
2020-10-24,8,2442,2022-02-16,0
2020-10-25,17,2459,2022-02-16,0
2020-10-26,25,2484,2022-02-16,0
2020-10-27,23,2507,2022-02-16,0
2020-10-28,29,2536,2022-02-16,0
2020-10-29,18,2554,2022-02-16,0
2020-10-30,27,2581,2022-02-16,0
2020-10-31,25,2606,2022-02-16,0
2020-11-01,21,2627,2022-02-16,0
2020-11-02,25,2652,2022-02-16,0
2020-11-03,25,2677,2022-02-16,0
2020-11-04,33,2710,2022-02-16,0
2020-11-05,38,2748,2022-02-16,0
2020-11-06,39,2787,2022-02-16,0
2020-11-07,42,2829,2022-02-16,0
2020-11-08,47,2876,2022-02-16,0
2020-11-09,37,2913,2022-02-16,0
2020-11-10,35,2948,2022-02-16,0
2020-11-11,43,2991,2022-02-16,0
2020-11-12,45,3036,2022-02-16,0
2020-11-13,40,3076,2022-02-16,0
2020-11-14,48,3124,2022-02-16,0
2020-11-15,46,3170,2022-02-16,0
2020-11-16,62,3232,2022-02-16,0
2020-11-17,56,3288,2022-02-16,0
2020-11-18,61,3349,2022-02-16,0
2020-11-19,60,3409,2022-02-16,0
2020-11-20,63,3472,2022-02-16,0
2020-11-21,58,3530,2022-02-16,0
2020-11-22,67,3597,2022-02-16,0
2020-11-23,59,3656,2022-02-16,0
2020-11-24,69,3725,2022-02-16,0
2020-11-25,72,3797,2022-02-16,0
2020-11-26,54,3851,2022-02-16,0
2020-11-27,69,3920,2022-02-16,0
2020-11-28,62,3982,2022-02-16,0
2020-11-29,68,4050,2022-02-16,0
2020-11-30,62,4112,2022-02-16,0
2020-12-01,64,4176,2022-02-16,0
2020-12-02,73,4249,2022-02-16,0
2020-12-03,86,4335,2022-02-16,0
2020-12-04,67,4402,2022-02-16,0
2020-12-05,74,4476,2022-02-16,0
2020-12-06,80,4556,2022-02-16,0
2020-12-07,75,4631,2022-02-16,0
2020-12-08,61,4692,2022-02-16,0
2020-12-09,71,4763,2022-02-16,0
2020-12-10,72,4835,2022-02-16,0
2020-12-11,71,4906,2022-02-16,0
2020-12-12,72,4978,2022-02-16,0
2020-12-13,56,5034,2022-02-16,0
2020-12-14,43,5077,2022-02-16,0
2020-12-15,65,5142,2022-02-16,0
2020-12-16,74,5216,2022-02-16,0
2020-12-17,60,5276,2022-02-16,0
2020-12-18,59,5335,2022-02-16,0
2020-12-19,56,5391,2022-02-16,0
2020-12-20,61,5452,2022-02-16,0
2020-12-21,58,5510,2022-02-16,0
2020-12-22,33,5543,2022-02-16,0
2020-12-23,46,5589,2022-02-16,0
2020-12-24,51,5640,2022-02-16,0
2020-12-25,36,5676,2022-02-16,0
2020-12-26,43,5719,2022-02-16,0
2020-12-27,41,5760,2022-02-16,0
2020-12-28,34,5794,2022-02-16,0
2020-12-29,37,5831,2022-02-16,0
2020-12-30,47,5878,2022-02-16,0
2020-12-31,36,5914,2022-02-16,0
2021-01-01,28,5942,2022-02-16,0
2021-01-02,49,5991,2022-02-16,0
2021-01-03,37,6028,2022-02-16,0
2021-01-04,32,6060,2022-02-16,0
2021-01-05,40,6100,2022-02-16,0
2021-01-06,32,6132,2022-02-16,0
2021-01-07,38,6170,2022-02-16,0
2021-01-08,32,6202,2022-02-16,0
2021-01-09,26,6228,2022-02-16,0
2021-01-10,30,6258,2022-02-16,0
2021-01-11,27,6285,2022-02-16,0
2021-01-12,32,6317,2022-02-16,0
2021-01-13,23,6340,2022-02-16,0
2021-01-14,42,6382,2022-02-16,0
2021-01-15,26,6408,2022-02-16,0
2021-01-16,30,6438,2022-02-16,0
2021-01-17,21,6459,2022-02-16,0
2021-01-18,19,6478,2022-02-16,0
2021-01-19,14,6492,2022-02-16,0
2021-01-20,26,6518,2022-02-16,0
2021-01-21,16,6534,2022-02-16,0
2021-01-22,14,6548,2022-02-16,0
2021-01-23,17,6565,2022-02-16,0
2021-01-24,24,6589,2022-02-16,0
2021-01-25,19,6608,2022-02-16,0
2021-01-26,21,6629,2022-02-16,0
2021-01-27,11,6640,2022-02-16,0
2021-01-28,12,6652,2022-02-16,0
2021-01-29,15,6667,2022-02-16,0
2021-01-30,13,6680,2022-02-16,0
2021-01-31,16,6696,2022-02-16,0
2021-02-01,17,6713,2022-02-16,0
2021-02-02,10,6723,2022-02-16,0
2021-02-03,11,6734,2022-02-16,0
2021-02-04,11,6745,2022-02-16,0
2021-02-05,13,6758,2022-02-16,0
2021-02-06,12,6770,2022-02-16,0
2021-02-07,19,6789,2022-02-16,0
2021-02-08,11,6800,2022-02-16,0
2021-02-09,15,6815,2022-02-16,0
2021-02-10,14,6829,2022-02-16,0
2021-02-11,7,6836,2022-02-16,0
2021-02-12,13,6849,2022-02-16,0
2021-02-13,8,6857,2022-02-16,0
2021-02-14,10,6867,2022-02-16,0
2021-02-15,9,6876,2022-02-16,0
2021-02-16,12,6888,2022-02-16,0
2021-02-17,10,6898,2022-02-16,0
2021-02-18,7,6905,2022-02-16,0
2021-02-19,6,6911,2022-02-16,0
2021-02-20,7,6918,2022-02-16,0
2021-02-21,4,6922,2022-02-16,0
2021-02-22,5,6927,2022-02-16,0
2021-02-23,9,6936,2022-02-16,0
2021-02-24,5,6941,2022-02-16,0
2021-02-25,5,6946,2022-02-16,0
2021-02-26,7,6953,2022-02-16,0
2021-02-27,6,6959,2022-02-16,0
2021-02-28,8,6967,2022-02-16,0
2021-03-01,7,6974,2022-02-16,0
2021-03-02,3,6977,2022-02-16,0
2021-03-03,10,6987,2022-02-16,0
2021-03-04,6,6993,2022-02-16,0
2021-03-05,10,7003,2022-02-16,0
2021-03-06,5,7008,2022-02-16,0
2021-03-07,9,7017,2022-02-16,0
2021-03-08,5,7022,2022-02-16,0
2021-03-09,7,7029,2022-02-16,0
2021-03-10,5,7034,2022-02-16,0
2021-03-11,4,7038,2022-02-16,0
2021-03-12,11,7049,2022-02-16,0
2021-03-13,5,7054,2022-02-16,0
2021-03-14,5,7059,2022-02-16,0
2021-03-15,2,7061,2022-02-16,0
2021-03-16,6,7067,2022-02-16,0
2021-03-17,4,7071,2022-02-16,0
2021-03-18,5,7076,2022-02-16,0
2021-03-19,5,7081,2022-02-16,0
2021-03-20,9,7090,2022-02-16,0
2021-03-21,5,7095,2022-02-16,0
2021-03-22,4,7099,2022-02-16,0
2021-03-23,5,7104,2022-02-16,0
2021-03-24,1,7105,2022-02-16,0
2021-03-25,5,7110,2022-02-16,0
2021-03-26,3,7113,2022-02-16,0
2021-03-27,7,7120,2022-02-16,0
2021-03-28,6,7126,2022-02-16,0
2021-03-29,5,7131,2022-02-16,0
2021-03-30,6,7137,2022-02-16,0
2021-03-31,8,7145,2022-02-16,0
2021-04-01,6,7151,2022-02-16,0
2021-04-02,9,7160,2022-02-16,0
2021-04-03,8,7168,2022-02-16,0
2021-04-04,6,7174,2022-02-16,0
2021-04-05,8,7182,2022-02-16,0
2021-04-06,7,7189,2022-02-16,0
2021-04-07,6,7195,2022-02-16,0
2021-04-08,10,7205,2022-02-16,0
2021-04-09,7,7212,2022-02-16,0
2021-04-10,7,7219,2022-02-16,0
2021-04-11,8,7227,2022-02-16,0
2021-04-12,10,7237,2022-02-16,0
2021-04-13,7,7244,2022-02-16,0
2021-04-14,8,7252,2022-02-16,0
2021-04-15,14,7266,2022-02-16,0
2021-04-16,8,7274,2022-02-16,0
2021-04-17,8,7282,2022-02-16,0
2021-04-18,8,7290,2022-02-16,0
2021-04-19,10,7300,2022-02-16,0
2021-04-20,5,7305,2022-02-16,0
2021-04-21,8,7313,2022-02-16,0
2021-04-22,3,7316,2022-02-16,0
2021-04-23,15,7331,2022-02-16,0
2021-04-24,11,7342,2022-02-16,0
2021-04-25,15,7357,2022-02-16,0
2021-04-26,15,7372,2022-02-16,0
2021-04-27,7,7379,2022-02-16,0
2021-04-28,14,7393,2022-02-16,0
2021-04-29,8,7401,2022-02-16,0
2021-04-30,11,7412,2022-02-16,0
2021-05-01,7,7419,2022-02-16,0
2021-05-02,8,7427,2022-02-16,0
2021-05-03,5,7432,2022-02-16,0
2021-05-04,13,7445,2022-02-16,0
2021-05-05,8,7453,2022-02-16,0
2021-05-06,5,7458,2022-02-16,0
2021-05-07,8,7466,2022-02-16,0
2021-05-08,7,7473,2022-02-16,0
2021-05-09,9,7482,2022-02-16,0
2021-05-10,8,7490,2022-02-16,0
2021-05-11,6,7496,2022-02-16,0
2021-05-12,9,7505,2022-02-16,0
2021-05-13,9,7514,2022-02-16,0
2021-05-14,11,7525,2022-02-16,0
2021-05-15,10,7535,2022-02-16,0
2021-05-16,6,7541,2022-02-16,0
2021-05-17,6,7547,2022-02-16,0
2021-05-18,7,7554,2022-02-16,0
2021-05-19,2,7556,2022-02-16,0
2021-05-20,5,7561,2022-02-16,0
2021-05-21,7,7568,2022-02-16,0
2021-05-22,12,7580,2022-02-16,0
2021-05-23,5,7585,2022-02-16,0
2021-05-24,5,7590,2022-02-16,0
2021-05-25,6,7596,2022-02-16,0
2021-05-26,3,7599,2022-02-16,0
2021-05-27,7,7606,2022-02-16,0
2021-05-28,2,7608,2022-02-16,0
2021-05-29,6,7614,2022-02-16,0
2021-05-30,4,7618,2022-02-16,0
2021-05-31,3,7621,2022-02-16,0
2021-06-01,5,7626,2022-02-16,0
2021-06-02,8,7634,2022-02-16,0
2021-06-03,4,7638,2022-02-16,0
2021-06-04,4,7642,2022-02-16,0
2021-06-05,2,7644,2022-02-16,0
2021-06-06,5,7649,2022-02-16,0
2021-06-07,3,7652,2022-02-16,0
2021-06-08,5,7657,2022-02-16,0
2021-06-09,4,7661,2022-02-16,0
2021-06-10,6,7667,2022-02-16,0
2021-06-11,6,7673,2022-02-16,0
2021-06-12,4,7677,2022-02-16,0
2021-06-13,4,7681,2022-02-16,0
2021-06-14,3,7684,2022-02-16,0
2021-06-15,2,7686,2022-02-16,0
2021-06-16,2,7688,2022-02-16,0
2021-06-17,4,7692,2022-02-16,0
2021-06-18,2,7694,2022-02-16,0
2021-06-19,6,7700,2022-02-16,0
2021-06-20,1,7701,2022-02-16,0
2021-06-21,5,7706,2022-02-16,0
2021-06-22,3,7709,2022-02-16,0
2021-06-23,4,7713,2022-02-16,0
2021-06-24,3,7716,2022-02-16,0
2021-06-25,3,7719,2022-02-16,0
2021-06-26,4,7723,2022-02-16,0
2021-06-27,2,7725,2022-02-16,0
2021-06-28,2,7727,2022-02-16,0
2021-06-29,2,7729,2022-02-16,0
2021-06-30,2,7731,2022-02-16,0
2021-07-01,0,7731,2022-02-16,0
2021-07-02,2,7733,2022-02-16,0
2021-07-03,2,7735,2022-02-16,0
2021-07-04,3,7738,2022-02-16,0
2021-07-05,1,7739,2022-02-16,0
2021-07-06,5,7744,2022-02-16,0
2021-07-07,1,7745,2022-02-16,0
2021-07-08,1,7746,2022-02-16,0
2021-07-09,0,7746,2022-02-16,0
2021-07-10,1,7747,2022-02-16,0
2021-07-11,3,7750,2022-02-16,0
2021-07-12,1,7751,2022-02-16,0
2021-07-13,2,7753,2022-02-16,0
2021-07-14,2,7755,2022-02-16,0
2021-07-15,2,7757,2022-02-16,0
2021-07-16,1,7758,2022-02-16,0
2021-07-17,1,7759,2022-02-16,0
2021-07-18,0,7759,2022-02-16,0
2021-07-19,0,7759,2022-02-16,0
2021-07-20,2,7761,2022-02-16,0
2021-07-21,3,7764,2022-02-16,0
2021-07-22,2,7766,2022-02-16,0
2021-07-23,3,7769,2022-02-16,0
2021-07-24,0,7769,2022-02-16,0
2021-07-25,2,7771,2022-02-16,0
2021-07-26,1,7772,2022-02-16,0
2021-07-27,2,7774,2022-02-16,0
2021-07-28,3,7777,2022-02-16,0
2021-07-29,2,7779,2022-02-16,0
2021-07-30,5,7784,2022-02-16,0
2021-07-31,4,7788,2022-02-16,0
2021-08-01,1,7789,2022-02-16,0
2021-08-02,3,7792,2022-02-16,0
2021-08-03,2,7794,2022-02-16,0
2021-08-04,3,7797,2022-02-16,0
2021-08-05,2,7799,2022-02-16,0
2021-08-06,8,7807,2022-02-16,0
2021-08-07,3,7810,2022-02-16,0
2021-08-08,3,7813,2022-02-16,0
2021-08-09,3,7816,2022-02-16,0
2021-08-10,2,7818,2022-02-16,0
2021-08-11,2,7820,2022-02-16,0
2021-08-12,7,7827,2022-02-16,0
2021-08-13,5,7832,2022-02-16,0
2021-08-14,6,7838,2022-02-16,0
2021-08-15,0,7838,2022-02-16,0
2021-08-16,7,7845,2022-02-16,0
2021-08-17,7,7852,2022-02-16,0
2021-08-18,9,7861,2022-02-16,0
2021-08-19,2,7863,2022-02-16,0
2021-08-20,3,7866,2022-02-16,0
2021-08-21,5,7871,2022-02-16,0
2021-08-22,7,7878,2022-02-16,0
2021-08-23,5,7883,2022-02-16,0
2021-08-24,12,7895,2022-02-16,0
2021-08-25,7,7902,2022-02-16,0
2021-08-26,2,7904,2022-02-16,0
2021-08-27,6,7910,2022-02-16,0
2021-08-28,11,7921,2022-02-16,0
2021-08-29,11,7932,2022-02-16,0
2021-08-30,8,7940,2022-02-16,0
2021-08-31,8,7948,2022-02-16,0
2021-09-01,6,7954,2022-02-16,0
2021-09-02,6,7960,2022-02-16,0
2021-09-03,9,7969,2022-02-16,0
2021-09-04,9,7978,2022-02-16,0
2021-09-05,10,7988,2022-02-16,0
2021-09-06,8,7996,2022-02-16,0
2021-09-07,7,8003,2022-02-16,0
2021-09-08,11,8014,2022-02-16,0
2021-09-09,5,8019,2022-02-16,0
2021-09-10,9,8028,2022-02-16,0
2021-09-11,17,8045,2022-02-16,0
2021-09-12,10,8055,2022-02-16,0
2021-09-13,8,8063,2022-02-16,0
2021-09-14,11,8074,2022-02-16,0
2021-09-15,14,8088,2022-02-16,0
2021-09-16,16,8104,2022-02-16,0
2021-09-17,8,8112,2022-02-16,0
2021-09-18,15,8127,2022-02-16,0
2021-09-19,11,8138,2022-02-16,0
2021-09-20,16,8154,2022-02-16,0
2021-09-21,15,8169,2022-02-16,0
2021-09-22,17,8186,2022-02-16,0
2021-09-23,13,8199,2022-02-16,0
2021-09-24,13,8212,2022-02-16,0
2021-09-25,16,8228,2022-02-16,0
2021-09-26,15,8243,2022-02-16,0
2021-09-27,15,8258,2022-02-16,0
2021-09-28,11,8269,2022-02-16,0
2021-09-29,21,8290,2022-02-16,0
2021-09-30,17,8307,2022-02-16,0
2021-10-01,13,8320,2022-02-16,0
2021-10-02,15,8335,2022-02-16,0
2021-10-03,23,8358,2022-02-16,0
2021-10-04,15,8373,2022-02-16,0
2021-10-05,23,8396,2022-02-16,0
2021-10-06,21,8417,2022-02-16,0
2021-10-07,14,8431,2022-02-16,0
2021-10-08,22,8453,2022-02-16,0
2021-10-09,20,8473,2022-02-16,0
2021-10-10,14,8487,2022-02-16,0
2021-10-11,11,8498,2022-02-16,0
2021-10-12,25,8523,2022-02-16,0
2021-10-13,21,8544,2022-02-16,0
2021-10-14,22,8566,2022-02-16,0
2021-10-15,14,8580,2022-02-16,0
2021-10-16,20,8600,2022-02-16,0
2021-10-17,18,8618,2022-02-16,0
2021-10-18,17,8635,2022-02-16,0
2021-10-19,26,8661,2022-02-16,0
2021-10-20,16,8677,2022-02-16,0
2021-10-21,9,8686,2022-02-16,0
2021-10-22,23,8709,2022-02-16,0
2021-10-23,24,8733,2022-02-16,0
2021-10-24,25,8758,2022-02-16,0
2021-10-25,20,8778,2022-02-16,0
2021-10-26,22,8800,2022-02-16,0
2021-10-27,16,8816,2022-02-16,0
2021-10-28,24,8840,2022-02-16,0
2021-10-29,20,8860,2022-02-16,0
2021-10-30,20,8880,2022-02-16,0
2021-10-31,27,8907,2022-02-16,0
2021-11-01,18,8925,2022-02-16,0
2021-11-02,18,8943,2022-02-16,0
2021-11-03,27,8970,2022-02-16,0
2021-11-04,27,8997,2022-02-16,0
2021-11-05,29,9026,2022-02-16,0
2021-11-06,16,9042,2022-02-16,0
2021-11-07,24,9066,2022-02-16,0
2021-11-08,28,9094,2022-02-16,0
2021-11-09,17,9111,2022-02-16,0
2021-11-10,18,9129,2022-02-16,0
2021-11-11,28,9157,2022-02-16,0
2021-11-12,29,9186,2022-02-16,0
2021-11-13,31,9217,2022-02-16,0
2021-11-14,24,9241,2022-02-16,0
2021-11-15,28,9269,2022-02-16,0
2021-11-16,25,9294,2022-02-16,0
2021-11-17,37,9331,2022-02-16,0
2021-11-18,38,9369,2022-02-16,0
2021-11-19,34,9403,2022-02-16,0
2021-11-20,30,9433,2022-02-16,0
2021-11-21,32,9465,2022-02-16,0
2021-11-22,30,9495,2022-02-16,0
2021-11-23,32,9527,2022-02-16,0
2021-11-24,25,9552,2022-02-16,0
2021-11-25,35,9587,2022-02-16,0
2021-11-26,51,9638,2022-02-16,0
2021-11-27,36,9674,2022-02-16,0
2021-11-28,39,9713,2022-02-16,0
2021-11-29,29,9742,2022-02-16,0
2021-11-30,30,9772,2022-02-16,0
2021-12-01,47,9819,2022-02-16,0
2021-12-02,40,9859,2022-02-16,0
2021-12-03,31,9890,2022-02-16,0
2021-12-04,42,9932,2022-02-16,0
2021-12-05,36,9968,2022-02-16,0
2021-12-06,35,10003,2022-02-16,0
2021-12-07,36,10039,2022-02-16,0
2021-12-08,38,10077,2022-02-16,0
2021-12-09,47,10124,2022-02-16,0
2021-12-10,34,10158,2022-02-16,0
2021-12-11,27,10185,2022-02-16,0
2021-12-12,36,10221,2022-02-16,0
2021-12-13,33,10254,2022-02-16,0
2021-12-14,35,10289,2022-02-16,0
2021-12-15,41,10330,2022-02-16,0
2021-12-16,32,10362,2022-02-16,0
2021-12-17,40,10402,2022-02-16,0
2021-12-18,32,10434,2022-02-16,0
2021-12-19,30,10464,2022-02-16,0
2021-12-20,33,10497,2022-02-16,0
2021-12-21,28,10525,2022-02-16,0
2021-12-22,29,10554,2022-02-16,0
2021-12-23,27,10581,2022-02-16,0
2021-12-24,29,10610,2022-02-16,0
2021-12-25,28,10638,2022-02-16,0
2021-12-26,42,10680,2022-02-16,0
2021-12-27,31,10711,2022-02-16,0
2021-12-28,34,10745,2022-02-16,0
2021-12-29,29,10774,2022-02-16,0
2021-12-30,19,10793,2022-02-16,0
2021-12-31,39,10832,2022-02-16,0
2022-01-01,27,10859,2022-02-16,0
2022-01-02,22,10881,2022-02-16,0
2022-01-03,23,10904,2022-02-16,0
2022-01-04,30,10934,2022-02-16,0
2022-01-05,31,10965,2022-02-16,0
2022-01-06,32,10997,2022-02-16,0
2022-01-07,27,11024,2022-02-16,0
2022-01-08,40,11064,2022-02-16,0
2022-01-09,18,11082,2022-02-16,0
2022-01-10,31,11113,2022-02-16,0
2022-01-11,18,11131,2022-02-16,0
2022-01-12,19,11150,2022-02-16,0
2022-01-13,27,11177,2022-02-16,1
2022-01-14,33,11210,2022-02-16,0
2022-01-15,26,11236,2022-02-16,0
2022-01-16,33,11269,2022-02-16,1
2022-01-17,35,11304,2022-02-16,0
2022-01-18,24,11328,2022-02-16,1
2022-01-19,29,11357,2022-02-16,2
2022-01-20,30,11387,2022-02-16,0
2022-01-21,27,11414,2022-02-16,0
2022-01-22,24,11438,2022-02-16,0
2022-01-23,22,11460,2022-02-16,0
2022-01-24,32,11492,2022-02-16,0
2022-01-25,33,11525,2022-02-16,0
2022-01-26,33,11558,2022-02-16,0
2022-01-27,35,11593,2022-02-16,1
2022-01-28,29,11622,2022-02-16,0
2022-01-29,27,11649,2022-02-16,0
2022-01-30,27,11676,2022-02-16,0
2022-01-31,13,11689,2022-02-16,0
2022-02-01,24,11713,2022-02-16,0
2022-02-02,21,11734,2022-02-16,0
2022-02-03,26,11760,2022-02-16,1
2022-02-04,17,11777,2022-02-16,1
2022-02-05,26,11803,2022-02-16,2
2022-02-06,21,11824,2022-02-16,1
2022-02-07,12,11836,2022-02-16,2
2022-02-08,21,11857,2022-02-16,5
2022-02-09,18,11875,2022-02-16,3
2022-02-10,10,11885,2022-02-16,2
2022-02-11,9,11894,2022-02-16,9
2022-02-12,1,11895,2022-02-16,1
2022-02-13,8,11903,2022-02-16,8
NA,0,11903,2022-02-16,0
2020-03-19,1,1,2022-02-17,0
2020-03-20,0,1,2022-02-17,0
2020-03-21,0,1,2022-02-17,0
2020-03-22,0,1,2022-02-17,0
2020-03-23,0,1,2022-02-17,0
2020-03-24,1,2,2022-02-17,0
2020-03-25,1,3,2022-02-17,0
2020-03-26,1,4,2022-02-17,0
2020-03-27,5,9,2022-02-17,0
2020-03-28,3,12,2022-02-17,0
2020-03-29,0,12,2022-02-17,0
2020-03-30,5,17,2022-02-17,0
2020-03-31,2,19,2022-02-17,0
2020-04-01,5,24,2022-02-17,0
2020-04-02,3,27,2022-02-17,0
2020-04-03,1,28,2022-02-17,0
2020-04-04,5,33,2022-02-17,0
2020-04-05,5,38,2022-02-17,0
2020-04-06,10,48,2022-02-17,0
2020-04-07,6,54,2022-02-17,0
2020-04-08,7,61,2022-02-17,0
2020-04-09,8,69,2022-02-17,0
2020-04-10,6,75,2022-02-17,0
2020-04-11,4,79,2022-02-17,0
2020-04-12,4,83,2022-02-17,0
2020-04-13,10,93,2022-02-17,0
2020-04-14,6,99,2022-02-17,0
2020-04-15,17,116,2022-02-17,0
2020-04-16,10,126,2022-02-17,0
2020-04-17,17,143,2022-02-17,0
2020-04-18,17,160,2022-02-17,0
2020-04-19,16,176,2022-02-17,0
2020-04-20,21,197,2022-02-17,0
2020-04-21,26,223,2022-02-17,0
2020-04-22,21,244,2022-02-17,0
2020-04-23,19,263,2022-02-17,0
2020-04-24,23,286,2022-02-17,0
2020-04-25,18,304,2022-02-17,0
2020-04-26,17,321,2022-02-17,0
2020-04-27,21,342,2022-02-17,0
2020-04-28,16,358,2022-02-17,0
2020-04-29,29,387,2022-02-17,0
2020-04-30,18,405,2022-02-17,0
2020-05-01,30,435,2022-02-17,0
2020-05-02,19,454,2022-02-17,0
2020-05-03,29,483,2022-02-17,0
2020-05-04,23,506,2022-02-17,0
2020-05-05,19,525,2022-02-17,0
2020-05-06,25,550,2022-02-17,0
2020-05-07,30,580,2022-02-17,0
2020-05-08,20,600,2022-02-17,0
2020-05-09,26,626,2022-02-17,0
2020-05-10,19,645,2022-02-17,0
2020-05-11,25,670,2022-02-17,0
2020-05-12,20,690,2022-02-17,0
2020-05-13,22,712,2022-02-17,0
2020-05-14,20,732,2022-02-17,0
2020-05-15,20,752,2022-02-17,0
2020-05-16,20,772,2022-02-17,0
2020-05-17,23,795,2022-02-17,0
2020-05-18,18,813,2022-02-17,0
2020-05-19,35,848,2022-02-17,0
2020-05-20,24,872,2022-02-17,0
2020-05-21,17,889,2022-02-17,0
2020-05-22,20,909,2022-02-17,0
2020-05-23,26,935,2022-02-17,0
2020-05-24,25,960,2022-02-17,0
2020-05-25,30,990,2022-02-17,0
2020-05-26,29,1019,2022-02-17,0
2020-05-27,25,1044,2022-02-17,0
2020-05-28,21,1065,2022-02-17,0
2020-05-29,17,1082,2022-02-17,0
2020-05-30,11,1093,2022-02-17,0
2020-05-31,20,1113,2022-02-17,0
2020-06-01,23,1136,2022-02-17,0
2020-06-02,21,1157,2022-02-17,0
2020-06-03,25,1182,2022-02-17,0
2020-06-04,26,1208,2022-02-17,0
2020-06-05,18,1226,2022-02-17,0
2020-06-06,12,1238,2022-02-17,0
2020-06-07,22,1260,2022-02-17,0
2020-06-08,12,1272,2022-02-17,0
2020-06-09,13,1285,2022-02-17,0
2020-06-10,10,1295,2022-02-17,0
2020-06-11,12,1307,2022-02-17,0
2020-06-12,11,1318,2022-02-17,0
2020-06-13,13,1331,2022-02-17,0
2020-06-14,11,1342,2022-02-17,0
2020-06-15,8,1350,2022-02-17,0
2020-06-16,9,1359,2022-02-17,0
2020-06-17,17,1376,2022-02-17,0
2020-06-18,9,1385,2022-02-17,0
2020-06-19,8,1393,2022-02-17,0
2020-06-20,12,1405,2022-02-17,0
2020-06-21,11,1416,2022-02-17,0
2020-06-22,6,1422,2022-02-17,0
2020-06-23,10,1432,2022-02-17,0
2020-06-24,1,1433,2022-02-17,0
2020-06-25,9,1442,2022-02-17,0
2020-06-26,6,1448,2022-02-17,0
2020-06-27,5,1453,2022-02-17,0
2020-06-28,11,1464,2022-02-17,0
2020-06-29,7,1471,2022-02-17,0
2020-06-30,9,1480,2022-02-17,0
2020-07-01,2,1482,2022-02-17,0
2020-07-02,3,1485,2022-02-17,0
2020-07-03,5,1490,2022-02-17,0
2020-07-04,4,1494,2022-02-17,0
2020-07-05,6,1500,2022-02-17,0
2020-07-06,4,1504,2022-02-17,0
2020-07-07,2,1506,2022-02-17,0
2020-07-08,9,1515,2022-02-17,0
2020-07-09,4,1519,2022-02-17,0
2020-07-10,3,1522,2022-02-17,0
2020-07-11,4,1526,2022-02-17,0
2020-07-12,6,1532,2022-02-17,0
2020-07-13,2,1534,2022-02-17,0
2020-07-14,6,1540,2022-02-17,0
2020-07-15,7,1547,2022-02-17,0
2020-07-16,3,1550,2022-02-17,0
2020-07-17,7,1557,2022-02-17,0
2020-07-18,6,1563,2022-02-17,0
2020-07-19,5,1568,2022-02-17,0
2020-07-20,3,1571,2022-02-17,0
2020-07-21,6,1577,2022-02-17,0
2020-07-22,5,1582,2022-02-17,0
2020-07-23,8,1590,2022-02-17,0
2020-07-24,6,1596,2022-02-17,0
2020-07-25,2,1598,2022-02-17,0
2020-07-26,5,1603,2022-02-17,0
2020-07-27,5,1608,2022-02-17,0
2020-07-28,7,1615,2022-02-17,0
2020-07-29,3,1618,2022-02-17,0
2020-07-30,6,1624,2022-02-17,0
2020-07-31,9,1633,2022-02-17,0
2020-08-01,4,1637,2022-02-17,0
2020-08-02,7,1644,2022-02-17,0
2020-08-03,4,1648,2022-02-17,0
2020-08-04,7,1655,2022-02-17,0
2020-08-05,8,1663,2022-02-17,0
2020-08-06,9,1672,2022-02-17,0
2020-08-07,7,1679,2022-02-17,0
2020-08-08,6,1685,2022-02-17,0
2020-08-09,10,1695,2022-02-17,0
2020-08-10,3,1698,2022-02-17,0
2020-08-11,9,1707,2022-02-17,0
2020-08-12,7,1714,2022-02-17,0
2020-08-13,5,1719,2022-02-17,0
2020-08-14,9,1728,2022-02-17,0
2020-08-15,13,1741,2022-02-17,0
2020-08-16,13,1754,2022-02-17,0
2020-08-17,6,1760,2022-02-17,0
2020-08-18,11,1771,2022-02-17,0
2020-08-19,3,1774,2022-02-17,0
2020-08-20,10,1784,2022-02-17,0
2020-08-21,12,1796,2022-02-17,0
2020-08-22,9,1805,2022-02-17,0
2020-08-23,7,1812,2022-02-17,0
2020-08-24,9,1821,2022-02-17,0
2020-08-25,4,1825,2022-02-17,0
2020-08-26,3,1828,2022-02-17,0
2020-08-27,7,1835,2022-02-17,0
2020-08-28,6,1841,2022-02-17,0
2020-08-29,3,1844,2022-02-17,0
2020-08-30,5,1849,2022-02-17,0
2020-08-31,9,1858,2022-02-17,0
2020-09-01,2,1860,2022-02-17,0
2020-09-02,7,1867,2022-02-17,0
2020-09-03,12,1879,2022-02-17,0
2020-09-04,4,1883,2022-02-17,0
2020-09-05,6,1889,2022-02-17,0
2020-09-06,12,1901,2022-02-17,0
2020-09-07,3,1904,2022-02-17,0
2020-09-08,6,1910,2022-02-17,0
2020-09-09,10,1920,2022-02-17,0
2020-09-10,9,1929,2022-02-17,0
2020-09-11,11,1940,2022-02-17,0
2020-09-12,8,1948,2022-02-17,0
2020-09-13,8,1956,2022-02-17,0
2020-09-14,2,1958,2022-02-17,0
2020-09-15,7,1965,2022-02-17,0
2020-09-16,9,1974,2022-02-17,0
2020-09-17,5,1979,2022-02-17,0
2020-09-18,6,1985,2022-02-17,0
2020-09-19,4,1989,2022-02-17,0
2020-09-20,9,1998,2022-02-17,0
2020-09-21,7,2005,2022-02-17,0
2020-09-22,8,2013,2022-02-17,0
2020-09-23,9,2022,2022-02-17,0
2020-09-24,8,2030,2022-02-17,0
2020-09-25,11,2041,2022-02-17,0
2020-09-26,9,2050,2022-02-17,0
2020-09-27,14,2064,2022-02-17,0
2020-09-28,11,2075,2022-02-17,0
2020-09-29,5,2080,2022-02-17,0
2020-09-30,16,2096,2022-02-17,0
2020-10-01,7,2103,2022-02-17,0
2020-10-02,13,2116,2022-02-17,0
2020-10-03,9,2125,2022-02-17,0
2020-10-04,7,2132,2022-02-17,0
2020-10-05,10,2142,2022-02-17,0
2020-10-06,13,2155,2022-02-17,0
2020-10-07,19,2174,2022-02-17,0
2020-10-08,9,2183,2022-02-17,0
2020-10-09,17,2200,2022-02-17,0
2020-10-10,16,2216,2022-02-17,0
2020-10-11,16,2232,2022-02-17,0
2020-10-12,20,2252,2022-02-17,0
2020-10-13,14,2266,2022-02-17,0
2020-10-14,10,2276,2022-02-17,0
2020-10-15,9,2285,2022-02-17,0
2020-10-16,12,2297,2022-02-17,0
2020-10-17,18,2315,2022-02-17,0
2020-10-18,25,2340,2022-02-17,0
2020-10-19,18,2358,2022-02-17,0
2020-10-20,15,2373,2022-02-17,0
2020-10-21,24,2397,2022-02-17,0
2020-10-22,18,2415,2022-02-17,0
2020-10-23,19,2434,2022-02-17,0
2020-10-24,8,2442,2022-02-17,0
2020-10-25,17,2459,2022-02-17,0
2020-10-26,25,2484,2022-02-17,0
2020-10-27,23,2507,2022-02-17,0
2020-10-28,29,2536,2022-02-17,0
2020-10-29,18,2554,2022-02-17,0
2020-10-30,27,2581,2022-02-17,0
2020-10-31,25,2606,2022-02-17,0
2020-11-01,21,2627,2022-02-17,0
2020-11-02,25,2652,2022-02-17,0
2020-11-03,25,2677,2022-02-17,0
2020-11-04,33,2710,2022-02-17,0
2020-11-05,38,2748,2022-02-17,0
2020-11-06,39,2787,2022-02-17,0
2020-11-07,42,2829,2022-02-17,0
2020-11-08,47,2876,2022-02-17,0
2020-11-09,37,2913,2022-02-17,0
2020-11-10,35,2948,2022-02-17,0
2020-11-11,43,2991,2022-02-17,0
2020-11-12,45,3036,2022-02-17,0
2020-11-13,40,3076,2022-02-17,0
2020-11-14,48,3124,2022-02-17,0
2020-11-15,46,3170,2022-02-17,0
2020-11-16,62,3232,2022-02-17,0
2020-11-17,56,3288,2022-02-17,0
2020-11-18,61,3349,2022-02-17,0
2020-11-19,60,3409,2022-02-17,0
2020-11-20,63,3472,2022-02-17,0
2020-11-21,58,3530,2022-02-17,0
2020-11-22,67,3597,2022-02-17,0
2020-11-23,59,3656,2022-02-17,0
2020-11-24,69,3725,2022-02-17,0
2020-11-25,72,3797,2022-02-17,0
2020-11-26,54,3851,2022-02-17,0
2020-11-27,69,3920,2022-02-17,0
2020-11-28,62,3982,2022-02-17,0
2020-11-29,68,4050,2022-02-17,0
2020-11-30,62,4112,2022-02-17,0
2020-12-01,64,4176,2022-02-17,0
2020-12-02,73,4249,2022-02-17,0
2020-12-03,86,4335,2022-02-17,0
2020-12-04,67,4402,2022-02-17,0
2020-12-05,74,4476,2022-02-17,0
2020-12-06,80,4556,2022-02-17,0
2020-12-07,75,4631,2022-02-17,0
2020-12-08,61,4692,2022-02-17,0
2020-12-09,71,4763,2022-02-17,0
2020-12-10,72,4835,2022-02-17,0
2020-12-11,71,4906,2022-02-17,0
2020-12-12,72,4978,2022-02-17,0
2020-12-13,56,5034,2022-02-17,0
2020-12-14,43,5077,2022-02-17,0
2020-12-15,65,5142,2022-02-17,0
2020-12-16,74,5216,2022-02-17,0
2020-12-17,60,5276,2022-02-17,0
2020-12-18,59,5335,2022-02-17,0
2020-12-19,56,5391,2022-02-17,0
2020-12-20,61,5452,2022-02-17,0
2020-12-21,58,5510,2022-02-17,0
2020-12-22,33,5543,2022-02-17,0
2020-12-23,46,5589,2022-02-17,0
2020-12-24,51,5640,2022-02-17,0
2020-12-25,36,5676,2022-02-17,0
2020-12-26,43,5719,2022-02-17,0
2020-12-27,41,5760,2022-02-17,0
2020-12-28,34,5794,2022-02-17,0
2020-12-29,37,5831,2022-02-17,0
2020-12-30,47,5878,2022-02-17,0
2020-12-31,36,5914,2022-02-17,0
2021-01-01,28,5942,2022-02-17,0
2021-01-02,49,5991,2022-02-17,0
2021-01-03,37,6028,2022-02-17,0
2021-01-04,32,6060,2022-02-17,0
2021-01-05,40,6100,2022-02-17,0
2021-01-06,32,6132,2022-02-17,0
2021-01-07,38,6170,2022-02-17,0
2021-01-08,32,6202,2022-02-17,0
2021-01-09,26,6228,2022-02-17,0
2021-01-10,30,6258,2022-02-17,0
2021-01-11,27,6285,2022-02-17,0
2021-01-12,32,6317,2022-02-17,0
2021-01-13,23,6340,2022-02-17,0
2021-01-14,42,6382,2022-02-17,0
2021-01-15,26,6408,2022-02-17,0
2021-01-16,30,6438,2022-02-17,0
2021-01-17,21,6459,2022-02-17,0
2021-01-18,19,6478,2022-02-17,0
2021-01-19,14,6492,2022-02-17,0
2021-01-20,26,6518,2022-02-17,0
2021-01-21,16,6534,2022-02-17,0
2021-01-22,14,6548,2022-02-17,0
2021-01-23,17,6565,2022-02-17,0
2021-01-24,24,6589,2022-02-17,0
2021-01-25,19,6608,2022-02-17,0
2021-01-26,21,6629,2022-02-17,0
2021-01-27,11,6640,2022-02-17,0
2021-01-28,12,6652,2022-02-17,0
2021-01-29,15,6667,2022-02-17,0
2021-01-30,13,6680,2022-02-17,0
2021-01-31,16,6696,2022-02-17,0
2021-02-01,17,6713,2022-02-17,0
2021-02-02,10,6723,2022-02-17,0
2021-02-03,11,6734,2022-02-17,0
2021-02-04,11,6745,2022-02-17,0
2021-02-05,13,6758,2022-02-17,0
2021-02-06,12,6770,2022-02-17,0
2021-02-07,19,6789,2022-02-17,0
2021-02-08,11,6800,2022-02-17,0
2021-02-09,15,6815,2022-02-17,0
2021-02-10,14,6829,2022-02-17,0
2021-02-11,7,6836,2022-02-17,0
2021-02-12,13,6849,2022-02-17,0
2021-02-13,8,6857,2022-02-17,0
2021-02-14,10,6867,2022-02-17,0
2021-02-15,9,6876,2022-02-17,0
2021-02-16,12,6888,2022-02-17,0
2021-02-17,10,6898,2022-02-17,0
2021-02-18,7,6905,2022-02-17,0
2021-02-19,6,6911,2022-02-17,0
2021-02-20,7,6918,2022-02-17,0
2021-02-21,4,6922,2022-02-17,0
2021-02-22,5,6927,2022-02-17,0
2021-02-23,9,6936,2022-02-17,0
2021-02-24,5,6941,2022-02-17,0
2021-02-25,5,6946,2022-02-17,0
2021-02-26,7,6953,2022-02-17,0
2021-02-27,6,6959,2022-02-17,0
2021-02-28,8,6967,2022-02-17,0
2021-03-01,7,6974,2022-02-17,0
2021-03-02,3,6977,2022-02-17,0
2021-03-03,10,6987,2022-02-17,0
2021-03-04,6,6993,2022-02-17,0
2021-03-05,10,7003,2022-02-17,0
2021-03-06,5,7008,2022-02-17,0
2021-03-07,9,7017,2022-02-17,0
2021-03-08,5,7022,2022-02-17,0
2021-03-09,7,7029,2022-02-17,0
2021-03-10,5,7034,2022-02-17,0
2021-03-11,4,7038,2022-02-17,0
2021-03-12,11,7049,2022-02-17,0
2021-03-13,5,7054,2022-02-17,0
2021-03-14,5,7059,2022-02-17,0
2021-03-15,2,7061,2022-02-17,0
2021-03-16,6,7067,2022-02-17,0
2021-03-17,4,7071,2022-02-17,0
2021-03-18,5,7076,2022-02-17,0
2021-03-19,5,7081,2022-02-17,0
2021-03-20,9,7090,2022-02-17,0
2021-03-21,5,7095,2022-02-17,0
2021-03-22,4,7099,2022-02-17,0
2021-03-23,5,7104,2022-02-17,0
2021-03-24,1,7105,2022-02-17,0
2021-03-25,5,7110,2022-02-17,0
2021-03-26,3,7113,2022-02-17,0
2021-03-27,7,7120,2022-02-17,0
2021-03-28,6,7126,2022-02-17,0
2021-03-29,5,7131,2022-02-17,0
2021-03-30,6,7137,2022-02-17,0
2021-03-31,8,7145,2022-02-17,0
2021-04-01,6,7151,2022-02-17,0
2021-04-02,9,7160,2022-02-17,0
2021-04-03,8,7168,2022-02-17,0
2021-04-04,6,7174,2022-02-17,0
2021-04-05,8,7182,2022-02-17,0
2021-04-06,7,7189,2022-02-17,0
2021-04-07,6,7195,2022-02-17,0
2021-04-08,10,7205,2022-02-17,0
2021-04-09,7,7212,2022-02-17,0
2021-04-10,7,7219,2022-02-17,0
2021-04-11,8,7227,2022-02-17,0
2021-04-12,10,7237,2022-02-17,0
2021-04-13,7,7244,2022-02-17,0
2021-04-14,8,7252,2022-02-17,0
2021-04-15,14,7266,2022-02-17,0
2021-04-16,8,7274,2022-02-17,0
2021-04-17,8,7282,2022-02-17,0
2021-04-18,8,7290,2022-02-17,0
2021-04-19,10,7300,2022-02-17,0
2021-04-20,5,7305,2022-02-17,0
2021-04-21,8,7313,2022-02-17,0
2021-04-22,3,7316,2022-02-17,0
2021-04-23,15,7331,2022-02-17,0
2021-04-24,11,7342,2022-02-17,0
2021-04-25,15,7357,2022-02-17,0
2021-04-26,15,7372,2022-02-17,0
2021-04-27,7,7379,2022-02-17,0
2021-04-28,14,7393,2022-02-17,0
2021-04-29,8,7401,2022-02-17,0
2021-04-30,11,7412,2022-02-17,0
2021-05-01,7,7419,2022-02-17,0
2021-05-02,8,7427,2022-02-17,0
2021-05-03,5,7432,2022-02-17,0
2021-05-04,13,7445,2022-02-17,0
2021-05-05,8,7453,2022-02-17,0
2021-05-06,5,7458,2022-02-17,0
2021-05-07,8,7466,2022-02-17,0
2021-05-08,7,7473,2022-02-17,0
2021-05-09,9,7482,2022-02-17,0
2021-05-10,8,7490,2022-02-17,0
2021-05-11,6,7496,2022-02-17,0
2021-05-12,9,7505,2022-02-17,0
2021-05-13,9,7514,2022-02-17,0
2021-05-14,11,7525,2022-02-17,0
2021-05-15,10,7535,2022-02-17,0
2021-05-16,6,7541,2022-02-17,0
2021-05-17,6,7547,2022-02-17,0
2021-05-18,7,7554,2022-02-17,0
2021-05-19,2,7556,2022-02-17,0
2021-05-20,5,7561,2022-02-17,0
2021-05-21,7,7568,2022-02-17,0
2021-05-22,12,7580,2022-02-17,0
2021-05-23,5,7585,2022-02-17,0
2021-05-24,5,7590,2022-02-17,0
2021-05-25,6,7596,2022-02-17,0
2021-05-26,3,7599,2022-02-17,0
2021-05-27,7,7606,2022-02-17,0
2021-05-28,2,7608,2022-02-17,0
2021-05-29,6,7614,2022-02-17,0
2021-05-30,4,7618,2022-02-17,0
2021-05-31,3,7621,2022-02-17,0
2021-06-01,5,7626,2022-02-17,0
2021-06-02,8,7634,2022-02-17,0
2021-06-03,4,7638,2022-02-17,0
2021-06-04,4,7642,2022-02-17,0
2021-06-05,2,7644,2022-02-17,0
2021-06-06,5,7649,2022-02-17,0
2021-06-07,3,7652,2022-02-17,0
2021-06-08,5,7657,2022-02-17,0
2021-06-09,4,7661,2022-02-17,0
2021-06-10,6,7667,2022-02-17,0
2021-06-11,6,7673,2022-02-17,0
2021-06-12,4,7677,2022-02-17,0
2021-06-13,4,7681,2022-02-17,0
2021-06-14,3,7684,2022-02-17,0
2021-06-15,2,7686,2022-02-17,0
2021-06-16,2,7688,2022-02-17,0
2021-06-17,4,7692,2022-02-17,0
2021-06-18,2,7694,2022-02-17,0
2021-06-19,6,7700,2022-02-17,0
2021-06-20,1,7701,2022-02-17,0
2021-06-21,5,7706,2022-02-17,0
2021-06-22,3,7709,2022-02-17,0
2021-06-23,4,7713,2022-02-17,0
2021-06-24,3,7716,2022-02-17,0
2021-06-25,3,7719,2022-02-17,0
2021-06-26,4,7723,2022-02-17,0
2021-06-27,2,7725,2022-02-17,0
2021-06-28,2,7727,2022-02-17,0
2021-06-29,2,7729,2022-02-17,0
2021-06-30,2,7731,2022-02-17,0
2021-07-01,0,7731,2022-02-17,0
2021-07-02,2,7733,2022-02-17,0
2021-07-03,2,7735,2022-02-17,0
2021-07-04,3,7738,2022-02-17,0
2021-07-05,1,7739,2022-02-17,0
2021-07-06,5,7744,2022-02-17,0
2021-07-07,1,7745,2022-02-17,0
2021-07-08,1,7746,2022-02-17,0
2021-07-09,0,7746,2022-02-17,0
2021-07-10,1,7747,2022-02-17,0
2021-07-11,3,7750,2022-02-17,0
2021-07-12,1,7751,2022-02-17,0
2021-07-13,2,7753,2022-02-17,0
2021-07-14,2,7755,2022-02-17,0
2021-07-15,2,7757,2022-02-17,0
2021-07-16,1,7758,2022-02-17,0
2021-07-17,1,7759,2022-02-17,0
2021-07-18,0,7759,2022-02-17,0
2021-07-19,0,7759,2022-02-17,0
2021-07-20,2,7761,2022-02-17,0
2021-07-21,3,7764,2022-02-17,0
2021-07-22,2,7766,2022-02-17,0
2021-07-23,3,7769,2022-02-17,0
2021-07-24,0,7769,2022-02-17,0
2021-07-25,2,7771,2022-02-17,0
2021-07-26,1,7772,2022-02-17,0
2021-07-27,2,7774,2022-02-17,0
2021-07-28,3,7777,2022-02-17,0
2021-07-29,2,7779,2022-02-17,0
2021-07-30,5,7784,2022-02-17,0
2021-07-31,4,7788,2022-02-17,0
2021-08-01,1,7789,2022-02-17,0
2021-08-02,3,7792,2022-02-17,0
2021-08-03,2,7794,2022-02-17,0
2021-08-04,3,7797,2022-02-17,0
2021-08-05,2,7799,2022-02-17,0
2021-08-06,8,7807,2022-02-17,0
2021-08-07,3,7810,2022-02-17,0
2021-08-08,3,7813,2022-02-17,0
2021-08-09,3,7816,2022-02-17,0
2021-08-10,2,7818,2022-02-17,0
2021-08-11,2,7820,2022-02-17,0
2021-08-12,7,7827,2022-02-17,0
2021-08-13,5,7832,2022-02-17,0
2021-08-14,6,7838,2022-02-17,0
2021-08-15,0,7838,2022-02-17,0
2021-08-16,7,7845,2022-02-17,0
2021-08-17,7,7852,2022-02-17,0
2021-08-18,9,7861,2022-02-17,0
2021-08-19,2,7863,2022-02-17,0
2021-08-20,3,7866,2022-02-17,0
2021-08-21,5,7871,2022-02-17,0
2021-08-22,7,7878,2022-02-17,0
2021-08-23,5,7883,2022-02-17,0
2021-08-24,12,7895,2022-02-17,0
2021-08-25,7,7902,2022-02-17,0
2021-08-26,2,7904,2022-02-17,0
2021-08-27,6,7910,2022-02-17,0
2021-08-28,11,7921,2022-02-17,0
2021-08-29,11,7932,2022-02-17,0
2021-08-30,8,7940,2022-02-17,0
2021-08-31,8,7948,2022-02-17,0
2021-09-01,6,7954,2022-02-17,0
2021-09-02,6,7960,2022-02-17,0
2021-09-03,9,7969,2022-02-17,0
2021-09-04,9,7978,2022-02-17,0
2021-09-05,10,7988,2022-02-17,0
2021-09-06,8,7996,2022-02-17,0
2021-09-07,7,8003,2022-02-17,0
2021-09-08,11,8014,2022-02-17,0
2021-09-09,5,8019,2022-02-17,0
2021-09-10,9,8028,2022-02-17,0
2021-09-11,17,8045,2022-02-17,0
2021-09-12,10,8055,2022-02-17,0
2021-09-13,8,8063,2022-02-17,0
2021-09-14,11,8074,2022-02-17,0
2021-09-15,14,8088,2022-02-17,0
2021-09-16,16,8104,2022-02-17,0
2021-09-17,8,8112,2022-02-17,0
2021-09-18,15,8127,2022-02-17,0
2021-09-19,11,8138,2022-02-17,0
2021-09-20,16,8154,2022-02-17,0
2021-09-21,15,8169,2022-02-17,0
2021-09-22,17,8186,2022-02-17,0
2021-09-23,13,8199,2022-02-17,0
2021-09-24,13,8212,2022-02-17,0
2021-09-25,16,8228,2022-02-17,0
2021-09-26,15,8243,2022-02-17,0
2021-09-27,15,8258,2022-02-17,0
2021-09-28,11,8269,2022-02-17,0
2021-09-29,21,8290,2022-02-17,0
2021-09-30,17,8307,2022-02-17,0
2021-10-01,13,8320,2022-02-17,0
2021-10-02,15,8335,2022-02-17,0
2021-10-03,23,8358,2022-02-17,0
2021-10-04,15,8373,2022-02-17,0
2021-10-05,23,8396,2022-02-17,0
2021-10-06,21,8417,2022-02-17,0
2021-10-07,14,8431,2022-02-17,0
2021-10-08,22,8453,2022-02-17,0
2021-10-09,20,8473,2022-02-17,0
2021-10-10,14,8487,2022-02-17,0
2021-10-11,11,8498,2022-02-17,0
2021-10-12,25,8523,2022-02-17,0
2021-10-13,21,8544,2022-02-17,0
2021-10-14,22,8566,2022-02-17,0
2021-10-15,14,8580,2022-02-17,0
2021-10-16,20,8600,2022-02-17,0
2021-10-17,18,8618,2022-02-17,0
2021-10-18,17,8635,2022-02-17,0
2021-10-19,26,8661,2022-02-17,0
2021-10-20,16,8677,2022-02-17,0
2021-10-21,9,8686,2022-02-17,0
2021-10-22,23,8709,2022-02-17,0
2021-10-23,24,8733,2022-02-17,0
2021-10-24,25,8758,2022-02-17,0
2021-10-25,20,8778,2022-02-17,0
2021-10-26,22,8800,2022-02-17,0
2021-10-27,16,8816,2022-02-17,0
2021-10-28,24,8840,2022-02-17,0
2021-10-29,20,8860,2022-02-17,0
2021-10-30,20,8880,2022-02-17,0
2021-10-31,27,8907,2022-02-17,0
2021-11-01,18,8925,2022-02-17,0
2021-11-02,18,8943,2022-02-17,0
2021-11-03,27,8970,2022-02-17,0
2021-11-04,27,8997,2022-02-17,0
2021-11-05,29,9026,2022-02-17,0
2021-11-06,16,9042,2022-02-17,0
2021-11-07,24,9066,2022-02-17,0
2021-11-08,28,9094,2022-02-17,0
2021-11-09,17,9111,2022-02-17,0
2021-11-10,18,9129,2022-02-17,0
2021-11-11,28,9157,2022-02-17,0
2021-11-12,29,9186,2022-02-17,0
2021-11-13,31,9217,2022-02-17,0
2021-11-14,24,9241,2022-02-17,0
2021-11-15,28,9269,2022-02-17,0
2021-11-16,25,9294,2022-02-17,0
2021-11-17,37,9331,2022-02-17,0
2021-11-18,38,9369,2022-02-17,0
2021-11-19,34,9403,2022-02-17,0
2021-11-20,30,9433,2022-02-17,0
2021-11-21,32,9465,2022-02-17,0
2021-11-22,30,9495,2022-02-17,0
2021-11-23,32,9527,2022-02-17,0
2021-11-24,25,9552,2022-02-17,0
2021-11-25,35,9587,2022-02-17,0
2021-11-26,51,9638,2022-02-17,0
2021-11-27,36,9674,2022-02-17,0
2021-11-28,39,9713,2022-02-17,0
2021-11-29,29,9742,2022-02-17,0
2021-11-30,30,9772,2022-02-17,0
2021-12-01,47,9819,2022-02-17,0
2021-12-02,40,9859,2022-02-17,0
2021-12-03,31,9890,2022-02-17,0
2021-12-04,42,9932,2022-02-17,0
2021-12-05,36,9968,2022-02-17,0
2021-12-06,35,10003,2022-02-17,0
2021-12-07,36,10039,2022-02-17,0
2021-12-08,38,10077,2022-02-17,0
2021-12-09,47,10124,2022-02-17,0
2021-12-10,34,10158,2022-02-17,0
2021-12-11,27,10185,2022-02-17,0
2021-12-12,36,10221,2022-02-17,0
2021-12-13,33,10254,2022-02-17,0
2021-12-14,35,10289,2022-02-17,0
2021-12-15,41,10330,2022-02-17,0
2021-12-16,32,10362,2022-02-17,0
2021-12-17,41,10403,2022-02-17,1
2021-12-18,32,10435,2022-02-17,0
2021-12-19,30,10465,2022-02-17,0
2021-12-20,33,10498,2022-02-17,0
2021-12-21,28,10526,2022-02-17,0
2021-12-22,29,10555,2022-02-17,0
2021-12-23,27,10582,2022-02-17,0
2021-12-24,29,10611,2022-02-17,0
2021-12-25,28,10639,2022-02-17,0
2021-12-26,42,10681,2022-02-17,0
2021-12-27,31,10712,2022-02-17,0
2021-12-28,34,10746,2022-02-17,0
2021-12-29,29,10775,2022-02-17,0
2021-12-30,19,10794,2022-02-17,0
2021-12-31,39,10833,2022-02-17,0
2022-01-01,27,10860,2022-02-17,0
2022-01-02,22,10882,2022-02-17,0
2022-01-03,23,10905,2022-02-17,0
2022-01-04,30,10935,2022-02-17,0
2022-01-05,31,10966,2022-02-17,0
2022-01-06,32,10998,2022-02-17,0
2022-01-07,27,11025,2022-02-17,0
2022-01-08,40,11065,2022-02-17,0
2022-01-09,18,11083,2022-02-17,0
2022-01-10,31,11114,2022-02-17,0
2022-01-11,18,11132,2022-02-17,0
2022-01-12,19,11151,2022-02-17,0
2022-01-13,27,11178,2022-02-17,0
2022-01-14,33,11211,2022-02-17,0
2022-01-15,26,11237,2022-02-17,0
2022-01-16,33,11270,2022-02-17,0
2022-01-17,35,11305,2022-02-17,0
2022-01-18,24,11329,2022-02-17,0
2022-01-19,29,11358,2022-02-17,0
2022-01-20,30,11388,2022-02-17,0
2022-01-21,27,11415,2022-02-17,0
2022-01-22,24,11439,2022-02-17,0
2022-01-23,22,11461,2022-02-17,0
2022-01-24,32,11493,2022-02-17,0
2022-01-25,33,11526,2022-02-17,0
2022-01-26,34,11560,2022-02-17,1
2022-01-27,35,11595,2022-02-17,0
2022-01-28,29,11624,2022-02-17,0
2022-01-29,27,11651,2022-02-17,0
2022-01-30,27,11678,2022-02-17,0
2022-01-31,13,11691,2022-02-17,0
2022-02-01,24,11715,2022-02-17,0
2022-02-02,22,11737,2022-02-17,1
2022-02-03,27,11764,2022-02-17,1
2022-02-04,17,11781,2022-02-17,0
2022-02-05,26,11807,2022-02-17,0
2022-02-06,23,11830,2022-02-17,2
2022-02-07,12,11842,2022-02-17,0
2022-02-08,24,11866,2022-02-17,3
2022-02-09,18,11884,2022-02-17,0
2022-02-10,15,11899,2022-02-17,5
2022-02-11,12,11911,2022-02-17,3
2022-02-12,3,11914,2022-02-17,2
2022-02-13,10,11924,2022-02-17,2
2022-02-14,4,11928,2022-02-17,4
2022-02-15,2,11930,2022-02-17,2
NA,0,11930,2022-02-17,0
2020-03-19,1,1,2022-02-18,0
2020-03-20,0,1,2022-02-18,0
2020-03-21,0,1,2022-02-18,0
2020-03-22,0,1,2022-02-18,0
2020-03-23,0,1,2022-02-18,0
2020-03-24,1,2,2022-02-18,0
2020-03-25,1,3,2022-02-18,0
2020-03-26,1,4,2022-02-18,0
2020-03-27,5,9,2022-02-18,0
2020-03-28,3,12,2022-02-18,0
2020-03-29,0,12,2022-02-18,0
2020-03-30,5,17,2022-02-18,0
2020-03-31,2,19,2022-02-18,0
2020-04-01,5,24,2022-02-18,0
2020-04-02,3,27,2022-02-18,0
2020-04-03,1,28,2022-02-18,0
2020-04-04,5,33,2022-02-18,0
2020-04-05,5,38,2022-02-18,0
2020-04-06,10,48,2022-02-18,0
2020-04-07,6,54,2022-02-18,0
2020-04-08,7,61,2022-02-18,0
2020-04-09,8,69,2022-02-18,0
2020-04-10,6,75,2022-02-18,0
2020-04-11,4,79,2022-02-18,0
2020-04-12,4,83,2022-02-18,0
2020-04-13,10,93,2022-02-18,0
2020-04-14,6,99,2022-02-18,0
2020-04-15,17,116,2022-02-18,0
2020-04-16,10,126,2022-02-18,0
2020-04-17,17,143,2022-02-18,0
2020-04-18,17,160,2022-02-18,0
2020-04-19,16,176,2022-02-18,0
2020-04-20,21,197,2022-02-18,0
2020-04-21,26,223,2022-02-18,0
2020-04-22,21,244,2022-02-18,0
2020-04-23,19,263,2022-02-18,0
2020-04-24,23,286,2022-02-18,0
2020-04-25,18,304,2022-02-18,0
2020-04-26,17,321,2022-02-18,0
2020-04-27,21,342,2022-02-18,0
2020-04-28,16,358,2022-02-18,0
2020-04-29,29,387,2022-02-18,0
2020-04-30,18,405,2022-02-18,0
2020-05-01,30,435,2022-02-18,0
2020-05-02,19,454,2022-02-18,0
2020-05-03,29,483,2022-02-18,0
2020-05-04,23,506,2022-02-18,0
2020-05-05,19,525,2022-02-18,0
2020-05-06,25,550,2022-02-18,0
2020-05-07,30,580,2022-02-18,0
2020-05-08,20,600,2022-02-18,0
2020-05-09,26,626,2022-02-18,0
2020-05-10,19,645,2022-02-18,0
2020-05-11,25,670,2022-02-18,0
2020-05-12,20,690,2022-02-18,0
2020-05-13,22,712,2022-02-18,0
2020-05-14,20,732,2022-02-18,0
2020-05-15,20,752,2022-02-18,0
2020-05-16,20,772,2022-02-18,0
2020-05-17,23,795,2022-02-18,0
2020-05-18,18,813,2022-02-18,0
2020-05-19,35,848,2022-02-18,0
2020-05-20,24,872,2022-02-18,0
2020-05-21,17,889,2022-02-18,0
2020-05-22,20,909,2022-02-18,0
2020-05-23,26,935,2022-02-18,0
2020-05-24,25,960,2022-02-18,0
2020-05-25,30,990,2022-02-18,0
2020-05-26,29,1019,2022-02-18,0
2020-05-27,25,1044,2022-02-18,0
2020-05-28,21,1065,2022-02-18,0
2020-05-29,17,1082,2022-02-18,0
2020-05-30,11,1093,2022-02-18,0
2020-05-31,20,1113,2022-02-18,0
2020-06-01,23,1136,2022-02-18,0
2020-06-02,21,1157,2022-02-18,0
2020-06-03,25,1182,2022-02-18,0
2020-06-04,26,1208,2022-02-18,0
2020-06-05,18,1226,2022-02-18,0
2020-06-06,12,1238,2022-02-18,0
2020-06-07,22,1260,2022-02-18,0
2020-06-08,12,1272,2022-02-18,0
2020-06-09,13,1285,2022-02-18,0
2020-06-10,10,1295,2022-02-18,0
2020-06-11,12,1307,2022-02-18,0
2020-06-12,11,1318,2022-02-18,0
2020-06-13,13,1331,2022-02-18,0
2020-06-14,11,1342,2022-02-18,0
2020-06-15,8,1350,2022-02-18,0
2020-06-16,9,1359,2022-02-18,0
2020-06-17,17,1376,2022-02-18,0
2020-06-18,9,1385,2022-02-18,0
2020-06-19,8,1393,2022-02-18,0
2020-06-20,12,1405,2022-02-18,0
2020-06-21,11,1416,2022-02-18,0
2020-06-22,6,1422,2022-02-18,0
2020-06-23,10,1432,2022-02-18,0
2020-06-24,1,1433,2022-02-18,0
2020-06-25,9,1442,2022-02-18,0
2020-06-26,6,1448,2022-02-18,0
2020-06-27,5,1453,2022-02-18,0
2020-06-28,11,1464,2022-02-18,0
2020-06-29,7,1471,2022-02-18,0
2020-06-30,9,1480,2022-02-18,0
2020-07-01,2,1482,2022-02-18,0
2020-07-02,3,1485,2022-02-18,0
2020-07-03,5,1490,2022-02-18,0
2020-07-04,4,1494,2022-02-18,0
2020-07-05,6,1500,2022-02-18,0
2020-07-06,4,1504,2022-02-18,0
2020-07-07,2,1506,2022-02-18,0
2020-07-08,9,1515,2022-02-18,0
2020-07-09,4,1519,2022-02-18,0
2020-07-10,3,1522,2022-02-18,0
2020-07-11,4,1526,2022-02-18,0
2020-07-12,6,1532,2022-02-18,0
2020-07-13,2,1534,2022-02-18,0
2020-07-14,6,1540,2022-02-18,0
2020-07-15,7,1547,2022-02-18,0
2020-07-16,3,1550,2022-02-18,0
2020-07-17,7,1557,2022-02-18,0
2020-07-18,6,1563,2022-02-18,0
2020-07-19,5,1568,2022-02-18,0
2020-07-20,3,1571,2022-02-18,0
2020-07-21,6,1577,2022-02-18,0
2020-07-22,5,1582,2022-02-18,0
2020-07-23,8,1590,2022-02-18,0
2020-07-24,6,1596,2022-02-18,0
2020-07-25,2,1598,2022-02-18,0
2020-07-26,5,1603,2022-02-18,0
2020-07-27,5,1608,2022-02-18,0
2020-07-28,7,1615,2022-02-18,0
2020-07-29,3,1618,2022-02-18,0
2020-07-30,6,1624,2022-02-18,0
2020-07-31,9,1633,2022-02-18,0
2020-08-01,4,1637,2022-02-18,0
2020-08-02,7,1644,2022-02-18,0
2020-08-03,4,1648,2022-02-18,0
2020-08-04,7,1655,2022-02-18,0
2020-08-05,8,1663,2022-02-18,0
2020-08-06,9,1672,2022-02-18,0
2020-08-07,7,1679,2022-02-18,0
2020-08-08,6,1685,2022-02-18,0
2020-08-09,10,1695,2022-02-18,0
2020-08-10,3,1698,2022-02-18,0
2020-08-11,9,1707,2022-02-18,0
2020-08-12,7,1714,2022-02-18,0
2020-08-13,5,1719,2022-02-18,0
2020-08-14,9,1728,2022-02-18,0
2020-08-15,13,1741,2022-02-18,0
2020-08-16,13,1754,2022-02-18,0
2020-08-17,6,1760,2022-02-18,0
2020-08-18,11,1771,2022-02-18,0
2020-08-19,3,1774,2022-02-18,0
2020-08-20,10,1784,2022-02-18,0
2020-08-21,12,1796,2022-02-18,0
2020-08-22,9,1805,2022-02-18,0
2020-08-23,7,1812,2022-02-18,0
2020-08-24,9,1821,2022-02-18,0
2020-08-25,4,1825,2022-02-18,0
2020-08-26,3,1828,2022-02-18,0
2020-08-27,7,1835,2022-02-18,0
2020-08-28,6,1841,2022-02-18,0
2020-08-29,3,1844,2022-02-18,0
2020-08-30,5,1849,2022-02-18,0
2020-08-31,9,1858,2022-02-18,0
2020-09-01,2,1860,2022-02-18,0
2020-09-02,7,1867,2022-02-18,0
2020-09-03,12,1879,2022-02-18,0
2020-09-04,4,1883,2022-02-18,0
2020-09-05,6,1889,2022-02-18,0
2020-09-06,12,1901,2022-02-18,0
2020-09-07,3,1904,2022-02-18,0
2020-09-08,6,1910,2022-02-18,0
2020-09-09,10,1920,2022-02-18,0
2020-09-10,9,1929,2022-02-18,0
2020-09-11,11,1940,2022-02-18,0
2020-09-12,8,1948,2022-02-18,0
2020-09-13,8,1956,2022-02-18,0
2020-09-14,2,1958,2022-02-18,0
2020-09-15,7,1965,2022-02-18,0
2020-09-16,9,1974,2022-02-18,0
2020-09-17,5,1979,2022-02-18,0
2020-09-18,6,1985,2022-02-18,0
2020-09-19,4,1989,2022-02-18,0
2020-09-20,9,1998,2022-02-18,0
2020-09-21,7,2005,2022-02-18,0
2020-09-22,8,2013,2022-02-18,0
2020-09-23,9,2022,2022-02-18,0
2020-09-24,8,2030,2022-02-18,0
2020-09-25,11,2041,2022-02-18,0
2020-09-26,9,2050,2022-02-18,0
2020-09-27,14,2064,2022-02-18,0
2020-09-28,11,2075,2022-02-18,0
2020-09-29,5,2080,2022-02-18,0
2020-09-30,16,2096,2022-02-18,0
2020-10-01,7,2103,2022-02-18,0
2020-10-02,13,2116,2022-02-18,0
2020-10-03,9,2125,2022-02-18,0
2020-10-04,7,2132,2022-02-18,0
2020-10-05,10,2142,2022-02-18,0
2020-10-06,13,2155,2022-02-18,0
2020-10-07,19,2174,2022-02-18,0
2020-10-08,9,2183,2022-02-18,0
2020-10-09,17,2200,2022-02-18,0
2020-10-10,16,2216,2022-02-18,0
2020-10-11,16,2232,2022-02-18,0
2020-10-12,20,2252,2022-02-18,0
2020-10-13,14,2266,2022-02-18,0
2020-10-14,10,2276,2022-02-18,0
2020-10-15,9,2285,2022-02-18,0
2020-10-16,12,2297,2022-02-18,0
2020-10-17,18,2315,2022-02-18,0
2020-10-18,25,2340,2022-02-18,0
2020-10-19,18,2358,2022-02-18,0
2020-10-20,15,2373,2022-02-18,0
2020-10-21,24,2397,2022-02-18,0
2020-10-22,18,2415,2022-02-18,0
2020-10-23,19,2434,2022-02-18,0
2020-10-24,8,2442,2022-02-18,0
2020-10-25,17,2459,2022-02-18,0
2020-10-26,25,2484,2022-02-18,0
2020-10-27,23,2507,2022-02-18,0
2020-10-28,29,2536,2022-02-18,0
2020-10-29,18,2554,2022-02-18,0
2020-10-30,27,2581,2022-02-18,0
2020-10-31,25,2606,2022-02-18,0
2020-11-01,21,2627,2022-02-18,0
2020-11-02,25,2652,2022-02-18,0
2020-11-03,25,2677,2022-02-18,0
2020-11-04,33,2710,2022-02-18,0
2020-11-05,38,2748,2022-02-18,0
2020-11-06,39,2787,2022-02-18,0
2020-11-07,42,2829,2022-02-18,0
2020-11-08,47,2876,2022-02-18,0
2020-11-09,37,2913,2022-02-18,0
2020-11-10,35,2948,2022-02-18,0
2020-11-11,43,2991,2022-02-18,0
2020-11-12,45,3036,2022-02-18,0
2020-11-13,40,3076,2022-02-18,0
2020-11-14,48,3124,2022-02-18,0
2020-11-15,46,3170,2022-02-18,0
2020-11-16,62,3232,2022-02-18,0
2020-11-17,56,3288,2022-02-18,0
2020-11-18,61,3349,2022-02-18,0
2020-11-19,60,3409,2022-02-18,0
2020-11-20,63,3472,2022-02-18,0
2020-11-21,58,3530,2022-02-18,0
2020-11-22,67,3597,2022-02-18,0
2020-11-23,59,3656,2022-02-18,0
2020-11-24,69,3725,2022-02-18,0
2020-11-25,72,3797,2022-02-18,0
2020-11-26,54,3851,2022-02-18,0
2020-11-27,69,3920,2022-02-18,0
2020-11-28,62,3982,2022-02-18,0
2020-11-29,68,4050,2022-02-18,0
2020-11-30,62,4112,2022-02-18,0
2020-12-01,64,4176,2022-02-18,0
2020-12-02,73,4249,2022-02-18,0
2020-12-03,86,4335,2022-02-18,0
2020-12-04,67,4402,2022-02-18,0
2020-12-05,74,4476,2022-02-18,0
2020-12-06,80,4556,2022-02-18,0
2020-12-07,75,4631,2022-02-18,0
2020-12-08,61,4692,2022-02-18,0
2020-12-09,71,4763,2022-02-18,0
2020-12-10,72,4835,2022-02-18,0
2020-12-11,71,4906,2022-02-18,0
2020-12-12,72,4978,2022-02-18,0
2020-12-13,56,5034,2022-02-18,0
2020-12-14,43,5077,2022-02-18,0
2020-12-15,65,5142,2022-02-18,0
2020-12-16,74,5216,2022-02-18,0
2020-12-17,60,5276,2022-02-18,0
2020-12-18,59,5335,2022-02-18,0
2020-12-19,56,5391,2022-02-18,0
2020-12-20,61,5452,2022-02-18,0
2020-12-21,58,5510,2022-02-18,0
2020-12-22,33,5543,2022-02-18,0
2020-12-23,46,5589,2022-02-18,0
2020-12-24,51,5640,2022-02-18,0
2020-12-25,36,5676,2022-02-18,0
2020-12-26,43,5719,2022-02-18,0
2020-12-27,41,5760,2022-02-18,0
2020-12-28,34,5794,2022-02-18,0
2020-12-29,37,5831,2022-02-18,0
2020-12-30,47,5878,2022-02-18,0
2020-12-31,36,5914,2022-02-18,0
2021-01-01,28,5942,2022-02-18,0
2021-01-02,49,5991,2022-02-18,0
2021-01-03,37,6028,2022-02-18,0
2021-01-04,32,6060,2022-02-18,0
2021-01-05,40,6100,2022-02-18,0
2021-01-06,32,6132,2022-02-18,0
2021-01-07,38,6170,2022-02-18,0
2021-01-08,32,6202,2022-02-18,0
2021-01-09,26,6228,2022-02-18,0
2021-01-10,30,6258,2022-02-18,0
2021-01-11,27,6285,2022-02-18,0
2021-01-12,32,6317,2022-02-18,0
2021-01-13,23,6340,2022-02-18,0
2021-01-14,42,6382,2022-02-18,0
2021-01-15,26,6408,2022-02-18,0
2021-01-16,30,6438,2022-02-18,0
2021-01-17,21,6459,2022-02-18,0
2021-01-18,19,6478,2022-02-18,0
2021-01-19,14,6492,2022-02-18,0
2021-01-20,26,6518,2022-02-18,0
2021-01-21,16,6534,2022-02-18,0
2021-01-22,14,6548,2022-02-18,0
2021-01-23,17,6565,2022-02-18,0
2021-01-24,24,6589,2022-02-18,0
2021-01-25,19,6608,2022-02-18,0
2021-01-26,21,6629,2022-02-18,0
2021-01-27,11,6640,2022-02-18,0
2021-01-28,12,6652,2022-02-18,0
2021-01-29,15,6667,2022-02-18,0
2021-01-30,13,6680,2022-02-18,0
2021-01-31,16,6696,2022-02-18,0
2021-02-01,17,6713,2022-02-18,0
2021-02-02,10,6723,2022-02-18,0
2021-02-03,11,6734,2022-02-18,0
2021-02-04,11,6745,2022-02-18,0
2021-02-05,13,6758,2022-02-18,0
2021-02-06,12,6770,2022-02-18,0
2021-02-07,19,6789,2022-02-18,0
2021-02-08,11,6800,2022-02-18,0
2021-02-09,15,6815,2022-02-18,0
2021-02-10,14,6829,2022-02-18,0
2021-02-11,7,6836,2022-02-18,0
2021-02-12,13,6849,2022-02-18,0
2021-02-13,8,6857,2022-02-18,0
2021-02-14,10,6867,2022-02-18,0
2021-02-15,9,6876,2022-02-18,0
2021-02-16,12,6888,2022-02-18,0
2021-02-17,10,6898,2022-02-18,0
2021-02-18,7,6905,2022-02-18,0
2021-02-19,6,6911,2022-02-18,0
2021-02-20,7,6918,2022-02-18,0
2021-02-21,4,6922,2022-02-18,0
2021-02-22,5,6927,2022-02-18,0
2021-02-23,9,6936,2022-02-18,0
2021-02-24,5,6941,2022-02-18,0
2021-02-25,5,6946,2022-02-18,0
2021-02-26,7,6953,2022-02-18,0
2021-02-27,6,6959,2022-02-18,0
2021-02-28,8,6967,2022-02-18,0
2021-03-01,7,6974,2022-02-18,0
2021-03-02,3,6977,2022-02-18,0
2021-03-03,10,6987,2022-02-18,0
2021-03-04,6,6993,2022-02-18,0
2021-03-05,10,7003,2022-02-18,0
2021-03-06,5,7008,2022-02-18,0
2021-03-07,9,7017,2022-02-18,0
2021-03-08,5,7022,2022-02-18,0
2021-03-09,7,7029,2022-02-18,0
2021-03-10,5,7034,2022-02-18,0
2021-03-11,4,7038,2022-02-18,0
2021-03-12,11,7049,2022-02-18,0
2021-03-13,5,7054,2022-02-18,0
2021-03-14,5,7059,2022-02-18,0
2021-03-15,2,7061,2022-02-18,0
2021-03-16,6,7067,2022-02-18,0
2021-03-17,4,7071,2022-02-18,0
2021-03-18,5,7076,2022-02-18,0
2021-03-19,5,7081,2022-02-18,0
2021-03-20,9,7090,2022-02-18,0
2021-03-21,5,7095,2022-02-18,0
2021-03-22,4,7099,2022-02-18,0
2021-03-23,5,7104,2022-02-18,0
2021-03-24,1,7105,2022-02-18,0
2021-03-25,5,7110,2022-02-18,0
2021-03-26,3,7113,2022-02-18,0
2021-03-27,7,7120,2022-02-18,0
2021-03-28,6,7126,2022-02-18,0
2021-03-29,5,7131,2022-02-18,0
2021-03-30,6,7137,2022-02-18,0
2021-03-31,8,7145,2022-02-18,0
2021-04-01,6,7151,2022-02-18,0
2021-04-02,9,7160,2022-02-18,0
2021-04-03,8,7168,2022-02-18,0
2021-04-04,6,7174,2022-02-18,0
2021-04-05,8,7182,2022-02-18,0
2021-04-06,7,7189,2022-02-18,0
2021-04-07,6,7195,2022-02-18,0
2021-04-08,10,7205,2022-02-18,0
2021-04-09,7,7212,2022-02-18,0
2021-04-10,7,7219,2022-02-18,0
2021-04-11,8,7227,2022-02-18,0
2021-04-12,10,7237,2022-02-18,0
2021-04-13,7,7244,2022-02-18,0
2021-04-14,8,7252,2022-02-18,0
2021-04-15,14,7266,2022-02-18,0
2021-04-16,8,7274,2022-02-18,0
2021-04-17,8,7282,2022-02-18,0
2021-04-18,8,7290,2022-02-18,0
2021-04-19,10,7300,2022-02-18,0
2021-04-20,5,7305,2022-02-18,0
2021-04-21,8,7313,2022-02-18,0
2021-04-22,3,7316,2022-02-18,0
2021-04-23,15,7331,2022-02-18,0
2021-04-24,11,7342,2022-02-18,0
2021-04-25,15,7357,2022-02-18,0
2021-04-26,15,7372,2022-02-18,0
2021-04-27,7,7379,2022-02-18,0
2021-04-28,14,7393,2022-02-18,0
2021-04-29,8,7401,2022-02-18,0
2021-04-30,11,7412,2022-02-18,0
2021-05-01,7,7419,2022-02-18,0
2021-05-02,8,7427,2022-02-18,0
2021-05-03,5,7432,2022-02-18,0
2021-05-04,13,7445,2022-02-18,0
2021-05-05,8,7453,2022-02-18,0
2021-05-06,5,7458,2022-02-18,0
2021-05-07,8,7466,2022-02-18,0
2021-05-08,7,7473,2022-02-18,0
2021-05-09,9,7482,2022-02-18,0
2021-05-10,8,7490,2022-02-18,0
2021-05-11,6,7496,2022-02-18,0
2021-05-12,9,7505,2022-02-18,0
2021-05-13,9,7514,2022-02-18,0
2021-05-14,11,7525,2022-02-18,0
2021-05-15,10,7535,2022-02-18,0
2021-05-16,6,7541,2022-02-18,0
2021-05-17,6,7547,2022-02-18,0
2021-05-18,7,7554,2022-02-18,0
2021-05-19,2,7556,2022-02-18,0
2021-05-20,5,7561,2022-02-18,0
2021-05-21,7,7568,2022-02-18,0
2021-05-22,12,7580,2022-02-18,0
2021-05-23,5,7585,2022-02-18,0
2021-05-24,5,7590,2022-02-18,0
2021-05-25,6,7596,2022-02-18,0
2021-05-26,3,7599,2022-02-18,0
2021-05-27,7,7606,2022-02-18,0
2021-05-28,2,7608,2022-02-18,0
2021-05-29,6,7614,2022-02-18,0
2021-05-30,4,7618,2022-02-18,0
2021-05-31,3,7621,2022-02-18,0
2021-06-01,5,7626,2022-02-18,0
2021-06-02,8,7634,2022-02-18,0
2021-06-03,4,7638,2022-02-18,0
2021-06-04,4,7642,2022-02-18,0
2021-06-05,2,7644,2022-02-18,0
2021-06-06,5,7649,2022-02-18,0
2021-06-07,3,7652,2022-02-18,0
2021-06-08,5,7657,2022-02-18,0
2021-06-09,4,7661,2022-02-18,0
2021-06-10,6,7667,2022-02-18,0
2021-06-11,6,7673,2022-02-18,0
2021-06-12,4,7677,2022-02-18,0
2021-06-13,4,7681,2022-02-18,0
2021-06-14,3,7684,2022-02-18,0
2021-06-15,2,7686,2022-02-18,0
2021-06-16,2,7688,2022-02-18,0
2021-06-17,4,7692,2022-02-18,0
2021-06-18,2,7694,2022-02-18,0
2021-06-19,6,7700,2022-02-18,0
2021-06-20,1,7701,2022-02-18,0
2021-06-21,5,7706,2022-02-18,0
2021-06-22,3,7709,2022-02-18,0
2021-06-23,4,7713,2022-02-18,0
2021-06-24,3,7716,2022-02-18,0
2021-06-25,3,7719,2022-02-18,0
2021-06-26,4,7723,2022-02-18,0
2021-06-27,2,7725,2022-02-18,0
2021-06-28,2,7727,2022-02-18,0
2021-06-29,2,7729,2022-02-18,0
2021-06-30,2,7731,2022-02-18,0
2021-07-01,0,7731,2022-02-18,0
2021-07-02,2,7733,2022-02-18,0
2021-07-03,2,7735,2022-02-18,0
2021-07-04,3,7738,2022-02-18,0
2021-07-05,1,7739,2022-02-18,0
2021-07-06,5,7744,2022-02-18,0
2021-07-07,1,7745,2022-02-18,0
2021-07-08,1,7746,2022-02-18,0
2021-07-09,0,7746,2022-02-18,0
2021-07-10,1,7747,2022-02-18,0
2021-07-11,3,7750,2022-02-18,0
2021-07-12,1,7751,2022-02-18,0
2021-07-13,2,7753,2022-02-18,0
2021-07-14,2,7755,2022-02-18,0
2021-07-15,2,7757,2022-02-18,0
2021-07-16,1,7758,2022-02-18,0
2021-07-17,1,7759,2022-02-18,0
2021-07-18,0,7759,2022-02-18,0
2021-07-19,0,7759,2022-02-18,0
2021-07-20,2,7761,2022-02-18,0
2021-07-21,3,7764,2022-02-18,0
2021-07-22,2,7766,2022-02-18,0
2021-07-23,3,7769,2022-02-18,0
2021-07-24,0,7769,2022-02-18,0
2021-07-25,2,7771,2022-02-18,0
2021-07-26,1,7772,2022-02-18,0
2021-07-27,2,7774,2022-02-18,0
2021-07-28,3,7777,2022-02-18,0
2021-07-29,2,7779,2022-02-18,0
2021-07-30,5,7784,2022-02-18,0
2021-07-31,4,7788,2022-02-18,0
2021-08-01,1,7789,2022-02-18,0
2021-08-02,3,7792,2022-02-18,0
2021-08-03,2,7794,2022-02-18,0
2021-08-04,3,7797,2022-02-18,0
2021-08-05,2,7799,2022-02-18,0
2021-08-06,8,7807,2022-02-18,0
2021-08-07,3,7810,2022-02-18,0
2021-08-08,3,7813,2022-02-18,0
2021-08-09,3,7816,2022-02-18,0
2021-08-10,2,7818,2022-02-18,0
2021-08-11,2,7820,2022-02-18,0
2021-08-12,7,7827,2022-02-18,0
2021-08-13,5,7832,2022-02-18,0
2021-08-14,6,7838,2022-02-18,0
2021-08-15,0,7838,2022-02-18,0
2021-08-16,7,7845,2022-02-18,0
2021-08-17,7,7852,2022-02-18,0
2021-08-18,9,7861,2022-02-18,0
2021-08-19,2,7863,2022-02-18,0
2021-08-20,3,7866,2022-02-18,0
2021-08-21,5,7871,2022-02-18,0
2021-08-22,7,7878,2022-02-18,0
2021-08-23,5,7883,2022-02-18,0
2021-08-24,12,7895,2022-02-18,0
2021-08-25,7,7902,2022-02-18,0
2021-08-26,2,7904,2022-02-18,0
2021-08-27,6,7910,2022-02-18,0
2021-08-28,11,7921,2022-02-18,0
2021-08-29,11,7932,2022-02-18,0
2021-08-30,8,7940,2022-02-18,0
2021-08-31,8,7948,2022-02-18,0
2021-09-01,6,7954,2022-02-18,0
2021-09-02,6,7960,2022-02-18,0
2021-09-03,9,7969,2022-02-18,0
2021-09-04,9,7978,2022-02-18,0
2021-09-05,10,7988,2022-02-18,0
2021-09-06,8,7996,2022-02-18,0
2021-09-07,7,8003,2022-02-18,0
2021-09-08,11,8014,2022-02-18,0
2021-09-09,5,8019,2022-02-18,0
2021-09-10,9,8028,2022-02-18,0
2021-09-11,17,8045,2022-02-18,0
2021-09-12,10,8055,2022-02-18,0
2021-09-13,8,8063,2022-02-18,0
2021-09-14,11,8074,2022-02-18,0
2021-09-15,14,8088,2022-02-18,0
2021-09-16,16,8104,2022-02-18,0
2021-09-17,8,8112,2022-02-18,0
2021-09-18,15,8127,2022-02-18,0
2021-09-19,11,8138,2022-02-18,0
2021-09-20,16,8154,2022-02-18,0
2021-09-21,15,8169,2022-02-18,0
2021-09-22,17,8186,2022-02-18,0
2021-09-23,13,8199,2022-02-18,0
2021-09-24,13,8212,2022-02-18,0
2021-09-25,16,8228,2022-02-18,0
2021-09-26,15,8243,2022-02-18,0
2021-09-27,15,8258,2022-02-18,0
2021-09-28,11,8269,2022-02-18,0
2021-09-29,21,8290,2022-02-18,0
2021-09-30,17,8307,2022-02-18,0
2021-10-01,13,8320,2022-02-18,0
2021-10-02,15,8335,2022-02-18,0
2021-10-03,23,8358,2022-02-18,0
2021-10-04,15,8373,2022-02-18,0
2021-10-05,23,8396,2022-02-18,0
2021-10-06,21,8417,2022-02-18,0
2021-10-07,14,8431,2022-02-18,0
2021-10-08,22,8453,2022-02-18,0
2021-10-09,20,8473,2022-02-18,0
2021-10-10,14,8487,2022-02-18,0
2021-10-11,11,8498,2022-02-18,0
2021-10-12,25,8523,2022-02-18,0
2021-10-13,21,8544,2022-02-18,0
2021-10-14,22,8566,2022-02-18,0
2021-10-15,14,8580,2022-02-18,0
2021-10-16,20,8600,2022-02-18,0
2021-10-17,18,8618,2022-02-18,0
2021-10-18,17,8635,2022-02-18,0
2021-10-19,26,8661,2022-02-18,0
2021-10-20,16,8677,2022-02-18,0
2021-10-21,9,8686,2022-02-18,0
2021-10-22,23,8709,2022-02-18,0
2021-10-23,24,8733,2022-02-18,0
2021-10-24,25,8758,2022-02-18,0
2021-10-25,20,8778,2022-02-18,0
2021-10-26,22,8800,2022-02-18,0
2021-10-27,16,8816,2022-02-18,0
2021-10-28,24,8840,2022-02-18,0
2021-10-29,20,8860,2022-02-18,0
2021-10-30,20,8880,2022-02-18,0
2021-10-31,27,8907,2022-02-18,0
2021-11-01,18,8925,2022-02-18,0
2021-11-02,18,8943,2022-02-18,0
2021-11-03,27,8970,2022-02-18,0
2021-11-04,27,8997,2022-02-18,0
2021-11-05,29,9026,2022-02-18,0
2021-11-06,16,9042,2022-02-18,0
2021-11-07,24,9066,2022-02-18,0
2021-11-08,28,9094,2022-02-18,0
2021-11-09,17,9111,2022-02-18,0
2021-11-10,18,9129,2022-02-18,0
2021-11-11,28,9157,2022-02-18,0
2021-11-12,29,9186,2022-02-18,0
2021-11-13,31,9217,2022-02-18,0
2021-11-14,24,9241,2022-02-18,0
2021-11-15,28,9269,2022-02-18,0
2021-11-16,25,9294,2022-02-18,0
2021-11-17,37,9331,2022-02-18,0
2021-11-18,38,9369,2022-02-18,0
2021-11-19,34,9403,2022-02-18,0
2021-11-20,30,9433,2022-02-18,0
2021-11-21,32,9465,2022-02-18,0
2021-11-22,30,9495,2022-02-18,0
2021-11-23,32,9527,2022-02-18,0
2021-11-24,25,9552,2022-02-18,0
2021-11-25,35,9587,2022-02-18,0
2021-11-26,51,9638,2022-02-18,0
2021-11-27,36,9674,2022-02-18,0
2021-11-28,39,9713,2022-02-18,0
2021-11-29,29,9742,2022-02-18,0
2021-11-30,30,9772,2022-02-18,0
2021-12-01,47,9819,2022-02-18,0
2021-12-02,40,9859,2022-02-18,0
2021-12-03,31,9890,2022-02-18,0
2021-12-04,42,9932,2022-02-18,0
2021-12-05,36,9968,2022-02-18,0
2021-12-06,35,10003,2022-02-18,0
2021-12-07,36,10039,2022-02-18,0
2021-12-08,38,10077,2022-02-18,0
2021-12-09,47,10124,2022-02-18,0
2021-12-10,34,10158,2022-02-18,0
2021-12-11,27,10185,2022-02-18,0
2021-12-12,36,10221,2022-02-18,0
2021-12-13,34,10255,2022-02-18,1
2021-12-14,35,10290,2022-02-18,0
2021-12-15,41,10331,2022-02-18,0
2021-12-16,32,10363,2022-02-18,0
2021-12-17,41,10404,2022-02-18,0
2021-12-18,32,10436,2022-02-18,0
2021-12-19,30,10466,2022-02-18,0
2021-12-20,33,10499,2022-02-18,0
2021-12-21,28,10527,2022-02-18,0
2021-12-22,29,10556,2022-02-18,0
2021-12-23,27,10583,2022-02-18,0
2021-12-24,29,10612,2022-02-18,0
2021-12-25,28,10640,2022-02-18,0
2021-12-26,42,10682,2022-02-18,0
2021-12-27,31,10713,2022-02-18,0
2021-12-28,34,10747,2022-02-18,0
2021-12-29,29,10776,2022-02-18,0
2021-12-30,19,10795,2022-02-18,0
2021-12-31,39,10834,2022-02-18,0
2022-01-01,27,10861,2022-02-18,0
2022-01-02,22,10883,2022-02-18,0
2022-01-03,23,10906,2022-02-18,0
2022-01-04,30,10936,2022-02-18,0
2022-01-05,31,10967,2022-02-18,0
2022-01-06,32,10999,2022-02-18,0
2022-01-07,27,11026,2022-02-18,0
2022-01-08,40,11066,2022-02-18,0
2022-01-09,18,11084,2022-02-18,0
2022-01-10,31,11115,2022-02-18,0
2022-01-11,18,11133,2022-02-18,0
2022-01-12,19,11152,2022-02-18,0
2022-01-13,27,11179,2022-02-18,0
2022-01-14,33,11212,2022-02-18,0
2022-01-15,26,11238,2022-02-18,0
2022-01-16,33,11271,2022-02-18,0
2022-01-17,35,11306,2022-02-18,0
2022-01-18,24,11330,2022-02-18,0
2022-01-19,29,11359,2022-02-18,0
2022-01-20,30,11389,2022-02-18,0
2022-01-21,27,11416,2022-02-18,0
2022-01-22,24,11440,2022-02-18,0
2022-01-23,22,11462,2022-02-18,0
2022-01-24,32,11494,2022-02-18,0
2022-01-25,33,11527,2022-02-18,0
2022-01-26,34,11561,2022-02-18,0
2022-01-27,35,11596,2022-02-18,0
2022-01-28,30,11626,2022-02-18,1
2022-01-29,28,11654,2022-02-18,1
2022-01-30,27,11681,2022-02-18,0
2022-01-31,14,11695,2022-02-18,1
2022-02-01,24,11719,2022-02-18,0
2022-02-02,22,11741,2022-02-18,0
2022-02-03,28,11769,2022-02-18,1
2022-02-04,18,11787,2022-02-18,1
2022-02-05,26,11813,2022-02-18,0
2022-02-06,25,11838,2022-02-18,2
2022-02-07,14,11852,2022-02-18,2
2022-02-08,24,11876,2022-02-18,0
2022-02-09,21,11897,2022-02-18,3
2022-02-10,19,11916,2022-02-18,4
2022-02-11,15,11931,2022-02-18,3
2022-02-12,11,11942,2022-02-18,8
2022-02-13,12,11954,2022-02-18,2
2022-02-14,4,11958,2022-02-18,0
2022-02-15,3,11961,2022-02-18,1
NA,0,11961,2022-02-18,0
2020-03-19,1,1,2022-02-22,0
2020-03-20,0,1,2022-02-22,0
2020-03-21,0,1,2022-02-22,0
2020-03-22,0,1,2022-02-22,0
2020-03-23,0,1,2022-02-22,0
2020-03-24,1,2,2022-02-22,0
2020-03-25,1,3,2022-02-22,0
2020-03-26,1,4,2022-02-22,0
2020-03-27,5,9,2022-02-22,0
2020-03-28,3,12,2022-02-22,0
2020-03-29,0,12,2022-02-22,0
2020-03-30,5,17,2022-02-22,0
2020-03-31,2,19,2022-02-22,0
2020-04-01,5,24,2022-02-22,0
2020-04-02,3,27,2022-02-22,0
2020-04-03,1,28,2022-02-22,0
2020-04-04,5,33,2022-02-22,0
2020-04-05,5,38,2022-02-22,0
2020-04-06,10,48,2022-02-22,0
2020-04-07,6,54,2022-02-22,0
2020-04-08,7,61,2022-02-22,0
2020-04-09,8,69,2022-02-22,0
2020-04-10,6,75,2022-02-22,0
2020-04-11,4,79,2022-02-22,0
2020-04-12,4,83,2022-02-22,0
2020-04-13,10,93,2022-02-22,0
2020-04-14,6,99,2022-02-22,0
2020-04-15,17,116,2022-02-22,0
2020-04-16,10,126,2022-02-22,0
2020-04-17,17,143,2022-02-22,0
2020-04-18,17,160,2022-02-22,0
2020-04-19,16,176,2022-02-22,0
2020-04-20,21,197,2022-02-22,0
2020-04-21,26,223,2022-02-22,0
2020-04-22,21,244,2022-02-22,0
2020-04-23,19,263,2022-02-22,0
2020-04-24,23,286,2022-02-22,0
2020-04-25,18,304,2022-02-22,0
2020-04-26,17,321,2022-02-22,0
2020-04-27,21,342,2022-02-22,0
2020-04-28,16,358,2022-02-22,0
2020-04-29,29,387,2022-02-22,0
2020-04-30,18,405,2022-02-22,0
2020-05-01,30,435,2022-02-22,0
2020-05-02,19,454,2022-02-22,0
2020-05-03,29,483,2022-02-22,0
2020-05-04,23,506,2022-02-22,0
2020-05-05,19,525,2022-02-22,0
2020-05-06,25,550,2022-02-22,0
2020-05-07,30,580,2022-02-22,0
2020-05-08,20,600,2022-02-22,0
2020-05-09,26,626,2022-02-22,0
2020-05-10,19,645,2022-02-22,0
2020-05-11,25,670,2022-02-22,0
2020-05-12,20,690,2022-02-22,0
2020-05-13,22,712,2022-02-22,0
2020-05-14,20,732,2022-02-22,0
2020-05-15,20,752,2022-02-22,0
2020-05-16,20,772,2022-02-22,0
2020-05-17,23,795,2022-02-22,0
2020-05-18,18,813,2022-02-22,0
2020-05-19,35,848,2022-02-22,0
2020-05-20,24,872,2022-02-22,0
2020-05-21,17,889,2022-02-22,0
2020-05-22,20,909,2022-02-22,0
2020-05-23,26,935,2022-02-22,0
2020-05-24,25,960,2022-02-22,0
2020-05-25,30,990,2022-02-22,0
2020-05-26,29,1019,2022-02-22,0
2020-05-27,25,1044,2022-02-22,0
2020-05-28,21,1065,2022-02-22,0
2020-05-29,17,1082,2022-02-22,0
2020-05-30,11,1093,2022-02-22,0
2020-05-31,20,1113,2022-02-22,0
2020-06-01,23,1136,2022-02-22,0
2020-06-02,21,1157,2022-02-22,0
2020-06-03,25,1182,2022-02-22,0
2020-06-04,26,1208,2022-02-22,0
2020-06-05,18,1226,2022-02-22,0
2020-06-06,12,1238,2022-02-22,0
2020-06-07,22,1260,2022-02-22,0
2020-06-08,12,1272,2022-02-22,0
2020-06-09,13,1285,2022-02-22,0
2020-06-10,10,1295,2022-02-22,0
2020-06-11,12,1307,2022-02-22,0
2020-06-12,11,1318,2022-02-22,0
2020-06-13,13,1331,2022-02-22,0
2020-06-14,11,1342,2022-02-22,0
2020-06-15,8,1350,2022-02-22,0
2020-06-16,9,1359,2022-02-22,0
2020-06-17,17,1376,2022-02-22,0
2020-06-18,9,1385,2022-02-22,0
2020-06-19,8,1393,2022-02-22,0
2020-06-20,12,1405,2022-02-22,0
2020-06-21,11,1416,2022-02-22,0
2020-06-22,6,1422,2022-02-22,0
2020-06-23,10,1432,2022-02-22,0
2020-06-24,1,1433,2022-02-22,0
2020-06-25,9,1442,2022-02-22,0
2020-06-26,6,1448,2022-02-22,0
2020-06-27,5,1453,2022-02-22,0
2020-06-28,11,1464,2022-02-22,0
2020-06-29,7,1471,2022-02-22,0
2020-06-30,9,1480,2022-02-22,0
2020-07-01,2,1482,2022-02-22,0
2020-07-02,3,1485,2022-02-22,0
2020-07-03,5,1490,2022-02-22,0
2020-07-04,4,1494,2022-02-22,0
2020-07-05,6,1500,2022-02-22,0
2020-07-06,4,1504,2022-02-22,0
2020-07-07,2,1506,2022-02-22,0
2020-07-08,9,1515,2022-02-22,0
2020-07-09,4,1519,2022-02-22,0
2020-07-10,3,1522,2022-02-22,0
2020-07-11,4,1526,2022-02-22,0
2020-07-12,6,1532,2022-02-22,0
2020-07-13,2,1534,2022-02-22,0
2020-07-14,6,1540,2022-02-22,0
2020-07-15,7,1547,2022-02-22,0
2020-07-16,3,1550,2022-02-22,0
2020-07-17,7,1557,2022-02-22,0
2020-07-18,6,1563,2022-02-22,0
2020-07-19,5,1568,2022-02-22,0
2020-07-20,3,1571,2022-02-22,0
2020-07-21,6,1577,2022-02-22,0
2020-07-22,5,1582,2022-02-22,0
2020-07-23,8,1590,2022-02-22,0
2020-07-24,6,1596,2022-02-22,0
2020-07-25,2,1598,2022-02-22,0
2020-07-26,5,1603,2022-02-22,0
2020-07-27,5,1608,2022-02-22,0
2020-07-28,7,1615,2022-02-22,0
2020-07-29,3,1618,2022-02-22,0
2020-07-30,6,1624,2022-02-22,0
2020-07-31,9,1633,2022-02-22,0
2020-08-01,4,1637,2022-02-22,0
2020-08-02,7,1644,2022-02-22,0
2020-08-03,4,1648,2022-02-22,0
2020-08-04,7,1655,2022-02-22,0
2020-08-05,8,1663,2022-02-22,0
2020-08-06,9,1672,2022-02-22,0
2020-08-07,7,1679,2022-02-22,0
2020-08-08,6,1685,2022-02-22,0
2020-08-09,10,1695,2022-02-22,0
2020-08-10,3,1698,2022-02-22,0
2020-08-11,9,1707,2022-02-22,0
2020-08-12,7,1714,2022-02-22,0
2020-08-13,5,1719,2022-02-22,0
2020-08-14,9,1728,2022-02-22,0
2020-08-15,13,1741,2022-02-22,0
2020-08-16,13,1754,2022-02-22,0
2020-08-17,6,1760,2022-02-22,0
2020-08-18,11,1771,2022-02-22,0
2020-08-19,3,1774,2022-02-22,0
2020-08-20,10,1784,2022-02-22,0
2020-08-21,12,1796,2022-02-22,0
2020-08-22,9,1805,2022-02-22,0
2020-08-23,7,1812,2022-02-22,0
2020-08-24,9,1821,2022-02-22,0
2020-08-25,4,1825,2022-02-22,0
2020-08-26,3,1828,2022-02-22,0
2020-08-27,7,1835,2022-02-22,0
2020-08-28,6,1841,2022-02-22,0
2020-08-29,3,1844,2022-02-22,0
2020-08-30,5,1849,2022-02-22,0
2020-08-31,9,1858,2022-02-22,0
2020-09-01,2,1860,2022-02-22,0
2020-09-02,7,1867,2022-02-22,0
2020-09-03,12,1879,2022-02-22,0
2020-09-04,4,1883,2022-02-22,0
2020-09-05,6,1889,2022-02-22,0
2020-09-06,12,1901,2022-02-22,0
2020-09-07,3,1904,2022-02-22,0
2020-09-08,6,1910,2022-02-22,0
2020-09-09,10,1920,2022-02-22,0
2020-09-10,9,1929,2022-02-22,0
2020-09-11,11,1940,2022-02-22,0
2020-09-12,8,1948,2022-02-22,0
2020-09-13,8,1956,2022-02-22,0
2020-09-14,2,1958,2022-02-22,0
2020-09-15,7,1965,2022-02-22,0
2020-09-16,9,1974,2022-02-22,0
2020-09-17,5,1979,2022-02-22,0
2020-09-18,6,1985,2022-02-22,0
2020-09-19,4,1989,2022-02-22,0
2020-09-20,9,1998,2022-02-22,0
2020-09-21,7,2005,2022-02-22,0
2020-09-22,8,2013,2022-02-22,0
2020-09-23,9,2022,2022-02-22,0
2020-09-24,8,2030,2022-02-22,0
2020-09-25,11,2041,2022-02-22,0
2020-09-26,9,2050,2022-02-22,0
2020-09-27,14,2064,2022-02-22,0
2020-09-28,11,2075,2022-02-22,0
2020-09-29,5,2080,2022-02-22,0
2020-09-30,16,2096,2022-02-22,0
2020-10-01,7,2103,2022-02-22,0
2020-10-02,13,2116,2022-02-22,0
2020-10-03,9,2125,2022-02-22,0
2020-10-04,7,2132,2022-02-22,0
2020-10-05,10,2142,2022-02-22,0
2020-10-06,13,2155,2022-02-22,0
2020-10-07,19,2174,2022-02-22,0
2020-10-08,9,2183,2022-02-22,0
2020-10-09,17,2200,2022-02-22,0
2020-10-10,16,2216,2022-02-22,0
2020-10-11,16,2232,2022-02-22,0
2020-10-12,20,2252,2022-02-22,0
2020-10-13,14,2266,2022-02-22,0
2020-10-14,10,2276,2022-02-22,0
2020-10-15,9,2285,2022-02-22,0
2020-10-16,12,2297,2022-02-22,0
2020-10-17,18,2315,2022-02-22,0
2020-10-18,25,2340,2022-02-22,0
2020-10-19,18,2358,2022-02-22,0
2020-10-20,15,2373,2022-02-22,0
2020-10-21,24,2397,2022-02-22,0
2020-10-22,18,2415,2022-02-22,0
2020-10-23,19,2434,2022-02-22,0
2020-10-24,8,2442,2022-02-22,0
2020-10-25,17,2459,2022-02-22,0
2020-10-26,25,2484,2022-02-22,0
2020-10-27,23,2507,2022-02-22,0
2020-10-28,29,2536,2022-02-22,0
2020-10-29,18,2554,2022-02-22,0
2020-10-30,27,2581,2022-02-22,0
2020-10-31,25,2606,2022-02-22,0
2020-11-01,21,2627,2022-02-22,0
2020-11-02,25,2652,2022-02-22,0
2020-11-03,25,2677,2022-02-22,0
2020-11-04,33,2710,2022-02-22,0
2020-11-05,38,2748,2022-02-22,0
2020-11-06,39,2787,2022-02-22,0
2020-11-07,42,2829,2022-02-22,0
2020-11-08,47,2876,2022-02-22,0
2020-11-09,37,2913,2022-02-22,0
2020-11-10,35,2948,2022-02-22,0
2020-11-11,43,2991,2022-02-22,0
2020-11-12,45,3036,2022-02-22,0
2020-11-13,40,3076,2022-02-22,0
2020-11-14,48,3124,2022-02-22,0
2020-11-15,46,3170,2022-02-22,0
2020-11-16,62,3232,2022-02-22,0
2020-11-17,56,3288,2022-02-22,0
2020-11-18,61,3349,2022-02-22,0
2020-11-19,60,3409,2022-02-22,0
2020-11-20,63,3472,2022-02-22,0
2020-11-21,58,3530,2022-02-22,0
2020-11-22,67,3597,2022-02-22,0
2020-11-23,59,3656,2022-02-22,0
2020-11-24,69,3725,2022-02-22,0
2020-11-25,72,3797,2022-02-22,0
2020-11-26,54,3851,2022-02-22,0
2020-11-27,69,3920,2022-02-22,0
2020-11-28,62,3982,2022-02-22,0
2020-11-29,68,4050,2022-02-22,0
2020-11-30,62,4112,2022-02-22,0
2020-12-01,64,4176,2022-02-22,0
2020-12-02,73,4249,2022-02-22,0
2020-12-03,86,4335,2022-02-22,0
2020-12-04,67,4402,2022-02-22,0
2020-12-05,74,4476,2022-02-22,0
2020-12-06,80,4556,2022-02-22,0
2020-12-07,75,4631,2022-02-22,0
2020-12-08,61,4692,2022-02-22,0
2020-12-09,71,4763,2022-02-22,0
2020-12-10,72,4835,2022-02-22,0
2020-12-11,71,4906,2022-02-22,0
2020-12-12,72,4978,2022-02-22,0
2020-12-13,56,5034,2022-02-22,0
2020-12-14,43,5077,2022-02-22,0
2020-12-15,65,5142,2022-02-22,0
2020-12-16,74,5216,2022-02-22,0
2020-12-17,60,5276,2022-02-22,0
2020-12-18,59,5335,2022-02-22,0
2020-12-19,56,5391,2022-02-22,0
2020-12-20,61,5452,2022-02-22,0
2020-12-21,58,5510,2022-02-22,0
2020-12-22,33,5543,2022-02-22,0
2020-12-23,46,5589,2022-02-22,0
2020-12-24,51,5640,2022-02-22,0
2020-12-25,36,5676,2022-02-22,0
2020-12-26,43,5719,2022-02-22,0
2020-12-27,41,5760,2022-02-22,0
2020-12-28,34,5794,2022-02-22,0
2020-12-29,37,5831,2022-02-22,0
2020-12-30,47,5878,2022-02-22,0
2020-12-31,36,5914,2022-02-22,0
2021-01-01,28,5942,2022-02-22,0
2021-01-02,49,5991,2022-02-22,0
2021-01-03,37,6028,2022-02-22,0
2021-01-04,32,6060,2022-02-22,0
2021-01-05,40,6100,2022-02-22,0
2021-01-06,32,6132,2022-02-22,0
2021-01-07,38,6170,2022-02-22,0
2021-01-08,32,6202,2022-02-22,0
2021-01-09,26,6228,2022-02-22,0
2021-01-10,30,6258,2022-02-22,0
2021-01-11,27,6285,2022-02-22,0
2021-01-12,32,6317,2022-02-22,0
2021-01-13,23,6340,2022-02-22,0
2021-01-14,42,6382,2022-02-22,0
2021-01-15,26,6408,2022-02-22,0
2021-01-16,30,6438,2022-02-22,0
2021-01-17,21,6459,2022-02-22,0
2021-01-18,19,6478,2022-02-22,0
2021-01-19,14,6492,2022-02-22,0
2021-01-20,26,6518,2022-02-22,0
2021-01-21,16,6534,2022-02-22,0
2021-01-22,14,6548,2022-02-22,0
2021-01-23,17,6565,2022-02-22,0
2021-01-24,24,6589,2022-02-22,0
2021-01-25,19,6608,2022-02-22,0
2021-01-26,21,6629,2022-02-22,0
2021-01-27,11,6640,2022-02-22,0
2021-01-28,12,6652,2022-02-22,0
2021-01-29,15,6667,2022-02-22,0
2021-01-30,13,6680,2022-02-22,0
2021-01-31,16,6696,2022-02-22,0
2021-02-01,17,6713,2022-02-22,0
2021-02-02,10,6723,2022-02-22,0
2021-02-03,11,6734,2022-02-22,0
2021-02-04,11,6745,2022-02-22,0
2021-02-05,13,6758,2022-02-22,0
2021-02-06,12,6770,2022-02-22,0
2021-02-07,19,6789,2022-02-22,0
2021-02-08,11,6800,2022-02-22,0
2021-02-09,15,6815,2022-02-22,0
2021-02-10,14,6829,2022-02-22,0
2021-02-11,7,6836,2022-02-22,0
2021-02-12,13,6849,2022-02-22,0
2021-02-13,8,6857,2022-02-22,0
2021-02-14,10,6867,2022-02-22,0
2021-02-15,9,6876,2022-02-22,0
2021-02-16,12,6888,2022-02-22,0
2021-02-17,10,6898,2022-02-22,0
2021-02-18,7,6905,2022-02-22,0
2021-02-19,6,6911,2022-02-22,0
2021-02-20,7,6918,2022-02-22,0
2021-02-21,4,6922,2022-02-22,0
2021-02-22,5,6927,2022-02-22,0
2021-02-23,9,6936,2022-02-22,0
2021-02-24,5,6941,2022-02-22,0
2021-02-25,5,6946,2022-02-22,0
2021-02-26,7,6953,2022-02-22,0
2021-02-27,6,6959,2022-02-22,0
2021-02-28,8,6967,2022-02-22,0
2021-03-01,7,6974,2022-02-22,0
2021-03-02,3,6977,2022-02-22,0
2021-03-03,10,6987,2022-02-22,0
2021-03-04,6,6993,2022-02-22,0
2021-03-05,10,7003,2022-02-22,0
2021-03-06,5,7008,2022-02-22,0
2021-03-07,9,7017,2022-02-22,0
2021-03-08,5,7022,2022-02-22,0
2021-03-09,7,7029,2022-02-22,0
2021-03-10,5,7034,2022-02-22,0
2021-03-11,4,7038,2022-02-22,0
2021-03-12,11,7049,2022-02-22,0
2021-03-13,5,7054,2022-02-22,0
2021-03-14,5,7059,2022-02-22,0
2021-03-15,2,7061,2022-02-22,0
2021-03-16,6,7067,2022-02-22,0
2021-03-17,4,7071,2022-02-22,0
2021-03-18,5,7076,2022-02-22,0
2021-03-19,5,7081,2022-02-22,0
2021-03-20,9,7090,2022-02-22,0
2021-03-21,5,7095,2022-02-22,0
2021-03-22,4,7099,2022-02-22,0
2021-03-23,5,7104,2022-02-22,0
2021-03-24,1,7105,2022-02-22,0
2021-03-25,5,7110,2022-02-22,0
2021-03-26,3,7113,2022-02-22,0
2021-03-27,7,7120,2022-02-22,0
2021-03-28,6,7126,2022-02-22,0
2021-03-29,5,7131,2022-02-22,0
2021-03-30,6,7137,2022-02-22,0
2021-03-31,8,7145,2022-02-22,0
2021-04-01,6,7151,2022-02-22,0
2021-04-02,9,7160,2022-02-22,0
2021-04-03,8,7168,2022-02-22,0
2021-04-04,6,7174,2022-02-22,0
2021-04-05,8,7182,2022-02-22,0
2021-04-06,7,7189,2022-02-22,0
2021-04-07,6,7195,2022-02-22,0
2021-04-08,10,7205,2022-02-22,0
2021-04-09,7,7212,2022-02-22,0
2021-04-10,7,7219,2022-02-22,0
2021-04-11,8,7227,2022-02-22,0
2021-04-12,10,7237,2022-02-22,0
2021-04-13,7,7244,2022-02-22,0
2021-04-14,8,7252,2022-02-22,0
2021-04-15,14,7266,2022-02-22,0
2021-04-16,8,7274,2022-02-22,0
2021-04-17,8,7282,2022-02-22,0
2021-04-18,8,7290,2022-02-22,0
2021-04-19,10,7300,2022-02-22,0
2021-04-20,5,7305,2022-02-22,0
2021-04-21,8,7313,2022-02-22,0
2021-04-22,3,7316,2022-02-22,0
2021-04-23,15,7331,2022-02-22,0
2021-04-24,11,7342,2022-02-22,0
2021-04-25,15,7357,2022-02-22,0
2021-04-26,15,7372,2022-02-22,0
2021-04-27,7,7379,2022-02-22,0
2021-04-28,14,7393,2022-02-22,0
2021-04-29,8,7401,2022-02-22,0
2021-04-30,11,7412,2022-02-22,0
2021-05-01,7,7419,2022-02-22,0
2021-05-02,8,7427,2022-02-22,0
2021-05-03,5,7432,2022-02-22,0
2021-05-04,13,7445,2022-02-22,0
2021-05-05,8,7453,2022-02-22,0
2021-05-06,5,7458,2022-02-22,0
2021-05-07,8,7466,2022-02-22,0
2021-05-08,7,7473,2022-02-22,0
2021-05-09,9,7482,2022-02-22,0
2021-05-10,8,7490,2022-02-22,0
2021-05-11,6,7496,2022-02-22,0
2021-05-12,9,7505,2022-02-22,0
2021-05-13,9,7514,2022-02-22,0
2021-05-14,11,7525,2022-02-22,0
2021-05-15,10,7535,2022-02-22,0
2021-05-16,6,7541,2022-02-22,0
2021-05-17,6,7547,2022-02-22,0
2021-05-18,7,7554,2022-02-22,0
2021-05-19,2,7556,2022-02-22,0
2021-05-20,5,7561,2022-02-22,0
2021-05-21,7,7568,2022-02-22,0
2021-05-22,12,7580,2022-02-22,0
2021-05-23,5,7585,2022-02-22,0
2021-05-24,5,7590,2022-02-22,0
2021-05-25,6,7596,2022-02-22,0
2021-05-26,3,7599,2022-02-22,0
2021-05-27,7,7606,2022-02-22,0
2021-05-28,2,7608,2022-02-22,0
2021-05-29,6,7614,2022-02-22,0
2021-05-30,4,7618,2022-02-22,0
2021-05-31,3,7621,2022-02-22,0
2021-06-01,5,7626,2022-02-22,0
2021-06-02,8,7634,2022-02-22,0
2021-06-03,4,7638,2022-02-22,0
2021-06-04,4,7642,2022-02-22,0
2021-06-05,2,7644,2022-02-22,0
2021-06-06,5,7649,2022-02-22,0
2021-06-07,3,7652,2022-02-22,0
2021-06-08,5,7657,2022-02-22,0
2021-06-09,4,7661,2022-02-22,0
2021-06-10,6,7667,2022-02-22,0
2021-06-11,6,7673,2022-02-22,0
2021-06-12,4,7677,2022-02-22,0
2021-06-13,4,7681,2022-02-22,0
2021-06-14,3,7684,2022-02-22,0
2021-06-15,2,7686,2022-02-22,0
2021-06-16,2,7688,2022-02-22,0
2021-06-17,4,7692,2022-02-22,0
2021-06-18,2,7694,2022-02-22,0
2021-06-19,6,7700,2022-02-22,0
2021-06-20,1,7701,2022-02-22,0
2021-06-21,5,7706,2022-02-22,0
2021-06-22,3,7709,2022-02-22,0
2021-06-23,4,7713,2022-02-22,0
2021-06-24,3,7716,2022-02-22,0
2021-06-25,3,7719,2022-02-22,0
2021-06-26,4,7723,2022-02-22,0
2021-06-27,2,7725,2022-02-22,0
2021-06-28,2,7727,2022-02-22,0
2021-06-29,2,7729,2022-02-22,0
2021-06-30,2,7731,2022-02-22,0
2021-07-01,0,7731,2022-02-22,0
2021-07-02,2,7733,2022-02-22,0
2021-07-03,2,7735,2022-02-22,0
2021-07-04,3,7738,2022-02-22,0
2021-07-05,1,7739,2022-02-22,0
2021-07-06,5,7744,2022-02-22,0
2021-07-07,1,7745,2022-02-22,0
2021-07-08,1,7746,2022-02-22,0
2021-07-09,0,7746,2022-02-22,0
2021-07-10,1,7747,2022-02-22,0
2021-07-11,3,7750,2022-02-22,0
2021-07-12,1,7751,2022-02-22,0
2021-07-13,2,7753,2022-02-22,0
2021-07-14,2,7755,2022-02-22,0
2021-07-15,2,7757,2022-02-22,0
2021-07-16,1,7758,2022-02-22,0
2021-07-17,1,7759,2022-02-22,0
2021-07-18,0,7759,2022-02-22,0
2021-07-19,0,7759,2022-02-22,0
2021-07-20,2,7761,2022-02-22,0
2021-07-21,3,7764,2022-02-22,0
2021-07-22,2,7766,2022-02-22,0
2021-07-23,3,7769,2022-02-22,0
2021-07-24,0,7769,2022-02-22,0
2021-07-25,2,7771,2022-02-22,0
2021-07-26,1,7772,2022-02-22,0
2021-07-27,2,7774,2022-02-22,0
2021-07-28,3,7777,2022-02-22,0
2021-07-29,2,7779,2022-02-22,0
2021-07-30,5,7784,2022-02-22,0
2021-07-31,4,7788,2022-02-22,0
2021-08-01,1,7789,2022-02-22,0
2021-08-02,3,7792,2022-02-22,0
2021-08-03,2,7794,2022-02-22,0
2021-08-04,3,7797,2022-02-22,0
2021-08-05,2,7799,2022-02-22,0
2021-08-06,8,7807,2022-02-22,0
2021-08-07,3,7810,2022-02-22,0
2021-08-08,3,7813,2022-02-22,0
2021-08-09,3,7816,2022-02-22,0
2021-08-10,2,7818,2022-02-22,0
2021-08-11,2,7820,2022-02-22,0
2021-08-12,7,7827,2022-02-22,0
2021-08-13,5,7832,2022-02-22,0
2021-08-14,6,7838,2022-02-22,0
2021-08-15,0,7838,2022-02-22,0
2021-08-16,7,7845,2022-02-22,0
2021-08-17,7,7852,2022-02-22,0
2021-08-18,9,7861,2022-02-22,0
2021-08-19,2,7863,2022-02-22,0
2021-08-20,3,7866,2022-02-22,0
2021-08-21,5,7871,2022-02-22,0
2021-08-22,7,7878,2022-02-22,0
2021-08-23,5,7883,2022-02-22,0
2021-08-24,12,7895,2022-02-22,0
2021-08-25,7,7902,2022-02-22,0
2021-08-26,2,7904,2022-02-22,0
2021-08-27,6,7910,2022-02-22,0
2021-08-28,11,7921,2022-02-22,0
2021-08-29,11,7932,2022-02-22,0
2021-08-30,8,7940,2022-02-22,0
2021-08-31,8,7948,2022-02-22,0
2021-09-01,6,7954,2022-02-22,0
2021-09-02,6,7960,2022-02-22,0
2021-09-03,9,7969,2022-02-22,0
2021-09-04,9,7978,2022-02-22,0
2021-09-05,10,7988,2022-02-22,0
2021-09-06,8,7996,2022-02-22,0
2021-09-07,7,8003,2022-02-22,0
2021-09-08,11,8014,2022-02-22,0
2021-09-09,5,8019,2022-02-22,0
2021-09-10,9,8028,2022-02-22,0
2021-09-11,17,8045,2022-02-22,0
2021-09-12,10,8055,2022-02-22,0
2021-09-13,8,8063,2022-02-22,0
2021-09-14,11,8074,2022-02-22,0
2021-09-15,14,8088,2022-02-22,0
2021-09-16,16,8104,2022-02-22,0
2021-09-17,8,8112,2022-02-22,0
2021-09-18,15,8127,2022-02-22,0
2021-09-19,11,8138,2022-02-22,0
2021-09-20,16,8154,2022-02-22,0
2021-09-21,16,8170,2022-02-22,1
2021-09-22,17,8187,2022-02-22,0
2021-09-23,13,8200,2022-02-22,0
2021-09-24,13,8213,2022-02-22,0
2021-09-25,16,8229,2022-02-22,0
2021-09-26,15,8244,2022-02-22,0
2021-09-27,15,8259,2022-02-22,0
2021-09-28,11,8270,2022-02-22,0
2021-09-29,21,8291,2022-02-22,0
2021-09-30,17,8308,2022-02-22,0
2021-10-01,13,8321,2022-02-22,0
2021-10-02,15,8336,2022-02-22,0
2021-10-03,23,8359,2022-02-22,0
2021-10-04,15,8374,2022-02-22,0
2021-10-05,23,8397,2022-02-22,0
2021-10-06,21,8418,2022-02-22,0
2021-10-07,14,8432,2022-02-22,0
2021-10-08,22,8454,2022-02-22,0
2021-10-09,20,8474,2022-02-22,0
2021-10-10,14,8488,2022-02-22,0
2021-10-11,11,8499,2022-02-22,0
2021-10-12,25,8524,2022-02-22,0
2021-10-13,21,8545,2022-02-22,0
2021-10-14,22,8567,2022-02-22,0
2021-10-15,14,8581,2022-02-22,0
2021-10-16,20,8601,2022-02-22,0
2021-10-17,18,8619,2022-02-22,0
2021-10-18,17,8636,2022-02-22,0
2021-10-19,26,8662,2022-02-22,0
2021-10-20,16,8678,2022-02-22,0
2021-10-21,9,8687,2022-02-22,0
2021-10-22,23,8710,2022-02-22,0
2021-10-23,24,8734,2022-02-22,0
2021-10-24,25,8759,2022-02-22,0
2021-10-25,20,8779,2022-02-22,0
2021-10-26,22,8801,2022-02-22,0
2021-10-27,16,8817,2022-02-22,0
2021-10-28,24,8841,2022-02-22,0
2021-10-29,20,8861,2022-02-22,0
2021-10-30,20,8881,2022-02-22,0
2021-10-31,27,8908,2022-02-22,0
2021-11-01,18,8926,2022-02-22,0
2021-11-02,18,8944,2022-02-22,0
2021-11-03,27,8971,2022-02-22,0
2021-11-04,27,8998,2022-02-22,0
2021-11-05,29,9027,2022-02-22,0
2021-11-06,16,9043,2022-02-22,0
2021-11-07,24,9067,2022-02-22,0
2021-11-08,28,9095,2022-02-22,0
2021-11-09,17,9112,2022-02-22,0
2021-11-10,18,9130,2022-02-22,0
2021-11-11,28,9158,2022-02-22,0
2021-11-12,29,9187,2022-02-22,0
2021-11-13,31,9218,2022-02-22,0
2021-11-14,24,9242,2022-02-22,0
2021-11-15,28,9270,2022-02-22,0
2021-11-16,25,9295,2022-02-22,0
2021-11-17,37,9332,2022-02-22,0
2021-11-18,38,9370,2022-02-22,0
2021-11-19,34,9404,2022-02-22,0
2021-11-20,30,9434,2022-02-22,0
2021-11-21,32,9466,2022-02-22,0
2021-11-22,30,9496,2022-02-22,0
2021-11-23,32,9528,2022-02-22,0
2021-11-24,25,9553,2022-02-22,0
2021-11-25,35,9588,2022-02-22,0
2021-11-26,51,9639,2022-02-22,0
2021-11-27,36,9675,2022-02-22,0
2021-11-28,39,9714,2022-02-22,0
2021-11-29,29,9743,2022-02-22,0
2021-11-30,30,9773,2022-02-22,0
2021-12-01,47,9820,2022-02-22,0
2021-12-02,40,9860,2022-02-22,0
2021-12-03,31,9891,2022-02-22,0
2021-12-04,42,9933,2022-02-22,0
2021-12-05,36,9969,2022-02-22,0
2021-12-06,35,10004,2022-02-22,0
2021-12-07,36,10040,2022-02-22,0
2021-12-08,38,10078,2022-02-22,0
2021-12-09,47,10125,2022-02-22,0
2021-12-10,34,10159,2022-02-22,0
2021-12-11,27,10186,2022-02-22,0
2021-12-12,36,10222,2022-02-22,0
2021-12-13,34,10256,2022-02-22,0
2021-12-14,35,10291,2022-02-22,0
2021-12-15,41,10332,2022-02-22,0
2021-12-16,32,10364,2022-02-22,0
2021-12-17,41,10405,2022-02-22,0
2021-12-18,32,10437,2022-02-22,0
2021-12-19,30,10467,2022-02-22,0
2021-12-20,33,10500,2022-02-22,0
2021-12-21,28,10528,2022-02-22,0
2021-12-22,29,10557,2022-02-22,0
2021-12-23,27,10584,2022-02-22,0
2021-12-24,30,10614,2022-02-22,1
2021-12-25,28,10642,2022-02-22,0
2021-12-26,42,10684,2022-02-22,0
2021-12-27,31,10715,2022-02-22,0
2021-12-28,34,10749,2022-02-22,0
2021-12-29,29,10778,2022-02-22,0
2021-12-30,19,10797,2022-02-22,0
2021-12-31,39,10836,2022-02-22,0
2022-01-01,27,10863,2022-02-22,0
2022-01-02,22,10885,2022-02-22,0
2022-01-03,23,10908,2022-02-22,0
2022-01-04,30,10938,2022-02-22,0
2022-01-05,31,10969,2022-02-22,0
2022-01-06,32,11001,2022-02-22,0
2022-01-07,27,11028,2022-02-22,0
2022-01-08,40,11068,2022-02-22,0
2022-01-09,18,11086,2022-02-22,0
2022-01-10,31,11117,2022-02-22,0
2022-01-11,18,11135,2022-02-22,0
2022-01-12,19,11154,2022-02-22,0
2022-01-13,27,11181,2022-02-22,0
2022-01-14,33,11214,2022-02-22,0
2022-01-15,26,11240,2022-02-22,0
2022-01-16,33,11273,2022-02-22,0
2022-01-17,36,11309,2022-02-22,1
2022-01-18,24,11333,2022-02-22,0
2022-01-19,29,11362,2022-02-22,0
2022-01-20,30,11392,2022-02-22,0
2022-01-21,27,11419,2022-02-22,0
2022-01-22,24,11443,2022-02-22,0
2022-01-23,22,11465,2022-02-22,0
2022-01-24,33,11498,2022-02-22,1
2022-01-25,33,11531,2022-02-22,0
2022-01-26,34,11565,2022-02-22,0
2022-01-27,35,11600,2022-02-22,0
2022-01-28,30,11630,2022-02-22,0
2022-01-29,28,11658,2022-02-22,0
2022-01-30,27,11685,2022-02-22,0
2022-01-31,17,11702,2022-02-22,3
2022-02-01,24,11726,2022-02-22,0
2022-02-02,22,11748,2022-02-22,0
2022-02-03,28,11776,2022-02-22,0
2022-02-04,19,11795,2022-02-22,1
2022-02-05,26,11821,2022-02-22,0
2022-02-06,25,11846,2022-02-22,0
2022-02-07,15,11861,2022-02-22,1
2022-02-08,24,11885,2022-02-22,0
2022-02-09,22,11907,2022-02-22,1
2022-02-10,20,11927,2022-02-22,1
2022-02-11,16,11943,2022-02-22,1
2022-02-12,11,11954,2022-02-22,0
2022-02-13,14,11968,2022-02-22,2
2022-02-14,10,11978,2022-02-22,6
2022-02-15,11,11989,2022-02-22,8
2022-02-16,3,11992,2022-02-22,3
2022-02-17,1,11993,2022-02-22,1
NA,0,11993,2022-02-22,0
2020-03-19,1,1,2022-02-23,0
2020-03-20,0,1,2022-02-23,0
2020-03-21,0,1,2022-02-23,0
2020-03-22,0,1,2022-02-23,0
2020-03-23,0,1,2022-02-23,0
2020-03-24,1,2,2022-02-23,0
2020-03-25,1,3,2022-02-23,0
2020-03-26,1,4,2022-02-23,0
2020-03-27,5,9,2022-02-23,0
2020-03-28,3,12,2022-02-23,0
2020-03-29,0,12,2022-02-23,0
2020-03-30,5,17,2022-02-23,0
2020-03-31,2,19,2022-02-23,0
2020-04-01,5,24,2022-02-23,0
2020-04-02,3,27,2022-02-23,0
2020-04-03,1,28,2022-02-23,0
2020-04-04,5,33,2022-02-23,0
2020-04-05,5,38,2022-02-23,0
2020-04-06,10,48,2022-02-23,0
2020-04-07,6,54,2022-02-23,0
2020-04-08,7,61,2022-02-23,0
2020-04-09,8,69,2022-02-23,0
2020-04-10,6,75,2022-02-23,0
2020-04-11,4,79,2022-02-23,0
2020-04-12,4,83,2022-02-23,0
2020-04-13,10,93,2022-02-23,0
2020-04-14,6,99,2022-02-23,0
2020-04-15,17,116,2022-02-23,0
2020-04-16,10,126,2022-02-23,0
2020-04-17,17,143,2022-02-23,0
2020-04-18,17,160,2022-02-23,0
2020-04-19,16,176,2022-02-23,0
2020-04-20,21,197,2022-02-23,0
2020-04-21,26,223,2022-02-23,0
2020-04-22,21,244,2022-02-23,0
2020-04-23,19,263,2022-02-23,0
2020-04-24,23,286,2022-02-23,0
2020-04-25,18,304,2022-02-23,0
2020-04-26,17,321,2022-02-23,0
2020-04-27,21,342,2022-02-23,0
2020-04-28,16,358,2022-02-23,0
2020-04-29,29,387,2022-02-23,0
2020-04-30,18,405,2022-02-23,0
2020-05-01,30,435,2022-02-23,0
2020-05-02,19,454,2022-02-23,0
2020-05-03,29,483,2022-02-23,0
2020-05-04,23,506,2022-02-23,0
2020-05-05,19,525,2022-02-23,0
2020-05-06,25,550,2022-02-23,0
2020-05-07,30,580,2022-02-23,0
2020-05-08,20,600,2022-02-23,0
2020-05-09,26,626,2022-02-23,0
2020-05-10,19,645,2022-02-23,0
2020-05-11,25,670,2022-02-23,0
2020-05-12,20,690,2022-02-23,0
2020-05-13,22,712,2022-02-23,0
2020-05-14,20,732,2022-02-23,0
2020-05-15,20,752,2022-02-23,0
2020-05-16,20,772,2022-02-23,0
2020-05-17,23,795,2022-02-23,0
2020-05-18,18,813,2022-02-23,0
2020-05-19,35,848,2022-02-23,0
2020-05-20,24,872,2022-02-23,0
2020-05-21,17,889,2022-02-23,0
2020-05-22,20,909,2022-02-23,0
2020-05-23,26,935,2022-02-23,0
2020-05-24,25,960,2022-02-23,0
2020-05-25,30,990,2022-02-23,0
2020-05-26,29,1019,2022-02-23,0
2020-05-27,25,1044,2022-02-23,0
2020-05-28,21,1065,2022-02-23,0
2020-05-29,17,1082,2022-02-23,0
2020-05-30,11,1093,2022-02-23,0
2020-05-31,20,1113,2022-02-23,0
2020-06-01,23,1136,2022-02-23,0
2020-06-02,21,1157,2022-02-23,0
2020-06-03,25,1182,2022-02-23,0
2020-06-04,26,1208,2022-02-23,0
2020-06-05,18,1226,2022-02-23,0
2020-06-06,12,1238,2022-02-23,0
2020-06-07,22,1260,2022-02-23,0
2020-06-08,12,1272,2022-02-23,0
2020-06-09,13,1285,2022-02-23,0
2020-06-10,10,1295,2022-02-23,0
2020-06-11,12,1307,2022-02-23,0
2020-06-12,11,1318,2022-02-23,0
2020-06-13,13,1331,2022-02-23,0
2020-06-14,11,1342,2022-02-23,0
2020-06-15,8,1350,2022-02-23,0
2020-06-16,9,1359,2022-02-23,0
2020-06-17,17,1376,2022-02-23,0
2020-06-18,9,1385,2022-02-23,0
2020-06-19,8,1393,2022-02-23,0
2020-06-20,12,1405,2022-02-23,0
2020-06-21,11,1416,2022-02-23,0
2020-06-22,6,1422,2022-02-23,0
2020-06-23,10,1432,2022-02-23,0
2020-06-24,1,1433,2022-02-23,0
2020-06-25,9,1442,2022-02-23,0
2020-06-26,6,1448,2022-02-23,0
2020-06-27,5,1453,2022-02-23,0
2020-06-28,11,1464,2022-02-23,0
2020-06-29,7,1471,2022-02-23,0
2020-06-30,9,1480,2022-02-23,0
2020-07-01,2,1482,2022-02-23,0
2020-07-02,3,1485,2022-02-23,0
2020-07-03,5,1490,2022-02-23,0
2020-07-04,4,1494,2022-02-23,0
2020-07-05,6,1500,2022-02-23,0
2020-07-06,4,1504,2022-02-23,0
2020-07-07,2,1506,2022-02-23,0
2020-07-08,9,1515,2022-02-23,0
2020-07-09,4,1519,2022-02-23,0
2020-07-10,3,1522,2022-02-23,0
2020-07-11,4,1526,2022-02-23,0
2020-07-12,6,1532,2022-02-23,0
2020-07-13,2,1534,2022-02-23,0
2020-07-14,6,1540,2022-02-23,0
2020-07-15,7,1547,2022-02-23,0
2020-07-16,3,1550,2022-02-23,0
2020-07-17,7,1557,2022-02-23,0
2020-07-18,6,1563,2022-02-23,0
2020-07-19,5,1568,2022-02-23,0
2020-07-20,3,1571,2022-02-23,0
2020-07-21,6,1577,2022-02-23,0
2020-07-22,5,1582,2022-02-23,0
2020-07-23,8,1590,2022-02-23,0
2020-07-24,6,1596,2022-02-23,0
2020-07-25,2,1598,2022-02-23,0
2020-07-26,5,1603,2022-02-23,0
2020-07-27,5,1608,2022-02-23,0
2020-07-28,7,1615,2022-02-23,0
2020-07-29,3,1618,2022-02-23,0
2020-07-30,6,1624,2022-02-23,0
2020-07-31,9,1633,2022-02-23,0
2020-08-01,4,1637,2022-02-23,0
2020-08-02,7,1644,2022-02-23,0
2020-08-03,4,1648,2022-02-23,0
2020-08-04,7,1655,2022-02-23,0
2020-08-05,8,1663,2022-02-23,0
2020-08-06,9,1672,2022-02-23,0
2020-08-07,7,1679,2022-02-23,0
2020-08-08,6,1685,2022-02-23,0
2020-08-09,10,1695,2022-02-23,0
2020-08-10,3,1698,2022-02-23,0
2020-08-11,9,1707,2022-02-23,0
2020-08-12,7,1714,2022-02-23,0
2020-08-13,5,1719,2022-02-23,0
2020-08-14,9,1728,2022-02-23,0
2020-08-15,13,1741,2022-02-23,0
2020-08-16,13,1754,2022-02-23,0
2020-08-17,6,1760,2022-02-23,0
2020-08-18,11,1771,2022-02-23,0
2020-08-19,3,1774,2022-02-23,0
2020-08-20,10,1784,2022-02-23,0
2020-08-21,12,1796,2022-02-23,0
2020-08-22,9,1805,2022-02-23,0
2020-08-23,7,1812,2022-02-23,0
2020-08-24,9,1821,2022-02-23,0
2020-08-25,4,1825,2022-02-23,0
2020-08-26,3,1828,2022-02-23,0
2020-08-27,7,1835,2022-02-23,0
2020-08-28,6,1841,2022-02-23,0
2020-08-29,3,1844,2022-02-23,0
2020-08-30,5,1849,2022-02-23,0
2020-08-31,9,1858,2022-02-23,0
2020-09-01,2,1860,2022-02-23,0
2020-09-02,7,1867,2022-02-23,0
2020-09-03,12,1879,2022-02-23,0
2020-09-04,4,1883,2022-02-23,0
2020-09-05,6,1889,2022-02-23,0
2020-09-06,12,1901,2022-02-23,0
2020-09-07,3,1904,2022-02-23,0
2020-09-08,6,1910,2022-02-23,0
2020-09-09,10,1920,2022-02-23,0
2020-09-10,9,1929,2022-02-23,0
2020-09-11,11,1940,2022-02-23,0
2020-09-12,8,1948,2022-02-23,0
2020-09-13,8,1956,2022-02-23,0
2020-09-14,2,1958,2022-02-23,0
2020-09-15,7,1965,2022-02-23,0
2020-09-16,9,1974,2022-02-23,0
2020-09-17,5,1979,2022-02-23,0
2020-09-18,6,1985,2022-02-23,0
2020-09-19,4,1989,2022-02-23,0
2020-09-20,9,1998,2022-02-23,0
2020-09-21,7,2005,2022-02-23,0
2020-09-22,8,2013,2022-02-23,0
2020-09-23,9,2022,2022-02-23,0
2020-09-24,8,2030,2022-02-23,0
2020-09-25,11,2041,2022-02-23,0
2020-09-26,9,2050,2022-02-23,0
2020-09-27,14,2064,2022-02-23,0
2020-09-28,11,2075,2022-02-23,0
2020-09-29,5,2080,2022-02-23,0
2020-09-30,16,2096,2022-02-23,0
2020-10-01,7,2103,2022-02-23,0
2020-10-02,13,2116,2022-02-23,0
2020-10-03,9,2125,2022-02-23,0
2020-10-04,7,2132,2022-02-23,0
2020-10-05,10,2142,2022-02-23,0
2020-10-06,13,2155,2022-02-23,0
2020-10-07,19,2174,2022-02-23,0
2020-10-08,9,2183,2022-02-23,0
2020-10-09,17,2200,2022-02-23,0
2020-10-10,16,2216,2022-02-23,0
2020-10-11,16,2232,2022-02-23,0
2020-10-12,20,2252,2022-02-23,0
2020-10-13,14,2266,2022-02-23,0
2020-10-14,10,2276,2022-02-23,0
2020-10-15,9,2285,2022-02-23,0
2020-10-16,12,2297,2022-02-23,0
2020-10-17,18,2315,2022-02-23,0
2020-10-18,25,2340,2022-02-23,0
2020-10-19,18,2358,2022-02-23,0
2020-10-20,15,2373,2022-02-23,0
2020-10-21,24,2397,2022-02-23,0
2020-10-22,18,2415,2022-02-23,0
2020-10-23,19,2434,2022-02-23,0
2020-10-24,8,2442,2022-02-23,0
2020-10-25,17,2459,2022-02-23,0
2020-10-26,25,2484,2022-02-23,0
2020-10-27,23,2507,2022-02-23,0
2020-10-28,29,2536,2022-02-23,0
2020-10-29,18,2554,2022-02-23,0
2020-10-30,27,2581,2022-02-23,0
2020-10-31,25,2606,2022-02-23,0
2020-11-01,21,2627,2022-02-23,0
2020-11-02,25,2652,2022-02-23,0
2020-11-03,25,2677,2022-02-23,0
2020-11-04,33,2710,2022-02-23,0
2020-11-05,38,2748,2022-02-23,0
2020-11-06,39,2787,2022-02-23,0
2020-11-07,42,2829,2022-02-23,0
2020-11-08,47,2876,2022-02-23,0
2020-11-09,37,2913,2022-02-23,0
2020-11-10,35,2948,2022-02-23,0
2020-11-11,43,2991,2022-02-23,0
2020-11-12,45,3036,2022-02-23,0
2020-11-13,40,3076,2022-02-23,0
2020-11-14,48,3124,2022-02-23,0
2020-11-15,46,3170,2022-02-23,0
2020-11-16,62,3232,2022-02-23,0
2020-11-17,56,3288,2022-02-23,0
2020-11-18,61,3349,2022-02-23,0
2020-11-19,60,3409,2022-02-23,0
2020-11-20,63,3472,2022-02-23,0
2020-11-21,58,3530,2022-02-23,0
2020-11-22,67,3597,2022-02-23,0
2020-11-23,59,3656,2022-02-23,0
2020-11-24,69,3725,2022-02-23,0
2020-11-25,72,3797,2022-02-23,0
2020-11-26,54,3851,2022-02-23,0
2020-11-27,69,3920,2022-02-23,0
2020-11-28,62,3982,2022-02-23,0
2020-11-29,68,4050,2022-02-23,0
2020-11-30,62,4112,2022-02-23,0
2020-12-01,64,4176,2022-02-23,0
2020-12-02,73,4249,2022-02-23,0
2020-12-03,86,4335,2022-02-23,0
2020-12-04,67,4402,2022-02-23,0
2020-12-05,74,4476,2022-02-23,0
2020-12-06,80,4556,2022-02-23,0
2020-12-07,75,4631,2022-02-23,0
2020-12-08,61,4692,2022-02-23,0
2020-12-09,71,4763,2022-02-23,0
2020-12-10,72,4835,2022-02-23,0
2020-12-11,71,4906,2022-02-23,0
2020-12-12,72,4978,2022-02-23,0
2020-12-13,56,5034,2022-02-23,0
2020-12-14,43,5077,2022-02-23,0
2020-12-15,65,5142,2022-02-23,0
2020-12-16,74,5216,2022-02-23,0
2020-12-17,60,5276,2022-02-23,0
2020-12-18,59,5335,2022-02-23,0
2020-12-19,56,5391,2022-02-23,0
2020-12-20,61,5452,2022-02-23,0
2020-12-21,58,5510,2022-02-23,0
2020-12-22,33,5543,2022-02-23,0
2020-12-23,46,5589,2022-02-23,0
2020-12-24,51,5640,2022-02-23,0
2020-12-25,36,5676,2022-02-23,0
2020-12-26,43,5719,2022-02-23,0
2020-12-27,41,5760,2022-02-23,0
2020-12-28,34,5794,2022-02-23,0
2020-12-29,37,5831,2022-02-23,0
2020-12-30,47,5878,2022-02-23,0
2020-12-31,36,5914,2022-02-23,0
2021-01-01,28,5942,2022-02-23,0
2021-01-02,49,5991,2022-02-23,0
2021-01-03,37,6028,2022-02-23,0
2021-01-04,32,6060,2022-02-23,0
2021-01-05,40,6100,2022-02-23,0
2021-01-06,32,6132,2022-02-23,0
2021-01-07,38,6170,2022-02-23,0
2021-01-08,32,6202,2022-02-23,0
2021-01-09,26,6228,2022-02-23,0
2021-01-10,30,6258,2022-02-23,0
2021-01-11,27,6285,2022-02-23,0
2021-01-12,32,6317,2022-02-23,0
2021-01-13,23,6340,2022-02-23,0
2021-01-14,42,6382,2022-02-23,0
2021-01-15,26,6408,2022-02-23,0
2021-01-16,30,6438,2022-02-23,0
2021-01-17,21,6459,2022-02-23,0
2021-01-18,19,6478,2022-02-23,0
2021-01-19,14,6492,2022-02-23,0
2021-01-20,26,6518,2022-02-23,0
2021-01-21,16,6534,2022-02-23,0
2021-01-22,14,6548,2022-02-23,0
2021-01-23,17,6565,2022-02-23,0
2021-01-24,24,6589,2022-02-23,0
2021-01-25,19,6608,2022-02-23,0
2021-01-26,21,6629,2022-02-23,0
2021-01-27,11,6640,2022-02-23,0
2021-01-28,12,6652,2022-02-23,0
2021-01-29,15,6667,2022-02-23,0
2021-01-30,13,6680,2022-02-23,0
2021-01-31,16,6696,2022-02-23,0
2021-02-01,17,6713,2022-02-23,0
2021-02-02,10,6723,2022-02-23,0
2021-02-03,11,6734,2022-02-23,0
2021-02-04,11,6745,2022-02-23,0
2021-02-05,13,6758,2022-02-23,0
2021-02-06,12,6770,2022-02-23,0
2021-02-07,19,6789,2022-02-23,0
2021-02-08,11,6800,2022-02-23,0
2021-02-09,15,6815,2022-02-23,0
2021-02-10,14,6829,2022-02-23,0
2021-02-11,7,6836,2022-02-23,0
2021-02-12,13,6849,2022-02-23,0
2021-02-13,8,6857,2022-02-23,0
2021-02-14,10,6867,2022-02-23,0
2021-02-15,9,6876,2022-02-23,0
2021-02-16,12,6888,2022-02-23,0
2021-02-17,10,6898,2022-02-23,0
2021-02-18,7,6905,2022-02-23,0
2021-02-19,6,6911,2022-02-23,0
2021-02-20,7,6918,2022-02-23,0
2021-02-21,4,6922,2022-02-23,0
2021-02-22,5,6927,2022-02-23,0
2021-02-23,9,6936,2022-02-23,0
2021-02-24,5,6941,2022-02-23,0
2021-02-25,5,6946,2022-02-23,0
2021-02-26,7,6953,2022-02-23,0
2021-02-27,6,6959,2022-02-23,0
2021-02-28,8,6967,2022-02-23,0
2021-03-01,7,6974,2022-02-23,0
2021-03-02,3,6977,2022-02-23,0
2021-03-03,10,6987,2022-02-23,0
2021-03-04,6,6993,2022-02-23,0
2021-03-05,10,7003,2022-02-23,0
2021-03-06,5,7008,2022-02-23,0
2021-03-07,9,7017,2022-02-23,0
2021-03-08,5,7022,2022-02-23,0
2021-03-09,7,7029,2022-02-23,0
2021-03-10,5,7034,2022-02-23,0
2021-03-11,4,7038,2022-02-23,0
2021-03-12,11,7049,2022-02-23,0
2021-03-13,5,7054,2022-02-23,0
2021-03-14,5,7059,2022-02-23,0
2021-03-15,2,7061,2022-02-23,0
2021-03-16,6,7067,2022-02-23,0
2021-03-17,4,7071,2022-02-23,0
2021-03-18,5,7076,2022-02-23,0
2021-03-19,5,7081,2022-02-23,0
2021-03-20,9,7090,2022-02-23,0
2021-03-21,5,7095,2022-02-23,0
2021-03-22,4,7099,2022-02-23,0
2021-03-23,5,7104,2022-02-23,0
2021-03-24,1,7105,2022-02-23,0
2021-03-25,5,7110,2022-02-23,0
2021-03-26,3,7113,2022-02-23,0
2021-03-27,7,7120,2022-02-23,0
2021-03-28,6,7126,2022-02-23,0
2021-03-29,5,7131,2022-02-23,0
2021-03-30,6,7137,2022-02-23,0
2021-03-31,8,7145,2022-02-23,0
2021-04-01,6,7151,2022-02-23,0
2021-04-02,9,7160,2022-02-23,0
2021-04-03,8,7168,2022-02-23,0
2021-04-04,6,7174,2022-02-23,0
2021-04-05,8,7182,2022-02-23,0
2021-04-06,7,7189,2022-02-23,0
2021-04-07,6,7195,2022-02-23,0
2021-04-08,10,7205,2022-02-23,0
2021-04-09,7,7212,2022-02-23,0
2021-04-10,7,7219,2022-02-23,0
2021-04-11,8,7227,2022-02-23,0
2021-04-12,10,7237,2022-02-23,0
2021-04-13,7,7244,2022-02-23,0
2021-04-14,8,7252,2022-02-23,0
2021-04-15,14,7266,2022-02-23,0
2021-04-16,8,7274,2022-02-23,0
2021-04-17,8,7282,2022-02-23,0
2021-04-18,8,7290,2022-02-23,0
2021-04-19,10,7300,2022-02-23,0
2021-04-20,5,7305,2022-02-23,0
2021-04-21,8,7313,2022-02-23,0
2021-04-22,3,7316,2022-02-23,0
2021-04-23,15,7331,2022-02-23,0
2021-04-24,11,7342,2022-02-23,0
2021-04-25,15,7357,2022-02-23,0
2021-04-26,15,7372,2022-02-23,0
2021-04-27,7,7379,2022-02-23,0
2021-04-28,14,7393,2022-02-23,0
2021-04-29,8,7401,2022-02-23,0
2021-04-30,11,7412,2022-02-23,0
2021-05-01,7,7419,2022-02-23,0
2021-05-02,8,7427,2022-02-23,0
2021-05-03,5,7432,2022-02-23,0
2021-05-04,13,7445,2022-02-23,0
2021-05-05,8,7453,2022-02-23,0
2021-05-06,5,7458,2022-02-23,0
2021-05-07,8,7466,2022-02-23,0
2021-05-08,7,7473,2022-02-23,0
2021-05-09,9,7482,2022-02-23,0
2021-05-10,8,7490,2022-02-23,0
2021-05-11,6,7496,2022-02-23,0
2021-05-12,9,7505,2022-02-23,0
2021-05-13,9,7514,2022-02-23,0
2021-05-14,11,7525,2022-02-23,0
2021-05-15,10,7535,2022-02-23,0
2021-05-16,6,7541,2022-02-23,0
2021-05-17,6,7547,2022-02-23,0
2021-05-18,7,7554,2022-02-23,0
2021-05-19,2,7556,2022-02-23,0
2021-05-20,5,7561,2022-02-23,0
2021-05-21,7,7568,2022-02-23,0
2021-05-22,12,7580,2022-02-23,0
2021-05-23,5,7585,2022-02-23,0
2021-05-24,5,7590,2022-02-23,0
2021-05-25,6,7596,2022-02-23,0
2021-05-26,3,7599,2022-02-23,0
2021-05-27,7,7606,2022-02-23,0
2021-05-28,2,7608,2022-02-23,0
2021-05-29,6,7614,2022-02-23,0
2021-05-30,4,7618,2022-02-23,0
2021-05-31,3,7621,2022-02-23,0
2021-06-01,5,7626,2022-02-23,0
2021-06-02,8,7634,2022-02-23,0
2021-06-03,4,7638,2022-02-23,0
2021-06-04,4,7642,2022-02-23,0
2021-06-05,2,7644,2022-02-23,0
2021-06-06,5,7649,2022-02-23,0
2021-06-07,3,7652,2022-02-23,0
2021-06-08,5,7657,2022-02-23,0
2021-06-09,4,7661,2022-02-23,0
2021-06-10,6,7667,2022-02-23,0
2021-06-11,6,7673,2022-02-23,0
2021-06-12,4,7677,2022-02-23,0
2021-06-13,4,7681,2022-02-23,0
2021-06-14,3,7684,2022-02-23,0
2021-06-15,2,7686,2022-02-23,0
2021-06-16,2,7688,2022-02-23,0
2021-06-17,4,7692,2022-02-23,0
2021-06-18,2,7694,2022-02-23,0
2021-06-19,6,7700,2022-02-23,0
2021-06-20,1,7701,2022-02-23,0
2021-06-21,5,7706,2022-02-23,0
2021-06-22,3,7709,2022-02-23,0
2021-06-23,4,7713,2022-02-23,0
2021-06-24,3,7716,2022-02-23,0
2021-06-25,3,7719,2022-02-23,0
2021-06-26,4,7723,2022-02-23,0
2021-06-27,2,7725,2022-02-23,0
2021-06-28,2,7727,2022-02-23,0
2021-06-29,2,7729,2022-02-23,0
2021-06-30,2,7731,2022-02-23,0
2021-07-01,0,7731,2022-02-23,0
2021-07-02,2,7733,2022-02-23,0
2021-07-03,2,7735,2022-02-23,0
2021-07-04,3,7738,2022-02-23,0
2021-07-05,1,7739,2022-02-23,0
2021-07-06,5,7744,2022-02-23,0
2021-07-07,1,7745,2022-02-23,0
2021-07-08,1,7746,2022-02-23,0
2021-07-09,0,7746,2022-02-23,0
2021-07-10,1,7747,2022-02-23,0
2021-07-11,3,7750,2022-02-23,0
2021-07-12,1,7751,2022-02-23,0
2021-07-13,2,7753,2022-02-23,0
2021-07-14,2,7755,2022-02-23,0
2021-07-15,2,7757,2022-02-23,0
2021-07-16,1,7758,2022-02-23,0
2021-07-17,1,7759,2022-02-23,0
2021-07-18,0,7759,2022-02-23,0
2021-07-19,0,7759,2022-02-23,0
2021-07-20,2,7761,2022-02-23,0
2021-07-21,3,7764,2022-02-23,0
2021-07-22,2,7766,2022-02-23,0
2021-07-23,3,7769,2022-02-23,0
2021-07-24,0,7769,2022-02-23,0
2021-07-25,2,7771,2022-02-23,0
2021-07-26,1,7772,2022-02-23,0
2021-07-27,2,7774,2022-02-23,0
2021-07-28,3,7777,2022-02-23,0
2021-07-29,2,7779,2022-02-23,0
2021-07-30,5,7784,2022-02-23,0
2021-07-31,4,7788,2022-02-23,0
2021-08-01,1,7789,2022-02-23,0
2021-08-02,3,7792,2022-02-23,0
2021-08-03,2,7794,2022-02-23,0
2021-08-04,3,7797,2022-02-23,0
2021-08-05,2,7799,2022-02-23,0
2021-08-06,8,7807,2022-02-23,0
2021-08-07,3,7810,2022-02-23,0
2021-08-08,3,7813,2022-02-23,0
2021-08-09,3,7816,2022-02-23,0
2021-08-10,2,7818,2022-02-23,0
2021-08-11,2,7820,2022-02-23,0
2021-08-12,7,7827,2022-02-23,0
2021-08-13,5,7832,2022-02-23,0
2021-08-14,6,7838,2022-02-23,0
2021-08-15,0,7838,2022-02-23,0
2021-08-16,7,7845,2022-02-23,0
2021-08-17,7,7852,2022-02-23,0
2021-08-18,9,7861,2022-02-23,0
2021-08-19,2,7863,2022-02-23,0
2021-08-20,3,7866,2022-02-23,0
2021-08-21,5,7871,2022-02-23,0
2021-08-22,7,7878,2022-02-23,0
2021-08-23,5,7883,2022-02-23,0
2021-08-24,12,7895,2022-02-23,0
2021-08-25,7,7902,2022-02-23,0
2021-08-26,2,7904,2022-02-23,0
2021-08-27,6,7910,2022-02-23,0
2021-08-28,11,7921,2022-02-23,0
2021-08-29,11,7932,2022-02-23,0
2021-08-30,8,7940,2022-02-23,0
2021-08-31,8,7948,2022-02-23,0
2021-09-01,6,7954,2022-02-23,0
2021-09-02,6,7960,2022-02-23,0
2021-09-03,9,7969,2022-02-23,0
2021-09-04,9,7978,2022-02-23,0
2021-09-05,10,7988,2022-02-23,0
2021-09-06,8,7996,2022-02-23,0
2021-09-07,7,8003,2022-02-23,0
2021-09-08,11,8014,2022-02-23,0
2021-09-09,5,8019,2022-02-23,0
2021-09-10,9,8028,2022-02-23,0
2021-09-11,17,8045,2022-02-23,0
2021-09-12,10,8055,2022-02-23,0
2021-09-13,8,8063,2022-02-23,0
2021-09-14,11,8074,2022-02-23,0
2021-09-15,14,8088,2022-02-23,0
2021-09-16,16,8104,2022-02-23,0
2021-09-17,8,8112,2022-02-23,0
2021-09-18,15,8127,2022-02-23,0
2021-09-19,11,8138,2022-02-23,0
2021-09-20,16,8154,2022-02-23,0
2021-09-21,16,8170,2022-02-23,0
2021-09-22,17,8187,2022-02-23,0
2021-09-23,13,8200,2022-02-23,0
2021-09-24,13,8213,2022-02-23,0
2021-09-25,16,8229,2022-02-23,0
2021-09-26,15,8244,2022-02-23,0
2021-09-27,15,8259,2022-02-23,0
2021-09-28,11,8270,2022-02-23,0
2021-09-29,21,8291,2022-02-23,0
2021-09-30,17,8308,2022-02-23,0
2021-10-01,13,8321,2022-02-23,0
2021-10-02,15,8336,2022-02-23,0
2021-10-03,23,8359,2022-02-23,0
2021-10-04,15,8374,2022-02-23,0
2021-10-05,23,8397,2022-02-23,0
2021-10-06,21,8418,2022-02-23,0
2021-10-07,14,8432,2022-02-23,0
2021-10-08,22,8454,2022-02-23,0
2021-10-09,20,8474,2022-02-23,0
2021-10-10,14,8488,2022-02-23,0
2021-10-11,11,8499,2022-02-23,0
2021-10-12,25,8524,2022-02-23,0
2021-10-13,21,8545,2022-02-23,0
2021-10-14,22,8567,2022-02-23,0
2021-10-15,14,8581,2022-02-23,0
2021-10-16,20,8601,2022-02-23,0
2021-10-17,18,8619,2022-02-23,0
2021-10-18,17,8636,2022-02-23,0
2021-10-19,26,8662,2022-02-23,0
2021-10-20,16,8678,2022-02-23,0
2021-10-21,9,8687,2022-02-23,0
2021-10-22,23,8710,2022-02-23,0
2021-10-23,24,8734,2022-02-23,0
2021-10-24,25,8759,2022-02-23,0
2021-10-25,20,8779,2022-02-23,0
2021-10-26,22,8801,2022-02-23,0
2021-10-27,16,8817,2022-02-23,0
2021-10-28,24,8841,2022-02-23,0
2021-10-29,20,8861,2022-02-23,0
2021-10-30,20,8881,2022-02-23,0
2021-10-31,27,8908,2022-02-23,0
2021-11-01,18,8926,2022-02-23,0
2021-11-02,18,8944,2022-02-23,0
2021-11-03,28,8972,2022-02-23,1
2021-11-04,27,8999,2022-02-23,0
2021-11-05,29,9028,2022-02-23,0
2021-11-06,16,9044,2022-02-23,0
2021-11-07,24,9068,2022-02-23,0
2021-11-08,28,9096,2022-02-23,0
2021-11-09,17,9113,2022-02-23,0
2021-11-10,18,9131,2022-02-23,0
2021-11-11,28,9159,2022-02-23,0
2021-11-12,29,9188,2022-02-23,0
2021-11-13,31,9219,2022-02-23,0
2021-11-14,24,9243,2022-02-23,0
2021-11-15,28,9271,2022-02-23,0
2021-11-16,25,9296,2022-02-23,0
2021-11-17,37,9333,2022-02-23,0
2021-11-18,38,9371,2022-02-23,0
2021-11-19,34,9405,2022-02-23,0
2021-11-20,30,9435,2022-02-23,0
2021-11-21,32,9467,2022-02-23,0
2021-11-22,30,9497,2022-02-23,0
2021-11-23,32,9529,2022-02-23,0
2021-11-24,25,9554,2022-02-23,0
2021-11-25,35,9589,2022-02-23,0
2021-11-26,51,9640,2022-02-23,0
2021-11-27,36,9676,2022-02-23,0
2021-11-28,39,9715,2022-02-23,0
2021-11-29,29,9744,2022-02-23,0
2021-11-30,30,9774,2022-02-23,0
2021-12-01,47,9821,2022-02-23,0
2021-12-02,40,9861,2022-02-23,0
2021-12-03,31,9892,2022-02-23,0
2021-12-04,42,9934,2022-02-23,0
2021-12-05,36,9970,2022-02-23,0
2021-12-06,35,10005,2022-02-23,0
2021-12-07,36,10041,2022-02-23,0
2021-12-08,38,10079,2022-02-23,0
2021-12-09,47,10126,2022-02-23,0
2021-12-10,34,10160,2022-02-23,0
2021-12-11,27,10187,2022-02-23,0
2021-12-12,36,10223,2022-02-23,0
2021-12-13,34,10257,2022-02-23,0
2021-12-14,35,10292,2022-02-23,0
2021-12-15,41,10333,2022-02-23,0
2021-12-16,32,10365,2022-02-23,0
2021-12-17,41,10406,2022-02-23,0
2021-12-18,32,10438,2022-02-23,0
2021-12-19,30,10468,2022-02-23,0
2021-12-20,33,10501,2022-02-23,0
2021-12-21,28,10529,2022-02-23,0
2021-12-22,29,10558,2022-02-23,0
2021-12-23,27,10585,2022-02-23,0
2021-12-24,30,10615,2022-02-23,0
2021-12-25,28,10643,2022-02-23,0
2021-12-26,42,10685,2022-02-23,0
2021-12-27,31,10716,2022-02-23,0
2021-12-28,34,10750,2022-02-23,0
2021-12-29,29,10779,2022-02-23,0
2021-12-30,19,10798,2022-02-23,0
2021-12-31,39,10837,2022-02-23,0
2022-01-01,27,10864,2022-02-23,0
2022-01-02,22,10886,2022-02-23,0
2022-01-03,23,10909,2022-02-23,0
2022-01-04,30,10939,2022-02-23,0
2022-01-05,31,10970,2022-02-23,0
2022-01-06,32,11002,2022-02-23,0
2022-01-07,27,11029,2022-02-23,0
2022-01-08,40,11069,2022-02-23,0
2022-01-09,18,11087,2022-02-23,0
2022-01-10,31,11118,2022-02-23,0
2022-01-11,18,11136,2022-02-23,0
2022-01-12,19,11155,2022-02-23,0
2022-01-13,27,11182,2022-02-23,0
2022-01-14,33,11215,2022-02-23,0
2022-01-15,26,11241,2022-02-23,0
2022-01-16,33,11274,2022-02-23,0
2022-01-17,36,11310,2022-02-23,0
2022-01-18,24,11334,2022-02-23,0
2022-01-19,29,11363,2022-02-23,0
2022-01-20,30,11393,2022-02-23,0
2022-01-21,27,11420,2022-02-23,0
2022-01-22,25,11445,2022-02-23,1
2022-01-23,22,11467,2022-02-23,0
2022-01-24,34,11501,2022-02-23,1
2022-01-25,33,11534,2022-02-23,0
2022-01-26,34,11568,2022-02-23,0
2022-01-27,35,11603,2022-02-23,0
2022-01-28,30,11633,2022-02-23,0
2022-01-29,28,11661,2022-02-23,0
2022-01-30,27,11688,2022-02-23,0
2022-01-31,17,11705,2022-02-23,0
2022-02-01,24,11729,2022-02-23,0
2022-02-02,22,11751,2022-02-23,0
2022-02-03,28,11779,2022-02-23,0
2022-02-04,19,11798,2022-02-23,0
2022-02-05,26,11824,2022-02-23,0
2022-02-06,25,11849,2022-02-23,0
2022-02-07,15,11864,2022-02-23,0
2022-02-08,26,11890,2022-02-23,2
2022-02-09,24,11914,2022-02-23,2
2022-02-10,20,11934,2022-02-23,0
2022-02-11,18,11952,2022-02-23,2
2022-02-12,13,11965,2022-02-23,2
2022-02-13,15,11980,2022-02-23,1
2022-02-14,12,11992,2022-02-23,2
2022-02-15,15,12007,2022-02-23,4
2022-02-16,7,12014,2022-02-23,4
2022-02-17,5,12019,2022-02-23,4
NA,0,12019,2022-02-23,0
2020-03-19,1,1,2022-02-24,0
2020-03-20,0,1,2022-02-24,0
2020-03-21,0,1,2022-02-24,0
2020-03-22,0,1,2022-02-24,0
2020-03-23,0,1,2022-02-24,0
2020-03-24,1,2,2022-02-24,0
2020-03-25,1,3,2022-02-24,0
2020-03-26,1,4,2022-02-24,0
2020-03-27,5,9,2022-02-24,0
2020-03-28,3,12,2022-02-24,0
2020-03-29,0,12,2022-02-24,0
2020-03-30,5,17,2022-02-24,0
2020-03-31,2,19,2022-02-24,0
2020-04-01,5,24,2022-02-24,0
2020-04-02,3,27,2022-02-24,0
2020-04-03,1,28,2022-02-24,0
2020-04-04,5,33,2022-02-24,0
2020-04-05,5,38,2022-02-24,0
2020-04-06,10,48,2022-02-24,0
2020-04-07,6,54,2022-02-24,0
2020-04-08,7,61,2022-02-24,0
2020-04-09,8,69,2022-02-24,0
2020-04-10,6,75,2022-02-24,0
2020-04-11,4,79,2022-02-24,0
2020-04-12,4,83,2022-02-24,0
2020-04-13,10,93,2022-02-24,0
2020-04-14,6,99,2022-02-24,0
2020-04-15,17,116,2022-02-24,0
2020-04-16,10,126,2022-02-24,0
2020-04-17,17,143,2022-02-24,0
2020-04-18,17,160,2022-02-24,0
2020-04-19,16,176,2022-02-24,0
2020-04-20,21,197,2022-02-24,0
2020-04-21,26,223,2022-02-24,0
2020-04-22,21,244,2022-02-24,0
2020-04-23,19,263,2022-02-24,0
2020-04-24,23,286,2022-02-24,0
2020-04-25,18,304,2022-02-24,0
2020-04-26,17,321,2022-02-24,0
2020-04-27,21,342,2022-02-24,0
2020-04-28,16,358,2022-02-24,0
2020-04-29,29,387,2022-02-24,0
2020-04-30,18,405,2022-02-24,0
2020-05-01,30,435,2022-02-24,0
2020-05-02,19,454,2022-02-24,0
2020-05-03,29,483,2022-02-24,0
2020-05-04,23,506,2022-02-24,0
2020-05-05,19,525,2022-02-24,0
2020-05-06,25,550,2022-02-24,0
2020-05-07,30,580,2022-02-24,0
2020-05-08,20,600,2022-02-24,0
2020-05-09,26,626,2022-02-24,0
2020-05-10,19,645,2022-02-24,0
2020-05-11,25,670,2022-02-24,0
2020-05-12,20,690,2022-02-24,0
2020-05-13,22,712,2022-02-24,0
2020-05-14,20,732,2022-02-24,0
2020-05-15,20,752,2022-02-24,0
2020-05-16,20,772,2022-02-24,0
2020-05-17,23,795,2022-02-24,0
2020-05-18,18,813,2022-02-24,0
2020-05-19,35,848,2022-02-24,0
2020-05-20,24,872,2022-02-24,0
2020-05-21,17,889,2022-02-24,0
2020-05-22,20,909,2022-02-24,0
2020-05-23,26,935,2022-02-24,0
2020-05-24,25,960,2022-02-24,0
2020-05-25,30,990,2022-02-24,0
2020-05-26,29,1019,2022-02-24,0
2020-05-27,25,1044,2022-02-24,0
2020-05-28,21,1065,2022-02-24,0
2020-05-29,17,1082,2022-02-24,0
2020-05-30,11,1093,2022-02-24,0
2020-05-31,20,1113,2022-02-24,0
2020-06-01,23,1136,2022-02-24,0
2020-06-02,21,1157,2022-02-24,0
2020-06-03,25,1182,2022-02-24,0
2020-06-04,26,1208,2022-02-24,0
2020-06-05,18,1226,2022-02-24,0
2020-06-06,12,1238,2022-02-24,0
2020-06-07,22,1260,2022-02-24,0
2020-06-08,12,1272,2022-02-24,0
2020-06-09,13,1285,2022-02-24,0
2020-06-10,10,1295,2022-02-24,0
2020-06-11,12,1307,2022-02-24,0
2020-06-12,11,1318,2022-02-24,0
2020-06-13,13,1331,2022-02-24,0
2020-06-14,11,1342,2022-02-24,0
2020-06-15,8,1350,2022-02-24,0
2020-06-16,9,1359,2022-02-24,0
2020-06-17,17,1376,2022-02-24,0
2020-06-18,9,1385,2022-02-24,0
2020-06-19,8,1393,2022-02-24,0
2020-06-20,12,1405,2022-02-24,0
2020-06-21,11,1416,2022-02-24,0
2020-06-22,6,1422,2022-02-24,0
2020-06-23,10,1432,2022-02-24,0
2020-06-24,1,1433,2022-02-24,0
2020-06-25,9,1442,2022-02-24,0
2020-06-26,6,1448,2022-02-24,0
2020-06-27,5,1453,2022-02-24,0
2020-06-28,11,1464,2022-02-24,0
2020-06-29,7,1471,2022-02-24,0
2020-06-30,9,1480,2022-02-24,0
2020-07-01,2,1482,2022-02-24,0
2020-07-02,3,1485,2022-02-24,0
2020-07-03,5,1490,2022-02-24,0
2020-07-04,4,1494,2022-02-24,0
2020-07-05,6,1500,2022-02-24,0
2020-07-06,4,1504,2022-02-24,0
2020-07-07,2,1506,2022-02-24,0
2020-07-08,9,1515,2022-02-24,0
2020-07-09,4,1519,2022-02-24,0
2020-07-10,3,1522,2022-02-24,0
2020-07-11,4,1526,2022-02-24,0
2020-07-12,6,1532,2022-02-24,0
2020-07-13,2,1534,2022-02-24,0
2020-07-14,6,1540,2022-02-24,0
2020-07-15,7,1547,2022-02-24,0
2020-07-16,3,1550,2022-02-24,0
2020-07-17,7,1557,2022-02-24,0
2020-07-18,6,1563,2022-02-24,0
2020-07-19,5,1568,2022-02-24,0
2020-07-20,3,1571,2022-02-24,0
2020-07-21,6,1577,2022-02-24,0
2020-07-22,5,1582,2022-02-24,0
2020-07-23,8,1590,2022-02-24,0
2020-07-24,6,1596,2022-02-24,0
2020-07-25,2,1598,2022-02-24,0
2020-07-26,5,1603,2022-02-24,0
2020-07-27,5,1608,2022-02-24,0
2020-07-28,7,1615,2022-02-24,0
2020-07-29,3,1618,2022-02-24,0
2020-07-30,6,1624,2022-02-24,0
2020-07-31,9,1633,2022-02-24,0
2020-08-01,4,1637,2022-02-24,0
2020-08-02,7,1644,2022-02-24,0
2020-08-03,4,1648,2022-02-24,0
2020-08-04,7,1655,2022-02-24,0
2020-08-05,8,1663,2022-02-24,0
2020-08-06,9,1672,2022-02-24,0
2020-08-07,7,1679,2022-02-24,0
2020-08-08,6,1685,2022-02-24,0
2020-08-09,10,1695,2022-02-24,0
2020-08-10,3,1698,2022-02-24,0
2020-08-11,9,1707,2022-02-24,0
2020-08-12,7,1714,2022-02-24,0
2020-08-13,5,1719,2022-02-24,0
2020-08-14,9,1728,2022-02-24,0
2020-08-15,13,1741,2022-02-24,0
2020-08-16,13,1754,2022-02-24,0
2020-08-17,6,1760,2022-02-24,0
2020-08-18,11,1771,2022-02-24,0
2020-08-19,3,1774,2022-02-24,0
2020-08-20,10,1784,2022-02-24,0
2020-08-21,12,1796,2022-02-24,0
2020-08-22,9,1805,2022-02-24,0
2020-08-23,7,1812,2022-02-24,0
2020-08-24,9,1821,2022-02-24,0
2020-08-25,4,1825,2022-02-24,0
2020-08-26,3,1828,2022-02-24,0
2020-08-27,7,1835,2022-02-24,0
2020-08-28,6,1841,2022-02-24,0
2020-08-29,3,1844,2022-02-24,0
2020-08-30,5,1849,2022-02-24,0
2020-08-31,9,1858,2022-02-24,0
2020-09-01,2,1860,2022-02-24,0
2020-09-02,7,1867,2022-02-24,0
2020-09-03,12,1879,2022-02-24,0
2020-09-04,4,1883,2022-02-24,0
2020-09-05,6,1889,2022-02-24,0
2020-09-06,12,1901,2022-02-24,0
2020-09-07,3,1904,2022-02-24,0
2020-09-08,6,1910,2022-02-24,0
2020-09-09,10,1920,2022-02-24,0
2020-09-10,9,1929,2022-02-24,0
2020-09-11,11,1940,2022-02-24,0
2020-09-12,8,1948,2022-02-24,0
2020-09-13,8,1956,2022-02-24,0
2020-09-14,2,1958,2022-02-24,0
2020-09-15,7,1965,2022-02-24,0
2020-09-16,9,1974,2022-02-24,0
2020-09-17,5,1979,2022-02-24,0
2020-09-18,6,1985,2022-02-24,0
2020-09-19,4,1989,2022-02-24,0
2020-09-20,9,1998,2022-02-24,0
2020-09-21,7,2005,2022-02-24,0
2020-09-22,8,2013,2022-02-24,0
2020-09-23,9,2022,2022-02-24,0
2020-09-24,8,2030,2022-02-24,0
2020-09-25,11,2041,2022-02-24,0
2020-09-26,9,2050,2022-02-24,0
2020-09-27,14,2064,2022-02-24,0
2020-09-28,11,2075,2022-02-24,0
2020-09-29,5,2080,2022-02-24,0
2020-09-30,16,2096,2022-02-24,0
2020-10-01,7,2103,2022-02-24,0
2020-10-02,13,2116,2022-02-24,0
2020-10-03,9,2125,2022-02-24,0
2020-10-04,7,2132,2022-02-24,0
2020-10-05,10,2142,2022-02-24,0
2020-10-06,13,2155,2022-02-24,0
2020-10-07,19,2174,2022-02-24,0
2020-10-08,9,2183,2022-02-24,0
2020-10-09,17,2200,2022-02-24,0
2020-10-10,16,2216,2022-02-24,0
2020-10-11,16,2232,2022-02-24,0
2020-10-12,20,2252,2022-02-24,0
2020-10-13,14,2266,2022-02-24,0
2020-10-14,10,2276,2022-02-24,0
2020-10-15,9,2285,2022-02-24,0
2020-10-16,12,2297,2022-02-24,0
2020-10-17,18,2315,2022-02-24,0
2020-10-18,25,2340,2022-02-24,0
2020-10-19,18,2358,2022-02-24,0
2020-10-20,15,2373,2022-02-24,0
2020-10-21,24,2397,2022-02-24,0
2020-10-22,18,2415,2022-02-24,0
2020-10-23,19,2434,2022-02-24,0
2020-10-24,8,2442,2022-02-24,0
2020-10-25,17,2459,2022-02-24,0
2020-10-26,25,2484,2022-02-24,0
2020-10-27,23,2507,2022-02-24,0
2020-10-28,29,2536,2022-02-24,0
2020-10-29,18,2554,2022-02-24,0
2020-10-30,27,2581,2022-02-24,0
2020-10-31,25,2606,2022-02-24,0
2020-11-01,21,2627,2022-02-24,0
2020-11-02,25,2652,2022-02-24,0
2020-11-03,25,2677,2022-02-24,0
2020-11-04,33,2710,2022-02-24,0
2020-11-05,38,2748,2022-02-24,0
2020-11-06,39,2787,2022-02-24,0
2020-11-07,42,2829,2022-02-24,0
2020-11-08,47,2876,2022-02-24,0
2020-11-09,37,2913,2022-02-24,0
2020-11-10,35,2948,2022-02-24,0
2020-11-11,43,2991,2022-02-24,0
2020-11-12,45,3036,2022-02-24,0
2020-11-13,40,3076,2022-02-24,0
2020-11-14,48,3124,2022-02-24,0
2020-11-15,46,3170,2022-02-24,0
2020-11-16,62,3232,2022-02-24,0
2020-11-17,56,3288,2022-02-24,0
2020-11-18,61,3349,2022-02-24,0
2020-11-19,60,3409,2022-02-24,0
2020-11-20,63,3472,2022-02-24,0
2020-11-21,58,3530,2022-02-24,0
2020-11-22,67,3597,2022-02-24,0
2020-11-23,59,3656,2022-02-24,0
2020-11-24,69,3725,2022-02-24,0
2020-11-25,72,3797,2022-02-24,0
2020-11-26,54,3851,2022-02-24,0
2020-11-27,69,3920,2022-02-24,0
2020-11-28,62,3982,2022-02-24,0
2020-11-29,68,4050,2022-02-24,0
2020-11-30,62,4112,2022-02-24,0
2020-12-01,64,4176,2022-02-24,0
2020-12-02,73,4249,2022-02-24,0
2020-12-03,86,4335,2022-02-24,0
2020-12-04,67,4402,2022-02-24,0
2020-12-05,74,4476,2022-02-24,0
2020-12-06,80,4556,2022-02-24,0
2020-12-07,75,4631,2022-02-24,0
2020-12-08,61,4692,2022-02-24,0
2020-12-09,71,4763,2022-02-24,0
2020-12-10,72,4835,2022-02-24,0
2020-12-11,71,4906,2022-02-24,0
2020-12-12,72,4978,2022-02-24,0
2020-12-13,56,5034,2022-02-24,0
2020-12-14,43,5077,2022-02-24,0
2020-12-15,65,5142,2022-02-24,0
2020-12-16,74,5216,2022-02-24,0
2020-12-17,60,5276,2022-02-24,0
2020-12-18,59,5335,2022-02-24,0
2020-12-19,56,5391,2022-02-24,0
2020-12-20,61,5452,2022-02-24,0
2020-12-21,58,5510,2022-02-24,0
2020-12-22,33,5543,2022-02-24,0
2020-12-23,46,5589,2022-02-24,0
2020-12-24,51,5640,2022-02-24,0
2020-12-25,36,5676,2022-02-24,0
2020-12-26,43,5719,2022-02-24,0
2020-12-27,41,5760,2022-02-24,0
2020-12-28,34,5794,2022-02-24,0
2020-12-29,37,5831,2022-02-24,0
2020-12-30,47,5878,2022-02-24,0
2020-12-31,36,5914,2022-02-24,0
2021-01-01,28,5942,2022-02-24,0
2021-01-02,49,5991,2022-02-24,0
2021-01-03,37,6028,2022-02-24,0
2021-01-04,32,6060,2022-02-24,0
2021-01-05,40,6100,2022-02-24,0
2021-01-06,32,6132,2022-02-24,0
2021-01-07,38,6170,2022-02-24,0
2021-01-08,32,6202,2022-02-24,0
2021-01-09,26,6228,2022-02-24,0
2021-01-10,30,6258,2022-02-24,0
2021-01-11,27,6285,2022-02-24,0
2021-01-12,32,6317,2022-02-24,0
2021-01-13,23,6340,2022-02-24,0
2021-01-14,42,6382,2022-02-24,0
2021-01-15,26,6408,2022-02-24,0
2021-01-16,30,6438,2022-02-24,0
2021-01-17,21,6459,2022-02-24,0
2021-01-18,19,6478,2022-02-24,0
2021-01-19,14,6492,2022-02-24,0
2021-01-20,26,6518,2022-02-24,0
2021-01-21,16,6534,2022-02-24,0
2021-01-22,14,6548,2022-02-24,0
2021-01-23,17,6565,2022-02-24,0
2021-01-24,24,6589,2022-02-24,0
2021-01-25,19,6608,2022-02-24,0
2021-01-26,21,6629,2022-02-24,0
2021-01-27,11,6640,2022-02-24,0
2021-01-28,12,6652,2022-02-24,0
2021-01-29,15,6667,2022-02-24,0
2021-01-30,13,6680,2022-02-24,0
2021-01-31,16,6696,2022-02-24,0
2021-02-01,17,6713,2022-02-24,0
2021-02-02,10,6723,2022-02-24,0
2021-02-03,11,6734,2022-02-24,0
2021-02-04,11,6745,2022-02-24,0
2021-02-05,13,6758,2022-02-24,0
2021-02-06,12,6770,2022-02-24,0
2021-02-07,19,6789,2022-02-24,0
2021-02-08,11,6800,2022-02-24,0
2021-02-09,15,6815,2022-02-24,0
2021-02-10,14,6829,2022-02-24,0
2021-02-11,7,6836,2022-02-24,0
2021-02-12,13,6849,2022-02-24,0
2021-02-13,8,6857,2022-02-24,0
2021-02-14,10,6867,2022-02-24,0
2021-02-15,9,6876,2022-02-24,0
2021-02-16,12,6888,2022-02-24,0
2021-02-17,10,6898,2022-02-24,0
2021-02-18,7,6905,2022-02-24,0
2021-02-19,6,6911,2022-02-24,0
2021-02-20,7,6918,2022-02-24,0
2021-02-21,4,6922,2022-02-24,0
2021-02-22,5,6927,2022-02-24,0
2021-02-23,9,6936,2022-02-24,0
2021-02-24,5,6941,2022-02-24,0
2021-02-25,5,6946,2022-02-24,0
2021-02-26,7,6953,2022-02-24,0
2021-02-27,6,6959,2022-02-24,0
2021-02-28,8,6967,2022-02-24,0
2021-03-01,7,6974,2022-02-24,0
2021-03-02,3,6977,2022-02-24,0
2021-03-03,10,6987,2022-02-24,0
2021-03-04,6,6993,2022-02-24,0
2021-03-05,10,7003,2022-02-24,0
2021-03-06,5,7008,2022-02-24,0
2021-03-07,9,7017,2022-02-24,0
2021-03-08,5,7022,2022-02-24,0
2021-03-09,7,7029,2022-02-24,0
2021-03-10,5,7034,2022-02-24,0
2021-03-11,4,7038,2022-02-24,0
2021-03-12,11,7049,2022-02-24,0
2021-03-13,5,7054,2022-02-24,0
2021-03-14,5,7059,2022-02-24,0
2021-03-15,2,7061,2022-02-24,0
2021-03-16,6,7067,2022-02-24,0
2021-03-17,4,7071,2022-02-24,0
2021-03-18,5,7076,2022-02-24,0
2021-03-19,5,7081,2022-02-24,0
2021-03-20,9,7090,2022-02-24,0
2021-03-21,5,7095,2022-02-24,0
2021-03-22,4,7099,2022-02-24,0
2021-03-23,5,7104,2022-02-24,0
2021-03-24,1,7105,2022-02-24,0
2021-03-25,5,7110,2022-02-24,0
2021-03-26,3,7113,2022-02-24,0
2021-03-27,7,7120,2022-02-24,0
2021-03-28,6,7126,2022-02-24,0
2021-03-29,5,7131,2022-02-24,0
2021-03-30,6,7137,2022-02-24,0
2021-03-31,8,7145,2022-02-24,0
2021-04-01,6,7151,2022-02-24,0
2021-04-02,9,7160,2022-02-24,0
2021-04-03,8,7168,2022-02-24,0
2021-04-04,6,7174,2022-02-24,0
2021-04-05,8,7182,2022-02-24,0
2021-04-06,7,7189,2022-02-24,0
2021-04-07,6,7195,2022-02-24,0
2021-04-08,10,7205,2022-02-24,0
2021-04-09,7,7212,2022-02-24,0
2021-04-10,7,7219,2022-02-24,0
2021-04-11,8,7227,2022-02-24,0
2021-04-12,10,7237,2022-02-24,0
2021-04-13,7,7244,2022-02-24,0
2021-04-14,8,7252,2022-02-24,0
2021-04-15,14,7266,2022-02-24,0
2021-04-16,8,7274,2022-02-24,0
2021-04-17,8,7282,2022-02-24,0
2021-04-18,8,7290,2022-02-24,0
2021-04-19,10,7300,2022-02-24,0
2021-04-20,5,7305,2022-02-24,0
2021-04-21,8,7313,2022-02-24,0
2021-04-22,3,7316,2022-02-24,0
2021-04-23,15,7331,2022-02-24,0
2021-04-24,11,7342,2022-02-24,0
2021-04-25,15,7357,2022-02-24,0
2021-04-26,15,7372,2022-02-24,0
2021-04-27,7,7379,2022-02-24,0
2021-04-28,14,7393,2022-02-24,0
2021-04-29,8,7401,2022-02-24,0
2021-04-30,11,7412,2022-02-24,0
2021-05-01,7,7419,2022-02-24,0
2021-05-02,8,7427,2022-02-24,0
2021-05-03,5,7432,2022-02-24,0
2021-05-04,13,7445,2022-02-24,0
2021-05-05,8,7453,2022-02-24,0
2021-05-06,5,7458,2022-02-24,0
2021-05-07,8,7466,2022-02-24,0
2021-05-08,7,7473,2022-02-24,0
2021-05-09,9,7482,2022-02-24,0
2021-05-10,8,7490,2022-02-24,0
2021-05-11,6,7496,2022-02-24,0
2021-05-12,9,7505,2022-02-24,0
2021-05-13,9,7514,2022-02-24,0
2021-05-14,11,7525,2022-02-24,0
2021-05-15,10,7535,2022-02-24,0
2021-05-16,6,7541,2022-02-24,0
2021-05-17,6,7547,2022-02-24,0
2021-05-18,7,7554,2022-02-24,0
2021-05-19,2,7556,2022-02-24,0
2021-05-20,5,7561,2022-02-24,0
2021-05-21,7,7568,2022-02-24,0
2021-05-22,12,7580,2022-02-24,0
2021-05-23,5,7585,2022-02-24,0
2021-05-24,5,7590,2022-02-24,0
2021-05-25,6,7596,2022-02-24,0
2021-05-26,3,7599,2022-02-24,0
2021-05-27,7,7606,2022-02-24,0
2021-05-28,2,7608,2022-02-24,0
2021-05-29,6,7614,2022-02-24,0
2021-05-30,4,7618,2022-02-24,0
2021-05-31,3,7621,2022-02-24,0
2021-06-01,5,7626,2022-02-24,0
2021-06-02,8,7634,2022-02-24,0
2021-06-03,4,7638,2022-02-24,0
2021-06-04,4,7642,2022-02-24,0
2021-06-05,2,7644,2022-02-24,0
2021-06-06,5,7649,2022-02-24,0
2021-06-07,3,7652,2022-02-24,0
2021-06-08,5,7657,2022-02-24,0
2021-06-09,4,7661,2022-02-24,0
2021-06-10,6,7667,2022-02-24,0
2021-06-11,6,7673,2022-02-24,0
2021-06-12,4,7677,2022-02-24,0
2021-06-13,4,7681,2022-02-24,0
2021-06-14,3,7684,2022-02-24,0
2021-06-15,2,7686,2022-02-24,0
2021-06-16,2,7688,2022-02-24,0
2021-06-17,4,7692,2022-02-24,0
2021-06-18,2,7694,2022-02-24,0
2021-06-19,6,7700,2022-02-24,0
2021-06-20,1,7701,2022-02-24,0
2021-06-21,5,7706,2022-02-24,0
2021-06-22,3,7709,2022-02-24,0
2021-06-23,4,7713,2022-02-24,0
2021-06-24,3,7716,2022-02-24,0
2021-06-25,3,7719,2022-02-24,0
2021-06-26,4,7723,2022-02-24,0
2021-06-27,2,7725,2022-02-24,0
2021-06-28,2,7727,2022-02-24,0
2021-06-29,2,7729,2022-02-24,0
2021-06-30,2,7731,2022-02-24,0
2021-07-01,0,7731,2022-02-24,0
2021-07-02,2,7733,2022-02-24,0
2021-07-03,2,7735,2022-02-24,0
2021-07-04,3,7738,2022-02-24,0
2021-07-05,1,7739,2022-02-24,0
2021-07-06,5,7744,2022-02-24,0
2021-07-07,1,7745,2022-02-24,0
2021-07-08,1,7746,2022-02-24,0
2021-07-09,0,7746,2022-02-24,0
2021-07-10,1,7747,2022-02-24,0
2021-07-11,3,7750,2022-02-24,0
2021-07-12,1,7751,2022-02-24,0
2021-07-13,2,7753,2022-02-24,0
2021-07-14,2,7755,2022-02-24,0
2021-07-15,2,7757,2022-02-24,0
2021-07-16,1,7758,2022-02-24,0
2021-07-17,1,7759,2022-02-24,0
2021-07-18,0,7759,2022-02-24,0
2021-07-19,0,7759,2022-02-24,0
2021-07-20,2,7761,2022-02-24,0
2021-07-21,3,7764,2022-02-24,0
2021-07-22,2,7766,2022-02-24,0
2021-07-23,3,7769,2022-02-24,0
2021-07-24,0,7769,2022-02-24,0
2021-07-25,2,7771,2022-02-24,0
2021-07-26,1,7772,2022-02-24,0
2021-07-27,2,7774,2022-02-24,0
2021-07-28,3,7777,2022-02-24,0
2021-07-29,2,7779,2022-02-24,0
2021-07-30,5,7784,2022-02-24,0
2021-07-31,4,7788,2022-02-24,0
2021-08-01,1,7789,2022-02-24,0
2021-08-02,3,7792,2022-02-24,0
2021-08-03,2,7794,2022-02-24,0
2021-08-04,3,7797,2022-02-24,0
2021-08-05,2,7799,2022-02-24,0
2021-08-06,8,7807,2022-02-24,0
2021-08-07,3,7810,2022-02-24,0
2021-08-08,3,7813,2022-02-24,0
2021-08-09,3,7816,2022-02-24,0
2021-08-10,2,7818,2022-02-24,0
2021-08-11,2,7820,2022-02-24,0
2021-08-12,7,7827,2022-02-24,0
2021-08-13,5,7832,2022-02-24,0
2021-08-14,6,7838,2022-02-24,0
2021-08-15,0,7838,2022-02-24,0
2021-08-16,7,7845,2022-02-24,0
2021-08-17,7,7852,2022-02-24,0
2021-08-18,9,7861,2022-02-24,0
2021-08-19,2,7863,2022-02-24,0
2021-08-20,3,7866,2022-02-24,0
2021-08-21,5,7871,2022-02-24,0
2021-08-22,7,7878,2022-02-24,0
2021-08-23,5,7883,2022-02-24,0
2021-08-24,12,7895,2022-02-24,0
2021-08-25,7,7902,2022-02-24,0
2021-08-26,2,7904,2022-02-24,0
2021-08-27,6,7910,2022-02-24,0
2021-08-28,11,7921,2022-02-24,0
2021-08-29,11,7932,2022-02-24,0
2021-08-30,8,7940,2022-02-24,0
2021-08-31,8,7948,2022-02-24,0
2021-09-01,6,7954,2022-02-24,0
2021-09-02,6,7960,2022-02-24,0
2021-09-03,9,7969,2022-02-24,0
2021-09-04,9,7978,2022-02-24,0
2021-09-05,10,7988,2022-02-24,0
2021-09-06,8,7996,2022-02-24,0
2021-09-07,7,8003,2022-02-24,0
2021-09-08,11,8014,2022-02-24,0
2021-09-09,5,8019,2022-02-24,0
2021-09-10,9,8028,2022-02-24,0
2021-09-11,17,8045,2022-02-24,0
2021-09-12,10,8055,2022-02-24,0
2021-09-13,8,8063,2022-02-24,0
2021-09-14,11,8074,2022-02-24,0
2021-09-15,14,8088,2022-02-24,0
2021-09-16,16,8104,2022-02-24,0
2021-09-17,8,8112,2022-02-24,0
2021-09-18,15,8127,2022-02-24,0
2021-09-19,11,8138,2022-02-24,0
2021-09-20,16,8154,2022-02-24,0
2021-09-21,16,8170,2022-02-24,0
2021-09-22,17,8187,2022-02-24,0
2021-09-23,13,8200,2022-02-24,0
2021-09-24,13,8213,2022-02-24,0
2021-09-25,16,8229,2022-02-24,0
2021-09-26,15,8244,2022-02-24,0
2021-09-27,15,8259,2022-02-24,0
2021-09-28,11,8270,2022-02-24,0
2021-09-29,21,8291,2022-02-24,0
2021-09-30,17,8308,2022-02-24,0
2021-10-01,13,8321,2022-02-24,0
2021-10-02,15,8336,2022-02-24,0
2021-10-03,23,8359,2022-02-24,0
2021-10-04,15,8374,2022-02-24,0
2021-10-05,23,8397,2022-02-24,0
2021-10-06,21,8418,2022-02-24,0
2021-10-07,14,8432,2022-02-24,0
2021-10-08,22,8454,2022-02-24,0
2021-10-09,20,8474,2022-02-24,0
2021-10-10,14,8488,2022-02-24,0
2021-10-11,11,8499,2022-02-24,0
2021-10-12,25,8524,2022-02-24,0
2021-10-13,21,8545,2022-02-24,0
2021-10-14,22,8567,2022-02-24,0
2021-10-15,14,8581,2022-02-24,0
2021-10-16,20,8601,2022-02-24,0
2021-10-17,18,8619,2022-02-24,0
2021-10-18,17,8636,2022-02-24,0
2021-10-19,26,8662,2022-02-24,0
2021-10-20,16,8678,2022-02-24,0
2021-10-21,9,8687,2022-02-24,0
2021-10-22,23,8710,2022-02-24,0
2021-10-23,24,8734,2022-02-24,0
2021-10-24,25,8759,2022-02-24,0
2021-10-25,20,8779,2022-02-24,0
2021-10-26,22,8801,2022-02-24,0
2021-10-27,16,8817,2022-02-24,0
2021-10-28,24,8841,2022-02-24,0
2021-10-29,20,8861,2022-02-24,0
2021-10-30,20,8881,2022-02-24,0
2021-10-31,27,8908,2022-02-24,0
2021-11-01,18,8926,2022-02-24,0
2021-11-02,18,8944,2022-02-24,0
2021-11-03,28,8972,2022-02-24,0
2021-11-04,27,8999,2022-02-24,0
2021-11-05,29,9028,2022-02-24,0
2021-11-06,16,9044,2022-02-24,0
2021-11-07,24,9068,2022-02-24,0
2021-11-08,28,9096,2022-02-24,0
2021-11-09,17,9113,2022-02-24,0
2021-11-10,18,9131,2022-02-24,0
2021-11-11,28,9159,2022-02-24,0
2021-11-12,29,9188,2022-02-24,0
2021-11-13,31,9219,2022-02-24,0
2021-11-14,24,9243,2022-02-24,0
2021-11-15,28,9271,2022-02-24,0
2021-11-16,25,9296,2022-02-24,0
2021-11-17,37,9333,2022-02-24,0
2021-11-18,38,9371,2022-02-24,0
2021-11-19,34,9405,2022-02-24,0
2021-11-20,30,9435,2022-02-24,0
2021-11-21,32,9467,2022-02-24,0
2021-11-22,30,9497,2022-02-24,0
2021-11-23,32,9529,2022-02-24,0
2021-11-24,25,9554,2022-02-24,0
2021-11-25,35,9589,2022-02-24,0
2021-11-26,51,9640,2022-02-24,0
2021-11-27,36,9676,2022-02-24,0
2021-11-28,39,9715,2022-02-24,0
2021-11-29,29,9744,2022-02-24,0
2021-11-30,30,9774,2022-02-24,0
2021-12-01,47,9821,2022-02-24,0
2021-12-02,40,9861,2022-02-24,0
2021-12-03,31,9892,2022-02-24,0
2021-12-04,42,9934,2022-02-24,0
2021-12-05,36,9970,2022-02-24,0
2021-12-06,35,10005,2022-02-24,0
2021-12-07,36,10041,2022-02-24,0
2021-12-08,38,10079,2022-02-24,0
2021-12-09,47,10126,2022-02-24,0
2021-12-10,34,10160,2022-02-24,0
2021-12-11,27,10187,2022-02-24,0
2021-12-12,36,10223,2022-02-24,0
2021-12-13,34,10257,2022-02-24,0
2021-12-14,35,10292,2022-02-24,0
2021-12-15,41,10333,2022-02-24,0
2021-12-16,32,10365,2022-02-24,0
2021-12-17,41,10406,2022-02-24,0
2021-12-18,32,10438,2022-02-24,0
2021-12-19,30,10468,2022-02-24,0
2021-12-20,33,10501,2022-02-24,0
2021-12-21,28,10529,2022-02-24,0
2021-12-22,29,10558,2022-02-24,0
2021-12-23,27,10585,2022-02-24,0
2021-12-24,30,10615,2022-02-24,0
2021-12-25,28,10643,2022-02-24,0
2021-12-26,42,10685,2022-02-24,0
2021-12-27,31,10716,2022-02-24,0
2021-12-28,34,10750,2022-02-24,0
2021-12-29,29,10779,2022-02-24,0
2021-12-30,19,10798,2022-02-24,0
2021-12-31,39,10837,2022-02-24,0
2022-01-01,27,10864,2022-02-24,0
2022-01-02,22,10886,2022-02-24,0
2022-01-03,23,10909,2022-02-24,0
2022-01-04,30,10939,2022-02-24,0
2022-01-05,31,10970,2022-02-24,0
2022-01-06,32,11002,2022-02-24,0
2022-01-07,28,11030,2022-02-24,1
2022-01-08,40,11070,2022-02-24,0
2022-01-09,18,11088,2022-02-24,0
2022-01-10,31,11119,2022-02-24,0
2022-01-11,18,11137,2022-02-24,0
2022-01-12,19,11156,2022-02-24,0
2022-01-13,27,11183,2022-02-24,0
2022-01-14,33,11216,2022-02-24,0
2022-01-15,26,11242,2022-02-24,0
2022-01-16,33,11275,2022-02-24,0
2022-01-17,36,11311,2022-02-24,0
2022-01-18,24,11335,2022-02-24,0
2022-01-19,29,11364,2022-02-24,0
2022-01-20,30,11394,2022-02-24,0
2022-01-21,27,11421,2022-02-24,0
2022-01-22,25,11446,2022-02-24,0
2022-01-23,22,11468,2022-02-24,0
2022-01-24,34,11502,2022-02-24,0
2022-01-25,33,11535,2022-02-24,0
2022-01-26,34,11569,2022-02-24,0
2022-01-27,35,11604,2022-02-24,0
2022-01-28,30,11634,2022-02-24,0
2022-01-29,28,11662,2022-02-24,0
2022-01-30,27,11689,2022-02-24,0
2022-01-31,17,11706,2022-02-24,0
2022-02-01,24,11730,2022-02-24,0
2022-02-02,22,11752,2022-02-24,0
2022-02-03,28,11780,2022-02-24,0
2022-02-04,19,11799,2022-02-24,0
2022-02-05,27,11826,2022-02-24,1
2022-02-06,26,11852,2022-02-24,1
2022-02-07,15,11867,2022-02-24,0
2022-02-08,26,11893,2022-02-24,0
2022-02-09,24,11917,2022-02-24,0
2022-02-10,21,11938,2022-02-24,1
2022-02-11,18,11956,2022-02-24,0
2022-02-12,14,11970,2022-02-24,1
2022-02-13,16,11986,2022-02-24,1
2022-02-14,13,11999,2022-02-24,1
2022-02-15,19,12018,2022-02-24,4
2022-02-16,9,12027,2022-02-24,2
2022-02-17,11,12038,2022-02-24,6
2022-02-18,10,12048,2022-02-24,10
2022-02-19,9,12057,2022-02-24,9
2022-02-20,9,12066,2022-02-24,9
NA,0,12066,2022-02-24,0
2020-03-19,1,1,2022-02-25,0
2020-03-20,0,1,2022-02-25,0
2020-03-21,0,1,2022-02-25,0
2020-03-22,0,1,2022-02-25,0
2020-03-23,0,1,2022-02-25,0
2020-03-24,1,2,2022-02-25,0
2020-03-25,1,3,2022-02-25,0
2020-03-26,1,4,2022-02-25,0
2020-03-27,5,9,2022-02-25,0
2020-03-28,3,12,2022-02-25,0
2020-03-29,0,12,2022-02-25,0
2020-03-30,5,17,2022-02-25,0
2020-03-31,2,19,2022-02-25,0
2020-04-01,5,24,2022-02-25,0
2020-04-02,3,27,2022-02-25,0
2020-04-03,1,28,2022-02-25,0
2020-04-04,5,33,2022-02-25,0
2020-04-05,5,38,2022-02-25,0
2020-04-06,10,48,2022-02-25,0
2020-04-07,6,54,2022-02-25,0
2020-04-08,7,61,2022-02-25,0
2020-04-09,8,69,2022-02-25,0
2020-04-10,6,75,2022-02-25,0
2020-04-11,4,79,2022-02-25,0
2020-04-12,4,83,2022-02-25,0
2020-04-13,10,93,2022-02-25,0
2020-04-14,6,99,2022-02-25,0
2020-04-15,17,116,2022-02-25,0
2020-04-16,10,126,2022-02-25,0
2020-04-17,17,143,2022-02-25,0
2020-04-18,17,160,2022-02-25,0
2020-04-19,16,176,2022-02-25,0
2020-04-20,21,197,2022-02-25,0
2020-04-21,26,223,2022-02-25,0
2020-04-22,21,244,2022-02-25,0
2020-04-23,19,263,2022-02-25,0
2020-04-24,23,286,2022-02-25,0
2020-04-25,18,304,2022-02-25,0
2020-04-26,17,321,2022-02-25,0
2020-04-27,21,342,2022-02-25,0
2020-04-28,16,358,2022-02-25,0
2020-04-29,29,387,2022-02-25,0
2020-04-30,18,405,2022-02-25,0
2020-05-01,30,435,2022-02-25,0
2020-05-02,19,454,2022-02-25,0
2020-05-03,29,483,2022-02-25,0
2020-05-04,23,506,2022-02-25,0
2020-05-05,19,525,2022-02-25,0
2020-05-06,25,550,2022-02-25,0
2020-05-07,30,580,2022-02-25,0
2020-05-08,20,600,2022-02-25,0
2020-05-09,26,626,2022-02-25,0
2020-05-10,19,645,2022-02-25,0
2020-05-11,25,670,2022-02-25,0
2020-05-12,20,690,2022-02-25,0
2020-05-13,22,712,2022-02-25,0
2020-05-14,20,732,2022-02-25,0
2020-05-15,20,752,2022-02-25,0
2020-05-16,20,772,2022-02-25,0
2020-05-17,23,795,2022-02-25,0
2020-05-18,18,813,2022-02-25,0
2020-05-19,35,848,2022-02-25,0
2020-05-20,24,872,2022-02-25,0
2020-05-21,17,889,2022-02-25,0
2020-05-22,20,909,2022-02-25,0
2020-05-23,26,935,2022-02-25,0
2020-05-24,25,960,2022-02-25,0
2020-05-25,30,990,2022-02-25,0
2020-05-26,29,1019,2022-02-25,0
2020-05-27,25,1044,2022-02-25,0
2020-05-28,21,1065,2022-02-25,0
2020-05-29,17,1082,2022-02-25,0
2020-05-30,11,1093,2022-02-25,0
2020-05-31,20,1113,2022-02-25,0
2020-06-01,23,1136,2022-02-25,0
2020-06-02,21,1157,2022-02-25,0
2020-06-03,25,1182,2022-02-25,0
2020-06-04,26,1208,2022-02-25,0
2020-06-05,18,1226,2022-02-25,0
2020-06-06,12,1238,2022-02-25,0
2020-06-07,22,1260,2022-02-25,0
2020-06-08,12,1272,2022-02-25,0
2020-06-09,13,1285,2022-02-25,0
2020-06-10,10,1295,2022-02-25,0
2020-06-11,12,1307,2022-02-25,0
2020-06-12,11,1318,2022-02-25,0
2020-06-13,13,1331,2022-02-25,0
2020-06-14,11,1342,2022-02-25,0
2020-06-15,8,1350,2022-02-25,0
2020-06-16,9,1359,2022-02-25,0
2020-06-17,17,1376,2022-02-25,0
2020-06-18,9,1385,2022-02-25,0
2020-06-19,8,1393,2022-02-25,0
2020-06-20,12,1405,2022-02-25,0
2020-06-21,11,1416,2022-02-25,0
2020-06-22,6,1422,2022-02-25,0
2020-06-23,10,1432,2022-02-25,0
2020-06-24,1,1433,2022-02-25,0
2020-06-25,9,1442,2022-02-25,0
2020-06-26,6,1448,2022-02-25,0
2020-06-27,5,1453,2022-02-25,0
2020-06-28,11,1464,2022-02-25,0
2020-06-29,7,1471,2022-02-25,0
2020-06-30,9,1480,2022-02-25,0
2020-07-01,2,1482,2022-02-25,0
2020-07-02,3,1485,2022-02-25,0
2020-07-03,5,1490,2022-02-25,0
2020-07-04,4,1494,2022-02-25,0
2020-07-05,6,1500,2022-02-25,0
2020-07-06,4,1504,2022-02-25,0
2020-07-07,2,1506,2022-02-25,0
2020-07-08,9,1515,2022-02-25,0
2020-07-09,4,1519,2022-02-25,0
2020-07-10,3,1522,2022-02-25,0
2020-07-11,4,1526,2022-02-25,0
2020-07-12,6,1532,2022-02-25,0
2020-07-13,2,1534,2022-02-25,0
2020-07-14,6,1540,2022-02-25,0
2020-07-15,7,1547,2022-02-25,0
2020-07-16,3,1550,2022-02-25,0
2020-07-17,7,1557,2022-02-25,0
2020-07-18,6,1563,2022-02-25,0
2020-07-19,5,1568,2022-02-25,0
2020-07-20,3,1571,2022-02-25,0
2020-07-21,6,1577,2022-02-25,0
2020-07-22,5,1582,2022-02-25,0
2020-07-23,8,1590,2022-02-25,0
2020-07-24,6,1596,2022-02-25,0
2020-07-25,2,1598,2022-02-25,0
2020-07-26,5,1603,2022-02-25,0
2020-07-27,5,1608,2022-02-25,0
2020-07-28,7,1615,2022-02-25,0
2020-07-29,3,1618,2022-02-25,0
2020-07-30,6,1624,2022-02-25,0
2020-07-31,9,1633,2022-02-25,0
2020-08-01,4,1637,2022-02-25,0
2020-08-02,7,1644,2022-02-25,0
2020-08-03,4,1648,2022-02-25,0
2020-08-04,7,1655,2022-02-25,0
2020-08-05,8,1663,2022-02-25,0
2020-08-06,9,1672,2022-02-25,0
2020-08-07,7,1679,2022-02-25,0
2020-08-08,6,1685,2022-02-25,0
2020-08-09,10,1695,2022-02-25,0
2020-08-10,3,1698,2022-02-25,0
2020-08-11,9,1707,2022-02-25,0
2020-08-12,7,1714,2022-02-25,0
2020-08-13,5,1719,2022-02-25,0
2020-08-14,9,1728,2022-02-25,0
2020-08-15,13,1741,2022-02-25,0
2020-08-16,13,1754,2022-02-25,0
2020-08-17,6,1760,2022-02-25,0
2020-08-18,11,1771,2022-02-25,0
2020-08-19,3,1774,2022-02-25,0
2020-08-20,10,1784,2022-02-25,0
2020-08-21,12,1796,2022-02-25,0
2020-08-22,9,1805,2022-02-25,0
2020-08-23,7,1812,2022-02-25,0
2020-08-24,9,1821,2022-02-25,0
2020-08-25,4,1825,2022-02-25,0
2020-08-26,3,1828,2022-02-25,0
2020-08-27,7,1835,2022-02-25,0
2020-08-28,6,1841,2022-02-25,0
2020-08-29,3,1844,2022-02-25,0
2020-08-30,5,1849,2022-02-25,0
2020-08-31,9,1858,2022-02-25,0
2020-09-01,2,1860,2022-02-25,0
2020-09-02,7,1867,2022-02-25,0
2020-09-03,12,1879,2022-02-25,0
2020-09-04,4,1883,2022-02-25,0
2020-09-05,6,1889,2022-02-25,0
2020-09-06,12,1901,2022-02-25,0
2020-09-07,3,1904,2022-02-25,0
2020-09-08,6,1910,2022-02-25,0
2020-09-09,10,1920,2022-02-25,0
2020-09-10,9,1929,2022-02-25,0
2020-09-11,11,1940,2022-02-25,0
2020-09-12,8,1948,2022-02-25,0
2020-09-13,8,1956,2022-02-25,0
2020-09-14,2,1958,2022-02-25,0
2020-09-15,7,1965,2022-02-25,0
2020-09-16,9,1974,2022-02-25,0
2020-09-17,5,1979,2022-02-25,0
2020-09-18,6,1985,2022-02-25,0
2020-09-19,4,1989,2022-02-25,0
2020-09-20,9,1998,2022-02-25,0
2020-09-21,7,2005,2022-02-25,0
2020-09-22,8,2013,2022-02-25,0
2020-09-23,9,2022,2022-02-25,0
2020-09-24,8,2030,2022-02-25,0
2020-09-25,11,2041,2022-02-25,0
2020-09-26,9,2050,2022-02-25,0
2020-09-27,14,2064,2022-02-25,0
2020-09-28,11,2075,2022-02-25,0
2020-09-29,5,2080,2022-02-25,0
2020-09-30,16,2096,2022-02-25,0
2020-10-01,7,2103,2022-02-25,0
2020-10-02,13,2116,2022-02-25,0
2020-10-03,9,2125,2022-02-25,0
2020-10-04,7,2132,2022-02-25,0
2020-10-05,10,2142,2022-02-25,0
2020-10-06,13,2155,2022-02-25,0
2020-10-07,19,2174,2022-02-25,0
2020-10-08,9,2183,2022-02-25,0
2020-10-09,17,2200,2022-02-25,0
2020-10-10,16,2216,2022-02-25,0
2020-10-11,16,2232,2022-02-25,0
2020-10-12,20,2252,2022-02-25,0
2020-10-13,14,2266,2022-02-25,0
2020-10-14,10,2276,2022-02-25,0
2020-10-15,9,2285,2022-02-25,0
2020-10-16,12,2297,2022-02-25,0
2020-10-17,18,2315,2022-02-25,0
2020-10-18,25,2340,2022-02-25,0
2020-10-19,18,2358,2022-02-25,0
2020-10-20,15,2373,2022-02-25,0
2020-10-21,24,2397,2022-02-25,0
2020-10-22,18,2415,2022-02-25,0
2020-10-23,19,2434,2022-02-25,0
2020-10-24,8,2442,2022-02-25,0
2020-10-25,17,2459,2022-02-25,0
2020-10-26,25,2484,2022-02-25,0
2020-10-27,23,2507,2022-02-25,0
2020-10-28,29,2536,2022-02-25,0
2020-10-29,18,2554,2022-02-25,0
2020-10-30,27,2581,2022-02-25,0
2020-10-31,25,2606,2022-02-25,0
2020-11-01,21,2627,2022-02-25,0
2020-11-02,25,2652,2022-02-25,0
2020-11-03,25,2677,2022-02-25,0
2020-11-04,33,2710,2022-02-25,0
2020-11-05,38,2748,2022-02-25,0
2020-11-06,39,2787,2022-02-25,0
2020-11-07,42,2829,2022-02-25,0
2020-11-08,47,2876,2022-02-25,0
2020-11-09,37,2913,2022-02-25,0
2020-11-10,35,2948,2022-02-25,0
2020-11-11,43,2991,2022-02-25,0
2020-11-12,45,3036,2022-02-25,0
2020-11-13,40,3076,2022-02-25,0
2020-11-14,48,3124,2022-02-25,0
2020-11-15,46,3170,2022-02-25,0
2020-11-16,62,3232,2022-02-25,0
2020-11-17,56,3288,2022-02-25,0
2020-11-18,61,3349,2022-02-25,0
2020-11-19,60,3409,2022-02-25,0
2020-11-20,63,3472,2022-02-25,0
2020-11-21,58,3530,2022-02-25,0
2020-11-22,67,3597,2022-02-25,0
2020-11-23,59,3656,2022-02-25,0
2020-11-24,69,3725,2022-02-25,0
2020-11-25,72,3797,2022-02-25,0
2020-11-26,54,3851,2022-02-25,0
2020-11-27,69,3920,2022-02-25,0
2020-11-28,62,3982,2022-02-25,0
2020-11-29,68,4050,2022-02-25,0
2020-11-30,62,4112,2022-02-25,0
2020-12-01,64,4176,2022-02-25,0
2020-12-02,73,4249,2022-02-25,0
2020-12-03,86,4335,2022-02-25,0
2020-12-04,67,4402,2022-02-25,0
2020-12-05,74,4476,2022-02-25,0
2020-12-06,80,4556,2022-02-25,0
2020-12-07,75,4631,2022-02-25,0
2020-12-08,61,4692,2022-02-25,0
2020-12-09,71,4763,2022-02-25,0
2020-12-10,72,4835,2022-02-25,0
2020-12-11,71,4906,2022-02-25,0
2020-12-12,72,4978,2022-02-25,0
2020-12-13,56,5034,2022-02-25,0
2020-12-14,43,5077,2022-02-25,0
2020-12-15,65,5142,2022-02-25,0
2020-12-16,74,5216,2022-02-25,0
2020-12-17,60,5276,2022-02-25,0
2020-12-18,59,5335,2022-02-25,0
2020-12-19,56,5391,2022-02-25,0
2020-12-20,61,5452,2022-02-25,0
2020-12-21,58,5510,2022-02-25,0
2020-12-22,33,5543,2022-02-25,0
2020-12-23,46,5589,2022-02-25,0
2020-12-24,51,5640,2022-02-25,0
2020-12-25,36,5676,2022-02-25,0
2020-12-26,43,5719,2022-02-25,0
2020-12-27,41,5760,2022-02-25,0
2020-12-28,34,5794,2022-02-25,0
2020-12-29,37,5831,2022-02-25,0
2020-12-30,47,5878,2022-02-25,0
2020-12-31,36,5914,2022-02-25,0
2021-01-01,28,5942,2022-02-25,0
2021-01-02,49,5991,2022-02-25,0
2021-01-03,37,6028,2022-02-25,0
2021-01-04,32,6060,2022-02-25,0
2021-01-05,40,6100,2022-02-25,0
2021-01-06,32,6132,2022-02-25,0
2021-01-07,38,6170,2022-02-25,0
2021-01-08,32,6202,2022-02-25,0
2021-01-09,26,6228,2022-02-25,0
2021-01-10,30,6258,2022-02-25,0
2021-01-11,27,6285,2022-02-25,0
2021-01-12,32,6317,2022-02-25,0
2021-01-13,23,6340,2022-02-25,0
2021-01-14,42,6382,2022-02-25,0
2021-01-15,26,6408,2022-02-25,0
2021-01-16,30,6438,2022-02-25,0
2021-01-17,21,6459,2022-02-25,0
2021-01-18,19,6478,2022-02-25,0
2021-01-19,14,6492,2022-02-25,0
2021-01-20,26,6518,2022-02-25,0
2021-01-21,16,6534,2022-02-25,0
2021-01-22,14,6548,2022-02-25,0
2021-01-23,17,6565,2022-02-25,0
2021-01-24,24,6589,2022-02-25,0
2021-01-25,19,6608,2022-02-25,0
2021-01-26,21,6629,2022-02-25,0
2021-01-27,11,6640,2022-02-25,0
2021-01-28,12,6652,2022-02-25,0
2021-01-29,15,6667,2022-02-25,0
2021-01-30,13,6680,2022-02-25,0
2021-01-31,16,6696,2022-02-25,0
2021-02-01,17,6713,2022-02-25,0
2021-02-02,10,6723,2022-02-25,0
2021-02-03,11,6734,2022-02-25,0
2021-02-04,11,6745,2022-02-25,0
2021-02-05,13,6758,2022-02-25,0
2021-02-06,12,6770,2022-02-25,0
2021-02-07,19,6789,2022-02-25,0
2021-02-08,11,6800,2022-02-25,0
2021-02-09,15,6815,2022-02-25,0
2021-02-10,14,6829,2022-02-25,0
2021-02-11,7,6836,2022-02-25,0
2021-02-12,13,6849,2022-02-25,0
2021-02-13,8,6857,2022-02-25,0
2021-02-14,10,6867,2022-02-25,0
2021-02-15,9,6876,2022-02-25,0
2021-02-16,12,6888,2022-02-25,0
2021-02-17,10,6898,2022-02-25,0
2021-02-18,7,6905,2022-02-25,0
2021-02-19,6,6911,2022-02-25,0
2021-02-20,7,6918,2022-02-25,0
2021-02-21,4,6922,2022-02-25,0
2021-02-22,5,6927,2022-02-25,0
2021-02-23,9,6936,2022-02-25,0
2021-02-24,5,6941,2022-02-25,0
2021-02-25,5,6946,2022-02-25,0
2021-02-26,7,6953,2022-02-25,0
2021-02-27,6,6959,2022-02-25,0
2021-02-28,8,6967,2022-02-25,0
2021-03-01,7,6974,2022-02-25,0
2021-03-02,3,6977,2022-02-25,0
2021-03-03,10,6987,2022-02-25,0
2021-03-04,6,6993,2022-02-25,0
2021-03-05,10,7003,2022-02-25,0
2021-03-06,5,7008,2022-02-25,0
2021-03-07,9,7017,2022-02-25,0
2021-03-08,5,7022,2022-02-25,0
2021-03-09,7,7029,2022-02-25,0
2021-03-10,5,7034,2022-02-25,0
2021-03-11,4,7038,2022-02-25,0
2021-03-12,11,7049,2022-02-25,0
2021-03-13,5,7054,2022-02-25,0
2021-03-14,5,7059,2022-02-25,0
2021-03-15,2,7061,2022-02-25,0
2021-03-16,6,7067,2022-02-25,0
2021-03-17,4,7071,2022-02-25,0
2021-03-18,5,7076,2022-02-25,0
2021-03-19,5,7081,2022-02-25,0
2021-03-20,9,7090,2022-02-25,0
2021-03-21,5,7095,2022-02-25,0
2021-03-22,4,7099,2022-02-25,0
2021-03-23,5,7104,2022-02-25,0
2021-03-24,1,7105,2022-02-25,0
2021-03-25,5,7110,2022-02-25,0
2021-03-26,3,7113,2022-02-25,0
2021-03-27,7,7120,2022-02-25,0
2021-03-28,6,7126,2022-02-25,0
2021-03-29,5,7131,2022-02-25,0
2021-03-30,6,7137,2022-02-25,0
2021-03-31,8,7145,2022-02-25,0
2021-04-01,6,7151,2022-02-25,0
2021-04-02,9,7160,2022-02-25,0
2021-04-03,8,7168,2022-02-25,0
2021-04-04,6,7174,2022-02-25,0
2021-04-05,8,7182,2022-02-25,0
2021-04-06,7,7189,2022-02-25,0
2021-04-07,6,7195,2022-02-25,0
2021-04-08,10,7205,2022-02-25,0
2021-04-09,7,7212,2022-02-25,0
2021-04-10,7,7219,2022-02-25,0
2021-04-11,8,7227,2022-02-25,0
2021-04-12,10,7237,2022-02-25,0
2021-04-13,7,7244,2022-02-25,0
2021-04-14,8,7252,2022-02-25,0
2021-04-15,14,7266,2022-02-25,0
2021-04-16,8,7274,2022-02-25,0
2021-04-17,8,7282,2022-02-25,0
2021-04-18,8,7290,2022-02-25,0
2021-04-19,10,7300,2022-02-25,0
2021-04-20,5,7305,2022-02-25,0
2021-04-21,8,7313,2022-02-25,0
2021-04-22,3,7316,2022-02-25,0
2021-04-23,15,7331,2022-02-25,0
2021-04-24,11,7342,2022-02-25,0
2021-04-25,15,7357,2022-02-25,0
2021-04-26,15,7372,2022-02-25,0
2021-04-27,7,7379,2022-02-25,0
2021-04-28,14,7393,2022-02-25,0
2021-04-29,8,7401,2022-02-25,0
2021-04-30,11,7412,2022-02-25,0
2021-05-01,7,7419,2022-02-25,0
2021-05-02,8,7427,2022-02-25,0
2021-05-03,5,7432,2022-02-25,0
2021-05-04,13,7445,2022-02-25,0
2021-05-05,8,7453,2022-02-25,0
2021-05-06,5,7458,2022-02-25,0
2021-05-07,8,7466,2022-02-25,0
2021-05-08,7,7473,2022-02-25,0
2021-05-09,9,7482,2022-02-25,0
2021-05-10,8,7490,2022-02-25,0
2021-05-11,6,7496,2022-02-25,0
2021-05-12,9,7505,2022-02-25,0
2021-05-13,9,7514,2022-02-25,0
2021-05-14,11,7525,2022-02-25,0
2021-05-15,10,7535,2022-02-25,0
2021-05-16,6,7541,2022-02-25,0
2021-05-17,6,7547,2022-02-25,0
2021-05-18,7,7554,2022-02-25,0
2021-05-19,2,7556,2022-02-25,0
2021-05-20,5,7561,2022-02-25,0
2021-05-21,7,7568,2022-02-25,0
2021-05-22,12,7580,2022-02-25,0
2021-05-23,5,7585,2022-02-25,0
2021-05-24,5,7590,2022-02-25,0
2021-05-25,6,7596,2022-02-25,0
2021-05-26,3,7599,2022-02-25,0
2021-05-27,7,7606,2022-02-25,0
2021-05-28,2,7608,2022-02-25,0
2021-05-29,6,7614,2022-02-25,0
2021-05-30,4,7618,2022-02-25,0
2021-05-31,3,7621,2022-02-25,0
2021-06-01,5,7626,2022-02-25,0
2021-06-02,8,7634,2022-02-25,0
2021-06-03,4,7638,2022-02-25,0
2021-06-04,4,7642,2022-02-25,0
2021-06-05,2,7644,2022-02-25,0
2021-06-06,5,7649,2022-02-25,0
2021-06-07,3,7652,2022-02-25,0
2021-06-08,5,7657,2022-02-25,0
2021-06-09,4,7661,2022-02-25,0
2021-06-10,6,7667,2022-02-25,0
2021-06-11,6,7673,2022-02-25,0
2021-06-12,4,7677,2022-02-25,0
2021-06-13,4,7681,2022-02-25,0
2021-06-14,3,7684,2022-02-25,0
2021-06-15,2,7686,2022-02-25,0
2021-06-16,2,7688,2022-02-25,0
2021-06-17,4,7692,2022-02-25,0
2021-06-18,2,7694,2022-02-25,0
2021-06-19,6,7700,2022-02-25,0
2021-06-20,1,7701,2022-02-25,0
2021-06-21,5,7706,2022-02-25,0
2021-06-22,3,7709,2022-02-25,0
2021-06-23,4,7713,2022-02-25,0
2021-06-24,3,7716,2022-02-25,0
2021-06-25,3,7719,2022-02-25,0
2021-06-26,4,7723,2022-02-25,0
2021-06-27,2,7725,2022-02-25,0
2021-06-28,2,7727,2022-02-25,0
2021-06-29,2,7729,2022-02-25,0
2021-06-30,2,7731,2022-02-25,0
2021-07-01,0,7731,2022-02-25,0
2021-07-02,2,7733,2022-02-25,0
2021-07-03,2,7735,2022-02-25,0
2021-07-04,3,7738,2022-02-25,0
2021-07-05,1,7739,2022-02-25,0
2021-07-06,5,7744,2022-02-25,0
2021-07-07,1,7745,2022-02-25,0
2021-07-08,1,7746,2022-02-25,0
2021-07-09,0,7746,2022-02-25,0
2021-07-10,1,7747,2022-02-25,0
2021-07-11,3,7750,2022-02-25,0
2021-07-12,1,7751,2022-02-25,0
2021-07-13,2,7753,2022-02-25,0
2021-07-14,2,7755,2022-02-25,0
2021-07-15,2,7757,2022-02-25,0
2021-07-16,1,7758,2022-02-25,0
2021-07-17,1,7759,2022-02-25,0
2021-07-18,0,7759,2022-02-25,0
2021-07-19,0,7759,2022-02-25,0
2021-07-20,2,7761,2022-02-25,0
2021-07-21,3,7764,2022-02-25,0
2021-07-22,2,7766,2022-02-25,0
2021-07-23,3,7769,2022-02-25,0
2021-07-24,0,7769,2022-02-25,0
2021-07-25,2,7771,2022-02-25,0
2021-07-26,1,7772,2022-02-25,0
2021-07-27,2,7774,2022-02-25,0
2021-07-28,3,7777,2022-02-25,0
2021-07-29,2,7779,2022-02-25,0
2021-07-30,5,7784,2022-02-25,0
2021-07-31,4,7788,2022-02-25,0
2021-08-01,1,7789,2022-02-25,0
2021-08-02,3,7792,2022-02-25,0
2021-08-03,2,7794,2022-02-25,0
2021-08-04,3,7797,2022-02-25,0
2021-08-05,2,7799,2022-02-25,0
2021-08-06,8,7807,2022-02-25,0
2021-08-07,3,7810,2022-02-25,0
2021-08-08,3,7813,2022-02-25,0
2021-08-09,3,7816,2022-02-25,0
2021-08-10,2,7818,2022-02-25,0
2021-08-11,2,7820,2022-02-25,0
2021-08-12,7,7827,2022-02-25,0
2021-08-13,5,7832,2022-02-25,0
2021-08-14,6,7838,2022-02-25,0
2021-08-15,0,7838,2022-02-25,0
2021-08-16,7,7845,2022-02-25,0
2021-08-17,7,7852,2022-02-25,0
2021-08-18,9,7861,2022-02-25,0
2021-08-19,2,7863,2022-02-25,0
2021-08-20,3,7866,2022-02-25,0
2021-08-21,5,7871,2022-02-25,0
2021-08-22,7,7878,2022-02-25,0
2021-08-23,5,7883,2022-02-25,0
2021-08-24,12,7895,2022-02-25,0
2021-08-25,7,7902,2022-02-25,0
2021-08-26,2,7904,2022-02-25,0
2021-08-27,6,7910,2022-02-25,0
2021-08-28,11,7921,2022-02-25,0
2021-08-29,11,7932,2022-02-25,0
2021-08-30,8,7940,2022-02-25,0
2021-08-31,8,7948,2022-02-25,0
2021-09-01,6,7954,2022-02-25,0
2021-09-02,6,7960,2022-02-25,0
2021-09-03,9,7969,2022-02-25,0
2021-09-04,9,7978,2022-02-25,0
2021-09-05,10,7988,2022-02-25,0
2021-09-06,8,7996,2022-02-25,0
2021-09-07,7,8003,2022-02-25,0
2021-09-08,11,8014,2022-02-25,0
2021-09-09,5,8019,2022-02-25,0
2021-09-10,9,8028,2022-02-25,0
2021-09-11,17,8045,2022-02-25,0
2021-09-12,10,8055,2022-02-25,0
2021-09-13,8,8063,2022-02-25,0
2021-09-14,11,8074,2022-02-25,0
2021-09-15,14,8088,2022-02-25,0
2021-09-16,16,8104,2022-02-25,0
2021-09-17,8,8112,2022-02-25,0
2021-09-18,15,8127,2022-02-25,0
2021-09-19,11,8138,2022-02-25,0
2021-09-20,16,8154,2022-02-25,0
2021-09-21,16,8170,2022-02-25,0
2021-09-22,17,8187,2022-02-25,0
2021-09-23,13,8200,2022-02-25,0
2021-09-24,13,8213,2022-02-25,0
2021-09-25,16,8229,2022-02-25,0
2021-09-26,15,8244,2022-02-25,0
2021-09-27,15,8259,2022-02-25,0
2021-09-28,11,8270,2022-02-25,0
2021-09-29,21,8291,2022-02-25,0
2021-09-30,17,8308,2022-02-25,0
2021-10-01,13,8321,2022-02-25,0
2021-10-02,15,8336,2022-02-25,0
2021-10-03,23,8359,2022-02-25,0
2021-10-04,15,8374,2022-02-25,0
2021-10-05,23,8397,2022-02-25,0
2021-10-06,21,8418,2022-02-25,0
2021-10-07,14,8432,2022-02-25,0
2021-10-08,22,8454,2022-02-25,0
2021-10-09,20,8474,2022-02-25,0
2021-10-10,14,8488,2022-02-25,0
2021-10-11,11,8499,2022-02-25,0
2021-10-12,25,8524,2022-02-25,0
2021-10-13,21,8545,2022-02-25,0
2021-10-14,22,8567,2022-02-25,0
2021-10-15,14,8581,2022-02-25,0
2021-10-16,20,8601,2022-02-25,0
2021-10-17,18,8619,2022-02-25,0
2021-10-18,17,8636,2022-02-25,0
2021-10-19,26,8662,2022-02-25,0
2021-10-20,16,8678,2022-02-25,0
2021-10-21,9,8687,2022-02-25,0
2021-10-22,23,8710,2022-02-25,0
2021-10-23,24,8734,2022-02-25,0
2021-10-24,25,8759,2022-02-25,0
2021-10-25,20,8779,2022-02-25,0
2021-10-26,22,8801,2022-02-25,0
2021-10-27,16,8817,2022-02-25,0
2021-10-28,24,8841,2022-02-25,0
2021-10-29,20,8861,2022-02-25,0
2021-10-30,20,8881,2022-02-25,0
2021-10-31,27,8908,2022-02-25,0
2021-11-01,18,8926,2022-02-25,0
2021-11-02,18,8944,2022-02-25,0
2021-11-03,28,8972,2022-02-25,0
2021-11-04,27,8999,2022-02-25,0
2021-11-05,29,9028,2022-02-25,0
2021-11-06,16,9044,2022-02-25,0
2021-11-07,24,9068,2022-02-25,0
2021-11-08,28,9096,2022-02-25,0
2021-11-09,17,9113,2022-02-25,0
2021-11-10,18,9131,2022-02-25,0
2021-11-11,28,9159,2022-02-25,0
2021-11-12,29,9188,2022-02-25,0
2021-11-13,31,9219,2022-02-25,0
2021-11-14,24,9243,2022-02-25,0
2021-11-15,28,9271,2022-02-25,0
2021-11-16,25,9296,2022-02-25,0
2021-11-17,37,9333,2022-02-25,0
2021-11-18,38,9371,2022-02-25,0
2021-11-19,34,9405,2022-02-25,0
2021-11-20,30,9435,2022-02-25,0
2021-11-21,32,9467,2022-02-25,0
2021-11-22,30,9497,2022-02-25,0
2021-11-23,32,9529,2022-02-25,0
2021-11-24,25,9554,2022-02-25,0
2021-11-25,35,9589,2022-02-25,0
2021-11-26,51,9640,2022-02-25,0
2021-11-27,36,9676,2022-02-25,0
2021-11-28,39,9715,2022-02-25,0
2021-11-29,29,9744,2022-02-25,0
2021-11-30,30,9774,2022-02-25,0
2021-12-01,47,9821,2022-02-25,0
2021-12-02,40,9861,2022-02-25,0
2021-12-03,31,9892,2022-02-25,0
2021-12-04,42,9934,2022-02-25,0
2021-12-05,36,9970,2022-02-25,0
2021-12-06,35,10005,2022-02-25,0
2021-12-07,36,10041,2022-02-25,0
2021-12-08,38,10079,2022-02-25,0
2021-12-09,47,10126,2022-02-25,0
2021-12-10,34,10160,2022-02-25,0
2021-12-11,27,10187,2022-02-25,0
2021-12-12,36,10223,2022-02-25,0
2021-12-13,34,10257,2022-02-25,0
2021-12-14,35,10292,2022-02-25,0
2021-12-15,41,10333,2022-02-25,0
2021-12-16,32,10365,2022-02-25,0
2021-12-17,41,10406,2022-02-25,0
2021-12-18,33,10439,2022-02-25,1
2021-12-19,30,10469,2022-02-25,0
2021-12-20,33,10502,2022-02-25,0
2021-12-21,28,10530,2022-02-25,0
2021-12-22,29,10559,2022-02-25,0
2021-12-23,27,10586,2022-02-25,0
2021-12-24,30,10616,2022-02-25,0
2021-12-25,28,10644,2022-02-25,0
2021-12-26,42,10686,2022-02-25,0
2021-12-27,31,10717,2022-02-25,0
2021-12-28,35,10752,2022-02-25,1
2021-12-29,29,10781,2022-02-25,0
2021-12-30,19,10800,2022-02-25,0
2021-12-31,40,10840,2022-02-25,1
2022-01-01,27,10867,2022-02-25,0
2022-01-02,22,10889,2022-02-25,0
2022-01-03,23,10912,2022-02-25,0
2022-01-04,30,10942,2022-02-25,0
2022-01-05,31,10973,2022-02-25,0
2022-01-06,32,11005,2022-02-25,0
2022-01-07,28,11033,2022-02-25,0
2022-01-08,40,11073,2022-02-25,0
2022-01-09,18,11091,2022-02-25,0
2022-01-10,31,11122,2022-02-25,0
2022-01-11,18,11140,2022-02-25,0
2022-01-12,19,11159,2022-02-25,0
2022-01-13,27,11186,2022-02-25,0
2022-01-14,33,11219,2022-02-25,0
2022-01-15,26,11245,2022-02-25,0
2022-01-16,33,11278,2022-02-25,0
2022-01-17,36,11314,2022-02-25,0
2022-01-18,24,11338,2022-02-25,0
2022-01-19,29,11367,2022-02-25,0
2022-01-20,30,11397,2022-02-25,0
2022-01-21,27,11424,2022-02-25,0
2022-01-22,25,11449,2022-02-25,0
2022-01-23,22,11471,2022-02-25,0
2022-01-24,34,11505,2022-02-25,0
2022-01-25,33,11538,2022-02-25,0
2022-01-26,34,11572,2022-02-25,0
2022-01-27,35,11607,2022-02-25,0
2022-01-28,30,11637,2022-02-25,0
2022-01-29,28,11665,2022-02-25,0
2022-01-30,27,11692,2022-02-25,0
2022-01-31,18,11710,2022-02-25,1
2022-02-01,24,11734,2022-02-25,0
2022-02-02,22,11756,2022-02-25,0
2022-02-03,28,11784,2022-02-25,0
2022-02-04,20,11804,2022-02-25,1
2022-02-05,27,11831,2022-02-25,0
2022-02-06,26,11857,2022-02-25,0
2022-02-07,15,11872,2022-02-25,0
2022-02-08,26,11898,2022-02-25,0
2022-02-09,24,11922,2022-02-25,0
2022-02-10,21,11943,2022-02-25,0
2022-02-11,19,11962,2022-02-25,1
2022-02-12,14,11976,2022-02-25,0
2022-02-13,16,11992,2022-02-25,0
2022-02-14,13,12005,2022-02-25,0
2022-02-15,19,12024,2022-02-25,0
2022-02-16,10,12034,2022-02-25,1
2022-02-17,11,12045,2022-02-25,0
2022-02-18,10,12055,2022-02-25,0
2022-02-19,13,12068,2022-02-25,4
2022-02-20,9,12077,2022-02-25,0
2022-02-21,3,12080,2022-02-25,3
2022-02-22,1,12081,2022-02-25,1
NA,0,12081,2022-02-25,0
2020-03-19,1,1,2022-02-28,0
2020-03-20,0,1,2022-02-28,0
2020-03-21,0,1,2022-02-28,0
2020-03-22,0,1,2022-02-28,0
2020-03-23,0,1,2022-02-28,0
2020-03-24,1,2,2022-02-28,0
2020-03-25,1,3,2022-02-28,0
2020-03-26,1,4,2022-02-28,0
2020-03-27,5,9,2022-02-28,0
2020-03-28,3,12,2022-02-28,0
2020-03-29,0,12,2022-02-28,0
2020-03-30,5,17,2022-02-28,0
2020-03-31,2,19,2022-02-28,0
2020-04-01,5,24,2022-02-28,0
2020-04-02,3,27,2022-02-28,0
2020-04-03,1,28,2022-02-28,0
2020-04-04,5,33,2022-02-28,0
2020-04-05,5,38,2022-02-28,0
2020-04-06,10,48,2022-02-28,0
2020-04-07,6,54,2022-02-28,0
2020-04-08,7,61,2022-02-28,0
2020-04-09,8,69,2022-02-28,0
2020-04-10,6,75,2022-02-28,0
2020-04-11,4,79,2022-02-28,0
2020-04-12,4,83,2022-02-28,0
2020-04-13,10,93,2022-02-28,0
2020-04-14,6,99,2022-02-28,0
2020-04-15,17,116,2022-02-28,0
2020-04-16,10,126,2022-02-28,0
2020-04-17,17,143,2022-02-28,0
2020-04-18,17,160,2022-02-28,0
2020-04-19,16,176,2022-02-28,0
2020-04-20,21,197,2022-02-28,0
2020-04-21,26,223,2022-02-28,0
2020-04-22,21,244,2022-02-28,0
2020-04-23,19,263,2022-02-28,0
2020-04-24,23,286,2022-02-28,0
2020-04-25,18,304,2022-02-28,0
2020-04-26,17,321,2022-02-28,0
2020-04-27,21,342,2022-02-28,0
2020-04-28,16,358,2022-02-28,0
2020-04-29,29,387,2022-02-28,0
2020-04-30,18,405,2022-02-28,0
2020-05-01,30,435,2022-02-28,0
2020-05-02,19,454,2022-02-28,0
2020-05-03,29,483,2022-02-28,0
2020-05-04,23,506,2022-02-28,0
2020-05-05,19,525,2022-02-28,0
2020-05-06,25,550,2022-02-28,0
2020-05-07,30,580,2022-02-28,0
2020-05-08,20,600,2022-02-28,0
2020-05-09,26,626,2022-02-28,0
2020-05-10,19,645,2022-02-28,0
2020-05-11,25,670,2022-02-28,0
2020-05-12,20,690,2022-02-28,0
2020-05-13,22,712,2022-02-28,0
2020-05-14,20,732,2022-02-28,0
2020-05-15,20,752,2022-02-28,0
2020-05-16,20,772,2022-02-28,0
2020-05-17,23,795,2022-02-28,0
2020-05-18,18,813,2022-02-28,0
2020-05-19,35,848,2022-02-28,0
2020-05-20,24,872,2022-02-28,0
2020-05-21,17,889,2022-02-28,0
2020-05-22,20,909,2022-02-28,0
2020-05-23,26,935,2022-02-28,0
2020-05-24,25,960,2022-02-28,0
2020-05-25,30,990,2022-02-28,0
2020-05-26,29,1019,2022-02-28,0
2020-05-27,25,1044,2022-02-28,0
2020-05-28,21,1065,2022-02-28,0
2020-05-29,17,1082,2022-02-28,0
2020-05-30,11,1093,2022-02-28,0
2020-05-31,20,1113,2022-02-28,0
2020-06-01,23,1136,2022-02-28,0
2020-06-02,21,1157,2022-02-28,0
2020-06-03,25,1182,2022-02-28,0
2020-06-04,26,1208,2022-02-28,0
2020-06-05,18,1226,2022-02-28,0
2020-06-06,12,1238,2022-02-28,0
2020-06-07,22,1260,2022-02-28,0
2020-06-08,12,1272,2022-02-28,0
2020-06-09,13,1285,2022-02-28,0
2020-06-10,10,1295,2022-02-28,0
2020-06-11,12,1307,2022-02-28,0
2020-06-12,11,1318,2022-02-28,0
2020-06-13,13,1331,2022-02-28,0
2020-06-14,11,1342,2022-02-28,0
2020-06-15,8,1350,2022-02-28,0
2020-06-16,9,1359,2022-02-28,0
2020-06-17,17,1376,2022-02-28,0
2020-06-18,9,1385,2022-02-28,0
2020-06-19,8,1393,2022-02-28,0
2020-06-20,12,1405,2022-02-28,0
2020-06-21,11,1416,2022-02-28,0
2020-06-22,6,1422,2022-02-28,0
2020-06-23,10,1432,2022-02-28,0
2020-06-24,1,1433,2022-02-28,0
2020-06-25,9,1442,2022-02-28,0
2020-06-26,6,1448,2022-02-28,0
2020-06-27,5,1453,2022-02-28,0
2020-06-28,11,1464,2022-02-28,0
2020-06-29,7,1471,2022-02-28,0
2020-06-30,9,1480,2022-02-28,0
2020-07-01,2,1482,2022-02-28,0
2020-07-02,3,1485,2022-02-28,0
2020-07-03,5,1490,2022-02-28,0
2020-07-04,4,1494,2022-02-28,0
2020-07-05,6,1500,2022-02-28,0
2020-07-06,4,1504,2022-02-28,0
2020-07-07,2,1506,2022-02-28,0
2020-07-08,9,1515,2022-02-28,0
2020-07-09,4,1519,2022-02-28,0
2020-07-10,3,1522,2022-02-28,0
2020-07-11,4,1526,2022-02-28,0
2020-07-12,6,1532,2022-02-28,0
2020-07-13,2,1534,2022-02-28,0
2020-07-14,6,1540,2022-02-28,0
2020-07-15,7,1547,2022-02-28,0
2020-07-16,3,1550,2022-02-28,0
2020-07-17,7,1557,2022-02-28,0
2020-07-18,6,1563,2022-02-28,0
2020-07-19,5,1568,2022-02-28,0
2020-07-20,3,1571,2022-02-28,0
2020-07-21,6,1577,2022-02-28,0
2020-07-22,5,1582,2022-02-28,0
2020-07-23,8,1590,2022-02-28,0
2020-07-24,6,1596,2022-02-28,0
2020-07-25,2,1598,2022-02-28,0
2020-07-26,5,1603,2022-02-28,0
2020-07-27,5,1608,2022-02-28,0
2020-07-28,7,1615,2022-02-28,0
2020-07-29,3,1618,2022-02-28,0
2020-07-30,6,1624,2022-02-28,0
2020-07-31,9,1633,2022-02-28,0
2020-08-01,4,1637,2022-02-28,0
2020-08-02,7,1644,2022-02-28,0
2020-08-03,4,1648,2022-02-28,0
2020-08-04,7,1655,2022-02-28,0
2020-08-05,8,1663,2022-02-28,0
2020-08-06,9,1672,2022-02-28,0
2020-08-07,7,1679,2022-02-28,0
2020-08-08,6,1685,2022-02-28,0
2020-08-09,10,1695,2022-02-28,0
2020-08-10,3,1698,2022-02-28,0
2020-08-11,9,1707,2022-02-28,0
2020-08-12,7,1714,2022-02-28,0
2020-08-13,5,1719,2022-02-28,0
2020-08-14,9,1728,2022-02-28,0
2020-08-15,13,1741,2022-02-28,0
2020-08-16,13,1754,2022-02-28,0
2020-08-17,6,1760,2022-02-28,0
2020-08-18,11,1771,2022-02-28,0
2020-08-19,3,1774,2022-02-28,0
2020-08-20,10,1784,2022-02-28,0
2020-08-21,12,1796,2022-02-28,0
2020-08-22,9,1805,2022-02-28,0
2020-08-23,7,1812,2022-02-28,0
2020-08-24,9,1821,2022-02-28,0
2020-08-25,4,1825,2022-02-28,0
2020-08-26,3,1828,2022-02-28,0
2020-08-27,7,1835,2022-02-28,0
2020-08-28,6,1841,2022-02-28,0
2020-08-29,3,1844,2022-02-28,0
2020-08-30,5,1849,2022-02-28,0
2020-08-31,9,1858,2022-02-28,0
2020-09-01,2,1860,2022-02-28,0
2020-09-02,7,1867,2022-02-28,0
2020-09-03,12,1879,2022-02-28,0
2020-09-04,4,1883,2022-02-28,0
2020-09-05,6,1889,2022-02-28,0
2020-09-06,12,1901,2022-02-28,0
2020-09-07,3,1904,2022-02-28,0
2020-09-08,6,1910,2022-02-28,0
2020-09-09,10,1920,2022-02-28,0
2020-09-10,9,1929,2022-02-28,0
2020-09-11,11,1940,2022-02-28,0
2020-09-12,8,1948,2022-02-28,0
2020-09-13,8,1956,2022-02-28,0
2020-09-14,2,1958,2022-02-28,0
2020-09-15,7,1965,2022-02-28,0
2020-09-16,9,1974,2022-02-28,0
2020-09-17,5,1979,2022-02-28,0
2020-09-18,6,1985,2022-02-28,0
2020-09-19,4,1989,2022-02-28,0
2020-09-20,9,1998,2022-02-28,0
2020-09-21,7,2005,2022-02-28,0
2020-09-22,8,2013,2022-02-28,0
2020-09-23,9,2022,2022-02-28,0
2020-09-24,8,2030,2022-02-28,0
2020-09-25,11,2041,2022-02-28,0
2020-09-26,9,2050,2022-02-28,0
2020-09-27,14,2064,2022-02-28,0
2020-09-28,11,2075,2022-02-28,0
2020-09-29,5,2080,2022-02-28,0
2020-09-30,16,2096,2022-02-28,0
2020-10-01,7,2103,2022-02-28,0
2020-10-02,13,2116,2022-02-28,0
2020-10-03,9,2125,2022-02-28,0
2020-10-04,7,2132,2022-02-28,0
2020-10-05,10,2142,2022-02-28,0
2020-10-06,13,2155,2022-02-28,0
2020-10-07,19,2174,2022-02-28,0
2020-10-08,9,2183,2022-02-28,0
2020-10-09,17,2200,2022-02-28,0
2020-10-10,16,2216,2022-02-28,0
2020-10-11,16,2232,2022-02-28,0
2020-10-12,20,2252,2022-02-28,0
2020-10-13,14,2266,2022-02-28,0
2020-10-14,10,2276,2022-02-28,0
2020-10-15,9,2285,2022-02-28,0
2020-10-16,12,2297,2022-02-28,0
2020-10-17,18,2315,2022-02-28,0
2020-10-18,25,2340,2022-02-28,0
2020-10-19,18,2358,2022-02-28,0
2020-10-20,15,2373,2022-02-28,0
2020-10-21,24,2397,2022-02-28,0
2020-10-22,18,2415,2022-02-28,0
2020-10-23,19,2434,2022-02-28,0
2020-10-24,8,2442,2022-02-28,0
2020-10-25,17,2459,2022-02-28,0
2020-10-26,25,2484,2022-02-28,0
2020-10-27,23,2507,2022-02-28,0
2020-10-28,29,2536,2022-02-28,0
2020-10-29,18,2554,2022-02-28,0
2020-10-30,27,2581,2022-02-28,0
2020-10-31,25,2606,2022-02-28,0
2020-11-01,21,2627,2022-02-28,0
2020-11-02,25,2652,2022-02-28,0
2020-11-03,25,2677,2022-02-28,0
2020-11-04,33,2710,2022-02-28,0
2020-11-05,38,2748,2022-02-28,0
2020-11-06,39,2787,2022-02-28,0
2020-11-07,42,2829,2022-02-28,0
2020-11-08,47,2876,2022-02-28,0
2020-11-09,37,2913,2022-02-28,0
2020-11-10,35,2948,2022-02-28,0
2020-11-11,43,2991,2022-02-28,0
2020-11-12,45,3036,2022-02-28,0
2020-11-13,40,3076,2022-02-28,0
2020-11-14,48,3124,2022-02-28,0
2020-11-15,46,3170,2022-02-28,0
2020-11-16,62,3232,2022-02-28,0
2020-11-17,56,3288,2022-02-28,0
2020-11-18,61,3349,2022-02-28,0
2020-11-19,60,3409,2022-02-28,0
2020-11-20,63,3472,2022-02-28,0
2020-11-21,58,3530,2022-02-28,0
2020-11-22,67,3597,2022-02-28,0
2020-11-23,59,3656,2022-02-28,0
2020-11-24,69,3725,2022-02-28,0
2020-11-25,72,3797,2022-02-28,0
2020-11-26,54,3851,2022-02-28,0
2020-11-27,69,3920,2022-02-28,0
2020-11-28,62,3982,2022-02-28,0
2020-11-29,68,4050,2022-02-28,0
2020-11-30,62,4112,2022-02-28,0
2020-12-01,64,4176,2022-02-28,0
2020-12-02,73,4249,2022-02-28,0
2020-12-03,86,4335,2022-02-28,0
2020-12-04,67,4402,2022-02-28,0
2020-12-05,74,4476,2022-02-28,0
2020-12-06,80,4556,2022-02-28,0
2020-12-07,75,4631,2022-02-28,0
2020-12-08,61,4692,2022-02-28,0
2020-12-09,71,4763,2022-02-28,0
2020-12-10,72,4835,2022-02-28,0
2020-12-11,71,4906,2022-02-28,0
2020-12-12,72,4978,2022-02-28,0
2020-12-13,56,5034,2022-02-28,0
2020-12-14,43,5077,2022-02-28,0
2020-12-15,65,5142,2022-02-28,0
2020-12-16,74,5216,2022-02-28,0
2020-12-17,60,5276,2022-02-28,0
2020-12-18,59,5335,2022-02-28,0
2020-12-19,56,5391,2022-02-28,0
2020-12-20,61,5452,2022-02-28,0
2020-12-21,58,5510,2022-02-28,0
2020-12-22,33,5543,2022-02-28,0
2020-12-23,46,5589,2022-02-28,0
2020-12-24,51,5640,2022-02-28,0
2020-12-25,36,5676,2022-02-28,0
2020-12-26,43,5719,2022-02-28,0
2020-12-27,41,5760,2022-02-28,0
2020-12-28,34,5794,2022-02-28,0
2020-12-29,37,5831,2022-02-28,0
2020-12-30,47,5878,2022-02-28,0
2020-12-31,36,5914,2022-02-28,0
2021-01-01,28,5942,2022-02-28,0
2021-01-02,49,5991,2022-02-28,0
2021-01-03,37,6028,2022-02-28,0
2021-01-04,32,6060,2022-02-28,0
2021-01-05,40,6100,2022-02-28,0
2021-01-06,32,6132,2022-02-28,0
2021-01-07,38,6170,2022-02-28,0
2021-01-08,32,6202,2022-02-28,0
2021-01-09,26,6228,2022-02-28,0
2021-01-10,30,6258,2022-02-28,0
2021-01-11,27,6285,2022-02-28,0
2021-01-12,32,6317,2022-02-28,0
2021-01-13,23,6340,2022-02-28,0
2021-01-14,42,6382,2022-02-28,0
2021-01-15,26,6408,2022-02-28,0
2021-01-16,30,6438,2022-02-28,0
2021-01-17,21,6459,2022-02-28,0
2021-01-18,19,6478,2022-02-28,0
2021-01-19,14,6492,2022-02-28,0
2021-01-20,26,6518,2022-02-28,0
2021-01-21,16,6534,2022-02-28,0
2021-01-22,14,6548,2022-02-28,0
2021-01-23,17,6565,2022-02-28,0
2021-01-24,24,6589,2022-02-28,0
2021-01-25,19,6608,2022-02-28,0
2021-01-26,21,6629,2022-02-28,0
2021-01-27,11,6640,2022-02-28,0
2021-01-28,12,6652,2022-02-28,0
2021-01-29,15,6667,2022-02-28,0
2021-01-30,13,6680,2022-02-28,0
2021-01-31,17,6697,2022-02-28,1
2021-02-01,17,6714,2022-02-28,0
2021-02-02,10,6724,2022-02-28,0
2021-02-03,11,6735,2022-02-28,0
2021-02-04,11,6746,2022-02-28,0
2021-02-05,13,6759,2022-02-28,0
2021-02-06,12,6771,2022-02-28,0
2021-02-07,19,6790,2022-02-28,0
2021-02-08,11,6801,2022-02-28,0
2021-02-09,15,6816,2022-02-28,0
2021-02-10,14,6830,2022-02-28,0
2021-02-11,7,6837,2022-02-28,0
2021-02-12,14,6851,2022-02-28,1
2021-02-13,8,6859,2022-02-28,0
2021-02-14,10,6869,2022-02-28,0
2021-02-15,9,6878,2022-02-28,0
2021-02-16,12,6890,2022-02-28,0
2021-02-17,10,6900,2022-02-28,0
2021-02-18,7,6907,2022-02-28,0
2021-02-19,6,6913,2022-02-28,0
2021-02-20,7,6920,2022-02-28,0
2021-02-21,4,6924,2022-02-28,0
2021-02-22,5,6929,2022-02-28,0
2021-02-23,9,6938,2022-02-28,0
2021-02-24,5,6943,2022-02-28,0
2021-02-25,5,6948,2022-02-28,0
2021-02-26,7,6955,2022-02-28,0
2021-02-27,6,6961,2022-02-28,0
2021-02-28,8,6969,2022-02-28,0
2021-03-01,7,6976,2022-02-28,0
2021-03-02,3,6979,2022-02-28,0
2021-03-03,10,6989,2022-02-28,0
2021-03-04,6,6995,2022-02-28,0
2021-03-05,10,7005,2022-02-28,0
2021-03-06,5,7010,2022-02-28,0
2021-03-07,9,7019,2022-02-28,0
2021-03-08,5,7024,2022-02-28,0
2021-03-09,7,7031,2022-02-28,0
2021-03-10,5,7036,2022-02-28,0
2021-03-11,4,7040,2022-02-28,0
2021-03-12,11,7051,2022-02-28,0
2021-03-13,5,7056,2022-02-28,0
2021-03-14,5,7061,2022-02-28,0
2021-03-15,2,7063,2022-02-28,0
2021-03-16,6,7069,2022-02-28,0
2021-03-17,4,7073,2022-02-28,0
2021-03-18,5,7078,2022-02-28,0
2021-03-19,5,7083,2022-02-28,0
2021-03-20,9,7092,2022-02-28,0
2021-03-21,5,7097,2022-02-28,0
2021-03-22,4,7101,2022-02-28,0
2021-03-23,5,7106,2022-02-28,0
2021-03-24,1,7107,2022-02-28,0
2021-03-25,5,7112,2022-02-28,0
2021-03-26,3,7115,2022-02-28,0
2021-03-27,7,7122,2022-02-28,0
2021-03-28,6,7128,2022-02-28,0
2021-03-29,5,7133,2022-02-28,0
2021-03-30,6,7139,2022-02-28,0
2021-03-31,8,7147,2022-02-28,0
2021-04-01,6,7153,2022-02-28,0
2021-04-02,9,7162,2022-02-28,0
2021-04-03,8,7170,2022-02-28,0
2021-04-04,6,7176,2022-02-28,0
2021-04-05,8,7184,2022-02-28,0
2021-04-06,7,7191,2022-02-28,0
2021-04-07,6,7197,2022-02-28,0
2021-04-08,10,7207,2022-02-28,0
2021-04-09,7,7214,2022-02-28,0
2021-04-10,7,7221,2022-02-28,0
2021-04-11,8,7229,2022-02-28,0
2021-04-12,10,7239,2022-02-28,0
2021-04-13,7,7246,2022-02-28,0
2021-04-14,8,7254,2022-02-28,0
2021-04-15,14,7268,2022-02-28,0
2021-04-16,8,7276,2022-02-28,0
2021-04-17,8,7284,2022-02-28,0
2021-04-18,8,7292,2022-02-28,0
2021-04-19,10,7302,2022-02-28,0
2021-04-20,5,7307,2022-02-28,0
2021-04-21,8,7315,2022-02-28,0
2021-04-22,3,7318,2022-02-28,0
2021-04-23,15,7333,2022-02-28,0
2021-04-24,11,7344,2022-02-28,0
2021-04-25,15,7359,2022-02-28,0
2021-04-26,15,7374,2022-02-28,0
2021-04-27,7,7381,2022-02-28,0
2021-04-28,14,7395,2022-02-28,0
2021-04-29,8,7403,2022-02-28,0
2021-04-30,11,7414,2022-02-28,0
2021-05-01,7,7421,2022-02-28,0
2021-05-02,8,7429,2022-02-28,0
2021-05-03,5,7434,2022-02-28,0
2021-05-04,13,7447,2022-02-28,0
2021-05-05,8,7455,2022-02-28,0
2021-05-06,5,7460,2022-02-28,0
2021-05-07,8,7468,2022-02-28,0
2021-05-08,7,7475,2022-02-28,0
2021-05-09,9,7484,2022-02-28,0
2021-05-10,8,7492,2022-02-28,0
2021-05-11,6,7498,2022-02-28,0
2021-05-12,9,7507,2022-02-28,0
2021-05-13,9,7516,2022-02-28,0
2021-05-14,11,7527,2022-02-28,0
2021-05-15,10,7537,2022-02-28,0
2021-05-16,6,7543,2022-02-28,0
2021-05-17,6,7549,2022-02-28,0
2021-05-18,7,7556,2022-02-28,0
2021-05-19,2,7558,2022-02-28,0
2021-05-20,5,7563,2022-02-28,0
2021-05-21,7,7570,2022-02-28,0
2021-05-22,12,7582,2022-02-28,0
2021-05-23,5,7587,2022-02-28,0
2021-05-24,5,7592,2022-02-28,0
2021-05-25,6,7598,2022-02-28,0
2021-05-26,3,7601,2022-02-28,0
2021-05-27,7,7608,2022-02-28,0
2021-05-28,2,7610,2022-02-28,0
2021-05-29,6,7616,2022-02-28,0
2021-05-30,4,7620,2022-02-28,0
2021-05-31,3,7623,2022-02-28,0
2021-06-01,5,7628,2022-02-28,0
2021-06-02,8,7636,2022-02-28,0
2021-06-03,4,7640,2022-02-28,0
2021-06-04,4,7644,2022-02-28,0
2021-06-05,2,7646,2022-02-28,0
2021-06-06,5,7651,2022-02-28,0
2021-06-07,3,7654,2022-02-28,0
2021-06-08,5,7659,2022-02-28,0
2021-06-09,4,7663,2022-02-28,0
2021-06-10,6,7669,2022-02-28,0
2021-06-11,6,7675,2022-02-28,0
2021-06-12,4,7679,2022-02-28,0
2021-06-13,4,7683,2022-02-28,0
2021-06-14,3,7686,2022-02-28,0
2021-06-15,2,7688,2022-02-28,0
2021-06-16,2,7690,2022-02-28,0
2021-06-17,4,7694,2022-02-28,0
2021-06-18,2,7696,2022-02-28,0
2021-06-19,6,7702,2022-02-28,0
2021-06-20,1,7703,2022-02-28,0
2021-06-21,5,7708,2022-02-28,0
2021-06-22,3,7711,2022-02-28,0
2021-06-23,4,7715,2022-02-28,0
2021-06-24,3,7718,2022-02-28,0
2021-06-25,3,7721,2022-02-28,0
2021-06-26,4,7725,2022-02-28,0
2021-06-27,2,7727,2022-02-28,0
2021-06-28,2,7729,2022-02-28,0
2021-06-29,2,7731,2022-02-28,0
2021-06-30,2,7733,2022-02-28,0
2021-07-01,0,7733,2022-02-28,0
2021-07-02,2,7735,2022-02-28,0
2021-07-03,2,7737,2022-02-28,0
2021-07-04,3,7740,2022-02-28,0
2021-07-05,1,7741,2022-02-28,0
2021-07-06,5,7746,2022-02-28,0
2021-07-07,1,7747,2022-02-28,0
2021-07-08,1,7748,2022-02-28,0
2021-07-09,0,7748,2022-02-28,0
2021-07-10,1,7749,2022-02-28,0
2021-07-11,3,7752,2022-02-28,0
2021-07-12,1,7753,2022-02-28,0
2021-07-13,2,7755,2022-02-28,0
2021-07-14,2,7757,2022-02-28,0
2021-07-15,2,7759,2022-02-28,0
2021-07-16,1,7760,2022-02-28,0
2021-07-17,1,7761,2022-02-28,0
2021-07-18,0,7761,2022-02-28,0
2021-07-19,0,7761,2022-02-28,0
2021-07-20,2,7763,2022-02-28,0
2021-07-21,3,7766,2022-02-28,0
2021-07-22,2,7768,2022-02-28,0
2021-07-23,3,7771,2022-02-28,0
2021-07-24,0,7771,2022-02-28,0
2021-07-25,2,7773,2022-02-28,0
2021-07-26,1,7774,2022-02-28,0
2021-07-27,2,7776,2022-02-28,0
2021-07-28,3,7779,2022-02-28,0
2021-07-29,2,7781,2022-02-28,0
2021-07-30,5,7786,2022-02-28,0
2021-07-31,4,7790,2022-02-28,0
2021-08-01,1,7791,2022-02-28,0
2021-08-02,3,7794,2022-02-28,0
2021-08-03,2,7796,2022-02-28,0
2021-08-04,3,7799,2022-02-28,0
2021-08-05,2,7801,2022-02-28,0
2021-08-06,8,7809,2022-02-28,0
2021-08-07,3,7812,2022-02-28,0
2021-08-08,3,7815,2022-02-28,0
2021-08-09,3,7818,2022-02-28,0
2021-08-10,2,7820,2022-02-28,0
2021-08-11,2,7822,2022-02-28,0
2021-08-12,7,7829,2022-02-28,0
2021-08-13,5,7834,2022-02-28,0
2021-08-14,6,7840,2022-02-28,0
2021-08-15,0,7840,2022-02-28,0
2021-08-16,7,7847,2022-02-28,0
2021-08-17,7,7854,2022-02-28,0
2021-08-18,9,7863,2022-02-28,0
2021-08-19,2,7865,2022-02-28,0
2021-08-20,3,7868,2022-02-28,0
2021-08-21,5,7873,2022-02-28,0
2021-08-22,7,7880,2022-02-28,0
2021-08-23,5,7885,2022-02-28,0
2021-08-24,12,7897,2022-02-28,0
2021-08-25,7,7904,2022-02-28,0
2021-08-26,2,7906,2022-02-28,0
2021-08-27,6,7912,2022-02-28,0
2021-08-28,11,7923,2022-02-28,0
2021-08-29,11,7934,2022-02-28,0
2021-08-30,8,7942,2022-02-28,0
2021-08-31,8,7950,2022-02-28,0
2021-09-01,6,7956,2022-02-28,0
2021-09-02,6,7962,2022-02-28,0
2021-09-03,9,7971,2022-02-28,0
2021-09-04,9,7980,2022-02-28,0
2021-09-05,10,7990,2022-02-28,0
2021-09-06,8,7998,2022-02-28,0
2021-09-07,7,8005,2022-02-28,0
2021-09-08,11,8016,2022-02-28,0
2021-09-09,5,8021,2022-02-28,0
2021-09-10,9,8030,2022-02-28,0
2021-09-11,17,8047,2022-02-28,0
2021-09-12,10,8057,2022-02-28,0
2021-09-13,8,8065,2022-02-28,0
2021-09-14,11,8076,2022-02-28,0
2021-09-15,14,8090,2022-02-28,0
2021-09-16,16,8106,2022-02-28,0
2021-09-17,8,8114,2022-02-28,0
2021-09-18,15,8129,2022-02-28,0
2021-09-19,11,8140,2022-02-28,0
2021-09-20,16,8156,2022-02-28,0
2021-09-21,16,8172,2022-02-28,0
2021-09-22,17,8189,2022-02-28,0
2021-09-23,13,8202,2022-02-28,0
2021-09-24,13,8215,2022-02-28,0
2021-09-25,16,8231,2022-02-28,0
2021-09-26,15,8246,2022-02-28,0
2021-09-27,15,8261,2022-02-28,0
2021-09-28,11,8272,2022-02-28,0
2021-09-29,21,8293,2022-02-28,0
2021-09-30,17,8310,2022-02-28,0
2021-10-01,13,8323,2022-02-28,0
2021-10-02,15,8338,2022-02-28,0
2021-10-03,23,8361,2022-02-28,0
2021-10-04,15,8376,2022-02-28,0
2021-10-05,23,8399,2022-02-28,0
2021-10-06,21,8420,2022-02-28,0
2021-10-07,14,8434,2022-02-28,0
2021-10-08,22,8456,2022-02-28,0
2021-10-09,20,8476,2022-02-28,0
2021-10-10,14,8490,2022-02-28,0
2021-10-11,11,8501,2022-02-28,0
2021-10-12,25,8526,2022-02-28,0
2021-10-13,21,8547,2022-02-28,0
2021-10-14,22,8569,2022-02-28,0
2021-10-15,14,8583,2022-02-28,0
2021-10-16,20,8603,2022-02-28,0
2021-10-17,18,8621,2022-02-28,0
2021-10-18,17,8638,2022-02-28,0
2021-10-19,26,8664,2022-02-28,0
2021-10-20,16,8680,2022-02-28,0
2021-10-21,9,8689,2022-02-28,0
2021-10-22,23,8712,2022-02-28,0
2021-10-23,24,8736,2022-02-28,0
2021-10-24,25,8761,2022-02-28,0
2021-10-25,20,8781,2022-02-28,0
2021-10-26,22,8803,2022-02-28,0
2021-10-27,16,8819,2022-02-28,0
2021-10-28,24,8843,2022-02-28,0
2021-10-29,20,8863,2022-02-28,0
2021-10-30,20,8883,2022-02-28,0
2021-10-31,27,8910,2022-02-28,0
2021-11-01,18,8928,2022-02-28,0
2021-11-02,18,8946,2022-02-28,0
2021-11-03,28,8974,2022-02-28,0
2021-11-04,27,9001,2022-02-28,0
2021-11-05,29,9030,2022-02-28,0
2021-11-06,16,9046,2022-02-28,0
2021-11-07,24,9070,2022-02-28,0
2021-11-08,28,9098,2022-02-28,0
2021-11-09,17,9115,2022-02-28,0
2021-11-10,18,9133,2022-02-28,0
2021-11-11,28,9161,2022-02-28,0
2021-11-12,29,9190,2022-02-28,0
2021-11-13,31,9221,2022-02-28,0
2021-11-14,24,9245,2022-02-28,0
2021-11-15,28,9273,2022-02-28,0
2021-11-16,25,9298,2022-02-28,0
2021-11-17,37,9335,2022-02-28,0
2021-11-18,38,9373,2022-02-28,0
2021-11-19,34,9407,2022-02-28,0
2021-11-20,30,9437,2022-02-28,0
2021-11-21,32,9469,2022-02-28,0
2021-11-22,30,9499,2022-02-28,0
2021-11-23,32,9531,2022-02-28,0
2021-11-24,25,9556,2022-02-28,0
2021-11-25,35,9591,2022-02-28,0
2021-11-26,51,9642,2022-02-28,0
2021-11-27,36,9678,2022-02-28,0
2021-11-28,39,9717,2022-02-28,0
2021-11-29,29,9746,2022-02-28,0
2021-11-30,30,9776,2022-02-28,0
2021-12-01,47,9823,2022-02-28,0
2021-12-02,40,9863,2022-02-28,0
2021-12-03,31,9894,2022-02-28,0
2021-12-04,42,9936,2022-02-28,0
2021-12-05,36,9972,2022-02-28,0
2021-12-06,35,10007,2022-02-28,0
2021-12-07,36,10043,2022-02-28,0
2021-12-08,38,10081,2022-02-28,0
2021-12-09,47,10128,2022-02-28,0
2021-12-10,34,10162,2022-02-28,0
2021-12-11,27,10189,2022-02-28,0
2021-12-12,36,10225,2022-02-28,0
2021-12-13,34,10259,2022-02-28,0
2021-12-14,35,10294,2022-02-28,0
2021-12-15,41,10335,2022-02-28,0
2021-12-16,32,10367,2022-02-28,0
2021-12-17,41,10408,2022-02-28,0
2021-12-18,33,10441,2022-02-28,0
2021-12-19,31,10472,2022-02-28,1
2021-12-20,33,10505,2022-02-28,0
2021-12-21,28,10533,2022-02-28,0
2021-12-22,29,10562,2022-02-28,0
2021-12-23,27,10589,2022-02-28,0
2021-12-24,30,10619,2022-02-28,0
2021-12-25,28,10647,2022-02-28,0
2021-12-26,42,10689,2022-02-28,0
2021-12-27,31,10720,2022-02-28,0
2021-12-28,35,10755,2022-02-28,0
2021-12-29,29,10784,2022-02-28,0
2021-12-30,19,10803,2022-02-28,0
2021-12-31,40,10843,2022-02-28,0
2022-01-01,27,10870,2022-02-28,0
2022-01-02,22,10892,2022-02-28,0
2022-01-03,23,10915,2022-02-28,0
2022-01-04,30,10945,2022-02-28,0
2022-01-05,31,10976,2022-02-28,0
2022-01-06,32,11008,2022-02-28,0
2022-01-07,28,11036,2022-02-28,0
2022-01-08,42,11078,2022-02-28,2
2022-01-09,18,11096,2022-02-28,0
2022-01-10,31,11127,2022-02-28,0
2022-01-11,18,11145,2022-02-28,0
2022-01-12,19,11164,2022-02-28,0
2022-01-13,27,11191,2022-02-28,0
2022-01-14,33,11224,2022-02-28,0
2022-01-15,26,11250,2022-02-28,0
2022-01-16,33,11283,2022-02-28,0
2022-01-17,36,11319,2022-02-28,0
2022-01-18,24,11343,2022-02-28,0
2022-01-19,29,11372,2022-02-28,0
2022-01-20,30,11402,2022-02-28,0
2022-01-21,27,11429,2022-02-28,0
2022-01-22,25,11454,2022-02-28,0
2022-01-23,22,11476,2022-02-28,0
2022-01-24,35,11511,2022-02-28,1
2022-01-25,33,11544,2022-02-28,0
2022-01-26,34,11578,2022-02-28,0
2022-01-27,35,11613,2022-02-28,0
2022-01-28,30,11643,2022-02-28,0
2022-01-29,28,11671,2022-02-28,0
2022-01-30,27,11698,2022-02-28,0
2022-01-31,18,11716,2022-02-28,0
2022-02-01,24,11740,2022-02-28,0
2022-02-02,22,11762,2022-02-28,0
2022-02-03,28,11790,2022-02-28,0
2022-02-04,20,11810,2022-02-28,0
2022-02-05,27,11837,2022-02-28,0
2022-02-06,26,11863,2022-02-28,0
2022-02-07,15,11878,2022-02-28,0
2022-02-08,26,11904,2022-02-28,0
2022-02-09,24,11928,2022-02-28,0
2022-02-10,21,11949,2022-02-28,0
2022-02-11,19,11968,2022-02-28,0
2022-02-12,15,11983,2022-02-28,1
2022-02-13,16,11999,2022-02-28,0
2022-02-14,13,12012,2022-02-28,0
2022-02-15,19,12031,2022-02-28,0
2022-02-16,12,12043,2022-02-28,2
2022-02-17,12,12055,2022-02-28,1
2022-02-18,10,12065,2022-02-28,0
2022-02-19,16,12081,2022-02-28,3
2022-02-20,15,12096,2022-02-28,6
2022-02-21,5,12101,2022-02-28,2
2022-02-22,3,12104,2022-02-28,2
2022-02-23,3,12107,2022-02-28,3
2022-02-24,2,12109,2022-02-28,2
NA,0,12109,2022-02-28,0
2020-03-19,1,1,2022-03-01,0
2020-03-20,0,1,2022-03-01,0
2020-03-21,0,1,2022-03-01,0
2020-03-22,0,1,2022-03-01,0
2020-03-23,0,1,2022-03-01,0
2020-03-24,1,2,2022-03-01,0
2020-03-25,1,3,2022-03-01,0
2020-03-26,1,4,2022-03-01,0
2020-03-27,5,9,2022-03-01,0
2020-03-28,3,12,2022-03-01,0
2020-03-29,0,12,2022-03-01,0
2020-03-30,5,17,2022-03-01,0
2020-03-31,2,19,2022-03-01,0
2020-04-01,5,24,2022-03-01,0
2020-04-02,3,27,2022-03-01,0
2020-04-03,1,28,2022-03-01,0
2020-04-04,5,33,2022-03-01,0
2020-04-05,5,38,2022-03-01,0
2020-04-06,10,48,2022-03-01,0
2020-04-07,6,54,2022-03-01,0
2020-04-08,7,61,2022-03-01,0
2020-04-09,8,69,2022-03-01,0
2020-04-10,6,75,2022-03-01,0
2020-04-11,4,79,2022-03-01,0
2020-04-12,4,83,2022-03-01,0
2020-04-13,10,93,2022-03-01,0
2020-04-14,6,99,2022-03-01,0
2020-04-15,17,116,2022-03-01,0
2020-04-16,10,126,2022-03-01,0
2020-04-17,17,143,2022-03-01,0
2020-04-18,17,160,2022-03-01,0
2020-04-19,16,176,2022-03-01,0
2020-04-20,21,197,2022-03-01,0
2020-04-21,26,223,2022-03-01,0
2020-04-22,21,244,2022-03-01,0
2020-04-23,19,263,2022-03-01,0
2020-04-24,23,286,2022-03-01,0
2020-04-25,18,304,2022-03-01,0
2020-04-26,17,321,2022-03-01,0
2020-04-27,21,342,2022-03-01,0
2020-04-28,16,358,2022-03-01,0
2020-04-29,29,387,2022-03-01,0
2020-04-30,18,405,2022-03-01,0
2020-05-01,30,435,2022-03-01,0
2020-05-02,19,454,2022-03-01,0
2020-05-03,29,483,2022-03-01,0
2020-05-04,23,506,2022-03-01,0
2020-05-05,19,525,2022-03-01,0
2020-05-06,25,550,2022-03-01,0
2020-05-07,30,580,2022-03-01,0
2020-05-08,20,600,2022-03-01,0
2020-05-09,26,626,2022-03-01,0
2020-05-10,19,645,2022-03-01,0
2020-05-11,25,670,2022-03-01,0
2020-05-12,20,690,2022-03-01,0
2020-05-13,22,712,2022-03-01,0
2020-05-14,20,732,2022-03-01,0
2020-05-15,20,752,2022-03-01,0
2020-05-16,20,772,2022-03-01,0
2020-05-17,23,795,2022-03-01,0
2020-05-18,18,813,2022-03-01,0
2020-05-19,35,848,2022-03-01,0
2020-05-20,24,872,2022-03-01,0
2020-05-21,17,889,2022-03-01,0
2020-05-22,20,909,2022-03-01,0
2020-05-23,26,935,2022-03-01,0
2020-05-24,25,960,2022-03-01,0
2020-05-25,30,990,2022-03-01,0
2020-05-26,29,1019,2022-03-01,0
2020-05-27,25,1044,2022-03-01,0
2020-05-28,21,1065,2022-03-01,0
2020-05-29,17,1082,2022-03-01,0
2020-05-30,11,1093,2022-03-01,0
2020-05-31,20,1113,2022-03-01,0
2020-06-01,23,1136,2022-03-01,0
2020-06-02,21,1157,2022-03-01,0
2020-06-03,25,1182,2022-03-01,0
2020-06-04,26,1208,2022-03-01,0
2020-06-05,18,1226,2022-03-01,0
2020-06-06,12,1238,2022-03-01,0
2020-06-07,22,1260,2022-03-01,0
2020-06-08,12,1272,2022-03-01,0
2020-06-09,13,1285,2022-03-01,0
2020-06-10,10,1295,2022-03-01,0
2020-06-11,12,1307,2022-03-01,0
2020-06-12,11,1318,2022-03-01,0
2020-06-13,13,1331,2022-03-01,0
2020-06-14,11,1342,2022-03-01,0
2020-06-15,8,1350,2022-03-01,0
2020-06-16,9,1359,2022-03-01,0
2020-06-17,17,1376,2022-03-01,0
2020-06-18,9,1385,2022-03-01,0
2020-06-19,8,1393,2022-03-01,0
2020-06-20,12,1405,2022-03-01,0
2020-06-21,11,1416,2022-03-01,0
2020-06-22,6,1422,2022-03-01,0
2020-06-23,10,1432,2022-03-01,0
2020-06-24,1,1433,2022-03-01,0
2020-06-25,9,1442,2022-03-01,0
2020-06-26,6,1448,2022-03-01,0
2020-06-27,5,1453,2022-03-01,0
2020-06-28,11,1464,2022-03-01,0
2020-06-29,7,1471,2022-03-01,0
2020-06-30,9,1480,2022-03-01,0
2020-07-01,2,1482,2022-03-01,0
2020-07-02,3,1485,2022-03-01,0
2020-07-03,5,1490,2022-03-01,0
2020-07-04,4,1494,2022-03-01,0
2020-07-05,6,1500,2022-03-01,0
2020-07-06,4,1504,2022-03-01,0
2020-07-07,2,1506,2022-03-01,0
2020-07-08,9,1515,2022-03-01,0
2020-07-09,4,1519,2022-03-01,0
2020-07-10,3,1522,2022-03-01,0
2020-07-11,4,1526,2022-03-01,0
2020-07-12,6,1532,2022-03-01,0
2020-07-13,2,1534,2022-03-01,0
2020-07-14,6,1540,2022-03-01,0
2020-07-15,7,1547,2022-03-01,0
2020-07-16,3,1550,2022-03-01,0
2020-07-17,7,1557,2022-03-01,0
2020-07-18,6,1563,2022-03-01,0
2020-07-19,5,1568,2022-03-01,0
2020-07-20,3,1571,2022-03-01,0
2020-07-21,6,1577,2022-03-01,0
2020-07-22,5,1582,2022-03-01,0
2020-07-23,8,1590,2022-03-01,0
2020-07-24,6,1596,2022-03-01,0
2020-07-25,2,1598,2022-03-01,0
2020-07-26,5,1603,2022-03-01,0
2020-07-27,5,1608,2022-03-01,0
2020-07-28,7,1615,2022-03-01,0
2020-07-29,3,1618,2022-03-01,0
2020-07-30,6,1624,2022-03-01,0
2020-07-31,9,1633,2022-03-01,0
2020-08-01,4,1637,2022-03-01,0
2020-08-02,7,1644,2022-03-01,0
2020-08-03,4,1648,2022-03-01,0
2020-08-04,7,1655,2022-03-01,0
2020-08-05,8,1663,2022-03-01,0
2020-08-06,9,1672,2022-03-01,0
2020-08-07,7,1679,2022-03-01,0
2020-08-08,6,1685,2022-03-01,0
2020-08-09,10,1695,2022-03-01,0
2020-08-10,3,1698,2022-03-01,0
2020-08-11,9,1707,2022-03-01,0
2020-08-12,7,1714,2022-03-01,0
2020-08-13,5,1719,2022-03-01,0
2020-08-14,9,1728,2022-03-01,0
2020-08-15,13,1741,2022-03-01,0
2020-08-16,13,1754,2022-03-01,0
2020-08-17,6,1760,2022-03-01,0
2020-08-18,11,1771,2022-03-01,0
2020-08-19,3,1774,2022-03-01,0
2020-08-20,10,1784,2022-03-01,0
2020-08-21,12,1796,2022-03-01,0
2020-08-22,9,1805,2022-03-01,0
2020-08-23,7,1812,2022-03-01,0
2020-08-24,9,1821,2022-03-01,0
2020-08-25,4,1825,2022-03-01,0
2020-08-26,3,1828,2022-03-01,0
2020-08-27,7,1835,2022-03-01,0
2020-08-28,6,1841,2022-03-01,0
2020-08-29,3,1844,2022-03-01,0
2020-08-30,5,1849,2022-03-01,0
2020-08-31,9,1858,2022-03-01,0
2020-09-01,2,1860,2022-03-01,0
2020-09-02,7,1867,2022-03-01,0
2020-09-03,12,1879,2022-03-01,0
2020-09-04,4,1883,2022-03-01,0
2020-09-05,6,1889,2022-03-01,0
2020-09-06,12,1901,2022-03-01,0
2020-09-07,3,1904,2022-03-01,0
2020-09-08,6,1910,2022-03-01,0
2020-09-09,10,1920,2022-03-01,0
2020-09-10,9,1929,2022-03-01,0
2020-09-11,11,1940,2022-03-01,0
2020-09-12,8,1948,2022-03-01,0
2020-09-13,8,1956,2022-03-01,0
2020-09-14,2,1958,2022-03-01,0
2020-09-15,7,1965,2022-03-01,0
2020-09-16,9,1974,2022-03-01,0
2020-09-17,5,1979,2022-03-01,0
2020-09-18,6,1985,2022-03-01,0
2020-09-19,4,1989,2022-03-01,0
2020-09-20,9,1998,2022-03-01,0
2020-09-21,7,2005,2022-03-01,0
2020-09-22,8,2013,2022-03-01,0
2020-09-23,9,2022,2022-03-01,0
2020-09-24,8,2030,2022-03-01,0
2020-09-25,11,2041,2022-03-01,0
2020-09-26,9,2050,2022-03-01,0
2020-09-27,14,2064,2022-03-01,0
2020-09-28,11,2075,2022-03-01,0
2020-09-29,5,2080,2022-03-01,0
2020-09-30,16,2096,2022-03-01,0
2020-10-01,7,2103,2022-03-01,0
2020-10-02,13,2116,2022-03-01,0
2020-10-03,9,2125,2022-03-01,0
2020-10-04,7,2132,2022-03-01,0
2020-10-05,10,2142,2022-03-01,0
2020-10-06,13,2155,2022-03-01,0
2020-10-07,19,2174,2022-03-01,0
2020-10-08,9,2183,2022-03-01,0
2020-10-09,17,2200,2022-03-01,0
2020-10-10,16,2216,2022-03-01,0
2020-10-11,16,2232,2022-03-01,0
2020-10-12,20,2252,2022-03-01,0
2020-10-13,14,2266,2022-03-01,0
2020-10-14,10,2276,2022-03-01,0
2020-10-15,9,2285,2022-03-01,0
2020-10-16,12,2297,2022-03-01,0
2020-10-17,18,2315,2022-03-01,0
2020-10-18,25,2340,2022-03-01,0
2020-10-19,18,2358,2022-03-01,0
2020-10-20,15,2373,2022-03-01,0
2020-10-21,24,2397,2022-03-01,0
2020-10-22,18,2415,2022-03-01,0
2020-10-23,19,2434,2022-03-01,0
2020-10-24,8,2442,2022-03-01,0
2020-10-25,17,2459,2022-03-01,0
2020-10-26,25,2484,2022-03-01,0
2020-10-27,23,2507,2022-03-01,0
2020-10-28,29,2536,2022-03-01,0
2020-10-29,18,2554,2022-03-01,0
2020-10-30,27,2581,2022-03-01,0
2020-10-31,25,2606,2022-03-01,0
2020-11-01,21,2627,2022-03-01,0
2020-11-02,25,2652,2022-03-01,0
2020-11-03,25,2677,2022-03-01,0
2020-11-04,33,2710,2022-03-01,0
2020-11-05,38,2748,2022-03-01,0
2020-11-06,39,2787,2022-03-01,0
2020-11-07,42,2829,2022-03-01,0
2020-11-08,47,2876,2022-03-01,0
2020-11-09,37,2913,2022-03-01,0
2020-11-10,35,2948,2022-03-01,0
2020-11-11,43,2991,2022-03-01,0
2020-11-12,45,3036,2022-03-01,0
2020-11-13,40,3076,2022-03-01,0
2020-11-14,48,3124,2022-03-01,0
2020-11-15,46,3170,2022-03-01,0
2020-11-16,62,3232,2022-03-01,0
2020-11-17,56,3288,2022-03-01,0
2020-11-18,61,3349,2022-03-01,0
2020-11-19,60,3409,2022-03-01,0
2020-11-20,63,3472,2022-03-01,0
2020-11-21,58,3530,2022-03-01,0
2020-11-22,67,3597,2022-03-01,0
2020-11-23,59,3656,2022-03-01,0
2020-11-24,69,3725,2022-03-01,0
2020-11-25,72,3797,2022-03-01,0
2020-11-26,54,3851,2022-03-01,0
2020-11-27,69,3920,2022-03-01,0
2020-11-28,62,3982,2022-03-01,0
2020-11-29,68,4050,2022-03-01,0
2020-11-30,62,4112,2022-03-01,0
2020-12-01,64,4176,2022-03-01,0
2020-12-02,73,4249,2022-03-01,0
2020-12-03,86,4335,2022-03-01,0
2020-12-04,67,4402,2022-03-01,0
2020-12-05,74,4476,2022-03-01,0
2020-12-06,80,4556,2022-03-01,0
2020-12-07,75,4631,2022-03-01,0
2020-12-08,61,4692,2022-03-01,0
2020-12-09,71,4763,2022-03-01,0
2020-12-10,72,4835,2022-03-01,0
2020-12-11,71,4906,2022-03-01,0
2020-12-12,72,4978,2022-03-01,0
2020-12-13,56,5034,2022-03-01,0
2020-12-14,43,5077,2022-03-01,0
2020-12-15,65,5142,2022-03-01,0
2020-12-16,74,5216,2022-03-01,0
2020-12-17,60,5276,2022-03-01,0
2020-12-18,59,5335,2022-03-01,0
2020-12-19,56,5391,2022-03-01,0
2020-12-20,61,5452,2022-03-01,0
2020-12-21,58,5510,2022-03-01,0
2020-12-22,33,5543,2022-03-01,0
2020-12-23,46,5589,2022-03-01,0
2020-12-24,51,5640,2022-03-01,0
2020-12-25,36,5676,2022-03-01,0
2020-12-26,43,5719,2022-03-01,0
2020-12-27,41,5760,2022-03-01,0
2020-12-28,34,5794,2022-03-01,0
2020-12-29,37,5831,2022-03-01,0
2020-12-30,47,5878,2022-03-01,0
2020-12-31,36,5914,2022-03-01,0
2021-01-01,28,5942,2022-03-01,0
2021-01-02,49,5991,2022-03-01,0
2021-01-03,37,6028,2022-03-01,0
2021-01-04,32,6060,2022-03-01,0
2021-01-05,40,6100,2022-03-01,0
2021-01-06,32,6132,2022-03-01,0
2021-01-07,38,6170,2022-03-01,0
2021-01-08,32,6202,2022-03-01,0
2021-01-09,26,6228,2022-03-01,0
2021-01-10,30,6258,2022-03-01,0
2021-01-11,27,6285,2022-03-01,0
2021-01-12,32,6317,2022-03-01,0
2021-01-13,23,6340,2022-03-01,0
2021-01-14,42,6382,2022-03-01,0
2021-01-15,26,6408,2022-03-01,0
2021-01-16,30,6438,2022-03-01,0
2021-01-17,21,6459,2022-03-01,0
2021-01-18,19,6478,2022-03-01,0
2021-01-19,14,6492,2022-03-01,0
2021-01-20,26,6518,2022-03-01,0
2021-01-21,16,6534,2022-03-01,0
2021-01-22,14,6548,2022-03-01,0
2021-01-23,17,6565,2022-03-01,0
2021-01-24,24,6589,2022-03-01,0
2021-01-25,19,6608,2022-03-01,0
2021-01-26,21,6629,2022-03-01,0
2021-01-27,11,6640,2022-03-01,0
2021-01-28,12,6652,2022-03-01,0
2021-01-29,15,6667,2022-03-01,0
2021-01-30,13,6680,2022-03-01,0
2021-01-31,17,6697,2022-03-01,0
2021-02-01,17,6714,2022-03-01,0
2021-02-02,10,6724,2022-03-01,0
2021-02-03,11,6735,2022-03-01,0
2021-02-04,11,6746,2022-03-01,0
2021-02-05,13,6759,2022-03-01,0
2021-02-06,12,6771,2022-03-01,0
2021-02-07,19,6790,2022-03-01,0
2021-02-08,11,6801,2022-03-01,0
2021-02-09,15,6816,2022-03-01,0
2021-02-10,14,6830,2022-03-01,0
2021-02-11,7,6837,2022-03-01,0
2021-02-12,14,6851,2022-03-01,0
2021-02-13,8,6859,2022-03-01,0
2021-02-14,10,6869,2022-03-01,0
2021-02-15,9,6878,2022-03-01,0
2021-02-16,12,6890,2022-03-01,0
2021-02-17,10,6900,2022-03-01,0
2021-02-18,7,6907,2022-03-01,0
2021-02-19,6,6913,2022-03-01,0
2021-02-20,7,6920,2022-03-01,0
2021-02-21,4,6924,2022-03-01,0
2021-02-22,5,6929,2022-03-01,0
2021-02-23,9,6938,2022-03-01,0
2021-02-24,5,6943,2022-03-01,0
2021-02-25,5,6948,2022-03-01,0
2021-02-26,7,6955,2022-03-01,0
2021-02-27,6,6961,2022-03-01,0
2021-02-28,8,6969,2022-03-01,0
2021-03-01,7,6976,2022-03-01,0
2021-03-02,3,6979,2022-03-01,0
2021-03-03,10,6989,2022-03-01,0
2021-03-04,6,6995,2022-03-01,0
2021-03-05,10,7005,2022-03-01,0
2021-03-06,5,7010,2022-03-01,0
2021-03-07,9,7019,2022-03-01,0
2021-03-08,5,7024,2022-03-01,0
2021-03-09,7,7031,2022-03-01,0
2021-03-10,5,7036,2022-03-01,0
2021-03-11,4,7040,2022-03-01,0
2021-03-12,11,7051,2022-03-01,0
2021-03-13,5,7056,2022-03-01,0
2021-03-14,5,7061,2022-03-01,0
2021-03-15,2,7063,2022-03-01,0
2021-03-16,6,7069,2022-03-01,0
2021-03-17,4,7073,2022-03-01,0
2021-03-18,5,7078,2022-03-01,0
2021-03-19,5,7083,2022-03-01,0
2021-03-20,9,7092,2022-03-01,0
2021-03-21,5,7097,2022-03-01,0
2021-03-22,4,7101,2022-03-01,0
2021-03-23,5,7106,2022-03-01,0
2021-03-24,1,7107,2022-03-01,0
2021-03-25,5,7112,2022-03-01,0
2021-03-26,3,7115,2022-03-01,0
2021-03-27,7,7122,2022-03-01,0
2021-03-28,6,7128,2022-03-01,0
2021-03-29,5,7133,2022-03-01,0
2021-03-30,6,7139,2022-03-01,0
2021-03-31,8,7147,2022-03-01,0
2021-04-01,6,7153,2022-03-01,0
2021-04-02,9,7162,2022-03-01,0
2021-04-03,8,7170,2022-03-01,0
2021-04-04,6,7176,2022-03-01,0
2021-04-05,8,7184,2022-03-01,0
2021-04-06,7,7191,2022-03-01,0
2021-04-07,6,7197,2022-03-01,0
2021-04-08,10,7207,2022-03-01,0
2021-04-09,7,7214,2022-03-01,0
2021-04-10,7,7221,2022-03-01,0
2021-04-11,8,7229,2022-03-01,0
2021-04-12,10,7239,2022-03-01,0
2021-04-13,7,7246,2022-03-01,0
2021-04-14,8,7254,2022-03-01,0
2021-04-15,14,7268,2022-03-01,0
2021-04-16,8,7276,2022-03-01,0
2021-04-17,8,7284,2022-03-01,0
2021-04-18,8,7292,2022-03-01,0
2021-04-19,10,7302,2022-03-01,0
2021-04-20,5,7307,2022-03-01,0
2021-04-21,8,7315,2022-03-01,0
2021-04-22,3,7318,2022-03-01,0
2021-04-23,15,7333,2022-03-01,0
2021-04-24,11,7344,2022-03-01,0
2021-04-25,15,7359,2022-03-01,0
2021-04-26,15,7374,2022-03-01,0
2021-04-27,7,7381,2022-03-01,0
2021-04-28,14,7395,2022-03-01,0
2021-04-29,8,7403,2022-03-01,0
2021-04-30,11,7414,2022-03-01,0
2021-05-01,7,7421,2022-03-01,0
2021-05-02,8,7429,2022-03-01,0
2021-05-03,5,7434,2022-03-01,0
2021-05-04,13,7447,2022-03-01,0
2021-05-05,8,7455,2022-03-01,0
2021-05-06,5,7460,2022-03-01,0
2021-05-07,8,7468,2022-03-01,0
2021-05-08,7,7475,2022-03-01,0
2021-05-09,9,7484,2022-03-01,0
2021-05-10,8,7492,2022-03-01,0
2021-05-11,6,7498,2022-03-01,0
2021-05-12,9,7507,2022-03-01,0
2021-05-13,9,7516,2022-03-01,0
2021-05-14,11,7527,2022-03-01,0
2021-05-15,10,7537,2022-03-01,0
2021-05-16,6,7543,2022-03-01,0
2021-05-17,6,7549,2022-03-01,0
2021-05-18,7,7556,2022-03-01,0
2021-05-19,2,7558,2022-03-01,0
2021-05-20,5,7563,2022-03-01,0
2021-05-21,7,7570,2022-03-01,0
2021-05-22,12,7582,2022-03-01,0
2021-05-23,5,7587,2022-03-01,0
2021-05-24,5,7592,2022-03-01,0
2021-05-25,6,7598,2022-03-01,0
2021-05-26,3,7601,2022-03-01,0
2021-05-27,7,7608,2022-03-01,0
2021-05-28,2,7610,2022-03-01,0
2021-05-29,6,7616,2022-03-01,0
2021-05-30,4,7620,2022-03-01,0
2021-05-31,3,7623,2022-03-01,0
2021-06-01,5,7628,2022-03-01,0
2021-06-02,8,7636,2022-03-01,0
2021-06-03,4,7640,2022-03-01,0
2021-06-04,4,7644,2022-03-01,0
2021-06-05,2,7646,2022-03-01,0
2021-06-06,5,7651,2022-03-01,0
2021-06-07,3,7654,2022-03-01,0
2021-06-08,5,7659,2022-03-01,0
2021-06-09,4,7663,2022-03-01,0
2021-06-10,6,7669,2022-03-01,0
2021-06-11,6,7675,2022-03-01,0
2021-06-12,4,7679,2022-03-01,0
2021-06-13,4,7683,2022-03-01,0
2021-06-14,3,7686,2022-03-01,0
2021-06-15,2,7688,2022-03-01,0
2021-06-16,2,7690,2022-03-01,0
2021-06-17,4,7694,2022-03-01,0
2021-06-18,2,7696,2022-03-01,0
2021-06-19,6,7702,2022-03-01,0
2021-06-20,1,7703,2022-03-01,0
2021-06-21,5,7708,2022-03-01,0
2021-06-22,3,7711,2022-03-01,0
2021-06-23,4,7715,2022-03-01,0
2021-06-24,3,7718,2022-03-01,0
2021-06-25,3,7721,2022-03-01,0
2021-06-26,4,7725,2022-03-01,0
2021-06-27,2,7727,2022-03-01,0
2021-06-28,2,7729,2022-03-01,0
2021-06-29,2,7731,2022-03-01,0
2021-06-30,2,7733,2022-03-01,0
2021-07-01,0,7733,2022-03-01,0
2021-07-02,2,7735,2022-03-01,0
2021-07-03,2,7737,2022-03-01,0
2021-07-04,3,7740,2022-03-01,0
2021-07-05,1,7741,2022-03-01,0
2021-07-06,5,7746,2022-03-01,0
2021-07-07,1,7747,2022-03-01,0
2021-07-08,1,7748,2022-03-01,0
2021-07-09,0,7748,2022-03-01,0
2021-07-10,1,7749,2022-03-01,0
2021-07-11,3,7752,2022-03-01,0
2021-07-12,1,7753,2022-03-01,0
2021-07-13,2,7755,2022-03-01,0
2021-07-14,2,7757,2022-03-01,0
2021-07-15,2,7759,2022-03-01,0
2021-07-16,1,7760,2022-03-01,0
2021-07-17,1,7761,2022-03-01,0
2021-07-18,0,7761,2022-03-01,0
2021-07-19,0,7761,2022-03-01,0
2021-07-20,2,7763,2022-03-01,0
2021-07-21,3,7766,2022-03-01,0
2021-07-22,2,7768,2022-03-01,0
2021-07-23,3,7771,2022-03-01,0
2021-07-24,0,7771,2022-03-01,0
2021-07-25,2,7773,2022-03-01,0
2021-07-26,1,7774,2022-03-01,0
2021-07-27,2,7776,2022-03-01,0
2021-07-28,3,7779,2022-03-01,0
2021-07-29,2,7781,2022-03-01,0
2021-07-30,5,7786,2022-03-01,0
2021-07-31,4,7790,2022-03-01,0
2021-08-01,1,7791,2022-03-01,0
2021-08-02,3,7794,2022-03-01,0
2021-08-03,2,7796,2022-03-01,0
2021-08-04,3,7799,2022-03-01,0
2021-08-05,2,7801,2022-03-01,0
2021-08-06,8,7809,2022-03-01,0
2021-08-07,3,7812,2022-03-01,0
2021-08-08,3,7815,2022-03-01,0
2021-08-09,3,7818,2022-03-01,0
2021-08-10,2,7820,2022-03-01,0
2021-08-11,2,7822,2022-03-01,0
2021-08-12,7,7829,2022-03-01,0
2021-08-13,5,7834,2022-03-01,0
2021-08-14,6,7840,2022-03-01,0
2021-08-15,0,7840,2022-03-01,0
2021-08-16,7,7847,2022-03-01,0
2021-08-17,7,7854,2022-03-01,0
2021-08-18,9,7863,2022-03-01,0
2021-08-19,2,7865,2022-03-01,0
2021-08-20,3,7868,2022-03-01,0
2021-08-21,5,7873,2022-03-01,0
2021-08-22,7,7880,2022-03-01,0
2021-08-23,5,7885,2022-03-01,0
2021-08-24,12,7897,2022-03-01,0
2021-08-25,7,7904,2022-03-01,0
2021-08-26,2,7906,2022-03-01,0
2021-08-27,6,7912,2022-03-01,0
2021-08-28,11,7923,2022-03-01,0
2021-08-29,11,7934,2022-03-01,0
2021-08-30,8,7942,2022-03-01,0
2021-08-31,8,7950,2022-03-01,0
2021-09-01,6,7956,2022-03-01,0
2021-09-02,6,7962,2022-03-01,0
2021-09-03,9,7971,2022-03-01,0
2021-09-04,9,7980,2022-03-01,0
2021-09-05,10,7990,2022-03-01,0
2021-09-06,8,7998,2022-03-01,0
2021-09-07,7,8005,2022-03-01,0
2021-09-08,11,8016,2022-03-01,0
2021-09-09,5,8021,2022-03-01,0
2021-09-10,9,8030,2022-03-01,0
2021-09-11,17,8047,2022-03-01,0
2021-09-12,10,8057,2022-03-01,0
2021-09-13,8,8065,2022-03-01,0
2021-09-14,11,8076,2022-03-01,0
2021-09-15,14,8090,2022-03-01,0
2021-09-16,16,8106,2022-03-01,0
2021-09-17,8,8114,2022-03-01,0
2021-09-18,15,8129,2022-03-01,0
2021-09-19,11,8140,2022-03-01,0
2021-09-20,16,8156,2022-03-01,0
2021-09-21,16,8172,2022-03-01,0
2021-09-22,17,8189,2022-03-01,0
2021-09-23,13,8202,2022-03-01,0
2021-09-24,13,8215,2022-03-01,0
2021-09-25,16,8231,2022-03-01,0
2021-09-26,15,8246,2022-03-01,0
2021-09-27,15,8261,2022-03-01,0
2021-09-28,11,8272,2022-03-01,0
2021-09-29,21,8293,2022-03-01,0
2021-09-30,17,8310,2022-03-01,0
2021-10-01,13,8323,2022-03-01,0
2021-10-02,15,8338,2022-03-01,0
2021-10-03,23,8361,2022-03-01,0
2021-10-04,15,8376,2022-03-01,0
2021-10-05,23,8399,2022-03-01,0
2021-10-06,21,8420,2022-03-01,0
2021-10-07,14,8434,2022-03-01,0
2021-10-08,22,8456,2022-03-01,0
2021-10-09,20,8476,2022-03-01,0
2021-10-10,14,8490,2022-03-01,0
2021-10-11,11,8501,2022-03-01,0
2021-10-12,25,8526,2022-03-01,0
2021-10-13,21,8547,2022-03-01,0
2021-10-14,22,8569,2022-03-01,0
2021-10-15,14,8583,2022-03-01,0
2021-10-16,20,8603,2022-03-01,0
2021-10-17,18,8621,2022-03-01,0
2021-10-18,17,8638,2022-03-01,0
2021-10-19,26,8664,2022-03-01,0
2021-10-20,16,8680,2022-03-01,0
2021-10-21,9,8689,2022-03-01,0
2021-10-22,23,8712,2022-03-01,0
2021-10-23,24,8736,2022-03-01,0
2021-10-24,25,8761,2022-03-01,0
2021-10-25,20,8781,2022-03-01,0
2021-10-26,22,8803,2022-03-01,0
2021-10-27,16,8819,2022-03-01,0
2021-10-28,24,8843,2022-03-01,0
2021-10-29,20,8863,2022-03-01,0
2021-10-30,20,8883,2022-03-01,0
2021-10-31,27,8910,2022-03-01,0
2021-11-01,18,8928,2022-03-01,0
2021-11-02,18,8946,2022-03-01,0
2021-11-03,28,8974,2022-03-01,0
2021-11-04,28,9002,2022-03-01,1
2021-11-05,29,9031,2022-03-01,0
2021-11-06,16,9047,2022-03-01,0
2021-11-07,24,9071,2022-03-01,0
2021-11-08,28,9099,2022-03-01,0
2021-11-09,17,9116,2022-03-01,0
2021-11-10,18,9134,2022-03-01,0
2021-11-11,28,9162,2022-03-01,0
2021-11-12,29,9191,2022-03-01,0
2021-11-13,31,9222,2022-03-01,0
2021-11-14,24,9246,2022-03-01,0
2021-11-15,28,9274,2022-03-01,0
2021-11-16,25,9299,2022-03-01,0
2021-11-17,37,9336,2022-03-01,0
2021-11-18,38,9374,2022-03-01,0
2021-11-19,34,9408,2022-03-01,0
2021-11-20,30,9438,2022-03-01,0
2021-11-21,32,9470,2022-03-01,0
2021-11-22,30,9500,2022-03-01,0
2021-11-23,32,9532,2022-03-01,0
2021-11-24,25,9557,2022-03-01,0
2021-11-25,35,9592,2022-03-01,0
2021-11-26,51,9643,2022-03-01,0
2021-11-27,36,9679,2022-03-01,0
2021-11-28,39,9718,2022-03-01,0
2021-11-29,29,9747,2022-03-01,0
2021-11-30,30,9777,2022-03-01,0
2021-12-01,47,9824,2022-03-01,0
2021-12-02,40,9864,2022-03-01,0
2021-12-03,31,9895,2022-03-01,0
2021-12-04,42,9937,2022-03-01,0
2021-12-05,36,9973,2022-03-01,0
2021-12-06,35,10008,2022-03-01,0
2021-12-07,36,10044,2022-03-01,0
2021-12-08,38,10082,2022-03-01,0
2021-12-09,47,10129,2022-03-01,0
2021-12-10,34,10163,2022-03-01,0
2021-12-11,27,10190,2022-03-01,0
2021-12-12,36,10226,2022-03-01,0
2021-12-13,34,10260,2022-03-01,0
2021-12-14,35,10295,2022-03-01,0
2021-12-15,41,10336,2022-03-01,0
2021-12-16,32,10368,2022-03-01,0
2021-12-17,41,10409,2022-03-01,0
2021-12-18,33,10442,2022-03-01,0
2021-12-19,31,10473,2022-03-01,0
2021-12-20,33,10506,2022-03-01,0
2021-12-21,28,10534,2022-03-01,0
2021-12-22,29,10563,2022-03-01,0
2021-12-23,27,10590,2022-03-01,0
2021-12-24,30,10620,2022-03-01,0
2021-12-25,28,10648,2022-03-01,0
2021-12-26,42,10690,2022-03-01,0
2021-12-27,31,10721,2022-03-01,0
2021-12-28,35,10756,2022-03-01,0
2021-12-29,29,10785,2022-03-01,0
2021-12-30,19,10804,2022-03-01,0
2021-12-31,40,10844,2022-03-01,0
2022-01-01,27,10871,2022-03-01,0
2022-01-02,22,10893,2022-03-01,0
2022-01-03,23,10916,2022-03-01,0
2022-01-04,30,10946,2022-03-01,0
2022-01-05,31,10977,2022-03-01,0
2022-01-06,32,11009,2022-03-01,0
2022-01-07,28,11037,2022-03-01,0
2022-01-08,42,11079,2022-03-01,0
2022-01-09,18,11097,2022-03-01,0
2022-01-10,31,11128,2022-03-01,0
2022-01-11,18,11146,2022-03-01,0
2022-01-12,19,11165,2022-03-01,0
2022-01-13,27,11192,2022-03-01,0
2022-01-14,33,11225,2022-03-01,0
2022-01-15,26,11251,2022-03-01,0
2022-01-16,33,11284,2022-03-01,0
2022-01-17,36,11320,2022-03-01,0
2022-01-18,24,11344,2022-03-01,0
2022-01-19,29,11373,2022-03-01,0
2022-01-20,30,11403,2022-03-01,0
2022-01-21,27,11430,2022-03-01,0
2022-01-22,25,11455,2022-03-01,0
2022-01-23,22,11477,2022-03-01,0
2022-01-24,35,11512,2022-03-01,0
2022-01-25,33,11545,2022-03-01,0
2022-01-26,34,11579,2022-03-01,0
2022-01-27,35,11614,2022-03-01,0
2022-01-28,30,11644,2022-03-01,0
2022-01-29,28,11672,2022-03-01,0
2022-01-30,27,11699,2022-03-01,0
2022-01-31,18,11717,2022-03-01,0
2022-02-01,24,11741,2022-03-01,0
2022-02-02,22,11763,2022-03-01,0
2022-02-03,28,11791,2022-03-01,0
2022-02-04,20,11811,2022-03-01,0
2022-02-05,27,11838,2022-03-01,0
2022-02-06,26,11864,2022-03-01,0
2022-02-07,15,11879,2022-03-01,0
2022-02-08,27,11906,2022-03-01,1
2022-02-09,24,11930,2022-03-01,0
2022-02-10,21,11951,2022-03-01,0
2022-02-11,19,11970,2022-03-01,0
2022-02-12,15,11985,2022-03-01,0
2022-02-13,17,12002,2022-03-01,1
2022-02-14,13,12015,2022-03-01,0
2022-02-15,20,12035,2022-03-01,1
2022-02-16,12,12047,2022-03-01,0
2022-02-17,12,12059,2022-03-01,0
2022-02-18,12,12071,2022-03-01,2
2022-02-19,20,12091,2022-03-01,4
2022-02-20,15,12106,2022-03-01,0
2022-02-21,5,12111,2022-03-01,0
2022-02-22,8,12119,2022-03-01,5
2022-02-23,6,12125,2022-03-01,3
2022-02-24,6,12131,2022-03-01,4
NA,0,12131,2022-03-01,0
2020-03-19,1,1,2022-03-02,0
2020-03-20,0,1,2022-03-02,0
2020-03-21,0,1,2022-03-02,0
2020-03-22,0,1,2022-03-02,0
2020-03-23,0,1,2022-03-02,0
2020-03-24,1,2,2022-03-02,0
2020-03-25,1,3,2022-03-02,0
2020-03-26,1,4,2022-03-02,0
2020-03-27,5,9,2022-03-02,0
2020-03-28,3,12,2022-03-02,0
2020-03-29,0,12,2022-03-02,0
2020-03-30,5,17,2022-03-02,0
2020-03-31,2,19,2022-03-02,0
2020-04-01,5,24,2022-03-02,0
2020-04-02,3,27,2022-03-02,0
2020-04-03,1,28,2022-03-02,0
2020-04-04,5,33,2022-03-02,0
2020-04-05,5,38,2022-03-02,0
2020-04-06,10,48,2022-03-02,0
2020-04-07,6,54,2022-03-02,0
2020-04-08,7,61,2022-03-02,0
2020-04-09,8,69,2022-03-02,0
2020-04-10,6,75,2022-03-02,0
2020-04-11,4,79,2022-03-02,0
2020-04-12,4,83,2022-03-02,0
2020-04-13,10,93,2022-03-02,0
2020-04-14,6,99,2022-03-02,0
2020-04-15,17,116,2022-03-02,0
2020-04-16,10,126,2022-03-02,0
2020-04-17,17,143,2022-03-02,0
2020-04-18,17,160,2022-03-02,0
2020-04-19,16,176,2022-03-02,0
2020-04-20,21,197,2022-03-02,0
2020-04-21,26,223,2022-03-02,0
2020-04-22,21,244,2022-03-02,0
2020-04-23,19,263,2022-03-02,0
2020-04-24,23,286,2022-03-02,0
2020-04-25,18,304,2022-03-02,0
2020-04-26,17,321,2022-03-02,0
2020-04-27,21,342,2022-03-02,0
2020-04-28,16,358,2022-03-02,0
2020-04-29,29,387,2022-03-02,0
2020-04-30,18,405,2022-03-02,0
2020-05-01,30,435,2022-03-02,0
2020-05-02,19,454,2022-03-02,0
2020-05-03,29,483,2022-03-02,0
2020-05-04,23,506,2022-03-02,0
2020-05-05,19,525,2022-03-02,0
2020-05-06,25,550,2022-03-02,0
2020-05-07,30,580,2022-03-02,0
2020-05-08,20,600,2022-03-02,0
2020-05-09,26,626,2022-03-02,0
2020-05-10,19,645,2022-03-02,0
2020-05-11,25,670,2022-03-02,0
2020-05-12,20,690,2022-03-02,0
2020-05-13,22,712,2022-03-02,0
2020-05-14,20,732,2022-03-02,0
2020-05-15,20,752,2022-03-02,0
2020-05-16,20,772,2022-03-02,0
2020-05-17,23,795,2022-03-02,0
2020-05-18,18,813,2022-03-02,0
2020-05-19,35,848,2022-03-02,0
2020-05-20,24,872,2022-03-02,0
2020-05-21,17,889,2022-03-02,0
2020-05-22,20,909,2022-03-02,0
2020-05-23,26,935,2022-03-02,0
2020-05-24,25,960,2022-03-02,0
2020-05-25,30,990,2022-03-02,0
2020-05-26,29,1019,2022-03-02,0
2020-05-27,25,1044,2022-03-02,0
2020-05-28,21,1065,2022-03-02,0
2020-05-29,17,1082,2022-03-02,0
2020-05-30,11,1093,2022-03-02,0
2020-05-31,20,1113,2022-03-02,0
2020-06-01,23,1136,2022-03-02,0
2020-06-02,21,1157,2022-03-02,0
2020-06-03,25,1182,2022-03-02,0
2020-06-04,26,1208,2022-03-02,0
2020-06-05,18,1226,2022-03-02,0
2020-06-06,12,1238,2022-03-02,0
2020-06-07,22,1260,2022-03-02,0
2020-06-08,12,1272,2022-03-02,0
2020-06-09,13,1285,2022-03-02,0
2020-06-10,10,1295,2022-03-02,0
2020-06-11,12,1307,2022-03-02,0
2020-06-12,11,1318,2022-03-02,0
2020-06-13,13,1331,2022-03-02,0
2020-06-14,11,1342,2022-03-02,0
2020-06-15,8,1350,2022-03-02,0
2020-06-16,9,1359,2022-03-02,0
2020-06-17,17,1376,2022-03-02,0
2020-06-18,9,1385,2022-03-02,0
2020-06-19,8,1393,2022-03-02,0
2020-06-20,12,1405,2022-03-02,0
2020-06-21,11,1416,2022-03-02,0
2020-06-22,6,1422,2022-03-02,0
2020-06-23,10,1432,2022-03-02,0
2020-06-24,1,1433,2022-03-02,0
2020-06-25,9,1442,2022-03-02,0
2020-06-26,6,1448,2022-03-02,0
2020-06-27,5,1453,2022-03-02,0
2020-06-28,11,1464,2022-03-02,0
2020-06-29,7,1471,2022-03-02,0
2020-06-30,9,1480,2022-03-02,0
2020-07-01,2,1482,2022-03-02,0
2020-07-02,3,1485,2022-03-02,0
2020-07-03,5,1490,2022-03-02,0
2020-07-04,4,1494,2022-03-02,0
2020-07-05,6,1500,2022-03-02,0
2020-07-06,4,1504,2022-03-02,0
2020-07-07,2,1506,2022-03-02,0
2020-07-08,9,1515,2022-03-02,0
2020-07-09,4,1519,2022-03-02,0
2020-07-10,3,1522,2022-03-02,0
2020-07-11,4,1526,2022-03-02,0
2020-07-12,6,1532,2022-03-02,0
2020-07-13,2,1534,2022-03-02,0
2020-07-14,6,1540,2022-03-02,0
2020-07-15,7,1547,2022-03-02,0
2020-07-16,3,1550,2022-03-02,0
2020-07-17,7,1557,2022-03-02,0
2020-07-18,6,1563,2022-03-02,0
2020-07-19,5,1568,2022-03-02,0
2020-07-20,3,1571,2022-03-02,0
2020-07-21,6,1577,2022-03-02,0
2020-07-22,5,1582,2022-03-02,0
2020-07-23,8,1590,2022-03-02,0
2020-07-24,6,1596,2022-03-02,0
2020-07-25,2,1598,2022-03-02,0
2020-07-26,5,1603,2022-03-02,0
2020-07-27,5,1608,2022-03-02,0
2020-07-28,7,1615,2022-03-02,0
2020-07-29,3,1618,2022-03-02,0
2020-07-30,6,1624,2022-03-02,0
2020-07-31,9,1633,2022-03-02,0
2020-08-01,4,1637,2022-03-02,0
2020-08-02,7,1644,2022-03-02,0
2020-08-03,4,1648,2022-03-02,0
2020-08-04,7,1655,2022-03-02,0
2020-08-05,8,1663,2022-03-02,0
2020-08-06,9,1672,2022-03-02,0
2020-08-07,7,1679,2022-03-02,0
2020-08-08,6,1685,2022-03-02,0
2020-08-09,10,1695,2022-03-02,0
2020-08-10,3,1698,2022-03-02,0
2020-08-11,9,1707,2022-03-02,0
2020-08-12,7,1714,2022-03-02,0
2020-08-13,5,1719,2022-03-02,0
2020-08-14,9,1728,2022-03-02,0
2020-08-15,13,1741,2022-03-02,0
2020-08-16,13,1754,2022-03-02,0
2020-08-17,6,1760,2022-03-02,0
2020-08-18,11,1771,2022-03-02,0
2020-08-19,3,1774,2022-03-02,0
2020-08-20,10,1784,2022-03-02,0
2020-08-21,12,1796,2022-03-02,0
2020-08-22,9,1805,2022-03-02,0
2020-08-23,7,1812,2022-03-02,0
2020-08-24,9,1821,2022-03-02,0
2020-08-25,4,1825,2022-03-02,0
2020-08-26,3,1828,2022-03-02,0
2020-08-27,7,1835,2022-03-02,0
2020-08-28,6,1841,2022-03-02,0
2020-08-29,3,1844,2022-03-02,0
2020-08-30,5,1849,2022-03-02,0
2020-08-31,9,1858,2022-03-02,0
2020-09-01,2,1860,2022-03-02,0
2020-09-02,7,1867,2022-03-02,0
2020-09-03,12,1879,2022-03-02,0
2020-09-04,4,1883,2022-03-02,0
2020-09-05,6,1889,2022-03-02,0
2020-09-06,12,1901,2022-03-02,0
2020-09-07,3,1904,2022-03-02,0
2020-09-08,6,1910,2022-03-02,0
2020-09-09,10,1920,2022-03-02,0
2020-09-10,9,1929,2022-03-02,0
2020-09-11,11,1940,2022-03-02,0
2020-09-12,8,1948,2022-03-02,0
2020-09-13,8,1956,2022-03-02,0
2020-09-14,2,1958,2022-03-02,0
2020-09-15,7,1965,2022-03-02,0
2020-09-16,9,1974,2022-03-02,0
2020-09-17,5,1979,2022-03-02,0
2020-09-18,6,1985,2022-03-02,0
2020-09-19,4,1989,2022-03-02,0
2020-09-20,9,1998,2022-03-02,0
2020-09-21,7,2005,2022-03-02,0
2020-09-22,8,2013,2022-03-02,0
2020-09-23,9,2022,2022-03-02,0
2020-09-24,8,2030,2022-03-02,0
2020-09-25,11,2041,2022-03-02,0
2020-09-26,9,2050,2022-03-02,0
2020-09-27,14,2064,2022-03-02,0
2020-09-28,11,2075,2022-03-02,0
2020-09-29,5,2080,2022-03-02,0
2020-09-30,16,2096,2022-03-02,0
2020-10-01,7,2103,2022-03-02,0
2020-10-02,13,2116,2022-03-02,0
2020-10-03,9,2125,2022-03-02,0
2020-10-04,7,2132,2022-03-02,0
2020-10-05,10,2142,2022-03-02,0
2020-10-06,13,2155,2022-03-02,0
2020-10-07,19,2174,2022-03-02,0
2020-10-08,9,2183,2022-03-02,0
2020-10-09,17,2200,2022-03-02,0
2020-10-10,16,2216,2022-03-02,0
2020-10-11,16,2232,2022-03-02,0
2020-10-12,20,2252,2022-03-02,0
2020-10-13,14,2266,2022-03-02,0
2020-10-14,10,2276,2022-03-02,0
2020-10-15,9,2285,2022-03-02,0
2020-10-16,12,2297,2022-03-02,0
2020-10-17,18,2315,2022-03-02,0
2020-10-18,25,2340,2022-03-02,0
2020-10-19,18,2358,2022-03-02,0
2020-10-20,15,2373,2022-03-02,0
2020-10-21,24,2397,2022-03-02,0
2020-10-22,18,2415,2022-03-02,0
2020-10-23,19,2434,2022-03-02,0
2020-10-24,8,2442,2022-03-02,0
2020-10-25,17,2459,2022-03-02,0
2020-10-26,25,2484,2022-03-02,0
2020-10-27,23,2507,2022-03-02,0
2020-10-28,29,2536,2022-03-02,0
2020-10-29,18,2554,2022-03-02,0
2020-10-30,27,2581,2022-03-02,0
2020-10-31,25,2606,2022-03-02,0
2020-11-01,21,2627,2022-03-02,0
2020-11-02,25,2652,2022-03-02,0
2020-11-03,25,2677,2022-03-02,0
2020-11-04,33,2710,2022-03-02,0
2020-11-05,38,2748,2022-03-02,0
2020-11-06,39,2787,2022-03-02,0
2020-11-07,42,2829,2022-03-02,0
2020-11-08,47,2876,2022-03-02,0
2020-11-09,37,2913,2022-03-02,0
2020-11-10,35,2948,2022-03-02,0
2020-11-11,43,2991,2022-03-02,0
2020-11-12,45,3036,2022-03-02,0
2020-11-13,40,3076,2022-03-02,0
2020-11-14,48,3124,2022-03-02,0
2020-11-15,46,3170,2022-03-02,0
2020-11-16,62,3232,2022-03-02,0
2020-11-17,56,3288,2022-03-02,0
2020-11-18,61,3349,2022-03-02,0
2020-11-19,60,3409,2022-03-02,0
2020-11-20,63,3472,2022-03-02,0
2020-11-21,58,3530,2022-03-02,0
2020-11-22,67,3597,2022-03-02,0
2020-11-23,59,3656,2022-03-02,0
2020-11-24,69,3725,2022-03-02,0
2020-11-25,72,3797,2022-03-02,0
2020-11-26,54,3851,2022-03-02,0
2020-11-27,69,3920,2022-03-02,0
2020-11-28,62,3982,2022-03-02,0
2020-11-29,68,4050,2022-03-02,0
2020-11-30,62,4112,2022-03-02,0
2020-12-01,64,4176,2022-03-02,0
2020-12-02,73,4249,2022-03-02,0
2020-12-03,86,4335,2022-03-02,0
2020-12-04,67,4402,2022-03-02,0
2020-12-05,74,4476,2022-03-02,0
2020-12-06,80,4556,2022-03-02,0
2020-12-07,75,4631,2022-03-02,0
2020-12-08,61,4692,2022-03-02,0
2020-12-09,71,4763,2022-03-02,0
2020-12-10,72,4835,2022-03-02,0
2020-12-11,71,4906,2022-03-02,0
2020-12-12,72,4978,2022-03-02,0
2020-12-13,56,5034,2022-03-02,0
2020-12-14,43,5077,2022-03-02,0
2020-12-15,65,5142,2022-03-02,0
2020-12-16,74,5216,2022-03-02,0
2020-12-17,60,5276,2022-03-02,0
2020-12-18,59,5335,2022-03-02,0
2020-12-19,56,5391,2022-03-02,0
2020-12-20,61,5452,2022-03-02,0
2020-12-21,58,5510,2022-03-02,0
2020-12-22,33,5543,2022-03-02,0
2020-12-23,46,5589,2022-03-02,0
2020-12-24,51,5640,2022-03-02,0
2020-12-25,36,5676,2022-03-02,0
2020-12-26,43,5719,2022-03-02,0
2020-12-27,41,5760,2022-03-02,0
2020-12-28,34,5794,2022-03-02,0
2020-12-29,37,5831,2022-03-02,0
2020-12-30,47,5878,2022-03-02,0
2020-12-31,36,5914,2022-03-02,0
2021-01-01,28,5942,2022-03-02,0
2021-01-02,49,5991,2022-03-02,0
2021-01-03,37,6028,2022-03-02,0
2021-01-04,32,6060,2022-03-02,0
2021-01-05,40,6100,2022-03-02,0
2021-01-06,32,6132,2022-03-02,0
2021-01-07,38,6170,2022-03-02,0
2021-01-08,32,6202,2022-03-02,0
2021-01-09,26,6228,2022-03-02,0
2021-01-10,30,6258,2022-03-02,0
2021-01-11,27,6285,2022-03-02,0
2021-01-12,32,6317,2022-03-02,0
2021-01-13,23,6340,2022-03-02,0
2021-01-14,42,6382,2022-03-02,0
2021-01-15,26,6408,2022-03-02,0
2021-01-16,30,6438,2022-03-02,0
2021-01-17,21,6459,2022-03-02,0
2021-01-18,19,6478,2022-03-02,0
2021-01-19,14,6492,2022-03-02,0
2021-01-20,26,6518,2022-03-02,0
2021-01-21,16,6534,2022-03-02,0
2021-01-22,14,6548,2022-03-02,0
2021-01-23,17,6565,2022-03-02,0
2021-01-24,24,6589,2022-03-02,0
2021-01-25,19,6608,2022-03-02,0
2021-01-26,21,6629,2022-03-02,0
2021-01-27,11,6640,2022-03-02,0
2021-01-28,12,6652,2022-03-02,0
2021-01-29,15,6667,2022-03-02,0
2021-01-30,13,6680,2022-03-02,0
2021-01-31,17,6697,2022-03-02,0
2021-02-01,17,6714,2022-03-02,0
2021-02-02,10,6724,2022-03-02,0
2021-02-03,11,6735,2022-03-02,0
2021-02-04,11,6746,2022-03-02,0
2021-02-05,13,6759,2022-03-02,0
2021-02-06,12,6771,2022-03-02,0
2021-02-07,19,6790,2022-03-02,0
2021-02-08,11,6801,2022-03-02,0
2021-02-09,15,6816,2022-03-02,0
2021-02-10,14,6830,2022-03-02,0
2021-02-11,7,6837,2022-03-02,0
2021-02-12,14,6851,2022-03-02,0
2021-02-13,8,6859,2022-03-02,0
2021-02-14,10,6869,2022-03-02,0
2021-02-15,9,6878,2022-03-02,0
2021-02-16,12,6890,2022-03-02,0
2021-02-17,10,6900,2022-03-02,0
2021-02-18,7,6907,2022-03-02,0
2021-02-19,6,6913,2022-03-02,0
2021-02-20,7,6920,2022-03-02,0
2021-02-21,4,6924,2022-03-02,0
2021-02-22,5,6929,2022-03-02,0
2021-02-23,9,6938,2022-03-02,0
2021-02-24,5,6943,2022-03-02,0
2021-02-25,5,6948,2022-03-02,0
2021-02-26,7,6955,2022-03-02,0
2021-02-27,6,6961,2022-03-02,0
2021-02-28,8,6969,2022-03-02,0
2021-03-01,7,6976,2022-03-02,0
2021-03-02,3,6979,2022-03-02,0
2021-03-03,10,6989,2022-03-02,0
2021-03-04,6,6995,2022-03-02,0
2021-03-05,10,7005,2022-03-02,0
2021-03-06,5,7010,2022-03-02,0
2021-03-07,9,7019,2022-03-02,0
2021-03-08,5,7024,2022-03-02,0
2021-03-09,7,7031,2022-03-02,0
2021-03-10,5,7036,2022-03-02,0
2021-03-11,4,7040,2022-03-02,0
2021-03-12,11,7051,2022-03-02,0
2021-03-13,5,7056,2022-03-02,0
2021-03-14,5,7061,2022-03-02,0
2021-03-15,2,7063,2022-03-02,0
2021-03-16,6,7069,2022-03-02,0
2021-03-17,4,7073,2022-03-02,0
2021-03-18,5,7078,2022-03-02,0
2021-03-19,5,7083,2022-03-02,0
2021-03-20,9,7092,2022-03-02,0
2021-03-21,5,7097,2022-03-02,0
2021-03-22,4,7101,2022-03-02,0
2021-03-23,5,7106,2022-03-02,0
2021-03-24,1,7107,2022-03-02,0
2021-03-25,5,7112,2022-03-02,0
2021-03-26,3,7115,2022-03-02,0
2021-03-27,7,7122,2022-03-02,0
2021-03-28,6,7128,2022-03-02,0
2021-03-29,5,7133,2022-03-02,0
2021-03-30,6,7139,2022-03-02,0
2021-03-31,8,7147,2022-03-02,0
2021-04-01,6,7153,2022-03-02,0
2021-04-02,9,7162,2022-03-02,0
2021-04-03,8,7170,2022-03-02,0
2021-04-04,6,7176,2022-03-02,0
2021-04-05,8,7184,2022-03-02,0
2021-04-06,7,7191,2022-03-02,0
2021-04-07,6,7197,2022-03-02,0
2021-04-08,10,7207,2022-03-02,0
2021-04-09,7,7214,2022-03-02,0
2021-04-10,7,7221,2022-03-02,0
2021-04-11,8,7229,2022-03-02,0
2021-04-12,10,7239,2022-03-02,0
2021-04-13,7,7246,2022-03-02,0
2021-04-14,8,7254,2022-03-02,0
2021-04-15,14,7268,2022-03-02,0
2021-04-16,8,7276,2022-03-02,0
2021-04-17,8,7284,2022-03-02,0
2021-04-18,8,7292,2022-03-02,0
2021-04-19,10,7302,2022-03-02,0
2021-04-20,5,7307,2022-03-02,0
2021-04-21,8,7315,2022-03-02,0
2021-04-22,3,7318,2022-03-02,0
2021-04-23,15,7333,2022-03-02,0
2021-04-24,11,7344,2022-03-02,0
2021-04-25,15,7359,2022-03-02,0
2021-04-26,15,7374,2022-03-02,0
2021-04-27,7,7381,2022-03-02,0
2021-04-28,14,7395,2022-03-02,0
2021-04-29,8,7403,2022-03-02,0
2021-04-30,11,7414,2022-03-02,0
2021-05-01,7,7421,2022-03-02,0
2021-05-02,8,7429,2022-03-02,0
2021-05-03,5,7434,2022-03-02,0
2021-05-04,13,7447,2022-03-02,0
2021-05-05,8,7455,2022-03-02,0
2021-05-06,5,7460,2022-03-02,0
2021-05-07,8,7468,2022-03-02,0
2021-05-08,7,7475,2022-03-02,0
2021-05-09,9,7484,2022-03-02,0
2021-05-10,8,7492,2022-03-02,0
2021-05-11,6,7498,2022-03-02,0
2021-05-12,9,7507,2022-03-02,0
2021-05-13,9,7516,2022-03-02,0
2021-05-14,11,7527,2022-03-02,0
2021-05-15,10,7537,2022-03-02,0
2021-05-16,6,7543,2022-03-02,0
2021-05-17,6,7549,2022-03-02,0
2021-05-18,7,7556,2022-03-02,0
2021-05-19,2,7558,2022-03-02,0
2021-05-20,5,7563,2022-03-02,0
2021-05-21,7,7570,2022-03-02,0
2021-05-22,12,7582,2022-03-02,0
2021-05-23,5,7587,2022-03-02,0
2021-05-24,5,7592,2022-03-02,0
2021-05-25,6,7598,2022-03-02,0
2021-05-26,3,7601,2022-03-02,0
2021-05-27,7,7608,2022-03-02,0
2021-05-28,2,7610,2022-03-02,0
2021-05-29,6,7616,2022-03-02,0
2021-05-30,4,7620,2022-03-02,0
2021-05-31,3,7623,2022-03-02,0
2021-06-01,5,7628,2022-03-02,0
2021-06-02,8,7636,2022-03-02,0
2021-06-03,4,7640,2022-03-02,0
2021-06-04,4,7644,2022-03-02,0
2021-06-05,2,7646,2022-03-02,0
2021-06-06,5,7651,2022-03-02,0
2021-06-07,3,7654,2022-03-02,0
2021-06-08,5,7659,2022-03-02,0
2021-06-09,4,7663,2022-03-02,0
2021-06-10,6,7669,2022-03-02,0
2021-06-11,6,7675,2022-03-02,0
2021-06-12,4,7679,2022-03-02,0
2021-06-13,4,7683,2022-03-02,0
2021-06-14,3,7686,2022-03-02,0
2021-06-15,2,7688,2022-03-02,0
2021-06-16,2,7690,2022-03-02,0
2021-06-17,4,7694,2022-03-02,0
2021-06-18,2,7696,2022-03-02,0
2021-06-19,6,7702,2022-03-02,0
2021-06-20,1,7703,2022-03-02,0
2021-06-21,5,7708,2022-03-02,0
2021-06-22,3,7711,2022-03-02,0
2021-06-23,4,7715,2022-03-02,0
2021-06-24,3,7718,2022-03-02,0
2021-06-25,3,7721,2022-03-02,0
2021-06-26,4,7725,2022-03-02,0
2021-06-27,2,7727,2022-03-02,0
2021-06-28,2,7729,2022-03-02,0
2021-06-29,2,7731,2022-03-02,0
2021-06-30,2,7733,2022-03-02,0
2021-07-01,0,7733,2022-03-02,0
2021-07-02,2,7735,2022-03-02,0
2021-07-03,2,7737,2022-03-02,0
2021-07-04,3,7740,2022-03-02,0
2021-07-05,1,7741,2022-03-02,0
2021-07-06,5,7746,2022-03-02,0
2021-07-07,1,7747,2022-03-02,0
2021-07-08,1,7748,2022-03-02,0
2021-07-09,0,7748,2022-03-02,0
2021-07-10,1,7749,2022-03-02,0
2021-07-11,3,7752,2022-03-02,0
2021-07-12,1,7753,2022-03-02,0
2021-07-13,2,7755,2022-03-02,0
2021-07-14,2,7757,2022-03-02,0
2021-07-15,2,7759,2022-03-02,0
2021-07-16,1,7760,2022-03-02,0
2021-07-17,1,7761,2022-03-02,0
2021-07-18,0,7761,2022-03-02,0
2021-07-19,0,7761,2022-03-02,0
2021-07-20,2,7763,2022-03-02,0
2021-07-21,3,7766,2022-03-02,0
2021-07-22,2,7768,2022-03-02,0
2021-07-23,3,7771,2022-03-02,0
2021-07-24,0,7771,2022-03-02,0
2021-07-25,2,7773,2022-03-02,0
2021-07-26,1,7774,2022-03-02,0
2021-07-27,2,7776,2022-03-02,0
2021-07-28,3,7779,2022-03-02,0
2021-07-29,2,7781,2022-03-02,0
2021-07-30,5,7786,2022-03-02,0
2021-07-31,4,7790,2022-03-02,0
2021-08-01,1,7791,2022-03-02,0
2021-08-02,3,7794,2022-03-02,0
2021-08-03,2,7796,2022-03-02,0
2021-08-04,3,7799,2022-03-02,0
2021-08-05,2,7801,2022-03-02,0
2021-08-06,8,7809,2022-03-02,0
2021-08-07,3,7812,2022-03-02,0
2021-08-08,3,7815,2022-03-02,0
2021-08-09,3,7818,2022-03-02,0
2021-08-10,2,7820,2022-03-02,0
2021-08-11,2,7822,2022-03-02,0
2021-08-12,7,7829,2022-03-02,0
2021-08-13,5,7834,2022-03-02,0
2021-08-14,6,7840,2022-03-02,0
2021-08-15,0,7840,2022-03-02,0
2021-08-16,7,7847,2022-03-02,0
2021-08-17,7,7854,2022-03-02,0
2021-08-18,9,7863,2022-03-02,0
2021-08-19,2,7865,2022-03-02,0
2021-08-20,3,7868,2022-03-02,0
2021-08-21,5,7873,2022-03-02,0
2021-08-22,7,7880,2022-03-02,0
2021-08-23,5,7885,2022-03-02,0
2021-08-24,12,7897,2022-03-02,0
2021-08-25,7,7904,2022-03-02,0
2021-08-26,2,7906,2022-03-02,0
2021-08-27,6,7912,2022-03-02,0
2021-08-28,11,7923,2022-03-02,0
2021-08-29,11,7934,2022-03-02,0
2021-08-30,8,7942,2022-03-02,0
2021-08-31,8,7950,2022-03-02,0
2021-09-01,6,7956,2022-03-02,0
2021-09-02,6,7962,2022-03-02,0
2021-09-03,9,7971,2022-03-02,0
2021-09-04,9,7980,2022-03-02,0
2021-09-05,10,7990,2022-03-02,0
2021-09-06,8,7998,2022-03-02,0
2021-09-07,7,8005,2022-03-02,0
2021-09-08,11,8016,2022-03-02,0
2021-09-09,5,8021,2022-03-02,0
2021-09-10,9,8030,2022-03-02,0
2021-09-11,17,8047,2022-03-02,0
2021-09-12,10,8057,2022-03-02,0
2021-09-13,8,8065,2022-03-02,0
2021-09-14,11,8076,2022-03-02,0
2021-09-15,14,8090,2022-03-02,0
2021-09-16,16,8106,2022-03-02,0
2021-09-17,8,8114,2022-03-02,0
2021-09-18,15,8129,2022-03-02,0
2021-09-19,11,8140,2022-03-02,0
2021-09-20,16,8156,2022-03-02,0
2021-09-21,16,8172,2022-03-02,0
2021-09-22,17,8189,2022-03-02,0
2021-09-23,13,8202,2022-03-02,0
2021-09-24,13,8215,2022-03-02,0
2021-09-25,16,8231,2022-03-02,0
2021-09-26,15,8246,2022-03-02,0
2021-09-27,15,8261,2022-03-02,0
2021-09-28,11,8272,2022-03-02,0
2021-09-29,21,8293,2022-03-02,0
2021-09-30,17,8310,2022-03-02,0
2021-10-01,13,8323,2022-03-02,0
2021-10-02,15,8338,2022-03-02,0
2021-10-03,23,8361,2022-03-02,0
2021-10-04,15,8376,2022-03-02,0
2021-10-05,23,8399,2022-03-02,0
2021-10-06,21,8420,2022-03-02,0
2021-10-07,14,8434,2022-03-02,0
2021-10-08,22,8456,2022-03-02,0
2021-10-09,20,8476,2022-03-02,0
2021-10-10,14,8490,2022-03-02,0
2021-10-11,11,8501,2022-03-02,0
2021-10-12,25,8526,2022-03-02,0
2021-10-13,21,8547,2022-03-02,0
2021-10-14,22,8569,2022-03-02,0
2021-10-15,14,8583,2022-03-02,0
2021-10-16,20,8603,2022-03-02,0
2021-10-17,18,8621,2022-03-02,0
2021-10-18,17,8638,2022-03-02,0
2021-10-19,26,8664,2022-03-02,0
2021-10-20,16,8680,2022-03-02,0
2021-10-21,9,8689,2022-03-02,0
2021-10-22,23,8712,2022-03-02,0
2021-10-23,24,8736,2022-03-02,0
2021-10-24,25,8761,2022-03-02,0
2021-10-25,20,8781,2022-03-02,0
2021-10-26,22,8803,2022-03-02,0
2021-10-27,16,8819,2022-03-02,0
2021-10-28,24,8843,2022-03-02,0
2021-10-29,20,8863,2022-03-02,0
2021-10-30,20,8883,2022-03-02,0
2021-10-31,27,8910,2022-03-02,0
2021-11-01,18,8928,2022-03-02,0
2021-11-02,18,8946,2022-03-02,0
2021-11-03,28,8974,2022-03-02,0
2021-11-04,28,9002,2022-03-02,0
2021-11-05,29,9031,2022-03-02,0
2021-11-06,16,9047,2022-03-02,0
2021-11-07,24,9071,2022-03-02,0
2021-11-08,28,9099,2022-03-02,0
2021-11-09,17,9116,2022-03-02,0
2021-11-10,18,9134,2022-03-02,0
2021-11-11,28,9162,2022-03-02,0
2021-11-12,29,9191,2022-03-02,0
2021-11-13,31,9222,2022-03-02,0
2021-11-14,24,9246,2022-03-02,0
2021-11-15,28,9274,2022-03-02,0
2021-11-16,25,9299,2022-03-02,0
2021-11-17,37,9336,2022-03-02,0
2021-11-18,38,9374,2022-03-02,0
2021-11-19,34,9408,2022-03-02,0
2021-11-20,30,9438,2022-03-02,0
2021-11-21,32,9470,2022-03-02,0
2021-11-22,30,9500,2022-03-02,0
2021-11-23,32,9532,2022-03-02,0
2021-11-24,25,9557,2022-03-02,0
2021-11-25,35,9592,2022-03-02,0
2021-11-26,51,9643,2022-03-02,0
2021-11-27,36,9679,2022-03-02,0
2021-11-28,39,9718,2022-03-02,0
2021-11-29,29,9747,2022-03-02,0
2021-11-30,30,9777,2022-03-02,0
2021-12-01,47,9824,2022-03-02,0
2021-12-02,40,9864,2022-03-02,0
2021-12-03,31,9895,2022-03-02,0
2021-12-04,42,9937,2022-03-02,0
2021-12-05,36,9973,2022-03-02,0
2021-12-06,35,10008,2022-03-02,0
2021-12-07,36,10044,2022-03-02,0
2021-12-08,38,10082,2022-03-02,0
2021-12-09,47,10129,2022-03-02,0
2021-12-10,34,10163,2022-03-02,0
2021-12-11,27,10190,2022-03-02,0
2021-12-12,36,10226,2022-03-02,0
2021-12-13,34,10260,2022-03-02,0
2021-12-14,35,10295,2022-03-02,0
2021-12-15,41,10336,2022-03-02,0
2021-12-16,32,10368,2022-03-02,0
2021-12-17,41,10409,2022-03-02,0
2021-12-18,33,10442,2022-03-02,0
2021-12-19,31,10473,2022-03-02,0
2021-12-20,33,10506,2022-03-02,0
2021-12-21,28,10534,2022-03-02,0
2021-12-22,29,10563,2022-03-02,0
2021-12-23,27,10590,2022-03-02,0
2021-12-24,30,10620,2022-03-02,0
2021-12-25,28,10648,2022-03-02,0
2021-12-26,42,10690,2022-03-02,0
2021-12-27,31,10721,2022-03-02,0
2021-12-28,35,10756,2022-03-02,0
2021-12-29,29,10785,2022-03-02,0
2021-12-30,19,10804,2022-03-02,0
2021-12-31,40,10844,2022-03-02,0
2022-01-01,27,10871,2022-03-02,0
2022-01-02,22,10893,2022-03-02,0
2022-01-03,23,10916,2022-03-02,0
2022-01-04,30,10946,2022-03-02,0
2022-01-05,31,10977,2022-03-02,0
2022-01-06,32,11009,2022-03-02,0
2022-01-07,28,11037,2022-03-02,0
2022-01-08,42,11079,2022-03-02,0
2022-01-09,18,11097,2022-03-02,0
2022-01-10,31,11128,2022-03-02,0
2022-01-11,18,11146,2022-03-02,0
2022-01-12,19,11165,2022-03-02,0
2022-01-13,27,11192,2022-03-02,0
2022-01-14,33,11225,2022-03-02,0
2022-01-15,26,11251,2022-03-02,0
2022-01-16,33,11284,2022-03-02,0
2022-01-17,36,11320,2022-03-02,0
2022-01-18,24,11344,2022-03-02,0
2022-01-19,29,11373,2022-03-02,0
2022-01-20,30,11403,2022-03-02,0
2022-01-21,27,11430,2022-03-02,0
2022-01-22,27,11457,2022-03-02,2
2022-01-23,22,11479,2022-03-02,0
2022-01-24,35,11514,2022-03-02,0
2022-01-25,33,11547,2022-03-02,0
2022-01-26,34,11581,2022-03-02,0
2022-01-27,35,11616,2022-03-02,0
2022-01-28,30,11646,2022-03-02,0
2022-01-29,28,11674,2022-03-02,0
2022-01-30,27,11701,2022-03-02,0
2022-01-31,18,11719,2022-03-02,0
2022-02-01,24,11743,2022-03-02,0
2022-02-02,22,11765,2022-03-02,0
2022-02-03,29,11794,2022-03-02,1
2022-02-04,20,11814,2022-03-02,0
2022-02-05,27,11841,2022-03-02,0
2022-02-06,26,11867,2022-03-02,0
2022-02-07,15,11882,2022-03-02,0
2022-02-08,27,11909,2022-03-02,0
2022-02-09,24,11933,2022-03-02,0
2022-02-10,21,11954,2022-03-02,0
2022-02-11,19,11973,2022-03-02,0
2022-02-12,15,11988,2022-03-02,0
2022-02-13,17,12005,2022-03-02,0
2022-02-14,13,12018,2022-03-02,0
2022-02-15,20,12038,2022-03-02,0
2022-02-16,12,12050,2022-03-02,0
2022-02-17,12,12062,2022-03-02,0
2022-02-18,12,12074,2022-03-02,0
2022-02-19,20,12094,2022-03-02,0
2022-02-20,15,12109,2022-03-02,0
2022-02-21,5,12114,2022-03-02,0
2022-02-22,11,12125,2022-03-02,3
2022-02-23,7,12132,2022-03-02,1
2022-02-24,11,12143,2022-03-02,5
2022-02-25,5,12148,2022-03-02,5
2022-02-26,1,12149,2022-03-02,1
2022-02-27,3,12152,2022-03-02,3
NA,0,12152,2022-03-02,0
2020-03-19,1,1,2022-03-03,0
2020-03-20,0,1,2022-03-03,0
2020-03-21,0,1,2022-03-03,0
2020-03-22,0,1,2022-03-03,0
2020-03-23,0,1,2022-03-03,0
2020-03-24,1,2,2022-03-03,0
2020-03-25,1,3,2022-03-03,0
2020-03-26,1,4,2022-03-03,0
2020-03-27,5,9,2022-03-03,0
2020-03-28,3,12,2022-03-03,0
2020-03-29,0,12,2022-03-03,0
2020-03-30,5,17,2022-03-03,0
2020-03-31,2,19,2022-03-03,0
2020-04-01,5,24,2022-03-03,0
2020-04-02,3,27,2022-03-03,0
2020-04-03,1,28,2022-03-03,0
2020-04-04,5,33,2022-03-03,0
2020-04-05,5,38,2022-03-03,0
2020-04-06,10,48,2022-03-03,0
2020-04-07,6,54,2022-03-03,0
2020-04-08,7,61,2022-03-03,0
2020-04-09,8,69,2022-03-03,0
2020-04-10,6,75,2022-03-03,0
2020-04-11,4,79,2022-03-03,0
2020-04-12,4,83,2022-03-03,0
2020-04-13,10,93,2022-03-03,0
2020-04-14,6,99,2022-03-03,0
2020-04-15,17,116,2022-03-03,0
2020-04-16,10,126,2022-03-03,0
2020-04-17,17,143,2022-03-03,0
2020-04-18,17,160,2022-03-03,0
2020-04-19,16,176,2022-03-03,0
2020-04-20,21,197,2022-03-03,0
2020-04-21,26,223,2022-03-03,0
2020-04-22,21,244,2022-03-03,0
2020-04-23,19,263,2022-03-03,0
2020-04-24,23,286,2022-03-03,0
2020-04-25,18,304,2022-03-03,0
2020-04-26,17,321,2022-03-03,0
2020-04-27,21,342,2022-03-03,0
2020-04-28,16,358,2022-03-03,0
2020-04-29,29,387,2022-03-03,0
2020-04-30,18,405,2022-03-03,0
2020-05-01,30,435,2022-03-03,0
2020-05-02,19,454,2022-03-03,0
2020-05-03,29,483,2022-03-03,0
2020-05-04,23,506,2022-03-03,0
2020-05-05,19,525,2022-03-03,0
2020-05-06,25,550,2022-03-03,0
2020-05-07,30,580,2022-03-03,0
2020-05-08,20,600,2022-03-03,0
2020-05-09,26,626,2022-03-03,0
2020-05-10,19,645,2022-03-03,0
2020-05-11,25,670,2022-03-03,0
2020-05-12,20,690,2022-03-03,0
2020-05-13,22,712,2022-03-03,0
2020-05-14,20,732,2022-03-03,0
2020-05-15,20,752,2022-03-03,0
2020-05-16,20,772,2022-03-03,0
2020-05-17,23,795,2022-03-03,0
2020-05-18,18,813,2022-03-03,0
2020-05-19,35,848,2022-03-03,0
2020-05-20,24,872,2022-03-03,0
2020-05-21,17,889,2022-03-03,0
2020-05-22,20,909,2022-03-03,0
2020-05-23,26,935,2022-03-03,0
2020-05-24,25,960,2022-03-03,0
2020-05-25,30,990,2022-03-03,0
2020-05-26,29,1019,2022-03-03,0
2020-05-27,25,1044,2022-03-03,0
2020-05-28,21,1065,2022-03-03,0
2020-05-29,17,1082,2022-03-03,0
2020-05-30,11,1093,2022-03-03,0
2020-05-31,20,1113,2022-03-03,0
2020-06-01,23,1136,2022-03-03,0
2020-06-02,21,1157,2022-03-03,0
2020-06-03,25,1182,2022-03-03,0
2020-06-04,26,1208,2022-03-03,0
2020-06-05,18,1226,2022-03-03,0
2020-06-06,12,1238,2022-03-03,0
2020-06-07,22,1260,2022-03-03,0
2020-06-08,12,1272,2022-03-03,0
2020-06-09,13,1285,2022-03-03,0
2020-06-10,10,1295,2022-03-03,0
2020-06-11,12,1307,2022-03-03,0
2020-06-12,11,1318,2022-03-03,0
2020-06-13,13,1331,2022-03-03,0
2020-06-14,11,1342,2022-03-03,0
2020-06-15,8,1350,2022-03-03,0
2020-06-16,9,1359,2022-03-03,0
2020-06-17,17,1376,2022-03-03,0
2020-06-18,9,1385,2022-03-03,0
2020-06-19,8,1393,2022-03-03,0
2020-06-20,12,1405,2022-03-03,0
2020-06-21,11,1416,2022-03-03,0
2020-06-22,6,1422,2022-03-03,0
2020-06-23,10,1432,2022-03-03,0
2020-06-24,1,1433,2022-03-03,0
2020-06-25,9,1442,2022-03-03,0
2020-06-26,6,1448,2022-03-03,0
2020-06-27,5,1453,2022-03-03,0
2020-06-28,11,1464,2022-03-03,0
2020-06-29,7,1471,2022-03-03,0
2020-06-30,9,1480,2022-03-03,0
2020-07-01,2,1482,2022-03-03,0
2020-07-02,3,1485,2022-03-03,0
2020-07-03,5,1490,2022-03-03,0
2020-07-04,4,1494,2022-03-03,0
2020-07-05,6,1500,2022-03-03,0
2020-07-06,4,1504,2022-03-03,0
2020-07-07,2,1506,2022-03-03,0
2020-07-08,9,1515,2022-03-03,0
2020-07-09,4,1519,2022-03-03,0
2020-07-10,3,1522,2022-03-03,0
2020-07-11,4,1526,2022-03-03,0
2020-07-12,6,1532,2022-03-03,0
2020-07-13,2,1534,2022-03-03,0
2020-07-14,6,1540,2022-03-03,0
2020-07-15,7,1547,2022-03-03,0
2020-07-16,3,1550,2022-03-03,0
2020-07-17,7,1557,2022-03-03,0
2020-07-18,6,1563,2022-03-03,0
2020-07-19,5,1568,2022-03-03,0
2020-07-20,3,1571,2022-03-03,0
2020-07-21,6,1577,2022-03-03,0
2020-07-22,5,1582,2022-03-03,0
2020-07-23,8,1590,2022-03-03,0
2020-07-24,6,1596,2022-03-03,0
2020-07-25,2,1598,2022-03-03,0
2020-07-26,5,1603,2022-03-03,0
2020-07-27,5,1608,2022-03-03,0
2020-07-28,7,1615,2022-03-03,0
2020-07-29,3,1618,2022-03-03,0
2020-07-30,6,1624,2022-03-03,0
2020-07-31,9,1633,2022-03-03,0
2020-08-01,4,1637,2022-03-03,0
2020-08-02,7,1644,2022-03-03,0
2020-08-03,4,1648,2022-03-03,0
2020-08-04,7,1655,2022-03-03,0
2020-08-05,8,1663,2022-03-03,0
2020-08-06,9,1672,2022-03-03,0
2020-08-07,7,1679,2022-03-03,0
2020-08-08,6,1685,2022-03-03,0
2020-08-09,10,1695,2022-03-03,0
2020-08-10,3,1698,2022-03-03,0
2020-08-11,9,1707,2022-03-03,0
2020-08-12,7,1714,2022-03-03,0
2020-08-13,5,1719,2022-03-03,0
2020-08-14,9,1728,2022-03-03,0
2020-08-15,13,1741,2022-03-03,0
2020-08-16,13,1754,2022-03-03,0
2020-08-17,6,1760,2022-03-03,0
2020-08-18,11,1771,2022-03-03,0
2020-08-19,3,1774,2022-03-03,0
2020-08-20,10,1784,2022-03-03,0
2020-08-21,12,1796,2022-03-03,0
2020-08-22,9,1805,2022-03-03,0
2020-08-23,7,1812,2022-03-03,0
2020-08-24,9,1821,2022-03-03,0
2020-08-25,4,1825,2022-03-03,0
2020-08-26,3,1828,2022-03-03,0
2020-08-27,7,1835,2022-03-03,0
2020-08-28,6,1841,2022-03-03,0
2020-08-29,3,1844,2022-03-03,0
2020-08-30,5,1849,2022-03-03,0
2020-08-31,9,1858,2022-03-03,0
2020-09-01,2,1860,2022-03-03,0
2020-09-02,7,1867,2022-03-03,0
2020-09-03,12,1879,2022-03-03,0
2020-09-04,4,1883,2022-03-03,0
2020-09-05,6,1889,2022-03-03,0
2020-09-06,12,1901,2022-03-03,0
2020-09-07,3,1904,2022-03-03,0
2020-09-08,6,1910,2022-03-03,0
2020-09-09,10,1920,2022-03-03,0
2020-09-10,9,1929,2022-03-03,0
2020-09-11,11,1940,2022-03-03,0
2020-09-12,8,1948,2022-03-03,0
2020-09-13,8,1956,2022-03-03,0
2020-09-14,2,1958,2022-03-03,0
2020-09-15,7,1965,2022-03-03,0
2020-09-16,9,1974,2022-03-03,0
2020-09-17,5,1979,2022-03-03,0
2020-09-18,6,1985,2022-03-03,0
2020-09-19,4,1989,2022-03-03,0
2020-09-20,9,1998,2022-03-03,0
2020-09-21,7,2005,2022-03-03,0
2020-09-22,8,2013,2022-03-03,0
2020-09-23,9,2022,2022-03-03,0
2020-09-24,8,2030,2022-03-03,0
2020-09-25,11,2041,2022-03-03,0
2020-09-26,9,2050,2022-03-03,0
2020-09-27,14,2064,2022-03-03,0
2020-09-28,11,2075,2022-03-03,0
2020-09-29,5,2080,2022-03-03,0
2020-09-30,16,2096,2022-03-03,0
2020-10-01,7,2103,2022-03-03,0
2020-10-02,13,2116,2022-03-03,0
2020-10-03,9,2125,2022-03-03,0
2020-10-04,7,2132,2022-03-03,0
2020-10-05,10,2142,2022-03-03,0
2020-10-06,13,2155,2022-03-03,0
2020-10-07,19,2174,2022-03-03,0
2020-10-08,9,2183,2022-03-03,0
2020-10-09,17,2200,2022-03-03,0
2020-10-10,16,2216,2022-03-03,0
2020-10-11,16,2232,2022-03-03,0
2020-10-12,20,2252,2022-03-03,0
2020-10-13,14,2266,2022-03-03,0
2020-10-14,10,2276,2022-03-03,0
2020-10-15,9,2285,2022-03-03,0
2020-10-16,12,2297,2022-03-03,0
2020-10-17,18,2315,2022-03-03,0
2020-10-18,25,2340,2022-03-03,0
2020-10-19,18,2358,2022-03-03,0
2020-10-20,15,2373,2022-03-03,0
2020-10-21,24,2397,2022-03-03,0
2020-10-22,18,2415,2022-03-03,0
2020-10-23,19,2434,2022-03-03,0
2020-10-24,8,2442,2022-03-03,0
2020-10-25,17,2459,2022-03-03,0
2020-10-26,25,2484,2022-03-03,0
2020-10-27,23,2507,2022-03-03,0
2020-10-28,29,2536,2022-03-03,0
2020-10-29,18,2554,2022-03-03,0
2020-10-30,27,2581,2022-03-03,0
2020-10-31,25,2606,2022-03-03,0
2020-11-01,21,2627,2022-03-03,0
2020-11-02,25,2652,2022-03-03,0
2020-11-03,25,2677,2022-03-03,0
2020-11-04,33,2710,2022-03-03,0
2020-11-05,38,2748,2022-03-03,0
2020-11-06,39,2787,2022-03-03,0
2020-11-07,42,2829,2022-03-03,0
2020-11-08,47,2876,2022-03-03,0
2020-11-09,37,2913,2022-03-03,0
2020-11-10,35,2948,2022-03-03,0
2020-11-11,43,2991,2022-03-03,0
2020-11-12,45,3036,2022-03-03,0
2020-11-13,40,3076,2022-03-03,0
2020-11-14,48,3124,2022-03-03,0
2020-11-15,46,3170,2022-03-03,0
2020-11-16,62,3232,2022-03-03,0
2020-11-17,56,3288,2022-03-03,0
2020-11-18,61,3349,2022-03-03,0
2020-11-19,60,3409,2022-03-03,0
2020-11-20,63,3472,2022-03-03,0
2020-11-21,58,3530,2022-03-03,0
2020-11-22,67,3597,2022-03-03,0
2020-11-23,59,3656,2022-03-03,0
2020-11-24,69,3725,2022-03-03,0
2020-11-25,72,3797,2022-03-03,0
2020-11-26,54,3851,2022-03-03,0
2020-11-27,69,3920,2022-03-03,0
2020-11-28,62,3982,2022-03-03,0
2020-11-29,68,4050,2022-03-03,0
2020-11-30,62,4112,2022-03-03,0
2020-12-01,64,4176,2022-03-03,0
2020-12-02,73,4249,2022-03-03,0
2020-12-03,86,4335,2022-03-03,0
2020-12-04,67,4402,2022-03-03,0
2020-12-05,74,4476,2022-03-03,0
2020-12-06,80,4556,2022-03-03,0
2020-12-07,75,4631,2022-03-03,0
2020-12-08,61,4692,2022-03-03,0
2020-12-09,71,4763,2022-03-03,0
2020-12-10,72,4835,2022-03-03,0
2020-12-11,71,4906,2022-03-03,0
2020-12-12,72,4978,2022-03-03,0
2020-12-13,56,5034,2022-03-03,0
2020-12-14,43,5077,2022-03-03,0
2020-12-15,65,5142,2022-03-03,0
2020-12-16,74,5216,2022-03-03,0
2020-12-17,60,5276,2022-03-03,0
2020-12-18,59,5335,2022-03-03,0
2020-12-19,56,5391,2022-03-03,0
2020-12-20,61,5452,2022-03-03,0
2020-12-21,58,5510,2022-03-03,0
2020-12-22,33,5543,2022-03-03,0
2020-12-23,46,5589,2022-03-03,0
2020-12-24,51,5640,2022-03-03,0
2020-12-25,36,5676,2022-03-03,0
2020-12-26,43,5719,2022-03-03,0
2020-12-27,41,5760,2022-03-03,0
2020-12-28,34,5794,2022-03-03,0
2020-12-29,37,5831,2022-03-03,0
2020-12-30,47,5878,2022-03-03,0
2020-12-31,36,5914,2022-03-03,0
2021-01-01,28,5942,2022-03-03,0
2021-01-02,49,5991,2022-03-03,0
2021-01-03,37,6028,2022-03-03,0
2021-01-04,32,6060,2022-03-03,0
2021-01-05,40,6100,2022-03-03,0
2021-01-06,32,6132,2022-03-03,0
2021-01-07,38,6170,2022-03-03,0
2021-01-08,32,6202,2022-03-03,0
2021-01-09,26,6228,2022-03-03,0
2021-01-10,30,6258,2022-03-03,0
2021-01-11,27,6285,2022-03-03,0
2021-01-12,32,6317,2022-03-03,0
2021-01-13,23,6340,2022-03-03,0
2021-01-14,42,6382,2022-03-03,0
2021-01-15,26,6408,2022-03-03,0
2021-01-16,30,6438,2022-03-03,0
2021-01-17,21,6459,2022-03-03,0
2021-01-18,19,6478,2022-03-03,0
2021-01-19,14,6492,2022-03-03,0
2021-01-20,26,6518,2022-03-03,0
2021-01-21,16,6534,2022-03-03,0
2021-01-22,14,6548,2022-03-03,0
2021-01-23,17,6565,2022-03-03,0
2021-01-24,24,6589,2022-03-03,0
2021-01-25,19,6608,2022-03-03,0
2021-01-26,21,6629,2022-03-03,0
2021-01-27,11,6640,2022-03-03,0
2021-01-28,12,6652,2022-03-03,0
2021-01-29,15,6667,2022-03-03,0
2021-01-30,13,6680,2022-03-03,0
2021-01-31,17,6697,2022-03-03,0
2021-02-01,17,6714,2022-03-03,0
2021-02-02,10,6724,2022-03-03,0
2021-02-03,11,6735,2022-03-03,0
2021-02-04,11,6746,2022-03-03,0
2021-02-05,13,6759,2022-03-03,0
2021-02-06,12,6771,2022-03-03,0
2021-02-07,19,6790,2022-03-03,0
2021-02-08,11,6801,2022-03-03,0
2021-02-09,15,6816,2022-03-03,0
2021-02-10,14,6830,2022-03-03,0
2021-02-11,7,6837,2022-03-03,0
2021-02-12,14,6851,2022-03-03,0
2021-02-13,8,6859,2022-03-03,0
2021-02-14,10,6869,2022-03-03,0
2021-02-15,9,6878,2022-03-03,0
2021-02-16,12,6890,2022-03-03,0
2021-02-17,10,6900,2022-03-03,0
2021-02-18,7,6907,2022-03-03,0
2021-02-19,6,6913,2022-03-03,0
2021-02-20,7,6920,2022-03-03,0
2021-02-21,4,6924,2022-03-03,0
2021-02-22,5,6929,2022-03-03,0
2021-02-23,9,6938,2022-03-03,0
2021-02-24,5,6943,2022-03-03,0
2021-02-25,5,6948,2022-03-03,0
2021-02-26,7,6955,2022-03-03,0
2021-02-27,6,6961,2022-03-03,0
2021-02-28,8,6969,2022-03-03,0
2021-03-01,7,6976,2022-03-03,0
2021-03-02,3,6979,2022-03-03,0
2021-03-03,10,6989,2022-03-03,0
2021-03-04,6,6995,2022-03-03,0
2021-03-05,10,7005,2022-03-03,0
2021-03-06,5,7010,2022-03-03,0
2021-03-07,9,7019,2022-03-03,0
2021-03-08,5,7024,2022-03-03,0
2021-03-09,7,7031,2022-03-03,0
2021-03-10,5,7036,2022-03-03,0
2021-03-11,4,7040,2022-03-03,0
2021-03-12,11,7051,2022-03-03,0
2021-03-13,5,7056,2022-03-03,0
2021-03-14,5,7061,2022-03-03,0
2021-03-15,2,7063,2022-03-03,0
2021-03-16,6,7069,2022-03-03,0
2021-03-17,4,7073,2022-03-03,0
2021-03-18,5,7078,2022-03-03,0
2021-03-19,5,7083,2022-03-03,0
2021-03-20,9,7092,2022-03-03,0
2021-03-21,5,7097,2022-03-03,0
2021-03-22,4,7101,2022-03-03,0
2021-03-23,5,7106,2022-03-03,0
2021-03-24,1,7107,2022-03-03,0
2021-03-25,5,7112,2022-03-03,0
2021-03-26,3,7115,2022-03-03,0
2021-03-27,7,7122,2022-03-03,0
2021-03-28,6,7128,2022-03-03,0
2021-03-29,5,7133,2022-03-03,0
2021-03-30,6,7139,2022-03-03,0
2021-03-31,8,7147,2022-03-03,0
2021-04-01,6,7153,2022-03-03,0
2021-04-02,9,7162,2022-03-03,0
2021-04-03,8,7170,2022-03-03,0
2021-04-04,6,7176,2022-03-03,0
2021-04-05,8,7184,2022-03-03,0
2021-04-06,7,7191,2022-03-03,0
2021-04-07,6,7197,2022-03-03,0
2021-04-08,10,7207,2022-03-03,0
2021-04-09,7,7214,2022-03-03,0
2021-04-10,7,7221,2022-03-03,0
2021-04-11,8,7229,2022-03-03,0
2021-04-12,10,7239,2022-03-03,0
2021-04-13,7,7246,2022-03-03,0
2021-04-14,8,7254,2022-03-03,0
2021-04-15,14,7268,2022-03-03,0
2021-04-16,8,7276,2022-03-03,0
2021-04-17,8,7284,2022-03-03,0
2021-04-18,8,7292,2022-03-03,0
2021-04-19,10,7302,2022-03-03,0
2021-04-20,5,7307,2022-03-03,0
2021-04-21,8,7315,2022-03-03,0
2021-04-22,3,7318,2022-03-03,0
2021-04-23,15,7333,2022-03-03,0
2021-04-24,11,7344,2022-03-03,0
2021-04-25,15,7359,2022-03-03,0
2021-04-26,15,7374,2022-03-03,0
2021-04-27,7,7381,2022-03-03,0
2021-04-28,14,7395,2022-03-03,0
2021-04-29,8,7403,2022-03-03,0
2021-04-30,11,7414,2022-03-03,0
2021-05-01,7,7421,2022-03-03,0
2021-05-02,8,7429,2022-03-03,0
2021-05-03,5,7434,2022-03-03,0
2021-05-04,13,7447,2022-03-03,0
2021-05-05,8,7455,2022-03-03,0
2021-05-06,5,7460,2022-03-03,0
2021-05-07,8,7468,2022-03-03,0
2021-05-08,7,7475,2022-03-03,0
2021-05-09,9,7484,2022-03-03,0
2021-05-10,8,7492,2022-03-03,0
2021-05-11,6,7498,2022-03-03,0
2021-05-12,9,7507,2022-03-03,0
2021-05-13,9,7516,2022-03-03,0
2021-05-14,11,7527,2022-03-03,0
2021-05-15,10,7537,2022-03-03,0
2021-05-16,6,7543,2022-03-03,0
2021-05-17,6,7549,2022-03-03,0
2021-05-18,7,7556,2022-03-03,0
2021-05-19,2,7558,2022-03-03,0
2021-05-20,5,7563,2022-03-03,0
2021-05-21,7,7570,2022-03-03,0
2021-05-22,12,7582,2022-03-03,0
2021-05-23,5,7587,2022-03-03,0
2021-05-24,5,7592,2022-03-03,0
2021-05-25,6,7598,2022-03-03,0
2021-05-26,3,7601,2022-03-03,0
2021-05-27,7,7608,2022-03-03,0
2021-05-28,2,7610,2022-03-03,0
2021-05-29,6,7616,2022-03-03,0
2021-05-30,4,7620,2022-03-03,0
2021-05-31,3,7623,2022-03-03,0
2021-06-01,5,7628,2022-03-03,0
2021-06-02,8,7636,2022-03-03,0
2021-06-03,4,7640,2022-03-03,0
2021-06-04,4,7644,2022-03-03,0
2021-06-05,2,7646,2022-03-03,0
2021-06-06,5,7651,2022-03-03,0
2021-06-07,3,7654,2022-03-03,0
2021-06-08,5,7659,2022-03-03,0
2021-06-09,4,7663,2022-03-03,0
2021-06-10,6,7669,2022-03-03,0
2021-06-11,6,7675,2022-03-03,0
2021-06-12,4,7679,2022-03-03,0
2021-06-13,4,7683,2022-03-03,0
2021-06-14,3,7686,2022-03-03,0
2021-06-15,2,7688,2022-03-03,0
2021-06-16,2,7690,2022-03-03,0
2021-06-17,4,7694,2022-03-03,0
2021-06-18,2,7696,2022-03-03,0
2021-06-19,6,7702,2022-03-03,0
2021-06-20,1,7703,2022-03-03,0
2021-06-21,5,7708,2022-03-03,0
2021-06-22,3,7711,2022-03-03,0
2021-06-23,4,7715,2022-03-03,0
2021-06-24,3,7718,2022-03-03,0
2021-06-25,3,7721,2022-03-03,0
2021-06-26,4,7725,2022-03-03,0
2021-06-27,2,7727,2022-03-03,0
2021-06-28,2,7729,2022-03-03,0
2021-06-29,2,7731,2022-03-03,0
2021-06-30,2,7733,2022-03-03,0
2021-07-01,0,7733,2022-03-03,0
2021-07-02,2,7735,2022-03-03,0
2021-07-03,2,7737,2022-03-03,0
2021-07-04,3,7740,2022-03-03,0
2021-07-05,1,7741,2022-03-03,0
2021-07-06,5,7746,2022-03-03,0
2021-07-07,1,7747,2022-03-03,0
2021-07-08,1,7748,2022-03-03,0
2021-07-09,0,7748,2022-03-03,0
2021-07-10,1,7749,2022-03-03,0
2021-07-11,3,7752,2022-03-03,0
2021-07-12,1,7753,2022-03-03,0
2021-07-13,2,7755,2022-03-03,0
2021-07-14,2,7757,2022-03-03,0
2021-07-15,2,7759,2022-03-03,0
2021-07-16,1,7760,2022-03-03,0
2021-07-17,1,7761,2022-03-03,0
2021-07-18,0,7761,2022-03-03,0
2021-07-19,0,7761,2022-03-03,0
2021-07-20,2,7763,2022-03-03,0
2021-07-21,3,7766,2022-03-03,0
2021-07-22,2,7768,2022-03-03,0
2021-07-23,3,7771,2022-03-03,0
2021-07-24,0,7771,2022-03-03,0
2021-07-25,2,7773,2022-03-03,0
2021-07-26,1,7774,2022-03-03,0
2021-07-27,2,7776,2022-03-03,0
2021-07-28,3,7779,2022-03-03,0
2021-07-29,2,7781,2022-03-03,0
2021-07-30,5,7786,2022-03-03,0
2021-07-31,4,7790,2022-03-03,0
2021-08-01,1,7791,2022-03-03,0
2021-08-02,3,7794,2022-03-03,0
2021-08-03,2,7796,2022-03-03,0
2021-08-04,3,7799,2022-03-03,0
2021-08-05,2,7801,2022-03-03,0
2021-08-06,8,7809,2022-03-03,0
2021-08-07,3,7812,2022-03-03,0
2021-08-08,3,7815,2022-03-03,0
2021-08-09,3,7818,2022-03-03,0
2021-08-10,2,7820,2022-03-03,0
2021-08-11,2,7822,2022-03-03,0
2021-08-12,7,7829,2022-03-03,0
2021-08-13,5,7834,2022-03-03,0
2021-08-14,6,7840,2022-03-03,0
2021-08-15,0,7840,2022-03-03,0
2021-08-16,7,7847,2022-03-03,0
2021-08-17,7,7854,2022-03-03,0
2021-08-18,9,7863,2022-03-03,0
2021-08-19,2,7865,2022-03-03,0
2021-08-20,3,7868,2022-03-03,0
2021-08-21,5,7873,2022-03-03,0
2021-08-22,7,7880,2022-03-03,0
2021-08-23,5,7885,2022-03-03,0
2021-08-24,12,7897,2022-03-03,0
2021-08-25,7,7904,2022-03-03,0
2021-08-26,2,7906,2022-03-03,0
2021-08-27,6,7912,2022-03-03,0
2021-08-28,11,7923,2022-03-03,0
2021-08-29,11,7934,2022-03-03,0
2021-08-30,8,7942,2022-03-03,0
2021-08-31,8,7950,2022-03-03,0
2021-09-01,6,7956,2022-03-03,0
2021-09-02,6,7962,2022-03-03,0
2021-09-03,9,7971,2022-03-03,0
2021-09-04,9,7980,2022-03-03,0
2021-09-05,10,7990,2022-03-03,0
2021-09-06,8,7998,2022-03-03,0
2021-09-07,7,8005,2022-03-03,0
2021-09-08,11,8016,2022-03-03,0
2021-09-09,5,8021,2022-03-03,0
2021-09-10,9,8030,2022-03-03,0
2021-09-11,17,8047,2022-03-03,0
2021-09-12,10,8057,2022-03-03,0
2021-09-13,8,8065,2022-03-03,0
2021-09-14,11,8076,2022-03-03,0
2021-09-15,14,8090,2022-03-03,0
2021-09-16,16,8106,2022-03-03,0
2021-09-17,8,8114,2022-03-03,0
2021-09-18,15,8129,2022-03-03,0
2021-09-19,11,8140,2022-03-03,0
2021-09-20,16,8156,2022-03-03,0
2021-09-21,16,8172,2022-03-03,0
2021-09-22,17,8189,2022-03-03,0
2021-09-23,13,8202,2022-03-03,0
2021-09-24,13,8215,2022-03-03,0
2021-09-25,16,8231,2022-03-03,0
2021-09-26,15,8246,2022-03-03,0
2021-09-27,15,8261,2022-03-03,0
2021-09-28,11,8272,2022-03-03,0
2021-09-29,21,8293,2022-03-03,0
2021-09-30,17,8310,2022-03-03,0
2021-10-01,13,8323,2022-03-03,0
2021-10-02,15,8338,2022-03-03,0
2021-10-03,23,8361,2022-03-03,0
2021-10-04,15,8376,2022-03-03,0
2021-10-05,23,8399,2022-03-03,0
2021-10-06,21,8420,2022-03-03,0
2021-10-07,14,8434,2022-03-03,0
2021-10-08,22,8456,2022-03-03,0
2021-10-09,20,8476,2022-03-03,0
2021-10-10,14,8490,2022-03-03,0
2021-10-11,11,8501,2022-03-03,0
2021-10-12,25,8526,2022-03-03,0
2021-10-13,21,8547,2022-03-03,0
2021-10-14,22,8569,2022-03-03,0
2021-10-15,14,8583,2022-03-03,0
2021-10-16,20,8603,2022-03-03,0
2021-10-17,18,8621,2022-03-03,0
2021-10-18,17,8638,2022-03-03,0
2021-10-19,26,8664,2022-03-03,0
2021-10-20,16,8680,2022-03-03,0
2021-10-21,9,8689,2022-03-03,0
2021-10-22,23,8712,2022-03-03,0
2021-10-23,24,8736,2022-03-03,0
2021-10-24,25,8761,2022-03-03,0
2021-10-25,20,8781,2022-03-03,0
2021-10-26,22,8803,2022-03-03,0
2021-10-27,16,8819,2022-03-03,0
2021-10-28,24,8843,2022-03-03,0
2021-10-29,20,8863,2022-03-03,0
2021-10-30,20,8883,2022-03-03,0
2021-10-31,27,8910,2022-03-03,0
2021-11-01,18,8928,2022-03-03,0
2021-11-02,18,8946,2022-03-03,0
2021-11-03,28,8974,2022-03-03,0
2021-11-04,28,9002,2022-03-03,0
2021-11-05,29,9031,2022-03-03,0
2021-11-06,16,9047,2022-03-03,0
2021-11-07,24,9071,2022-03-03,0
2021-11-08,28,9099,2022-03-03,0
2021-11-09,17,9116,2022-03-03,0
2021-11-10,18,9134,2022-03-03,0
2021-11-11,28,9162,2022-03-03,0
2021-11-12,29,9191,2022-03-03,0
2021-11-13,31,9222,2022-03-03,0
2021-11-14,24,9246,2022-03-03,0
2021-11-15,28,9274,2022-03-03,0
2021-11-16,25,9299,2022-03-03,0
2021-11-17,37,9336,2022-03-03,0
2021-11-18,38,9374,2022-03-03,0
2021-11-19,34,9408,2022-03-03,0
2021-11-20,30,9438,2022-03-03,0
2021-11-21,32,9470,2022-03-03,0
2021-11-22,30,9500,2022-03-03,0
2021-11-23,32,9532,2022-03-03,0
2021-11-24,25,9557,2022-03-03,0
2021-11-25,35,9592,2022-03-03,0
2021-11-26,51,9643,2022-03-03,0
2021-11-27,36,9679,2022-03-03,0
2021-11-28,39,9718,2022-03-03,0
2021-11-29,29,9747,2022-03-03,0
2021-11-30,30,9777,2022-03-03,0
2021-12-01,47,9824,2022-03-03,0
2021-12-02,40,9864,2022-03-03,0
2021-12-03,31,9895,2022-03-03,0
2021-12-04,42,9937,2022-03-03,0
2021-12-05,36,9973,2022-03-03,0
2021-12-06,35,10008,2022-03-03,0
2021-12-07,36,10044,2022-03-03,0
2021-12-08,38,10082,2022-03-03,0
2021-12-09,47,10129,2022-03-03,0
2021-12-10,34,10163,2022-03-03,0
2021-12-11,27,10190,2022-03-03,0
2021-12-12,36,10226,2022-03-03,0
2021-12-13,34,10260,2022-03-03,0
2021-12-14,35,10295,2022-03-03,0
2021-12-15,41,10336,2022-03-03,0
2021-12-16,33,10369,2022-03-03,1
2021-12-17,41,10410,2022-03-03,0
2021-12-18,33,10443,2022-03-03,0
2021-12-19,31,10474,2022-03-03,0
2021-12-20,33,10507,2022-03-03,0
2021-12-21,28,10535,2022-03-03,0
2021-12-22,29,10564,2022-03-03,0
2021-12-23,27,10591,2022-03-03,0
2021-12-24,30,10621,2022-03-03,0
2021-12-25,28,10649,2022-03-03,0
2021-12-26,42,10691,2022-03-03,0
2021-12-27,31,10722,2022-03-03,0
2021-12-28,35,10757,2022-03-03,0
2021-12-29,29,10786,2022-03-03,0
2021-12-30,19,10805,2022-03-03,0
2021-12-31,40,10845,2022-03-03,0
2022-01-01,27,10872,2022-03-03,0
2022-01-02,22,10894,2022-03-03,0
2022-01-03,23,10917,2022-03-03,0
2022-01-04,30,10947,2022-03-03,0
2022-01-05,32,10979,2022-03-03,1
2022-01-06,32,11011,2022-03-03,0
2022-01-07,28,11039,2022-03-03,0
2022-01-08,42,11081,2022-03-03,0
2022-01-09,18,11099,2022-03-03,0
2022-01-10,31,11130,2022-03-03,0
2022-01-11,18,11148,2022-03-03,0
2022-01-12,19,11167,2022-03-03,0
2022-01-13,27,11194,2022-03-03,0
2022-01-14,33,11227,2022-03-03,0
2022-01-15,26,11253,2022-03-03,0
2022-01-16,33,11286,2022-03-03,0
2022-01-17,36,11322,2022-03-03,0
2022-01-18,24,11346,2022-03-03,0
2022-01-19,29,11375,2022-03-03,0
2022-01-20,30,11405,2022-03-03,0
2022-01-21,27,11432,2022-03-03,0
2022-01-22,27,11459,2022-03-03,0
2022-01-23,22,11481,2022-03-03,0
2022-01-24,35,11516,2022-03-03,0
2022-01-25,33,11549,2022-03-03,0
2022-01-26,34,11583,2022-03-03,0
2022-01-27,36,11619,2022-03-03,1
2022-01-28,30,11649,2022-03-03,0
2022-01-29,28,11677,2022-03-03,0
2022-01-30,27,11704,2022-03-03,0
2022-01-31,18,11722,2022-03-03,0
2022-02-01,24,11746,2022-03-03,0
2022-02-02,22,11768,2022-03-03,0
2022-02-03,29,11797,2022-03-03,0
2022-02-04,20,11817,2022-03-03,0
2022-02-05,27,11844,2022-03-03,0
2022-02-06,26,11870,2022-03-03,0
2022-02-07,15,11885,2022-03-03,0
2022-02-08,27,11912,2022-03-03,0
2022-02-09,25,11937,2022-03-03,1
2022-02-10,21,11958,2022-03-03,0
2022-02-11,19,11977,2022-03-03,0
2022-02-12,15,11992,2022-03-03,0
2022-02-13,18,12010,2022-03-03,1
2022-02-14,15,12025,2022-03-03,2
2022-02-15,20,12045,2022-03-03,0
2022-02-16,12,12057,2022-03-03,0
2022-02-17,12,12069,2022-03-03,0
2022-02-18,12,12081,2022-03-03,0
2022-02-19,20,12101,2022-03-03,0
2022-02-20,15,12116,2022-03-03,0
2022-02-21,5,12121,2022-03-03,0
2022-02-22,11,12132,2022-03-03,0
2022-02-23,7,12139,2022-03-03,0
2022-02-24,17,12156,2022-03-03,6
2022-02-25,6,12162,2022-03-03,1
2022-02-26,3,12165,2022-03-03,2
2022-02-27,5,12170,2022-03-03,2
2022-02-28,2,12172,2022-03-03,2
NA,0,12172,2022-03-03,0
2020-03-19,1,1,2022-03-04,0
2020-03-20,0,1,2022-03-04,0
2020-03-21,0,1,2022-03-04,0
2020-03-22,0,1,2022-03-04,0
2020-03-23,0,1,2022-03-04,0
2020-03-24,1,2,2022-03-04,0
2020-03-25,1,3,2022-03-04,0
2020-03-26,1,4,2022-03-04,0
2020-03-27,5,9,2022-03-04,0
2020-03-28,3,12,2022-03-04,0
2020-03-29,0,12,2022-03-04,0
2020-03-30,5,17,2022-03-04,0
2020-03-31,2,19,2022-03-04,0
2020-04-01,5,24,2022-03-04,0
2020-04-02,3,27,2022-03-04,0
2020-04-03,1,28,2022-03-04,0
2020-04-04,5,33,2022-03-04,0
2020-04-05,5,38,2022-03-04,0
2020-04-06,10,48,2022-03-04,0
2020-04-07,6,54,2022-03-04,0
2020-04-08,7,61,2022-03-04,0
2020-04-09,8,69,2022-03-04,0
2020-04-10,6,75,2022-03-04,0
2020-04-11,4,79,2022-03-04,0
2020-04-12,4,83,2022-03-04,0
2020-04-13,10,93,2022-03-04,0
2020-04-14,6,99,2022-03-04,0
2020-04-15,17,116,2022-03-04,0
2020-04-16,10,126,2022-03-04,0
2020-04-17,17,143,2022-03-04,0
2020-04-18,17,160,2022-03-04,0
2020-04-19,16,176,2022-03-04,0
2020-04-20,21,197,2022-03-04,0
2020-04-21,26,223,2022-03-04,0
2020-04-22,21,244,2022-03-04,0
2020-04-23,19,263,2022-03-04,0
2020-04-24,23,286,2022-03-04,0
2020-04-25,18,304,2022-03-04,0
2020-04-26,17,321,2022-03-04,0
2020-04-27,21,342,2022-03-04,0
2020-04-28,16,358,2022-03-04,0
2020-04-29,29,387,2022-03-04,0
2020-04-30,18,405,2022-03-04,0
2020-05-01,30,435,2022-03-04,0
2020-05-02,19,454,2022-03-04,0
2020-05-03,29,483,2022-03-04,0
2020-05-04,23,506,2022-03-04,0
2020-05-05,19,525,2022-03-04,0
2020-05-06,25,550,2022-03-04,0
2020-05-07,30,580,2022-03-04,0
2020-05-08,20,600,2022-03-04,0
2020-05-09,26,626,2022-03-04,0
2020-05-10,19,645,2022-03-04,0
2020-05-11,25,670,2022-03-04,0
2020-05-12,20,690,2022-03-04,0
2020-05-13,22,712,2022-03-04,0
2020-05-14,20,732,2022-03-04,0
2020-05-15,20,752,2022-03-04,0
2020-05-16,20,772,2022-03-04,0
2020-05-17,23,795,2022-03-04,0
2020-05-18,18,813,2022-03-04,0
2020-05-19,35,848,2022-03-04,0
2020-05-20,24,872,2022-03-04,0
2020-05-21,17,889,2022-03-04,0
2020-05-22,20,909,2022-03-04,0
2020-05-23,26,935,2022-03-04,0
2020-05-24,25,960,2022-03-04,0
2020-05-25,30,990,2022-03-04,0
2020-05-26,29,1019,2022-03-04,0
2020-05-27,25,1044,2022-03-04,0
2020-05-28,21,1065,2022-03-04,0
2020-05-29,17,1082,2022-03-04,0
2020-05-30,11,1093,2022-03-04,0
2020-05-31,20,1113,2022-03-04,0
2020-06-01,23,1136,2022-03-04,0
2020-06-02,21,1157,2022-03-04,0
2020-06-03,25,1182,2022-03-04,0
2020-06-04,26,1208,2022-03-04,0
2020-06-05,18,1226,2022-03-04,0
2020-06-06,12,1238,2022-03-04,0
2020-06-07,22,1260,2022-03-04,0
2020-06-08,12,1272,2022-03-04,0
2020-06-09,13,1285,2022-03-04,0
2020-06-10,10,1295,2022-03-04,0
2020-06-11,12,1307,2022-03-04,0
2020-06-12,11,1318,2022-03-04,0
2020-06-13,13,1331,2022-03-04,0
2020-06-14,11,1342,2022-03-04,0
2020-06-15,8,1350,2022-03-04,0
2020-06-16,9,1359,2022-03-04,0
2020-06-17,17,1376,2022-03-04,0
2020-06-18,9,1385,2022-03-04,0
2020-06-19,8,1393,2022-03-04,0
2020-06-20,12,1405,2022-03-04,0
2020-06-21,11,1416,2022-03-04,0
2020-06-22,6,1422,2022-03-04,0
2020-06-23,10,1432,2022-03-04,0
2020-06-24,1,1433,2022-03-04,0
2020-06-25,9,1442,2022-03-04,0
2020-06-26,6,1448,2022-03-04,0
2020-06-27,5,1453,2022-03-04,0
2020-06-28,11,1464,2022-03-04,0
2020-06-29,7,1471,2022-03-04,0
2020-06-30,9,1480,2022-03-04,0
2020-07-01,2,1482,2022-03-04,0
2020-07-02,3,1485,2022-03-04,0
2020-07-03,5,1490,2022-03-04,0
2020-07-04,4,1494,2022-03-04,0
2020-07-05,6,1500,2022-03-04,0
2020-07-06,4,1504,2022-03-04,0
2020-07-07,2,1506,2022-03-04,0
2020-07-08,9,1515,2022-03-04,0
2020-07-09,4,1519,2022-03-04,0
2020-07-10,3,1522,2022-03-04,0
2020-07-11,4,1526,2022-03-04,0
2020-07-12,6,1532,2022-03-04,0
2020-07-13,2,1534,2022-03-04,0
2020-07-14,6,1540,2022-03-04,0
2020-07-15,7,1547,2022-03-04,0
2020-07-16,3,1550,2022-03-04,0
2020-07-17,7,1557,2022-03-04,0
2020-07-18,6,1563,2022-03-04,0
2020-07-19,5,1568,2022-03-04,0
2020-07-20,3,1571,2022-03-04,0
2020-07-21,6,1577,2022-03-04,0
2020-07-22,5,1582,2022-03-04,0
2020-07-23,8,1590,2022-03-04,0
2020-07-24,6,1596,2022-03-04,0
2020-07-25,2,1598,2022-03-04,0
2020-07-26,5,1603,2022-03-04,0
2020-07-27,5,1608,2022-03-04,0
2020-07-28,7,1615,2022-03-04,0
2020-07-29,3,1618,2022-03-04,0
2020-07-30,6,1624,2022-03-04,0
2020-07-31,9,1633,2022-03-04,0
2020-08-01,4,1637,2022-03-04,0
2020-08-02,7,1644,2022-03-04,0
2020-08-03,4,1648,2022-03-04,0
2020-08-04,7,1655,2022-03-04,0
2020-08-05,8,1663,2022-03-04,0
2020-08-06,9,1672,2022-03-04,0
2020-08-07,7,1679,2022-03-04,0
2020-08-08,6,1685,2022-03-04,0
2020-08-09,10,1695,2022-03-04,0
2020-08-10,3,1698,2022-03-04,0
2020-08-11,9,1707,2022-03-04,0
2020-08-12,7,1714,2022-03-04,0
2020-08-13,5,1719,2022-03-04,0
2020-08-14,9,1728,2022-03-04,0
2020-08-15,13,1741,2022-03-04,0
2020-08-16,13,1754,2022-03-04,0
2020-08-17,6,1760,2022-03-04,0
2020-08-18,11,1771,2022-03-04,0
2020-08-19,3,1774,2022-03-04,0
2020-08-20,10,1784,2022-03-04,0
2020-08-21,12,1796,2022-03-04,0
2020-08-22,9,1805,2022-03-04,0
2020-08-23,7,1812,2022-03-04,0
2020-08-24,9,1821,2022-03-04,0
2020-08-25,4,1825,2022-03-04,0
2020-08-26,3,1828,2022-03-04,0
2020-08-27,7,1835,2022-03-04,0
2020-08-28,6,1841,2022-03-04,0
2020-08-29,3,1844,2022-03-04,0
2020-08-30,5,1849,2022-03-04,0
2020-08-31,9,1858,2022-03-04,0
2020-09-01,2,1860,2022-03-04,0
2020-09-02,7,1867,2022-03-04,0
2020-09-03,12,1879,2022-03-04,0
2020-09-04,4,1883,2022-03-04,0
2020-09-05,6,1889,2022-03-04,0
2020-09-06,12,1901,2022-03-04,0
2020-09-07,3,1904,2022-03-04,0
2020-09-08,6,1910,2022-03-04,0
2020-09-09,10,1920,2022-03-04,0
2020-09-10,9,1929,2022-03-04,0
2020-09-11,11,1940,2022-03-04,0
2020-09-12,8,1948,2022-03-04,0
2020-09-13,8,1956,2022-03-04,0
2020-09-14,2,1958,2022-03-04,0
2020-09-15,7,1965,2022-03-04,0
2020-09-16,9,1974,2022-03-04,0
2020-09-17,5,1979,2022-03-04,0
2020-09-18,6,1985,2022-03-04,0
2020-09-19,4,1989,2022-03-04,0
2020-09-20,9,1998,2022-03-04,0
2020-09-21,7,2005,2022-03-04,0
2020-09-22,8,2013,2022-03-04,0
2020-09-23,9,2022,2022-03-04,0
2020-09-24,8,2030,2022-03-04,0
2020-09-25,11,2041,2022-03-04,0
2020-09-26,9,2050,2022-03-04,0
2020-09-27,14,2064,2022-03-04,0
2020-09-28,11,2075,2022-03-04,0
2020-09-29,5,2080,2022-03-04,0
2020-09-30,16,2096,2022-03-04,0
2020-10-01,7,2103,2022-03-04,0
2020-10-02,13,2116,2022-03-04,0
2020-10-03,9,2125,2022-03-04,0
2020-10-04,7,2132,2022-03-04,0
2020-10-05,10,2142,2022-03-04,0
2020-10-06,13,2155,2022-03-04,0
2020-10-07,19,2174,2022-03-04,0
2020-10-08,9,2183,2022-03-04,0
2020-10-09,17,2200,2022-03-04,0
2020-10-10,16,2216,2022-03-04,0
2020-10-11,16,2232,2022-03-04,0
2020-10-12,20,2252,2022-03-04,0
2020-10-13,14,2266,2022-03-04,0
2020-10-14,10,2276,2022-03-04,0
2020-10-15,9,2285,2022-03-04,0
2020-10-16,12,2297,2022-03-04,0
2020-10-17,18,2315,2022-03-04,0
2020-10-18,25,2340,2022-03-04,0
2020-10-19,18,2358,2022-03-04,0
2020-10-20,15,2373,2022-03-04,0
2020-10-21,24,2397,2022-03-04,0
2020-10-22,18,2415,2022-03-04,0
2020-10-23,19,2434,2022-03-04,0
2020-10-24,8,2442,2022-03-04,0
2020-10-25,17,2459,2022-03-04,0
2020-10-26,25,2484,2022-03-04,0
2020-10-27,23,2507,2022-03-04,0
2020-10-28,29,2536,2022-03-04,0
2020-10-29,18,2554,2022-03-04,0
2020-10-30,27,2581,2022-03-04,0
2020-10-31,25,2606,2022-03-04,0
2020-11-01,21,2627,2022-03-04,0
2020-11-02,25,2652,2022-03-04,0
2020-11-03,25,2677,2022-03-04,0
2020-11-04,33,2710,2022-03-04,0
2020-11-05,38,2748,2022-03-04,0
2020-11-06,39,2787,2022-03-04,0
2020-11-07,42,2829,2022-03-04,0
2020-11-08,47,2876,2022-03-04,0
2020-11-09,37,2913,2022-03-04,0
2020-11-10,35,2948,2022-03-04,0
2020-11-11,43,2991,2022-03-04,0
2020-11-12,45,3036,2022-03-04,0
2020-11-13,40,3076,2022-03-04,0
2020-11-14,48,3124,2022-03-04,0
2020-11-15,46,3170,2022-03-04,0
2020-11-16,62,3232,2022-03-04,0
2020-11-17,56,3288,2022-03-04,0
2020-11-18,61,3349,2022-03-04,0
2020-11-19,60,3409,2022-03-04,0
2020-11-20,63,3472,2022-03-04,0
2020-11-21,58,3530,2022-03-04,0
2020-11-22,67,3597,2022-03-04,0
2020-11-23,59,3656,2022-03-04,0
2020-11-24,69,3725,2022-03-04,0
2020-11-25,72,3797,2022-03-04,0
2020-11-26,54,3851,2022-03-04,0
2020-11-27,69,3920,2022-03-04,0
2020-11-28,62,3982,2022-03-04,0
2020-11-29,68,4050,2022-03-04,0
2020-11-30,62,4112,2022-03-04,0
2020-12-01,64,4176,2022-03-04,0
2020-12-02,73,4249,2022-03-04,0
2020-12-03,86,4335,2022-03-04,0
2020-12-04,67,4402,2022-03-04,0
2020-12-05,74,4476,2022-03-04,0
2020-12-06,80,4556,2022-03-04,0
2020-12-07,75,4631,2022-03-04,0
2020-12-08,61,4692,2022-03-04,0
2020-12-09,71,4763,2022-03-04,0
2020-12-10,72,4835,2022-03-04,0
2020-12-11,71,4906,2022-03-04,0
2020-12-12,72,4978,2022-03-04,0
2020-12-13,56,5034,2022-03-04,0
2020-12-14,43,5077,2022-03-04,0
2020-12-15,65,5142,2022-03-04,0
2020-12-16,74,5216,2022-03-04,0
2020-12-17,60,5276,2022-03-04,0
2020-12-18,59,5335,2022-03-04,0
2020-12-19,56,5391,2022-03-04,0
2020-12-20,61,5452,2022-03-04,0
2020-12-21,58,5510,2022-03-04,0
2020-12-22,33,5543,2022-03-04,0
2020-12-23,46,5589,2022-03-04,0
2020-12-24,51,5640,2022-03-04,0
2020-12-25,36,5676,2022-03-04,0
2020-12-26,43,5719,2022-03-04,0
2020-12-27,41,5760,2022-03-04,0
2020-12-28,34,5794,2022-03-04,0
2020-12-29,37,5831,2022-03-04,0
2020-12-30,47,5878,2022-03-04,0
2020-12-31,36,5914,2022-03-04,0
2021-01-01,28,5942,2022-03-04,0
2021-01-02,49,5991,2022-03-04,0
2021-01-03,37,6028,2022-03-04,0
2021-01-04,32,6060,2022-03-04,0
2021-01-05,40,6100,2022-03-04,0
2021-01-06,32,6132,2022-03-04,0
2021-01-07,38,6170,2022-03-04,0
2021-01-08,32,6202,2022-03-04,0
2021-01-09,26,6228,2022-03-04,0
2021-01-10,30,6258,2022-03-04,0
2021-01-11,27,6285,2022-03-04,0
2021-01-12,32,6317,2022-03-04,0
2021-01-13,23,6340,2022-03-04,0
2021-01-14,42,6382,2022-03-04,0
2021-01-15,26,6408,2022-03-04,0
2021-01-16,30,6438,2022-03-04,0
2021-01-17,21,6459,2022-03-04,0
2021-01-18,19,6478,2022-03-04,0
2021-01-19,14,6492,2022-03-04,0
2021-01-20,26,6518,2022-03-04,0
2021-01-21,16,6534,2022-03-04,0
2021-01-22,14,6548,2022-03-04,0
2021-01-23,17,6565,2022-03-04,0
2021-01-24,24,6589,2022-03-04,0
2021-01-25,19,6608,2022-03-04,0
2021-01-26,21,6629,2022-03-04,0
2021-01-27,11,6640,2022-03-04,0
2021-01-28,12,6652,2022-03-04,0
2021-01-29,15,6667,2022-03-04,0
2021-01-30,13,6680,2022-03-04,0
2021-01-31,17,6697,2022-03-04,0
2021-02-01,17,6714,2022-03-04,0
2021-02-02,10,6724,2022-03-04,0
2021-02-03,11,6735,2022-03-04,0
2021-02-04,11,6746,2022-03-04,0
2021-02-05,13,6759,2022-03-04,0
2021-02-06,12,6771,2022-03-04,0
2021-02-07,19,6790,2022-03-04,0
2021-02-08,11,6801,2022-03-04,0
2021-02-09,15,6816,2022-03-04,0
2021-02-10,14,6830,2022-03-04,0
2021-02-11,7,6837,2022-03-04,0
2021-02-12,14,6851,2022-03-04,0
2021-02-13,8,6859,2022-03-04,0
2021-02-14,10,6869,2022-03-04,0
2021-02-15,9,6878,2022-03-04,0
2021-02-16,12,6890,2022-03-04,0
2021-02-17,10,6900,2022-03-04,0
2021-02-18,7,6907,2022-03-04,0
2021-02-19,6,6913,2022-03-04,0
2021-02-20,7,6920,2022-03-04,0
2021-02-21,4,6924,2022-03-04,0
2021-02-22,5,6929,2022-03-04,0
2021-02-23,9,6938,2022-03-04,0
2021-02-24,5,6943,2022-03-04,0
2021-02-25,5,6948,2022-03-04,0
2021-02-26,7,6955,2022-03-04,0
2021-02-27,6,6961,2022-03-04,0
2021-02-28,8,6969,2022-03-04,0
2021-03-01,7,6976,2022-03-04,0
2021-03-02,3,6979,2022-03-04,0
2021-03-03,10,6989,2022-03-04,0
2021-03-04,6,6995,2022-03-04,0
2021-03-05,10,7005,2022-03-04,0
2021-03-06,5,7010,2022-03-04,0
2021-03-07,9,7019,2022-03-04,0
2021-03-08,5,7024,2022-03-04,0
2021-03-09,7,7031,2022-03-04,0
2021-03-10,5,7036,2022-03-04,0
2021-03-11,4,7040,2022-03-04,0
2021-03-12,11,7051,2022-03-04,0
2021-03-13,5,7056,2022-03-04,0
2021-03-14,5,7061,2022-03-04,0
2021-03-15,2,7063,2022-03-04,0
2021-03-16,6,7069,2022-03-04,0
2021-03-17,4,7073,2022-03-04,0
2021-03-18,5,7078,2022-03-04,0
2021-03-19,5,7083,2022-03-04,0
2021-03-20,9,7092,2022-03-04,0
2021-03-21,5,7097,2022-03-04,0
2021-03-22,4,7101,2022-03-04,0
2021-03-23,5,7106,2022-03-04,0
2021-03-24,1,7107,2022-03-04,0
2021-03-25,5,7112,2022-03-04,0
2021-03-26,3,7115,2022-03-04,0
2021-03-27,7,7122,2022-03-04,0
2021-03-28,6,7128,2022-03-04,0
2021-03-29,5,7133,2022-03-04,0
2021-03-30,6,7139,2022-03-04,0
2021-03-31,8,7147,2022-03-04,0
2021-04-01,6,7153,2022-03-04,0
2021-04-02,9,7162,2022-03-04,0
2021-04-03,8,7170,2022-03-04,0
2021-04-04,6,7176,2022-03-04,0
2021-04-05,8,7184,2022-03-04,0
2021-04-06,7,7191,2022-03-04,0
2021-04-07,6,7197,2022-03-04,0
2021-04-08,10,7207,2022-03-04,0
2021-04-09,7,7214,2022-03-04,0
2021-04-10,7,7221,2022-03-04,0
2021-04-11,8,7229,2022-03-04,0
2021-04-12,10,7239,2022-03-04,0
2021-04-13,7,7246,2022-03-04,0
2021-04-14,8,7254,2022-03-04,0
2021-04-15,14,7268,2022-03-04,0
2021-04-16,8,7276,2022-03-04,0
2021-04-17,8,7284,2022-03-04,0
2021-04-18,8,7292,2022-03-04,0
2021-04-19,10,7302,2022-03-04,0
2021-04-20,5,7307,2022-03-04,0
2021-04-21,8,7315,2022-03-04,0
2021-04-22,3,7318,2022-03-04,0
2021-04-23,15,7333,2022-03-04,0
2021-04-24,11,7344,2022-03-04,0
2021-04-25,15,7359,2022-03-04,0
2021-04-26,15,7374,2022-03-04,0
2021-04-27,7,7381,2022-03-04,0
2021-04-28,14,7395,2022-03-04,0
2021-04-29,8,7403,2022-03-04,0
2021-04-30,11,7414,2022-03-04,0
2021-05-01,7,7421,2022-03-04,0
2021-05-02,8,7429,2022-03-04,0
2021-05-03,5,7434,2022-03-04,0
2021-05-04,13,7447,2022-03-04,0
2021-05-05,8,7455,2022-03-04,0
2021-05-06,5,7460,2022-03-04,0
2021-05-07,8,7468,2022-03-04,0
2021-05-08,7,7475,2022-03-04,0
2021-05-09,9,7484,2022-03-04,0
2021-05-10,8,7492,2022-03-04,0
2021-05-11,6,7498,2022-03-04,0
2021-05-12,9,7507,2022-03-04,0
2021-05-13,9,7516,2022-03-04,0
2021-05-14,11,7527,2022-03-04,0
2021-05-15,10,7537,2022-03-04,0
2021-05-16,6,7543,2022-03-04,0
2021-05-17,6,7549,2022-03-04,0
2021-05-18,7,7556,2022-03-04,0
2021-05-19,2,7558,2022-03-04,0
2021-05-20,5,7563,2022-03-04,0
2021-05-21,7,7570,2022-03-04,0
2021-05-22,12,7582,2022-03-04,0
2021-05-23,5,7587,2022-03-04,0
2021-05-24,5,7592,2022-03-04,0
2021-05-25,6,7598,2022-03-04,0
2021-05-26,3,7601,2022-03-04,0
2021-05-27,7,7608,2022-03-04,0
2021-05-28,2,7610,2022-03-04,0
2021-05-29,6,7616,2022-03-04,0
2021-05-30,4,7620,2022-03-04,0
2021-05-31,3,7623,2022-03-04,0
2021-06-01,5,7628,2022-03-04,0
2021-06-02,8,7636,2022-03-04,0
2021-06-03,4,7640,2022-03-04,0
2021-06-04,4,7644,2022-03-04,0
2021-06-05,2,7646,2022-03-04,0
2021-06-06,5,7651,2022-03-04,0
2021-06-07,3,7654,2022-03-04,0
2021-06-08,5,7659,2022-03-04,0
2021-06-09,4,7663,2022-03-04,0
2021-06-10,6,7669,2022-03-04,0
2021-06-11,6,7675,2022-03-04,0
2021-06-12,4,7679,2022-03-04,0
2021-06-13,4,7683,2022-03-04,0
2021-06-14,3,7686,2022-03-04,0
2021-06-15,2,7688,2022-03-04,0
2021-06-16,2,7690,2022-03-04,0
2021-06-17,4,7694,2022-03-04,0
2021-06-18,2,7696,2022-03-04,0
2021-06-19,6,7702,2022-03-04,0
2021-06-20,1,7703,2022-03-04,0
2021-06-21,5,7708,2022-03-04,0
2021-06-22,3,7711,2022-03-04,0
2021-06-23,4,7715,2022-03-04,0
2021-06-24,3,7718,2022-03-04,0
2021-06-25,3,7721,2022-03-04,0
2021-06-26,4,7725,2022-03-04,0
2021-06-27,2,7727,2022-03-04,0
2021-06-28,2,7729,2022-03-04,0
2021-06-29,2,7731,2022-03-04,0
2021-06-30,2,7733,2022-03-04,0
2021-07-01,0,7733,2022-03-04,0
2021-07-02,2,7735,2022-03-04,0
2021-07-03,2,7737,2022-03-04,0
2021-07-04,3,7740,2022-03-04,0
2021-07-05,1,7741,2022-03-04,0
2021-07-06,5,7746,2022-03-04,0
2021-07-07,1,7747,2022-03-04,0
2021-07-08,1,7748,2022-03-04,0
2021-07-09,0,7748,2022-03-04,0
2021-07-10,1,7749,2022-03-04,0
2021-07-11,3,7752,2022-03-04,0
2021-07-12,1,7753,2022-03-04,0
2021-07-13,2,7755,2022-03-04,0
2021-07-14,2,7757,2022-03-04,0
2021-07-15,2,7759,2022-03-04,0
2021-07-16,1,7760,2022-03-04,0
2021-07-17,1,7761,2022-03-04,0
2021-07-18,0,7761,2022-03-04,0
2021-07-19,0,7761,2022-03-04,0
2021-07-20,2,7763,2022-03-04,0
2021-07-21,3,7766,2022-03-04,0
2021-07-22,2,7768,2022-03-04,0
2021-07-23,3,7771,2022-03-04,0
2021-07-24,0,7771,2022-03-04,0
2021-07-25,2,7773,2022-03-04,0
2021-07-26,1,7774,2022-03-04,0
2021-07-27,2,7776,2022-03-04,0
2021-07-28,3,7779,2022-03-04,0
2021-07-29,2,7781,2022-03-04,0
2021-07-30,5,7786,2022-03-04,0
2021-07-31,4,7790,2022-03-04,0
2021-08-01,1,7791,2022-03-04,0
2021-08-02,3,7794,2022-03-04,0
2021-08-03,2,7796,2022-03-04,0
2021-08-04,3,7799,2022-03-04,0
2021-08-05,2,7801,2022-03-04,0
2021-08-06,8,7809,2022-03-04,0
2021-08-07,3,7812,2022-03-04,0
2021-08-08,3,7815,2022-03-04,0
2021-08-09,3,7818,2022-03-04,0
2021-08-10,2,7820,2022-03-04,0
2021-08-11,2,7822,2022-03-04,0
2021-08-12,7,7829,2022-03-04,0
2021-08-13,5,7834,2022-03-04,0
2021-08-14,6,7840,2022-03-04,0
2021-08-15,0,7840,2022-03-04,0
2021-08-16,7,7847,2022-03-04,0
2021-08-17,7,7854,2022-03-04,0
2021-08-18,9,7863,2022-03-04,0
2021-08-19,2,7865,2022-03-04,0
2021-08-20,3,7868,2022-03-04,0
2021-08-21,5,7873,2022-03-04,0
2021-08-22,7,7880,2022-03-04,0
2021-08-23,5,7885,2022-03-04,0
2021-08-24,12,7897,2022-03-04,0
2021-08-25,7,7904,2022-03-04,0
2021-08-26,2,7906,2022-03-04,0
2021-08-27,6,7912,2022-03-04,0
2021-08-28,11,7923,2022-03-04,0
2021-08-29,11,7934,2022-03-04,0
2021-08-30,8,7942,2022-03-04,0
2021-08-31,8,7950,2022-03-04,0
2021-09-01,6,7956,2022-03-04,0
2021-09-02,6,7962,2022-03-04,0
2021-09-03,9,7971,2022-03-04,0
2021-09-04,9,7980,2022-03-04,0
2021-09-05,10,7990,2022-03-04,0
2021-09-06,8,7998,2022-03-04,0
2021-09-07,7,8005,2022-03-04,0
2021-09-08,11,8016,2022-03-04,0
2021-09-09,5,8021,2022-03-04,0
2021-09-10,9,8030,2022-03-04,0
2021-09-11,17,8047,2022-03-04,0
2021-09-12,10,8057,2022-03-04,0
2021-09-13,8,8065,2022-03-04,0
2021-09-14,11,8076,2022-03-04,0
2021-09-15,14,8090,2022-03-04,0
2021-09-16,16,8106,2022-03-04,0
2021-09-17,8,8114,2022-03-04,0
2021-09-18,15,8129,2022-03-04,0
2021-09-19,11,8140,2022-03-04,0
2021-09-20,16,8156,2022-03-04,0
2021-09-21,16,8172,2022-03-04,0
2021-09-22,17,8189,2022-03-04,0
2021-09-23,13,8202,2022-03-04,0
2021-09-24,13,8215,2022-03-04,0
2021-09-25,16,8231,2022-03-04,0
2021-09-26,15,8246,2022-03-04,0
2021-09-27,15,8261,2022-03-04,0
2021-09-28,11,8272,2022-03-04,0
2021-09-29,21,8293,2022-03-04,0
2021-09-30,17,8310,2022-03-04,0
2021-10-01,13,8323,2022-03-04,0
2021-10-02,15,8338,2022-03-04,0
2021-10-03,23,8361,2022-03-04,0
2021-10-04,15,8376,2022-03-04,0
2021-10-05,23,8399,2022-03-04,0
2021-10-06,21,8420,2022-03-04,0
2021-10-07,14,8434,2022-03-04,0
2021-10-08,22,8456,2022-03-04,0
2021-10-09,20,8476,2022-03-04,0
2021-10-10,14,8490,2022-03-04,0
2021-10-11,11,8501,2022-03-04,0
2021-10-12,25,8526,2022-03-04,0
2021-10-13,21,8547,2022-03-04,0
2021-10-14,22,8569,2022-03-04,0
2021-10-15,14,8583,2022-03-04,0
2021-10-16,20,8603,2022-03-04,0
2021-10-17,18,8621,2022-03-04,0
2021-10-18,17,8638,2022-03-04,0
2021-10-19,26,8664,2022-03-04,0
2021-10-20,17,8681,2022-03-04,1
2021-10-21,8,8689,2022-03-04,-1
2021-10-22,23,8712,2022-03-04,0
2021-10-23,24,8736,2022-03-04,0
2021-10-24,25,8761,2022-03-04,0
2021-10-25,20,8781,2022-03-04,0
2021-10-26,22,8803,2022-03-04,0
2021-10-27,16,8819,2022-03-04,0
2021-10-28,24,8843,2022-03-04,0
2021-10-29,20,8863,2022-03-04,0
2021-10-30,20,8883,2022-03-04,0
2021-10-31,27,8910,2022-03-04,0
2021-11-01,18,8928,2022-03-04,0
2021-11-02,18,8946,2022-03-04,0
2021-11-03,28,8974,2022-03-04,0
2021-11-04,28,9002,2022-03-04,0
2021-11-05,29,9031,2022-03-04,0
2021-11-06,16,9047,2022-03-04,0
2021-11-07,24,9071,2022-03-04,0
2021-11-08,28,9099,2022-03-04,0
2021-11-09,17,9116,2022-03-04,0
2021-11-10,18,9134,2022-03-04,0
2021-11-11,28,9162,2022-03-04,0
2021-11-12,29,9191,2022-03-04,0
2021-11-13,31,9222,2022-03-04,0
2021-11-14,24,9246,2022-03-04,0
2021-11-15,28,9274,2022-03-04,0
2021-11-16,25,9299,2022-03-04,0
2021-11-17,37,9336,2022-03-04,0
2021-11-18,38,9374,2022-03-04,0
2021-11-19,34,9408,2022-03-04,0
2021-11-20,30,9438,2022-03-04,0
2021-11-21,32,9470,2022-03-04,0
2021-11-22,30,9500,2022-03-04,0
2021-11-23,32,9532,2022-03-04,0
2021-11-24,25,9557,2022-03-04,0
2021-11-25,35,9592,2022-03-04,0
2021-11-26,51,9643,2022-03-04,0
2021-11-27,36,9679,2022-03-04,0
2021-11-28,39,9718,2022-03-04,0
2021-11-29,29,9747,2022-03-04,0
2021-11-30,30,9777,2022-03-04,0
2021-12-01,47,9824,2022-03-04,0
2021-12-02,40,9864,2022-03-04,0
2021-12-03,31,9895,2022-03-04,0
2021-12-04,42,9937,2022-03-04,0
2021-12-05,36,9973,2022-03-04,0
2021-12-06,35,10008,2022-03-04,0
2021-12-07,36,10044,2022-03-04,0
2021-12-08,38,10082,2022-03-04,0
2021-12-09,47,10129,2022-03-04,0
2021-12-10,34,10163,2022-03-04,0
2021-12-11,27,10190,2022-03-04,0
2021-12-12,36,10226,2022-03-04,0
2021-12-13,34,10260,2022-03-04,0
2021-12-14,35,10295,2022-03-04,0
2021-12-15,41,10336,2022-03-04,0
2021-12-16,33,10369,2022-03-04,0
2021-12-17,41,10410,2022-03-04,0
2021-12-18,33,10443,2022-03-04,0
2021-12-19,31,10474,2022-03-04,0
2021-12-20,33,10507,2022-03-04,0
2021-12-21,28,10535,2022-03-04,0
2021-12-22,29,10564,2022-03-04,0
2021-12-23,27,10591,2022-03-04,0
2021-12-24,30,10621,2022-03-04,0
2021-12-25,28,10649,2022-03-04,0
2021-12-26,42,10691,2022-03-04,0
2021-12-27,31,10722,2022-03-04,0
2021-12-28,35,10757,2022-03-04,0
2021-12-29,29,10786,2022-03-04,0
2021-12-30,19,10805,2022-03-04,0
2021-12-31,40,10845,2022-03-04,0
2022-01-01,27,10872,2022-03-04,0
2022-01-02,22,10894,2022-03-04,0
2022-01-03,23,10917,2022-03-04,0
2022-01-04,30,10947,2022-03-04,0
2022-01-05,32,10979,2022-03-04,0
2022-01-06,32,11011,2022-03-04,0
2022-01-07,28,11039,2022-03-04,0
2022-01-08,42,11081,2022-03-04,0
2022-01-09,18,11099,2022-03-04,0
2022-01-10,31,11130,2022-03-04,0
2022-01-11,18,11148,2022-03-04,0
2022-01-12,19,11167,2022-03-04,0
2022-01-13,27,11194,2022-03-04,0
2022-01-14,33,11227,2022-03-04,0
2022-01-15,26,11253,2022-03-04,0
2022-01-16,33,11286,2022-03-04,0
2022-01-17,36,11322,2022-03-04,0
2022-01-18,25,11347,2022-03-04,1
2022-01-19,29,11376,2022-03-04,0
2022-01-20,30,11406,2022-03-04,0
2022-01-21,27,11433,2022-03-04,0
2022-01-22,27,11460,2022-03-04,0
2022-01-23,22,11482,2022-03-04,0
2022-01-24,35,11517,2022-03-04,0
2022-01-25,33,11550,2022-03-04,0
2022-01-26,34,11584,2022-03-04,0
2022-01-27,36,11620,2022-03-04,0
2022-01-28,30,11650,2022-03-04,0
2022-01-29,28,11678,2022-03-04,0
2022-01-30,27,11705,2022-03-04,0
2022-01-31,18,11723,2022-03-04,0
2022-02-01,24,11747,2022-03-04,0
2022-02-02,22,11769,2022-03-04,0
2022-02-03,29,11798,2022-03-04,0
2022-02-04,20,11818,2022-03-04,0
2022-02-05,27,11845,2022-03-04,0
2022-02-06,26,11871,2022-03-04,0
2022-02-07,15,11886,2022-03-04,0
2022-02-08,27,11913,2022-03-04,0
2022-02-09,25,11938,2022-03-04,0
2022-02-10,21,11959,2022-03-04,0
2022-02-11,19,11978,2022-03-04,0
2022-02-12,15,11993,2022-03-04,0
2022-02-13,18,12011,2022-03-04,0
2022-02-14,15,12026,2022-03-04,0
2022-02-15,20,12046,2022-03-04,0
2022-02-16,12,12058,2022-03-04,0
2022-02-17,12,12070,2022-03-04,0
2022-02-18,12,12082,2022-03-04,0
2022-02-19,20,12102,2022-03-04,0
2022-02-20,15,12117,2022-03-04,0
2022-02-21,5,12122,2022-03-04,0
2022-02-22,12,12134,2022-03-04,1
2022-02-23,8,12142,2022-03-04,1
2022-02-24,19,12161,2022-03-04,2
2022-02-25,6,12167,2022-03-04,0
2022-02-26,4,12171,2022-03-04,1
2022-02-27,7,12178,2022-03-04,2
2022-02-28,4,12182,2022-03-04,2
2022-03-01,1,12183,2022-03-04,1
NA,0,12183,2022-03-04,0
2020-03-19,1,1,2022-03-07,0
2020-03-20,0,1,2022-03-07,0
2020-03-21,0,1,2022-03-07,0
2020-03-22,0,1,2022-03-07,0
2020-03-23,0,1,2022-03-07,0
2020-03-24,1,2,2022-03-07,0
2020-03-25,1,3,2022-03-07,0
2020-03-26,1,4,2022-03-07,0
2020-03-27,5,9,2022-03-07,0
2020-03-28,3,12,2022-03-07,0
2020-03-29,0,12,2022-03-07,0
2020-03-30,5,17,2022-03-07,0
2020-03-31,2,19,2022-03-07,0
2020-04-01,5,24,2022-03-07,0
2020-04-02,3,27,2022-03-07,0
2020-04-03,1,28,2022-03-07,0
2020-04-04,5,33,2022-03-07,0
2020-04-05,5,38,2022-03-07,0
2020-04-06,10,48,2022-03-07,0
2020-04-07,6,54,2022-03-07,0
2020-04-08,7,61,2022-03-07,0
2020-04-09,8,69,2022-03-07,0
2020-04-10,6,75,2022-03-07,0
2020-04-11,4,79,2022-03-07,0
2020-04-12,4,83,2022-03-07,0
2020-04-13,10,93,2022-03-07,0
2020-04-14,6,99,2022-03-07,0
2020-04-15,17,116,2022-03-07,0
2020-04-16,10,126,2022-03-07,0
2020-04-17,17,143,2022-03-07,0
2020-04-18,17,160,2022-03-07,0
2020-04-19,16,176,2022-03-07,0
2020-04-20,21,197,2022-03-07,0
2020-04-21,26,223,2022-03-07,0
2020-04-22,21,244,2022-03-07,0
2020-04-23,19,263,2022-03-07,0
2020-04-24,23,286,2022-03-07,0
2020-04-25,18,304,2022-03-07,0
2020-04-26,17,321,2022-03-07,0
2020-04-27,21,342,2022-03-07,0
2020-04-28,16,358,2022-03-07,0
2020-04-29,29,387,2022-03-07,0
2020-04-30,18,405,2022-03-07,0
2020-05-01,30,435,2022-03-07,0
2020-05-02,19,454,2022-03-07,0
2020-05-03,29,483,2022-03-07,0
2020-05-04,23,506,2022-03-07,0
2020-05-05,19,525,2022-03-07,0
2020-05-06,25,550,2022-03-07,0
2020-05-07,30,580,2022-03-07,0
2020-05-08,20,600,2022-03-07,0
2020-05-09,26,626,2022-03-07,0
2020-05-10,19,645,2022-03-07,0
2020-05-11,25,670,2022-03-07,0
2020-05-12,20,690,2022-03-07,0
2020-05-13,22,712,2022-03-07,0
2020-05-14,20,732,2022-03-07,0
2020-05-15,20,752,2022-03-07,0
2020-05-16,20,772,2022-03-07,0
2020-05-17,23,795,2022-03-07,0
2020-05-18,18,813,2022-03-07,0
2020-05-19,35,848,2022-03-07,0
2020-05-20,24,872,2022-03-07,0
2020-05-21,17,889,2022-03-07,0
2020-05-22,20,909,2022-03-07,0
2020-05-23,26,935,2022-03-07,0
2020-05-24,25,960,2022-03-07,0
2020-05-25,30,990,2022-03-07,0
2020-05-26,29,1019,2022-03-07,0
2020-05-27,25,1044,2022-03-07,0
2020-05-28,21,1065,2022-03-07,0
2020-05-29,17,1082,2022-03-07,0
2020-05-30,11,1093,2022-03-07,0
2020-05-31,20,1113,2022-03-07,0
2020-06-01,23,1136,2022-03-07,0
2020-06-02,21,1157,2022-03-07,0
2020-06-03,25,1182,2022-03-07,0
2020-06-04,26,1208,2022-03-07,0
2020-06-05,18,1226,2022-03-07,0
2020-06-06,12,1238,2022-03-07,0
2020-06-07,22,1260,2022-03-07,0
2020-06-08,12,1272,2022-03-07,0
2020-06-09,13,1285,2022-03-07,0
2020-06-10,10,1295,2022-03-07,0
2020-06-11,12,1307,2022-03-07,0
2020-06-12,11,1318,2022-03-07,0
2020-06-13,13,1331,2022-03-07,0
2020-06-14,11,1342,2022-03-07,0
2020-06-15,8,1350,2022-03-07,0
2020-06-16,9,1359,2022-03-07,0
2020-06-17,17,1376,2022-03-07,0
2020-06-18,9,1385,2022-03-07,0
2020-06-19,8,1393,2022-03-07,0
2020-06-20,12,1405,2022-03-07,0
2020-06-21,11,1416,2022-03-07,0
2020-06-22,6,1422,2022-03-07,0
2020-06-23,10,1432,2022-03-07,0
2020-06-24,1,1433,2022-03-07,0
2020-06-25,9,1442,2022-03-07,0
2020-06-26,6,1448,2022-03-07,0
2020-06-27,5,1453,2022-03-07,0
2020-06-28,11,1464,2022-03-07,0
2020-06-29,7,1471,2022-03-07,0
2020-06-30,9,1480,2022-03-07,0
2020-07-01,2,1482,2022-03-07,0
2020-07-02,3,1485,2022-03-07,0
2020-07-03,5,1490,2022-03-07,0
2020-07-04,4,1494,2022-03-07,0
2020-07-05,6,1500,2022-03-07,0
2020-07-06,4,1504,2022-03-07,0
2020-07-07,2,1506,2022-03-07,0
2020-07-08,9,1515,2022-03-07,0
2020-07-09,4,1519,2022-03-07,0
2020-07-10,3,1522,2022-03-07,0
2020-07-11,4,1526,2022-03-07,0
2020-07-12,6,1532,2022-03-07,0
2020-07-13,2,1534,2022-03-07,0
2020-07-14,6,1540,2022-03-07,0
2020-07-15,7,1547,2022-03-07,0
2020-07-16,3,1550,2022-03-07,0
2020-07-17,7,1557,2022-03-07,0
2020-07-18,6,1563,2022-03-07,0
2020-07-19,5,1568,2022-03-07,0
2020-07-20,3,1571,2022-03-07,0
2020-07-21,6,1577,2022-03-07,0
2020-07-22,5,1582,2022-03-07,0
2020-07-23,8,1590,2022-03-07,0
2020-07-24,6,1596,2022-03-07,0
2020-07-25,2,1598,2022-03-07,0
2020-07-26,5,1603,2022-03-07,0
2020-07-27,5,1608,2022-03-07,0
2020-07-28,7,1615,2022-03-07,0
2020-07-29,3,1618,2022-03-07,0
2020-07-30,6,1624,2022-03-07,0
2020-07-31,9,1633,2022-03-07,0
2020-08-01,4,1637,2022-03-07,0
2020-08-02,7,1644,2022-03-07,0
2020-08-03,4,1648,2022-03-07,0
2020-08-04,7,1655,2022-03-07,0
2020-08-05,8,1663,2022-03-07,0
2020-08-06,9,1672,2022-03-07,0
2020-08-07,7,1679,2022-03-07,0
2020-08-08,6,1685,2022-03-07,0
2020-08-09,10,1695,2022-03-07,0
2020-08-10,3,1698,2022-03-07,0
2020-08-11,9,1707,2022-03-07,0
2020-08-12,7,1714,2022-03-07,0
2020-08-13,5,1719,2022-03-07,0
2020-08-14,9,1728,2022-03-07,0
2020-08-15,13,1741,2022-03-07,0
2020-08-16,13,1754,2022-03-07,0
2020-08-17,6,1760,2022-03-07,0
2020-08-18,11,1771,2022-03-07,0
2020-08-19,3,1774,2022-03-07,0
2020-08-20,10,1784,2022-03-07,0
2020-08-21,12,1796,2022-03-07,0
2020-08-22,9,1805,2022-03-07,0
2020-08-23,7,1812,2022-03-07,0
2020-08-24,9,1821,2022-03-07,0
2020-08-25,4,1825,2022-03-07,0
2020-08-26,3,1828,2022-03-07,0
2020-08-27,7,1835,2022-03-07,0
2020-08-28,6,1841,2022-03-07,0
2020-08-29,3,1844,2022-03-07,0
2020-08-30,5,1849,2022-03-07,0
2020-08-31,9,1858,2022-03-07,0
2020-09-01,2,1860,2022-03-07,0
2020-09-02,7,1867,2022-03-07,0
2020-09-03,12,1879,2022-03-07,0
2020-09-04,4,1883,2022-03-07,0
2020-09-05,6,1889,2022-03-07,0
2020-09-06,12,1901,2022-03-07,0
2020-09-07,3,1904,2022-03-07,0
2020-09-08,6,1910,2022-03-07,0
2020-09-09,10,1920,2022-03-07,0
2020-09-10,9,1929,2022-03-07,0
2020-09-11,11,1940,2022-03-07,0
2020-09-12,8,1948,2022-03-07,0
2020-09-13,8,1956,2022-03-07,0
2020-09-14,2,1958,2022-03-07,0
2020-09-15,7,1965,2022-03-07,0
2020-09-16,9,1974,2022-03-07,0
2020-09-17,5,1979,2022-03-07,0
2020-09-18,6,1985,2022-03-07,0
2020-09-19,4,1989,2022-03-07,0
2020-09-20,9,1998,2022-03-07,0
2020-09-21,7,2005,2022-03-07,0
2020-09-22,8,2013,2022-03-07,0
2020-09-23,9,2022,2022-03-07,0
2020-09-24,8,2030,2022-03-07,0
2020-09-25,11,2041,2022-03-07,0
2020-09-26,9,2050,2022-03-07,0
2020-09-27,14,2064,2022-03-07,0
2020-09-28,11,2075,2022-03-07,0
2020-09-29,5,2080,2022-03-07,0
2020-09-30,16,2096,2022-03-07,0
2020-10-01,7,2103,2022-03-07,0
2020-10-02,13,2116,2022-03-07,0
2020-10-03,9,2125,2022-03-07,0
2020-10-04,7,2132,2022-03-07,0
2020-10-05,10,2142,2022-03-07,0
2020-10-06,13,2155,2022-03-07,0
2020-10-07,19,2174,2022-03-07,0
2020-10-08,9,2183,2022-03-07,0
2020-10-09,17,2200,2022-03-07,0
2020-10-10,16,2216,2022-03-07,0
2020-10-11,16,2232,2022-03-07,0
2020-10-12,20,2252,2022-03-07,0
2020-10-13,14,2266,2022-03-07,0
2020-10-14,10,2276,2022-03-07,0
2020-10-15,9,2285,2022-03-07,0
2020-10-16,12,2297,2022-03-07,0
2020-10-17,18,2315,2022-03-07,0
2020-10-18,25,2340,2022-03-07,0
2020-10-19,18,2358,2022-03-07,0
2020-10-20,15,2373,2022-03-07,0
2020-10-21,24,2397,2022-03-07,0
2020-10-22,18,2415,2022-03-07,0
2020-10-23,19,2434,2022-03-07,0
2020-10-24,8,2442,2022-03-07,0
2020-10-25,17,2459,2022-03-07,0
2020-10-26,25,2484,2022-03-07,0
2020-10-27,23,2507,2022-03-07,0
2020-10-28,29,2536,2022-03-07,0
2020-10-29,18,2554,2022-03-07,0
2020-10-30,27,2581,2022-03-07,0
2020-10-31,25,2606,2022-03-07,0
2020-11-01,21,2627,2022-03-07,0
2020-11-02,25,2652,2022-03-07,0
2020-11-03,25,2677,2022-03-07,0
2020-11-04,33,2710,2022-03-07,0
2020-11-05,38,2748,2022-03-07,0
2020-11-06,39,2787,2022-03-07,0
2020-11-07,42,2829,2022-03-07,0
2020-11-08,47,2876,2022-03-07,0
2020-11-09,37,2913,2022-03-07,0
2020-11-10,35,2948,2022-03-07,0
2020-11-11,43,2991,2022-03-07,0
2020-11-12,45,3036,2022-03-07,0
2020-11-13,40,3076,2022-03-07,0
2020-11-14,48,3124,2022-03-07,0
2020-11-15,46,3170,2022-03-07,0
2020-11-16,62,3232,2022-03-07,0
2020-11-17,56,3288,2022-03-07,0
2020-11-18,61,3349,2022-03-07,0
2020-11-19,60,3409,2022-03-07,0
2020-11-20,63,3472,2022-03-07,0
2020-11-21,58,3530,2022-03-07,0
2020-11-22,67,3597,2022-03-07,0
2020-11-23,59,3656,2022-03-07,0
2020-11-24,69,3725,2022-03-07,0
2020-11-25,72,3797,2022-03-07,0
2020-11-26,54,3851,2022-03-07,0
2020-11-27,69,3920,2022-03-07,0
2020-11-28,62,3982,2022-03-07,0
2020-11-29,68,4050,2022-03-07,0
2020-11-30,62,4112,2022-03-07,0
2020-12-01,64,4176,2022-03-07,0
2020-12-02,73,4249,2022-03-07,0
2020-12-03,86,4335,2022-03-07,0
2020-12-04,67,4402,2022-03-07,0
2020-12-05,74,4476,2022-03-07,0
2020-12-06,80,4556,2022-03-07,0
2020-12-07,75,4631,2022-03-07,0
2020-12-08,61,4692,2022-03-07,0
2020-12-09,71,4763,2022-03-07,0
2020-12-10,72,4835,2022-03-07,0
2020-12-11,71,4906,2022-03-07,0
2020-12-12,72,4978,2022-03-07,0
2020-12-13,56,5034,2022-03-07,0
2020-12-14,43,5077,2022-03-07,0
2020-12-15,65,5142,2022-03-07,0
2020-12-16,74,5216,2022-03-07,0
2020-12-17,60,5276,2022-03-07,0
2020-12-18,59,5335,2022-03-07,0
2020-12-19,56,5391,2022-03-07,0
2020-12-20,61,5452,2022-03-07,0
2020-12-21,58,5510,2022-03-07,0
2020-12-22,33,5543,2022-03-07,0
2020-12-23,46,5589,2022-03-07,0
2020-12-24,51,5640,2022-03-07,0
2020-12-25,36,5676,2022-03-07,0
2020-12-26,43,5719,2022-03-07,0
2020-12-27,41,5760,2022-03-07,0
2020-12-28,34,5794,2022-03-07,0
2020-12-29,37,5831,2022-03-07,0
2020-12-30,47,5878,2022-03-07,0
2020-12-31,36,5914,2022-03-07,0
2021-01-01,28,5942,2022-03-07,0
2021-01-02,49,5991,2022-03-07,0
2021-01-03,37,6028,2022-03-07,0
2021-01-04,32,6060,2022-03-07,0
2021-01-05,40,6100,2022-03-07,0
2021-01-06,32,6132,2022-03-07,0
2021-01-07,38,6170,2022-03-07,0
2021-01-08,32,6202,2022-03-07,0
2021-01-09,26,6228,2022-03-07,0
2021-01-10,30,6258,2022-03-07,0
2021-01-11,27,6285,2022-03-07,0
2021-01-12,32,6317,2022-03-07,0
2021-01-13,23,6340,2022-03-07,0
2021-01-14,42,6382,2022-03-07,0
2021-01-15,26,6408,2022-03-07,0
2021-01-16,30,6438,2022-03-07,0
2021-01-17,21,6459,2022-03-07,0
2021-01-18,19,6478,2022-03-07,0
2021-01-19,14,6492,2022-03-07,0
2021-01-20,26,6518,2022-03-07,0
2021-01-21,16,6534,2022-03-07,0
2021-01-22,14,6548,2022-03-07,0
2021-01-23,17,6565,2022-03-07,0
2021-01-24,24,6589,2022-03-07,0
2021-01-25,19,6608,2022-03-07,0
2021-01-26,21,6629,2022-03-07,0
2021-01-27,11,6640,2022-03-07,0
2021-01-28,12,6652,2022-03-07,0
2021-01-29,15,6667,2022-03-07,0
2021-01-30,13,6680,2022-03-07,0
2021-01-31,17,6697,2022-03-07,0
2021-02-01,17,6714,2022-03-07,0
2021-02-02,10,6724,2022-03-07,0
2021-02-03,11,6735,2022-03-07,0
2021-02-04,11,6746,2022-03-07,0
2021-02-05,13,6759,2022-03-07,0
2021-02-06,12,6771,2022-03-07,0
2021-02-07,19,6790,2022-03-07,0
2021-02-08,11,6801,2022-03-07,0
2021-02-09,15,6816,2022-03-07,0
2021-02-10,14,6830,2022-03-07,0
2021-02-11,7,6837,2022-03-07,0
2021-02-12,14,6851,2022-03-07,0
2021-02-13,8,6859,2022-03-07,0
2021-02-14,10,6869,2022-03-07,0
2021-02-15,9,6878,2022-03-07,0
2021-02-16,12,6890,2022-03-07,0
2021-02-17,10,6900,2022-03-07,0
2021-02-18,7,6907,2022-03-07,0
2021-02-19,6,6913,2022-03-07,0
2021-02-20,7,6920,2022-03-07,0
2021-02-21,4,6924,2022-03-07,0
2021-02-22,5,6929,2022-03-07,0
2021-02-23,9,6938,2022-03-07,0
2021-02-24,5,6943,2022-03-07,0
2021-02-25,5,6948,2022-03-07,0
2021-02-26,7,6955,2022-03-07,0
2021-02-27,6,6961,2022-03-07,0
2021-02-28,8,6969,2022-03-07,0
2021-03-01,7,6976,2022-03-07,0
2021-03-02,3,6979,2022-03-07,0
2021-03-03,10,6989,2022-03-07,0
2021-03-04,6,6995,2022-03-07,0
2021-03-05,10,7005,2022-03-07,0
2021-03-06,5,7010,2022-03-07,0
2021-03-07,9,7019,2022-03-07,0
2021-03-08,5,7024,2022-03-07,0
2021-03-09,7,7031,2022-03-07,0
2021-03-10,5,7036,2022-03-07,0
2021-03-11,4,7040,2022-03-07,0
2021-03-12,11,7051,2022-03-07,0
2021-03-13,5,7056,2022-03-07,0
2021-03-14,5,7061,2022-03-07,0
2021-03-15,2,7063,2022-03-07,0
2021-03-16,6,7069,2022-03-07,0
2021-03-17,4,7073,2022-03-07,0
2021-03-18,5,7078,2022-03-07,0
2021-03-19,5,7083,2022-03-07,0
2021-03-20,9,7092,2022-03-07,0
2021-03-21,5,7097,2022-03-07,0
2021-03-22,4,7101,2022-03-07,0
2021-03-23,5,7106,2022-03-07,0
2021-03-24,1,7107,2022-03-07,0
2021-03-25,5,7112,2022-03-07,0
2021-03-26,3,7115,2022-03-07,0
2021-03-27,7,7122,2022-03-07,0
2021-03-28,6,7128,2022-03-07,0
2021-03-29,5,7133,2022-03-07,0
2021-03-30,6,7139,2022-03-07,0
2021-03-31,8,7147,2022-03-07,0
2021-04-01,6,7153,2022-03-07,0
2021-04-02,9,7162,2022-03-07,0
2021-04-03,8,7170,2022-03-07,0
2021-04-04,6,7176,2022-03-07,0
2021-04-05,8,7184,2022-03-07,0
2021-04-06,7,7191,2022-03-07,0
2021-04-07,6,7197,2022-03-07,0
2021-04-08,10,7207,2022-03-07,0
2021-04-09,7,7214,2022-03-07,0
2021-04-10,7,7221,2022-03-07,0
2021-04-11,8,7229,2022-03-07,0
2021-04-12,10,7239,2022-03-07,0
2021-04-13,7,7246,2022-03-07,0
2021-04-14,8,7254,2022-03-07,0
2021-04-15,14,7268,2022-03-07,0
2021-04-16,8,7276,2022-03-07,0
2021-04-17,8,7284,2022-03-07,0
2021-04-18,8,7292,2022-03-07,0
2021-04-19,10,7302,2022-03-07,0
2021-04-20,5,7307,2022-03-07,0
2021-04-21,8,7315,2022-03-07,0
2021-04-22,3,7318,2022-03-07,0
2021-04-23,15,7333,2022-03-07,0
2021-04-24,11,7344,2022-03-07,0
2021-04-25,15,7359,2022-03-07,0
2021-04-26,15,7374,2022-03-07,0
2021-04-27,7,7381,2022-03-07,0
2021-04-28,14,7395,2022-03-07,0
2021-04-29,8,7403,2022-03-07,0
2021-04-30,11,7414,2022-03-07,0
2021-05-01,7,7421,2022-03-07,0
2021-05-02,8,7429,2022-03-07,0
2021-05-03,5,7434,2022-03-07,0
2021-05-04,13,7447,2022-03-07,0
2021-05-05,8,7455,2022-03-07,0
2021-05-06,5,7460,2022-03-07,0
2021-05-07,8,7468,2022-03-07,0
2021-05-08,7,7475,2022-03-07,0
2021-05-09,9,7484,2022-03-07,0
2021-05-10,8,7492,2022-03-07,0
2021-05-11,6,7498,2022-03-07,0
2021-05-12,9,7507,2022-03-07,0
2021-05-13,9,7516,2022-03-07,0
2021-05-14,11,7527,2022-03-07,0
2021-05-15,10,7537,2022-03-07,0
2021-05-16,6,7543,2022-03-07,0
2021-05-17,6,7549,2022-03-07,0
2021-05-18,7,7556,2022-03-07,0
2021-05-19,2,7558,2022-03-07,0
2021-05-20,5,7563,2022-03-07,0
2021-05-21,7,7570,2022-03-07,0
2021-05-22,12,7582,2022-03-07,0
2021-05-23,5,7587,2022-03-07,0
2021-05-24,5,7592,2022-03-07,0
2021-05-25,6,7598,2022-03-07,0
2021-05-26,3,7601,2022-03-07,0
2021-05-27,7,7608,2022-03-07,0
2021-05-28,2,7610,2022-03-07,0
2021-05-29,6,7616,2022-03-07,0
2021-05-30,4,7620,2022-03-07,0
2021-05-31,3,7623,2022-03-07,0
2021-06-01,5,7628,2022-03-07,0
2021-06-02,8,7636,2022-03-07,0
2021-06-03,4,7640,2022-03-07,0
2021-06-04,4,7644,2022-03-07,0
2021-06-05,2,7646,2022-03-07,0
2021-06-06,5,7651,2022-03-07,0
2021-06-07,3,7654,2022-03-07,0
2021-06-08,5,7659,2022-03-07,0
2021-06-09,4,7663,2022-03-07,0
2021-06-10,6,7669,2022-03-07,0
2021-06-11,6,7675,2022-03-07,0
2021-06-12,4,7679,2022-03-07,0
2021-06-13,4,7683,2022-03-07,0
2021-06-14,3,7686,2022-03-07,0
2021-06-15,2,7688,2022-03-07,0
2021-06-16,2,7690,2022-03-07,0
2021-06-17,4,7694,2022-03-07,0
2021-06-18,2,7696,2022-03-07,0
2021-06-19,6,7702,2022-03-07,0
2021-06-20,1,7703,2022-03-07,0
2021-06-21,5,7708,2022-03-07,0
2021-06-22,3,7711,2022-03-07,0
2021-06-23,4,7715,2022-03-07,0
2021-06-24,3,7718,2022-03-07,0
2021-06-25,3,7721,2022-03-07,0
2021-06-26,4,7725,2022-03-07,0
2021-06-27,2,7727,2022-03-07,0
2021-06-28,2,7729,2022-03-07,0
2021-06-29,2,7731,2022-03-07,0
2021-06-30,2,7733,2022-03-07,0
2021-07-01,0,7733,2022-03-07,0
2021-07-02,2,7735,2022-03-07,0
2021-07-03,2,7737,2022-03-07,0
2021-07-04,3,7740,2022-03-07,0
2021-07-05,1,7741,2022-03-07,0
2021-07-06,5,7746,2022-03-07,0
2021-07-07,1,7747,2022-03-07,0
2021-07-08,1,7748,2022-03-07,0
2021-07-09,0,7748,2022-03-07,0
2021-07-10,1,7749,2022-03-07,0
2021-07-11,3,7752,2022-03-07,0
2021-07-12,1,7753,2022-03-07,0
2021-07-13,2,7755,2022-03-07,0
2021-07-14,2,7757,2022-03-07,0
2021-07-15,2,7759,2022-03-07,0
2021-07-16,1,7760,2022-03-07,0
2021-07-17,1,7761,2022-03-07,0
2021-07-18,0,7761,2022-03-07,0
2021-07-19,0,7761,2022-03-07,0
2021-07-20,2,7763,2022-03-07,0
2021-07-21,3,7766,2022-03-07,0
2021-07-22,2,7768,2022-03-07,0
2021-07-23,3,7771,2022-03-07,0
2021-07-24,0,7771,2022-03-07,0
2021-07-25,2,7773,2022-03-07,0
2021-07-26,1,7774,2022-03-07,0
2021-07-27,2,7776,2022-03-07,0
2021-07-28,3,7779,2022-03-07,0
2021-07-29,2,7781,2022-03-07,0
2021-07-30,5,7786,2022-03-07,0
2021-07-31,4,7790,2022-03-07,0
2021-08-01,1,7791,2022-03-07,0
2021-08-02,3,7794,2022-03-07,0
2021-08-03,2,7796,2022-03-07,0
2021-08-04,3,7799,2022-03-07,0
2021-08-05,2,7801,2022-03-07,0
2021-08-06,8,7809,2022-03-07,0
2021-08-07,3,7812,2022-03-07,0
2021-08-08,3,7815,2022-03-07,0
2021-08-09,3,7818,2022-03-07,0
2021-08-10,2,7820,2022-03-07,0
2021-08-11,2,7822,2022-03-07,0
2021-08-12,7,7829,2022-03-07,0
2021-08-13,5,7834,2022-03-07,0
2021-08-14,6,7840,2022-03-07,0
2021-08-15,0,7840,2022-03-07,0
2021-08-16,7,7847,2022-03-07,0
2021-08-17,7,7854,2022-03-07,0
2021-08-18,9,7863,2022-03-07,0
2021-08-19,2,7865,2022-03-07,0
2021-08-20,3,7868,2022-03-07,0
2021-08-21,5,7873,2022-03-07,0
2021-08-22,7,7880,2022-03-07,0
2021-08-23,5,7885,2022-03-07,0
2021-08-24,12,7897,2022-03-07,0
2021-08-25,7,7904,2022-03-07,0
2021-08-26,2,7906,2022-03-07,0
2021-08-27,6,7912,2022-03-07,0
2021-08-28,11,7923,2022-03-07,0
2021-08-29,11,7934,2022-03-07,0
2021-08-30,8,7942,2022-03-07,0
2021-08-31,8,7950,2022-03-07,0
2021-09-01,6,7956,2022-03-07,0
2021-09-02,6,7962,2022-03-07,0
2021-09-03,9,7971,2022-03-07,0
2021-09-04,9,7980,2022-03-07,0
2021-09-05,10,7990,2022-03-07,0
2021-09-06,8,7998,2022-03-07,0
2021-09-07,7,8005,2022-03-07,0
2021-09-08,11,8016,2022-03-07,0
2021-09-09,5,8021,2022-03-07,0
2021-09-10,9,8030,2022-03-07,0
2021-09-11,17,8047,2022-03-07,0
2021-09-12,10,8057,2022-03-07,0
2021-09-13,8,8065,2022-03-07,0
2021-09-14,11,8076,2022-03-07,0
2021-09-15,14,8090,2022-03-07,0
2021-09-16,16,8106,2022-03-07,0
2021-09-17,8,8114,2022-03-07,0
2021-09-18,15,8129,2022-03-07,0
2021-09-19,11,8140,2022-03-07,0
2021-09-20,16,8156,2022-03-07,0
2021-09-21,16,8172,2022-03-07,0
2021-09-22,17,8189,2022-03-07,0
2021-09-23,13,8202,2022-03-07,0
2021-09-24,13,8215,2022-03-07,0
2021-09-25,16,8231,2022-03-07,0
2021-09-26,15,8246,2022-03-07,0
2021-09-27,15,8261,2022-03-07,0
2021-09-28,11,8272,2022-03-07,0
2021-09-29,21,8293,2022-03-07,0
2021-09-30,17,8310,2022-03-07,0
2021-10-01,13,8323,2022-03-07,0
2021-10-02,15,8338,2022-03-07,0
2021-10-03,23,8361,2022-03-07,0
2021-10-04,15,8376,2022-03-07,0
2021-10-05,23,8399,2022-03-07,0
2021-10-06,21,8420,2022-03-07,0
2021-10-07,14,8434,2022-03-07,0
2021-10-08,22,8456,2022-03-07,0
2021-10-09,20,8476,2022-03-07,0
2021-10-10,14,8490,2022-03-07,0
2021-10-11,11,8501,2022-03-07,0
2021-10-12,25,8526,2022-03-07,0
2021-10-13,21,8547,2022-03-07,0
2021-10-14,22,8569,2022-03-07,0
2021-10-15,14,8583,2022-03-07,0
2021-10-16,20,8603,2022-03-07,0
2021-10-17,18,8621,2022-03-07,0
2021-10-18,17,8638,2022-03-07,0
2021-10-19,26,8664,2022-03-07,0
2021-10-20,17,8681,2022-03-07,0
2021-10-21,8,8689,2022-03-07,0
2021-10-22,23,8712,2022-03-07,0
2021-10-23,24,8736,2022-03-07,0
2021-10-24,25,8761,2022-03-07,0
2021-10-25,20,8781,2022-03-07,0
2021-10-26,22,8803,2022-03-07,0
2021-10-27,16,8819,2022-03-07,0
2021-10-28,24,8843,2022-03-07,0
2021-10-29,20,8863,2022-03-07,0
2021-10-30,20,8883,2022-03-07,0
2021-10-31,27,8910,2022-03-07,0
2021-11-01,18,8928,2022-03-07,0
2021-11-02,18,8946,2022-03-07,0
2021-11-03,28,8974,2022-03-07,0
2021-11-04,28,9002,2022-03-07,0
2021-11-05,29,9031,2022-03-07,0
2021-11-06,16,9047,2022-03-07,0
2021-11-07,24,9071,2022-03-07,0
2021-11-08,28,9099,2022-03-07,0
2021-11-09,17,9116,2022-03-07,0
2021-11-10,18,9134,2022-03-07,0
2021-11-11,28,9162,2022-03-07,0
2021-11-12,29,9191,2022-03-07,0
2021-11-13,31,9222,2022-03-07,0
2021-11-14,24,9246,2022-03-07,0
2021-11-15,28,9274,2022-03-07,0
2021-11-16,25,9299,2022-03-07,0
2021-11-17,37,9336,2022-03-07,0
2021-11-18,38,9374,2022-03-07,0
2021-11-19,34,9408,2022-03-07,0
2021-11-20,30,9438,2022-03-07,0
2021-11-21,32,9470,2022-03-07,0
2021-11-22,30,9500,2022-03-07,0
2021-11-23,32,9532,2022-03-07,0
2021-11-24,25,9557,2022-03-07,0
2021-11-25,35,9592,2022-03-07,0
2021-11-26,51,9643,2022-03-07,0
2021-11-27,36,9679,2022-03-07,0
2021-11-28,39,9718,2022-03-07,0
2021-11-29,29,9747,2022-03-07,0
2021-11-30,30,9777,2022-03-07,0
2021-12-01,47,9824,2022-03-07,0
2021-12-02,40,9864,2022-03-07,0
2021-12-03,31,9895,2022-03-07,0
2021-12-04,42,9937,2022-03-07,0
2021-12-05,36,9973,2022-03-07,0
2021-12-06,35,10008,2022-03-07,0
2021-12-07,36,10044,2022-03-07,0
2021-12-08,38,10082,2022-03-07,0
2021-12-09,47,10129,2022-03-07,0
2021-12-10,34,10163,2022-03-07,0
2021-12-11,27,10190,2022-03-07,0
2021-12-12,36,10226,2022-03-07,0
2021-12-13,34,10260,2022-03-07,0
2021-12-14,35,10295,2022-03-07,0
2021-12-15,41,10336,2022-03-07,0
2021-12-16,33,10369,2022-03-07,0
2021-12-17,41,10410,2022-03-07,0
2021-12-18,33,10443,2022-03-07,0
2021-12-19,31,10474,2022-03-07,0
2021-12-20,33,10507,2022-03-07,0
2021-12-21,28,10535,2022-03-07,0
2021-12-22,29,10564,2022-03-07,0
2021-12-23,27,10591,2022-03-07,0
2021-12-24,30,10621,2022-03-07,0
2021-12-25,28,10649,2022-03-07,0
2021-12-26,42,10691,2022-03-07,0
2021-12-27,31,10722,2022-03-07,0
2021-12-28,35,10757,2022-03-07,0
2021-12-29,29,10786,2022-03-07,0
2021-12-30,19,10805,2022-03-07,0
2021-12-31,40,10845,2022-03-07,0
2022-01-01,27,10872,2022-03-07,0
2022-01-02,22,10894,2022-03-07,0
2022-01-03,23,10917,2022-03-07,0
2022-01-04,30,10947,2022-03-07,0
2022-01-05,32,10979,2022-03-07,0
2022-01-06,32,11011,2022-03-07,0
2022-01-07,28,11039,2022-03-07,0
2022-01-08,42,11081,2022-03-07,0
2022-01-09,18,11099,2022-03-07,0
2022-01-10,31,11130,2022-03-07,0
2022-01-11,18,11148,2022-03-07,0
2022-01-12,19,11167,2022-03-07,0
2022-01-13,27,11194,2022-03-07,0
2022-01-14,33,11227,2022-03-07,0
2022-01-15,26,11253,2022-03-07,0
2022-01-16,33,11286,2022-03-07,0
2022-01-17,36,11322,2022-03-07,0
2022-01-18,25,11347,2022-03-07,0
2022-01-19,29,11376,2022-03-07,0
2022-01-20,30,11406,2022-03-07,0
2022-01-21,27,11433,2022-03-07,0
2022-01-22,27,11460,2022-03-07,0
2022-01-23,22,11482,2022-03-07,0
2022-01-24,36,11518,2022-03-07,1
2022-01-25,33,11551,2022-03-07,0
2022-01-26,34,11585,2022-03-07,0
2022-01-27,36,11621,2022-03-07,0
2022-01-28,31,11652,2022-03-07,1
2022-01-29,28,11680,2022-03-07,0
2022-01-30,27,11707,2022-03-07,0
2022-01-31,18,11725,2022-03-07,0
2022-02-01,24,11749,2022-03-07,0
2022-02-02,22,11771,2022-03-07,0
2022-02-03,29,11800,2022-03-07,0
2022-02-04,20,11820,2022-03-07,0
2022-02-05,27,11847,2022-03-07,0
2022-02-06,27,11874,2022-03-07,1
2022-02-07,16,11890,2022-03-07,1
2022-02-08,27,11917,2022-03-07,0
2022-02-09,25,11942,2022-03-07,0
2022-02-10,21,11963,2022-03-07,0
2022-02-11,19,11982,2022-03-07,0
2022-02-12,15,11997,2022-03-07,0
2022-02-13,18,12015,2022-03-07,0
2022-02-14,15,12030,2022-03-07,0
2022-02-15,20,12050,2022-03-07,0
2022-02-16,12,12062,2022-03-07,0
2022-02-17,13,12075,2022-03-07,1
2022-02-18,12,12087,2022-03-07,0
2022-02-19,20,12107,2022-03-07,0
2022-02-20,15,12122,2022-03-07,0
2022-02-21,5,12127,2022-03-07,0
2022-02-22,12,12139,2022-03-07,0
2022-02-23,9,12148,2022-03-07,1
2022-02-24,21,12169,2022-03-07,2
2022-02-25,6,12175,2022-03-07,0
2022-02-26,8,12183,2022-03-07,4
2022-02-27,8,12191,2022-03-07,1
2022-02-28,6,12197,2022-03-07,2
2022-03-01,2,12199,2022-03-07,1
2022-03-02,2,12201,2022-03-07,2
NA,0,12201,2022-03-07,0
2020-03-19,1,1,2022-03-08,0
2020-03-20,0,1,2022-03-08,0
2020-03-21,0,1,2022-03-08,0
2020-03-22,0,1,2022-03-08,0
2020-03-23,0,1,2022-03-08,0
2020-03-24,1,2,2022-03-08,0
2020-03-25,1,3,2022-03-08,0
2020-03-26,1,4,2022-03-08,0
2020-03-27,5,9,2022-03-08,0
2020-03-28,3,12,2022-03-08,0
2020-03-29,0,12,2022-03-08,0
2020-03-30,5,17,2022-03-08,0
2020-03-31,2,19,2022-03-08,0
2020-04-01,5,24,2022-03-08,0
2020-04-02,3,27,2022-03-08,0
2020-04-03,1,28,2022-03-08,0
2020-04-04,5,33,2022-03-08,0
2020-04-05,5,38,2022-03-08,0
2020-04-06,10,48,2022-03-08,0
2020-04-07,6,54,2022-03-08,0
2020-04-08,7,61,2022-03-08,0
2020-04-09,8,69,2022-03-08,0
2020-04-10,6,75,2022-03-08,0
2020-04-11,4,79,2022-03-08,0
2020-04-12,4,83,2022-03-08,0
2020-04-13,10,93,2022-03-08,0
2020-04-14,6,99,2022-03-08,0
2020-04-15,17,116,2022-03-08,0
2020-04-16,10,126,2022-03-08,0
2020-04-17,17,143,2022-03-08,0
2020-04-18,17,160,2022-03-08,0
2020-04-19,16,176,2022-03-08,0
2020-04-20,21,197,2022-03-08,0
2020-04-21,26,223,2022-03-08,0
2020-04-22,21,244,2022-03-08,0
2020-04-23,19,263,2022-03-08,0
2020-04-24,23,286,2022-03-08,0
2020-04-25,18,304,2022-03-08,0
2020-04-26,17,321,2022-03-08,0
2020-04-27,21,342,2022-03-08,0
2020-04-28,16,358,2022-03-08,0
2020-04-29,29,387,2022-03-08,0
2020-04-30,18,405,2022-03-08,0
2020-05-01,30,435,2022-03-08,0
2020-05-02,19,454,2022-03-08,0
2020-05-03,29,483,2022-03-08,0
2020-05-04,23,506,2022-03-08,0
2020-05-05,19,525,2022-03-08,0
2020-05-06,25,550,2022-03-08,0
2020-05-07,30,580,2022-03-08,0
2020-05-08,20,600,2022-03-08,0
2020-05-09,26,626,2022-03-08,0
2020-05-10,19,645,2022-03-08,0
2020-05-11,25,670,2022-03-08,0
2020-05-12,20,690,2022-03-08,0
2020-05-13,22,712,2022-03-08,0
2020-05-14,20,732,2022-03-08,0
2020-05-15,20,752,2022-03-08,0
2020-05-16,20,772,2022-03-08,0
2020-05-17,23,795,2022-03-08,0
2020-05-18,18,813,2022-03-08,0
2020-05-19,35,848,2022-03-08,0
2020-05-20,24,872,2022-03-08,0
2020-05-21,17,889,2022-03-08,0
2020-05-22,20,909,2022-03-08,0
2020-05-23,26,935,2022-03-08,0
2020-05-24,25,960,2022-03-08,0
2020-05-25,30,990,2022-03-08,0
2020-05-26,29,1019,2022-03-08,0
2020-05-27,25,1044,2022-03-08,0
2020-05-28,21,1065,2022-03-08,0
2020-05-29,17,1082,2022-03-08,0
2020-05-30,11,1093,2022-03-08,0
2020-05-31,20,1113,2022-03-08,0
2020-06-01,23,1136,2022-03-08,0
2020-06-02,21,1157,2022-03-08,0
2020-06-03,25,1182,2022-03-08,0
2020-06-04,26,1208,2022-03-08,0
2020-06-05,18,1226,2022-03-08,0
2020-06-06,12,1238,2022-03-08,0
2020-06-07,22,1260,2022-03-08,0
2020-06-08,12,1272,2022-03-08,0
2020-06-09,13,1285,2022-03-08,0
2020-06-10,10,1295,2022-03-08,0
2020-06-11,12,1307,2022-03-08,0
2020-06-12,11,1318,2022-03-08,0
2020-06-13,13,1331,2022-03-08,0
2020-06-14,11,1342,2022-03-08,0
2020-06-15,8,1350,2022-03-08,0
2020-06-16,9,1359,2022-03-08,0
2020-06-17,17,1376,2022-03-08,0
2020-06-18,9,1385,2022-03-08,0
2020-06-19,8,1393,2022-03-08,0
2020-06-20,12,1405,2022-03-08,0
2020-06-21,11,1416,2022-03-08,0
2020-06-22,6,1422,2022-03-08,0
2020-06-23,10,1432,2022-03-08,0
2020-06-24,1,1433,2022-03-08,0
2020-06-25,9,1442,2022-03-08,0
2020-06-26,6,1448,2022-03-08,0
2020-06-27,5,1453,2022-03-08,0
2020-06-28,11,1464,2022-03-08,0
2020-06-29,7,1471,2022-03-08,0
2020-06-30,9,1480,2022-03-08,0
2020-07-01,2,1482,2022-03-08,0
2020-07-02,3,1485,2022-03-08,0
2020-07-03,5,1490,2022-03-08,0
2020-07-04,4,1494,2022-03-08,0
2020-07-05,6,1500,2022-03-08,0
2020-07-06,4,1504,2022-03-08,0
2020-07-07,2,1506,2022-03-08,0
2020-07-08,9,1515,2022-03-08,0
2020-07-09,4,1519,2022-03-08,0
2020-07-10,3,1522,2022-03-08,0
2020-07-11,4,1526,2022-03-08,0
2020-07-12,6,1532,2022-03-08,0
2020-07-13,2,1534,2022-03-08,0
2020-07-14,6,1540,2022-03-08,0
2020-07-15,7,1547,2022-03-08,0
2020-07-16,3,1550,2022-03-08,0
2020-07-17,7,1557,2022-03-08,0
2020-07-18,6,1563,2022-03-08,0
2020-07-19,5,1568,2022-03-08,0
2020-07-20,3,1571,2022-03-08,0
2020-07-21,6,1577,2022-03-08,0
2020-07-22,5,1582,2022-03-08,0
2020-07-23,8,1590,2022-03-08,0
2020-07-24,6,1596,2022-03-08,0
2020-07-25,2,1598,2022-03-08,0
2020-07-26,5,1603,2022-03-08,0
2020-07-27,5,1608,2022-03-08,0
2020-07-28,7,1615,2022-03-08,0
2020-07-29,3,1618,2022-03-08,0
2020-07-30,6,1624,2022-03-08,0
2020-07-31,9,1633,2022-03-08,0
2020-08-01,4,1637,2022-03-08,0
2020-08-02,7,1644,2022-03-08,0
2020-08-03,4,1648,2022-03-08,0
2020-08-04,7,1655,2022-03-08,0
2020-08-05,8,1663,2022-03-08,0
2020-08-06,9,1672,2022-03-08,0
2020-08-07,7,1679,2022-03-08,0
2020-08-08,6,1685,2022-03-08,0
2020-08-09,10,1695,2022-03-08,0
2020-08-10,3,1698,2022-03-08,0
2020-08-11,9,1707,2022-03-08,0
2020-08-12,7,1714,2022-03-08,0
2020-08-13,5,1719,2022-03-08,0
2020-08-14,9,1728,2022-03-08,0
2020-08-15,13,1741,2022-03-08,0
2020-08-16,13,1754,2022-03-08,0
2020-08-17,6,1760,2022-03-08,0
2020-08-18,11,1771,2022-03-08,0
2020-08-19,3,1774,2022-03-08,0
2020-08-20,10,1784,2022-03-08,0
2020-08-21,12,1796,2022-03-08,0
2020-08-22,9,1805,2022-03-08,0
2020-08-23,7,1812,2022-03-08,0
2020-08-24,9,1821,2022-03-08,0
2020-08-25,4,1825,2022-03-08,0
2020-08-26,3,1828,2022-03-08,0
2020-08-27,7,1835,2022-03-08,0
2020-08-28,6,1841,2022-03-08,0
2020-08-29,3,1844,2022-03-08,0
2020-08-30,5,1849,2022-03-08,0
2020-08-31,9,1858,2022-03-08,0
2020-09-01,2,1860,2022-03-08,0
2020-09-02,7,1867,2022-03-08,0
2020-09-03,12,1879,2022-03-08,0
2020-09-04,4,1883,2022-03-08,0
2020-09-05,6,1889,2022-03-08,0
2020-09-06,12,1901,2022-03-08,0
2020-09-07,3,1904,2022-03-08,0
2020-09-08,6,1910,2022-03-08,0
2020-09-09,10,1920,2022-03-08,0
2020-09-10,9,1929,2022-03-08,0
2020-09-11,11,1940,2022-03-08,0
2020-09-12,8,1948,2022-03-08,0
2020-09-13,8,1956,2022-03-08,0
2020-09-14,2,1958,2022-03-08,0
2020-09-15,7,1965,2022-03-08,0
2020-09-16,9,1974,2022-03-08,0
2020-09-17,5,1979,2022-03-08,0
2020-09-18,6,1985,2022-03-08,0
2020-09-19,4,1989,2022-03-08,0
2020-09-20,9,1998,2022-03-08,0
2020-09-21,7,2005,2022-03-08,0
2020-09-22,8,2013,2022-03-08,0
2020-09-23,9,2022,2022-03-08,0
2020-09-24,8,2030,2022-03-08,0
2020-09-25,11,2041,2022-03-08,0
2020-09-26,9,2050,2022-03-08,0
2020-09-27,14,2064,2022-03-08,0
2020-09-28,11,2075,2022-03-08,0
2020-09-29,5,2080,2022-03-08,0
2020-09-30,16,2096,2022-03-08,0
2020-10-01,7,2103,2022-03-08,0
2020-10-02,13,2116,2022-03-08,0
2020-10-03,9,2125,2022-03-08,0
2020-10-04,7,2132,2022-03-08,0
2020-10-05,10,2142,2022-03-08,0
2020-10-06,13,2155,2022-03-08,0
2020-10-07,19,2174,2022-03-08,0
2020-10-08,9,2183,2022-03-08,0
2020-10-09,17,2200,2022-03-08,0
2020-10-10,16,2216,2022-03-08,0
2020-10-11,16,2232,2022-03-08,0
2020-10-12,20,2252,2022-03-08,0
2020-10-13,14,2266,2022-03-08,0
2020-10-14,10,2276,2022-03-08,0
2020-10-15,9,2285,2022-03-08,0
2020-10-16,12,2297,2022-03-08,0
2020-10-17,18,2315,2022-03-08,0
2020-10-18,25,2340,2022-03-08,0
2020-10-19,18,2358,2022-03-08,0
2020-10-20,15,2373,2022-03-08,0
2020-10-21,24,2397,2022-03-08,0
2020-10-22,18,2415,2022-03-08,0
2020-10-23,19,2434,2022-03-08,0
2020-10-24,8,2442,2022-03-08,0
2020-10-25,17,2459,2022-03-08,0
2020-10-26,25,2484,2022-03-08,0
2020-10-27,23,2507,2022-03-08,0
2020-10-28,29,2536,2022-03-08,0
2020-10-29,18,2554,2022-03-08,0
2020-10-30,27,2581,2022-03-08,0
2020-10-31,25,2606,2022-03-08,0
2020-11-01,21,2627,2022-03-08,0
2020-11-02,25,2652,2022-03-08,0
2020-11-03,25,2677,2022-03-08,0
2020-11-04,33,2710,2022-03-08,0
2020-11-05,38,2748,2022-03-08,0
2020-11-06,39,2787,2022-03-08,0
2020-11-07,42,2829,2022-03-08,0
2020-11-08,47,2876,2022-03-08,0
2020-11-09,37,2913,2022-03-08,0
2020-11-10,35,2948,2022-03-08,0
2020-11-11,43,2991,2022-03-08,0
2020-11-12,45,3036,2022-03-08,0
2020-11-13,40,3076,2022-03-08,0
2020-11-14,48,3124,2022-03-08,0
2020-11-15,46,3170,2022-03-08,0
2020-11-16,62,3232,2022-03-08,0
2020-11-17,56,3288,2022-03-08,0
2020-11-18,61,3349,2022-03-08,0
2020-11-19,60,3409,2022-03-08,0
2020-11-20,63,3472,2022-03-08,0
2020-11-21,58,3530,2022-03-08,0
2020-11-22,67,3597,2022-03-08,0
2020-11-23,59,3656,2022-03-08,0
2020-11-24,69,3725,2022-03-08,0
2020-11-25,72,3797,2022-03-08,0
2020-11-26,54,3851,2022-03-08,0
2020-11-27,69,3920,2022-03-08,0
2020-11-28,62,3982,2022-03-08,0
2020-11-29,68,4050,2022-03-08,0
2020-11-30,62,4112,2022-03-08,0
2020-12-01,64,4176,2022-03-08,0
2020-12-02,73,4249,2022-03-08,0
2020-12-03,86,4335,2022-03-08,0
2020-12-04,67,4402,2022-03-08,0
2020-12-05,74,4476,2022-03-08,0
2020-12-06,80,4556,2022-03-08,0
2020-12-07,75,4631,2022-03-08,0
2020-12-08,61,4692,2022-03-08,0
2020-12-09,71,4763,2022-03-08,0
2020-12-10,72,4835,2022-03-08,0
2020-12-11,71,4906,2022-03-08,0
2020-12-12,72,4978,2022-03-08,0
2020-12-13,56,5034,2022-03-08,0
2020-12-14,43,5077,2022-03-08,0
2020-12-15,65,5142,2022-03-08,0
2020-12-16,74,5216,2022-03-08,0
2020-12-17,60,5276,2022-03-08,0
2020-12-18,59,5335,2022-03-08,0
2020-12-19,56,5391,2022-03-08,0
2020-12-20,61,5452,2022-03-08,0
2020-12-21,58,5510,2022-03-08,0
2020-12-22,33,5543,2022-03-08,0
2020-12-23,46,5589,2022-03-08,0
2020-12-24,51,5640,2022-03-08,0
2020-12-25,36,5676,2022-03-08,0
2020-12-26,43,5719,2022-03-08,0
2020-12-27,41,5760,2022-03-08,0
2020-12-28,34,5794,2022-03-08,0
2020-12-29,37,5831,2022-03-08,0
2020-12-30,47,5878,2022-03-08,0
2020-12-31,36,5914,2022-03-08,0
2021-01-01,28,5942,2022-03-08,0
2021-01-02,49,5991,2022-03-08,0
2021-01-03,37,6028,2022-03-08,0
2021-01-04,32,6060,2022-03-08,0
2021-01-05,40,6100,2022-03-08,0
2021-01-06,32,6132,2022-03-08,0
2021-01-07,38,6170,2022-03-08,0
2021-01-08,32,6202,2022-03-08,0
2021-01-09,26,6228,2022-03-08,0
2021-01-10,30,6258,2022-03-08,0
2021-01-11,27,6285,2022-03-08,0
2021-01-12,32,6317,2022-03-08,0
2021-01-13,23,6340,2022-03-08,0
2021-01-14,42,6382,2022-03-08,0
2021-01-15,26,6408,2022-03-08,0
2021-01-16,30,6438,2022-03-08,0
2021-01-17,21,6459,2022-03-08,0
2021-01-18,19,6478,2022-03-08,0
2021-01-19,14,6492,2022-03-08,0
2021-01-20,26,6518,2022-03-08,0
2021-01-21,16,6534,2022-03-08,0
2021-01-22,14,6548,2022-03-08,0
2021-01-23,17,6565,2022-03-08,0
2021-01-24,24,6589,2022-03-08,0
2021-01-25,19,6608,2022-03-08,0
2021-01-26,21,6629,2022-03-08,0
2021-01-27,11,6640,2022-03-08,0
2021-01-28,12,6652,2022-03-08,0
2021-01-29,15,6667,2022-03-08,0
2021-01-30,13,6680,2022-03-08,0
2021-01-31,17,6697,2022-03-08,0
2021-02-01,17,6714,2022-03-08,0
2021-02-02,10,6724,2022-03-08,0
2021-02-03,11,6735,2022-03-08,0
2021-02-04,11,6746,2022-03-08,0
2021-02-05,13,6759,2022-03-08,0
2021-02-06,12,6771,2022-03-08,0
2021-02-07,19,6790,2022-03-08,0
2021-02-08,11,6801,2022-03-08,0
2021-02-09,15,6816,2022-03-08,0
2021-02-10,14,6830,2022-03-08,0
2021-02-11,7,6837,2022-03-08,0
2021-02-12,14,6851,2022-03-08,0
2021-02-13,8,6859,2022-03-08,0
2021-02-14,10,6869,2022-03-08,0
2021-02-15,9,6878,2022-03-08,0
2021-02-16,12,6890,2022-03-08,0
2021-02-17,10,6900,2022-03-08,0
2021-02-18,7,6907,2022-03-08,0
2021-02-19,6,6913,2022-03-08,0
2021-02-20,7,6920,2022-03-08,0
2021-02-21,4,6924,2022-03-08,0
2021-02-22,5,6929,2022-03-08,0
2021-02-23,9,6938,2022-03-08,0
2021-02-24,5,6943,2022-03-08,0
2021-02-25,5,6948,2022-03-08,0
2021-02-26,7,6955,2022-03-08,0
2021-02-27,6,6961,2022-03-08,0
2021-02-28,8,6969,2022-03-08,0
2021-03-01,7,6976,2022-03-08,0
2021-03-02,3,6979,2022-03-08,0
2021-03-03,10,6989,2022-03-08,0
2021-03-04,6,6995,2022-03-08,0
2021-03-05,10,7005,2022-03-08,0
2021-03-06,5,7010,2022-03-08,0
2021-03-07,9,7019,2022-03-08,0
2021-03-08,5,7024,2022-03-08,0
2021-03-09,7,7031,2022-03-08,0
2021-03-10,5,7036,2022-03-08,0
2021-03-11,4,7040,2022-03-08,0
2021-03-12,11,7051,2022-03-08,0
2021-03-13,5,7056,2022-03-08,0
2021-03-14,5,7061,2022-03-08,0
2021-03-15,2,7063,2022-03-08,0
2021-03-16,6,7069,2022-03-08,0
2021-03-17,4,7073,2022-03-08,0
2021-03-18,5,7078,2022-03-08,0
2021-03-19,5,7083,2022-03-08,0
2021-03-20,9,7092,2022-03-08,0
2021-03-21,5,7097,2022-03-08,0
2021-03-22,4,7101,2022-03-08,0
2021-03-23,5,7106,2022-03-08,0
2021-03-24,1,7107,2022-03-08,0
2021-03-25,5,7112,2022-03-08,0
2021-03-26,3,7115,2022-03-08,0
2021-03-27,7,7122,2022-03-08,0
2021-03-28,6,7128,2022-03-08,0
2021-03-29,5,7133,2022-03-08,0
2021-03-30,6,7139,2022-03-08,0
2021-03-31,8,7147,2022-03-08,0
2021-04-01,6,7153,2022-03-08,0
2021-04-02,9,7162,2022-03-08,0
2021-04-03,8,7170,2022-03-08,0
2021-04-04,6,7176,2022-03-08,0
2021-04-05,8,7184,2022-03-08,0
2021-04-06,7,7191,2022-03-08,0
2021-04-07,6,7197,2022-03-08,0
2021-04-08,10,7207,2022-03-08,0
2021-04-09,7,7214,2022-03-08,0
2021-04-10,7,7221,2022-03-08,0
2021-04-11,8,7229,2022-03-08,0
2021-04-12,10,7239,2022-03-08,0
2021-04-13,7,7246,2022-03-08,0
2021-04-14,8,7254,2022-03-08,0
2021-04-15,14,7268,2022-03-08,0
2021-04-16,8,7276,2022-03-08,0
2021-04-17,8,7284,2022-03-08,0
2021-04-18,8,7292,2022-03-08,0
2021-04-19,10,7302,2022-03-08,0
2021-04-20,5,7307,2022-03-08,0
2021-04-21,8,7315,2022-03-08,0
2021-04-22,3,7318,2022-03-08,0
2021-04-23,15,7333,2022-03-08,0
2021-04-24,11,7344,2022-03-08,0
2021-04-25,15,7359,2022-03-08,0
2021-04-26,15,7374,2022-03-08,0
2021-04-27,7,7381,2022-03-08,0
2021-04-28,14,7395,2022-03-08,0
2021-04-29,8,7403,2022-03-08,0
2021-04-30,11,7414,2022-03-08,0
2021-05-01,7,7421,2022-03-08,0
2021-05-02,8,7429,2022-03-08,0
2021-05-03,5,7434,2022-03-08,0
2021-05-04,13,7447,2022-03-08,0
2021-05-05,8,7455,2022-03-08,0
2021-05-06,5,7460,2022-03-08,0
2021-05-07,8,7468,2022-03-08,0
2021-05-08,7,7475,2022-03-08,0
2021-05-09,9,7484,2022-03-08,0
2021-05-10,8,7492,2022-03-08,0
2021-05-11,6,7498,2022-03-08,0
2021-05-12,9,7507,2022-03-08,0
2021-05-13,9,7516,2022-03-08,0
2021-05-14,11,7527,2022-03-08,0
2021-05-15,10,7537,2022-03-08,0
2021-05-16,6,7543,2022-03-08,0
2021-05-17,6,7549,2022-03-08,0
2021-05-18,7,7556,2022-03-08,0
2021-05-19,2,7558,2022-03-08,0
2021-05-20,5,7563,2022-03-08,0
2021-05-21,7,7570,2022-03-08,0
2021-05-22,12,7582,2022-03-08,0
2021-05-23,5,7587,2022-03-08,0
2021-05-24,5,7592,2022-03-08,0
2021-05-25,6,7598,2022-03-08,0
2021-05-26,3,7601,2022-03-08,0
2021-05-27,7,7608,2022-03-08,0
2021-05-28,2,7610,2022-03-08,0
2021-05-29,6,7616,2022-03-08,0
2021-05-30,4,7620,2022-03-08,0
2021-05-31,3,7623,2022-03-08,0
2021-06-01,5,7628,2022-03-08,0
2021-06-02,8,7636,2022-03-08,0
2021-06-03,4,7640,2022-03-08,0
2021-06-04,4,7644,2022-03-08,0
2021-06-05,2,7646,2022-03-08,0
2021-06-06,5,7651,2022-03-08,0
2021-06-07,3,7654,2022-03-08,0
2021-06-08,5,7659,2022-03-08,0
2021-06-09,4,7663,2022-03-08,0
2021-06-10,6,7669,2022-03-08,0
2021-06-11,6,7675,2022-03-08,0
2021-06-12,4,7679,2022-03-08,0
2021-06-13,4,7683,2022-03-08,0
2021-06-14,3,7686,2022-03-08,0
2021-06-15,2,7688,2022-03-08,0
2021-06-16,2,7690,2022-03-08,0
2021-06-17,4,7694,2022-03-08,0
2021-06-18,2,7696,2022-03-08,0
2021-06-19,6,7702,2022-03-08,0
2021-06-20,1,7703,2022-03-08,0
2021-06-21,5,7708,2022-03-08,0
2021-06-22,3,7711,2022-03-08,0
2021-06-23,4,7715,2022-03-08,0
2021-06-24,3,7718,2022-03-08,0
2021-06-25,3,7721,2022-03-08,0
2021-06-26,4,7725,2022-03-08,0
2021-06-27,2,7727,2022-03-08,0
2021-06-28,2,7729,2022-03-08,0
2021-06-29,2,7731,2022-03-08,0
2021-06-30,2,7733,2022-03-08,0
2021-07-01,0,7733,2022-03-08,0
2021-07-02,2,7735,2022-03-08,0
2021-07-03,2,7737,2022-03-08,0
2021-07-04,3,7740,2022-03-08,0
2021-07-05,1,7741,2022-03-08,0
2021-07-06,5,7746,2022-03-08,0
2021-07-07,1,7747,2022-03-08,0
2021-07-08,1,7748,2022-03-08,0
2021-07-09,0,7748,2022-03-08,0
2021-07-10,1,7749,2022-03-08,0
2021-07-11,3,7752,2022-03-08,0
2021-07-12,1,7753,2022-03-08,0
2021-07-13,2,7755,2022-03-08,0
2021-07-14,2,7757,2022-03-08,0
2021-07-15,2,7759,2022-03-08,0
2021-07-16,1,7760,2022-03-08,0
2021-07-17,1,7761,2022-03-08,0
2021-07-18,0,7761,2022-03-08,0
2021-07-19,0,7761,2022-03-08,0
2021-07-20,2,7763,2022-03-08,0
2021-07-21,3,7766,2022-03-08,0
2021-07-22,2,7768,2022-03-08,0
2021-07-23,3,7771,2022-03-08,0
2021-07-24,0,7771,2022-03-08,0
2021-07-25,2,7773,2022-03-08,0
2021-07-26,1,7774,2022-03-08,0
2021-07-27,2,7776,2022-03-08,0
2021-07-28,3,7779,2022-03-08,0
2021-07-29,2,7781,2022-03-08,0
2021-07-30,5,7786,2022-03-08,0
2021-07-31,4,7790,2022-03-08,0
2021-08-01,1,7791,2022-03-08,0
2021-08-02,3,7794,2022-03-08,0
2021-08-03,2,7796,2022-03-08,0
2021-08-04,3,7799,2022-03-08,0
2021-08-05,2,7801,2022-03-08,0
2021-08-06,8,7809,2022-03-08,0
2021-08-07,3,7812,2022-03-08,0
2021-08-08,3,7815,2022-03-08,0
2021-08-09,3,7818,2022-03-08,0
2021-08-10,2,7820,2022-03-08,0
2021-08-11,2,7822,2022-03-08,0
2021-08-12,7,7829,2022-03-08,0
2021-08-13,5,7834,2022-03-08,0
2021-08-14,6,7840,2022-03-08,0
2021-08-15,0,7840,2022-03-08,0
2021-08-16,7,7847,2022-03-08,0
2021-08-17,7,7854,2022-03-08,0
2021-08-18,9,7863,2022-03-08,0
2021-08-19,2,7865,2022-03-08,0
2021-08-20,3,7868,2022-03-08,0
2021-08-21,5,7873,2022-03-08,0
2021-08-22,7,7880,2022-03-08,0
2021-08-23,5,7885,2022-03-08,0
2021-08-24,12,7897,2022-03-08,0
2021-08-25,7,7904,2022-03-08,0
2021-08-26,2,7906,2022-03-08,0
2021-08-27,6,7912,2022-03-08,0
2021-08-28,11,7923,2022-03-08,0
2021-08-29,11,7934,2022-03-08,0
2021-08-30,8,7942,2022-03-08,0
2021-08-31,8,7950,2022-03-08,0
2021-09-01,6,7956,2022-03-08,0
2021-09-02,6,7962,2022-03-08,0
2021-09-03,9,7971,2022-03-08,0
2021-09-04,9,7980,2022-03-08,0
2021-09-05,10,7990,2022-03-08,0
2021-09-06,8,7998,2022-03-08,0
2021-09-07,7,8005,2022-03-08,0
2021-09-08,11,8016,2022-03-08,0
2021-09-09,5,8021,2022-03-08,0
2021-09-10,9,8030,2022-03-08,0
2021-09-11,17,8047,2022-03-08,0
2021-09-12,10,8057,2022-03-08,0
2021-09-13,8,8065,2022-03-08,0
2021-09-14,11,8076,2022-03-08,0
2021-09-15,14,8090,2022-03-08,0
2021-09-16,16,8106,2022-03-08,0
2021-09-17,8,8114,2022-03-08,0
2021-09-18,15,8129,2022-03-08,0
2021-09-19,11,8140,2022-03-08,0
2021-09-20,16,8156,2022-03-08,0
2021-09-21,16,8172,2022-03-08,0
2021-09-22,17,8189,2022-03-08,0
2021-09-23,13,8202,2022-03-08,0
2021-09-24,13,8215,2022-03-08,0
2021-09-25,16,8231,2022-03-08,0
2021-09-26,15,8246,2022-03-08,0
2021-09-27,15,8261,2022-03-08,0
2021-09-28,11,8272,2022-03-08,0
2021-09-29,21,8293,2022-03-08,0
2021-09-30,17,8310,2022-03-08,0
2021-10-01,13,8323,2022-03-08,0
2021-10-02,15,8338,2022-03-08,0
2021-10-03,23,8361,2022-03-08,0
2021-10-04,15,8376,2022-03-08,0
2021-10-05,23,8399,2022-03-08,0
2021-10-06,21,8420,2022-03-08,0
2021-10-07,14,8434,2022-03-08,0
2021-10-08,22,8456,2022-03-08,0
2021-10-09,20,8476,2022-03-08,0
2021-10-10,14,8490,2022-03-08,0
2021-10-11,11,8501,2022-03-08,0
2021-10-12,25,8526,2022-03-08,0
2021-10-13,21,8547,2022-03-08,0
2021-10-14,22,8569,2022-03-08,0
2021-10-15,14,8583,2022-03-08,0
2021-10-16,20,8603,2022-03-08,0
2021-10-17,18,8621,2022-03-08,0
2021-10-18,17,8638,2022-03-08,0
2021-10-19,26,8664,2022-03-08,0
2021-10-20,17,8681,2022-03-08,0
2021-10-21,8,8689,2022-03-08,0
2021-10-22,23,8712,2022-03-08,0
2021-10-23,24,8736,2022-03-08,0
2021-10-24,25,8761,2022-03-08,0
2021-10-25,20,8781,2022-03-08,0
2021-10-26,22,8803,2022-03-08,0
2021-10-27,16,8819,2022-03-08,0
2021-10-28,24,8843,2022-03-08,0
2021-10-29,20,8863,2022-03-08,0
2021-10-30,20,8883,2022-03-08,0
2021-10-31,27,8910,2022-03-08,0
2021-11-01,18,8928,2022-03-08,0
2021-11-02,18,8946,2022-03-08,0
2021-11-03,28,8974,2022-03-08,0
2021-11-04,28,9002,2022-03-08,0
2021-11-05,29,9031,2022-03-08,0
2021-11-06,16,9047,2022-03-08,0
2021-11-07,24,9071,2022-03-08,0
2021-11-08,28,9099,2022-03-08,0
2021-11-09,17,9116,2022-03-08,0
2021-11-10,18,9134,2022-03-08,0
2021-11-11,28,9162,2022-03-08,0
2021-11-12,29,9191,2022-03-08,0
2021-11-13,31,9222,2022-03-08,0
2021-11-14,24,9246,2022-03-08,0
2021-11-15,28,9274,2022-03-08,0
2021-11-16,25,9299,2022-03-08,0
2021-11-17,37,9336,2022-03-08,0
2021-11-18,38,9374,2022-03-08,0
2021-11-19,34,9408,2022-03-08,0
2021-11-20,30,9438,2022-03-08,0
2021-11-21,32,9470,2022-03-08,0
2021-11-22,30,9500,2022-03-08,0
2021-11-23,32,9532,2022-03-08,0
2021-11-24,25,9557,2022-03-08,0
2021-11-25,35,9592,2022-03-08,0
2021-11-26,51,9643,2022-03-08,0
2021-11-27,36,9679,2022-03-08,0
2021-11-28,39,9718,2022-03-08,0
2021-11-29,29,9747,2022-03-08,0
2021-11-30,30,9777,2022-03-08,0
2021-12-01,47,9824,2022-03-08,0
2021-12-02,40,9864,2022-03-08,0
2021-12-03,31,9895,2022-03-08,0
2021-12-04,42,9937,2022-03-08,0
2021-12-05,36,9973,2022-03-08,0
2021-12-06,35,10008,2022-03-08,0
2021-12-07,36,10044,2022-03-08,0
2021-12-08,39,10083,2022-03-08,1
2021-12-09,47,10130,2022-03-08,0
2021-12-10,34,10164,2022-03-08,0
2021-12-11,27,10191,2022-03-08,0
2021-12-12,37,10228,2022-03-08,1
2021-12-13,34,10262,2022-03-08,0
2021-12-14,35,10297,2022-03-08,0
2021-12-15,41,10338,2022-03-08,0
2021-12-16,33,10371,2022-03-08,0
2021-12-17,41,10412,2022-03-08,0
2021-12-18,33,10445,2022-03-08,0
2021-12-19,31,10476,2022-03-08,0
2021-12-20,33,10509,2022-03-08,0
2021-12-21,28,10537,2022-03-08,0
2021-12-22,29,10566,2022-03-08,0
2021-12-23,28,10594,2022-03-08,1
2021-12-24,30,10624,2022-03-08,0
2021-12-25,28,10652,2022-03-08,0
2021-12-26,42,10694,2022-03-08,0
2021-12-27,32,10726,2022-03-08,1
2021-12-28,35,10761,2022-03-08,0
2021-12-29,29,10790,2022-03-08,0
2021-12-30,19,10809,2022-03-08,0
2021-12-31,40,10849,2022-03-08,0
2022-01-01,27,10876,2022-03-08,0
2022-01-02,22,10898,2022-03-08,0
2022-01-03,23,10921,2022-03-08,0
2022-01-04,30,10951,2022-03-08,0
2022-01-05,32,10983,2022-03-08,0
2022-01-06,32,11015,2022-03-08,0
2022-01-07,28,11043,2022-03-08,0
2022-01-08,43,11086,2022-03-08,1
2022-01-09,18,11104,2022-03-08,0
2022-01-10,31,11135,2022-03-08,0
2022-01-11,18,11153,2022-03-08,0
2022-01-12,19,11172,2022-03-08,0
2022-01-13,27,11199,2022-03-08,0
2022-01-14,33,11232,2022-03-08,0
2022-01-15,26,11258,2022-03-08,0
2022-01-16,33,11291,2022-03-08,0
2022-01-17,36,11327,2022-03-08,0
2022-01-18,26,11353,2022-03-08,1
2022-01-19,29,11382,2022-03-08,0
2022-01-20,30,11412,2022-03-08,0
2022-01-21,27,11439,2022-03-08,0
2022-01-22,28,11467,2022-03-08,1
2022-01-23,22,11489,2022-03-08,0
2022-01-24,37,11526,2022-03-08,1
2022-01-25,33,11559,2022-03-08,0
2022-01-26,34,11593,2022-03-08,0
2022-01-27,37,11630,2022-03-08,1
2022-01-28,31,11661,2022-03-08,0
2022-01-29,28,11689,2022-03-08,0
2022-01-30,27,11716,2022-03-08,0
2022-01-31,18,11734,2022-03-08,0
2022-02-01,24,11758,2022-03-08,0
2022-02-02,22,11780,2022-03-08,0
2022-02-03,29,11809,2022-03-08,0
2022-02-04,20,11829,2022-03-08,0
2022-02-05,27,11856,2022-03-08,0
2022-02-06,27,11883,2022-03-08,0
2022-02-07,16,11899,2022-03-08,0
2022-02-08,27,11926,2022-03-08,0
2022-02-09,25,11951,2022-03-08,0
2022-02-10,21,11972,2022-03-08,0
2022-02-11,19,11991,2022-03-08,0
2022-02-12,16,12007,2022-03-08,1
2022-02-13,18,12025,2022-03-08,0
2022-02-14,15,12040,2022-03-08,0
2022-02-15,20,12060,2022-03-08,0
2022-02-16,12,12072,2022-03-08,0
2022-02-17,14,12086,2022-03-08,1
2022-02-18,12,12098,2022-03-08,0
2022-02-19,20,12118,2022-03-08,0
2022-02-20,15,12133,2022-03-08,0
2022-02-21,5,12138,2022-03-08,0
2022-02-22,12,12150,2022-03-08,0
2022-02-23,9,12159,2022-03-08,0
2022-02-24,22,12181,2022-03-08,1
2022-02-25,7,12188,2022-03-08,1
2022-02-26,9,12197,2022-03-08,1
2022-02-27,8,12205,2022-03-08,0
2022-02-28,7,12212,2022-03-08,1
2022-03-01,3,12215,2022-03-08,1
2022-03-02,4,12219,2022-03-08,2
2022-03-03,2,12221,2022-03-08,2
NA,0,12221,2022-03-08,0
2020-03-19,1,1,2022-03-09,0
2020-03-20,0,1,2022-03-09,0
2020-03-21,0,1,2022-03-09,0
2020-03-22,0,1,2022-03-09,0
2020-03-23,0,1,2022-03-09,0
2020-03-24,1,2,2022-03-09,0
2020-03-25,1,3,2022-03-09,0
2020-03-26,1,4,2022-03-09,0
2020-03-27,5,9,2022-03-09,0
2020-03-28,3,12,2022-03-09,0
2020-03-29,0,12,2022-03-09,0
2020-03-30,5,17,2022-03-09,0
2020-03-31,2,19,2022-03-09,0
2020-04-01,5,24,2022-03-09,0
2020-04-02,3,27,2022-03-09,0
2020-04-03,1,28,2022-03-09,0
2020-04-04,5,33,2022-03-09,0
2020-04-05,5,38,2022-03-09,0
2020-04-06,10,48,2022-03-09,0
2020-04-07,6,54,2022-03-09,0
2020-04-08,7,61,2022-03-09,0
2020-04-09,8,69,2022-03-09,0
2020-04-10,6,75,2022-03-09,0
2020-04-11,4,79,2022-03-09,0
2020-04-12,4,83,2022-03-09,0
2020-04-13,10,93,2022-03-09,0
2020-04-14,6,99,2022-03-09,0
2020-04-15,17,116,2022-03-09,0
2020-04-16,10,126,2022-03-09,0
2020-04-17,17,143,2022-03-09,0
2020-04-18,17,160,2022-03-09,0
2020-04-19,16,176,2022-03-09,0
2020-04-20,21,197,2022-03-09,0
2020-04-21,26,223,2022-03-09,0
2020-04-22,21,244,2022-03-09,0
2020-04-23,19,263,2022-03-09,0
2020-04-24,23,286,2022-03-09,0
2020-04-25,18,304,2022-03-09,0
2020-04-26,17,321,2022-03-09,0
2020-04-27,21,342,2022-03-09,0
2020-04-28,16,358,2022-03-09,0
2020-04-29,29,387,2022-03-09,0
2020-04-30,18,405,2022-03-09,0
2020-05-01,30,435,2022-03-09,0
2020-05-02,19,454,2022-03-09,0
2020-05-03,29,483,2022-03-09,0
2020-05-04,23,506,2022-03-09,0
2020-05-05,19,525,2022-03-09,0
2020-05-06,25,550,2022-03-09,0
2020-05-07,30,580,2022-03-09,0
2020-05-08,20,600,2022-03-09,0
2020-05-09,26,626,2022-03-09,0
2020-05-10,19,645,2022-03-09,0
2020-05-11,25,670,2022-03-09,0
2020-05-12,20,690,2022-03-09,0
2020-05-13,22,712,2022-03-09,0
2020-05-14,20,732,2022-03-09,0
2020-05-15,20,752,2022-03-09,0
2020-05-16,20,772,2022-03-09,0
2020-05-17,23,795,2022-03-09,0
2020-05-18,18,813,2022-03-09,0
2020-05-19,35,848,2022-03-09,0
2020-05-20,24,872,2022-03-09,0
2020-05-21,17,889,2022-03-09,0
2020-05-22,20,909,2022-03-09,0
2020-05-23,26,935,2022-03-09,0
2020-05-24,25,960,2022-03-09,0
2020-05-25,30,990,2022-03-09,0
2020-05-26,29,1019,2022-03-09,0
2020-05-27,25,1044,2022-03-09,0
2020-05-28,21,1065,2022-03-09,0
2020-05-29,17,1082,2022-03-09,0
2020-05-30,11,1093,2022-03-09,0
2020-05-31,20,1113,2022-03-09,0
2020-06-01,23,1136,2022-03-09,0
2020-06-02,21,1157,2022-03-09,0
2020-06-03,25,1182,2022-03-09,0
2020-06-04,26,1208,2022-03-09,0
2020-06-05,18,1226,2022-03-09,0
2020-06-06,12,1238,2022-03-09,0
2020-06-07,22,1260,2022-03-09,0
2020-06-08,12,1272,2022-03-09,0
2020-06-09,13,1285,2022-03-09,0
2020-06-10,10,1295,2022-03-09,0
2020-06-11,12,1307,2022-03-09,0
2020-06-12,11,1318,2022-03-09,0
2020-06-13,13,1331,2022-03-09,0
2020-06-14,11,1342,2022-03-09,0
2020-06-15,8,1350,2022-03-09,0
2020-06-16,9,1359,2022-03-09,0
2020-06-17,17,1376,2022-03-09,0
2020-06-18,9,1385,2022-03-09,0
2020-06-19,8,1393,2022-03-09,0
2020-06-20,12,1405,2022-03-09,0
2020-06-21,11,1416,2022-03-09,0
2020-06-22,6,1422,2022-03-09,0
2020-06-23,10,1432,2022-03-09,0
2020-06-24,1,1433,2022-03-09,0
2020-06-25,9,1442,2022-03-09,0
2020-06-26,6,1448,2022-03-09,0
2020-06-27,5,1453,2022-03-09,0
2020-06-28,11,1464,2022-03-09,0
2020-06-29,7,1471,2022-03-09,0
2020-06-30,9,1480,2022-03-09,0
2020-07-01,2,1482,2022-03-09,0
2020-07-02,3,1485,2022-03-09,0
2020-07-03,5,1490,2022-03-09,0
2020-07-04,4,1494,2022-03-09,0
2020-07-05,6,1500,2022-03-09,0
2020-07-06,4,1504,2022-03-09,0
2020-07-07,2,1506,2022-03-09,0
2020-07-08,9,1515,2022-03-09,0
2020-07-09,4,1519,2022-03-09,0
2020-07-10,3,1522,2022-03-09,0
2020-07-11,4,1526,2022-03-09,0
2020-07-12,6,1532,2022-03-09,0
2020-07-13,2,1534,2022-03-09,0
2020-07-14,6,1540,2022-03-09,0
2020-07-15,7,1547,2022-03-09,0
2020-07-16,3,1550,2022-03-09,0
2020-07-17,7,1557,2022-03-09,0
2020-07-18,6,1563,2022-03-09,0
2020-07-19,5,1568,2022-03-09,0
2020-07-20,3,1571,2022-03-09,0
2020-07-21,6,1577,2022-03-09,0
2020-07-22,5,1582,2022-03-09,0
2020-07-23,8,1590,2022-03-09,0
2020-07-24,6,1596,2022-03-09,0
2020-07-25,2,1598,2022-03-09,0
2020-07-26,5,1603,2022-03-09,0
2020-07-27,5,1608,2022-03-09,0
2020-07-28,7,1615,2022-03-09,0
2020-07-29,3,1618,2022-03-09,0
2020-07-30,6,1624,2022-03-09,0
2020-07-31,9,1633,2022-03-09,0
2020-08-01,4,1637,2022-03-09,0
2020-08-02,7,1644,2022-03-09,0
2020-08-03,4,1648,2022-03-09,0
2020-08-04,7,1655,2022-03-09,0
2020-08-05,8,1663,2022-03-09,0
2020-08-06,9,1672,2022-03-09,0
2020-08-07,7,1679,2022-03-09,0
2020-08-08,6,1685,2022-03-09,0
2020-08-09,10,1695,2022-03-09,0
2020-08-10,3,1698,2022-03-09,0
2020-08-11,9,1707,2022-03-09,0
2020-08-12,7,1714,2022-03-09,0
2020-08-13,5,1719,2022-03-09,0
2020-08-14,9,1728,2022-03-09,0
2020-08-15,13,1741,2022-03-09,0
2020-08-16,13,1754,2022-03-09,0
2020-08-17,6,1760,2022-03-09,0
2020-08-18,11,1771,2022-03-09,0
2020-08-19,3,1774,2022-03-09,0
2020-08-20,10,1784,2022-03-09,0
2020-08-21,12,1796,2022-03-09,0
2020-08-22,9,1805,2022-03-09,0
2020-08-23,7,1812,2022-03-09,0
2020-08-24,9,1821,2022-03-09,0
2020-08-25,4,1825,2022-03-09,0
2020-08-26,3,1828,2022-03-09,0
2020-08-27,7,1835,2022-03-09,0
2020-08-28,6,1841,2022-03-09,0
2020-08-29,3,1844,2022-03-09,0
2020-08-30,5,1849,2022-03-09,0
2020-08-31,9,1858,2022-03-09,0
2020-09-01,2,1860,2022-03-09,0
2020-09-02,7,1867,2022-03-09,0
2020-09-03,12,1879,2022-03-09,0
2020-09-04,4,1883,2022-03-09,0
2020-09-05,6,1889,2022-03-09,0
2020-09-06,12,1901,2022-03-09,0
2020-09-07,3,1904,2022-03-09,0
2020-09-08,6,1910,2022-03-09,0
2020-09-09,10,1920,2022-03-09,0
2020-09-10,9,1929,2022-03-09,0
2020-09-11,11,1940,2022-03-09,0
2020-09-12,8,1948,2022-03-09,0
2020-09-13,8,1956,2022-03-09,0
2020-09-14,2,1958,2022-03-09,0
2020-09-15,7,1965,2022-03-09,0
2020-09-16,9,1974,2022-03-09,0
2020-09-17,5,1979,2022-03-09,0
2020-09-18,6,1985,2022-03-09,0
2020-09-19,4,1989,2022-03-09,0
2020-09-20,9,1998,2022-03-09,0
2020-09-21,7,2005,2022-03-09,0
2020-09-22,8,2013,2022-03-09,0
2020-09-23,9,2022,2022-03-09,0
2020-09-24,8,2030,2022-03-09,0
2020-09-25,11,2041,2022-03-09,0
2020-09-26,9,2050,2022-03-09,0
2020-09-27,14,2064,2022-03-09,0
2020-09-28,11,2075,2022-03-09,0
2020-09-29,5,2080,2022-03-09,0
2020-09-30,16,2096,2022-03-09,0
2020-10-01,7,2103,2022-03-09,0
2020-10-02,13,2116,2022-03-09,0
2020-10-03,9,2125,2022-03-09,0
2020-10-04,7,2132,2022-03-09,0
2020-10-05,10,2142,2022-03-09,0
2020-10-06,13,2155,2022-03-09,0
2020-10-07,19,2174,2022-03-09,0
2020-10-08,9,2183,2022-03-09,0
2020-10-09,17,2200,2022-03-09,0
2020-10-10,16,2216,2022-03-09,0
2020-10-11,16,2232,2022-03-09,0
2020-10-12,20,2252,2022-03-09,0
2020-10-13,14,2266,2022-03-09,0
2020-10-14,10,2276,2022-03-09,0
2020-10-15,9,2285,2022-03-09,0
2020-10-16,12,2297,2022-03-09,0
2020-10-17,18,2315,2022-03-09,0
2020-10-18,25,2340,2022-03-09,0
2020-10-19,18,2358,2022-03-09,0
2020-10-20,15,2373,2022-03-09,0
2020-10-21,24,2397,2022-03-09,0
2020-10-22,18,2415,2022-03-09,0
2020-10-23,19,2434,2022-03-09,0
2020-10-24,8,2442,2022-03-09,0
2020-10-25,17,2459,2022-03-09,0
2020-10-26,25,2484,2022-03-09,0
2020-10-27,23,2507,2022-03-09,0
2020-10-28,29,2536,2022-03-09,0
2020-10-29,18,2554,2022-03-09,0
2020-10-30,27,2581,2022-03-09,0
2020-10-31,25,2606,2022-03-09,0
2020-11-01,21,2627,2022-03-09,0
2020-11-02,25,2652,2022-03-09,0
2020-11-03,25,2677,2022-03-09,0
2020-11-04,33,2710,2022-03-09,0
2020-11-05,38,2748,2022-03-09,0
2020-11-06,39,2787,2022-03-09,0
2020-11-07,42,2829,2022-03-09,0
2020-11-08,47,2876,2022-03-09,0
2020-11-09,37,2913,2022-03-09,0
2020-11-10,35,2948,2022-03-09,0
2020-11-11,43,2991,2022-03-09,0
2020-11-12,45,3036,2022-03-09,0
2020-11-13,40,3076,2022-03-09,0
2020-11-14,48,3124,2022-03-09,0
2020-11-15,46,3170,2022-03-09,0
2020-11-16,62,3232,2022-03-09,0
2020-11-17,56,3288,2022-03-09,0
2020-11-18,61,3349,2022-03-09,0
2020-11-19,60,3409,2022-03-09,0
2020-11-20,63,3472,2022-03-09,0
2020-11-21,58,3530,2022-03-09,0
2020-11-22,67,3597,2022-03-09,0
2020-11-23,59,3656,2022-03-09,0
2020-11-24,69,3725,2022-03-09,0
2020-11-25,72,3797,2022-03-09,0
2020-11-26,54,3851,2022-03-09,0
2020-11-27,69,3920,2022-03-09,0
2020-11-28,62,3982,2022-03-09,0
2020-11-29,68,4050,2022-03-09,0
2020-11-30,62,4112,2022-03-09,0
2020-12-01,64,4176,2022-03-09,0
2020-12-02,73,4249,2022-03-09,0
2020-12-03,86,4335,2022-03-09,0
2020-12-04,67,4402,2022-03-09,0
2020-12-05,74,4476,2022-03-09,0
2020-12-06,80,4556,2022-03-09,0
2020-12-07,75,4631,2022-03-09,0
2020-12-08,61,4692,2022-03-09,0
2020-12-09,71,4763,2022-03-09,0
2020-12-10,72,4835,2022-03-09,0
2020-12-11,71,4906,2022-03-09,0
2020-12-12,72,4978,2022-03-09,0
2020-12-13,56,5034,2022-03-09,0
2020-12-14,43,5077,2022-03-09,0
2020-12-15,65,5142,2022-03-09,0
2020-12-16,74,5216,2022-03-09,0
2020-12-17,60,5276,2022-03-09,0
2020-12-18,59,5335,2022-03-09,0
2020-12-19,56,5391,2022-03-09,0
2020-12-20,61,5452,2022-03-09,0
2020-12-21,58,5510,2022-03-09,0
2020-12-22,33,5543,2022-03-09,0
2020-12-23,46,5589,2022-03-09,0
2020-12-24,51,5640,2022-03-09,0
2020-12-25,36,5676,2022-03-09,0
2020-12-26,43,5719,2022-03-09,0
2020-12-27,41,5760,2022-03-09,0
2020-12-28,34,5794,2022-03-09,0
2020-12-29,37,5831,2022-03-09,0
2020-12-30,47,5878,2022-03-09,0
2020-12-31,36,5914,2022-03-09,0
2021-01-01,28,5942,2022-03-09,0
2021-01-02,49,5991,2022-03-09,0
2021-01-03,37,6028,2022-03-09,0
2021-01-04,32,6060,2022-03-09,0
2021-01-05,40,6100,2022-03-09,0
2021-01-06,32,6132,2022-03-09,0
2021-01-07,38,6170,2022-03-09,0
2021-01-08,32,6202,2022-03-09,0
2021-01-09,26,6228,2022-03-09,0
2021-01-10,30,6258,2022-03-09,0
2021-01-11,27,6285,2022-03-09,0
2021-01-12,32,6317,2022-03-09,0
2021-01-13,23,6340,2022-03-09,0
2021-01-14,42,6382,2022-03-09,0
2021-01-15,26,6408,2022-03-09,0
2021-01-16,30,6438,2022-03-09,0
2021-01-17,21,6459,2022-03-09,0
2021-01-18,19,6478,2022-03-09,0
2021-01-19,14,6492,2022-03-09,0
2021-01-20,26,6518,2022-03-09,0
2021-01-21,16,6534,2022-03-09,0
2021-01-22,14,6548,2022-03-09,0
2021-01-23,17,6565,2022-03-09,0
2021-01-24,24,6589,2022-03-09,0
2021-01-25,19,6608,2022-03-09,0
2021-01-26,21,6629,2022-03-09,0
2021-01-27,11,6640,2022-03-09,0
2021-01-28,12,6652,2022-03-09,0
2021-01-29,15,6667,2022-03-09,0
2021-01-30,13,6680,2022-03-09,0
2021-01-31,17,6697,2022-03-09,0
2021-02-01,17,6714,2022-03-09,0
2021-02-02,10,6724,2022-03-09,0
2021-02-03,11,6735,2022-03-09,0
2021-02-04,11,6746,2022-03-09,0
2021-02-05,13,6759,2022-03-09,0
2021-02-06,12,6771,2022-03-09,0
2021-02-07,19,6790,2022-03-09,0
2021-02-08,11,6801,2022-03-09,0
2021-02-09,15,6816,2022-03-09,0
2021-02-10,14,6830,2022-03-09,0
2021-02-11,7,6837,2022-03-09,0
2021-02-12,14,6851,2022-03-09,0
2021-02-13,8,6859,2022-03-09,0
2021-02-14,10,6869,2022-03-09,0
2021-02-15,9,6878,2022-03-09,0
2021-02-16,12,6890,2022-03-09,0
2021-02-17,10,6900,2022-03-09,0
2021-02-18,7,6907,2022-03-09,0
2021-02-19,6,6913,2022-03-09,0
2021-02-20,7,6920,2022-03-09,0
2021-02-21,4,6924,2022-03-09,0
2021-02-22,5,6929,2022-03-09,0
2021-02-23,9,6938,2022-03-09,0
2021-02-24,5,6943,2022-03-09,0
2021-02-25,5,6948,2022-03-09,0
2021-02-26,7,6955,2022-03-09,0
2021-02-27,6,6961,2022-03-09,0
2021-02-28,8,6969,2022-03-09,0
2021-03-01,7,6976,2022-03-09,0
2021-03-02,3,6979,2022-03-09,0
2021-03-03,10,6989,2022-03-09,0
2021-03-04,6,6995,2022-03-09,0
2021-03-05,10,7005,2022-03-09,0
2021-03-06,5,7010,2022-03-09,0
2021-03-07,9,7019,2022-03-09,0
2021-03-08,5,7024,2022-03-09,0
2021-03-09,7,7031,2022-03-09,0
2021-03-10,5,7036,2022-03-09,0
2021-03-11,4,7040,2022-03-09,0
2021-03-12,11,7051,2022-03-09,0
2021-03-13,5,7056,2022-03-09,0
2021-03-14,5,7061,2022-03-09,0
2021-03-15,2,7063,2022-03-09,0
2021-03-16,6,7069,2022-03-09,0
2021-03-17,4,7073,2022-03-09,0
2021-03-18,5,7078,2022-03-09,0
2021-03-19,5,7083,2022-03-09,0
2021-03-20,9,7092,2022-03-09,0
2021-03-21,5,7097,2022-03-09,0
2021-03-22,4,7101,2022-03-09,0
2021-03-23,5,7106,2022-03-09,0
2021-03-24,1,7107,2022-03-09,0
2021-03-25,5,7112,2022-03-09,0
2021-03-26,3,7115,2022-03-09,0
2021-03-27,7,7122,2022-03-09,0
2021-03-28,6,7128,2022-03-09,0
2021-03-29,5,7133,2022-03-09,0
2021-03-30,6,7139,2022-03-09,0
2021-03-31,8,7147,2022-03-09,0
2021-04-01,6,7153,2022-03-09,0
2021-04-02,9,7162,2022-03-09,0
2021-04-03,8,7170,2022-03-09,0
2021-04-04,6,7176,2022-03-09,0
2021-04-05,8,7184,2022-03-09,0
2021-04-06,7,7191,2022-03-09,0
2021-04-07,6,7197,2022-03-09,0
2021-04-08,10,7207,2022-03-09,0
2021-04-09,7,7214,2022-03-09,0
2021-04-10,7,7221,2022-03-09,0
2021-04-11,8,7229,2022-03-09,0
2021-04-12,10,7239,2022-03-09,0
2021-04-13,7,7246,2022-03-09,0
2021-04-14,8,7254,2022-03-09,0
2021-04-15,14,7268,2022-03-09,0
2021-04-16,8,7276,2022-03-09,0
2021-04-17,8,7284,2022-03-09,0
2021-04-18,8,7292,2022-03-09,0
2021-04-19,10,7302,2022-03-09,0
2021-04-20,5,7307,2022-03-09,0
2021-04-21,8,7315,2022-03-09,0
2021-04-22,3,7318,2022-03-09,0
2021-04-23,15,7333,2022-03-09,0
2021-04-24,11,7344,2022-03-09,0
2021-04-25,15,7359,2022-03-09,0
2021-04-26,15,7374,2022-03-09,0
2021-04-27,7,7381,2022-03-09,0
2021-04-28,14,7395,2022-03-09,0
2021-04-29,8,7403,2022-03-09,0
2021-04-30,11,7414,2022-03-09,0
2021-05-01,7,7421,2022-03-09,0
2021-05-02,8,7429,2022-03-09,0
2021-05-03,5,7434,2022-03-09,0
2021-05-04,13,7447,2022-03-09,0
2021-05-05,8,7455,2022-03-09,0
2021-05-06,5,7460,2022-03-09,0
2021-05-07,8,7468,2022-03-09,0
2021-05-08,7,7475,2022-03-09,0
2021-05-09,9,7484,2022-03-09,0
2021-05-10,8,7492,2022-03-09,0
2021-05-11,6,7498,2022-03-09,0
2021-05-12,9,7507,2022-03-09,0
2021-05-13,9,7516,2022-03-09,0
2021-05-14,11,7527,2022-03-09,0
2021-05-15,10,7537,2022-03-09,0
2021-05-16,6,7543,2022-03-09,0
2021-05-17,6,7549,2022-03-09,0
2021-05-18,7,7556,2022-03-09,0
2021-05-19,2,7558,2022-03-09,0
2021-05-20,5,7563,2022-03-09,0
2021-05-21,7,7570,2022-03-09,0
2021-05-22,12,7582,2022-03-09,0
2021-05-23,5,7587,2022-03-09,0
2021-05-24,5,7592,2022-03-09,0
2021-05-25,6,7598,2022-03-09,0
2021-05-26,3,7601,2022-03-09,0
2021-05-27,7,7608,2022-03-09,0
2021-05-28,2,7610,2022-03-09,0
2021-05-29,6,7616,2022-03-09,0
2021-05-30,4,7620,2022-03-09,0
2021-05-31,3,7623,2022-03-09,0
2021-06-01,5,7628,2022-03-09,0
2021-06-02,8,7636,2022-03-09,0
2021-06-03,4,7640,2022-03-09,0
2021-06-04,4,7644,2022-03-09,0
2021-06-05,2,7646,2022-03-09,0
2021-06-06,5,7651,2022-03-09,0
2021-06-07,3,7654,2022-03-09,0
2021-06-08,5,7659,2022-03-09,0
2021-06-09,4,7663,2022-03-09,0
2021-06-10,6,7669,2022-03-09,0
2021-06-11,6,7675,2022-03-09,0
2021-06-12,4,7679,2022-03-09,0
2021-06-13,4,7683,2022-03-09,0
2021-06-14,3,7686,2022-03-09,0
2021-06-15,2,7688,2022-03-09,0
2021-06-16,2,7690,2022-03-09,0
2021-06-17,4,7694,2022-03-09,0
2021-06-18,2,7696,2022-03-09,0
2021-06-19,6,7702,2022-03-09,0
2021-06-20,1,7703,2022-03-09,0
2021-06-21,5,7708,2022-03-09,0
2021-06-22,3,7711,2022-03-09,0
2021-06-23,4,7715,2022-03-09,0
2021-06-24,3,7718,2022-03-09,0
2021-06-25,3,7721,2022-03-09,0
2021-06-26,4,7725,2022-03-09,0
2021-06-27,2,7727,2022-03-09,0
2021-06-28,2,7729,2022-03-09,0
2021-06-29,2,7731,2022-03-09,0
2021-06-30,2,7733,2022-03-09,0
2021-07-01,0,7733,2022-03-09,0
2021-07-02,2,7735,2022-03-09,0
2021-07-03,2,7737,2022-03-09,0
2021-07-04,3,7740,2022-03-09,0
2021-07-05,1,7741,2022-03-09,0
2021-07-06,5,7746,2022-03-09,0
2021-07-07,1,7747,2022-03-09,0
2021-07-08,1,7748,2022-03-09,0
2021-07-09,0,7748,2022-03-09,0
2021-07-10,1,7749,2022-03-09,0
2021-07-11,3,7752,2022-03-09,0
2021-07-12,1,7753,2022-03-09,0
2021-07-13,2,7755,2022-03-09,0
2021-07-14,2,7757,2022-03-09,0
2021-07-15,2,7759,2022-03-09,0
2021-07-16,1,7760,2022-03-09,0
2021-07-17,1,7761,2022-03-09,0
2021-07-18,0,7761,2022-03-09,0
2021-07-19,0,7761,2022-03-09,0
2021-07-20,2,7763,2022-03-09,0
2021-07-21,3,7766,2022-03-09,0
2021-07-22,2,7768,2022-03-09,0
2021-07-23,3,7771,2022-03-09,0
2021-07-24,0,7771,2022-03-09,0
2021-07-25,2,7773,2022-03-09,0
2021-07-26,1,7774,2022-03-09,0
2021-07-27,2,7776,2022-03-09,0
2021-07-28,3,7779,2022-03-09,0
2021-07-29,2,7781,2022-03-09,0
2021-07-30,5,7786,2022-03-09,0
2021-07-31,4,7790,2022-03-09,0
2021-08-01,1,7791,2022-03-09,0
2021-08-02,3,7794,2022-03-09,0
2021-08-03,2,7796,2022-03-09,0
2021-08-04,3,7799,2022-03-09,0
2021-08-05,2,7801,2022-03-09,0
2021-08-06,8,7809,2022-03-09,0
2021-08-07,3,7812,2022-03-09,0
2021-08-08,3,7815,2022-03-09,0
2021-08-09,3,7818,2022-03-09,0
2021-08-10,2,7820,2022-03-09,0
2021-08-11,2,7822,2022-03-09,0
2021-08-12,7,7829,2022-03-09,0
2021-08-13,5,7834,2022-03-09,0
2021-08-14,6,7840,2022-03-09,0
2021-08-15,0,7840,2022-03-09,0
2021-08-16,7,7847,2022-03-09,0
2021-08-17,7,7854,2022-03-09,0
2021-08-18,9,7863,2022-03-09,0
2021-08-19,2,7865,2022-03-09,0
2021-08-20,3,7868,2022-03-09,0
2021-08-21,5,7873,2022-03-09,0
2021-08-22,7,7880,2022-03-09,0
2021-08-23,5,7885,2022-03-09,0
2021-08-24,12,7897,2022-03-09,0
2021-08-25,7,7904,2022-03-09,0
2021-08-26,2,7906,2022-03-09,0
2021-08-27,6,7912,2022-03-09,0
2021-08-28,11,7923,2022-03-09,0
2021-08-29,11,7934,2022-03-09,0
2021-08-30,8,7942,2022-03-09,0
2021-08-31,8,7950,2022-03-09,0
2021-09-01,6,7956,2022-03-09,0
2021-09-02,6,7962,2022-03-09,0
2021-09-03,9,7971,2022-03-09,0
2021-09-04,9,7980,2022-03-09,0
2021-09-05,10,7990,2022-03-09,0
2021-09-06,8,7998,2022-03-09,0
2021-09-07,7,8005,2022-03-09,0
2021-09-08,11,8016,2022-03-09,0
2021-09-09,5,8021,2022-03-09,0
2021-09-10,9,8030,2022-03-09,0
2021-09-11,17,8047,2022-03-09,0
2021-09-12,10,8057,2022-03-09,0
2021-09-13,8,8065,2022-03-09,0
2021-09-14,11,8076,2022-03-09,0
2021-09-15,14,8090,2022-03-09,0
2021-09-16,16,8106,2022-03-09,0
2021-09-17,8,8114,2022-03-09,0
2021-09-18,15,8129,2022-03-09,0
2021-09-19,11,8140,2022-03-09,0
2021-09-20,16,8156,2022-03-09,0
2021-09-21,16,8172,2022-03-09,0
2021-09-22,17,8189,2022-03-09,0
2021-09-23,13,8202,2022-03-09,0
2021-09-24,13,8215,2022-03-09,0
2021-09-25,16,8231,2022-03-09,0
2021-09-26,15,8246,2022-03-09,0
2021-09-27,15,8261,2022-03-09,0
2021-09-28,11,8272,2022-03-09,0
2021-09-29,21,8293,2022-03-09,0
2021-09-30,17,8310,2022-03-09,0
2021-10-01,13,8323,2022-03-09,0
2021-10-02,15,8338,2022-03-09,0
2021-10-03,23,8361,2022-03-09,0
2021-10-04,15,8376,2022-03-09,0
2021-10-05,23,8399,2022-03-09,0
2021-10-06,21,8420,2022-03-09,0
2021-10-07,14,8434,2022-03-09,0
2021-10-08,22,8456,2022-03-09,0
2021-10-09,20,8476,2022-03-09,0
2021-10-10,14,8490,2022-03-09,0
2021-10-11,11,8501,2022-03-09,0
2021-10-12,25,8526,2022-03-09,0
2021-10-13,21,8547,2022-03-09,0
2021-10-14,22,8569,2022-03-09,0
2021-10-15,14,8583,2022-03-09,0
2021-10-16,20,8603,2022-03-09,0
2021-10-17,18,8621,2022-03-09,0
2021-10-18,17,8638,2022-03-09,0
2021-10-19,26,8664,2022-03-09,0
2021-10-20,17,8681,2022-03-09,0
2021-10-21,8,8689,2022-03-09,0
2021-10-22,23,8712,2022-03-09,0
2021-10-23,24,8736,2022-03-09,0
2021-10-24,25,8761,2022-03-09,0
2021-10-25,20,8781,2022-03-09,0
2021-10-26,22,8803,2022-03-09,0
2021-10-27,16,8819,2022-03-09,0
2021-10-28,24,8843,2022-03-09,0
2021-10-29,20,8863,2022-03-09,0
2021-10-30,20,8883,2022-03-09,0
2021-10-31,27,8910,2022-03-09,0
2021-11-01,18,8928,2022-03-09,0
2021-11-02,18,8946,2022-03-09,0
2021-11-03,28,8974,2022-03-09,0
2021-11-04,28,9002,2022-03-09,0
2021-11-05,29,9031,2022-03-09,0
2021-11-06,16,9047,2022-03-09,0
2021-11-07,24,9071,2022-03-09,0
2021-11-08,28,9099,2022-03-09,0
2021-11-09,17,9116,2022-03-09,0
2021-11-10,18,9134,2022-03-09,0
2021-11-11,28,9162,2022-03-09,0
2021-11-12,29,9191,2022-03-09,0
2021-11-13,31,9222,2022-03-09,0
2021-11-14,24,9246,2022-03-09,0
2021-11-15,28,9274,2022-03-09,0
2021-11-16,25,9299,2022-03-09,0
2021-11-17,37,9336,2022-03-09,0
2021-11-18,38,9374,2022-03-09,0
2021-11-19,34,9408,2022-03-09,0
2021-11-20,30,9438,2022-03-09,0
2021-11-21,32,9470,2022-03-09,0
2021-11-22,30,9500,2022-03-09,0
2021-11-23,32,9532,2022-03-09,0
2021-11-24,25,9557,2022-03-09,0
2021-11-25,35,9592,2022-03-09,0
2021-11-26,51,9643,2022-03-09,0
2021-11-27,36,9679,2022-03-09,0
2021-11-28,39,9718,2022-03-09,0
2021-11-29,29,9747,2022-03-09,0
2021-11-30,30,9777,2022-03-09,0
2021-12-01,47,9824,2022-03-09,0
2021-12-02,40,9864,2022-03-09,0
2021-12-03,31,9895,2022-03-09,0
2021-12-04,42,9937,2022-03-09,0
2021-12-05,36,9973,2022-03-09,0
2021-12-06,35,10008,2022-03-09,0
2021-12-07,36,10044,2022-03-09,0
2021-12-08,39,10083,2022-03-09,0
2021-12-09,47,10130,2022-03-09,0
2021-12-10,34,10164,2022-03-09,0
2021-12-11,27,10191,2022-03-09,0
2021-12-12,37,10228,2022-03-09,0
2021-12-13,34,10262,2022-03-09,0
2021-12-14,35,10297,2022-03-09,0
2021-12-15,41,10338,2022-03-09,0
2021-12-16,33,10371,2022-03-09,0
2021-12-17,41,10412,2022-03-09,0
2021-12-18,33,10445,2022-03-09,0
2021-12-19,31,10476,2022-03-09,0
2021-12-20,33,10509,2022-03-09,0
2021-12-21,28,10537,2022-03-09,0
2021-12-22,29,10566,2022-03-09,0
2021-12-23,28,10594,2022-03-09,0
2021-12-24,30,10624,2022-03-09,0
2021-12-25,28,10652,2022-03-09,0
2021-12-26,42,10694,2022-03-09,0
2021-12-27,32,10726,2022-03-09,0
2021-12-28,35,10761,2022-03-09,0
2021-12-29,29,10790,2022-03-09,0
2021-12-30,19,10809,2022-03-09,0
2021-12-31,40,10849,2022-03-09,0
2022-01-01,27,10876,2022-03-09,0
2022-01-02,22,10898,2022-03-09,0
2022-01-03,23,10921,2022-03-09,0
2022-01-04,30,10951,2022-03-09,0
2022-01-05,32,10983,2022-03-09,0
2022-01-06,32,11015,2022-03-09,0
2022-01-07,28,11043,2022-03-09,0
2022-01-08,43,11086,2022-03-09,0
2022-01-09,18,11104,2022-03-09,0
2022-01-10,31,11135,2022-03-09,0
2022-01-11,18,11153,2022-03-09,0
2022-01-12,19,11172,2022-03-09,0
2022-01-13,27,11199,2022-03-09,0
2022-01-14,33,11232,2022-03-09,0
2022-01-15,26,11258,2022-03-09,0
2022-01-16,33,11291,2022-03-09,0
2022-01-17,36,11327,2022-03-09,0
2022-01-18,26,11353,2022-03-09,0
2022-01-19,29,11382,2022-03-09,0
2022-01-20,30,11412,2022-03-09,0
2022-01-21,27,11439,2022-03-09,0
2022-01-22,28,11467,2022-03-09,0
2022-01-23,22,11489,2022-03-09,0
2022-01-24,37,11526,2022-03-09,0
2022-01-25,33,11559,2022-03-09,0
2022-01-26,35,11594,2022-03-09,1
2022-01-27,37,11631,2022-03-09,0
2022-01-28,31,11662,2022-03-09,0
2022-01-29,28,11690,2022-03-09,0
2022-01-30,27,11717,2022-03-09,0
2022-01-31,18,11735,2022-03-09,0
2022-02-01,24,11759,2022-03-09,0
2022-02-02,22,11781,2022-03-09,0
2022-02-03,30,11811,2022-03-09,1
2022-02-04,20,11831,2022-03-09,0
2022-02-05,27,11858,2022-03-09,0
2022-02-06,27,11885,2022-03-09,0
2022-02-07,16,11901,2022-03-09,0
2022-02-08,27,11928,2022-03-09,0
2022-02-09,25,11953,2022-03-09,0
2022-02-10,21,11974,2022-03-09,0
2022-02-11,19,11993,2022-03-09,0
2022-02-12,16,12009,2022-03-09,0
2022-02-13,19,12028,2022-03-09,1
2022-02-14,15,12043,2022-03-09,0
2022-02-15,20,12063,2022-03-09,0
2022-02-16,12,12075,2022-03-09,0
2022-02-17,14,12089,2022-03-09,0
2022-02-18,13,12102,2022-03-09,1
2022-02-19,20,12122,2022-03-09,0
2022-02-20,15,12137,2022-03-09,0
2022-02-21,5,12142,2022-03-09,0
2022-02-22,12,12154,2022-03-09,0
2022-02-23,9,12163,2022-03-09,0
2022-02-24,24,12187,2022-03-09,2
2022-02-25,7,12194,2022-03-09,0
2022-02-26,9,12203,2022-03-09,0
2022-02-27,8,12211,2022-03-09,0
2022-02-28,7,12218,2022-03-09,0
2022-03-01,4,12222,2022-03-09,1
2022-03-02,6,12228,2022-03-09,2
2022-03-03,4,12232,2022-03-09,2
2022-03-04,3,12235,2022-03-09,3
2022-03-05,1,12236,2022-03-09,1
2022-03-06,2,12238,2022-03-09,2
NA,0,12238,2022-03-09,0
2020-03-19,1,1,2022-03-10,0
2020-03-20,0,1,2022-03-10,0
2020-03-21,0,1,2022-03-10,0
2020-03-22,0,1,2022-03-10,0
2020-03-23,0,1,2022-03-10,0
2020-03-24,1,2,2022-03-10,0
2020-03-25,1,3,2022-03-10,0
2020-03-26,1,4,2022-03-10,0
2020-03-27,5,9,2022-03-10,0
2020-03-28,3,12,2022-03-10,0
2020-03-29,0,12,2022-03-10,0
2020-03-30,5,17,2022-03-10,0
2020-03-31,2,19,2022-03-10,0
2020-04-01,5,24,2022-03-10,0
2020-04-02,3,27,2022-03-10,0
2020-04-03,1,28,2022-03-10,0
2020-04-04,5,33,2022-03-10,0
2020-04-05,5,38,2022-03-10,0
2020-04-06,10,48,2022-03-10,0
2020-04-07,6,54,2022-03-10,0
2020-04-08,7,61,2022-03-10,0
2020-04-09,8,69,2022-03-10,0
2020-04-10,6,75,2022-03-10,0
2020-04-11,4,79,2022-03-10,0
2020-04-12,4,83,2022-03-10,0
2020-04-13,10,93,2022-03-10,0
2020-04-14,6,99,2022-03-10,0
2020-04-15,17,116,2022-03-10,0
2020-04-16,10,126,2022-03-10,0
2020-04-17,17,143,2022-03-10,0
2020-04-18,17,160,2022-03-10,0
2020-04-19,16,176,2022-03-10,0
2020-04-20,21,197,2022-03-10,0
2020-04-21,26,223,2022-03-10,0
2020-04-22,21,244,2022-03-10,0
2020-04-23,19,263,2022-03-10,0
2020-04-24,23,286,2022-03-10,0
2020-04-25,18,304,2022-03-10,0
2020-04-26,17,321,2022-03-10,0
2020-04-27,21,342,2022-03-10,0
2020-04-28,16,358,2022-03-10,0
2020-04-29,29,387,2022-03-10,0
2020-04-30,18,405,2022-03-10,0
2020-05-01,30,435,2022-03-10,0
2020-05-02,19,454,2022-03-10,0
2020-05-03,29,483,2022-03-10,0
2020-05-04,23,506,2022-03-10,0
2020-05-05,19,525,2022-03-10,0
2020-05-06,25,550,2022-03-10,0
2020-05-07,30,580,2022-03-10,0
2020-05-08,20,600,2022-03-10,0
2020-05-09,26,626,2022-03-10,0
2020-05-10,19,645,2022-03-10,0
2020-05-11,25,670,2022-03-10,0
2020-05-12,20,690,2022-03-10,0
2020-05-13,22,712,2022-03-10,0
2020-05-14,20,732,2022-03-10,0
2020-05-15,20,752,2022-03-10,0
2020-05-16,20,772,2022-03-10,0
2020-05-17,23,795,2022-03-10,0
2020-05-18,18,813,2022-03-10,0
2020-05-19,35,848,2022-03-10,0
2020-05-20,24,872,2022-03-10,0
2020-05-21,17,889,2022-03-10,0
2020-05-22,20,909,2022-03-10,0
2020-05-23,26,935,2022-03-10,0
2020-05-24,25,960,2022-03-10,0
2020-05-25,30,990,2022-03-10,0
2020-05-26,29,1019,2022-03-10,0
2020-05-27,25,1044,2022-03-10,0
2020-05-28,21,1065,2022-03-10,0
2020-05-29,17,1082,2022-03-10,0
2020-05-30,11,1093,2022-03-10,0
2020-05-31,20,1113,2022-03-10,0
2020-06-01,23,1136,2022-03-10,0
2020-06-02,21,1157,2022-03-10,0
2020-06-03,25,1182,2022-03-10,0
2020-06-04,26,1208,2022-03-10,0
2020-06-05,18,1226,2022-03-10,0
2020-06-06,12,1238,2022-03-10,0
2020-06-07,22,1260,2022-03-10,0
2020-06-08,12,1272,2022-03-10,0
2020-06-09,13,1285,2022-03-10,0
2020-06-10,10,1295,2022-03-10,0
2020-06-11,12,1307,2022-03-10,0
2020-06-12,11,1318,2022-03-10,0
2020-06-13,13,1331,2022-03-10,0
2020-06-14,11,1342,2022-03-10,0
2020-06-15,8,1350,2022-03-10,0
2020-06-16,9,1359,2022-03-10,0
2020-06-17,17,1376,2022-03-10,0
2020-06-18,9,1385,2022-03-10,0
2020-06-19,8,1393,2022-03-10,0
2020-06-20,12,1405,2022-03-10,0
2020-06-21,11,1416,2022-03-10,0
2020-06-22,6,1422,2022-03-10,0
2020-06-23,10,1432,2022-03-10,0
2020-06-24,1,1433,2022-03-10,0
2020-06-25,9,1442,2022-03-10,0
2020-06-26,6,1448,2022-03-10,0
2020-06-27,5,1453,2022-03-10,0
2020-06-28,11,1464,2022-03-10,0
2020-06-29,7,1471,2022-03-10,0
2020-06-30,9,1480,2022-03-10,0
2020-07-01,2,1482,2022-03-10,0
2020-07-02,3,1485,2022-03-10,0
2020-07-03,5,1490,2022-03-10,0
2020-07-04,4,1494,2022-03-10,0
2020-07-05,6,1500,2022-03-10,0
2020-07-06,4,1504,2022-03-10,0
2020-07-07,2,1506,2022-03-10,0
2020-07-08,9,1515,2022-03-10,0
2020-07-09,4,1519,2022-03-10,0
2020-07-10,3,1522,2022-03-10,0
2020-07-11,4,1526,2022-03-10,0
2020-07-12,6,1532,2022-03-10,0
2020-07-13,2,1534,2022-03-10,0
2020-07-14,6,1540,2022-03-10,0
2020-07-15,7,1547,2022-03-10,0
2020-07-16,3,1550,2022-03-10,0
2020-07-17,7,1557,2022-03-10,0
2020-07-18,6,1563,2022-03-10,0
2020-07-19,5,1568,2022-03-10,0
2020-07-20,3,1571,2022-03-10,0
2020-07-21,6,1577,2022-03-10,0
2020-07-22,5,1582,2022-03-10,0
2020-07-23,8,1590,2022-03-10,0
2020-07-24,6,1596,2022-03-10,0
2020-07-25,2,1598,2022-03-10,0
2020-07-26,5,1603,2022-03-10,0
2020-07-27,5,1608,2022-03-10,0
2020-07-28,7,1615,2022-03-10,0
2020-07-29,3,1618,2022-03-10,0
2020-07-30,6,1624,2022-03-10,0
2020-07-31,9,1633,2022-03-10,0
2020-08-01,4,1637,2022-03-10,0
2020-08-02,7,1644,2022-03-10,0
2020-08-03,4,1648,2022-03-10,0
2020-08-04,7,1655,2022-03-10,0
2020-08-05,8,1663,2022-03-10,0
2020-08-06,9,1672,2022-03-10,0
2020-08-07,7,1679,2022-03-10,0
2020-08-08,6,1685,2022-03-10,0
2020-08-09,10,1695,2022-03-10,0
2020-08-10,3,1698,2022-03-10,0
2020-08-11,9,1707,2022-03-10,0
2020-08-12,7,1714,2022-03-10,0
2020-08-13,5,1719,2022-03-10,0
2020-08-14,9,1728,2022-03-10,0
2020-08-15,13,1741,2022-03-10,0
2020-08-16,13,1754,2022-03-10,0
2020-08-17,6,1760,2022-03-10,0
2020-08-18,11,1771,2022-03-10,0
2020-08-19,3,1774,2022-03-10,0
2020-08-20,10,1784,2022-03-10,0
2020-08-21,12,1796,2022-03-10,0
2020-08-22,9,1805,2022-03-10,0
2020-08-23,7,1812,2022-03-10,0
2020-08-24,9,1821,2022-03-10,0
2020-08-25,4,1825,2022-03-10,0
2020-08-26,3,1828,2022-03-10,0
2020-08-27,7,1835,2022-03-10,0
2020-08-28,6,1841,2022-03-10,0
2020-08-29,3,1844,2022-03-10,0
2020-08-30,5,1849,2022-03-10,0
2020-08-31,9,1858,2022-03-10,0
2020-09-01,2,1860,2022-03-10,0
2020-09-02,7,1867,2022-03-10,0
2020-09-03,12,1879,2022-03-10,0
2020-09-04,4,1883,2022-03-10,0
2020-09-05,6,1889,2022-03-10,0
2020-09-06,12,1901,2022-03-10,0
2020-09-07,3,1904,2022-03-10,0
2020-09-08,6,1910,2022-03-10,0
2020-09-09,10,1920,2022-03-10,0
2020-09-10,9,1929,2022-03-10,0
2020-09-11,11,1940,2022-03-10,0
2020-09-12,8,1948,2022-03-10,0
2020-09-13,8,1956,2022-03-10,0
2020-09-14,2,1958,2022-03-10,0
2020-09-15,7,1965,2022-03-10,0
2020-09-16,9,1974,2022-03-10,0
2020-09-17,5,1979,2022-03-10,0
2020-09-18,6,1985,2022-03-10,0
2020-09-19,4,1989,2022-03-10,0
2020-09-20,9,1998,2022-03-10,0
2020-09-21,7,2005,2022-03-10,0
2020-09-22,8,2013,2022-03-10,0
2020-09-23,9,2022,2022-03-10,0
2020-09-24,8,2030,2022-03-10,0
2020-09-25,11,2041,2022-03-10,0
2020-09-26,9,2050,2022-03-10,0
2020-09-27,14,2064,2022-03-10,0
2020-09-28,11,2075,2022-03-10,0
2020-09-29,5,2080,2022-03-10,0
2020-09-30,16,2096,2022-03-10,0
2020-10-01,7,2103,2022-03-10,0
2020-10-02,13,2116,2022-03-10,0
2020-10-03,9,2125,2022-03-10,0
2020-10-04,7,2132,2022-03-10,0
2020-10-05,10,2142,2022-03-10,0
2020-10-06,13,2155,2022-03-10,0
2020-10-07,19,2174,2022-03-10,0
2020-10-08,9,2183,2022-03-10,0
2020-10-09,17,2200,2022-03-10,0
2020-10-10,16,2216,2022-03-10,0
2020-10-11,16,2232,2022-03-10,0
2020-10-12,20,2252,2022-03-10,0
2020-10-13,14,2266,2022-03-10,0
2020-10-14,10,2276,2022-03-10,0
2020-10-15,9,2285,2022-03-10,0
2020-10-16,12,2297,2022-03-10,0
2020-10-17,18,2315,2022-03-10,0
2020-10-18,25,2340,2022-03-10,0
2020-10-19,18,2358,2022-03-10,0
2020-10-20,15,2373,2022-03-10,0
2020-10-21,24,2397,2022-03-10,0
2020-10-22,18,2415,2022-03-10,0
2020-10-23,19,2434,2022-03-10,0
2020-10-24,8,2442,2022-03-10,0
2020-10-25,17,2459,2022-03-10,0
2020-10-26,25,2484,2022-03-10,0
2020-10-27,23,2507,2022-03-10,0
2020-10-28,29,2536,2022-03-10,0
2020-10-29,18,2554,2022-03-10,0
2020-10-30,27,2581,2022-03-10,0
2020-10-31,25,2606,2022-03-10,0
2020-11-01,21,2627,2022-03-10,0
2020-11-02,25,2652,2022-03-10,0
2020-11-03,25,2677,2022-03-10,0
2020-11-04,33,2710,2022-03-10,0
2020-11-05,38,2748,2022-03-10,0
2020-11-06,39,2787,2022-03-10,0
2020-11-07,42,2829,2022-03-10,0
2020-11-08,47,2876,2022-03-10,0
2020-11-09,37,2913,2022-03-10,0
2020-11-10,35,2948,2022-03-10,0
2020-11-11,43,2991,2022-03-10,0
2020-11-12,45,3036,2022-03-10,0
2020-11-13,40,3076,2022-03-10,0
2020-11-14,48,3124,2022-03-10,0
2020-11-15,46,3170,2022-03-10,0
2020-11-16,62,3232,2022-03-10,0
2020-11-17,56,3288,2022-03-10,0
2020-11-18,61,3349,2022-03-10,0
2020-11-19,60,3409,2022-03-10,0
2020-11-20,63,3472,2022-03-10,0
2020-11-21,58,3530,2022-03-10,0
2020-11-22,67,3597,2022-03-10,0
2020-11-23,59,3656,2022-03-10,0
2020-11-24,69,3725,2022-03-10,0
2020-11-25,72,3797,2022-03-10,0
2020-11-26,54,3851,2022-03-10,0
2020-11-27,69,3920,2022-03-10,0
2020-11-28,62,3982,2022-03-10,0
2020-11-29,68,4050,2022-03-10,0
2020-11-30,62,4112,2022-03-10,0
2020-12-01,64,4176,2022-03-10,0
2020-12-02,73,4249,2022-03-10,0
2020-12-03,86,4335,2022-03-10,0
2020-12-04,67,4402,2022-03-10,0
2020-12-05,74,4476,2022-03-10,0
2020-12-06,80,4556,2022-03-10,0
2020-12-07,75,4631,2022-03-10,0
2020-12-08,61,4692,2022-03-10,0
2020-12-09,71,4763,2022-03-10,0
2020-12-10,72,4835,2022-03-10,0
2020-12-11,71,4906,2022-03-10,0
2020-12-12,72,4978,2022-03-10,0
2020-12-13,56,5034,2022-03-10,0
2020-12-14,43,5077,2022-03-10,0
2020-12-15,65,5142,2022-03-10,0
2020-12-16,74,5216,2022-03-10,0
2020-12-17,60,5276,2022-03-10,0
2020-12-18,59,5335,2022-03-10,0
2020-12-19,56,5391,2022-03-10,0
2020-12-20,61,5452,2022-03-10,0
2020-12-21,58,5510,2022-03-10,0
2020-12-22,33,5543,2022-03-10,0
2020-12-23,46,5589,2022-03-10,0
2020-12-24,51,5640,2022-03-10,0
2020-12-25,36,5676,2022-03-10,0
2020-12-26,43,5719,2022-03-10,0
2020-12-27,41,5760,2022-03-10,0
2020-12-28,34,5794,2022-03-10,0
2020-12-29,37,5831,2022-03-10,0
2020-12-30,47,5878,2022-03-10,0
2020-12-31,36,5914,2022-03-10,0
2021-01-01,28,5942,2022-03-10,0
2021-01-02,49,5991,2022-03-10,0
2021-01-03,37,6028,2022-03-10,0
2021-01-04,32,6060,2022-03-10,0
2021-01-05,40,6100,2022-03-10,0
2021-01-06,32,6132,2022-03-10,0
2021-01-07,38,6170,2022-03-10,0
2021-01-08,32,6202,2022-03-10,0
2021-01-09,26,6228,2022-03-10,0
2021-01-10,30,6258,2022-03-10,0
2021-01-11,27,6285,2022-03-10,0
2021-01-12,32,6317,2022-03-10,0
2021-01-13,23,6340,2022-03-10,0
2021-01-14,42,6382,2022-03-10,0
2021-01-15,26,6408,2022-03-10,0
2021-01-16,30,6438,2022-03-10,0
2021-01-17,21,6459,2022-03-10,0
2021-01-18,19,6478,2022-03-10,0
2021-01-19,14,6492,2022-03-10,0
2021-01-20,26,6518,2022-03-10,0
2021-01-21,16,6534,2022-03-10,0
2021-01-22,14,6548,2022-03-10,0
2021-01-23,17,6565,2022-03-10,0
2021-01-24,24,6589,2022-03-10,0
2021-01-25,19,6608,2022-03-10,0
2021-01-26,21,6629,2022-03-10,0
2021-01-27,11,6640,2022-03-10,0
2021-01-28,12,6652,2022-03-10,0
2021-01-29,15,6667,2022-03-10,0
2021-01-30,13,6680,2022-03-10,0
2021-01-31,17,6697,2022-03-10,0
2021-02-01,17,6714,2022-03-10,0
2021-02-02,10,6724,2022-03-10,0
2021-02-03,11,6735,2022-03-10,0
2021-02-04,11,6746,2022-03-10,0
2021-02-05,13,6759,2022-03-10,0
2021-02-06,12,6771,2022-03-10,0
2021-02-07,19,6790,2022-03-10,0
2021-02-08,11,6801,2022-03-10,0
2021-02-09,15,6816,2022-03-10,0
2021-02-10,14,6830,2022-03-10,0
2021-02-11,7,6837,2022-03-10,0
2021-02-12,14,6851,2022-03-10,0
2021-02-13,8,6859,2022-03-10,0
2021-02-14,10,6869,2022-03-10,0
2021-02-15,9,6878,2022-03-10,0
2021-02-16,12,6890,2022-03-10,0
2021-02-17,10,6900,2022-03-10,0
2021-02-18,7,6907,2022-03-10,0
2021-02-19,6,6913,2022-03-10,0
2021-02-20,7,6920,2022-03-10,0
2021-02-21,4,6924,2022-03-10,0
2021-02-22,5,6929,2022-03-10,0
2021-02-23,9,6938,2022-03-10,0
2021-02-24,5,6943,2022-03-10,0
2021-02-25,5,6948,2022-03-10,0
2021-02-26,7,6955,2022-03-10,0
2021-02-27,6,6961,2022-03-10,0
2021-02-28,8,6969,2022-03-10,0
2021-03-01,7,6976,2022-03-10,0
2021-03-02,3,6979,2022-03-10,0
2021-03-03,10,6989,2022-03-10,0
2021-03-04,6,6995,2022-03-10,0
2021-03-05,10,7005,2022-03-10,0
2021-03-06,5,7010,2022-03-10,0
2021-03-07,9,7019,2022-03-10,0
2021-03-08,5,7024,2022-03-10,0
2021-03-09,7,7031,2022-03-10,0
2021-03-10,5,7036,2022-03-10,0
2021-03-11,4,7040,2022-03-10,0
2021-03-12,11,7051,2022-03-10,0
2021-03-13,5,7056,2022-03-10,0
2021-03-14,5,7061,2022-03-10,0
2021-03-15,2,7063,2022-03-10,0
2021-03-16,6,7069,2022-03-10,0
2021-03-17,4,7073,2022-03-10,0
2021-03-18,5,7078,2022-03-10,0
2021-03-19,5,7083,2022-03-10,0
2021-03-20,9,7092,2022-03-10,0
2021-03-21,5,7097,2022-03-10,0
2021-03-22,4,7101,2022-03-10,0
2021-03-23,5,7106,2022-03-10,0
2021-03-24,1,7107,2022-03-10,0
2021-03-25,5,7112,2022-03-10,0
2021-03-26,3,7115,2022-03-10,0
2021-03-27,7,7122,2022-03-10,0
2021-03-28,6,7128,2022-03-10,0
2021-03-29,5,7133,2022-03-10,0
2021-03-30,6,7139,2022-03-10,0
2021-03-31,8,7147,2022-03-10,0
2021-04-01,6,7153,2022-03-10,0
2021-04-02,9,7162,2022-03-10,0
2021-04-03,8,7170,2022-03-10,0
2021-04-04,6,7176,2022-03-10,0
2021-04-05,8,7184,2022-03-10,0
2021-04-06,7,7191,2022-03-10,0
2021-04-07,6,7197,2022-03-10,0
2021-04-08,10,7207,2022-03-10,0
2021-04-09,7,7214,2022-03-10,0
2021-04-10,7,7221,2022-03-10,0
2021-04-11,8,7229,2022-03-10,0
2021-04-12,10,7239,2022-03-10,0
2021-04-13,7,7246,2022-03-10,0
2021-04-14,8,7254,2022-03-10,0
2021-04-15,14,7268,2022-03-10,0
2021-04-16,8,7276,2022-03-10,0
2021-04-17,8,7284,2022-03-10,0
2021-04-18,8,7292,2022-03-10,0
2021-04-19,10,7302,2022-03-10,0
2021-04-20,5,7307,2022-03-10,0
2021-04-21,8,7315,2022-03-10,0
2021-04-22,3,7318,2022-03-10,0
2021-04-23,15,7333,2022-03-10,0
2021-04-24,11,7344,2022-03-10,0
2021-04-25,15,7359,2022-03-10,0
2021-04-26,15,7374,2022-03-10,0
2021-04-27,7,7381,2022-03-10,0
2021-04-28,14,7395,2022-03-10,0
2021-04-29,8,7403,2022-03-10,0
2021-04-30,11,7414,2022-03-10,0
2021-05-01,7,7421,2022-03-10,0
2021-05-02,8,7429,2022-03-10,0
2021-05-03,5,7434,2022-03-10,0
2021-05-04,13,7447,2022-03-10,0
2021-05-05,8,7455,2022-03-10,0
2021-05-06,5,7460,2022-03-10,0
2021-05-07,8,7468,2022-03-10,0
2021-05-08,7,7475,2022-03-10,0
2021-05-09,9,7484,2022-03-10,0
2021-05-10,8,7492,2022-03-10,0
2021-05-11,6,7498,2022-03-10,0
2021-05-12,9,7507,2022-03-10,0
2021-05-13,9,7516,2022-03-10,0
2021-05-14,11,7527,2022-03-10,0
2021-05-15,10,7537,2022-03-10,0
2021-05-16,6,7543,2022-03-10,0
2021-05-17,6,7549,2022-03-10,0
2021-05-18,7,7556,2022-03-10,0
2021-05-19,2,7558,2022-03-10,0
2021-05-20,5,7563,2022-03-10,0
2021-05-21,7,7570,2022-03-10,0
2021-05-22,12,7582,2022-03-10,0
2021-05-23,5,7587,2022-03-10,0
2021-05-24,5,7592,2022-03-10,0
2021-05-25,6,7598,2022-03-10,0
2021-05-26,3,7601,2022-03-10,0
2021-05-27,7,7608,2022-03-10,0
2021-05-28,2,7610,2022-03-10,0
2021-05-29,6,7616,2022-03-10,0
2021-05-30,4,7620,2022-03-10,0
2021-05-31,3,7623,2022-03-10,0
2021-06-01,5,7628,2022-03-10,0
2021-06-02,8,7636,2022-03-10,0
2021-06-03,4,7640,2022-03-10,0
2021-06-04,4,7644,2022-03-10,0
2021-06-05,2,7646,2022-03-10,0
2021-06-06,5,7651,2022-03-10,0
2021-06-07,3,7654,2022-03-10,0
2021-06-08,5,7659,2022-03-10,0
2021-06-09,4,7663,2022-03-10,0
2021-06-10,6,7669,2022-03-10,0
2021-06-11,6,7675,2022-03-10,0
2021-06-12,4,7679,2022-03-10,0
2021-06-13,4,7683,2022-03-10,0
2021-06-14,3,7686,2022-03-10,0
2021-06-15,2,7688,2022-03-10,0
2021-06-16,2,7690,2022-03-10,0
2021-06-17,4,7694,2022-03-10,0
2021-06-18,2,7696,2022-03-10,0
2021-06-19,6,7702,2022-03-10,0
2021-06-20,1,7703,2022-03-10,0
2021-06-21,5,7708,2022-03-10,0
2021-06-22,3,7711,2022-03-10,0
2021-06-23,4,7715,2022-03-10,0
2021-06-24,3,7718,2022-03-10,0
2021-06-25,3,7721,2022-03-10,0
2021-06-26,4,7725,2022-03-10,0
2021-06-27,2,7727,2022-03-10,0
2021-06-28,2,7729,2022-03-10,0
2021-06-29,2,7731,2022-03-10,0
2021-06-30,2,7733,2022-03-10,0
2021-07-01,0,7733,2022-03-10,0
2021-07-02,2,7735,2022-03-10,0
2021-07-03,2,7737,2022-03-10,0
2021-07-04,3,7740,2022-03-10,0
2021-07-05,1,7741,2022-03-10,0
2021-07-06,5,7746,2022-03-10,0
2021-07-07,1,7747,2022-03-10,0
2021-07-08,1,7748,2022-03-10,0
2021-07-09,0,7748,2022-03-10,0
2021-07-10,1,7749,2022-03-10,0
2021-07-11,3,7752,2022-03-10,0
2021-07-12,1,7753,2022-03-10,0
2021-07-13,2,7755,2022-03-10,0
2021-07-14,2,7757,2022-03-10,0
2021-07-15,2,7759,2022-03-10,0
2021-07-16,1,7760,2022-03-10,0
2021-07-17,1,7761,2022-03-10,0
2021-07-18,0,7761,2022-03-10,0
2021-07-19,0,7761,2022-03-10,0
2021-07-20,2,7763,2022-03-10,0
2021-07-21,3,7766,2022-03-10,0
2021-07-22,2,7768,2022-03-10,0
2021-07-23,3,7771,2022-03-10,0
2021-07-24,0,7771,2022-03-10,0
2021-07-25,2,7773,2022-03-10,0
2021-07-26,1,7774,2022-03-10,0
2021-07-27,2,7776,2022-03-10,0
2021-07-28,3,7779,2022-03-10,0
2021-07-29,2,7781,2022-03-10,0
2021-07-30,5,7786,2022-03-10,0
2021-07-31,4,7790,2022-03-10,0
2021-08-01,1,7791,2022-03-10,0
2021-08-02,3,7794,2022-03-10,0
2021-08-03,2,7796,2022-03-10,0
2021-08-04,3,7799,2022-03-10,0
2021-08-05,2,7801,2022-03-10,0
2021-08-06,8,7809,2022-03-10,0
2021-08-07,3,7812,2022-03-10,0
2021-08-08,3,7815,2022-03-10,0
2021-08-09,3,7818,2022-03-10,0
2021-08-10,2,7820,2022-03-10,0
2021-08-11,2,7822,2022-03-10,0
2021-08-12,7,7829,2022-03-10,0
2021-08-13,5,7834,2022-03-10,0
2021-08-14,6,7840,2022-03-10,0
2021-08-15,0,7840,2022-03-10,0
2021-08-16,7,7847,2022-03-10,0
2021-08-17,7,7854,2022-03-10,0
2021-08-18,9,7863,2022-03-10,0
2021-08-19,2,7865,2022-03-10,0
2021-08-20,3,7868,2022-03-10,0
2021-08-21,5,7873,2022-03-10,0
2021-08-22,7,7880,2022-03-10,0
2021-08-23,5,7885,2022-03-10,0
2021-08-24,12,7897,2022-03-10,0
2021-08-25,7,7904,2022-03-10,0
2021-08-26,2,7906,2022-03-10,0
2021-08-27,6,7912,2022-03-10,0
2021-08-28,11,7923,2022-03-10,0
2021-08-29,11,7934,2022-03-10,0
2021-08-30,8,7942,2022-03-10,0
2021-08-31,8,7950,2022-03-10,0
2021-09-01,6,7956,2022-03-10,0
2021-09-02,6,7962,2022-03-10,0
2021-09-03,9,7971,2022-03-10,0
2021-09-04,9,7980,2022-03-10,0
2021-09-05,10,7990,2022-03-10,0
2021-09-06,8,7998,2022-03-10,0
2021-09-07,7,8005,2022-03-10,0
2021-09-08,11,8016,2022-03-10,0
2021-09-09,5,8021,2022-03-10,0
2021-09-10,9,8030,2022-03-10,0
2021-09-11,17,8047,2022-03-10,0
2021-09-12,10,8057,2022-03-10,0
2021-09-13,8,8065,2022-03-10,0
2021-09-14,11,8076,2022-03-10,0
2021-09-15,14,8090,2022-03-10,0
2021-09-16,16,8106,2022-03-10,0
2021-09-17,8,8114,2022-03-10,0
2021-09-18,15,8129,2022-03-10,0
2021-09-19,11,8140,2022-03-10,0
2021-09-20,16,8156,2022-03-10,0
2021-09-21,16,8172,2022-03-10,0
2021-09-22,17,8189,2022-03-10,0
2021-09-23,13,8202,2022-03-10,0
2021-09-24,13,8215,2022-03-10,0
2021-09-25,16,8231,2022-03-10,0
2021-09-26,15,8246,2022-03-10,0
2021-09-27,15,8261,2022-03-10,0
2021-09-28,11,8272,2022-03-10,0
2021-09-29,21,8293,2022-03-10,0
2021-09-30,17,8310,2022-03-10,0
2021-10-01,13,8323,2022-03-10,0
2021-10-02,15,8338,2022-03-10,0
2021-10-03,23,8361,2022-03-10,0
2021-10-04,15,8376,2022-03-10,0
2021-10-05,23,8399,2022-03-10,0
2021-10-06,21,8420,2022-03-10,0
2021-10-07,14,8434,2022-03-10,0
2021-10-08,22,8456,2022-03-10,0
2021-10-09,20,8476,2022-03-10,0
2021-10-10,14,8490,2022-03-10,0
2021-10-11,11,8501,2022-03-10,0
2021-10-12,25,8526,2022-03-10,0
2021-10-13,21,8547,2022-03-10,0
2021-10-14,22,8569,2022-03-10,0
2021-10-15,14,8583,2022-03-10,0
2021-10-16,20,8603,2022-03-10,0
2021-10-17,18,8621,2022-03-10,0
2021-10-18,17,8638,2022-03-10,0
2021-10-19,26,8664,2022-03-10,0
2021-10-20,17,8681,2022-03-10,0
2021-10-21,8,8689,2022-03-10,0
2021-10-22,23,8712,2022-03-10,0
2021-10-23,24,8736,2022-03-10,0
2021-10-24,25,8761,2022-03-10,0
2021-10-25,20,8781,2022-03-10,0
2021-10-26,22,8803,2022-03-10,0
2021-10-27,16,8819,2022-03-10,0
2021-10-28,24,8843,2022-03-10,0
2021-10-29,20,8863,2022-03-10,0
2021-10-30,20,8883,2022-03-10,0
2021-10-31,27,8910,2022-03-10,0
2021-11-01,18,8928,2022-03-10,0
2021-11-02,18,8946,2022-03-10,0
2021-11-03,28,8974,2022-03-10,0
2021-11-04,28,9002,2022-03-10,0
2021-11-05,29,9031,2022-03-10,0
2021-11-06,16,9047,2022-03-10,0
2021-11-07,24,9071,2022-03-10,0
2021-11-08,28,9099,2022-03-10,0
2021-11-09,17,9116,2022-03-10,0
2021-11-10,18,9134,2022-03-10,0
2021-11-11,28,9162,2022-03-10,0
2021-11-12,29,9191,2022-03-10,0
2021-11-13,31,9222,2022-03-10,0
2021-11-14,24,9246,2022-03-10,0
2021-11-15,28,9274,2022-03-10,0
2021-11-16,25,9299,2022-03-10,0
2021-11-17,37,9336,2022-03-10,0
2021-11-18,38,9374,2022-03-10,0
2021-11-19,34,9408,2022-03-10,0
2021-11-20,30,9438,2022-03-10,0
2021-11-21,32,9470,2022-03-10,0
2021-11-22,30,9500,2022-03-10,0
2021-11-23,32,9532,2022-03-10,0
2021-11-24,25,9557,2022-03-10,0
2021-11-25,35,9592,2022-03-10,0
2021-11-26,51,9643,2022-03-10,0
2021-11-27,36,9679,2022-03-10,0
2021-11-28,39,9718,2022-03-10,0
2021-11-29,29,9747,2022-03-10,0
2021-11-30,30,9777,2022-03-10,0
2021-12-01,47,9824,2022-03-10,0
2021-12-02,40,9864,2022-03-10,0
2021-12-03,31,9895,2022-03-10,0
2021-12-04,42,9937,2022-03-10,0
2021-12-05,36,9973,2022-03-10,0
2021-12-06,35,10008,2022-03-10,0
2021-12-07,36,10044,2022-03-10,0
2021-12-08,39,10083,2022-03-10,0
2021-12-09,47,10130,2022-03-10,0
2021-12-10,34,10164,2022-03-10,0
2021-12-11,27,10191,2022-03-10,0
2021-12-12,37,10228,2022-03-10,0
2021-12-13,34,10262,2022-03-10,0
2021-12-14,35,10297,2022-03-10,0
2021-12-15,42,10339,2022-03-10,1
2021-12-16,33,10372,2022-03-10,0
2021-12-17,41,10413,2022-03-10,0
2021-12-18,33,10446,2022-03-10,0
2021-12-19,31,10477,2022-03-10,0
2021-12-20,33,10510,2022-03-10,0
2021-12-21,28,10538,2022-03-10,0
2021-12-22,29,10567,2022-03-10,0
2021-12-23,28,10595,2022-03-10,0
2021-12-24,30,10625,2022-03-10,0
2021-12-25,28,10653,2022-03-10,0
2021-12-26,42,10695,2022-03-10,0
2021-12-27,32,10727,2022-03-10,0
2021-12-28,35,10762,2022-03-10,0
2021-12-29,29,10791,2022-03-10,0
2021-12-30,19,10810,2022-03-10,0
2021-12-31,40,10850,2022-03-10,0
2022-01-01,27,10877,2022-03-10,0
2022-01-02,22,10899,2022-03-10,0
2022-01-03,23,10922,2022-03-10,0
2022-01-04,30,10952,2022-03-10,0
2022-01-05,32,10984,2022-03-10,0
2022-01-06,32,11016,2022-03-10,0
2022-01-07,28,11044,2022-03-10,0
2022-01-08,43,11087,2022-03-10,0
2022-01-09,18,11105,2022-03-10,0
2022-01-10,31,11136,2022-03-10,0
2022-01-11,18,11154,2022-03-10,0
2022-01-12,19,11173,2022-03-10,0
2022-01-13,27,11200,2022-03-10,0
2022-01-14,33,11233,2022-03-10,0
2022-01-15,26,11259,2022-03-10,0
2022-01-16,33,11292,2022-03-10,0
2022-01-17,36,11328,2022-03-10,0
2022-01-18,26,11354,2022-03-10,0
2022-01-19,29,11383,2022-03-10,0
2022-01-20,30,11413,2022-03-10,0
2022-01-21,27,11440,2022-03-10,0
2022-01-22,28,11468,2022-03-10,0
2022-01-23,22,11490,2022-03-10,0
2022-01-24,37,11527,2022-03-10,0
2022-01-25,33,11560,2022-03-10,0
2022-01-26,35,11595,2022-03-10,0
2022-01-27,37,11632,2022-03-10,0
2022-01-28,31,11663,2022-03-10,0
2022-01-29,28,11691,2022-03-10,0
2022-01-30,27,11718,2022-03-10,0
2022-01-31,18,11736,2022-03-10,0
2022-02-01,24,11760,2022-03-10,0
2022-02-02,22,11782,2022-03-10,0
2022-02-03,30,11812,2022-03-10,0
2022-02-04,20,11832,2022-03-10,0
2022-02-05,27,11859,2022-03-10,0
2022-02-06,27,11886,2022-03-10,0
2022-02-07,16,11902,2022-03-10,0
2022-02-08,27,11929,2022-03-10,0
2022-02-09,25,11954,2022-03-10,0
2022-02-10,21,11975,2022-03-10,0
2022-02-11,19,11994,2022-03-10,0
2022-02-12,16,12010,2022-03-10,0
2022-02-13,19,12029,2022-03-10,0
2022-02-14,15,12044,2022-03-10,0
2022-02-15,20,12064,2022-03-10,0
2022-02-16,13,12077,2022-03-10,1
2022-02-17,15,12092,2022-03-10,1
2022-02-18,13,12105,2022-03-10,0
2022-02-19,20,12125,2022-03-10,0
2022-02-20,15,12140,2022-03-10,0
2022-02-21,5,12145,2022-03-10,0
2022-02-22,12,12157,2022-03-10,0
2022-02-23,9,12166,2022-03-10,0
2022-02-24,25,12191,2022-03-10,1
2022-02-25,9,12200,2022-03-10,2
2022-02-26,9,12209,2022-03-10,0
2022-02-27,9,12218,2022-03-10,1
2022-02-28,7,12225,2022-03-10,0
2022-03-01,4,12229,2022-03-10,0
2022-03-02,8,12237,2022-03-10,2
2022-03-03,6,12243,2022-03-10,2
2022-03-04,6,12249,2022-03-10,3
2022-03-05,4,12253,2022-03-10,3
2022-03-06,2,12255,2022-03-10,0
NA,0,12255,2022-03-10,0
2020-03-19,1,1,2022-03-11,0
2020-03-20,0,1,2022-03-11,0
2020-03-21,0,1,2022-03-11,0
2020-03-22,0,1,2022-03-11,0
2020-03-23,0,1,2022-03-11,0
2020-03-24,1,2,2022-03-11,0
2020-03-25,1,3,2022-03-11,0
2020-03-26,1,4,2022-03-11,0
2020-03-27,5,9,2022-03-11,0
2020-03-28,3,12,2022-03-11,0
2020-03-29,0,12,2022-03-11,0
2020-03-30,5,17,2022-03-11,0
2020-03-31,2,19,2022-03-11,0
2020-04-01,5,24,2022-03-11,0
2020-04-02,3,27,2022-03-11,0
2020-04-03,1,28,2022-03-11,0
2020-04-04,5,33,2022-03-11,0
2020-04-05,5,38,2022-03-11,0
2020-04-06,10,48,2022-03-11,0
2020-04-07,6,54,2022-03-11,0
2020-04-08,7,61,2022-03-11,0
2020-04-09,8,69,2022-03-11,0
2020-04-10,6,75,2022-03-11,0
2020-04-11,4,79,2022-03-11,0
2020-04-12,4,83,2022-03-11,0
2020-04-13,10,93,2022-03-11,0
2020-04-14,6,99,2022-03-11,0
2020-04-15,17,116,2022-03-11,0
2020-04-16,10,126,2022-03-11,0
2020-04-17,17,143,2022-03-11,0
2020-04-18,17,160,2022-03-11,0
2020-04-19,16,176,2022-03-11,0
2020-04-20,21,197,2022-03-11,0
2020-04-21,26,223,2022-03-11,0
2020-04-22,21,244,2022-03-11,0
2020-04-23,19,263,2022-03-11,0
2020-04-24,23,286,2022-03-11,0
2020-04-25,18,304,2022-03-11,0
2020-04-26,17,321,2022-03-11,0
2020-04-27,21,342,2022-03-11,0
2020-04-28,16,358,2022-03-11,0
2020-04-29,29,387,2022-03-11,0
2020-04-30,18,405,2022-03-11,0
2020-05-01,30,435,2022-03-11,0
2020-05-02,19,454,2022-03-11,0
2020-05-03,29,483,2022-03-11,0
2020-05-04,23,506,2022-03-11,0
2020-05-05,19,525,2022-03-11,0
2020-05-06,25,550,2022-03-11,0
2020-05-07,30,580,2022-03-11,0
2020-05-08,20,600,2022-03-11,0
2020-05-09,26,626,2022-03-11,0
2020-05-10,19,645,2022-03-11,0
2020-05-11,25,670,2022-03-11,0
2020-05-12,20,690,2022-03-11,0
2020-05-13,22,712,2022-03-11,0
2020-05-14,20,732,2022-03-11,0
2020-05-15,20,752,2022-03-11,0
2020-05-16,20,772,2022-03-11,0
2020-05-17,23,795,2022-03-11,0
2020-05-18,18,813,2022-03-11,0
2020-05-19,35,848,2022-03-11,0
2020-05-20,24,872,2022-03-11,0
2020-05-21,17,889,2022-03-11,0
2020-05-22,20,909,2022-03-11,0
2020-05-23,26,935,2022-03-11,0
2020-05-24,25,960,2022-03-11,0
2020-05-25,30,990,2022-03-11,0
2020-05-26,29,1019,2022-03-11,0
2020-05-27,25,1044,2022-03-11,0
2020-05-28,21,1065,2022-03-11,0
2020-05-29,17,1082,2022-03-11,0
2020-05-30,10,1092,2022-03-11,-1
2020-05-31,20,1112,2022-03-11,0
2020-06-01,23,1135,2022-03-11,0
2020-06-02,21,1156,2022-03-11,0
2020-06-03,25,1181,2022-03-11,0
2020-06-04,26,1207,2022-03-11,0
2020-06-05,18,1225,2022-03-11,0
2020-06-06,12,1237,2022-03-11,0
2020-06-07,22,1259,2022-03-11,0
2020-06-08,12,1271,2022-03-11,0
2020-06-09,13,1284,2022-03-11,0
2020-06-10,10,1294,2022-03-11,0
2020-06-11,12,1306,2022-03-11,0
2020-06-12,11,1317,2022-03-11,0
2020-06-13,13,1330,2022-03-11,0
2020-06-14,11,1341,2022-03-11,0
2020-06-15,8,1349,2022-03-11,0
2020-06-16,9,1358,2022-03-11,0
2020-06-17,17,1375,2022-03-11,0
2020-06-18,9,1384,2022-03-11,0
2020-06-19,8,1392,2022-03-11,0
2020-06-20,12,1404,2022-03-11,0
2020-06-21,11,1415,2022-03-11,0
2020-06-22,6,1421,2022-03-11,0
2020-06-23,10,1431,2022-03-11,0
2020-06-24,1,1432,2022-03-11,0
2020-06-25,9,1441,2022-03-11,0
2020-06-26,6,1447,2022-03-11,0
2020-06-27,5,1452,2022-03-11,0
2020-06-28,11,1463,2022-03-11,0
2020-06-29,7,1470,2022-03-11,0
2020-06-30,9,1479,2022-03-11,0
2020-07-01,2,1481,2022-03-11,0
2020-07-02,3,1484,2022-03-11,0
2020-07-03,5,1489,2022-03-11,0
2020-07-04,4,1493,2022-03-11,0
2020-07-05,6,1499,2022-03-11,0
2020-07-06,4,1503,2022-03-11,0
2020-07-07,2,1505,2022-03-11,0
2020-07-08,9,1514,2022-03-11,0
2020-07-09,4,1518,2022-03-11,0
2020-07-10,3,1521,2022-03-11,0
2020-07-11,4,1525,2022-03-11,0
2020-07-12,6,1531,2022-03-11,0
2020-07-13,2,1533,2022-03-11,0
2020-07-14,6,1539,2022-03-11,0
2020-07-15,7,1546,2022-03-11,0
2020-07-16,3,1549,2022-03-11,0
2020-07-17,7,1556,2022-03-11,0
2020-07-18,6,1562,2022-03-11,0
2020-07-19,5,1567,2022-03-11,0
2020-07-20,3,1570,2022-03-11,0
2020-07-21,6,1576,2022-03-11,0
2020-07-22,5,1581,2022-03-11,0
2020-07-23,8,1589,2022-03-11,0
2020-07-24,6,1595,2022-03-11,0
2020-07-25,2,1597,2022-03-11,0
2020-07-26,5,1602,2022-03-11,0
2020-07-27,5,1607,2022-03-11,0
2020-07-28,7,1614,2022-03-11,0
2020-07-29,3,1617,2022-03-11,0
2020-07-30,6,1623,2022-03-11,0
2020-07-31,9,1632,2022-03-11,0
2020-08-01,4,1636,2022-03-11,0
2020-08-02,7,1643,2022-03-11,0
2020-08-03,4,1647,2022-03-11,0
2020-08-04,7,1654,2022-03-11,0
2020-08-05,8,1662,2022-03-11,0
2020-08-06,9,1671,2022-03-11,0
2020-08-07,7,1678,2022-03-11,0
2020-08-08,6,1684,2022-03-11,0
2020-08-09,10,1694,2022-03-11,0
2020-08-10,3,1697,2022-03-11,0
2020-08-11,9,1706,2022-03-11,0
2020-08-12,7,1713,2022-03-11,0
2020-08-13,5,1718,2022-03-11,0
2020-08-14,9,1727,2022-03-11,0
2020-08-15,13,1740,2022-03-11,0
2020-08-16,13,1753,2022-03-11,0
2020-08-17,6,1759,2022-03-11,0
2020-08-18,11,1770,2022-03-11,0
2020-08-19,3,1773,2022-03-11,0
2020-08-20,10,1783,2022-03-11,0
2020-08-21,12,1795,2022-03-11,0
2020-08-22,9,1804,2022-03-11,0
2020-08-23,7,1811,2022-03-11,0
2020-08-24,9,1820,2022-03-11,0
2020-08-25,4,1824,2022-03-11,0
2020-08-26,3,1827,2022-03-11,0
2020-08-27,7,1834,2022-03-11,0
2020-08-28,6,1840,2022-03-11,0
2020-08-29,3,1843,2022-03-11,0
2020-08-30,5,1848,2022-03-11,0
2020-08-31,9,1857,2022-03-11,0
2020-09-01,2,1859,2022-03-11,0
2020-09-02,7,1866,2022-03-11,0
2020-09-03,12,1878,2022-03-11,0
2020-09-04,4,1882,2022-03-11,0
2020-09-05,6,1888,2022-03-11,0
2020-09-06,12,1900,2022-03-11,0
2020-09-07,3,1903,2022-03-11,0
2020-09-08,6,1909,2022-03-11,0
2020-09-09,10,1919,2022-03-11,0
2020-09-10,9,1928,2022-03-11,0
2020-09-11,11,1939,2022-03-11,0
2020-09-12,8,1947,2022-03-11,0
2020-09-13,8,1955,2022-03-11,0
2020-09-14,2,1957,2022-03-11,0
2020-09-15,7,1964,2022-03-11,0
2020-09-16,9,1973,2022-03-11,0
2020-09-17,5,1978,2022-03-11,0
2020-09-18,6,1984,2022-03-11,0
2020-09-19,4,1988,2022-03-11,0
2020-09-20,9,1997,2022-03-11,0
2020-09-21,7,2004,2022-03-11,0
2020-09-22,8,2012,2022-03-11,0
2020-09-23,9,2021,2022-03-11,0
2020-09-24,8,2029,2022-03-11,0
2020-09-25,11,2040,2022-03-11,0
2020-09-26,9,2049,2022-03-11,0
2020-09-27,14,2063,2022-03-11,0
2020-09-28,11,2074,2022-03-11,0
2020-09-29,5,2079,2022-03-11,0
2020-09-30,16,2095,2022-03-11,0
2020-10-01,7,2102,2022-03-11,0
2020-10-02,13,2115,2022-03-11,0
2020-10-03,9,2124,2022-03-11,0
2020-10-04,7,2131,2022-03-11,0
2020-10-05,10,2141,2022-03-11,0
2020-10-06,13,2154,2022-03-11,0
2020-10-07,19,2173,2022-03-11,0
2020-10-08,9,2182,2022-03-11,0
2020-10-09,17,2199,2022-03-11,0
2020-10-10,16,2215,2022-03-11,0
2020-10-11,16,2231,2022-03-11,0
2020-10-12,20,2251,2022-03-11,0
2020-10-13,14,2265,2022-03-11,0
2020-10-14,10,2275,2022-03-11,0
2020-10-15,9,2284,2022-03-11,0
2020-10-16,12,2296,2022-03-11,0
2020-10-17,18,2314,2022-03-11,0
2020-10-18,25,2339,2022-03-11,0
2020-10-19,18,2357,2022-03-11,0
2020-10-20,15,2372,2022-03-11,0
2020-10-21,24,2396,2022-03-11,0
2020-10-22,18,2414,2022-03-11,0
2020-10-23,19,2433,2022-03-11,0
2020-10-24,8,2441,2022-03-11,0
2020-10-25,17,2458,2022-03-11,0
2020-10-26,25,2483,2022-03-11,0
2020-10-27,23,2506,2022-03-11,0
2020-10-28,29,2535,2022-03-11,0
2020-10-29,18,2553,2022-03-11,0
2020-10-30,27,2580,2022-03-11,0
2020-10-31,25,2605,2022-03-11,0
2020-11-01,21,2626,2022-03-11,0
2020-11-02,25,2651,2022-03-11,0
2020-11-03,25,2676,2022-03-11,0
2020-11-04,33,2709,2022-03-11,0
2020-11-05,38,2747,2022-03-11,0
2020-11-06,39,2786,2022-03-11,0
2020-11-07,42,2828,2022-03-11,0
2020-11-08,47,2875,2022-03-11,0
2020-11-09,37,2912,2022-03-11,0
2020-11-10,35,2947,2022-03-11,0
2020-11-11,43,2990,2022-03-11,0
2020-11-12,45,3035,2022-03-11,0
2020-11-13,40,3075,2022-03-11,0
2020-11-14,48,3123,2022-03-11,0
2020-11-15,46,3169,2022-03-11,0
2020-11-16,62,3231,2022-03-11,0
2020-11-17,56,3287,2022-03-11,0
2020-11-18,61,3348,2022-03-11,0
2020-11-19,60,3408,2022-03-11,0
2020-11-20,63,3471,2022-03-11,0
2020-11-21,58,3529,2022-03-11,0
2020-11-22,67,3596,2022-03-11,0
2020-11-23,59,3655,2022-03-11,0
2020-11-24,69,3724,2022-03-11,0
2020-11-25,72,3796,2022-03-11,0
2020-11-26,54,3850,2022-03-11,0
2020-11-27,69,3919,2022-03-11,0
2020-11-28,62,3981,2022-03-11,0
2020-11-29,68,4049,2022-03-11,0
2020-11-30,62,4111,2022-03-11,0
2020-12-01,64,4175,2022-03-11,0
2020-12-02,73,4248,2022-03-11,0
2020-12-03,86,4334,2022-03-11,0
2020-12-04,67,4401,2022-03-11,0
2020-12-05,74,4475,2022-03-11,0
2020-12-06,80,4555,2022-03-11,0
2020-12-07,75,4630,2022-03-11,0
2020-12-08,61,4691,2022-03-11,0
2020-12-09,71,4762,2022-03-11,0
2020-12-10,72,4834,2022-03-11,0
2020-12-11,71,4905,2022-03-11,0
2020-12-12,72,4977,2022-03-11,0
2020-12-13,56,5033,2022-03-11,0
2020-12-14,43,5076,2022-03-11,0
2020-12-15,65,5141,2022-03-11,0
2020-12-16,74,5215,2022-03-11,0
2020-12-17,60,5275,2022-03-11,0
2020-12-18,59,5334,2022-03-11,0
2020-12-19,56,5390,2022-03-11,0
2020-12-20,61,5451,2022-03-11,0
2020-12-21,58,5509,2022-03-11,0
2020-12-22,33,5542,2022-03-11,0
2020-12-23,46,5588,2022-03-11,0
2020-12-24,51,5639,2022-03-11,0
2020-12-25,36,5675,2022-03-11,0
2020-12-26,43,5718,2022-03-11,0
2020-12-27,41,5759,2022-03-11,0
2020-12-28,34,5793,2022-03-11,0
2020-12-29,37,5830,2022-03-11,0
2020-12-30,47,5877,2022-03-11,0
2020-12-31,36,5913,2022-03-11,0
2021-01-01,28,5941,2022-03-11,0
2021-01-02,49,5990,2022-03-11,0
2021-01-03,37,6027,2022-03-11,0
2021-01-04,32,6059,2022-03-11,0
2021-01-05,40,6099,2022-03-11,0
2021-01-06,32,6131,2022-03-11,0
2021-01-07,38,6169,2022-03-11,0
2021-01-08,32,6201,2022-03-11,0
2021-01-09,26,6227,2022-03-11,0
2021-01-10,30,6257,2022-03-11,0
2021-01-11,27,6284,2022-03-11,0
2021-01-12,32,6316,2022-03-11,0
2021-01-13,23,6339,2022-03-11,0
2021-01-14,42,6381,2022-03-11,0
2021-01-15,26,6407,2022-03-11,0
2021-01-16,30,6437,2022-03-11,0
2021-01-17,21,6458,2022-03-11,0
2021-01-18,19,6477,2022-03-11,0
2021-01-19,14,6491,2022-03-11,0
2021-01-20,26,6517,2022-03-11,0
2021-01-21,16,6533,2022-03-11,0
2021-01-22,14,6547,2022-03-11,0
2021-01-23,17,6564,2022-03-11,0
2021-01-24,24,6588,2022-03-11,0
2021-01-25,19,6607,2022-03-11,0
2021-01-26,21,6628,2022-03-11,0
2021-01-27,11,6639,2022-03-11,0
2021-01-28,12,6651,2022-03-11,0
2021-01-29,15,6666,2022-03-11,0
2021-01-30,13,6679,2022-03-11,0
2021-01-31,17,6696,2022-03-11,0
2021-02-01,17,6713,2022-03-11,0
2021-02-02,10,6723,2022-03-11,0
2021-02-03,11,6734,2022-03-11,0
2021-02-04,11,6745,2022-03-11,0
2021-02-05,13,6758,2022-03-11,0
2021-02-06,12,6770,2022-03-11,0
2021-02-07,19,6789,2022-03-11,0
2021-02-08,11,6800,2022-03-11,0
2021-02-09,15,6815,2022-03-11,0
2021-02-10,14,6829,2022-03-11,0
2021-02-11,7,6836,2022-03-11,0
2021-02-12,14,6850,2022-03-11,0
2021-02-13,8,6858,2022-03-11,0
2021-02-14,10,6868,2022-03-11,0
2021-02-15,9,6877,2022-03-11,0
2021-02-16,12,6889,2022-03-11,0
2021-02-17,10,6899,2022-03-11,0
2021-02-18,7,6906,2022-03-11,0
2021-02-19,6,6912,2022-03-11,0
2021-02-20,7,6919,2022-03-11,0
2021-02-21,4,6923,2022-03-11,0
2021-02-22,5,6928,2022-03-11,0
2021-02-23,9,6937,2022-03-11,0
2021-02-24,5,6942,2022-03-11,0
2021-02-25,5,6947,2022-03-11,0
2021-02-26,7,6954,2022-03-11,0
2021-02-27,6,6960,2022-03-11,0
2021-02-28,8,6968,2022-03-11,0
2021-03-01,7,6975,2022-03-11,0
2021-03-02,3,6978,2022-03-11,0
2021-03-03,10,6988,2022-03-11,0
2021-03-04,6,6994,2022-03-11,0
2021-03-05,10,7004,2022-03-11,0
2021-03-06,5,7009,2022-03-11,0
2021-03-07,9,7018,2022-03-11,0
2021-03-08,5,7023,2022-03-11,0
2021-03-09,7,7030,2022-03-11,0
2021-03-10,5,7035,2022-03-11,0
2021-03-11,4,7039,2022-03-11,0
2021-03-12,11,7050,2022-03-11,0
2021-03-13,5,7055,2022-03-11,0
2021-03-14,5,7060,2022-03-11,0
2021-03-15,2,7062,2022-03-11,0
2021-03-16,6,7068,2022-03-11,0
2021-03-17,4,7072,2022-03-11,0
2021-03-18,5,7077,2022-03-11,0
2021-03-19,5,7082,2022-03-11,0
2021-03-20,9,7091,2022-03-11,0
2021-03-21,5,7096,2022-03-11,0
2021-03-22,4,7100,2022-03-11,0
2021-03-23,5,7105,2022-03-11,0
2021-03-24,1,7106,2022-03-11,0
2021-03-25,5,7111,2022-03-11,0
2021-03-26,3,7114,2022-03-11,0
2021-03-27,7,7121,2022-03-11,0
2021-03-28,6,7127,2022-03-11,0
2021-03-29,5,7132,2022-03-11,0
2021-03-30,6,7138,2022-03-11,0
2021-03-31,8,7146,2022-03-11,0
2021-04-01,6,7152,2022-03-11,0
2021-04-02,9,7161,2022-03-11,0
2021-04-03,8,7169,2022-03-11,0
2021-04-04,6,7175,2022-03-11,0
2021-04-05,8,7183,2022-03-11,0
2021-04-06,7,7190,2022-03-11,0
2021-04-07,6,7196,2022-03-11,0
2021-04-08,10,7206,2022-03-11,0
2021-04-09,7,7213,2022-03-11,0
2021-04-10,7,7220,2022-03-11,0
2021-04-11,8,7228,2022-03-11,0
2021-04-12,10,7238,2022-03-11,0
2021-04-13,7,7245,2022-03-11,0
2021-04-14,8,7253,2022-03-11,0
2021-04-15,14,7267,2022-03-11,0
2021-04-16,8,7275,2022-03-11,0
2021-04-17,8,7283,2022-03-11,0
2021-04-18,8,7291,2022-03-11,0
2021-04-19,10,7301,2022-03-11,0
2021-04-20,5,7306,2022-03-11,0
2021-04-21,8,7314,2022-03-11,0
2021-04-22,3,7317,2022-03-11,0
2021-04-23,15,7332,2022-03-11,0
2021-04-24,11,7343,2022-03-11,0
2021-04-25,15,7358,2022-03-11,0
2021-04-26,15,7373,2022-03-11,0
2021-04-27,7,7380,2022-03-11,0
2021-04-28,14,7394,2022-03-11,0
2021-04-29,8,7402,2022-03-11,0
2021-04-30,11,7413,2022-03-11,0
2021-05-01,7,7420,2022-03-11,0
2021-05-02,8,7428,2022-03-11,0
2021-05-03,5,7433,2022-03-11,0
2021-05-04,13,7446,2022-03-11,0
2021-05-05,8,7454,2022-03-11,0
2021-05-06,5,7459,2022-03-11,0
2021-05-07,8,7467,2022-03-11,0
2021-05-08,7,7474,2022-03-11,0
2021-05-09,9,7483,2022-03-11,0
2021-05-10,8,7491,2022-03-11,0
2021-05-11,6,7497,2022-03-11,0
2021-05-12,9,7506,2022-03-11,0
2021-05-13,9,7515,2022-03-11,0
2021-05-14,11,7526,2022-03-11,0
2021-05-15,10,7536,2022-03-11,0
2021-05-16,6,7542,2022-03-11,0
2021-05-17,6,7548,2022-03-11,0
2021-05-18,7,7555,2022-03-11,0
2021-05-19,2,7557,2022-03-11,0
2021-05-20,5,7562,2022-03-11,0
2021-05-21,7,7569,2022-03-11,0
2021-05-22,12,7581,2022-03-11,0
2021-05-23,5,7586,2022-03-11,0
2021-05-24,5,7591,2022-03-11,0
2021-05-25,6,7597,2022-03-11,0
2021-05-26,3,7600,2022-03-11,0
2021-05-27,7,7607,2022-03-11,0
2021-05-28,2,7609,2022-03-11,0
2021-05-29,6,7615,2022-03-11,0
2021-05-30,4,7619,2022-03-11,0
2021-05-31,3,7622,2022-03-11,0
2021-06-01,5,7627,2022-03-11,0
2021-06-02,8,7635,2022-03-11,0
2021-06-03,4,7639,2022-03-11,0
2021-06-04,4,7643,2022-03-11,0
2021-06-05,2,7645,2022-03-11,0
2021-06-06,5,7650,2022-03-11,0
2021-06-07,3,7653,2022-03-11,0
2021-06-08,5,7658,2022-03-11,0
2021-06-09,4,7662,2022-03-11,0
2021-06-10,6,7668,2022-03-11,0
2021-06-11,6,7674,2022-03-11,0
2021-06-12,4,7678,2022-03-11,0
2021-06-13,4,7682,2022-03-11,0
2021-06-14,3,7685,2022-03-11,0
2021-06-15,2,7687,2022-03-11,0
2021-06-16,2,7689,2022-03-11,0
2021-06-17,4,7693,2022-03-11,0
2021-06-18,2,7695,2022-03-11,0
2021-06-19,6,7701,2022-03-11,0
2021-06-20,1,7702,2022-03-11,0
2021-06-21,5,7707,2022-03-11,0
2021-06-22,3,7710,2022-03-11,0
2021-06-23,4,7714,2022-03-11,0
2021-06-24,3,7717,2022-03-11,0
2021-06-25,3,7720,2022-03-11,0
2021-06-26,4,7724,2022-03-11,0
2021-06-27,2,7726,2022-03-11,0
2021-06-28,2,7728,2022-03-11,0
2021-06-29,2,7730,2022-03-11,0
2021-06-30,2,7732,2022-03-11,0
2021-07-01,0,7732,2022-03-11,0
2021-07-02,2,7734,2022-03-11,0
2021-07-03,2,7736,2022-03-11,0
2021-07-04,3,7739,2022-03-11,0
2021-07-05,1,7740,2022-03-11,0
2021-07-06,5,7745,2022-03-11,0
2021-07-07,1,7746,2022-03-11,0
2021-07-08,1,7747,2022-03-11,0
2021-07-09,0,7747,2022-03-11,0
2021-07-10,1,7748,2022-03-11,0
2021-07-11,3,7751,2022-03-11,0
2021-07-12,1,7752,2022-03-11,0
2021-07-13,2,7754,2022-03-11,0
2021-07-14,2,7756,2022-03-11,0
2021-07-15,2,7758,2022-03-11,0
2021-07-16,1,7759,2022-03-11,0
2021-07-17,1,7760,2022-03-11,0
2021-07-18,0,7760,2022-03-11,0
2021-07-19,0,7760,2022-03-11,0
2021-07-20,2,7762,2022-03-11,0
2021-07-21,3,7765,2022-03-11,0
2021-07-22,2,7767,2022-03-11,0
2021-07-23,3,7770,2022-03-11,0
2021-07-24,0,7770,2022-03-11,0
2021-07-25,2,7772,2022-03-11,0
2021-07-26,1,7773,2022-03-11,0
2021-07-27,2,7775,2022-03-11,0
2021-07-28,3,7778,2022-03-11,0
2021-07-29,2,7780,2022-03-11,0
2021-07-30,5,7785,2022-03-11,0
2021-07-31,4,7789,2022-03-11,0
2021-08-01,1,7790,2022-03-11,0
2021-08-02,3,7793,2022-03-11,0
2021-08-03,2,7795,2022-03-11,0
2021-08-04,3,7798,2022-03-11,0
2021-08-05,2,7800,2022-03-11,0
2021-08-06,8,7808,2022-03-11,0
2021-08-07,3,7811,2022-03-11,0
2021-08-08,3,7814,2022-03-11,0
2021-08-09,3,7817,2022-03-11,0
2021-08-10,2,7819,2022-03-11,0
2021-08-11,2,7821,2022-03-11,0
2021-08-12,7,7828,2022-03-11,0
2021-08-13,5,7833,2022-03-11,0
2021-08-14,6,7839,2022-03-11,0
2021-08-15,0,7839,2022-03-11,0
2021-08-16,7,7846,2022-03-11,0
2021-08-17,7,7853,2022-03-11,0
2021-08-18,9,7862,2022-03-11,0
2021-08-19,2,7864,2022-03-11,0
2021-08-20,3,7867,2022-03-11,0
2021-08-21,5,7872,2022-03-11,0
2021-08-22,7,7879,2022-03-11,0
2021-08-23,5,7884,2022-03-11,0
2021-08-24,12,7896,2022-03-11,0
2021-08-25,7,7903,2022-03-11,0
2021-08-26,2,7905,2022-03-11,0
2021-08-27,6,7911,2022-03-11,0
2021-08-28,11,7922,2022-03-11,0
2021-08-29,11,7933,2022-03-11,0
2021-08-30,8,7941,2022-03-11,0
2021-08-31,8,7949,2022-03-11,0
2021-09-01,6,7955,2022-03-11,0
2021-09-02,6,7961,2022-03-11,0
2021-09-03,9,7970,2022-03-11,0
2021-09-04,9,7979,2022-03-11,0
2021-09-05,10,7989,2022-03-11,0
2021-09-06,8,7997,2022-03-11,0
2021-09-07,7,8004,2022-03-11,0
2021-09-08,11,8015,2022-03-11,0
2021-09-09,5,8020,2022-03-11,0
2021-09-10,9,8029,2022-03-11,0
2021-09-11,17,8046,2022-03-11,0
2021-09-12,10,8056,2022-03-11,0
2021-09-13,8,8064,2022-03-11,0
2021-09-14,11,8075,2022-03-11,0
2021-09-15,14,8089,2022-03-11,0
2021-09-16,16,8105,2022-03-11,0
2021-09-17,8,8113,2022-03-11,0
2021-09-18,15,8128,2022-03-11,0
2021-09-19,11,8139,2022-03-11,0
2021-09-20,16,8155,2022-03-11,0
2021-09-21,16,8171,2022-03-11,0
2021-09-22,17,8188,2022-03-11,0
2021-09-23,13,8201,2022-03-11,0
2021-09-24,13,8214,2022-03-11,0
2021-09-25,16,8230,2022-03-11,0
2021-09-26,15,8245,2022-03-11,0
2021-09-27,15,8260,2022-03-11,0
2021-09-28,11,8271,2022-03-11,0
2021-09-29,21,8292,2022-03-11,0
2021-09-30,17,8309,2022-03-11,0
2021-10-01,13,8322,2022-03-11,0
2021-10-02,15,8337,2022-03-11,0
2021-10-03,23,8360,2022-03-11,0
2021-10-04,15,8375,2022-03-11,0
2021-10-05,23,8398,2022-03-11,0
2021-10-06,21,8419,2022-03-11,0
2021-10-07,14,8433,2022-03-11,0
2021-10-08,22,8455,2022-03-11,0
2021-10-09,20,8475,2022-03-11,0
2021-10-10,14,8489,2022-03-11,0
2021-10-11,11,8500,2022-03-11,0
2021-10-12,25,8525,2022-03-11,0
2021-10-13,21,8546,2022-03-11,0
2021-10-14,22,8568,2022-03-11,0
2021-10-15,14,8582,2022-03-11,0
2021-10-16,20,8602,2022-03-11,0
2021-10-17,18,8620,2022-03-11,0
2021-10-18,17,8637,2022-03-11,0
2021-10-19,26,8663,2022-03-11,0
2021-10-20,17,8680,2022-03-11,0
2021-10-21,8,8688,2022-03-11,0
2021-10-22,23,8711,2022-03-11,0
2021-10-23,24,8735,2022-03-11,0
2021-10-24,25,8760,2022-03-11,0
2021-10-25,20,8780,2022-03-11,0
2021-10-26,22,8802,2022-03-11,0
2021-10-27,16,8818,2022-03-11,0
2021-10-28,24,8842,2022-03-11,0
2021-10-29,20,8862,2022-03-11,0
2021-10-30,20,8882,2022-03-11,0
2021-10-31,27,8909,2022-03-11,0
2021-11-01,18,8927,2022-03-11,0
2021-11-02,18,8945,2022-03-11,0
2021-11-03,28,8973,2022-03-11,0
2021-11-04,28,9001,2022-03-11,0
2021-11-05,29,9030,2022-03-11,0
2021-11-06,16,9046,2022-03-11,0
2021-11-07,24,9070,2022-03-11,0
2021-11-08,28,9098,2022-03-11,0
2021-11-09,17,9115,2022-03-11,0
2021-11-10,18,9133,2022-03-11,0
2021-11-11,28,9161,2022-03-11,0
2021-11-12,29,9190,2022-03-11,0
2021-11-13,31,9221,2022-03-11,0
2021-11-14,24,9245,2022-03-11,0
2021-11-15,28,9273,2022-03-11,0
2021-11-16,25,9298,2022-03-11,0
2021-11-17,37,9335,2022-03-11,0
2021-11-18,38,9373,2022-03-11,0
2021-11-19,34,9407,2022-03-11,0
2021-11-20,30,9437,2022-03-11,0
2021-11-21,32,9469,2022-03-11,0
2021-11-22,30,9499,2022-03-11,0
2021-11-23,32,9531,2022-03-11,0
2021-11-24,25,9556,2022-03-11,0
2021-11-25,35,9591,2022-03-11,0
2021-11-26,51,9642,2022-03-11,0
2021-11-27,36,9678,2022-03-11,0
2021-11-28,39,9717,2022-03-11,0
2021-11-29,29,9746,2022-03-11,0
2021-11-30,30,9776,2022-03-11,0
2021-12-01,47,9823,2022-03-11,0
2021-12-02,40,9863,2022-03-11,0
2021-12-03,31,9894,2022-03-11,0
2021-12-04,42,9936,2022-03-11,0
2021-12-05,36,9972,2022-03-11,0
2021-12-06,35,10007,2022-03-11,0
2021-12-07,36,10043,2022-03-11,0
2021-12-08,39,10082,2022-03-11,0
2021-12-09,47,10129,2022-03-11,0
2021-12-10,34,10163,2022-03-11,0
2021-12-11,27,10190,2022-03-11,0
2021-12-12,37,10227,2022-03-11,0
2021-12-13,34,10261,2022-03-11,0
2021-12-14,35,10296,2022-03-11,0
2021-12-15,42,10338,2022-03-11,0
2021-12-16,33,10371,2022-03-11,0
2021-12-17,41,10412,2022-03-11,0
2021-12-18,33,10445,2022-03-11,0
2021-12-19,31,10476,2022-03-11,0
2021-12-20,33,10509,2022-03-11,0
2021-12-21,28,10537,2022-03-11,0
2021-12-22,29,10566,2022-03-11,0
2021-12-23,28,10594,2022-03-11,0
2021-12-24,30,10624,2022-03-11,0
2021-12-25,28,10652,2022-03-11,0
2021-12-26,42,10694,2022-03-11,0
2021-12-27,32,10726,2022-03-11,0
2021-12-28,35,10761,2022-03-11,0
2021-12-29,29,10790,2022-03-11,0
2021-12-30,19,10809,2022-03-11,0
2021-12-31,40,10849,2022-03-11,0
2022-01-01,27,10876,2022-03-11,0
2022-01-02,22,10898,2022-03-11,0
2022-01-03,23,10921,2022-03-11,0
2022-01-04,30,10951,2022-03-11,0
2022-01-05,32,10983,2022-03-11,0
2022-01-06,32,11015,2022-03-11,0
2022-01-07,28,11043,2022-03-11,0
2022-01-08,43,11086,2022-03-11,0
2022-01-09,18,11104,2022-03-11,0
2022-01-10,31,11135,2022-03-11,0
2022-01-11,18,11153,2022-03-11,0
2022-01-12,19,11172,2022-03-11,0
2022-01-13,27,11199,2022-03-11,0
2022-01-14,33,11232,2022-03-11,0
2022-01-15,26,11258,2022-03-11,0
2022-01-16,33,11291,2022-03-11,0
2022-01-17,36,11327,2022-03-11,0
2022-01-18,26,11353,2022-03-11,0
2022-01-19,29,11382,2022-03-11,0
2022-01-20,30,11412,2022-03-11,0
2022-01-21,27,11439,2022-03-11,0
2022-01-22,29,11468,2022-03-11,1
2022-01-23,22,11490,2022-03-11,0
2022-01-24,37,11527,2022-03-11,0
2022-01-25,33,11560,2022-03-11,0
2022-01-26,35,11595,2022-03-11,0
2022-01-27,37,11632,2022-03-11,0
2022-01-28,31,11663,2022-03-11,0
2022-01-29,29,11692,2022-03-11,1
2022-01-30,27,11719,2022-03-11,0
2022-01-31,18,11737,2022-03-11,0
2022-02-01,24,11761,2022-03-11,0
2022-02-02,22,11783,2022-03-11,0
2022-02-03,30,11813,2022-03-11,0
2022-02-04,20,11833,2022-03-11,0
2022-02-05,27,11860,2022-03-11,0
2022-02-06,27,11887,2022-03-11,0
2022-02-07,16,11903,2022-03-11,0
2022-02-08,27,11930,2022-03-11,0
2022-02-09,25,11955,2022-03-11,0
2022-02-10,21,11976,2022-03-11,0
2022-02-11,19,11995,2022-03-11,0
2022-02-12,16,12011,2022-03-11,0
2022-02-13,19,12030,2022-03-11,0
2022-02-14,16,12046,2022-03-11,1
2022-02-15,20,12066,2022-03-11,0
2022-02-16,13,12079,2022-03-11,0
2022-02-17,15,12094,2022-03-11,0
2022-02-18,13,12107,2022-03-11,0
2022-02-19,20,12127,2022-03-11,0
2022-02-20,15,12142,2022-03-11,0
2022-02-21,5,12147,2022-03-11,0
2022-02-22,12,12159,2022-03-11,0
2022-02-23,9,12168,2022-03-11,0
2022-02-24,25,12193,2022-03-11,0
2022-02-25,9,12202,2022-03-11,0
2022-02-26,10,12212,2022-03-11,1
2022-02-27,10,12222,2022-03-11,1
2022-02-28,7,12229,2022-03-11,0
2022-03-01,4,12233,2022-03-11,0
2022-03-02,8,12241,2022-03-11,0
2022-03-03,6,12247,2022-03-11,0
2022-03-04,6,12253,2022-03-11,0
2022-03-05,4,12257,2022-03-11,0
2022-03-06,5,12262,2022-03-11,3
2022-03-07,0,12262,2022-03-11,0
2022-03-08,0,12262,2022-03-11,0
2022-03-09,1,12263,2022-03-11,1
NA,1,12264,2022-03-11,1
2020-03-19,1,1,2022-03-14,0
2020-03-20,0,1,2022-03-14,0
2020-03-21,0,1,2022-03-14,0
2020-03-22,0,1,2022-03-14,0
2020-03-23,0,1,2022-03-14,0
2020-03-24,1,2,2022-03-14,0
2020-03-25,1,3,2022-03-14,0
2020-03-26,1,4,2022-03-14,0
2020-03-27,5,9,2022-03-14,0
2020-03-28,3,12,2022-03-14,0
2020-03-29,0,12,2022-03-14,0
2020-03-30,5,17,2022-03-14,0
2020-03-31,2,19,2022-03-14,0
2020-04-01,5,24,2022-03-14,0
2020-04-02,3,27,2022-03-14,0
2020-04-03,1,28,2022-03-14,0
2020-04-04,5,33,2022-03-14,0
2020-04-05,5,38,2022-03-14,0
2020-04-06,10,48,2022-03-14,0
2020-04-07,6,54,2022-03-14,0
2020-04-08,7,61,2022-03-14,0
2020-04-09,8,69,2022-03-14,0
2020-04-10,6,75,2022-03-14,0
2020-04-11,4,79,2022-03-14,0
2020-04-12,4,83,2022-03-14,0
2020-04-13,10,93,2022-03-14,0
2020-04-14,6,99,2022-03-14,0
2020-04-15,17,116,2022-03-14,0
2020-04-16,10,126,2022-03-14,0
2020-04-17,17,143,2022-03-14,0
2020-04-18,17,160,2022-03-14,0
2020-04-19,16,176,2022-03-14,0
2020-04-20,21,197,2022-03-14,0
2020-04-21,26,223,2022-03-14,0
2020-04-22,21,244,2022-03-14,0
2020-04-23,19,263,2022-03-14,0
2020-04-24,23,286,2022-03-14,0
2020-04-25,18,304,2022-03-14,0
2020-04-26,17,321,2022-03-14,0
2020-04-27,21,342,2022-03-14,0
2020-04-28,16,358,2022-03-14,0
2020-04-29,29,387,2022-03-14,0
2020-04-30,18,405,2022-03-14,0
2020-05-01,30,435,2022-03-14,0
2020-05-02,19,454,2022-03-14,0
2020-05-03,29,483,2022-03-14,0
2020-05-04,23,506,2022-03-14,0
2020-05-05,19,525,2022-03-14,0
2020-05-06,25,550,2022-03-14,0
2020-05-07,30,580,2022-03-14,0
2020-05-08,20,600,2022-03-14,0
2020-05-09,26,626,2022-03-14,0
2020-05-10,19,645,2022-03-14,0
2020-05-11,25,670,2022-03-14,0
2020-05-12,20,690,2022-03-14,0
2020-05-13,22,712,2022-03-14,0
2020-05-14,20,732,2022-03-14,0
2020-05-15,20,752,2022-03-14,0
2020-05-16,20,772,2022-03-14,0
2020-05-17,23,795,2022-03-14,0
2020-05-18,18,813,2022-03-14,0
2020-05-19,35,848,2022-03-14,0
2020-05-20,24,872,2022-03-14,0
2020-05-21,17,889,2022-03-14,0
2020-05-22,20,909,2022-03-14,0
2020-05-23,26,935,2022-03-14,0
2020-05-24,25,960,2022-03-14,0
2020-05-25,30,990,2022-03-14,0
2020-05-26,29,1019,2022-03-14,0
2020-05-27,25,1044,2022-03-14,0
2020-05-28,21,1065,2022-03-14,0
2020-05-29,17,1082,2022-03-14,0
2020-05-30,10,1092,2022-03-14,0
2020-05-31,20,1112,2022-03-14,0
2020-06-01,23,1135,2022-03-14,0
2020-06-02,21,1156,2022-03-14,0
2020-06-03,25,1181,2022-03-14,0
2020-06-04,26,1207,2022-03-14,0
2020-06-05,18,1225,2022-03-14,0
2020-06-06,12,1237,2022-03-14,0
2020-06-07,22,1259,2022-03-14,0
2020-06-08,12,1271,2022-03-14,0
2020-06-09,13,1284,2022-03-14,0
2020-06-10,10,1294,2022-03-14,0
2020-06-11,12,1306,2022-03-14,0
2020-06-12,11,1317,2022-03-14,0
2020-06-13,13,1330,2022-03-14,0
2020-06-14,11,1341,2022-03-14,0
2020-06-15,8,1349,2022-03-14,0
2020-06-16,9,1358,2022-03-14,0
2020-06-17,17,1375,2022-03-14,0
2020-06-18,9,1384,2022-03-14,0
2020-06-19,8,1392,2022-03-14,0
2020-06-20,12,1404,2022-03-14,0
2020-06-21,11,1415,2022-03-14,0
2020-06-22,6,1421,2022-03-14,0
2020-06-23,10,1431,2022-03-14,0
2020-06-24,1,1432,2022-03-14,0
2020-06-25,9,1441,2022-03-14,0
2020-06-26,6,1447,2022-03-14,0
2020-06-27,5,1452,2022-03-14,0
2020-06-28,11,1463,2022-03-14,0
2020-06-29,7,1470,2022-03-14,0
2020-06-30,9,1479,2022-03-14,0
2020-07-01,2,1481,2022-03-14,0
2020-07-02,3,1484,2022-03-14,0
2020-07-03,5,1489,2022-03-14,0
2020-07-04,4,1493,2022-03-14,0
2020-07-05,6,1499,2022-03-14,0
2020-07-06,4,1503,2022-03-14,0
2020-07-07,2,1505,2022-03-14,0
2020-07-08,9,1514,2022-03-14,0
2020-07-09,4,1518,2022-03-14,0
2020-07-10,3,1521,2022-03-14,0
2020-07-11,4,1525,2022-03-14,0
2020-07-12,6,1531,2022-03-14,0
2020-07-13,2,1533,2022-03-14,0
2020-07-14,6,1539,2022-03-14,0
2020-07-15,7,1546,2022-03-14,0
2020-07-16,3,1549,2022-03-14,0
2020-07-17,7,1556,2022-03-14,0
2020-07-18,6,1562,2022-03-14,0
2020-07-19,5,1567,2022-03-14,0
2020-07-20,3,1570,2022-03-14,0
2020-07-21,6,1576,2022-03-14,0
2020-07-22,5,1581,2022-03-14,0
2020-07-23,8,1589,2022-03-14,0
2020-07-24,6,1595,2022-03-14,0
2020-07-25,2,1597,2022-03-14,0
2020-07-26,5,1602,2022-03-14,0
2020-07-27,5,1607,2022-03-14,0
2020-07-28,7,1614,2022-03-14,0
2020-07-29,3,1617,2022-03-14,0
2020-07-30,6,1623,2022-03-14,0
2020-07-31,9,1632,2022-03-14,0
2020-08-01,4,1636,2022-03-14,0
2020-08-02,7,1643,2022-03-14,0
2020-08-03,4,1647,2022-03-14,0
2020-08-04,7,1654,2022-03-14,0
2020-08-05,8,1662,2022-03-14,0
2020-08-06,9,1671,2022-03-14,0
2020-08-07,7,1678,2022-03-14,0
2020-08-08,6,1684,2022-03-14,0
2020-08-09,10,1694,2022-03-14,0
2020-08-10,3,1697,2022-03-14,0
2020-08-11,9,1706,2022-03-14,0
2020-08-12,7,1713,2022-03-14,0
2020-08-13,5,1718,2022-03-14,0
2020-08-14,9,1727,2022-03-14,0
2020-08-15,13,1740,2022-03-14,0
2020-08-16,13,1753,2022-03-14,0
2020-08-17,6,1759,2022-03-14,0
2020-08-18,11,1770,2022-03-14,0
2020-08-19,3,1773,2022-03-14,0
2020-08-20,10,1783,2022-03-14,0
2020-08-21,12,1795,2022-03-14,0
2020-08-22,9,1804,2022-03-14,0
2020-08-23,7,1811,2022-03-14,0
2020-08-24,9,1820,2022-03-14,0
2020-08-25,4,1824,2022-03-14,0
2020-08-26,3,1827,2022-03-14,0
2020-08-27,7,1834,2022-03-14,0
2020-08-28,6,1840,2022-03-14,0
2020-08-29,3,1843,2022-03-14,0
2020-08-30,5,1848,2022-03-14,0
2020-08-31,9,1857,2022-03-14,0
2020-09-01,2,1859,2022-03-14,0
2020-09-02,7,1866,2022-03-14,0
2020-09-03,12,1878,2022-03-14,0
2020-09-04,4,1882,2022-03-14,0
2020-09-05,6,1888,2022-03-14,0
2020-09-06,12,1900,2022-03-14,0
2020-09-07,3,1903,2022-03-14,0
2020-09-08,6,1909,2022-03-14,0
2020-09-09,10,1919,2022-03-14,0
2020-09-10,9,1928,2022-03-14,0
2020-09-11,11,1939,2022-03-14,0
2020-09-12,8,1947,2022-03-14,0
2020-09-13,8,1955,2022-03-14,0
2020-09-14,2,1957,2022-03-14,0
2020-09-15,7,1964,2022-03-14,0
2020-09-16,9,1973,2022-03-14,0
2020-09-17,5,1978,2022-03-14,0
2020-09-18,6,1984,2022-03-14,0
2020-09-19,4,1988,2022-03-14,0
2020-09-20,9,1997,2022-03-14,0
2020-09-21,7,2004,2022-03-14,0
2020-09-22,8,2012,2022-03-14,0
2020-09-23,9,2021,2022-03-14,0
2020-09-24,8,2029,2022-03-14,0
2020-09-25,11,2040,2022-03-14,0
2020-09-26,9,2049,2022-03-14,0
2020-09-27,14,2063,2022-03-14,0
2020-09-28,11,2074,2022-03-14,0
2020-09-29,5,2079,2022-03-14,0
2020-09-30,16,2095,2022-03-14,0
2020-10-01,7,2102,2022-03-14,0
2020-10-02,13,2115,2022-03-14,0
2020-10-03,9,2124,2022-03-14,0
2020-10-04,7,2131,2022-03-14,0
2020-10-05,10,2141,2022-03-14,0
2020-10-06,13,2154,2022-03-14,0
2020-10-07,19,2173,2022-03-14,0
2020-10-08,9,2182,2022-03-14,0
2020-10-09,17,2199,2022-03-14,0
2020-10-10,16,2215,2022-03-14,0
2020-10-11,16,2231,2022-03-14,0
2020-10-12,20,2251,2022-03-14,0
2020-10-13,14,2265,2022-03-14,0
2020-10-14,10,2275,2022-03-14,0
2020-10-15,9,2284,2022-03-14,0
2020-10-16,12,2296,2022-03-14,0
2020-10-17,18,2314,2022-03-14,0
2020-10-18,25,2339,2022-03-14,0
2020-10-19,18,2357,2022-03-14,0
2020-10-20,15,2372,2022-03-14,0
2020-10-21,24,2396,2022-03-14,0
2020-10-22,18,2414,2022-03-14,0
2020-10-23,19,2433,2022-03-14,0
2020-10-24,8,2441,2022-03-14,0
2020-10-25,17,2458,2022-03-14,0
2020-10-26,25,2483,2022-03-14,0
2020-10-27,23,2506,2022-03-14,0
2020-10-28,29,2535,2022-03-14,0
2020-10-29,18,2553,2022-03-14,0
2020-10-30,27,2580,2022-03-14,0
2020-10-31,25,2605,2022-03-14,0
2020-11-01,21,2626,2022-03-14,0
2020-11-02,25,2651,2022-03-14,0
2020-11-03,25,2676,2022-03-14,0
2020-11-04,33,2709,2022-03-14,0
2020-11-05,38,2747,2022-03-14,0
2020-11-06,39,2786,2022-03-14,0
2020-11-07,42,2828,2022-03-14,0
2020-11-08,47,2875,2022-03-14,0
2020-11-09,37,2912,2022-03-14,0
2020-11-10,35,2947,2022-03-14,0
2020-11-11,43,2990,2022-03-14,0
2020-11-12,45,3035,2022-03-14,0
2020-11-13,40,3075,2022-03-14,0
2020-11-14,48,3123,2022-03-14,0
2020-11-15,46,3169,2022-03-14,0
2020-11-16,62,3231,2022-03-14,0
2020-11-17,56,3287,2022-03-14,0
2020-11-18,61,3348,2022-03-14,0
2020-11-19,60,3408,2022-03-14,0
2020-11-20,63,3471,2022-03-14,0
2020-11-21,58,3529,2022-03-14,0
2020-11-22,67,3596,2022-03-14,0
2020-11-23,59,3655,2022-03-14,0
2020-11-24,69,3724,2022-03-14,0
2020-11-25,72,3796,2022-03-14,0
2020-11-26,54,3850,2022-03-14,0
2020-11-27,69,3919,2022-03-14,0
2020-11-28,62,3981,2022-03-14,0
2020-11-29,68,4049,2022-03-14,0
2020-11-30,62,4111,2022-03-14,0
2020-12-01,64,4175,2022-03-14,0
2020-12-02,73,4248,2022-03-14,0
2020-12-03,86,4334,2022-03-14,0
2020-12-04,67,4401,2022-03-14,0
2020-12-05,74,4475,2022-03-14,0
2020-12-06,80,4555,2022-03-14,0
2020-12-07,75,4630,2022-03-14,0
2020-12-08,61,4691,2022-03-14,0
2020-12-09,71,4762,2022-03-14,0
2020-12-10,72,4834,2022-03-14,0
2020-12-11,71,4905,2022-03-14,0
2020-12-12,72,4977,2022-03-14,0
2020-12-13,56,5033,2022-03-14,0
2020-12-14,43,5076,2022-03-14,0
2020-12-15,65,5141,2022-03-14,0
2020-12-16,74,5215,2022-03-14,0
2020-12-17,60,5275,2022-03-14,0
2020-12-18,59,5334,2022-03-14,0
2020-12-19,56,5390,2022-03-14,0
2020-12-20,61,5451,2022-03-14,0
2020-12-21,58,5509,2022-03-14,0
2020-12-22,33,5542,2022-03-14,0
2020-12-23,46,5588,2022-03-14,0
2020-12-24,51,5639,2022-03-14,0
2020-12-25,36,5675,2022-03-14,0
2020-12-26,43,5718,2022-03-14,0
2020-12-27,41,5759,2022-03-14,0
2020-12-28,34,5793,2022-03-14,0
2020-12-29,37,5830,2022-03-14,0
2020-12-30,47,5877,2022-03-14,0
2020-12-31,36,5913,2022-03-14,0
2021-01-01,28,5941,2022-03-14,0
2021-01-02,49,5990,2022-03-14,0
2021-01-03,37,6027,2022-03-14,0
2021-01-04,32,6059,2022-03-14,0
2021-01-05,40,6099,2022-03-14,0
2021-01-06,32,6131,2022-03-14,0
2021-01-07,38,6169,2022-03-14,0
2021-01-08,32,6201,2022-03-14,0
2021-01-09,26,6227,2022-03-14,0
2021-01-10,30,6257,2022-03-14,0
2021-01-11,27,6284,2022-03-14,0
2021-01-12,32,6316,2022-03-14,0
2021-01-13,23,6339,2022-03-14,0
2021-01-14,42,6381,2022-03-14,0
2021-01-15,26,6407,2022-03-14,0
2021-01-16,30,6437,2022-03-14,0
2021-01-17,21,6458,2022-03-14,0
2021-01-18,19,6477,2022-03-14,0
2021-01-19,14,6491,2022-03-14,0
2021-01-20,26,6517,2022-03-14,0
2021-01-21,16,6533,2022-03-14,0
2021-01-22,14,6547,2022-03-14,0
2021-01-23,17,6564,2022-03-14,0
2021-01-24,24,6588,2022-03-14,0
2021-01-25,19,6607,2022-03-14,0
2021-01-26,21,6628,2022-03-14,0
2021-01-27,11,6639,2022-03-14,0
2021-01-28,12,6651,2022-03-14,0
2021-01-29,15,6666,2022-03-14,0
2021-01-30,13,6679,2022-03-14,0
2021-01-31,17,6696,2022-03-14,0
2021-02-01,17,6713,2022-03-14,0
2021-02-02,10,6723,2022-03-14,0
2021-02-03,11,6734,2022-03-14,0
2021-02-04,11,6745,2022-03-14,0
2021-02-05,13,6758,2022-03-14,0
2021-02-06,12,6770,2022-03-14,0
2021-02-07,19,6789,2022-03-14,0
2021-02-08,11,6800,2022-03-14,0
2021-02-09,15,6815,2022-03-14,0
2021-02-10,14,6829,2022-03-14,0
2021-02-11,7,6836,2022-03-14,0
2021-02-12,14,6850,2022-03-14,0
2021-02-13,8,6858,2022-03-14,0
2021-02-14,10,6868,2022-03-14,0
2021-02-15,9,6877,2022-03-14,0
2021-02-16,12,6889,2022-03-14,0
2021-02-17,10,6899,2022-03-14,0
2021-02-18,7,6906,2022-03-14,0
2021-02-19,6,6912,2022-03-14,0
2021-02-20,7,6919,2022-03-14,0
2021-02-21,4,6923,2022-03-14,0
2021-02-22,5,6928,2022-03-14,0
2021-02-23,9,6937,2022-03-14,0
2021-02-24,5,6942,2022-03-14,0
2021-02-25,5,6947,2022-03-14,0
2021-02-26,7,6954,2022-03-14,0
2021-02-27,6,6960,2022-03-14,0
2021-02-28,8,6968,2022-03-14,0
2021-03-01,7,6975,2022-03-14,0
2021-03-02,3,6978,2022-03-14,0
2021-03-03,10,6988,2022-03-14,0
2021-03-04,6,6994,2022-03-14,0
2021-03-05,10,7004,2022-03-14,0
2021-03-06,5,7009,2022-03-14,0
2021-03-07,9,7018,2022-03-14,0
2021-03-08,5,7023,2022-03-14,0
2021-03-09,7,7030,2022-03-14,0
2021-03-10,5,7035,2022-03-14,0
2021-03-11,4,7039,2022-03-14,0
2021-03-12,11,7050,2022-03-14,0
2021-03-13,5,7055,2022-03-14,0
2021-03-14,5,7060,2022-03-14,0
2021-03-15,2,7062,2022-03-14,0
2021-03-16,6,7068,2022-03-14,0
2021-03-17,4,7072,2022-03-14,0
2021-03-18,5,7077,2022-03-14,0
2021-03-19,5,7082,2022-03-14,0
2021-03-20,9,7091,2022-03-14,0
2021-03-21,5,7096,2022-03-14,0
2021-03-22,4,7100,2022-03-14,0
2021-03-23,5,7105,2022-03-14,0
2021-03-24,1,7106,2022-03-14,0
2021-03-25,5,7111,2022-03-14,0
2021-03-26,3,7114,2022-03-14,0
2021-03-27,7,7121,2022-03-14,0
2021-03-28,6,7127,2022-03-14,0
2021-03-29,5,7132,2022-03-14,0
2021-03-30,6,7138,2022-03-14,0
2021-03-31,8,7146,2022-03-14,0
2021-04-01,6,7152,2022-03-14,0
2021-04-02,9,7161,2022-03-14,0
2021-04-03,8,7169,2022-03-14,0
2021-04-04,6,7175,2022-03-14,0
2021-04-05,8,7183,2022-03-14,0
2021-04-06,7,7190,2022-03-14,0
2021-04-07,6,7196,2022-03-14,0
2021-04-08,10,7206,2022-03-14,0
2021-04-09,7,7213,2022-03-14,0
2021-04-10,7,7220,2022-03-14,0
2021-04-11,8,7228,2022-03-14,0
2021-04-12,10,7238,2022-03-14,0
2021-04-13,7,7245,2022-03-14,0
2021-04-14,8,7253,2022-03-14,0
2021-04-15,14,7267,2022-03-14,0
2021-04-16,8,7275,2022-03-14,0
2021-04-17,8,7283,2022-03-14,0
2021-04-18,8,7291,2022-03-14,0
2021-04-19,10,7301,2022-03-14,0
2021-04-20,5,7306,2022-03-14,0
2021-04-21,8,7314,2022-03-14,0
2021-04-22,3,7317,2022-03-14,0
2021-04-23,15,7332,2022-03-14,0
2021-04-24,11,7343,2022-03-14,0
2021-04-25,15,7358,2022-03-14,0
2021-04-26,15,7373,2022-03-14,0
2021-04-27,7,7380,2022-03-14,0
2021-04-28,14,7394,2022-03-14,0
2021-04-29,8,7402,2022-03-14,0
2021-04-30,11,7413,2022-03-14,0
2021-05-01,7,7420,2022-03-14,0
2021-05-02,8,7428,2022-03-14,0
2021-05-03,5,7433,2022-03-14,0
2021-05-04,13,7446,2022-03-14,0
2021-05-05,9,7455,2022-03-14,1
2021-05-06,5,7460,2022-03-14,0
2021-05-07,8,7468,2022-03-14,0
2021-05-08,7,7475,2022-03-14,0
2021-05-09,9,7484,2022-03-14,0
2021-05-10,8,7492,2022-03-14,0
2021-05-11,6,7498,2022-03-14,0
2021-05-12,9,7507,2022-03-14,0
2021-05-13,9,7516,2022-03-14,0
2021-05-14,11,7527,2022-03-14,0
2021-05-15,10,7537,2022-03-14,0
2021-05-16,6,7543,2022-03-14,0
2021-05-17,6,7549,2022-03-14,0
2021-05-18,7,7556,2022-03-14,0
2021-05-19,2,7558,2022-03-14,0
2021-05-20,5,7563,2022-03-14,0
2021-05-21,7,7570,2022-03-14,0
2021-05-22,12,7582,2022-03-14,0
2021-05-23,5,7587,2022-03-14,0
2021-05-24,5,7592,2022-03-14,0
2021-05-25,6,7598,2022-03-14,0
2021-05-26,3,7601,2022-03-14,0
2021-05-27,7,7608,2022-03-14,0
2021-05-28,2,7610,2022-03-14,0
2021-05-29,6,7616,2022-03-14,0
2021-05-30,4,7620,2022-03-14,0
2021-05-31,3,7623,2022-03-14,0
2021-06-01,5,7628,2022-03-14,0
2021-06-02,8,7636,2022-03-14,0
2021-06-03,4,7640,2022-03-14,0
2021-06-04,4,7644,2022-03-14,0
2021-06-05,2,7646,2022-03-14,0
2021-06-06,5,7651,2022-03-14,0
2021-06-07,3,7654,2022-03-14,0
2021-06-08,5,7659,2022-03-14,0
2021-06-09,4,7663,2022-03-14,0
2021-06-10,6,7669,2022-03-14,0
2021-06-11,6,7675,2022-03-14,0
2021-06-12,4,7679,2022-03-14,0
2021-06-13,4,7683,2022-03-14,0
2021-06-14,3,7686,2022-03-14,0
2021-06-15,2,7688,2022-03-14,0
2021-06-16,2,7690,2022-03-14,0
2021-06-17,4,7694,2022-03-14,0
2021-06-18,2,7696,2022-03-14,0
2021-06-19,6,7702,2022-03-14,0
2021-06-20,1,7703,2022-03-14,0
2021-06-21,5,7708,2022-03-14,0
2021-06-22,3,7711,2022-03-14,0
2021-06-23,4,7715,2022-03-14,0
2021-06-24,3,7718,2022-03-14,0
2021-06-25,3,7721,2022-03-14,0
2021-06-26,4,7725,2022-03-14,0
2021-06-27,2,7727,2022-03-14,0
2021-06-28,2,7729,2022-03-14,0
2021-06-29,2,7731,2022-03-14,0
2021-06-30,2,7733,2022-03-14,0
2021-07-01,0,7733,2022-03-14,0
2021-07-02,2,7735,2022-03-14,0
2021-07-03,2,7737,2022-03-14,0
2021-07-04,3,7740,2022-03-14,0
2021-07-05,1,7741,2022-03-14,0
2021-07-06,5,7746,2022-03-14,0
2021-07-07,1,7747,2022-03-14,0
2021-07-08,1,7748,2022-03-14,0
2021-07-09,0,7748,2022-03-14,0
2021-07-10,1,7749,2022-03-14,0
2021-07-11,3,7752,2022-03-14,0
2021-07-12,1,7753,2022-03-14,0
2021-07-13,2,7755,2022-03-14,0
2021-07-14,2,7757,2022-03-14,0
2021-07-15,2,7759,2022-03-14,0
2021-07-16,1,7760,2022-03-14,0
2021-07-17,1,7761,2022-03-14,0
2021-07-18,0,7761,2022-03-14,0
2021-07-19,0,7761,2022-03-14,0
2021-07-20,2,7763,2022-03-14,0
2021-07-21,3,7766,2022-03-14,0
2021-07-22,2,7768,2022-03-14,0
2021-07-23,3,7771,2022-03-14,0
2021-07-24,0,7771,2022-03-14,0
2021-07-25,2,7773,2022-03-14,0
2021-07-26,1,7774,2022-03-14,0
2021-07-27,2,7776,2022-03-14,0
2021-07-28,3,7779,2022-03-14,0
2021-07-29,2,7781,2022-03-14,0
2021-07-30,5,7786,2022-03-14,0
2021-07-31,4,7790,2022-03-14,0
2021-08-01,1,7791,2022-03-14,0
2021-08-02,3,7794,2022-03-14,0
2021-08-03,2,7796,2022-03-14,0
2021-08-04,3,7799,2022-03-14,0
2021-08-05,2,7801,2022-03-14,0
2021-08-06,8,7809,2022-03-14,0
2021-08-07,3,7812,2022-03-14,0
2021-08-08,3,7815,2022-03-14,0
2021-08-09,3,7818,2022-03-14,0
2021-08-10,2,7820,2022-03-14,0
2021-08-11,2,7822,2022-03-14,0
2021-08-12,7,7829,2022-03-14,0
2021-08-13,5,7834,2022-03-14,0
2021-08-14,6,7840,2022-03-14,0
2021-08-15,0,7840,2022-03-14,0
2021-08-16,7,7847,2022-03-14,0
2021-08-17,7,7854,2022-03-14,0
2021-08-18,9,7863,2022-03-14,0
2021-08-19,2,7865,2022-03-14,0
2021-08-20,3,7868,2022-03-14,0
2021-08-21,5,7873,2022-03-14,0
2021-08-22,7,7880,2022-03-14,0
2021-08-23,5,7885,2022-03-14,0
2021-08-24,12,7897,2022-03-14,0
2021-08-25,7,7904,2022-03-14,0
2021-08-26,2,7906,2022-03-14,0
2021-08-27,6,7912,2022-03-14,0
2021-08-28,11,7923,2022-03-14,0
2021-08-29,11,7934,2022-03-14,0
2021-08-30,8,7942,2022-03-14,0
2021-08-31,8,7950,2022-03-14,0
2021-09-01,6,7956,2022-03-14,0
2021-09-02,6,7962,2022-03-14,0
2021-09-03,9,7971,2022-03-14,0
2021-09-04,9,7980,2022-03-14,0
2021-09-05,10,7990,2022-03-14,0
2021-09-06,8,7998,2022-03-14,0
2021-09-07,7,8005,2022-03-14,0
2021-09-08,11,8016,2022-03-14,0
2021-09-09,5,8021,2022-03-14,0
2021-09-10,9,8030,2022-03-14,0
2021-09-11,17,8047,2022-03-14,0
2021-09-12,10,8057,2022-03-14,0
2021-09-13,8,8065,2022-03-14,0
2021-09-14,11,8076,2022-03-14,0
2021-09-15,14,8090,2022-03-14,0
2021-09-16,16,8106,2022-03-14,0
2021-09-17,8,8114,2022-03-14,0
2021-09-18,15,8129,2022-03-14,0
2021-09-19,11,8140,2022-03-14,0
2021-09-20,16,8156,2022-03-14,0
2021-09-21,16,8172,2022-03-14,0
2021-09-22,17,8189,2022-03-14,0
2021-09-23,13,8202,2022-03-14,0
2021-09-24,13,8215,2022-03-14,0
2021-09-25,16,8231,2022-03-14,0
2021-09-26,15,8246,2022-03-14,0
2021-09-27,15,8261,2022-03-14,0
2021-09-28,11,8272,2022-03-14,0
2021-09-29,21,8293,2022-03-14,0
2021-09-30,17,8310,2022-03-14,0
2021-10-01,13,8323,2022-03-14,0
2021-10-02,15,8338,2022-03-14,0
2021-10-03,23,8361,2022-03-14,0
2021-10-04,15,8376,2022-03-14,0
2021-10-05,23,8399,2022-03-14,0
2021-10-06,21,8420,2022-03-14,0
2021-10-07,14,8434,2022-03-14,0
2021-10-08,22,8456,2022-03-14,0
2021-10-09,20,8476,2022-03-14,0
2021-10-10,14,8490,2022-03-14,0
2021-10-11,11,8501,2022-03-14,0
2021-10-12,25,8526,2022-03-14,0
2021-10-13,21,8547,2022-03-14,0
2021-10-14,22,8569,2022-03-14,0
2021-10-15,14,8583,2022-03-14,0
2021-10-16,20,8603,2022-03-14,0
2021-10-17,18,8621,2022-03-14,0
2021-10-18,17,8638,2022-03-14,0
2021-10-19,26,8664,2022-03-14,0
2021-10-20,17,8681,2022-03-14,0
2021-10-21,8,8689,2022-03-14,0
2021-10-22,23,8712,2022-03-14,0
2021-10-23,24,8736,2022-03-14,0
2021-10-24,25,8761,2022-03-14,0
2021-10-25,20,8781,2022-03-14,0
2021-10-26,22,8803,2022-03-14,0
2021-10-27,16,8819,2022-03-14,0
2021-10-28,24,8843,2022-03-14,0
2021-10-29,20,8863,2022-03-14,0
2021-10-30,20,8883,2022-03-14,0
2021-10-31,27,8910,2022-03-14,0
2021-11-01,18,8928,2022-03-14,0
2021-11-02,18,8946,2022-03-14,0
2021-11-03,28,8974,2022-03-14,0
2021-11-04,28,9002,2022-03-14,0
2021-11-05,29,9031,2022-03-14,0
2021-11-06,16,9047,2022-03-14,0
2021-11-07,24,9071,2022-03-14,0
2021-11-08,28,9099,2022-03-14,0
2021-11-09,17,9116,2022-03-14,0
2021-11-10,18,9134,2022-03-14,0
2021-11-11,28,9162,2022-03-14,0
2021-11-12,29,9191,2022-03-14,0
2021-11-13,31,9222,2022-03-14,0
2021-11-14,24,9246,2022-03-14,0
2021-11-15,28,9274,2022-03-14,0
2021-11-16,25,9299,2022-03-14,0
2021-11-17,37,9336,2022-03-14,0
2021-11-18,38,9374,2022-03-14,0
2021-11-19,34,9408,2022-03-14,0
2021-11-20,30,9438,2022-03-14,0
2021-11-21,32,9470,2022-03-14,0
2021-11-22,30,9500,2022-03-14,0
2021-11-23,32,9532,2022-03-14,0
2021-11-24,25,9557,2022-03-14,0
2021-11-25,35,9592,2022-03-14,0
2021-11-26,51,9643,2022-03-14,0
2021-11-27,36,9679,2022-03-14,0
2021-11-28,39,9718,2022-03-14,0
2021-11-29,29,9747,2022-03-14,0
2021-11-30,30,9777,2022-03-14,0
2021-12-01,47,9824,2022-03-14,0
2021-12-02,40,9864,2022-03-14,0
2021-12-03,31,9895,2022-03-14,0
2021-12-04,42,9937,2022-03-14,0
2021-12-05,36,9973,2022-03-14,0
2021-12-06,35,10008,2022-03-14,0
2021-12-07,36,10044,2022-03-14,0
2021-12-08,39,10083,2022-03-14,0
2021-12-09,47,10130,2022-03-14,0
2021-12-10,34,10164,2022-03-14,0
2021-12-11,27,10191,2022-03-14,0
2021-12-12,37,10228,2022-03-14,0
2021-12-13,34,10262,2022-03-14,0
2021-12-14,35,10297,2022-03-14,0
2021-12-15,42,10339,2022-03-14,0
2021-12-16,33,10372,2022-03-14,0
2021-12-17,41,10413,2022-03-14,0
2021-12-18,33,10446,2022-03-14,0
2021-12-19,31,10477,2022-03-14,0
2021-12-20,33,10510,2022-03-14,0
2021-12-21,28,10538,2022-03-14,0
2021-12-22,29,10567,2022-03-14,0
2021-12-23,28,10595,2022-03-14,0
2021-12-24,30,10625,2022-03-14,0
2021-12-25,28,10653,2022-03-14,0
2021-12-26,42,10695,2022-03-14,0
2021-12-27,32,10727,2022-03-14,0
2021-12-28,35,10762,2022-03-14,0
2021-12-29,29,10791,2022-03-14,0
2021-12-30,19,10810,2022-03-14,0
2021-12-31,40,10850,2022-03-14,0
2022-01-01,27,10877,2022-03-14,0
2022-01-02,22,10899,2022-03-14,0
2022-01-03,23,10922,2022-03-14,0
2022-01-04,30,10952,2022-03-14,0
2022-01-05,32,10984,2022-03-14,0
2022-01-06,32,11016,2022-03-14,0
2022-01-07,28,11044,2022-03-14,0
2022-01-08,43,11087,2022-03-14,0
2022-01-09,18,11105,2022-03-14,0
2022-01-10,31,11136,2022-03-14,0
2022-01-11,18,11154,2022-03-14,0
2022-01-12,19,11173,2022-03-14,0
2022-01-13,27,11200,2022-03-14,0
2022-01-14,33,11233,2022-03-14,0
2022-01-15,26,11259,2022-03-14,0
2022-01-16,33,11292,2022-03-14,0
2022-01-17,36,11328,2022-03-14,0
2022-01-18,26,11354,2022-03-14,0
2022-01-19,29,11383,2022-03-14,0
2022-01-20,30,11413,2022-03-14,0
2022-01-21,27,11440,2022-03-14,0
2022-01-22,29,11469,2022-03-14,0
2022-01-23,22,11491,2022-03-14,0
2022-01-24,37,11528,2022-03-14,0
2022-01-25,33,11561,2022-03-14,0
2022-01-26,35,11596,2022-03-14,0
2022-01-27,37,11633,2022-03-14,0
2022-01-28,31,11664,2022-03-14,0
2022-01-29,29,11693,2022-03-14,0
2022-01-30,27,11720,2022-03-14,0
2022-01-31,18,11738,2022-03-14,0
2022-02-01,24,11762,2022-03-14,0
2022-02-02,22,11784,2022-03-14,0
2022-02-03,30,11814,2022-03-14,0
2022-02-04,20,11834,2022-03-14,0
2022-02-05,27,11861,2022-03-14,0
2022-02-06,27,11888,2022-03-14,0
2022-02-07,17,11905,2022-03-14,1
2022-02-08,27,11932,2022-03-14,0
2022-02-09,25,11957,2022-03-14,0
2022-02-10,21,11978,2022-03-14,0
2022-02-11,19,11997,2022-03-14,0
2022-02-12,16,12013,2022-03-14,0
2022-02-13,19,12032,2022-03-14,0
2022-02-14,16,12048,2022-03-14,0
2022-02-15,21,12069,2022-03-14,1
2022-02-16,13,12082,2022-03-14,0
2022-02-17,15,12097,2022-03-14,0
2022-02-18,13,12110,2022-03-14,0
2022-02-19,20,12130,2022-03-14,0
2022-02-20,15,12145,2022-03-14,0
2022-02-21,6,12151,2022-03-14,1
2022-02-22,14,12165,2022-03-14,2
2022-02-23,9,12174,2022-03-14,0
2022-02-24,25,12199,2022-03-14,0
2022-02-25,9,12208,2022-03-14,0
2022-02-26,10,12218,2022-03-14,0
2022-02-27,10,12228,2022-03-14,0
2022-02-28,7,12235,2022-03-14,0
2022-03-01,4,12239,2022-03-14,0
2022-03-02,8,12247,2022-03-14,0
2022-03-03,6,12253,2022-03-14,0
2022-03-04,8,12261,2022-03-14,2
2022-03-05,4,12265,2022-03-14,0
2022-03-06,7,12272,2022-03-14,2
2022-03-07,1,12273,2022-03-14,1
2022-03-08,1,12274,2022-03-14,1
2022-03-09,5,12279,2022-03-14,4
NA,1,12280,2022-03-14,0
2020-03-19,1,1,2022-03-15,0
2020-03-20,0,1,2022-03-15,0
2020-03-21,0,1,2022-03-15,0
2020-03-22,0,1,2022-03-15,0
2020-03-23,0,1,2022-03-15,0
2020-03-24,1,2,2022-03-15,0
2020-03-25,1,3,2022-03-15,0
2020-03-26,1,4,2022-03-15,0
2020-03-27,5,9,2022-03-15,0
2020-03-28,3,12,2022-03-15,0
2020-03-29,0,12,2022-03-15,0
2020-03-30,5,17,2022-03-15,0
2020-03-31,2,19,2022-03-15,0
2020-04-01,5,24,2022-03-15,0
2020-04-02,3,27,2022-03-15,0
2020-04-03,1,28,2022-03-15,0
2020-04-04,5,33,2022-03-15,0
2020-04-05,5,38,2022-03-15,0
2020-04-06,10,48,2022-03-15,0
2020-04-07,6,54,2022-03-15,0
2020-04-08,7,61,2022-03-15,0
2020-04-09,8,69,2022-03-15,0
2020-04-10,6,75,2022-03-15,0
2020-04-11,4,79,2022-03-15,0
2020-04-12,4,83,2022-03-15,0
2020-04-13,10,93,2022-03-15,0
2020-04-14,6,99,2022-03-15,0
2020-04-15,17,116,2022-03-15,0
2020-04-16,10,126,2022-03-15,0
2020-04-17,17,143,2022-03-15,0
2020-04-18,17,160,2022-03-15,0
2020-04-19,16,176,2022-03-15,0
2020-04-20,21,197,2022-03-15,0
2020-04-21,26,223,2022-03-15,0
2020-04-22,21,244,2022-03-15,0
2020-04-23,19,263,2022-03-15,0
2020-04-24,23,286,2022-03-15,0
2020-04-25,18,304,2022-03-15,0
2020-04-26,17,321,2022-03-15,0
2020-04-27,21,342,2022-03-15,0
2020-04-28,16,358,2022-03-15,0
2020-04-29,29,387,2022-03-15,0
2020-04-30,18,405,2022-03-15,0
2020-05-01,30,435,2022-03-15,0
2020-05-02,19,454,2022-03-15,0
2020-05-03,29,483,2022-03-15,0
2020-05-04,23,506,2022-03-15,0
2020-05-05,19,525,2022-03-15,0
2020-05-06,25,550,2022-03-15,0
2020-05-07,30,580,2022-03-15,0
2020-05-08,20,600,2022-03-15,0
2020-05-09,26,626,2022-03-15,0
2020-05-10,19,645,2022-03-15,0
2020-05-11,25,670,2022-03-15,0
2020-05-12,20,690,2022-03-15,0
2020-05-13,22,712,2022-03-15,0
2020-05-14,20,732,2022-03-15,0
2020-05-15,20,752,2022-03-15,0
2020-05-16,20,772,2022-03-15,0
2020-05-17,23,795,2022-03-15,0
2020-05-18,18,813,2022-03-15,0
2020-05-19,35,848,2022-03-15,0
2020-05-20,24,872,2022-03-15,0
2020-05-21,17,889,2022-03-15,0
2020-05-22,20,909,2022-03-15,0
2020-05-23,26,935,2022-03-15,0
2020-05-24,25,960,2022-03-15,0
2020-05-25,30,990,2022-03-15,0
2020-05-26,29,1019,2022-03-15,0
2020-05-27,25,1044,2022-03-15,0
2020-05-28,21,1065,2022-03-15,0
2020-05-29,17,1082,2022-03-15,0
2020-05-30,10,1092,2022-03-15,0
2020-05-31,20,1112,2022-03-15,0
2020-06-01,23,1135,2022-03-15,0
2020-06-02,21,1156,2022-03-15,0
2020-06-03,25,1181,2022-03-15,0
2020-06-04,26,1207,2022-03-15,0
2020-06-05,18,1225,2022-03-15,0
2020-06-06,12,1237,2022-03-15,0
2020-06-07,22,1259,2022-03-15,0
2020-06-08,12,1271,2022-03-15,0
2020-06-09,13,1284,2022-03-15,0
2020-06-10,10,1294,2022-03-15,0
2020-06-11,12,1306,2022-03-15,0
2020-06-12,11,1317,2022-03-15,0
2020-06-13,13,1330,2022-03-15,0
2020-06-14,11,1341,2022-03-15,0
2020-06-15,8,1349,2022-03-15,0
2020-06-16,9,1358,2022-03-15,0
2020-06-17,17,1375,2022-03-15,0
2020-06-18,9,1384,2022-03-15,0
2020-06-19,8,1392,2022-03-15,0
2020-06-20,12,1404,2022-03-15,0
2020-06-21,11,1415,2022-03-15,0
2020-06-22,6,1421,2022-03-15,0
2020-06-23,10,1431,2022-03-15,0
2020-06-24,1,1432,2022-03-15,0
2020-06-25,9,1441,2022-03-15,0
2020-06-26,6,1447,2022-03-15,0
2020-06-27,5,1452,2022-03-15,0
2020-06-28,11,1463,2022-03-15,0
2020-06-29,7,1470,2022-03-15,0
2020-06-30,9,1479,2022-03-15,0
2020-07-01,2,1481,2022-03-15,0
2020-07-02,3,1484,2022-03-15,0
2020-07-03,5,1489,2022-03-15,0
2020-07-04,4,1493,2022-03-15,0
2020-07-05,6,1499,2022-03-15,0
2020-07-06,4,1503,2022-03-15,0
2020-07-07,2,1505,2022-03-15,0
2020-07-08,9,1514,2022-03-15,0
2020-07-09,4,1518,2022-03-15,0
2020-07-10,3,1521,2022-03-15,0
2020-07-11,4,1525,2022-03-15,0
2020-07-12,6,1531,2022-03-15,0
2020-07-13,2,1533,2022-03-15,0
2020-07-14,6,1539,2022-03-15,0
2020-07-15,7,1546,2022-03-15,0
2020-07-16,3,1549,2022-03-15,0
2020-07-17,7,1556,2022-03-15,0
2020-07-18,6,1562,2022-03-15,0
2020-07-19,5,1567,2022-03-15,0
2020-07-20,3,1570,2022-03-15,0
2020-07-21,6,1576,2022-03-15,0
2020-07-22,5,1581,2022-03-15,0
2020-07-23,8,1589,2022-03-15,0
2020-07-24,6,1595,2022-03-15,0
2020-07-25,2,1597,2022-03-15,0
2020-07-26,5,1602,2022-03-15,0
2020-07-27,5,1607,2022-03-15,0
2020-07-28,7,1614,2022-03-15,0
2020-07-29,3,1617,2022-03-15,0
2020-07-30,6,1623,2022-03-15,0
2020-07-31,9,1632,2022-03-15,0
2020-08-01,4,1636,2022-03-15,0
2020-08-02,7,1643,2022-03-15,0
2020-08-03,4,1647,2022-03-15,0
2020-08-04,7,1654,2022-03-15,0
2020-08-05,8,1662,2022-03-15,0
2020-08-06,9,1671,2022-03-15,0
2020-08-07,7,1678,2022-03-15,0
2020-08-08,6,1684,2022-03-15,0
2020-08-09,10,1694,2022-03-15,0
2020-08-10,3,1697,2022-03-15,0
2020-08-11,9,1706,2022-03-15,0
2020-08-12,7,1713,2022-03-15,0
2020-08-13,5,1718,2022-03-15,0
2020-08-14,9,1727,2022-03-15,0
2020-08-15,13,1740,2022-03-15,0
2020-08-16,13,1753,2022-03-15,0
2020-08-17,6,1759,2022-03-15,0
2020-08-18,11,1770,2022-03-15,0
2020-08-19,3,1773,2022-03-15,0
2020-08-20,10,1783,2022-03-15,0
2020-08-21,12,1795,2022-03-15,0
2020-08-22,9,1804,2022-03-15,0
2020-08-23,7,1811,2022-03-15,0
2020-08-24,9,1820,2022-03-15,0
2020-08-25,4,1824,2022-03-15,0
2020-08-26,3,1827,2022-03-15,0
2020-08-27,7,1834,2022-03-15,0
2020-08-28,6,1840,2022-03-15,0
2020-08-29,3,1843,2022-03-15,0
2020-08-30,5,1848,2022-03-15,0
2020-08-31,9,1857,2022-03-15,0
2020-09-01,2,1859,2022-03-15,0
2020-09-02,7,1866,2022-03-15,0
2020-09-03,12,1878,2022-03-15,0
2020-09-04,4,1882,2022-03-15,0
2020-09-05,6,1888,2022-03-15,0
2020-09-06,12,1900,2022-03-15,0
2020-09-07,3,1903,2022-03-15,0
2020-09-08,6,1909,2022-03-15,0
2020-09-09,10,1919,2022-03-15,0
2020-09-10,9,1928,2022-03-15,0
2020-09-11,11,1939,2022-03-15,0
2020-09-12,8,1947,2022-03-15,0
2020-09-13,8,1955,2022-03-15,0
2020-09-14,2,1957,2022-03-15,0
2020-09-15,7,1964,2022-03-15,0
2020-09-16,9,1973,2022-03-15,0
2020-09-17,5,1978,2022-03-15,0
2020-09-18,6,1984,2022-03-15,0
2020-09-19,4,1988,2022-03-15,0
2020-09-20,9,1997,2022-03-15,0
2020-09-21,7,2004,2022-03-15,0
2020-09-22,8,2012,2022-03-15,0
2020-09-23,9,2021,2022-03-15,0
2020-09-24,8,2029,2022-03-15,0
2020-09-25,11,2040,2022-03-15,0
2020-09-26,9,2049,2022-03-15,0
2020-09-27,14,2063,2022-03-15,0
2020-09-28,11,2074,2022-03-15,0
2020-09-29,5,2079,2022-03-15,0
2020-09-30,16,2095,2022-03-15,0
2020-10-01,7,2102,2022-03-15,0
2020-10-02,13,2115,2022-03-15,0
2020-10-03,9,2124,2022-03-15,0
2020-10-04,7,2131,2022-03-15,0
2020-10-05,10,2141,2022-03-15,0
2020-10-06,13,2154,2022-03-15,0
2020-10-07,19,2173,2022-03-15,0
2020-10-08,9,2182,2022-03-15,0
2020-10-09,17,2199,2022-03-15,0
2020-10-10,16,2215,2022-03-15,0
2020-10-11,16,2231,2022-03-15,0
2020-10-12,20,2251,2022-03-15,0
2020-10-13,14,2265,2022-03-15,0
2020-10-14,10,2275,2022-03-15,0
2020-10-15,9,2284,2022-03-15,0
2020-10-16,12,2296,2022-03-15,0
2020-10-17,18,2314,2022-03-15,0
2020-10-18,25,2339,2022-03-15,0
2020-10-19,18,2357,2022-03-15,0
2020-10-20,15,2372,2022-03-15,0
2020-10-21,24,2396,2022-03-15,0
2020-10-22,18,2414,2022-03-15,0
2020-10-23,19,2433,2022-03-15,0
2020-10-24,8,2441,2022-03-15,0
2020-10-25,17,2458,2022-03-15,0
2020-10-26,25,2483,2022-03-15,0
2020-10-27,23,2506,2022-03-15,0
2020-10-28,29,2535,2022-03-15,0
2020-10-29,18,2553,2022-03-15,0
2020-10-30,27,2580,2022-03-15,0
2020-10-31,25,2605,2022-03-15,0
2020-11-01,21,2626,2022-03-15,0
2020-11-02,25,2651,2022-03-15,0
2020-11-03,25,2676,2022-03-15,0
2020-11-04,33,2709,2022-03-15,0
2020-11-05,38,2747,2022-03-15,0
2020-11-06,39,2786,2022-03-15,0
2020-11-07,42,2828,2022-03-15,0
2020-11-08,47,2875,2022-03-15,0
2020-11-09,37,2912,2022-03-15,0
2020-11-10,35,2947,2022-03-15,0
2020-11-11,43,2990,2022-03-15,0
2020-11-12,45,3035,2022-03-15,0
2020-11-13,40,3075,2022-03-15,0
2020-11-14,48,3123,2022-03-15,0
2020-11-15,46,3169,2022-03-15,0
2020-11-16,62,3231,2022-03-15,0
2020-11-17,56,3287,2022-03-15,0
2020-11-18,61,3348,2022-03-15,0
2020-11-19,60,3408,2022-03-15,0
2020-11-20,63,3471,2022-03-15,0
2020-11-21,58,3529,2022-03-15,0
2020-11-22,67,3596,2022-03-15,0
2020-11-23,59,3655,2022-03-15,0
2020-11-24,69,3724,2022-03-15,0
2020-11-25,72,3796,2022-03-15,0
2020-11-26,54,3850,2022-03-15,0
2020-11-27,69,3919,2022-03-15,0
2020-11-28,62,3981,2022-03-15,0
2020-11-29,68,4049,2022-03-15,0
2020-11-30,62,4111,2022-03-15,0
2020-12-01,64,4175,2022-03-15,0
2020-12-02,73,4248,2022-03-15,0
2020-12-03,86,4334,2022-03-15,0
2020-12-04,67,4401,2022-03-15,0
2020-12-05,74,4475,2022-03-15,0
2020-12-06,80,4555,2022-03-15,0
2020-12-07,75,4630,2022-03-15,0
2020-12-08,61,4691,2022-03-15,0
2020-12-09,71,4762,2022-03-15,0
2020-12-10,72,4834,2022-03-15,0
2020-12-11,71,4905,2022-03-15,0
2020-12-12,72,4977,2022-03-15,0
2020-12-13,56,5033,2022-03-15,0
2020-12-14,43,5076,2022-03-15,0
2020-12-15,65,5141,2022-03-15,0
2020-12-16,74,5215,2022-03-15,0
2020-12-17,60,5275,2022-03-15,0
2020-12-18,59,5334,2022-03-15,0
2020-12-19,56,5390,2022-03-15,0
2020-12-20,61,5451,2022-03-15,0
2020-12-21,58,5509,2022-03-15,0
2020-12-22,33,5542,2022-03-15,0
2020-12-23,46,5588,2022-03-15,0
2020-12-24,51,5639,2022-03-15,0
2020-12-25,36,5675,2022-03-15,0
2020-12-26,43,5718,2022-03-15,0
2020-12-27,41,5759,2022-03-15,0
2020-12-28,34,5793,2022-03-15,0
2020-12-29,37,5830,2022-03-15,0
2020-12-30,47,5877,2022-03-15,0
2020-12-31,36,5913,2022-03-15,0
2021-01-01,28,5941,2022-03-15,0
2021-01-02,49,5990,2022-03-15,0
2021-01-03,37,6027,2022-03-15,0
2021-01-04,32,6059,2022-03-15,0
2021-01-05,40,6099,2022-03-15,0
2021-01-06,32,6131,2022-03-15,0
2021-01-07,38,6169,2022-03-15,0
2021-01-08,32,6201,2022-03-15,0
2021-01-09,26,6227,2022-03-15,0
2021-01-10,30,6257,2022-03-15,0
2021-01-11,27,6284,2022-03-15,0
2021-01-12,32,6316,2022-03-15,0
2021-01-13,23,6339,2022-03-15,0
2021-01-14,42,6381,2022-03-15,0
2021-01-15,26,6407,2022-03-15,0
2021-01-16,30,6437,2022-03-15,0
2021-01-17,21,6458,2022-03-15,0
2021-01-18,19,6477,2022-03-15,0
2021-01-19,14,6491,2022-03-15,0
2021-01-20,26,6517,2022-03-15,0
2021-01-21,16,6533,2022-03-15,0
2021-01-22,14,6547,2022-03-15,0
2021-01-23,17,6564,2022-03-15,0
2021-01-24,24,6588,2022-03-15,0
2021-01-25,19,6607,2022-03-15,0
2021-01-26,21,6628,2022-03-15,0
2021-01-27,11,6639,2022-03-15,0
2021-01-28,12,6651,2022-03-15,0
2021-01-29,15,6666,2022-03-15,0
2021-01-30,13,6679,2022-03-15,0
2021-01-31,17,6696,2022-03-15,0
2021-02-01,17,6713,2022-03-15,0
2021-02-02,10,6723,2022-03-15,0
2021-02-03,11,6734,2022-03-15,0
2021-02-04,11,6745,2022-03-15,0
2021-02-05,13,6758,2022-03-15,0
2021-02-06,12,6770,2022-03-15,0
2021-02-07,19,6789,2022-03-15,0
2021-02-08,11,6800,2022-03-15,0
2021-02-09,15,6815,2022-03-15,0
2021-02-10,14,6829,2022-03-15,0
2021-02-11,7,6836,2022-03-15,0
2021-02-12,14,6850,2022-03-15,0
2021-02-13,8,6858,2022-03-15,0
2021-02-14,10,6868,2022-03-15,0
2021-02-15,9,6877,2022-03-15,0
2021-02-16,12,6889,2022-03-15,0
2021-02-17,10,6899,2022-03-15,0
2021-02-18,7,6906,2022-03-15,0
2021-02-19,6,6912,2022-03-15,0
2021-02-20,7,6919,2022-03-15,0
2021-02-21,4,6923,2022-03-15,0
2021-02-22,5,6928,2022-03-15,0
2021-02-23,9,6937,2022-03-15,0
2021-02-24,5,6942,2022-03-15,0
2021-02-25,5,6947,2022-03-15,0
2021-02-26,7,6954,2022-03-15,0
2021-02-27,6,6960,2022-03-15,0
2021-02-28,8,6968,2022-03-15,0
2021-03-01,7,6975,2022-03-15,0
2021-03-02,3,6978,2022-03-15,0
2021-03-03,10,6988,2022-03-15,0
2021-03-04,6,6994,2022-03-15,0
2021-03-05,10,7004,2022-03-15,0
2021-03-06,5,7009,2022-03-15,0
2021-03-07,9,7018,2022-03-15,0
2021-03-08,5,7023,2022-03-15,0
2021-03-09,7,7030,2022-03-15,0
2021-03-10,5,7035,2022-03-15,0
2021-03-11,4,7039,2022-03-15,0
2021-03-12,11,7050,2022-03-15,0
2021-03-13,5,7055,2022-03-15,0
2021-03-14,5,7060,2022-03-15,0
2021-03-15,2,7062,2022-03-15,0
2021-03-16,6,7068,2022-03-15,0
2021-03-17,4,7072,2022-03-15,0
2021-03-18,5,7077,2022-03-15,0
2021-03-19,5,7082,2022-03-15,0
2021-03-20,9,7091,2022-03-15,0
2021-03-21,5,7096,2022-03-15,0
2021-03-22,4,7100,2022-03-15,0
2021-03-23,5,7105,2022-03-15,0
2021-03-24,1,7106,2022-03-15,0
2021-03-25,5,7111,2022-03-15,0
2021-03-26,3,7114,2022-03-15,0
2021-03-27,7,7121,2022-03-15,0
2021-03-28,6,7127,2022-03-15,0
2021-03-29,5,7132,2022-03-15,0
2021-03-30,6,7138,2022-03-15,0
2021-03-31,8,7146,2022-03-15,0
2021-04-01,6,7152,2022-03-15,0
2021-04-02,9,7161,2022-03-15,0
2021-04-03,8,7169,2022-03-15,0
2021-04-04,6,7175,2022-03-15,0
2021-04-05,8,7183,2022-03-15,0
2021-04-06,7,7190,2022-03-15,0
2021-04-07,6,7196,2022-03-15,0
2021-04-08,10,7206,2022-03-15,0
2021-04-09,7,7213,2022-03-15,0
2021-04-10,7,7220,2022-03-15,0
2021-04-11,8,7228,2022-03-15,0
2021-04-12,10,7238,2022-03-15,0
2021-04-13,7,7245,2022-03-15,0
2021-04-14,8,7253,2022-03-15,0
2021-04-15,14,7267,2022-03-15,0
2021-04-16,8,7275,2022-03-15,0
2021-04-17,8,7283,2022-03-15,0
2021-04-18,8,7291,2022-03-15,0
2021-04-19,10,7301,2022-03-15,0
2021-04-20,5,7306,2022-03-15,0
2021-04-21,8,7314,2022-03-15,0
2021-04-22,3,7317,2022-03-15,0
2021-04-23,15,7332,2022-03-15,0
2021-04-24,11,7343,2022-03-15,0
2021-04-25,15,7358,2022-03-15,0
2021-04-26,15,7373,2022-03-15,0
2021-04-27,7,7380,2022-03-15,0
2021-04-28,14,7394,2022-03-15,0
2021-04-29,8,7402,2022-03-15,0
2021-04-30,11,7413,2022-03-15,0
2021-05-01,7,7420,2022-03-15,0
2021-05-02,8,7428,2022-03-15,0
2021-05-03,5,7433,2022-03-15,0
2021-05-04,13,7446,2022-03-15,0
2021-05-05,9,7455,2022-03-15,0
2021-05-06,5,7460,2022-03-15,0
2021-05-07,8,7468,2022-03-15,0
2021-05-08,7,7475,2022-03-15,0
2021-05-09,9,7484,2022-03-15,0
2021-05-10,8,7492,2022-03-15,0
2021-05-11,6,7498,2022-03-15,0
2021-05-12,9,7507,2022-03-15,0
2021-05-13,9,7516,2022-03-15,0
2021-05-14,11,7527,2022-03-15,0
2021-05-15,10,7537,2022-03-15,0
2021-05-16,6,7543,2022-03-15,0
2021-05-17,6,7549,2022-03-15,0
2021-05-18,7,7556,2022-03-15,0
2021-05-19,2,7558,2022-03-15,0
2021-05-20,5,7563,2022-03-15,0
2021-05-21,7,7570,2022-03-15,0
2021-05-22,12,7582,2022-03-15,0
2021-05-23,5,7587,2022-03-15,0
2021-05-24,5,7592,2022-03-15,0
2021-05-25,6,7598,2022-03-15,0
2021-05-26,3,7601,2022-03-15,0
2021-05-27,7,7608,2022-03-15,0
2021-05-28,2,7610,2022-03-15,0
2021-05-29,6,7616,2022-03-15,0
2021-05-30,4,7620,2022-03-15,0
2021-05-31,3,7623,2022-03-15,0
2021-06-01,5,7628,2022-03-15,0
2021-06-02,8,7636,2022-03-15,0
2021-06-03,4,7640,2022-03-15,0
2021-06-04,4,7644,2022-03-15,0
2021-06-05,2,7646,2022-03-15,0
2021-06-06,5,7651,2022-03-15,0
2021-06-07,3,7654,2022-03-15,0
2021-06-08,5,7659,2022-03-15,0
2021-06-09,4,7663,2022-03-15,0
2021-06-10,6,7669,2022-03-15,0
2021-06-11,6,7675,2022-03-15,0
2021-06-12,4,7679,2022-03-15,0
2021-06-13,4,7683,2022-03-15,0
2021-06-14,3,7686,2022-03-15,0
2021-06-15,2,7688,2022-03-15,0
2021-06-16,2,7690,2022-03-15,0
2021-06-17,4,7694,2022-03-15,0
2021-06-18,2,7696,2022-03-15,0
2021-06-19,6,7702,2022-03-15,0
2021-06-20,1,7703,2022-03-15,0
2021-06-21,5,7708,2022-03-15,0
2021-06-22,3,7711,2022-03-15,0
2021-06-23,4,7715,2022-03-15,0
2021-06-24,3,7718,2022-03-15,0
2021-06-25,3,7721,2022-03-15,0
2021-06-26,4,7725,2022-03-15,0
2021-06-27,2,7727,2022-03-15,0
2021-06-28,2,7729,2022-03-15,0
2021-06-29,2,7731,2022-03-15,0
2021-06-30,2,7733,2022-03-15,0
2021-07-01,0,7733,2022-03-15,0
2021-07-02,2,7735,2022-03-15,0
2021-07-03,2,7737,2022-03-15,0
2021-07-04,3,7740,2022-03-15,0
2021-07-05,1,7741,2022-03-15,0
2021-07-06,5,7746,2022-03-15,0
2021-07-07,1,7747,2022-03-15,0
2021-07-08,1,7748,2022-03-15,0
2021-07-09,0,7748,2022-03-15,0
2021-07-10,1,7749,2022-03-15,0
2021-07-11,3,7752,2022-03-15,0
2021-07-12,1,7753,2022-03-15,0
2021-07-13,2,7755,2022-03-15,0
2021-07-14,2,7757,2022-03-15,0
2021-07-15,2,7759,2022-03-15,0
2021-07-16,1,7760,2022-03-15,0
2021-07-17,1,7761,2022-03-15,0
2021-07-18,0,7761,2022-03-15,0
2021-07-19,0,7761,2022-03-15,0
2021-07-20,2,7763,2022-03-15,0
2021-07-21,3,7766,2022-03-15,0
2021-07-22,2,7768,2022-03-15,0
2021-07-23,3,7771,2022-03-15,0
2021-07-24,0,7771,2022-03-15,0
2021-07-25,2,7773,2022-03-15,0
2021-07-26,1,7774,2022-03-15,0
2021-07-27,2,7776,2022-03-15,0
2021-07-28,3,7779,2022-03-15,0
2021-07-29,2,7781,2022-03-15,0
2021-07-30,5,7786,2022-03-15,0
2021-07-31,4,7790,2022-03-15,0
2021-08-01,1,7791,2022-03-15,0
2021-08-02,3,7794,2022-03-15,0
2021-08-03,2,7796,2022-03-15,0
2021-08-04,3,7799,2022-03-15,0
2021-08-05,2,7801,2022-03-15,0
2021-08-06,8,7809,2022-03-15,0
2021-08-07,3,7812,2022-03-15,0
2021-08-08,3,7815,2022-03-15,0
2021-08-09,3,7818,2022-03-15,0
2021-08-10,2,7820,2022-03-15,0
2021-08-11,2,7822,2022-03-15,0
2021-08-12,7,7829,2022-03-15,0
2021-08-13,5,7834,2022-03-15,0
2021-08-14,6,7840,2022-03-15,0
2021-08-15,0,7840,2022-03-15,0
2021-08-16,7,7847,2022-03-15,0
2021-08-17,7,7854,2022-03-15,0
2021-08-18,9,7863,2022-03-15,0
2021-08-19,2,7865,2022-03-15,0
2021-08-20,3,7868,2022-03-15,0
2021-08-21,5,7873,2022-03-15,0
2021-08-22,7,7880,2022-03-15,0
2021-08-23,5,7885,2022-03-15,0
2021-08-24,12,7897,2022-03-15,0
2021-08-25,7,7904,2022-03-15,0
2021-08-26,2,7906,2022-03-15,0
2021-08-27,6,7912,2022-03-15,0
2021-08-28,11,7923,2022-03-15,0
2021-08-29,11,7934,2022-03-15,0
2021-08-30,8,7942,2022-03-15,0
2021-08-31,8,7950,2022-03-15,0
2021-09-01,6,7956,2022-03-15,0
2021-09-02,6,7962,2022-03-15,0
2021-09-03,9,7971,2022-03-15,0
2021-09-04,9,7980,2022-03-15,0
2021-09-05,10,7990,2022-03-15,0
2021-09-06,8,7998,2022-03-15,0
2021-09-07,7,8005,2022-03-15,0
2021-09-08,11,8016,2022-03-15,0
2021-09-09,5,8021,2022-03-15,0
2021-09-10,9,8030,2022-03-15,0
2021-09-11,17,8047,2022-03-15,0
2021-09-12,10,8057,2022-03-15,0
2021-09-13,8,8065,2022-03-15,0
2021-09-14,11,8076,2022-03-15,0
2021-09-15,14,8090,2022-03-15,0
2021-09-16,16,8106,2022-03-15,0
2021-09-17,8,8114,2022-03-15,0
2021-09-18,15,8129,2022-03-15,0
2021-09-19,11,8140,2022-03-15,0
2021-09-20,16,8156,2022-03-15,0
2021-09-21,16,8172,2022-03-15,0
2021-09-22,17,8189,2022-03-15,0
2021-09-23,13,8202,2022-03-15,0
2021-09-24,13,8215,2022-03-15,0
2021-09-25,16,8231,2022-03-15,0
2021-09-26,15,8246,2022-03-15,0
2021-09-27,15,8261,2022-03-15,0
2021-09-28,11,8272,2022-03-15,0
2021-09-29,21,8293,2022-03-15,0
2021-09-30,17,8310,2022-03-15,0
2021-10-01,13,8323,2022-03-15,0
2021-10-02,15,8338,2022-03-15,0
2021-10-03,23,8361,2022-03-15,0
2021-10-04,15,8376,2022-03-15,0
2021-10-05,23,8399,2022-03-15,0
2021-10-06,21,8420,2022-03-15,0
2021-10-07,14,8434,2022-03-15,0
2021-10-08,22,8456,2022-03-15,0
2021-10-09,20,8476,2022-03-15,0
2021-10-10,14,8490,2022-03-15,0
2021-10-11,11,8501,2022-03-15,0
2021-10-12,25,8526,2022-03-15,0
2021-10-13,21,8547,2022-03-15,0
2021-10-14,22,8569,2022-03-15,0
2021-10-15,14,8583,2022-03-15,0
2021-10-16,20,8603,2022-03-15,0
2021-10-17,18,8621,2022-03-15,0
2021-10-18,17,8638,2022-03-15,0
2021-10-19,26,8664,2022-03-15,0
2021-10-20,17,8681,2022-03-15,0
2021-10-21,8,8689,2022-03-15,0
2021-10-22,23,8712,2022-03-15,0
2021-10-23,24,8736,2022-03-15,0
2021-10-24,25,8761,2022-03-15,0
2021-10-25,20,8781,2022-03-15,0
2021-10-26,22,8803,2022-03-15,0
2021-10-27,16,8819,2022-03-15,0
2021-10-28,24,8843,2022-03-15,0
2021-10-29,20,8863,2022-03-15,0
2021-10-30,20,8883,2022-03-15,0
2021-10-31,27,8910,2022-03-15,0
2021-11-01,18,8928,2022-03-15,0
2021-11-02,18,8946,2022-03-15,0
2021-11-03,28,8974,2022-03-15,0
2021-11-04,28,9002,2022-03-15,0
2021-11-05,29,9031,2022-03-15,0
2021-11-06,16,9047,2022-03-15,0
2021-11-07,24,9071,2022-03-15,0
2021-11-08,28,9099,2022-03-15,0
2021-11-09,17,9116,2022-03-15,0
2021-11-10,18,9134,2022-03-15,0
2021-11-11,28,9162,2022-03-15,0
2021-11-12,29,9191,2022-03-15,0
2021-11-13,31,9222,2022-03-15,0
2021-11-14,24,9246,2022-03-15,0
2021-11-15,28,9274,2022-03-15,0
2021-11-16,25,9299,2022-03-15,0
2021-11-17,37,9336,2022-03-15,0
2021-11-18,38,9374,2022-03-15,0
2021-11-19,34,9408,2022-03-15,0
2021-11-20,30,9438,2022-03-15,0
2021-11-21,32,9470,2022-03-15,0
2021-11-22,30,9500,2022-03-15,0
2021-11-23,32,9532,2022-03-15,0
2021-11-24,25,9557,2022-03-15,0
2021-11-25,35,9592,2022-03-15,0
2021-11-26,51,9643,2022-03-15,0
2021-11-27,36,9679,2022-03-15,0
2021-11-28,39,9718,2022-03-15,0
2021-11-29,29,9747,2022-03-15,0
2021-11-30,30,9777,2022-03-15,0
2021-12-01,47,9824,2022-03-15,0
2021-12-02,40,9864,2022-03-15,0
2021-12-03,31,9895,2022-03-15,0
2021-12-04,42,9937,2022-03-15,0
2021-12-05,36,9973,2022-03-15,0
2021-12-06,35,10008,2022-03-15,0
2021-12-07,36,10044,2022-03-15,0
2021-12-08,39,10083,2022-03-15,0
2021-12-09,47,10130,2022-03-15,0
2021-12-10,34,10164,2022-03-15,0
2021-12-11,27,10191,2022-03-15,0
2021-12-12,37,10228,2022-03-15,0
2021-12-13,34,10262,2022-03-15,0
2021-12-14,35,10297,2022-03-15,0
2021-12-15,42,10339,2022-03-15,0
2021-12-16,33,10372,2022-03-15,0
2021-12-17,41,10413,2022-03-15,0
2021-12-18,33,10446,2022-03-15,0
2021-12-19,31,10477,2022-03-15,0
2021-12-20,33,10510,2022-03-15,0
2021-12-21,28,10538,2022-03-15,0
2021-12-22,29,10567,2022-03-15,0
2021-12-23,28,10595,2022-03-15,0
2021-12-24,30,10625,2022-03-15,0
2021-12-25,28,10653,2022-03-15,0
2021-12-26,42,10695,2022-03-15,0
2021-12-27,32,10727,2022-03-15,0
2021-12-28,35,10762,2022-03-15,0
2021-12-29,29,10791,2022-03-15,0
2021-12-30,20,10811,2022-03-15,1
2021-12-31,40,10851,2022-03-15,0
2022-01-01,27,10878,2022-03-15,0
2022-01-02,22,10900,2022-03-15,0
2022-01-03,23,10923,2022-03-15,0
2022-01-04,30,10953,2022-03-15,0
2022-01-05,32,10985,2022-03-15,0
2022-01-06,32,11017,2022-03-15,0
2022-01-07,28,11045,2022-03-15,0
2022-01-08,43,11088,2022-03-15,0
2022-01-09,18,11106,2022-03-15,0
2022-01-10,31,11137,2022-03-15,0
2022-01-11,18,11155,2022-03-15,0
2022-01-12,21,11176,2022-03-15,2
2022-01-13,27,11203,2022-03-15,0
2022-01-14,33,11236,2022-03-15,0
2022-01-15,26,11262,2022-03-15,0
2022-01-16,33,11295,2022-03-15,0
2022-01-17,36,11331,2022-03-15,0
2022-01-18,26,11357,2022-03-15,0
2022-01-19,29,11386,2022-03-15,0
2022-01-20,30,11416,2022-03-15,0
2022-01-21,27,11443,2022-03-15,0
2022-01-22,29,11472,2022-03-15,0
2022-01-23,22,11494,2022-03-15,0
2022-01-24,37,11531,2022-03-15,0
2022-01-25,33,11564,2022-03-15,0
2022-01-26,35,11599,2022-03-15,0
2022-01-27,37,11636,2022-03-15,0
2022-01-28,31,11667,2022-03-15,0
2022-01-29,29,11696,2022-03-15,0
2022-01-30,27,11723,2022-03-15,0
2022-01-31,18,11741,2022-03-15,0
2022-02-01,24,11765,2022-03-15,0
2022-02-02,22,11787,2022-03-15,0
2022-02-03,30,11817,2022-03-15,0
2022-02-04,20,11837,2022-03-15,0
2022-02-05,28,11865,2022-03-15,1
2022-02-06,27,11892,2022-03-15,0
2022-02-07,17,11909,2022-03-15,0
2022-02-08,27,11936,2022-03-15,0
2022-02-09,25,11961,2022-03-15,0
2022-02-10,21,11982,2022-03-15,0
2022-02-11,19,12001,2022-03-15,0
2022-02-12,16,12017,2022-03-15,0
2022-02-13,19,12036,2022-03-15,0
2022-02-14,17,12053,2022-03-15,1
2022-02-15,21,12074,2022-03-15,0
2022-02-16,13,12087,2022-03-15,0
2022-02-17,15,12102,2022-03-15,0
2022-02-18,13,12115,2022-03-15,0
2022-02-19,20,12135,2022-03-15,0
2022-02-20,15,12150,2022-03-15,0
2022-02-21,6,12156,2022-03-15,0
2022-02-22,14,12170,2022-03-15,0
2022-02-23,9,12179,2022-03-15,0
2022-02-24,25,12204,2022-03-15,0
2022-02-25,9,12213,2022-03-15,0
2022-02-26,10,12223,2022-03-15,0
2022-02-27,10,12233,2022-03-15,0
2022-02-28,7,12240,2022-03-15,0
2022-03-01,4,12244,2022-03-15,0
2022-03-02,8,12252,2022-03-15,0
2022-03-03,6,12258,2022-03-15,0
2022-03-04,10,12268,2022-03-15,2
2022-03-05,4,12272,2022-03-15,0
2022-03-06,7,12279,2022-03-15,0
2022-03-07,1,12280,2022-03-15,0
2022-03-08,1,12281,2022-03-15,0
2022-03-09,5,12286,2022-03-15,0
2022-03-10,2,12288,2022-03-15,2
NA,1,12289,2022-03-15,0
2020-03-19,1,1,2022-03-16,0
2020-03-20,0,1,2022-03-16,0
2020-03-21,0,1,2022-03-16,0
2020-03-22,0,1,2022-03-16,0
2020-03-23,0,1,2022-03-16,0
2020-03-24,1,2,2022-03-16,0
2020-03-25,1,3,2022-03-16,0
2020-03-26,1,4,2022-03-16,0
2020-03-27,5,9,2022-03-16,0
2020-03-28,3,12,2022-03-16,0
2020-03-29,0,12,2022-03-16,0
2020-03-30,5,17,2022-03-16,0
2020-03-31,2,19,2022-03-16,0
2020-04-01,5,24,2022-03-16,0
2020-04-02,3,27,2022-03-16,0
2020-04-03,1,28,2022-03-16,0
2020-04-04,5,33,2022-03-16,0
2020-04-05,5,38,2022-03-16,0
2020-04-06,10,48,2022-03-16,0
2020-04-07,6,54,2022-03-16,0
2020-04-08,7,61,2022-03-16,0
2020-04-09,8,69,2022-03-16,0
2020-04-10,6,75,2022-03-16,0
2020-04-11,4,79,2022-03-16,0
2020-04-12,4,83,2022-03-16,0
2020-04-13,10,93,2022-03-16,0
2020-04-14,6,99,2022-03-16,0
2020-04-15,17,116,2022-03-16,0
2020-04-16,10,126,2022-03-16,0
2020-04-17,17,143,2022-03-16,0
2020-04-18,17,160,2022-03-16,0
2020-04-19,16,176,2022-03-16,0
2020-04-20,21,197,2022-03-16,0
2020-04-21,26,223,2022-03-16,0
2020-04-22,21,244,2022-03-16,0
2020-04-23,19,263,2022-03-16,0
2020-04-24,23,286,2022-03-16,0
2020-04-25,18,304,2022-03-16,0
2020-04-26,17,321,2022-03-16,0
2020-04-27,21,342,2022-03-16,0
2020-04-28,16,358,2022-03-16,0
2020-04-29,29,387,2022-03-16,0
2020-04-30,18,405,2022-03-16,0
2020-05-01,30,435,2022-03-16,0
2020-05-02,19,454,2022-03-16,0
2020-05-03,29,483,2022-03-16,0
2020-05-04,23,506,2022-03-16,0
2020-05-05,19,525,2022-03-16,0
2020-05-06,25,550,2022-03-16,0
2020-05-07,30,580,2022-03-16,0
2020-05-08,20,600,2022-03-16,0
2020-05-09,26,626,2022-03-16,0
2020-05-10,19,645,2022-03-16,0
2020-05-11,25,670,2022-03-16,0
2020-05-12,20,690,2022-03-16,0
2020-05-13,22,712,2022-03-16,0
2020-05-14,20,732,2022-03-16,0
2020-05-15,20,752,2022-03-16,0
2020-05-16,20,772,2022-03-16,0
2020-05-17,23,795,2022-03-16,0
2020-05-18,18,813,2022-03-16,0
2020-05-19,35,848,2022-03-16,0
2020-05-20,24,872,2022-03-16,0
2020-05-21,17,889,2022-03-16,0
2020-05-22,20,909,2022-03-16,0
2020-05-23,26,935,2022-03-16,0
2020-05-24,25,960,2022-03-16,0
2020-05-25,30,990,2022-03-16,0
2020-05-26,29,1019,2022-03-16,0
2020-05-27,25,1044,2022-03-16,0
2020-05-28,21,1065,2022-03-16,0
2020-05-29,17,1082,2022-03-16,0
2020-05-30,10,1092,2022-03-16,0
2020-05-31,20,1112,2022-03-16,0
2020-06-01,23,1135,2022-03-16,0
2020-06-02,21,1156,2022-03-16,0
2020-06-03,25,1181,2022-03-16,0
2020-06-04,26,1207,2022-03-16,0
2020-06-05,18,1225,2022-03-16,0
2020-06-06,12,1237,2022-03-16,0
2020-06-07,22,1259,2022-03-16,0
2020-06-08,12,1271,2022-03-16,0
2020-06-09,13,1284,2022-03-16,0
2020-06-10,10,1294,2022-03-16,0
2020-06-11,12,1306,2022-03-16,0
2020-06-12,11,1317,2022-03-16,0
2020-06-13,13,1330,2022-03-16,0
2020-06-14,11,1341,2022-03-16,0
2020-06-15,8,1349,2022-03-16,0
2020-06-16,9,1358,2022-03-16,0
2020-06-17,17,1375,2022-03-16,0
2020-06-18,9,1384,2022-03-16,0
2020-06-19,8,1392,2022-03-16,0
2020-06-20,12,1404,2022-03-16,0
2020-06-21,11,1415,2022-03-16,0
2020-06-22,6,1421,2022-03-16,0
2020-06-23,10,1431,2022-03-16,0
2020-06-24,1,1432,2022-03-16,0
2020-06-25,9,1441,2022-03-16,0
2020-06-26,6,1447,2022-03-16,0
2020-06-27,5,1452,2022-03-16,0
2020-06-28,11,1463,2022-03-16,0
2020-06-29,7,1470,2022-03-16,0
2020-06-30,9,1479,2022-03-16,0
2020-07-01,2,1481,2022-03-16,0
2020-07-02,3,1484,2022-03-16,0
2020-07-03,5,1489,2022-03-16,0
2020-07-04,4,1493,2022-03-16,0
2020-07-05,6,1499,2022-03-16,0
2020-07-06,4,1503,2022-03-16,0
2020-07-07,2,1505,2022-03-16,0
2020-07-08,9,1514,2022-03-16,0
2020-07-09,4,1518,2022-03-16,0
2020-07-10,3,1521,2022-03-16,0
2020-07-11,4,1525,2022-03-16,0
2020-07-12,6,1531,2022-03-16,0
2020-07-13,2,1533,2022-03-16,0
2020-07-14,6,1539,2022-03-16,0
2020-07-15,7,1546,2022-03-16,0
2020-07-16,3,1549,2022-03-16,0
2020-07-17,7,1556,2022-03-16,0
2020-07-18,6,1562,2022-03-16,0
2020-07-19,5,1567,2022-03-16,0
2020-07-20,3,1570,2022-03-16,0
2020-07-21,6,1576,2022-03-16,0
2020-07-22,5,1581,2022-03-16,0
2020-07-23,8,1589,2022-03-16,0
2020-07-24,6,1595,2022-03-16,0
2020-07-25,2,1597,2022-03-16,0
2020-07-26,5,1602,2022-03-16,0
2020-07-27,5,1607,2022-03-16,0
2020-07-28,7,1614,2022-03-16,0
2020-07-29,3,1617,2022-03-16,0
2020-07-30,6,1623,2022-03-16,0
2020-07-31,9,1632,2022-03-16,0
2020-08-01,4,1636,2022-03-16,0
2020-08-02,7,1643,2022-03-16,0
2020-08-03,4,1647,2022-03-16,0
2020-08-04,7,1654,2022-03-16,0
2020-08-05,8,1662,2022-03-16,0
2020-08-06,9,1671,2022-03-16,0
2020-08-07,7,1678,2022-03-16,0
2020-08-08,6,1684,2022-03-16,0
2020-08-09,10,1694,2022-03-16,0
2020-08-10,3,1697,2022-03-16,0
2020-08-11,9,1706,2022-03-16,0
2020-08-12,7,1713,2022-03-16,0
2020-08-13,5,1718,2022-03-16,0
2020-08-14,9,1727,2022-03-16,0
2020-08-15,13,1740,2022-03-16,0
2020-08-16,13,1753,2022-03-16,0
2020-08-17,6,1759,2022-03-16,0
2020-08-18,11,1770,2022-03-16,0
2020-08-19,3,1773,2022-03-16,0
2020-08-20,10,1783,2022-03-16,0
2020-08-21,12,1795,2022-03-16,0
2020-08-22,9,1804,2022-03-16,0
2020-08-23,7,1811,2022-03-16,0
2020-08-24,9,1820,2022-03-16,0
2020-08-25,4,1824,2022-03-16,0
2020-08-26,3,1827,2022-03-16,0
2020-08-27,7,1834,2022-03-16,0
2020-08-28,6,1840,2022-03-16,0
2020-08-29,3,1843,2022-03-16,0
2020-08-30,5,1848,2022-03-16,0
2020-08-31,9,1857,2022-03-16,0
2020-09-01,2,1859,2022-03-16,0
2020-09-02,7,1866,2022-03-16,0
2020-09-03,12,1878,2022-03-16,0
2020-09-04,4,1882,2022-03-16,0
2020-09-05,6,1888,2022-03-16,0
2020-09-06,12,1900,2022-03-16,0
2020-09-07,3,1903,2022-03-16,0
2020-09-08,6,1909,2022-03-16,0
2020-09-09,10,1919,2022-03-16,0
2020-09-10,9,1928,2022-03-16,0
2020-09-11,11,1939,2022-03-16,0
2020-09-12,8,1947,2022-03-16,0
2020-09-13,8,1955,2022-03-16,0
2020-09-14,2,1957,2022-03-16,0
2020-09-15,7,1964,2022-03-16,0
2020-09-16,9,1973,2022-03-16,0
2020-09-17,5,1978,2022-03-16,0
2020-09-18,6,1984,2022-03-16,0
2020-09-19,4,1988,2022-03-16,0
2020-09-20,9,1997,2022-03-16,0
2020-09-21,7,2004,2022-03-16,0
2020-09-22,8,2012,2022-03-16,0
2020-09-23,9,2021,2022-03-16,0
2020-09-24,8,2029,2022-03-16,0
2020-09-25,11,2040,2022-03-16,0
2020-09-26,9,2049,2022-03-16,0
2020-09-27,14,2063,2022-03-16,0
2020-09-28,11,2074,2022-03-16,0
2020-09-29,5,2079,2022-03-16,0
2020-09-30,16,2095,2022-03-16,0
2020-10-01,7,2102,2022-03-16,0
2020-10-02,13,2115,2022-03-16,0
2020-10-03,9,2124,2022-03-16,0
2020-10-04,7,2131,2022-03-16,0
2020-10-05,10,2141,2022-03-16,0
2020-10-06,13,2154,2022-03-16,0
2020-10-07,19,2173,2022-03-16,0
2020-10-08,9,2182,2022-03-16,0
2020-10-09,17,2199,2022-03-16,0
2020-10-10,16,2215,2022-03-16,0
2020-10-11,16,2231,2022-03-16,0
2020-10-12,20,2251,2022-03-16,0
2020-10-13,14,2265,2022-03-16,0
2020-10-14,10,2275,2022-03-16,0
2020-10-15,9,2284,2022-03-16,0
2020-10-16,12,2296,2022-03-16,0
2020-10-17,18,2314,2022-03-16,0
2020-10-18,25,2339,2022-03-16,0
2020-10-19,18,2357,2022-03-16,0
2020-10-20,15,2372,2022-03-16,0
2020-10-21,24,2396,2022-03-16,0
2020-10-22,18,2414,2022-03-16,0
2020-10-23,19,2433,2022-03-16,0
2020-10-24,8,2441,2022-03-16,0
2020-10-25,17,2458,2022-03-16,0
2020-10-26,25,2483,2022-03-16,0
2020-10-27,23,2506,2022-03-16,0
2020-10-28,29,2535,2022-03-16,0
2020-10-29,18,2553,2022-03-16,0
2020-10-30,27,2580,2022-03-16,0
2020-10-31,25,2605,2022-03-16,0
2020-11-01,21,2626,2022-03-16,0
2020-11-02,25,2651,2022-03-16,0
2020-11-03,25,2676,2022-03-16,0
2020-11-04,33,2709,2022-03-16,0
2020-11-05,38,2747,2022-03-16,0
2020-11-06,39,2786,2022-03-16,0
2020-11-07,42,2828,2022-03-16,0
2020-11-08,47,2875,2022-03-16,0
2020-11-09,37,2912,2022-03-16,0
2020-11-10,35,2947,2022-03-16,0
2020-11-11,43,2990,2022-03-16,0
2020-11-12,45,3035,2022-03-16,0
2020-11-13,40,3075,2022-03-16,0
2020-11-14,48,3123,2022-03-16,0
2020-11-15,46,3169,2022-03-16,0
2020-11-16,62,3231,2022-03-16,0
2020-11-17,56,3287,2022-03-16,0
2020-11-18,61,3348,2022-03-16,0
2020-11-19,60,3408,2022-03-16,0
2020-11-20,63,3471,2022-03-16,0
2020-11-21,58,3529,2022-03-16,0
2020-11-22,67,3596,2022-03-16,0
2020-11-23,59,3655,2022-03-16,0
2020-11-24,69,3724,2022-03-16,0
2020-11-25,72,3796,2022-03-16,0
2020-11-26,54,3850,2022-03-16,0
2020-11-27,69,3919,2022-03-16,0
2020-11-28,62,3981,2022-03-16,0
2020-11-29,68,4049,2022-03-16,0
2020-11-30,62,4111,2022-03-16,0
2020-12-01,64,4175,2022-03-16,0
2020-12-02,73,4248,2022-03-16,0
2020-12-03,86,4334,2022-03-16,0
2020-12-04,67,4401,2022-03-16,0
2020-12-05,74,4475,2022-03-16,0
2020-12-06,80,4555,2022-03-16,0
2020-12-07,75,4630,2022-03-16,0
2020-12-08,61,4691,2022-03-16,0
2020-12-09,71,4762,2022-03-16,0
2020-12-10,72,4834,2022-03-16,0
2020-12-11,71,4905,2022-03-16,0
2020-12-12,72,4977,2022-03-16,0
2020-12-13,56,5033,2022-03-16,0
2020-12-14,43,5076,2022-03-16,0
2020-12-15,65,5141,2022-03-16,0
2020-12-16,74,5215,2022-03-16,0
2020-12-17,60,5275,2022-03-16,0
2020-12-18,59,5334,2022-03-16,0
2020-12-19,56,5390,2022-03-16,0
2020-12-20,61,5451,2022-03-16,0
2020-12-21,58,5509,2022-03-16,0
2020-12-22,33,5542,2022-03-16,0
2020-12-23,46,5588,2022-03-16,0
2020-12-24,51,5639,2022-03-16,0
2020-12-25,36,5675,2022-03-16,0
2020-12-26,43,5718,2022-03-16,0
2020-12-27,41,5759,2022-03-16,0
2020-12-28,34,5793,2022-03-16,0
2020-12-29,37,5830,2022-03-16,0
2020-12-30,47,5877,2022-03-16,0
2020-12-31,36,5913,2022-03-16,0
2021-01-01,28,5941,2022-03-16,0
2021-01-02,49,5990,2022-03-16,0
2021-01-03,37,6027,2022-03-16,0
2021-01-04,32,6059,2022-03-16,0
2021-01-05,40,6099,2022-03-16,0
2021-01-06,32,6131,2022-03-16,0
2021-01-07,38,6169,2022-03-16,0
2021-01-08,32,6201,2022-03-16,0
2021-01-09,26,6227,2022-03-16,0
2021-01-10,30,6257,2022-03-16,0
2021-01-11,27,6284,2022-03-16,0
2021-01-12,32,6316,2022-03-16,0
2021-01-13,23,6339,2022-03-16,0
2021-01-14,42,6381,2022-03-16,0
2021-01-15,26,6407,2022-03-16,0
2021-01-16,30,6437,2022-03-16,0
2021-01-17,21,6458,2022-03-16,0
2021-01-18,19,6477,2022-03-16,0
2021-01-19,14,6491,2022-03-16,0
2021-01-20,26,6517,2022-03-16,0
2021-01-21,16,6533,2022-03-16,0
2021-01-22,14,6547,2022-03-16,0
2021-01-23,17,6564,2022-03-16,0
2021-01-24,24,6588,2022-03-16,0
2021-01-25,19,6607,2022-03-16,0
2021-01-26,21,6628,2022-03-16,0
2021-01-27,11,6639,2022-03-16,0
2021-01-28,12,6651,2022-03-16,0
2021-01-29,15,6666,2022-03-16,0
2021-01-30,13,6679,2022-03-16,0
2021-01-31,17,6696,2022-03-16,0
2021-02-01,17,6713,2022-03-16,0
2021-02-02,10,6723,2022-03-16,0
2021-02-03,11,6734,2022-03-16,0
2021-02-04,11,6745,2022-03-16,0
2021-02-05,13,6758,2022-03-16,0
2021-02-06,12,6770,2022-03-16,0
2021-02-07,19,6789,2022-03-16,0
2021-02-08,11,6800,2022-03-16,0
2021-02-09,15,6815,2022-03-16,0
2021-02-10,14,6829,2022-03-16,0
2021-02-11,7,6836,2022-03-16,0
2021-02-12,14,6850,2022-03-16,0
2021-02-13,8,6858,2022-03-16,0
2021-02-14,10,6868,2022-03-16,0
2021-02-15,9,6877,2022-03-16,0
2021-02-16,12,6889,2022-03-16,0
2021-02-17,10,6899,2022-03-16,0
2021-02-18,7,6906,2022-03-16,0
2021-02-19,6,6912,2022-03-16,0
2021-02-20,7,6919,2022-03-16,0
2021-02-21,4,6923,2022-03-16,0
2021-02-22,5,6928,2022-03-16,0
2021-02-23,9,6937,2022-03-16,0
2021-02-24,5,6942,2022-03-16,0
2021-02-25,5,6947,2022-03-16,0
2021-02-26,7,6954,2022-03-16,0
2021-02-27,6,6960,2022-03-16,0
2021-02-28,8,6968,2022-03-16,0
2021-03-01,7,6975,2022-03-16,0
2021-03-02,3,6978,2022-03-16,0
2021-03-03,10,6988,2022-03-16,0
2021-03-04,6,6994,2022-03-16,0
2021-03-05,10,7004,2022-03-16,0
2021-03-06,5,7009,2022-03-16,0
2021-03-07,9,7018,2022-03-16,0
2021-03-08,5,7023,2022-03-16,0
2021-03-09,7,7030,2022-03-16,0
2021-03-10,5,7035,2022-03-16,0
2021-03-11,4,7039,2022-03-16,0
2021-03-12,11,7050,2022-03-16,0
2021-03-13,5,7055,2022-03-16,0
2021-03-14,5,7060,2022-03-16,0
2021-03-15,2,7062,2022-03-16,0
2021-03-16,6,7068,2022-03-16,0
2021-03-17,4,7072,2022-03-16,0
2021-03-18,5,7077,2022-03-16,0
2021-03-19,5,7082,2022-03-16,0
2021-03-20,9,7091,2022-03-16,0
2021-03-21,5,7096,2022-03-16,0
2021-03-22,4,7100,2022-03-16,0
2021-03-23,5,7105,2022-03-16,0
2021-03-24,1,7106,2022-03-16,0
2021-03-25,5,7111,2022-03-16,0
2021-03-26,3,7114,2022-03-16,0
2021-03-27,7,7121,2022-03-16,0
2021-03-28,6,7127,2022-03-16,0
2021-03-29,5,7132,2022-03-16,0
2021-03-30,6,7138,2022-03-16,0
2021-03-31,8,7146,2022-03-16,0
2021-04-01,6,7152,2022-03-16,0
2021-04-02,9,7161,2022-03-16,0
2021-04-03,8,7169,2022-03-16,0
2021-04-04,6,7175,2022-03-16,0
2021-04-05,8,7183,2022-03-16,0
2021-04-06,7,7190,2022-03-16,0
2021-04-07,6,7196,2022-03-16,0
2021-04-08,10,7206,2022-03-16,0
2021-04-09,7,7213,2022-03-16,0
2021-04-10,7,7220,2022-03-16,0
2021-04-11,8,7228,2022-03-16,0
2021-04-12,10,7238,2022-03-16,0
2021-04-13,7,7245,2022-03-16,0
2021-04-14,8,7253,2022-03-16,0
2021-04-15,14,7267,2022-03-16,0
2021-04-16,8,7275,2022-03-16,0
2021-04-17,8,7283,2022-03-16,0
2021-04-18,8,7291,2022-03-16,0
2021-04-19,10,7301,2022-03-16,0
2021-04-20,5,7306,2022-03-16,0
2021-04-21,8,7314,2022-03-16,0
2021-04-22,3,7317,2022-03-16,0
2021-04-23,15,7332,2022-03-16,0
2021-04-24,11,7343,2022-03-16,0
2021-04-25,15,7358,2022-03-16,0
2021-04-26,15,7373,2022-03-16,0
2021-04-27,7,7380,2022-03-16,0
2021-04-28,14,7394,2022-03-16,0
2021-04-29,8,7402,2022-03-16,0
2021-04-30,11,7413,2022-03-16,0
2021-05-01,7,7420,2022-03-16,0
2021-05-02,8,7428,2022-03-16,0
2021-05-03,5,7433,2022-03-16,0
2021-05-04,13,7446,2022-03-16,0
2021-05-05,9,7455,2022-03-16,0
2021-05-06,5,7460,2022-03-16,0
2021-05-07,8,7468,2022-03-16,0
2021-05-08,7,7475,2022-03-16,0
2021-05-09,9,7484,2022-03-16,0
2021-05-10,8,7492,2022-03-16,0
2021-05-11,6,7498,2022-03-16,0
2021-05-12,9,7507,2022-03-16,0
2021-05-13,9,7516,2022-03-16,0
2021-05-14,11,7527,2022-03-16,0
2021-05-15,10,7537,2022-03-16,0
2021-05-16,6,7543,2022-03-16,0
2021-05-17,6,7549,2022-03-16,0
2021-05-18,7,7556,2022-03-16,0
2021-05-19,2,7558,2022-03-16,0
2021-05-20,5,7563,2022-03-16,0
2021-05-21,7,7570,2022-03-16,0
2021-05-22,12,7582,2022-03-16,0
2021-05-23,5,7587,2022-03-16,0
2021-05-24,5,7592,2022-03-16,0
2021-05-25,6,7598,2022-03-16,0
2021-05-26,3,7601,2022-03-16,0
2021-05-27,7,7608,2022-03-16,0
2021-05-28,2,7610,2022-03-16,0
2021-05-29,6,7616,2022-03-16,0
2021-05-30,4,7620,2022-03-16,0
2021-05-31,3,7623,2022-03-16,0
2021-06-01,5,7628,2022-03-16,0
2021-06-02,8,7636,2022-03-16,0
2021-06-03,4,7640,2022-03-16,0
2021-06-04,4,7644,2022-03-16,0
2021-06-05,2,7646,2022-03-16,0
2021-06-06,5,7651,2022-03-16,0
2021-06-07,3,7654,2022-03-16,0
2021-06-08,5,7659,2022-03-16,0
2021-06-09,4,7663,2022-03-16,0
2021-06-10,6,7669,2022-03-16,0
2021-06-11,6,7675,2022-03-16,0
2021-06-12,4,7679,2022-03-16,0
2021-06-13,4,7683,2022-03-16,0
2021-06-14,3,7686,2022-03-16,0
2021-06-15,2,7688,2022-03-16,0
2021-06-16,2,7690,2022-03-16,0
2021-06-17,4,7694,2022-03-16,0
2021-06-18,2,7696,2022-03-16,0
2021-06-19,6,7702,2022-03-16,0
2021-06-20,1,7703,2022-03-16,0
2021-06-21,5,7708,2022-03-16,0
2021-06-22,3,7711,2022-03-16,0
2021-06-23,4,7715,2022-03-16,0
2021-06-24,3,7718,2022-03-16,0
2021-06-25,3,7721,2022-03-16,0
2021-06-26,4,7725,2022-03-16,0
2021-06-27,2,7727,2022-03-16,0
2021-06-28,2,7729,2022-03-16,0
2021-06-29,2,7731,2022-03-16,0
2021-06-30,2,7733,2022-03-16,0
2021-07-01,0,7733,2022-03-16,0
2021-07-02,2,7735,2022-03-16,0
2021-07-03,2,7737,2022-03-16,0
2021-07-04,3,7740,2022-03-16,0
2021-07-05,1,7741,2022-03-16,0
2021-07-06,5,7746,2022-03-16,0
2021-07-07,1,7747,2022-03-16,0
2021-07-08,1,7748,2022-03-16,0
2021-07-09,0,7748,2022-03-16,0
2021-07-10,1,7749,2022-03-16,0
2021-07-11,3,7752,2022-03-16,0
2021-07-12,1,7753,2022-03-16,0
2021-07-13,2,7755,2022-03-16,0
2021-07-14,2,7757,2022-03-16,0
2021-07-15,2,7759,2022-03-16,0
2021-07-16,1,7760,2022-03-16,0
2021-07-17,1,7761,2022-03-16,0
2021-07-18,0,7761,2022-03-16,0
2021-07-19,0,7761,2022-03-16,0
2021-07-20,2,7763,2022-03-16,0
2021-07-21,3,7766,2022-03-16,0
2021-07-22,2,7768,2022-03-16,0
2021-07-23,3,7771,2022-03-16,0
2021-07-24,0,7771,2022-03-16,0
2021-07-25,2,7773,2022-03-16,0
2021-07-26,1,7774,2022-03-16,0
2021-07-27,2,7776,2022-03-16,0
2021-07-28,3,7779,2022-03-16,0
2021-07-29,2,7781,2022-03-16,0
2021-07-30,5,7786,2022-03-16,0
2021-07-31,4,7790,2022-03-16,0
2021-08-01,1,7791,2022-03-16,0
2021-08-02,3,7794,2022-03-16,0
2021-08-03,2,7796,2022-03-16,0
2021-08-04,3,7799,2022-03-16,0
2021-08-05,2,7801,2022-03-16,0
2021-08-06,8,7809,2022-03-16,0
2021-08-07,3,7812,2022-03-16,0
2021-08-08,3,7815,2022-03-16,0
2021-08-09,3,7818,2022-03-16,0
2021-08-10,2,7820,2022-03-16,0
2021-08-11,2,7822,2022-03-16,0
2021-08-12,7,7829,2022-03-16,0
2021-08-13,5,7834,2022-03-16,0
2021-08-14,6,7840,2022-03-16,0
2021-08-15,0,7840,2022-03-16,0
2021-08-16,7,7847,2022-03-16,0
2021-08-17,7,7854,2022-03-16,0
2021-08-18,9,7863,2022-03-16,0
2021-08-19,2,7865,2022-03-16,0
2021-08-20,3,7868,2022-03-16,0
2021-08-21,5,7873,2022-03-16,0
2021-08-22,7,7880,2022-03-16,0
2021-08-23,5,7885,2022-03-16,0
2021-08-24,12,7897,2022-03-16,0
2021-08-25,7,7904,2022-03-16,0
2021-08-26,2,7906,2022-03-16,0
2021-08-27,6,7912,2022-03-16,0
2021-08-28,11,7923,2022-03-16,0
2021-08-29,11,7934,2022-03-16,0
2021-08-30,8,7942,2022-03-16,0
2021-08-31,8,7950,2022-03-16,0
2021-09-01,6,7956,2022-03-16,0
2021-09-02,6,7962,2022-03-16,0
2021-09-03,9,7971,2022-03-16,0
2021-09-04,9,7980,2022-03-16,0
2021-09-05,10,7990,2022-03-16,0
2021-09-06,8,7998,2022-03-16,0
2021-09-07,7,8005,2022-03-16,0
2021-09-08,11,8016,2022-03-16,0
2021-09-09,5,8021,2022-03-16,0
2021-09-10,9,8030,2022-03-16,0
2021-09-11,17,8047,2022-03-16,0
2021-09-12,10,8057,2022-03-16,0
2021-09-13,8,8065,2022-03-16,0
2021-09-14,11,8076,2022-03-16,0
2021-09-15,14,8090,2022-03-16,0
2021-09-16,16,8106,2022-03-16,0
2021-09-17,8,8114,2022-03-16,0
2021-09-18,15,8129,2022-03-16,0
2021-09-19,11,8140,2022-03-16,0
2021-09-20,16,8156,2022-03-16,0
2021-09-21,16,8172,2022-03-16,0
2021-09-22,17,8189,2022-03-16,0
2021-09-23,13,8202,2022-03-16,0
2021-09-24,13,8215,2022-03-16,0
2021-09-25,16,8231,2022-03-16,0
2021-09-26,15,8246,2022-03-16,0
2021-09-27,15,8261,2022-03-16,0
2021-09-28,11,8272,2022-03-16,0
2021-09-29,21,8293,2022-03-16,0
2021-09-30,17,8310,2022-03-16,0
2021-10-01,13,8323,2022-03-16,0
2021-10-02,15,8338,2022-03-16,0
2021-10-03,23,8361,2022-03-16,0
2021-10-04,15,8376,2022-03-16,0
2021-10-05,23,8399,2022-03-16,0
2021-10-06,21,8420,2022-03-16,0
2021-10-07,14,8434,2022-03-16,0
2021-10-08,22,8456,2022-03-16,0
2021-10-09,20,8476,2022-03-16,0
2021-10-10,14,8490,2022-03-16,0
2021-10-11,11,8501,2022-03-16,0
2021-10-12,25,8526,2022-03-16,0
2021-10-13,21,8547,2022-03-16,0
2021-10-14,22,8569,2022-03-16,0
2021-10-15,14,8583,2022-03-16,0
2021-10-16,20,8603,2022-03-16,0
2021-10-17,18,8621,2022-03-16,0
2021-10-18,17,8638,2022-03-16,0
2021-10-19,26,8664,2022-03-16,0
2021-10-20,17,8681,2022-03-16,0
2021-10-21,8,8689,2022-03-16,0
2021-10-22,23,8712,2022-03-16,0
2021-10-23,24,8736,2022-03-16,0
2021-10-24,25,8761,2022-03-16,0
2021-10-25,20,8781,2022-03-16,0
2021-10-26,22,8803,2022-03-16,0
2021-10-27,16,8819,2022-03-16,0
2021-10-28,24,8843,2022-03-16,0
2021-10-29,20,8863,2022-03-16,0
2021-10-30,20,8883,2022-03-16,0
2021-10-31,27,8910,2022-03-16,0
2021-11-01,18,8928,2022-03-16,0
2021-11-02,18,8946,2022-03-16,0
2021-11-03,28,8974,2022-03-16,0
2021-11-04,28,9002,2022-03-16,0
2021-11-05,29,9031,2022-03-16,0
2021-11-06,16,9047,2022-03-16,0
2021-11-07,24,9071,2022-03-16,0
2021-11-08,28,9099,2022-03-16,0
2021-11-09,17,9116,2022-03-16,0
2021-11-10,18,9134,2022-03-16,0
2021-11-11,28,9162,2022-03-16,0
2021-11-12,29,9191,2022-03-16,0
2021-11-13,31,9222,2022-03-16,0
2021-11-14,24,9246,2022-03-16,0
2021-11-15,28,9274,2022-03-16,0
2021-11-16,25,9299,2022-03-16,0
2021-11-17,37,9336,2022-03-16,0
2021-11-18,38,9374,2022-03-16,0
2021-11-19,34,9408,2022-03-16,0
2021-11-20,30,9438,2022-03-16,0
2021-11-21,32,9470,2022-03-16,0
2021-11-22,30,9500,2022-03-16,0
2021-11-23,32,9532,2022-03-16,0
2021-11-24,25,9557,2022-03-16,0
2021-11-25,35,9592,2022-03-16,0
2021-11-26,51,9643,2022-03-16,0
2021-11-27,36,9679,2022-03-16,0
2021-11-28,39,9718,2022-03-16,0
2021-11-29,29,9747,2022-03-16,0
2021-11-30,30,9777,2022-03-16,0
2021-12-01,47,9824,2022-03-16,0
2021-12-02,40,9864,2022-03-16,0
2021-12-03,31,9895,2022-03-16,0
2021-12-04,42,9937,2022-03-16,0
2021-12-05,36,9973,2022-03-16,0
2021-12-06,36,10009,2022-03-16,1
2021-12-07,36,10045,2022-03-16,0
2021-12-08,39,10084,2022-03-16,0
2021-12-09,47,10131,2022-03-16,0
2021-12-10,34,10165,2022-03-16,0
2021-12-11,27,10192,2022-03-16,0
2021-12-12,37,10229,2022-03-16,0
2021-12-13,34,10263,2022-03-16,0
2021-12-14,35,10298,2022-03-16,0
2021-12-15,42,10340,2022-03-16,0
2021-12-16,33,10373,2022-03-16,0
2021-12-17,41,10414,2022-03-16,0
2021-12-18,33,10447,2022-03-16,0
2021-12-19,31,10478,2022-03-16,0
2021-12-20,33,10511,2022-03-16,0
2021-12-21,28,10539,2022-03-16,0
2021-12-22,29,10568,2022-03-16,0
2021-12-23,28,10596,2022-03-16,0
2021-12-24,30,10626,2022-03-16,0
2021-12-25,28,10654,2022-03-16,0
2021-12-26,42,10696,2022-03-16,0
2021-12-27,32,10728,2022-03-16,0
2021-12-28,35,10763,2022-03-16,0
2021-12-29,29,10792,2022-03-16,0
2021-12-30,20,10812,2022-03-16,0
2021-12-31,40,10852,2022-03-16,0
2022-01-01,27,10879,2022-03-16,0
2022-01-02,22,10901,2022-03-16,0
2022-01-03,23,10924,2022-03-16,0
2022-01-04,30,10954,2022-03-16,0
2022-01-05,32,10986,2022-03-16,0
2022-01-06,32,11018,2022-03-16,0
2022-01-07,28,11046,2022-03-16,0
2022-01-08,43,11089,2022-03-16,0
2022-01-09,18,11107,2022-03-16,0
2022-01-10,31,11138,2022-03-16,0
2022-01-11,18,11156,2022-03-16,0
2022-01-12,21,11177,2022-03-16,0
2022-01-13,27,11204,2022-03-16,0
2022-01-14,33,11237,2022-03-16,0
2022-01-15,26,11263,2022-03-16,0
2022-01-16,33,11296,2022-03-16,0
2022-01-17,36,11332,2022-03-16,0
2022-01-18,26,11358,2022-03-16,0
2022-01-19,29,11387,2022-03-16,0
2022-01-20,30,11417,2022-03-16,0
2022-01-21,27,11444,2022-03-16,0
2022-01-22,29,11473,2022-03-16,0
2022-01-23,22,11495,2022-03-16,0
2022-01-24,37,11532,2022-03-16,0
2022-01-25,33,11565,2022-03-16,0
2022-01-26,35,11600,2022-03-16,0
2022-01-27,37,11637,2022-03-16,0
2022-01-28,31,11668,2022-03-16,0
2022-01-29,29,11697,2022-03-16,0
2022-01-30,27,11724,2022-03-16,0
2022-01-31,18,11742,2022-03-16,0
2022-02-01,25,11767,2022-03-16,1
2022-02-02,22,11789,2022-03-16,0
2022-02-03,30,11819,2022-03-16,0
2022-02-04,20,11839,2022-03-16,0
2022-02-05,28,11867,2022-03-16,0
2022-02-06,27,11894,2022-03-16,0
2022-02-07,17,11911,2022-03-16,0
2022-02-08,27,11938,2022-03-16,0
2022-02-09,25,11963,2022-03-16,0
2022-02-10,21,11984,2022-03-16,0
2022-02-11,19,12003,2022-03-16,0
2022-02-12,16,12019,2022-03-16,0
2022-02-13,19,12038,2022-03-16,0
2022-02-14,17,12055,2022-03-16,0
2022-02-15,21,12076,2022-03-16,0
2022-02-16,13,12089,2022-03-16,0
2022-02-17,15,12104,2022-03-16,0
2022-02-18,13,12117,2022-03-16,0
2022-02-19,20,12137,2022-03-16,0
2022-02-20,15,12152,2022-03-16,0
2022-02-21,6,12158,2022-03-16,0
2022-02-22,14,12172,2022-03-16,0
2022-02-23,9,12181,2022-03-16,0
2022-02-24,25,12206,2022-03-16,0
2022-02-25,9,12215,2022-03-16,0
2022-02-26,10,12225,2022-03-16,0
2022-02-27,10,12235,2022-03-16,0
2022-02-28,7,12242,2022-03-16,0
2022-03-01,5,12247,2022-03-16,1
2022-03-02,8,12255,2022-03-16,0
2022-03-03,6,12261,2022-03-16,0
2022-03-04,10,12271,2022-03-16,0
2022-03-05,4,12275,2022-03-16,0
2022-03-06,9,12284,2022-03-16,2
2022-03-07,3,12287,2022-03-16,2
2022-03-08,2,12289,2022-03-16,1
2022-03-09,7,12296,2022-03-16,2
2022-03-10,3,12299,2022-03-16,1
2022-03-11,1,12300,2022-03-16,1
2022-03-12,0,12300,2022-03-16,0
2022-03-13,1,12301,2022-03-16,1
NA,1,12302,2022-03-16,0
2020-03-19,1,1,2022-03-17,0
2020-03-20,0,1,2022-03-17,0
2020-03-21,0,1,2022-03-17,0
2020-03-22,0,1,2022-03-17,0
2020-03-23,0,1,2022-03-17,0
2020-03-24,1,2,2022-03-17,0
2020-03-25,1,3,2022-03-17,0
2020-03-26,1,4,2022-03-17,0
2020-03-27,5,9,2022-03-17,0
2020-03-28,3,12,2022-03-17,0
2020-03-29,0,12,2022-03-17,0
2020-03-30,5,17,2022-03-17,0
2020-03-31,2,19,2022-03-17,0
2020-04-01,5,24,2022-03-17,0
2020-04-02,3,27,2022-03-17,0
2020-04-03,1,28,2022-03-17,0
2020-04-04,5,33,2022-03-17,0
2020-04-05,5,38,2022-03-17,0
2020-04-06,10,48,2022-03-17,0
2020-04-07,6,54,2022-03-17,0
2020-04-08,7,61,2022-03-17,0
2020-04-09,8,69,2022-03-17,0
2020-04-10,6,75,2022-03-17,0
2020-04-11,4,79,2022-03-17,0
2020-04-12,4,83,2022-03-17,0
2020-04-13,10,93,2022-03-17,0
2020-04-14,6,99,2022-03-17,0
2020-04-15,17,116,2022-03-17,0
2020-04-16,10,126,2022-03-17,0
2020-04-17,17,143,2022-03-17,0
2020-04-18,17,160,2022-03-17,0
2020-04-19,16,176,2022-03-17,0
2020-04-20,21,197,2022-03-17,0
2020-04-21,26,223,2022-03-17,0
2020-04-22,21,244,2022-03-17,0
2020-04-23,19,263,2022-03-17,0
2020-04-24,23,286,2022-03-17,0
2020-04-25,18,304,2022-03-17,0
2020-04-26,17,321,2022-03-17,0
2020-04-27,21,342,2022-03-17,0
2020-04-28,16,358,2022-03-17,0
2020-04-29,29,387,2022-03-17,0
2020-04-30,18,405,2022-03-17,0
2020-05-01,30,435,2022-03-17,0
2020-05-02,19,454,2022-03-17,0
2020-05-03,29,483,2022-03-17,0
2020-05-04,23,506,2022-03-17,0
2020-05-05,19,525,2022-03-17,0
2020-05-06,25,550,2022-03-17,0
2020-05-07,30,580,2022-03-17,0
2020-05-08,20,600,2022-03-17,0
2020-05-09,26,626,2022-03-17,0
2020-05-10,19,645,2022-03-17,0
2020-05-11,25,670,2022-03-17,0
2020-05-12,20,690,2022-03-17,0
2020-05-13,22,712,2022-03-17,0
2020-05-14,20,732,2022-03-17,0
2020-05-15,20,752,2022-03-17,0
2020-05-16,20,772,2022-03-17,0
2020-05-17,23,795,2022-03-17,0
2020-05-18,18,813,2022-03-17,0
2020-05-19,35,848,2022-03-17,0
2020-05-20,24,872,2022-03-17,0
2020-05-21,17,889,2022-03-17,0
2020-05-22,20,909,2022-03-17,0
2020-05-23,26,935,2022-03-17,0
2020-05-24,25,960,2022-03-17,0
2020-05-25,30,990,2022-03-17,0
2020-05-26,29,1019,2022-03-17,0
2020-05-27,25,1044,2022-03-17,0
2020-05-28,21,1065,2022-03-17,0
2020-05-29,17,1082,2022-03-17,0
2020-05-30,10,1092,2022-03-17,0
2020-05-31,20,1112,2022-03-17,0
2020-06-01,23,1135,2022-03-17,0
2020-06-02,21,1156,2022-03-17,0
2020-06-03,25,1181,2022-03-17,0
2020-06-04,26,1207,2022-03-17,0
2020-06-05,18,1225,2022-03-17,0
2020-06-06,12,1237,2022-03-17,0
2020-06-07,22,1259,2022-03-17,0
2020-06-08,12,1271,2022-03-17,0
2020-06-09,13,1284,2022-03-17,0
2020-06-10,10,1294,2022-03-17,0
2020-06-11,12,1306,2022-03-17,0
2020-06-12,11,1317,2022-03-17,0
2020-06-13,13,1330,2022-03-17,0
2020-06-14,11,1341,2022-03-17,0
2020-06-15,8,1349,2022-03-17,0
2020-06-16,9,1358,2022-03-17,0
2020-06-17,17,1375,2022-03-17,0
2020-06-18,9,1384,2022-03-17,0
2020-06-19,8,1392,2022-03-17,0
2020-06-20,12,1404,2022-03-17,0
2020-06-21,11,1415,2022-03-17,0
2020-06-22,6,1421,2022-03-17,0
2020-06-23,10,1431,2022-03-17,0
2020-06-24,1,1432,2022-03-17,0
2020-06-25,9,1441,2022-03-17,0
2020-06-26,6,1447,2022-03-17,0
2020-06-27,5,1452,2022-03-17,0
2020-06-28,11,1463,2022-03-17,0
2020-06-29,7,1470,2022-03-17,0
2020-06-30,9,1479,2022-03-17,0
2020-07-01,2,1481,2022-03-17,0
2020-07-02,3,1484,2022-03-17,0
2020-07-03,5,1489,2022-03-17,0
2020-07-04,4,1493,2022-03-17,0
2020-07-05,6,1499,2022-03-17,0
2020-07-06,4,1503,2022-03-17,0
2020-07-07,2,1505,2022-03-17,0
2020-07-08,9,1514,2022-03-17,0
2020-07-09,4,1518,2022-03-17,0
2020-07-10,3,1521,2022-03-17,0
2020-07-11,4,1525,2022-03-17,0
2020-07-12,6,1531,2022-03-17,0
2020-07-13,2,1533,2022-03-17,0
2020-07-14,6,1539,2022-03-17,0
2020-07-15,7,1546,2022-03-17,0
2020-07-16,3,1549,2022-03-17,0
2020-07-17,7,1556,2022-03-17,0
2020-07-18,6,1562,2022-03-17,0
2020-07-19,5,1567,2022-03-17,0
2020-07-20,3,1570,2022-03-17,0
2020-07-21,6,1576,2022-03-17,0
2020-07-22,5,1581,2022-03-17,0
2020-07-23,8,1589,2022-03-17,0
2020-07-24,6,1595,2022-03-17,0
2020-07-25,2,1597,2022-03-17,0
2020-07-26,5,1602,2022-03-17,0
2020-07-27,5,1607,2022-03-17,0
2020-07-28,7,1614,2022-03-17,0
2020-07-29,3,1617,2022-03-17,0
2020-07-30,6,1623,2022-03-17,0
2020-07-31,9,1632,2022-03-17,0
2020-08-01,4,1636,2022-03-17,0
2020-08-02,7,1643,2022-03-17,0
2020-08-03,4,1647,2022-03-17,0
2020-08-04,7,1654,2022-03-17,0
2020-08-05,8,1662,2022-03-17,0
2020-08-06,9,1671,2022-03-17,0
2020-08-07,7,1678,2022-03-17,0
2020-08-08,6,1684,2022-03-17,0
2020-08-09,10,1694,2022-03-17,0
2020-08-10,3,1697,2022-03-17,0
2020-08-11,9,1706,2022-03-17,0
2020-08-12,7,1713,2022-03-17,0
2020-08-13,5,1718,2022-03-17,0
2020-08-14,9,1727,2022-03-17,0
2020-08-15,13,1740,2022-03-17,0
2020-08-16,13,1753,2022-03-17,0
2020-08-17,6,1759,2022-03-17,0
2020-08-18,11,1770,2022-03-17,0
2020-08-19,3,1773,2022-03-17,0
2020-08-20,10,1783,2022-03-17,0
2020-08-21,12,1795,2022-03-17,0
2020-08-22,9,1804,2022-03-17,0
2020-08-23,7,1811,2022-03-17,0
2020-08-24,9,1820,2022-03-17,0
2020-08-25,4,1824,2022-03-17,0
2020-08-26,3,1827,2022-03-17,0
2020-08-27,7,1834,2022-03-17,0
2020-08-28,6,1840,2022-03-17,0
2020-08-29,3,1843,2022-03-17,0
2020-08-30,5,1848,2022-03-17,0
2020-08-31,9,1857,2022-03-17,0
2020-09-01,2,1859,2022-03-17,0
2020-09-02,7,1866,2022-03-17,0
2020-09-03,12,1878,2022-03-17,0
2020-09-04,4,1882,2022-03-17,0
2020-09-05,6,1888,2022-03-17,0
2020-09-06,12,1900,2022-03-17,0
2020-09-07,3,1903,2022-03-17,0
2020-09-08,6,1909,2022-03-17,0
2020-09-09,10,1919,2022-03-17,0
2020-09-10,9,1928,2022-03-17,0
2020-09-11,11,1939,2022-03-17,0
2020-09-12,8,1947,2022-03-17,0
2020-09-13,8,1955,2022-03-17,0
2020-09-14,2,1957,2022-03-17,0
2020-09-15,7,1964,2022-03-17,0
2020-09-16,9,1973,2022-03-17,0
2020-09-17,5,1978,2022-03-17,0
2020-09-18,6,1984,2022-03-17,0
2020-09-19,4,1988,2022-03-17,0
2020-09-20,9,1997,2022-03-17,0
2020-09-21,7,2004,2022-03-17,0
2020-09-22,8,2012,2022-03-17,0
2020-09-23,9,2021,2022-03-17,0
2020-09-24,8,2029,2022-03-17,0
2020-09-25,11,2040,2022-03-17,0
2020-09-26,9,2049,2022-03-17,0
2020-09-27,14,2063,2022-03-17,0
2020-09-28,11,2074,2022-03-17,0
2020-09-29,5,2079,2022-03-17,0
2020-09-30,16,2095,2022-03-17,0
2020-10-01,7,2102,2022-03-17,0
2020-10-02,13,2115,2022-03-17,0
2020-10-03,9,2124,2022-03-17,0
2020-10-04,7,2131,2022-03-17,0
2020-10-05,10,2141,2022-03-17,0
2020-10-06,13,2154,2022-03-17,0
2020-10-07,19,2173,2022-03-17,0
2020-10-08,9,2182,2022-03-17,0
2020-10-09,17,2199,2022-03-17,0
2020-10-10,16,2215,2022-03-17,0
2020-10-11,16,2231,2022-03-17,0
2020-10-12,20,2251,2022-03-17,0
2020-10-13,14,2265,2022-03-17,0
2020-10-14,10,2275,2022-03-17,0
2020-10-15,9,2284,2022-03-17,0
2020-10-16,12,2296,2022-03-17,0
2020-10-17,18,2314,2022-03-17,0
2020-10-18,25,2339,2022-03-17,0
2020-10-19,18,2357,2022-03-17,0
2020-10-20,15,2372,2022-03-17,0
2020-10-21,24,2396,2022-03-17,0
2020-10-22,18,2414,2022-03-17,0
2020-10-23,19,2433,2022-03-17,0
2020-10-24,8,2441,2022-03-17,0
2020-10-25,17,2458,2022-03-17,0
2020-10-26,25,2483,2022-03-17,0
2020-10-27,23,2506,2022-03-17,0
2020-10-28,29,2535,2022-03-17,0
2020-10-29,18,2553,2022-03-17,0
2020-10-30,27,2580,2022-03-17,0
2020-10-31,25,2605,2022-03-17,0
2020-11-01,21,2626,2022-03-17,0
2020-11-02,25,2651,2022-03-17,0
2020-11-03,25,2676,2022-03-17,0
2020-11-04,33,2709,2022-03-17,0
2020-11-05,38,2747,2022-03-17,0
2020-11-06,39,2786,2022-03-17,0
2020-11-07,42,2828,2022-03-17,0
2020-11-08,47,2875,2022-03-17,0
2020-11-09,37,2912,2022-03-17,0
2020-11-10,35,2947,2022-03-17,0
2020-11-11,43,2990,2022-03-17,0
2020-11-12,45,3035,2022-03-17,0
2020-11-13,40,3075,2022-03-17,0
2020-11-14,48,3123,2022-03-17,0
2020-11-15,46,3169,2022-03-17,0
2020-11-16,62,3231,2022-03-17,0
2020-11-17,56,3287,2022-03-17,0
2020-11-18,61,3348,2022-03-17,0
2020-11-19,60,3408,2022-03-17,0
2020-11-20,63,3471,2022-03-17,0
2020-11-21,58,3529,2022-03-17,0
2020-11-22,67,3596,2022-03-17,0
2020-11-23,59,3655,2022-03-17,0
2020-11-24,69,3724,2022-03-17,0
2020-11-25,72,3796,2022-03-17,0
2020-11-26,54,3850,2022-03-17,0
2020-11-27,69,3919,2022-03-17,0
2020-11-28,62,3981,2022-03-17,0
2020-11-29,68,4049,2022-03-17,0
2020-11-30,62,4111,2022-03-17,0
2020-12-01,64,4175,2022-03-17,0
2020-12-02,73,4248,2022-03-17,0
2020-12-03,86,4334,2022-03-17,0
2020-12-04,67,4401,2022-03-17,0
2020-12-05,74,4475,2022-03-17,0
2020-12-06,80,4555,2022-03-17,0
2020-12-07,75,4630,2022-03-17,0
2020-12-08,61,4691,2022-03-17,0
2020-12-09,71,4762,2022-03-17,0
2020-12-10,72,4834,2022-03-17,0
2020-12-11,71,4905,2022-03-17,0
2020-12-12,72,4977,2022-03-17,0
2020-12-13,56,5033,2022-03-17,0
2020-12-14,43,5076,2022-03-17,0
2020-12-15,65,5141,2022-03-17,0
2020-12-16,74,5215,2022-03-17,0
2020-12-17,60,5275,2022-03-17,0
2020-12-18,59,5334,2022-03-17,0
2020-12-19,56,5390,2022-03-17,0
2020-12-20,61,5451,2022-03-17,0
2020-12-21,58,5509,2022-03-17,0
2020-12-22,33,5542,2022-03-17,0
2020-12-23,46,5588,2022-03-17,0
2020-12-24,51,5639,2022-03-17,0
2020-12-25,36,5675,2022-03-17,0
2020-12-26,43,5718,2022-03-17,0
2020-12-27,41,5759,2022-03-17,0
2020-12-28,34,5793,2022-03-17,0
2020-12-29,37,5830,2022-03-17,0
2020-12-30,47,5877,2022-03-17,0
2020-12-31,36,5913,2022-03-17,0
2021-01-01,28,5941,2022-03-17,0
2021-01-02,49,5990,2022-03-17,0
2021-01-03,37,6027,2022-03-17,0
2021-01-04,32,6059,2022-03-17,0
2021-01-05,40,6099,2022-03-17,0
2021-01-06,32,6131,2022-03-17,0
2021-01-07,38,6169,2022-03-17,0
2021-01-08,32,6201,2022-03-17,0
2021-01-09,26,6227,2022-03-17,0
2021-01-10,30,6257,2022-03-17,0
2021-01-11,27,6284,2022-03-17,0
2021-01-12,32,6316,2022-03-17,0
2021-01-13,23,6339,2022-03-17,0
2021-01-14,42,6381,2022-03-17,0
2021-01-15,26,6407,2022-03-17,0
2021-01-16,30,6437,2022-03-17,0
2021-01-17,21,6458,2022-03-17,0
2021-01-18,19,6477,2022-03-17,0
2021-01-19,14,6491,2022-03-17,0
2021-01-20,26,6517,2022-03-17,0
2021-01-21,16,6533,2022-03-17,0
2021-01-22,14,6547,2022-03-17,0
2021-01-23,17,6564,2022-03-17,0
2021-01-24,24,6588,2022-03-17,0
2021-01-25,19,6607,2022-03-17,0
2021-01-26,21,6628,2022-03-17,0
2021-01-27,11,6639,2022-03-17,0
2021-01-28,12,6651,2022-03-17,0
2021-01-29,15,6666,2022-03-17,0
2021-01-30,13,6679,2022-03-17,0
2021-01-31,17,6696,2022-03-17,0
2021-02-01,17,6713,2022-03-17,0
2021-02-02,10,6723,2022-03-17,0
2021-02-03,11,6734,2022-03-17,0
2021-02-04,11,6745,2022-03-17,0
2021-02-05,13,6758,2022-03-17,0
2021-02-06,12,6770,2022-03-17,0
2021-02-07,19,6789,2022-03-17,0
2021-02-08,11,6800,2022-03-17,0
2021-02-09,15,6815,2022-03-17,0
2021-02-10,14,6829,2022-03-17,0
2021-02-11,7,6836,2022-03-17,0
2021-02-12,14,6850,2022-03-17,0
2021-02-13,8,6858,2022-03-17,0
2021-02-14,10,6868,2022-03-17,0
2021-02-15,9,6877,2022-03-17,0
2021-02-16,12,6889,2022-03-17,0
2021-02-17,10,6899,2022-03-17,0
2021-02-18,7,6906,2022-03-17,0
2021-02-19,6,6912,2022-03-17,0
2021-02-20,7,6919,2022-03-17,0
2021-02-21,4,6923,2022-03-17,0
2021-02-22,5,6928,2022-03-17,0
2021-02-23,9,6937,2022-03-17,0
2021-02-24,5,6942,2022-03-17,0
2021-02-25,5,6947,2022-03-17,0
2021-02-26,7,6954,2022-03-17,0
2021-02-27,6,6960,2022-03-17,0
2021-02-28,8,6968,2022-03-17,0
2021-03-01,7,6975,2022-03-17,0
2021-03-02,3,6978,2022-03-17,0
2021-03-03,10,6988,2022-03-17,0
2021-03-04,6,6994,2022-03-17,0
2021-03-05,10,7004,2022-03-17,0
2021-03-06,5,7009,2022-03-17,0
2021-03-07,9,7018,2022-03-17,0
2021-03-08,5,7023,2022-03-17,0
2021-03-09,7,7030,2022-03-17,0
2021-03-10,5,7035,2022-03-17,0
2021-03-11,4,7039,2022-03-17,0
2021-03-12,11,7050,2022-03-17,0
2021-03-13,5,7055,2022-03-17,0
2021-03-14,5,7060,2022-03-17,0
2021-03-15,2,7062,2022-03-17,0
2021-03-16,6,7068,2022-03-17,0
2021-03-17,4,7072,2022-03-17,0
2021-03-18,5,7077,2022-03-17,0
2021-03-19,5,7082,2022-03-17,0
2021-03-20,9,7091,2022-03-17,0
2021-03-21,5,7096,2022-03-17,0
2021-03-22,4,7100,2022-03-17,0
2021-03-23,5,7105,2022-03-17,0
2021-03-24,1,7106,2022-03-17,0
2021-03-25,5,7111,2022-03-17,0
2021-03-26,3,7114,2022-03-17,0
2021-03-27,7,7121,2022-03-17,0
2021-03-28,6,7127,2022-03-17,0
2021-03-29,5,7132,2022-03-17,0
2021-03-30,6,7138,2022-03-17,0
2021-03-31,8,7146,2022-03-17,0
2021-04-01,6,7152,2022-03-17,0
2021-04-02,9,7161,2022-03-17,0
2021-04-03,8,7169,2022-03-17,0
2021-04-04,6,7175,2022-03-17,0
2021-04-05,8,7183,2022-03-17,0
2021-04-06,7,7190,2022-03-17,0
2021-04-07,6,7196,2022-03-17,0
2021-04-08,10,7206,2022-03-17,0
2021-04-09,7,7213,2022-03-17,0
2021-04-10,7,7220,2022-03-17,0
2021-04-11,8,7228,2022-03-17,0
2021-04-12,10,7238,2022-03-17,0
2021-04-13,7,7245,2022-03-17,0
2021-04-14,8,7253,2022-03-17,0
2021-04-15,14,7267,2022-03-17,0
2021-04-16,8,7275,2022-03-17,0
2021-04-17,8,7283,2022-03-17,0
2021-04-18,8,7291,2022-03-17,0
2021-04-19,10,7301,2022-03-17,0
2021-04-20,5,7306,2022-03-17,0
2021-04-21,8,7314,2022-03-17,0
2021-04-22,3,7317,2022-03-17,0
2021-04-23,15,7332,2022-03-17,0
2021-04-24,11,7343,2022-03-17,0
2021-04-25,15,7358,2022-03-17,0
2021-04-26,15,7373,2022-03-17,0
2021-04-27,7,7380,2022-03-17,0
2021-04-28,14,7394,2022-03-17,0
2021-04-29,8,7402,2022-03-17,0
2021-04-30,11,7413,2022-03-17,0
2021-05-01,7,7420,2022-03-17,0
2021-05-02,8,7428,2022-03-17,0
2021-05-03,5,7433,2022-03-17,0
2021-05-04,13,7446,2022-03-17,0
2021-05-05,9,7455,2022-03-17,0
2021-05-06,5,7460,2022-03-17,0
2021-05-07,8,7468,2022-03-17,0
2021-05-08,7,7475,2022-03-17,0
2021-05-09,9,7484,2022-03-17,0
2021-05-10,8,7492,2022-03-17,0
2021-05-11,6,7498,2022-03-17,0
2021-05-12,9,7507,2022-03-17,0
2021-05-13,9,7516,2022-03-17,0
2021-05-14,11,7527,2022-03-17,0
2021-05-15,10,7537,2022-03-17,0
2021-05-16,6,7543,2022-03-17,0
2021-05-17,6,7549,2022-03-17,0
2021-05-18,7,7556,2022-03-17,0
2021-05-19,2,7558,2022-03-17,0
2021-05-20,5,7563,2022-03-17,0
2021-05-21,7,7570,2022-03-17,0
2021-05-22,12,7582,2022-03-17,0
2021-05-23,5,7587,2022-03-17,0
2021-05-24,5,7592,2022-03-17,0
2021-05-25,6,7598,2022-03-17,0
2021-05-26,3,7601,2022-03-17,0
2021-05-27,7,7608,2022-03-17,0
2021-05-28,2,7610,2022-03-17,0
2021-05-29,6,7616,2022-03-17,0
2021-05-30,4,7620,2022-03-17,0
2021-05-31,3,7623,2022-03-17,0
2021-06-01,5,7628,2022-03-17,0
2021-06-02,8,7636,2022-03-17,0
2021-06-03,4,7640,2022-03-17,0
2021-06-04,4,7644,2022-03-17,0
2021-06-05,2,7646,2022-03-17,0
2021-06-06,5,7651,2022-03-17,0
2021-06-07,3,7654,2022-03-17,0
2021-06-08,5,7659,2022-03-17,0
2021-06-09,4,7663,2022-03-17,0
2021-06-10,6,7669,2022-03-17,0
2021-06-11,6,7675,2022-03-17,0
2021-06-12,4,7679,2022-03-17,0
2021-06-13,4,7683,2022-03-17,0
2021-06-14,3,7686,2022-03-17,0
2021-06-15,2,7688,2022-03-17,0
2021-06-16,2,7690,2022-03-17,0
2021-06-17,4,7694,2022-03-17,0
2021-06-18,2,7696,2022-03-17,0
2021-06-19,6,7702,2022-03-17,0
2021-06-20,1,7703,2022-03-17,0
2021-06-21,5,7708,2022-03-17,0
2021-06-22,3,7711,2022-03-17,0
2021-06-23,4,7715,2022-03-17,0
2021-06-24,3,7718,2022-03-17,0
2021-06-25,3,7721,2022-03-17,0
2021-06-26,4,7725,2022-03-17,0
2021-06-27,2,7727,2022-03-17,0
2021-06-28,2,7729,2022-03-17,0
2021-06-29,2,7731,2022-03-17,0
2021-06-30,2,7733,2022-03-17,0
2021-07-01,0,7733,2022-03-17,0
2021-07-02,2,7735,2022-03-17,0
2021-07-03,2,7737,2022-03-17,0
2021-07-04,3,7740,2022-03-17,0
2021-07-05,1,7741,2022-03-17,0
2021-07-06,5,7746,2022-03-17,0
2021-07-07,1,7747,2022-03-17,0
2021-07-08,1,7748,2022-03-17,0
2021-07-09,0,7748,2022-03-17,0
2021-07-10,1,7749,2022-03-17,0
2021-07-11,3,7752,2022-03-17,0
2021-07-12,1,7753,2022-03-17,0
2021-07-13,2,7755,2022-03-17,0
2021-07-14,2,7757,2022-03-17,0
2021-07-15,2,7759,2022-03-17,0
2021-07-16,1,7760,2022-03-17,0
2021-07-17,1,7761,2022-03-17,0
2021-07-18,0,7761,2022-03-17,0
2021-07-19,0,7761,2022-03-17,0
2021-07-20,2,7763,2022-03-17,0
2021-07-21,3,7766,2022-03-17,0
2021-07-22,2,7768,2022-03-17,0
2021-07-23,3,7771,2022-03-17,0
2021-07-24,0,7771,2022-03-17,0
2021-07-25,2,7773,2022-03-17,0
2021-07-26,1,7774,2022-03-17,0
2021-07-27,2,7776,2022-03-17,0
2021-07-28,3,7779,2022-03-17,0
2021-07-29,2,7781,2022-03-17,0
2021-07-30,5,7786,2022-03-17,0
2021-07-31,4,7790,2022-03-17,0
2021-08-01,1,7791,2022-03-17,0
2021-08-02,3,7794,2022-03-17,0
2021-08-03,2,7796,2022-03-17,0
2021-08-04,3,7799,2022-03-17,0
2021-08-05,2,7801,2022-03-17,0
2021-08-06,8,7809,2022-03-17,0
2021-08-07,3,7812,2022-03-17,0
2021-08-08,3,7815,2022-03-17,0
2021-08-09,3,7818,2022-03-17,0
2021-08-10,2,7820,2022-03-17,0
2021-08-11,2,7822,2022-03-17,0
2021-08-12,7,7829,2022-03-17,0
2021-08-13,5,7834,2022-03-17,0
2021-08-14,6,7840,2022-03-17,0
2021-08-15,0,7840,2022-03-17,0
2021-08-16,7,7847,2022-03-17,0
2021-08-17,7,7854,2022-03-17,0
2021-08-18,9,7863,2022-03-17,0
2021-08-19,2,7865,2022-03-17,0
2021-08-20,3,7868,2022-03-17,0
2021-08-21,5,7873,2022-03-17,0
2021-08-22,7,7880,2022-03-17,0
2021-08-23,5,7885,2022-03-17,0
2021-08-24,12,7897,2022-03-17,0
2021-08-25,7,7904,2022-03-17,0
2021-08-26,2,7906,2022-03-17,0
2021-08-27,6,7912,2022-03-17,0
2021-08-28,11,7923,2022-03-17,0
2021-08-29,11,7934,2022-03-17,0
2021-08-30,8,7942,2022-03-17,0
2021-08-31,8,7950,2022-03-17,0
2021-09-01,6,7956,2022-03-17,0
2021-09-02,6,7962,2022-03-17,0
2021-09-03,9,7971,2022-03-17,0
2021-09-04,9,7980,2022-03-17,0
2021-09-05,10,7990,2022-03-17,0
2021-09-06,8,7998,2022-03-17,0
2021-09-07,7,8005,2022-03-17,0
2021-09-08,11,8016,2022-03-17,0
2021-09-09,5,8021,2022-03-17,0
2021-09-10,9,8030,2022-03-17,0
2021-09-11,17,8047,2022-03-17,0
2021-09-12,10,8057,2022-03-17,0
2021-09-13,8,8065,2022-03-17,0
2021-09-14,11,8076,2022-03-17,0
2021-09-15,14,8090,2022-03-17,0
2021-09-16,16,8106,2022-03-17,0
2021-09-17,8,8114,2022-03-17,0
2021-09-18,15,8129,2022-03-17,0
2021-09-19,11,8140,2022-03-17,0
2021-09-20,16,8156,2022-03-17,0
2021-09-21,16,8172,2022-03-17,0
2021-09-22,17,8189,2022-03-17,0
2021-09-23,13,8202,2022-03-17,0
2021-09-24,13,8215,2022-03-17,0
2021-09-25,16,8231,2022-03-17,0
2021-09-26,15,8246,2022-03-17,0
2021-09-27,15,8261,2022-03-17,0
2021-09-28,11,8272,2022-03-17,0
2021-09-29,21,8293,2022-03-17,0
2021-09-30,17,8310,2022-03-17,0
2021-10-01,13,8323,2022-03-17,0
2021-10-02,15,8338,2022-03-17,0
2021-10-03,23,8361,2022-03-17,0
2021-10-04,15,8376,2022-03-17,0
2021-10-05,23,8399,2022-03-17,0
2021-10-06,21,8420,2022-03-17,0
2021-10-07,14,8434,2022-03-17,0
2021-10-08,22,8456,2022-03-17,0
2021-10-09,20,8476,2022-03-17,0
2021-10-10,14,8490,2022-03-17,0
2021-10-11,11,8501,2022-03-17,0
2021-10-12,25,8526,2022-03-17,0
2021-10-13,21,8547,2022-03-17,0
2021-10-14,22,8569,2022-03-17,0
2021-10-15,14,8583,2022-03-17,0
2021-10-16,20,8603,2022-03-17,0
2021-10-17,18,8621,2022-03-17,0
2021-10-18,17,8638,2022-03-17,0
2021-10-19,26,8664,2022-03-17,0
2021-10-20,17,8681,2022-03-17,0
2021-10-21,8,8689,2022-03-17,0
2021-10-22,23,8712,2022-03-17,0
2021-10-23,24,8736,2022-03-17,0
2021-10-24,25,8761,2022-03-17,0
2021-10-25,20,8781,2022-03-17,0
2021-10-26,22,8803,2022-03-17,0
2021-10-27,16,8819,2022-03-17,0
2021-10-28,24,8843,2022-03-17,0
2021-10-29,20,8863,2022-03-17,0
2021-10-30,20,8883,2022-03-17,0
2021-10-31,27,8910,2022-03-17,0
2021-11-01,18,8928,2022-03-17,0
2021-11-02,18,8946,2022-03-17,0
2021-11-03,28,8974,2022-03-17,0
2021-11-04,28,9002,2022-03-17,0
2021-11-05,29,9031,2022-03-17,0
2021-11-06,16,9047,2022-03-17,0
2021-11-07,24,9071,2022-03-17,0
2021-11-08,28,9099,2022-03-17,0
2021-11-09,17,9116,2022-03-17,0
2021-11-10,18,9134,2022-03-17,0
2021-11-11,28,9162,2022-03-17,0
2021-11-12,29,9191,2022-03-17,0
2021-11-13,31,9222,2022-03-17,0
2021-11-14,24,9246,2022-03-17,0
2021-11-15,28,9274,2022-03-17,0
2021-11-16,25,9299,2022-03-17,0
2021-11-17,37,9336,2022-03-17,0
2021-11-18,38,9374,2022-03-17,0
2021-11-19,34,9408,2022-03-17,0
2021-11-20,30,9438,2022-03-17,0
2021-11-21,32,9470,2022-03-17,0
2021-11-22,30,9500,2022-03-17,0
2021-11-23,32,9532,2022-03-17,0
2021-11-24,25,9557,2022-03-17,0
2021-11-25,35,9592,2022-03-17,0
2021-11-26,51,9643,2022-03-17,0
2021-11-27,36,9679,2022-03-17,0
2021-11-28,39,9718,2022-03-17,0
2021-11-29,29,9747,2022-03-17,0
2021-11-30,30,9777,2022-03-17,0
2021-12-01,47,9824,2022-03-17,0
2021-12-02,40,9864,2022-03-17,0
2021-12-03,31,9895,2022-03-17,0
2021-12-04,42,9937,2022-03-17,0
2021-12-05,36,9973,2022-03-17,0
2021-12-06,36,10009,2022-03-17,0
2021-12-07,36,10045,2022-03-17,0
2021-12-08,39,10084,2022-03-17,0
2021-12-09,47,10131,2022-03-17,0
2021-12-10,34,10165,2022-03-17,0
2021-12-11,27,10192,2022-03-17,0
2021-12-12,37,10229,2022-03-17,0
2021-12-13,34,10263,2022-03-17,0
2021-12-14,35,10298,2022-03-17,0
2021-12-15,42,10340,2022-03-17,0
2021-12-16,33,10373,2022-03-17,0
2021-12-17,41,10414,2022-03-17,0
2021-12-18,33,10447,2022-03-17,0
2021-12-19,31,10478,2022-03-17,0
2021-12-20,33,10511,2022-03-17,0
2021-12-21,28,10539,2022-03-17,0
2021-12-22,29,10568,2022-03-17,0
2021-12-23,28,10596,2022-03-17,0
2021-12-24,30,10626,2022-03-17,0
2021-12-25,28,10654,2022-03-17,0
2021-12-26,42,10696,2022-03-17,0
2021-12-27,32,10728,2022-03-17,0
2021-12-28,35,10763,2022-03-17,0
2021-12-29,29,10792,2022-03-17,0
2021-12-30,20,10812,2022-03-17,0
2021-12-31,40,10852,2022-03-17,0
2022-01-01,27,10879,2022-03-17,0
2022-01-02,22,10901,2022-03-17,0
2022-01-03,23,10924,2022-03-17,0
2022-01-04,30,10954,2022-03-17,0
2022-01-05,32,10986,2022-03-17,0
2022-01-06,32,11018,2022-03-17,0
2022-01-07,28,11046,2022-03-17,0
2022-01-08,43,11089,2022-03-17,0
2022-01-09,18,11107,2022-03-17,0
2022-01-10,31,11138,2022-03-17,0
2022-01-11,18,11156,2022-03-17,0
2022-01-12,21,11177,2022-03-17,0
2022-01-13,27,11204,2022-03-17,0
2022-01-14,33,11237,2022-03-17,0
2022-01-15,26,11263,2022-03-17,0
2022-01-16,33,11296,2022-03-17,0
2022-01-17,36,11332,2022-03-17,0
2022-01-18,26,11358,2022-03-17,0
2022-01-19,29,11387,2022-03-17,0
2022-01-20,30,11417,2022-03-17,0
2022-01-21,27,11444,2022-03-17,0
2022-01-22,29,11473,2022-03-17,0
2022-01-23,22,11495,2022-03-17,0
2022-01-24,37,11532,2022-03-17,0
2022-01-25,33,11565,2022-03-17,0
2022-01-26,35,11600,2022-03-17,0
2022-01-27,37,11637,2022-03-17,0
2022-01-28,31,11668,2022-03-17,0
2022-01-29,29,11697,2022-03-17,0
2022-01-30,27,11724,2022-03-17,0
2022-01-31,18,11742,2022-03-17,0
2022-02-01,25,11767,2022-03-17,0
2022-02-02,22,11789,2022-03-17,0
2022-02-03,30,11819,2022-03-17,0
2022-02-04,20,11839,2022-03-17,0
2022-02-05,28,11867,2022-03-17,0
2022-02-06,27,11894,2022-03-17,0
2022-02-07,17,11911,2022-03-17,0
2022-02-08,27,11938,2022-03-17,0
2022-02-09,25,11963,2022-03-17,0
2022-02-10,21,11984,2022-03-17,0
2022-02-11,19,12003,2022-03-17,0
2022-02-12,16,12019,2022-03-17,0
2022-02-13,19,12038,2022-03-17,0
2022-02-14,17,12055,2022-03-17,0
2022-02-15,21,12076,2022-03-17,0
2022-02-16,13,12089,2022-03-17,0
2022-02-17,15,12104,2022-03-17,0
2022-02-18,13,12117,2022-03-17,0
2022-02-19,20,12137,2022-03-17,0
2022-02-20,15,12152,2022-03-17,0
2022-02-21,6,12158,2022-03-17,0
2022-02-22,14,12172,2022-03-17,0
2022-02-23,9,12181,2022-03-17,0
2022-02-24,25,12206,2022-03-17,0
2022-02-25,9,12215,2022-03-17,0
2022-02-26,10,12225,2022-03-17,0
2022-02-27,10,12235,2022-03-17,0
2022-02-28,7,12242,2022-03-17,0
2022-03-01,6,12248,2022-03-17,1
2022-03-02,9,12257,2022-03-17,1
2022-03-03,6,12263,2022-03-17,0
2022-03-04,10,12273,2022-03-17,0
2022-03-05,4,12277,2022-03-17,0
2022-03-06,9,12286,2022-03-17,0
2022-03-07,3,12289,2022-03-17,0
2022-03-08,2,12291,2022-03-17,0
2022-03-09,9,12300,2022-03-17,2
2022-03-10,5,12305,2022-03-17,2
2022-03-11,3,12308,2022-03-17,2
2022-03-12,0,12308,2022-03-17,0
2022-03-13,2,12310,2022-03-17,1
2022-03-14,1,12311,2022-03-17,1
NA,1,12312,2022-03-17,0
2020-03-19,1,1,2022-03-18,0
2020-03-20,0,1,2022-03-18,0
2020-03-21,0,1,2022-03-18,0
2020-03-22,0,1,2022-03-18,0
2020-03-23,0,1,2022-03-18,0
2020-03-24,1,2,2022-03-18,0
2020-03-25,1,3,2022-03-18,0
2020-03-26,1,4,2022-03-18,0
2020-03-27,5,9,2022-03-18,0
2020-03-28,3,12,2022-03-18,0
2020-03-29,0,12,2022-03-18,0
2020-03-30,5,17,2022-03-18,0
2020-03-31,2,19,2022-03-18,0
2020-04-01,5,24,2022-03-18,0
2020-04-02,3,27,2022-03-18,0
2020-04-03,1,28,2022-03-18,0
2020-04-04,5,33,2022-03-18,0
2020-04-05,5,38,2022-03-18,0
2020-04-06,10,48,2022-03-18,0
2020-04-07,6,54,2022-03-18,0
2020-04-08,7,61,2022-03-18,0
2020-04-09,8,69,2022-03-18,0
2020-04-10,6,75,2022-03-18,0
2020-04-11,4,79,2022-03-18,0
2020-04-12,4,83,2022-03-18,0
2020-04-13,10,93,2022-03-18,0
2020-04-14,6,99,2022-03-18,0
2020-04-15,17,116,2022-03-18,0
2020-04-16,10,126,2022-03-18,0
2020-04-17,17,143,2022-03-18,0
2020-04-18,17,160,2022-03-18,0
2020-04-19,16,176,2022-03-18,0
2020-04-20,21,197,2022-03-18,0
2020-04-21,26,223,2022-03-18,0
2020-04-22,21,244,2022-03-18,0
2020-04-23,19,263,2022-03-18,0
2020-04-24,23,286,2022-03-18,0
2020-04-25,18,304,2022-03-18,0
2020-04-26,17,321,2022-03-18,0
2020-04-27,21,342,2022-03-18,0
2020-04-28,16,358,2022-03-18,0
2020-04-29,29,387,2022-03-18,0
2020-04-30,18,405,2022-03-18,0
2020-05-01,30,435,2022-03-18,0
2020-05-02,19,454,2022-03-18,0
2020-05-03,29,483,2022-03-18,0
2020-05-04,23,506,2022-03-18,0
2020-05-05,19,525,2022-03-18,0
2020-05-06,25,550,2022-03-18,0
2020-05-07,30,580,2022-03-18,0
2020-05-08,20,600,2022-03-18,0
2020-05-09,26,626,2022-03-18,0
2020-05-10,19,645,2022-03-18,0
2020-05-11,25,670,2022-03-18,0
2020-05-12,20,690,2022-03-18,0
2020-05-13,22,712,2022-03-18,0
2020-05-14,20,732,2022-03-18,0
2020-05-15,20,752,2022-03-18,0
2020-05-16,20,772,2022-03-18,0
2020-05-17,23,795,2022-03-18,0
2020-05-18,18,813,2022-03-18,0
2020-05-19,35,848,2022-03-18,0
2020-05-20,24,872,2022-03-18,0
2020-05-21,17,889,2022-03-18,0
2020-05-22,20,909,2022-03-18,0
2020-05-23,26,935,2022-03-18,0
2020-05-24,25,960,2022-03-18,0
2020-05-25,30,990,2022-03-18,0
2020-05-26,29,1019,2022-03-18,0
2020-05-27,25,1044,2022-03-18,0
2020-05-28,21,1065,2022-03-18,0
2020-05-29,17,1082,2022-03-18,0
2020-05-30,10,1092,2022-03-18,0
2020-05-31,20,1112,2022-03-18,0
2020-06-01,23,1135,2022-03-18,0
2020-06-02,21,1156,2022-03-18,0
2020-06-03,25,1181,2022-03-18,0
2020-06-04,26,1207,2022-03-18,0
2020-06-05,18,1225,2022-03-18,0
2020-06-06,12,1237,2022-03-18,0
2020-06-07,22,1259,2022-03-18,0
2020-06-08,12,1271,2022-03-18,0
2020-06-09,13,1284,2022-03-18,0
2020-06-10,10,1294,2022-03-18,0
2020-06-11,12,1306,2022-03-18,0
2020-06-12,11,1317,2022-03-18,0
2020-06-13,13,1330,2022-03-18,0
2020-06-14,11,1341,2022-03-18,0
2020-06-15,8,1349,2022-03-18,0
2020-06-16,9,1358,2022-03-18,0
2020-06-17,17,1375,2022-03-18,0
2020-06-18,9,1384,2022-03-18,0
2020-06-19,8,1392,2022-03-18,0
2020-06-20,12,1404,2022-03-18,0
2020-06-21,11,1415,2022-03-18,0
2020-06-22,6,1421,2022-03-18,0
2020-06-23,10,1431,2022-03-18,0
2020-06-24,1,1432,2022-03-18,0
2020-06-25,9,1441,2022-03-18,0
2020-06-26,6,1447,2022-03-18,0
2020-06-27,5,1452,2022-03-18,0
2020-06-28,11,1463,2022-03-18,0
2020-06-29,7,1470,2022-03-18,0
2020-06-30,9,1479,2022-03-18,0
2020-07-01,2,1481,2022-03-18,0
2020-07-02,3,1484,2022-03-18,0
2020-07-03,5,1489,2022-03-18,0
2020-07-04,4,1493,2022-03-18,0
2020-07-05,6,1499,2022-03-18,0
2020-07-06,4,1503,2022-03-18,0
2020-07-07,2,1505,2022-03-18,0
2020-07-08,9,1514,2022-03-18,0
2020-07-09,4,1518,2022-03-18,0
2020-07-10,3,1521,2022-03-18,0
2020-07-11,4,1525,2022-03-18,0
2020-07-12,6,1531,2022-03-18,0
2020-07-13,2,1533,2022-03-18,0
2020-07-14,6,1539,2022-03-18,0
2020-07-15,7,1546,2022-03-18,0
2020-07-16,3,1549,2022-03-18,0
2020-07-17,7,1556,2022-03-18,0
2020-07-18,6,1562,2022-03-18,0
2020-07-19,5,1567,2022-03-18,0
2020-07-20,3,1570,2022-03-18,0
2020-07-21,6,1576,2022-03-18,0
2020-07-22,5,1581,2022-03-18,0
2020-07-23,8,1589,2022-03-18,0
2020-07-24,6,1595,2022-03-18,0
2020-07-25,2,1597,2022-03-18,0
2020-07-26,5,1602,2022-03-18,0
2020-07-27,5,1607,2022-03-18,0
2020-07-28,7,1614,2022-03-18,0
2020-07-29,3,1617,2022-03-18,0
2020-07-30,6,1623,2022-03-18,0
2020-07-31,9,1632,2022-03-18,0
2020-08-01,4,1636,2022-03-18,0
2020-08-02,7,1643,2022-03-18,0
2020-08-03,4,1647,2022-03-18,0
2020-08-04,7,1654,2022-03-18,0
2020-08-05,8,1662,2022-03-18,0
2020-08-06,9,1671,2022-03-18,0
2020-08-07,7,1678,2022-03-18,0
2020-08-08,6,1684,2022-03-18,0
2020-08-09,10,1694,2022-03-18,0
2020-08-10,3,1697,2022-03-18,0
2020-08-11,9,1706,2022-03-18,0
2020-08-12,7,1713,2022-03-18,0
2020-08-13,5,1718,2022-03-18,0
2020-08-14,9,1727,2022-03-18,0
2020-08-15,13,1740,2022-03-18,0
2020-08-16,13,1753,2022-03-18,0
2020-08-17,6,1759,2022-03-18,0
2020-08-18,11,1770,2022-03-18,0
2020-08-19,3,1773,2022-03-18,0
2020-08-20,10,1783,2022-03-18,0
2020-08-21,12,1795,2022-03-18,0
2020-08-22,9,1804,2022-03-18,0
2020-08-23,7,1811,2022-03-18,0
2020-08-24,9,1820,2022-03-18,0
2020-08-25,4,1824,2022-03-18,0
2020-08-26,3,1827,2022-03-18,0
2020-08-27,7,1834,2022-03-18,0
2020-08-28,6,1840,2022-03-18,0
2020-08-29,3,1843,2022-03-18,0
2020-08-30,5,1848,2022-03-18,0
2020-08-31,9,1857,2022-03-18,0
2020-09-01,2,1859,2022-03-18,0
2020-09-02,7,1866,2022-03-18,0
2020-09-03,12,1878,2022-03-18,0
2020-09-04,4,1882,2022-03-18,0
2020-09-05,6,1888,2022-03-18,0
2020-09-06,12,1900,2022-03-18,0
2020-09-07,3,1903,2022-03-18,0
2020-09-08,6,1909,2022-03-18,0
2020-09-09,10,1919,2022-03-18,0
2020-09-10,9,1928,2022-03-18,0
2020-09-11,11,1939,2022-03-18,0
2020-09-12,8,1947,2022-03-18,0
2020-09-13,8,1955,2022-03-18,0
2020-09-14,2,1957,2022-03-18,0
2020-09-15,7,1964,2022-03-18,0
2020-09-16,9,1973,2022-03-18,0
2020-09-17,5,1978,2022-03-18,0
2020-09-18,6,1984,2022-03-18,0
2020-09-19,4,1988,2022-03-18,0
2020-09-20,9,1997,2022-03-18,0
2020-09-21,7,2004,2022-03-18,0
2020-09-22,8,2012,2022-03-18,0
2020-09-23,9,2021,2022-03-18,0
2020-09-24,8,2029,2022-03-18,0
2020-09-25,11,2040,2022-03-18,0
2020-09-26,9,2049,2022-03-18,0
2020-09-27,14,2063,2022-03-18,0
2020-09-28,11,2074,2022-03-18,0
2020-09-29,5,2079,2022-03-18,0
2020-09-30,16,2095,2022-03-18,0
2020-10-01,7,2102,2022-03-18,0
2020-10-02,13,2115,2022-03-18,0
2020-10-03,9,2124,2022-03-18,0
2020-10-04,7,2131,2022-03-18,0
2020-10-05,10,2141,2022-03-18,0
2020-10-06,13,2154,2022-03-18,0
2020-10-07,19,2173,2022-03-18,0
2020-10-08,9,2182,2022-03-18,0
2020-10-09,17,2199,2022-03-18,0
2020-10-10,16,2215,2022-03-18,0
2020-10-11,16,2231,2022-03-18,0
2020-10-12,20,2251,2022-03-18,0
2020-10-13,14,2265,2022-03-18,0
2020-10-14,10,2275,2022-03-18,0
2020-10-15,9,2284,2022-03-18,0
2020-10-16,12,2296,2022-03-18,0
2020-10-17,18,2314,2022-03-18,0
2020-10-18,25,2339,2022-03-18,0
2020-10-19,18,2357,2022-03-18,0
2020-10-20,15,2372,2022-03-18,0
2020-10-21,24,2396,2022-03-18,0
2020-10-22,18,2414,2022-03-18,0
2020-10-23,19,2433,2022-03-18,0
2020-10-24,8,2441,2022-03-18,0
2020-10-25,17,2458,2022-03-18,0
2020-10-26,25,2483,2022-03-18,0
2020-10-27,23,2506,2022-03-18,0
2020-10-28,29,2535,2022-03-18,0
2020-10-29,18,2553,2022-03-18,0
2020-10-30,27,2580,2022-03-18,0
2020-10-31,25,2605,2022-03-18,0
2020-11-01,21,2626,2022-03-18,0
2020-11-02,25,2651,2022-03-18,0
2020-11-03,25,2676,2022-03-18,0
2020-11-04,33,2709,2022-03-18,0
2020-11-05,38,2747,2022-03-18,0
2020-11-06,39,2786,2022-03-18,0
2020-11-07,42,2828,2022-03-18,0
2020-11-08,47,2875,2022-03-18,0
2020-11-09,37,2912,2022-03-18,0
2020-11-10,35,2947,2022-03-18,0
2020-11-11,43,2990,2022-03-18,0
2020-11-12,45,3035,2022-03-18,0
2020-11-13,40,3075,2022-03-18,0
2020-11-14,48,3123,2022-03-18,0
2020-11-15,46,3169,2022-03-18,0
2020-11-16,62,3231,2022-03-18,0
2020-11-17,56,3287,2022-03-18,0
2020-11-18,61,3348,2022-03-18,0
2020-11-19,60,3408,2022-03-18,0
2020-11-20,63,3471,2022-03-18,0
2020-11-21,58,3529,2022-03-18,0
2020-11-22,67,3596,2022-03-18,0
2020-11-23,59,3655,2022-03-18,0
2020-11-24,69,3724,2022-03-18,0
2020-11-25,72,3796,2022-03-18,0
2020-11-26,54,3850,2022-03-18,0
2020-11-27,69,3919,2022-03-18,0
2020-11-28,62,3981,2022-03-18,0
2020-11-29,68,4049,2022-03-18,0
2020-11-30,62,4111,2022-03-18,0
2020-12-01,64,4175,2022-03-18,0
2020-12-02,73,4248,2022-03-18,0
2020-12-03,86,4334,2022-03-18,0
2020-12-04,67,4401,2022-03-18,0
2020-12-05,74,4475,2022-03-18,0
2020-12-06,80,4555,2022-03-18,0
2020-12-07,75,4630,2022-03-18,0
2020-12-08,61,4691,2022-03-18,0
2020-12-09,71,4762,2022-03-18,0
2020-12-10,72,4834,2022-03-18,0
2020-12-11,71,4905,2022-03-18,0
2020-12-12,72,4977,2022-03-18,0
2020-12-13,56,5033,2022-03-18,0
2020-12-14,43,5076,2022-03-18,0
2020-12-15,65,5141,2022-03-18,0
2020-12-16,74,5215,2022-03-18,0
2020-12-17,60,5275,2022-03-18,0
2020-12-18,59,5334,2022-03-18,0
2020-12-19,56,5390,2022-03-18,0
2020-12-20,61,5451,2022-03-18,0
2020-12-21,58,5509,2022-03-18,0
2020-12-22,33,5542,2022-03-18,0
2020-12-23,46,5588,2022-03-18,0
2020-12-24,51,5639,2022-03-18,0
2020-12-25,36,5675,2022-03-18,0
2020-12-26,43,5718,2022-03-18,0
2020-12-27,41,5759,2022-03-18,0
2020-12-28,34,5793,2022-03-18,0
2020-12-29,37,5830,2022-03-18,0
2020-12-30,47,5877,2022-03-18,0
2020-12-31,36,5913,2022-03-18,0
2021-01-01,28,5941,2022-03-18,0
2021-01-02,49,5990,2022-03-18,0
2021-01-03,37,6027,2022-03-18,0
2021-01-04,32,6059,2022-03-18,0
2021-01-05,40,6099,2022-03-18,0
2021-01-06,32,6131,2022-03-18,0
2021-01-07,38,6169,2022-03-18,0
2021-01-08,32,6201,2022-03-18,0
2021-01-09,26,6227,2022-03-18,0
2021-01-10,30,6257,2022-03-18,0
2021-01-11,27,6284,2022-03-18,0
2021-01-12,32,6316,2022-03-18,0
2021-01-13,23,6339,2022-03-18,0
2021-01-14,42,6381,2022-03-18,0
2021-01-15,26,6407,2022-03-18,0
2021-01-16,30,6437,2022-03-18,0
2021-01-17,21,6458,2022-03-18,0
2021-01-18,19,6477,2022-03-18,0
2021-01-19,14,6491,2022-03-18,0
2021-01-20,26,6517,2022-03-18,0
2021-01-21,16,6533,2022-03-18,0
2021-01-22,14,6547,2022-03-18,0
2021-01-23,17,6564,2022-03-18,0
2021-01-24,24,6588,2022-03-18,0
2021-01-25,19,6607,2022-03-18,0
2021-01-26,21,6628,2022-03-18,0
2021-01-27,11,6639,2022-03-18,0
2021-01-28,12,6651,2022-03-18,0
2021-01-29,15,6666,2022-03-18,0
2021-01-30,13,6679,2022-03-18,0
2021-01-31,17,6696,2022-03-18,0
2021-02-01,17,6713,2022-03-18,0
2021-02-02,10,6723,2022-03-18,0
2021-02-03,11,6734,2022-03-18,0
2021-02-04,11,6745,2022-03-18,0
2021-02-05,13,6758,2022-03-18,0
2021-02-06,12,6770,2022-03-18,0
2021-02-07,19,6789,2022-03-18,0
2021-02-08,11,6800,2022-03-18,0
2021-02-09,15,6815,2022-03-18,0
2021-02-10,14,6829,2022-03-18,0
2021-02-11,7,6836,2022-03-18,0
2021-02-12,14,6850,2022-03-18,0
2021-02-13,8,6858,2022-03-18,0
2021-02-14,10,6868,2022-03-18,0
2021-02-15,9,6877,2022-03-18,0
2021-02-16,12,6889,2022-03-18,0
2021-02-17,10,6899,2022-03-18,0
2021-02-18,7,6906,2022-03-18,0
2021-02-19,6,6912,2022-03-18,0
2021-02-20,7,6919,2022-03-18,0
2021-02-21,4,6923,2022-03-18,0
2021-02-22,5,6928,2022-03-18,0
2021-02-23,9,6937,2022-03-18,0
2021-02-24,5,6942,2022-03-18,0
2021-02-25,5,6947,2022-03-18,0
2021-02-26,7,6954,2022-03-18,0
2021-02-27,6,6960,2022-03-18,0
2021-02-28,8,6968,2022-03-18,0
2021-03-01,7,6975,2022-03-18,0
2021-03-02,3,6978,2022-03-18,0
2021-03-03,10,6988,2022-03-18,0
2021-03-04,6,6994,2022-03-18,0
2021-03-05,10,7004,2022-03-18,0
2021-03-06,5,7009,2022-03-18,0
2021-03-07,9,7018,2022-03-18,0
2021-03-08,5,7023,2022-03-18,0
2021-03-09,7,7030,2022-03-18,0
2021-03-10,5,7035,2022-03-18,0
2021-03-11,4,7039,2022-03-18,0
2021-03-12,11,7050,2022-03-18,0
2021-03-13,5,7055,2022-03-18,0
2021-03-14,5,7060,2022-03-18,0
2021-03-15,2,7062,2022-03-18,0
2021-03-16,6,7068,2022-03-18,0
2021-03-17,4,7072,2022-03-18,0
2021-03-18,5,7077,2022-03-18,0
2021-03-19,5,7082,2022-03-18,0
2021-03-20,9,7091,2022-03-18,0
2021-03-21,5,7096,2022-03-18,0
2021-03-22,4,7100,2022-03-18,0
2021-03-23,5,7105,2022-03-18,0
2021-03-24,1,7106,2022-03-18,0
2021-03-25,5,7111,2022-03-18,0
2021-03-26,3,7114,2022-03-18,0
2021-03-27,7,7121,2022-03-18,0
2021-03-28,6,7127,2022-03-18,0
2021-03-29,5,7132,2022-03-18,0
2021-03-30,6,7138,2022-03-18,0
2021-03-31,8,7146,2022-03-18,0
2021-04-01,6,7152,2022-03-18,0
2021-04-02,9,7161,2022-03-18,0
2021-04-03,8,7169,2022-03-18,0
2021-04-04,6,7175,2022-03-18,0
2021-04-05,8,7183,2022-03-18,0
2021-04-06,7,7190,2022-03-18,0
2021-04-07,6,7196,2022-03-18,0
2021-04-08,10,7206,2022-03-18,0
2021-04-09,7,7213,2022-03-18,0
2021-04-10,7,7220,2022-03-18,0
2021-04-11,8,7228,2022-03-18,0
2021-04-12,10,7238,2022-03-18,0
2021-04-13,7,7245,2022-03-18,0
2021-04-14,8,7253,2022-03-18,0
2021-04-15,14,7267,2022-03-18,0
2021-04-16,8,7275,2022-03-18,0
2021-04-17,8,7283,2022-03-18,0
2021-04-18,8,7291,2022-03-18,0
2021-04-19,10,7301,2022-03-18,0
2021-04-20,5,7306,2022-03-18,0
2021-04-21,8,7314,2022-03-18,0
2021-04-22,3,7317,2022-03-18,0
2021-04-23,15,7332,2022-03-18,0
2021-04-24,11,7343,2022-03-18,0
2021-04-25,15,7358,2022-03-18,0
2021-04-26,15,7373,2022-03-18,0
2021-04-27,7,7380,2022-03-18,0
2021-04-28,14,7394,2022-03-18,0
2021-04-29,8,7402,2022-03-18,0
2021-04-30,11,7413,2022-03-18,0
2021-05-01,7,7420,2022-03-18,0
2021-05-02,8,7428,2022-03-18,0
2021-05-03,5,7433,2022-03-18,0
2021-05-04,13,7446,2022-03-18,0
2021-05-05,9,7455,2022-03-18,0
2021-05-06,5,7460,2022-03-18,0
2021-05-07,8,7468,2022-03-18,0
2021-05-08,7,7475,2022-03-18,0
2021-05-09,9,7484,2022-03-18,0
2021-05-10,8,7492,2022-03-18,0
2021-05-11,6,7498,2022-03-18,0
2021-05-12,9,7507,2022-03-18,0
2021-05-13,9,7516,2022-03-18,0
2021-05-14,11,7527,2022-03-18,0
2021-05-15,10,7537,2022-03-18,0
2021-05-16,6,7543,2022-03-18,0
2021-05-17,6,7549,2022-03-18,0
2021-05-18,7,7556,2022-03-18,0
2021-05-19,2,7558,2022-03-18,0
2021-05-20,5,7563,2022-03-18,0
2021-05-21,7,7570,2022-03-18,0
2021-05-22,12,7582,2022-03-18,0
2021-05-23,5,7587,2022-03-18,0
2021-05-24,5,7592,2022-03-18,0
2021-05-25,6,7598,2022-03-18,0
2021-05-26,3,7601,2022-03-18,0
2021-05-27,7,7608,2022-03-18,0
2021-05-28,2,7610,2022-03-18,0
2021-05-29,6,7616,2022-03-18,0
2021-05-30,4,7620,2022-03-18,0
2021-05-31,3,7623,2022-03-18,0
2021-06-01,5,7628,2022-03-18,0
2021-06-02,8,7636,2022-03-18,0
2021-06-03,4,7640,2022-03-18,0
2021-06-04,4,7644,2022-03-18,0
2021-06-05,2,7646,2022-03-18,0
2021-06-06,5,7651,2022-03-18,0
2021-06-07,3,7654,2022-03-18,0
2021-06-08,5,7659,2022-03-18,0
2021-06-09,4,7663,2022-03-18,0
2021-06-10,6,7669,2022-03-18,0
2021-06-11,6,7675,2022-03-18,0
2021-06-12,4,7679,2022-03-18,0
2021-06-13,4,7683,2022-03-18,0
2021-06-14,3,7686,2022-03-18,0
2021-06-15,2,7688,2022-03-18,0
2021-06-16,2,7690,2022-03-18,0
2021-06-17,4,7694,2022-03-18,0
2021-06-18,2,7696,2022-03-18,0
2021-06-19,6,7702,2022-03-18,0
2021-06-20,1,7703,2022-03-18,0
2021-06-21,5,7708,2022-03-18,0
2021-06-22,3,7711,2022-03-18,0
2021-06-23,4,7715,2022-03-18,0
2021-06-24,3,7718,2022-03-18,0
2021-06-25,3,7721,2022-03-18,0
2021-06-26,4,7725,2022-03-18,0
2021-06-27,2,7727,2022-03-18,0
2021-06-28,2,7729,2022-03-18,0
2021-06-29,2,7731,2022-03-18,0
2021-06-30,2,7733,2022-03-18,0
2021-07-01,0,7733,2022-03-18,0
2021-07-02,2,7735,2022-03-18,0
2021-07-03,2,7737,2022-03-18,0
2021-07-04,3,7740,2022-03-18,0
2021-07-05,1,7741,2022-03-18,0
2021-07-06,5,7746,2022-03-18,0
2021-07-07,1,7747,2022-03-18,0
2021-07-08,1,7748,2022-03-18,0
2021-07-09,0,7748,2022-03-18,0
2021-07-10,2,7750,2022-03-18,1
2021-07-11,3,7753,2022-03-18,0
2021-07-12,1,7754,2022-03-18,0
2021-07-13,2,7756,2022-03-18,0
2021-07-14,2,7758,2022-03-18,0
2021-07-15,2,7760,2022-03-18,0
2021-07-16,1,7761,2022-03-18,0
2021-07-17,1,7762,2022-03-18,0
2021-07-18,0,7762,2022-03-18,0
2021-07-19,0,7762,2022-03-18,0
2021-07-20,2,7764,2022-03-18,0
2021-07-21,3,7767,2022-03-18,0
2021-07-22,2,7769,2022-03-18,0
2021-07-23,3,7772,2022-03-18,0
2021-07-24,0,7772,2022-03-18,0
2021-07-25,2,7774,2022-03-18,0
2021-07-26,1,7775,2022-03-18,0
2021-07-27,2,7777,2022-03-18,0
2021-07-28,3,7780,2022-03-18,0
2021-07-29,2,7782,2022-03-18,0
2021-07-30,5,7787,2022-03-18,0
2021-07-31,4,7791,2022-03-18,0
2021-08-01,1,7792,2022-03-18,0
2021-08-02,3,7795,2022-03-18,0
2021-08-03,2,7797,2022-03-18,0
2021-08-04,3,7800,2022-03-18,0
2021-08-05,2,7802,2022-03-18,0
2021-08-06,8,7810,2022-03-18,0
2021-08-07,3,7813,2022-03-18,0
2021-08-08,3,7816,2022-03-18,0
2021-08-09,3,7819,2022-03-18,0
2021-08-10,2,7821,2022-03-18,0
2021-08-11,2,7823,2022-03-18,0
2021-08-12,7,7830,2022-03-18,0
2021-08-13,5,7835,2022-03-18,0
2021-08-14,6,7841,2022-03-18,0
2021-08-15,0,7841,2022-03-18,0
2021-08-16,7,7848,2022-03-18,0
2021-08-17,7,7855,2022-03-18,0
2021-08-18,9,7864,2022-03-18,0
2021-08-19,2,7866,2022-03-18,0
2021-08-20,3,7869,2022-03-18,0
2021-08-21,5,7874,2022-03-18,0
2021-08-22,7,7881,2022-03-18,0
2021-08-23,5,7886,2022-03-18,0
2021-08-24,12,7898,2022-03-18,0
2021-08-25,7,7905,2022-03-18,0
2021-08-26,2,7907,2022-03-18,0
2021-08-27,6,7913,2022-03-18,0
2021-08-28,11,7924,2022-03-18,0
2021-08-29,11,7935,2022-03-18,0
2021-08-30,8,7943,2022-03-18,0
2021-08-31,8,7951,2022-03-18,0
2021-09-01,6,7957,2022-03-18,0
2021-09-02,6,7963,2022-03-18,0
2021-09-03,9,7972,2022-03-18,0
2021-09-04,9,7981,2022-03-18,0
2021-09-05,10,7991,2022-03-18,0
2021-09-06,8,7999,2022-03-18,0
2021-09-07,7,8006,2022-03-18,0
2021-09-08,11,8017,2022-03-18,0
2021-09-09,5,8022,2022-03-18,0
2021-09-10,9,8031,2022-03-18,0
2021-09-11,17,8048,2022-03-18,0
2021-09-12,10,8058,2022-03-18,0
2021-09-13,8,8066,2022-03-18,0
2021-09-14,11,8077,2022-03-18,0
2021-09-15,14,8091,2022-03-18,0
2021-09-16,16,8107,2022-03-18,0
2021-09-17,8,8115,2022-03-18,0
2021-09-18,15,8130,2022-03-18,0
2021-09-19,11,8141,2022-03-18,0
2021-09-20,16,8157,2022-03-18,0
2021-09-21,16,8173,2022-03-18,0
2021-09-22,17,8190,2022-03-18,0
2021-09-23,13,8203,2022-03-18,0
2021-09-24,13,8216,2022-03-18,0
2021-09-25,16,8232,2022-03-18,0
2021-09-26,15,8247,2022-03-18,0
2021-09-27,15,8262,2022-03-18,0
2021-09-28,11,8273,2022-03-18,0
2021-09-29,21,8294,2022-03-18,0
2021-09-30,17,8311,2022-03-18,0
2021-10-01,13,8324,2022-03-18,0
2021-10-02,15,8339,2022-03-18,0
2021-10-03,23,8362,2022-03-18,0
2021-10-04,15,8377,2022-03-18,0
2021-10-05,23,8400,2022-03-18,0
2021-10-06,21,8421,2022-03-18,0
2021-10-07,14,8435,2022-03-18,0
2021-10-08,22,8457,2022-03-18,0
2021-10-09,20,8477,2022-03-18,0
2021-10-10,14,8491,2022-03-18,0
2021-10-11,11,8502,2022-03-18,0
2021-10-12,25,8527,2022-03-18,0
2021-10-13,21,8548,2022-03-18,0
2021-10-14,22,8570,2022-03-18,0
2021-10-15,14,8584,2022-03-18,0
2021-10-16,20,8604,2022-03-18,0
2021-10-17,18,8622,2022-03-18,0
2021-10-18,17,8639,2022-03-18,0
2021-10-19,26,8665,2022-03-18,0
2021-10-20,17,8682,2022-03-18,0
2021-10-21,8,8690,2022-03-18,0
2021-10-22,23,8713,2022-03-18,0
2021-10-23,24,8737,2022-03-18,0
2021-10-24,25,8762,2022-03-18,0
2021-10-25,20,8782,2022-03-18,0
2021-10-26,22,8804,2022-03-18,0
2021-10-27,16,8820,2022-03-18,0
2021-10-28,24,8844,2022-03-18,0
2021-10-29,20,8864,2022-03-18,0
2021-10-30,20,8884,2022-03-18,0
2021-10-31,27,8911,2022-03-18,0
2021-11-01,18,8929,2022-03-18,0
2021-11-02,18,8947,2022-03-18,0
2021-11-03,28,8975,2022-03-18,0
2021-11-04,28,9003,2022-03-18,0
2021-11-05,29,9032,2022-03-18,0
2021-11-06,16,9048,2022-03-18,0
2021-11-07,24,9072,2022-03-18,0
2021-11-08,28,9100,2022-03-18,0
2021-11-09,17,9117,2022-03-18,0
2021-11-10,18,9135,2022-03-18,0
2021-11-11,28,9163,2022-03-18,0
2021-11-12,29,9192,2022-03-18,0
2021-11-13,31,9223,2022-03-18,0
2021-11-14,24,9247,2022-03-18,0
2021-11-15,28,9275,2022-03-18,0
2021-11-16,25,9300,2022-03-18,0
2021-11-17,37,9337,2022-03-18,0
2021-11-18,38,9375,2022-03-18,0
2021-11-19,34,9409,2022-03-18,0
2021-11-20,30,9439,2022-03-18,0
2021-11-21,32,9471,2022-03-18,0
2021-11-22,30,9501,2022-03-18,0
2021-11-23,32,9533,2022-03-18,0
2021-11-24,25,9558,2022-03-18,0
2021-11-25,35,9593,2022-03-18,0
2021-11-26,51,9644,2022-03-18,0
2021-11-27,36,9680,2022-03-18,0
2021-11-28,39,9719,2022-03-18,0
2021-11-29,29,9748,2022-03-18,0
2021-11-30,30,9778,2022-03-18,0
2021-12-01,47,9825,2022-03-18,0
2021-12-02,40,9865,2022-03-18,0
2021-12-03,31,9896,2022-03-18,0
2021-12-04,42,9938,2022-03-18,0
2021-12-05,36,9974,2022-03-18,0
2021-12-06,36,10010,2022-03-18,0
2021-12-07,36,10046,2022-03-18,0
2021-12-08,39,10085,2022-03-18,0
2021-12-09,47,10132,2022-03-18,0
2021-12-10,34,10166,2022-03-18,0
2021-12-11,27,10193,2022-03-18,0
2021-12-12,37,10230,2022-03-18,0
2021-12-13,34,10264,2022-03-18,0
2021-12-14,35,10299,2022-03-18,0
2021-12-15,42,10341,2022-03-18,0
2021-12-16,33,10374,2022-03-18,0
2021-12-17,41,10415,2022-03-18,0
2021-12-18,33,10448,2022-03-18,0
2021-12-19,31,10479,2022-03-18,0
2021-12-20,33,10512,2022-03-18,0
2021-12-21,28,10540,2022-03-18,0
2021-12-22,29,10569,2022-03-18,0
2021-12-23,28,10597,2022-03-18,0
2021-12-24,30,10627,2022-03-18,0
2021-12-25,28,10655,2022-03-18,0
2021-12-26,42,10697,2022-03-18,0
2021-12-27,32,10729,2022-03-18,0
2021-12-28,35,10764,2022-03-18,0
2021-12-29,29,10793,2022-03-18,0
2021-12-30,21,10814,2022-03-18,1
2021-12-31,40,10854,2022-03-18,0
2022-01-01,27,10881,2022-03-18,0
2022-01-02,22,10903,2022-03-18,0
2022-01-03,23,10926,2022-03-18,0
2022-01-04,30,10956,2022-03-18,0
2022-01-05,32,10988,2022-03-18,0
2022-01-06,32,11020,2022-03-18,0
2022-01-07,28,11048,2022-03-18,0
2022-01-08,43,11091,2022-03-18,0
2022-01-09,18,11109,2022-03-18,0
2022-01-10,31,11140,2022-03-18,0
2022-01-11,18,11158,2022-03-18,0
2022-01-12,21,11179,2022-03-18,0
2022-01-13,27,11206,2022-03-18,0
2022-01-14,33,11239,2022-03-18,0
2022-01-15,26,11265,2022-03-18,0
2022-01-16,33,11298,2022-03-18,0
2022-01-17,36,11334,2022-03-18,0
2022-01-18,26,11360,2022-03-18,0
2022-01-19,29,11389,2022-03-18,0
2022-01-20,30,11419,2022-03-18,0
2022-01-21,27,11446,2022-03-18,0
2022-01-22,29,11475,2022-03-18,0
2022-01-23,23,11498,2022-03-18,1
2022-01-24,37,11535,2022-03-18,0
2022-01-25,33,11568,2022-03-18,0
2022-01-26,35,11603,2022-03-18,0
2022-01-27,37,11640,2022-03-18,0
2022-01-28,31,11671,2022-03-18,0
2022-01-29,29,11700,2022-03-18,0
2022-01-30,27,11727,2022-03-18,0
2022-01-31,18,11745,2022-03-18,0
2022-02-01,25,11770,2022-03-18,0
2022-02-02,22,11792,2022-03-18,0
2022-02-03,30,11822,2022-03-18,0
2022-02-04,20,11842,2022-03-18,0
2022-02-05,28,11870,2022-03-18,0
2022-02-06,27,11897,2022-03-18,0
2022-02-07,17,11914,2022-03-18,0
2022-02-08,27,11941,2022-03-18,0
2022-02-09,25,11966,2022-03-18,0
2022-02-10,21,11987,2022-03-18,0
2022-02-11,19,12006,2022-03-18,0
2022-02-12,16,12022,2022-03-18,0
2022-02-13,19,12041,2022-03-18,0
2022-02-14,17,12058,2022-03-18,0
2022-02-15,21,12079,2022-03-18,0
2022-02-16,13,12092,2022-03-18,0
2022-02-17,15,12107,2022-03-18,0
2022-02-18,13,12120,2022-03-18,0
2022-02-19,20,12140,2022-03-18,0
2022-02-20,15,12155,2022-03-18,0
2022-02-21,6,12161,2022-03-18,0
2022-02-22,14,12175,2022-03-18,0
2022-02-23,9,12184,2022-03-18,0
2022-02-24,25,12209,2022-03-18,0
2022-02-25,9,12218,2022-03-18,0
2022-02-26,10,12228,2022-03-18,0
2022-02-27,10,12238,2022-03-18,0
2022-02-28,7,12245,2022-03-18,0
2022-03-01,6,12251,2022-03-18,0
2022-03-02,9,12260,2022-03-18,0
2022-03-03,6,12266,2022-03-18,0
2022-03-04,10,12276,2022-03-18,0
2022-03-05,4,12280,2022-03-18,0
2022-03-06,9,12289,2022-03-18,0
2022-03-07,4,12293,2022-03-18,1
2022-03-08,3,12296,2022-03-18,1
2022-03-09,10,12306,2022-03-18,1
2022-03-10,6,12312,2022-03-18,1
2022-03-11,4,12316,2022-03-18,1
2022-03-12,0,12316,2022-03-18,0
2022-03-13,2,12318,2022-03-18,0
2022-03-14,2,12320,2022-03-18,1
NA,1,12321,2022-03-18,0
2020-03-19,1,1,2022-03-21,0
2020-03-20,0,1,2022-03-21,0
2020-03-21,0,1,2022-03-21,0
2020-03-22,0,1,2022-03-21,0
2020-03-23,0,1,2022-03-21,0
2020-03-24,1,2,2022-03-21,0
2020-03-25,1,3,2022-03-21,0
2020-03-26,1,4,2022-03-21,0
2020-03-27,5,9,2022-03-21,0
2020-03-28,3,12,2022-03-21,0
2020-03-29,0,12,2022-03-21,0
2020-03-30,5,17,2022-03-21,0
2020-03-31,2,19,2022-03-21,0
2020-04-01,5,24,2022-03-21,0
2020-04-02,3,27,2022-03-21,0
2020-04-03,1,28,2022-03-21,0
2020-04-04,5,33,2022-03-21,0
2020-04-05,5,38,2022-03-21,0
2020-04-06,10,48,2022-03-21,0
2020-04-07,6,54,2022-03-21,0
2020-04-08,7,61,2022-03-21,0
2020-04-09,8,69,2022-03-21,0
2020-04-10,6,75,2022-03-21,0
2020-04-11,4,79,2022-03-21,0
2020-04-12,4,83,2022-03-21,0
2020-04-13,10,93,2022-03-21,0
2020-04-14,6,99,2022-03-21,0
2020-04-15,17,116,2022-03-21,0
2020-04-16,10,126,2022-03-21,0
2020-04-17,17,143,2022-03-21,0
2020-04-18,17,160,2022-03-21,0
2020-04-19,16,176,2022-03-21,0
2020-04-20,21,197,2022-03-21,0
2020-04-21,26,223,2022-03-21,0
2020-04-22,21,244,2022-03-21,0
2020-04-23,19,263,2022-03-21,0
2020-04-24,23,286,2022-03-21,0
2020-04-25,18,304,2022-03-21,0
2020-04-26,17,321,2022-03-21,0
2020-04-27,21,342,2022-03-21,0
2020-04-28,16,358,2022-03-21,0
2020-04-29,29,387,2022-03-21,0
2020-04-30,18,405,2022-03-21,0
2020-05-01,30,435,2022-03-21,0
2020-05-02,19,454,2022-03-21,0
2020-05-03,29,483,2022-03-21,0
2020-05-04,23,506,2022-03-21,0
2020-05-05,19,525,2022-03-21,0
2020-05-06,25,550,2022-03-21,0
2020-05-07,30,580,2022-03-21,0
2020-05-08,20,600,2022-03-21,0
2020-05-09,26,626,2022-03-21,0
2020-05-10,19,645,2022-03-21,0
2020-05-11,25,670,2022-03-21,0
2020-05-12,20,690,2022-03-21,0
2020-05-13,22,712,2022-03-21,0
2020-05-14,20,732,2022-03-21,0
2020-05-15,20,752,2022-03-21,0
2020-05-16,20,772,2022-03-21,0
2020-05-17,23,795,2022-03-21,0
2020-05-18,18,813,2022-03-21,0
2020-05-19,35,848,2022-03-21,0
2020-05-20,24,872,2022-03-21,0
2020-05-21,17,889,2022-03-21,0
2020-05-22,20,909,2022-03-21,0
2020-05-23,26,935,2022-03-21,0
2020-05-24,25,960,2022-03-21,0
2020-05-25,30,990,2022-03-21,0
2020-05-26,29,1019,2022-03-21,0
2020-05-27,25,1044,2022-03-21,0
2020-05-28,21,1065,2022-03-21,0
2020-05-29,17,1082,2022-03-21,0
2020-05-30,10,1092,2022-03-21,0
2020-05-31,20,1112,2022-03-21,0
2020-06-01,23,1135,2022-03-21,0
2020-06-02,21,1156,2022-03-21,0
2020-06-03,25,1181,2022-03-21,0
2020-06-04,26,1207,2022-03-21,0
2020-06-05,18,1225,2022-03-21,0
2020-06-06,12,1237,2022-03-21,0
2020-06-07,22,1259,2022-03-21,0
2020-06-08,12,1271,2022-03-21,0
2020-06-09,13,1284,2022-03-21,0
2020-06-10,10,1294,2022-03-21,0
2020-06-11,12,1306,2022-03-21,0
2020-06-12,11,1317,2022-03-21,0
2020-06-13,13,1330,2022-03-21,0
2020-06-14,11,1341,2022-03-21,0
2020-06-15,8,1349,2022-03-21,0
2020-06-16,9,1358,2022-03-21,0
2020-06-17,17,1375,2022-03-21,0
2020-06-18,9,1384,2022-03-21,0
2020-06-19,8,1392,2022-03-21,0
2020-06-20,12,1404,2022-03-21,0
2020-06-21,11,1415,2022-03-21,0
2020-06-22,6,1421,2022-03-21,0
2020-06-23,10,1431,2022-03-21,0
2020-06-24,1,1432,2022-03-21,0
2020-06-25,9,1441,2022-03-21,0
2020-06-26,6,1447,2022-03-21,0
2020-06-27,5,1452,2022-03-21,0
2020-06-28,11,1463,2022-03-21,0
2020-06-29,7,1470,2022-03-21,0
2020-06-30,9,1479,2022-03-21,0
2020-07-01,2,1481,2022-03-21,0
2020-07-02,3,1484,2022-03-21,0
2020-07-03,5,1489,2022-03-21,0
2020-07-04,4,1493,2022-03-21,0
2020-07-05,6,1499,2022-03-21,0
2020-07-06,4,1503,2022-03-21,0
2020-07-07,2,1505,2022-03-21,0
2020-07-08,9,1514,2022-03-21,0
2020-07-09,4,1518,2022-03-21,0
2020-07-10,3,1521,2022-03-21,0
2020-07-11,4,1525,2022-03-21,0
2020-07-12,6,1531,2022-03-21,0
2020-07-13,2,1533,2022-03-21,0
2020-07-14,6,1539,2022-03-21,0
2020-07-15,7,1546,2022-03-21,0
2020-07-16,3,1549,2022-03-21,0
2020-07-17,7,1556,2022-03-21,0
2020-07-18,6,1562,2022-03-21,0
2020-07-19,5,1567,2022-03-21,0
2020-07-20,3,1570,2022-03-21,0
2020-07-21,6,1576,2022-03-21,0
2020-07-22,5,1581,2022-03-21,0
2020-07-23,8,1589,2022-03-21,0
2020-07-24,6,1595,2022-03-21,0
2020-07-25,2,1597,2022-03-21,0
2020-07-26,5,1602,2022-03-21,0
2020-07-27,5,1607,2022-03-21,0
2020-07-28,7,1614,2022-03-21,0
2020-07-29,3,1617,2022-03-21,0
2020-07-30,6,1623,2022-03-21,0
2020-07-31,9,1632,2022-03-21,0
2020-08-01,4,1636,2022-03-21,0
2020-08-02,7,1643,2022-03-21,0
2020-08-03,4,1647,2022-03-21,0
2020-08-04,7,1654,2022-03-21,0
2020-08-05,8,1662,2022-03-21,0
2020-08-06,9,1671,2022-03-21,0
2020-08-07,7,1678,2022-03-21,0
2020-08-08,6,1684,2022-03-21,0
2020-08-09,10,1694,2022-03-21,0
2020-08-10,3,1697,2022-03-21,0
2020-08-11,9,1706,2022-03-21,0
2020-08-12,7,1713,2022-03-21,0
2020-08-13,5,1718,2022-03-21,0
2020-08-14,9,1727,2022-03-21,0
2020-08-15,13,1740,2022-03-21,0
2020-08-16,13,1753,2022-03-21,0
2020-08-17,6,1759,2022-03-21,0
2020-08-18,11,1770,2022-03-21,0
2020-08-19,3,1773,2022-03-21,0
2020-08-20,10,1783,2022-03-21,0
2020-08-21,12,1795,2022-03-21,0
2020-08-22,9,1804,2022-03-21,0
2020-08-23,7,1811,2022-03-21,0
2020-08-24,9,1820,2022-03-21,0
2020-08-25,4,1824,2022-03-21,0
2020-08-26,3,1827,2022-03-21,0
2020-08-27,7,1834,2022-03-21,0
2020-08-28,6,1840,2022-03-21,0
2020-08-29,3,1843,2022-03-21,0
2020-08-30,5,1848,2022-03-21,0
2020-08-31,9,1857,2022-03-21,0
2020-09-01,2,1859,2022-03-21,0
2020-09-02,7,1866,2022-03-21,0
2020-09-03,12,1878,2022-03-21,0
2020-09-04,4,1882,2022-03-21,0
2020-09-05,6,1888,2022-03-21,0
2020-09-06,12,1900,2022-03-21,0
2020-09-07,3,1903,2022-03-21,0
2020-09-08,6,1909,2022-03-21,0
2020-09-09,10,1919,2022-03-21,0
2020-09-10,9,1928,2022-03-21,0
2020-09-11,11,1939,2022-03-21,0
2020-09-12,8,1947,2022-03-21,0
2020-09-13,8,1955,2022-03-21,0
2020-09-14,2,1957,2022-03-21,0
2020-09-15,7,1964,2022-03-21,0
2020-09-16,9,1973,2022-03-21,0
2020-09-17,5,1978,2022-03-21,0
2020-09-18,6,1984,2022-03-21,0
2020-09-19,4,1988,2022-03-21,0
2020-09-20,9,1997,2022-03-21,0
2020-09-21,7,2004,2022-03-21,0
2020-09-22,8,2012,2022-03-21,0
2020-09-23,9,2021,2022-03-21,0
2020-09-24,8,2029,2022-03-21,0
2020-09-25,11,2040,2022-03-21,0
2020-09-26,9,2049,2022-03-21,0
2020-09-27,14,2063,2022-03-21,0
2020-09-28,11,2074,2022-03-21,0
2020-09-29,5,2079,2022-03-21,0
2020-09-30,16,2095,2022-03-21,0
2020-10-01,7,2102,2022-03-21,0
2020-10-02,13,2115,2022-03-21,0
2020-10-03,9,2124,2022-03-21,0
2020-10-04,7,2131,2022-03-21,0
2020-10-05,10,2141,2022-03-21,0
2020-10-06,13,2154,2022-03-21,0
2020-10-07,19,2173,2022-03-21,0
2020-10-08,9,2182,2022-03-21,0
2020-10-09,17,2199,2022-03-21,0
2020-10-10,16,2215,2022-03-21,0
2020-10-11,16,2231,2022-03-21,0
2020-10-12,20,2251,2022-03-21,0
2020-10-13,14,2265,2022-03-21,0
2020-10-14,10,2275,2022-03-21,0
2020-10-15,9,2284,2022-03-21,0
2020-10-16,12,2296,2022-03-21,0
2020-10-17,18,2314,2022-03-21,0
2020-10-18,25,2339,2022-03-21,0
2020-10-19,18,2357,2022-03-21,0
2020-10-20,15,2372,2022-03-21,0
2020-10-21,24,2396,2022-03-21,0
2020-10-22,18,2414,2022-03-21,0
2020-10-23,19,2433,2022-03-21,0
2020-10-24,8,2441,2022-03-21,0
2020-10-25,17,2458,2022-03-21,0
2020-10-26,25,2483,2022-03-21,0
2020-10-27,23,2506,2022-03-21,0
2020-10-28,29,2535,2022-03-21,0
2020-10-29,18,2553,2022-03-21,0
2020-10-30,27,2580,2022-03-21,0
2020-10-31,25,2605,2022-03-21,0
2020-11-01,21,2626,2022-03-21,0
2020-11-02,25,2651,2022-03-21,0
2020-11-03,25,2676,2022-03-21,0
2020-11-04,33,2709,2022-03-21,0
2020-11-05,38,2747,2022-03-21,0
2020-11-06,39,2786,2022-03-21,0
2020-11-07,42,2828,2022-03-21,0
2020-11-08,47,2875,2022-03-21,0
2020-11-09,37,2912,2022-03-21,0
2020-11-10,35,2947,2022-03-21,0
2020-11-11,43,2990,2022-03-21,0
2020-11-12,45,3035,2022-03-21,0
2020-11-13,40,3075,2022-03-21,0
2020-11-14,48,3123,2022-03-21,0
2020-11-15,46,3169,2022-03-21,0
2020-11-16,62,3231,2022-03-21,0
2020-11-17,56,3287,2022-03-21,0
2020-11-18,61,3348,2022-03-21,0
2020-11-19,60,3408,2022-03-21,0
2020-11-20,63,3471,2022-03-21,0
2020-11-21,58,3529,2022-03-21,0
2020-11-22,67,3596,2022-03-21,0
2020-11-23,59,3655,2022-03-21,0
2020-11-24,69,3724,2022-03-21,0
2020-11-25,72,3796,2022-03-21,0
2020-11-26,54,3850,2022-03-21,0
2020-11-27,69,3919,2022-03-21,0
2020-11-28,62,3981,2022-03-21,0
2020-11-29,68,4049,2022-03-21,0
2020-11-30,62,4111,2022-03-21,0
2020-12-01,64,4175,2022-03-21,0
2020-12-02,73,4248,2022-03-21,0
2020-12-03,86,4334,2022-03-21,0
2020-12-04,67,4401,2022-03-21,0
2020-12-05,74,4475,2022-03-21,0
2020-12-06,80,4555,2022-03-21,0
2020-12-07,75,4630,2022-03-21,0
2020-12-08,61,4691,2022-03-21,0
2020-12-09,71,4762,2022-03-21,0
2020-12-10,72,4834,2022-03-21,0
2020-12-11,71,4905,2022-03-21,0
2020-12-12,72,4977,2022-03-21,0
2020-12-13,56,5033,2022-03-21,0
2020-12-14,43,5076,2022-03-21,0
2020-12-15,65,5141,2022-03-21,0
2020-12-16,74,5215,2022-03-21,0
2020-12-17,60,5275,2022-03-21,0
2020-12-18,59,5334,2022-03-21,0
2020-12-19,56,5390,2022-03-21,0
2020-12-20,61,5451,2022-03-21,0
2020-12-21,58,5509,2022-03-21,0
2020-12-22,33,5542,2022-03-21,0
2020-12-23,46,5588,2022-03-21,0
2020-12-24,51,5639,2022-03-21,0
2020-12-25,36,5675,2022-03-21,0
2020-12-26,43,5718,2022-03-21,0
2020-12-27,41,5759,2022-03-21,0
2020-12-28,34,5793,2022-03-21,0
2020-12-29,37,5830,2022-03-21,0
2020-12-30,47,5877,2022-03-21,0
2020-12-31,36,5913,2022-03-21,0
2021-01-01,28,5941,2022-03-21,0
2021-01-02,49,5990,2022-03-21,0
2021-01-03,37,6027,2022-03-21,0
2021-01-04,32,6059,2022-03-21,0
2021-01-05,40,6099,2022-03-21,0
2021-01-06,32,6131,2022-03-21,0
2021-01-07,38,6169,2022-03-21,0
2021-01-08,32,6201,2022-03-21,0
2021-01-09,26,6227,2022-03-21,0
2021-01-10,30,6257,2022-03-21,0
2021-01-11,27,6284,2022-03-21,0
2021-01-12,32,6316,2022-03-21,0
2021-01-13,23,6339,2022-03-21,0
2021-01-14,42,6381,2022-03-21,0
2021-01-15,26,6407,2022-03-21,0
2021-01-16,30,6437,2022-03-21,0
2021-01-17,21,6458,2022-03-21,0
2021-01-18,19,6477,2022-03-21,0
2021-01-19,14,6491,2022-03-21,0
2021-01-20,26,6517,2022-03-21,0
2021-01-21,16,6533,2022-03-21,0
2021-01-22,14,6547,2022-03-21,0
2021-01-23,17,6564,2022-03-21,0
2021-01-24,24,6588,2022-03-21,0
2021-01-25,19,6607,2022-03-21,0
2021-01-26,21,6628,2022-03-21,0
2021-01-27,11,6639,2022-03-21,0
2021-01-28,12,6651,2022-03-21,0
2021-01-29,15,6666,2022-03-21,0
2021-01-30,13,6679,2022-03-21,0
2021-01-31,17,6696,2022-03-21,0
2021-02-01,17,6713,2022-03-21,0
2021-02-02,10,6723,2022-03-21,0
2021-02-03,11,6734,2022-03-21,0
2021-02-04,11,6745,2022-03-21,0
2021-02-05,13,6758,2022-03-21,0
2021-02-06,12,6770,2022-03-21,0
2021-02-07,19,6789,2022-03-21,0
2021-02-08,11,6800,2022-03-21,0
2021-02-09,15,6815,2022-03-21,0
2021-02-10,14,6829,2022-03-21,0
2021-02-11,7,6836,2022-03-21,0
2021-02-12,14,6850,2022-03-21,0
2021-02-13,8,6858,2022-03-21,0
2021-02-14,10,6868,2022-03-21,0
2021-02-15,9,6877,2022-03-21,0
2021-02-16,12,6889,2022-03-21,0
2021-02-17,10,6899,2022-03-21,0
2021-02-18,7,6906,2022-03-21,0
2021-02-19,6,6912,2022-03-21,0
2021-02-20,7,6919,2022-03-21,0
2021-02-21,4,6923,2022-03-21,0
2021-02-22,5,6928,2022-03-21,0
2021-02-23,9,6937,2022-03-21,0
2021-02-24,5,6942,2022-03-21,0
2021-02-25,5,6947,2022-03-21,0
2021-02-26,7,6954,2022-03-21,0
2021-02-27,6,6960,2022-03-21,0
2021-02-28,8,6968,2022-03-21,0
2021-03-01,7,6975,2022-03-21,0
2021-03-02,3,6978,2022-03-21,0
2021-03-03,10,6988,2022-03-21,0
2021-03-04,6,6994,2022-03-21,0
2021-03-05,10,7004,2022-03-21,0
2021-03-06,5,7009,2022-03-21,0
2021-03-07,9,7018,2022-03-21,0
2021-03-08,5,7023,2022-03-21,0
2021-03-09,7,7030,2022-03-21,0
2021-03-10,5,7035,2022-03-21,0
2021-03-11,4,7039,2022-03-21,0
2021-03-12,11,7050,2022-03-21,0
2021-03-13,5,7055,2022-03-21,0
2021-03-14,5,7060,2022-03-21,0
2021-03-15,2,7062,2022-03-21,0
2021-03-16,6,7068,2022-03-21,0
2021-03-17,4,7072,2022-03-21,0
2021-03-18,5,7077,2022-03-21,0
2021-03-19,5,7082,2022-03-21,0
2021-03-20,9,7091,2022-03-21,0
2021-03-21,5,7096,2022-03-21,0
2021-03-22,4,7100,2022-03-21,0
2021-03-23,5,7105,2022-03-21,0
2021-03-24,1,7106,2022-03-21,0
2021-03-25,5,7111,2022-03-21,0
2021-03-26,3,7114,2022-03-21,0
2021-03-27,7,7121,2022-03-21,0
2021-03-28,6,7127,2022-03-21,0
2021-03-29,5,7132,2022-03-21,0
2021-03-30,6,7138,2022-03-21,0
2021-03-31,8,7146,2022-03-21,0
2021-04-01,6,7152,2022-03-21,0
2021-04-02,9,7161,2022-03-21,0
2021-04-03,8,7169,2022-03-21,0
2021-04-04,6,7175,2022-03-21,0
2021-04-05,8,7183,2022-03-21,0
2021-04-06,7,7190,2022-03-21,0
2021-04-07,6,7196,2022-03-21,0
2021-04-08,10,7206,2022-03-21,0
2021-04-09,7,7213,2022-03-21,0
2021-04-10,7,7220,2022-03-21,0
2021-04-11,8,7228,2022-03-21,0
2021-04-12,10,7238,2022-03-21,0
2021-04-13,7,7245,2022-03-21,0
2021-04-14,8,7253,2022-03-21,0
2021-04-15,14,7267,2022-03-21,0
2021-04-16,8,7275,2022-03-21,0
2021-04-17,8,7283,2022-03-21,0
2021-04-18,8,7291,2022-03-21,0
2021-04-19,10,7301,2022-03-21,0
2021-04-20,5,7306,2022-03-21,0
2021-04-21,8,7314,2022-03-21,0
2021-04-22,3,7317,2022-03-21,0
2021-04-23,15,7332,2022-03-21,0
2021-04-24,11,7343,2022-03-21,0
2021-04-25,15,7358,2022-03-21,0
2021-04-26,15,7373,2022-03-21,0
2021-04-27,7,7380,2022-03-21,0
2021-04-28,14,7394,2022-03-21,0
2021-04-29,8,7402,2022-03-21,0
2021-04-30,11,7413,2022-03-21,0
2021-05-01,7,7420,2022-03-21,0
2021-05-02,8,7428,2022-03-21,0
2021-05-03,5,7433,2022-03-21,0
2021-05-04,13,7446,2022-03-21,0
2021-05-05,9,7455,2022-03-21,0
2021-05-06,5,7460,2022-03-21,0
2021-05-07,8,7468,2022-03-21,0
2021-05-08,7,7475,2022-03-21,0
2021-05-09,9,7484,2022-03-21,0
2021-05-10,8,7492,2022-03-21,0
2021-05-11,6,7498,2022-03-21,0
2021-05-12,9,7507,2022-03-21,0
2021-05-13,9,7516,2022-03-21,0
2021-05-14,11,7527,2022-03-21,0
2021-05-15,10,7537,2022-03-21,0
2021-05-16,6,7543,2022-03-21,0
2021-05-17,6,7549,2022-03-21,0
2021-05-18,7,7556,2022-03-21,0
2021-05-19,2,7558,2022-03-21,0
2021-05-20,5,7563,2022-03-21,0
2021-05-21,7,7570,2022-03-21,0
2021-05-22,12,7582,2022-03-21,0
2021-05-23,5,7587,2022-03-21,0
2021-05-24,5,7592,2022-03-21,0
2021-05-25,6,7598,2022-03-21,0
2021-05-26,3,7601,2022-03-21,0
2021-05-27,7,7608,2022-03-21,0
2021-05-28,2,7610,2022-03-21,0
2021-05-29,6,7616,2022-03-21,0
2021-05-30,4,7620,2022-03-21,0
2021-05-31,3,7623,2022-03-21,0
2021-06-01,5,7628,2022-03-21,0
2021-06-02,8,7636,2022-03-21,0
2021-06-03,4,7640,2022-03-21,0
2021-06-04,4,7644,2022-03-21,0
2021-06-05,2,7646,2022-03-21,0
2021-06-06,5,7651,2022-03-21,0
2021-06-07,3,7654,2022-03-21,0
2021-06-08,5,7659,2022-03-21,0
2021-06-09,4,7663,2022-03-21,0
2021-06-10,6,7669,2022-03-21,0
2021-06-11,6,7675,2022-03-21,0
2021-06-12,4,7679,2022-03-21,0
2021-06-13,4,7683,2022-03-21,0
2021-06-14,3,7686,2022-03-21,0
2021-06-15,2,7688,2022-03-21,0
2021-06-16,2,7690,2022-03-21,0
2021-06-17,4,7694,2022-03-21,0
2021-06-18,2,7696,2022-03-21,0
2021-06-19,6,7702,2022-03-21,0
2021-06-20,1,7703,2022-03-21,0
2021-06-21,5,7708,2022-03-21,0
2021-06-22,3,7711,2022-03-21,0
2021-06-23,4,7715,2022-03-21,0
2021-06-24,3,7718,2022-03-21,0
2021-06-25,3,7721,2022-03-21,0
2021-06-26,4,7725,2022-03-21,0
2021-06-27,2,7727,2022-03-21,0
2021-06-28,2,7729,2022-03-21,0
2021-06-29,2,7731,2022-03-21,0
2021-06-30,2,7733,2022-03-21,0
2021-07-01,0,7733,2022-03-21,0
2021-07-02,2,7735,2022-03-21,0
2021-07-03,2,7737,2022-03-21,0
2021-07-04,3,7740,2022-03-21,0
2021-07-05,1,7741,2022-03-21,0
2021-07-06,5,7746,2022-03-21,0
2021-07-07,1,7747,2022-03-21,0
2021-07-08,1,7748,2022-03-21,0
2021-07-09,0,7748,2022-03-21,0
2021-07-10,2,7750,2022-03-21,0
2021-07-11,3,7753,2022-03-21,0
2021-07-12,1,7754,2022-03-21,0
2021-07-13,2,7756,2022-03-21,0
2021-07-14,2,7758,2022-03-21,0
2021-07-15,2,7760,2022-03-21,0
2021-07-16,1,7761,2022-03-21,0
2021-07-17,1,7762,2022-03-21,0
2021-07-18,0,7762,2022-03-21,0
2021-07-19,0,7762,2022-03-21,0
2021-07-20,2,7764,2022-03-21,0
2021-07-21,3,7767,2022-03-21,0
2021-07-22,2,7769,2022-03-21,0
2021-07-23,3,7772,2022-03-21,0
2021-07-24,0,7772,2022-03-21,0
2021-07-25,2,7774,2022-03-21,0
2021-07-26,1,7775,2022-03-21,0
2021-07-27,2,7777,2022-03-21,0
2021-07-28,3,7780,2022-03-21,0
2021-07-29,2,7782,2022-03-21,0
2021-07-30,5,7787,2022-03-21,0
2021-07-31,4,7791,2022-03-21,0
2021-08-01,1,7792,2022-03-21,0
2021-08-02,3,7795,2022-03-21,0
2021-08-03,2,7797,2022-03-21,0
2021-08-04,3,7800,2022-03-21,0
2021-08-05,2,7802,2022-03-21,0
2021-08-06,8,7810,2022-03-21,0
2021-08-07,3,7813,2022-03-21,0
2021-08-08,3,7816,2022-03-21,0
2021-08-09,3,7819,2022-03-21,0
2021-08-10,2,7821,2022-03-21,0
2021-08-11,2,7823,2022-03-21,0
2021-08-12,7,7830,2022-03-21,0
2021-08-13,5,7835,2022-03-21,0
2021-08-14,6,7841,2022-03-21,0
2021-08-15,0,7841,2022-03-21,0
2021-08-16,7,7848,2022-03-21,0
2021-08-17,7,7855,2022-03-21,0
2021-08-18,9,7864,2022-03-21,0
2021-08-19,2,7866,2022-03-21,0
2021-08-20,3,7869,2022-03-21,0
2021-08-21,5,7874,2022-03-21,0
2021-08-22,7,7881,2022-03-21,0
2021-08-23,5,7886,2022-03-21,0
2021-08-24,12,7898,2022-03-21,0
2021-08-25,7,7905,2022-03-21,0
2021-08-26,2,7907,2022-03-21,0
2021-08-27,6,7913,2022-03-21,0
2021-08-28,11,7924,2022-03-21,0
2021-08-29,11,7935,2022-03-21,0
2021-08-30,8,7943,2022-03-21,0
2021-08-31,8,7951,2022-03-21,0
2021-09-01,6,7957,2022-03-21,0
2021-09-02,6,7963,2022-03-21,0
2021-09-03,9,7972,2022-03-21,0
2021-09-04,9,7981,2022-03-21,0
2021-09-05,10,7991,2022-03-21,0
2021-09-06,8,7999,2022-03-21,0
2021-09-07,7,8006,2022-03-21,0
2021-09-08,11,8017,2022-03-21,0
2021-09-09,5,8022,2022-03-21,0
2021-09-10,9,8031,2022-03-21,0
2021-09-11,17,8048,2022-03-21,0
2021-09-12,10,8058,2022-03-21,0
2021-09-13,8,8066,2022-03-21,0
2021-09-14,11,8077,2022-03-21,0
2021-09-15,14,8091,2022-03-21,0
2021-09-16,16,8107,2022-03-21,0
2021-09-17,8,8115,2022-03-21,0
2021-09-18,15,8130,2022-03-21,0
2021-09-19,11,8141,2022-03-21,0
2021-09-20,16,8157,2022-03-21,0
2021-09-21,16,8173,2022-03-21,0
2021-09-22,17,8190,2022-03-21,0
2021-09-23,13,8203,2022-03-21,0
2021-09-24,13,8216,2022-03-21,0
2021-09-25,16,8232,2022-03-21,0
2021-09-26,15,8247,2022-03-21,0
2021-09-27,15,8262,2022-03-21,0
2021-09-28,11,8273,2022-03-21,0
2021-09-29,21,8294,2022-03-21,0
2021-09-30,17,8311,2022-03-21,0
2021-10-01,13,8324,2022-03-21,0
2021-10-02,15,8339,2022-03-21,0
2021-10-03,23,8362,2022-03-21,0
2021-10-04,15,8377,2022-03-21,0
2021-10-05,23,8400,2022-03-21,0
2021-10-06,21,8421,2022-03-21,0
2021-10-07,14,8435,2022-03-21,0
2021-10-08,22,8457,2022-03-21,0
2021-10-09,20,8477,2022-03-21,0
2021-10-10,14,8491,2022-03-21,0
2021-10-11,11,8502,2022-03-21,0
2021-10-12,25,8527,2022-03-21,0
2021-10-13,21,8548,2022-03-21,0
2021-10-14,22,8570,2022-03-21,0
2021-10-15,14,8584,2022-03-21,0
2021-10-16,20,8604,2022-03-21,0
2021-10-17,18,8622,2022-03-21,0
2021-10-18,17,8639,2022-03-21,0
2021-10-19,26,8665,2022-03-21,0
2021-10-20,17,8682,2022-03-21,0
2021-10-21,8,8690,2022-03-21,0
2021-10-22,23,8713,2022-03-21,0
2021-10-23,24,8737,2022-03-21,0
2021-10-24,25,8762,2022-03-21,0
2021-10-25,20,8782,2022-03-21,0
2021-10-26,22,8804,2022-03-21,0
2021-10-27,16,8820,2022-03-21,0
2021-10-28,24,8844,2022-03-21,0
2021-10-29,20,8864,2022-03-21,0
2021-10-30,20,8884,2022-03-21,0
2021-10-31,27,8911,2022-03-21,0
2021-11-01,18,8929,2022-03-21,0
2021-11-02,18,8947,2022-03-21,0
2021-11-03,28,8975,2022-03-21,0
2021-11-04,29,9004,2022-03-21,1
2021-11-05,29,9033,2022-03-21,0
2021-11-06,16,9049,2022-03-21,0
2021-11-07,24,9073,2022-03-21,0
2021-11-08,28,9101,2022-03-21,0
2021-11-09,17,9118,2022-03-21,0
2021-11-10,18,9136,2022-03-21,0
2021-11-11,28,9164,2022-03-21,0
2021-11-12,29,9193,2022-03-21,0
2021-11-13,31,9224,2022-03-21,0
2021-11-14,24,9248,2022-03-21,0
2021-11-15,28,9276,2022-03-21,0
2021-11-16,25,9301,2022-03-21,0
2021-11-17,37,9338,2022-03-21,0
2021-11-18,38,9376,2022-03-21,0
2021-11-19,34,9410,2022-03-21,0
2021-11-20,30,9440,2022-03-21,0
2021-11-21,32,9472,2022-03-21,0
2021-11-22,30,9502,2022-03-21,0
2021-11-23,32,9534,2022-03-21,0
2021-11-24,25,9559,2022-03-21,0
2021-11-25,35,9594,2022-03-21,0
2021-11-26,51,9645,2022-03-21,0
2021-11-27,36,9681,2022-03-21,0
2021-11-28,39,9720,2022-03-21,0
2021-11-29,29,9749,2022-03-21,0
2021-11-30,30,9779,2022-03-21,0
2021-12-01,47,9826,2022-03-21,0
2021-12-02,40,9866,2022-03-21,0
2021-12-03,31,9897,2022-03-21,0
2021-12-04,42,9939,2022-03-21,0
2021-12-05,36,9975,2022-03-21,0
2021-12-06,36,10011,2022-03-21,0
2021-12-07,36,10047,2022-03-21,0
2021-12-08,39,10086,2022-03-21,0
2021-12-09,47,10133,2022-03-21,0
2021-12-10,34,10167,2022-03-21,0
2021-12-11,27,10194,2022-03-21,0
2021-12-12,37,10231,2022-03-21,0
2021-12-13,34,10265,2022-03-21,0
2021-12-14,35,10300,2022-03-21,0
2021-12-15,42,10342,2022-03-21,0
2021-12-16,33,10375,2022-03-21,0
2021-12-17,41,10416,2022-03-21,0
2021-12-18,33,10449,2022-03-21,0
2021-12-19,31,10480,2022-03-21,0
2021-12-20,33,10513,2022-03-21,0
2021-12-21,28,10541,2022-03-21,0
2021-12-22,29,10570,2022-03-21,0
2021-12-23,28,10598,2022-03-21,0
2021-12-24,30,10628,2022-03-21,0
2021-12-25,28,10656,2022-03-21,0
2021-12-26,42,10698,2022-03-21,0
2021-12-27,32,10730,2022-03-21,0
2021-12-28,35,10765,2022-03-21,0
2021-12-29,29,10794,2022-03-21,0
2021-12-30,21,10815,2022-03-21,0
2021-12-31,40,10855,2022-03-21,0
2022-01-01,27,10882,2022-03-21,0
2022-01-02,22,10904,2022-03-21,0
2022-01-03,23,10927,2022-03-21,0
2022-01-04,30,10957,2022-03-21,0
2022-01-05,32,10989,2022-03-21,0
2022-01-06,32,11021,2022-03-21,0
2022-01-07,28,11049,2022-03-21,0
2022-01-08,43,11092,2022-03-21,0
2022-01-09,18,11110,2022-03-21,0
2022-01-10,31,11141,2022-03-21,0
2022-01-11,18,11159,2022-03-21,0
2022-01-12,21,11180,2022-03-21,0
2022-01-13,27,11207,2022-03-21,0
2022-01-14,33,11240,2022-03-21,0
2022-01-15,26,11266,2022-03-21,0
2022-01-16,33,11299,2022-03-21,0
2022-01-17,36,11335,2022-03-21,0
2022-01-18,26,11361,2022-03-21,0
2022-01-19,29,11390,2022-03-21,0
2022-01-20,30,11420,2022-03-21,0
2022-01-21,27,11447,2022-03-21,0
2022-01-22,29,11476,2022-03-21,0
2022-01-23,23,11499,2022-03-21,0
2022-01-24,37,11536,2022-03-21,0
2022-01-25,33,11569,2022-03-21,0
2022-01-26,35,11604,2022-03-21,0
2022-01-27,37,11641,2022-03-21,0
2022-01-28,31,11672,2022-03-21,0
2022-01-29,29,11701,2022-03-21,0
2022-01-30,27,11728,2022-03-21,0
2022-01-31,18,11746,2022-03-21,0
2022-02-01,25,11771,2022-03-21,0
2022-02-02,22,11793,2022-03-21,0
2022-02-03,30,11823,2022-03-21,0
2022-02-04,20,11843,2022-03-21,0
2022-02-05,28,11871,2022-03-21,0
2022-02-06,27,11898,2022-03-21,0
2022-02-07,17,11915,2022-03-21,0
2022-02-08,27,11942,2022-03-21,0
2022-02-09,25,11967,2022-03-21,0
2022-02-10,21,11988,2022-03-21,0
2022-02-11,19,12007,2022-03-21,0
2022-02-12,16,12023,2022-03-21,0
2022-02-13,19,12042,2022-03-21,0
2022-02-14,17,12059,2022-03-21,0
2022-02-15,21,12080,2022-03-21,0
2022-02-16,13,12093,2022-03-21,0
2022-02-17,15,12108,2022-03-21,0
2022-02-18,13,12121,2022-03-21,0
2022-02-19,20,12141,2022-03-21,0
2022-02-20,15,12156,2022-03-21,0
2022-02-21,6,12162,2022-03-21,0
2022-02-22,14,12176,2022-03-21,0
2022-02-23,9,12185,2022-03-21,0
2022-02-24,25,12210,2022-03-21,0
2022-02-25,9,12219,2022-03-21,0
2022-02-26,10,12229,2022-03-21,0
2022-02-27,10,12239,2022-03-21,0
2022-02-28,7,12246,2022-03-21,0
2022-03-01,6,12252,2022-03-21,0
2022-03-02,9,12261,2022-03-21,0
2022-03-03,6,12267,2022-03-21,0
2022-03-04,10,12277,2022-03-21,0
2022-03-05,4,12281,2022-03-21,0
2022-03-06,9,12290,2022-03-21,0
2022-03-07,4,12294,2022-03-21,0
2022-03-08,4,12298,2022-03-21,1
2022-03-09,11,12309,2022-03-21,1
2022-03-10,7,12316,2022-03-21,1
2022-03-11,6,12322,2022-03-21,2
2022-03-12,0,12322,2022-03-21,0
2022-03-13,3,12325,2022-03-21,1
2022-03-14,2,12327,2022-03-21,0
NA,1,12328,2022-03-21,0
2020-03-19,1,1,2022-03-22,0
2020-03-20,0,1,2022-03-22,0
2020-03-21,0,1,2022-03-22,0
2020-03-22,0,1,2022-03-22,0
2020-03-23,0,1,2022-03-22,0
2020-03-24,1,2,2022-03-22,0
2020-03-25,1,3,2022-03-22,0
2020-03-26,1,4,2022-03-22,0
2020-03-27,5,9,2022-03-22,0
2020-03-28,3,12,2022-03-22,0
2020-03-29,0,12,2022-03-22,0
2020-03-30,5,17,2022-03-22,0
2020-03-31,2,19,2022-03-22,0
2020-04-01,5,24,2022-03-22,0
2020-04-02,3,27,2022-03-22,0
2020-04-03,1,28,2022-03-22,0
2020-04-04,5,33,2022-03-22,0
2020-04-05,5,38,2022-03-22,0
2020-04-06,10,48,2022-03-22,0
2020-04-07,6,54,2022-03-22,0
2020-04-08,7,61,2022-03-22,0
2020-04-09,8,69,2022-03-22,0
2020-04-10,6,75,2022-03-22,0
2020-04-11,4,79,2022-03-22,0
2020-04-12,4,83,2022-03-22,0
2020-04-13,10,93,2022-03-22,0
2020-04-14,6,99,2022-03-22,0
2020-04-15,17,116,2022-03-22,0
2020-04-16,10,126,2022-03-22,0
2020-04-17,17,143,2022-03-22,0
2020-04-18,17,160,2022-03-22,0
2020-04-19,16,176,2022-03-22,0
2020-04-20,21,197,2022-03-22,0
2020-04-21,26,223,2022-03-22,0
2020-04-22,21,244,2022-03-22,0
2020-04-23,19,263,2022-03-22,0
2020-04-24,23,286,2022-03-22,0
2020-04-25,18,304,2022-03-22,0
2020-04-26,17,321,2022-03-22,0
2020-04-27,21,342,2022-03-22,0
2020-04-28,16,358,2022-03-22,0
2020-04-29,29,387,2022-03-22,0
2020-04-30,18,405,2022-03-22,0
2020-05-01,30,435,2022-03-22,0
2020-05-02,19,454,2022-03-22,0
2020-05-03,29,483,2022-03-22,0
2020-05-04,23,506,2022-03-22,0
2020-05-05,19,525,2022-03-22,0
2020-05-06,25,550,2022-03-22,0
2020-05-07,30,580,2022-03-22,0
2020-05-08,20,600,2022-03-22,0
2020-05-09,26,626,2022-03-22,0
2020-05-10,19,645,2022-03-22,0
2020-05-11,25,670,2022-03-22,0
2020-05-12,20,690,2022-03-22,0
2020-05-13,22,712,2022-03-22,0
2020-05-14,20,732,2022-03-22,0
2020-05-15,20,752,2022-03-22,0
2020-05-16,20,772,2022-03-22,0
2020-05-17,23,795,2022-03-22,0
2020-05-18,18,813,2022-03-22,0
2020-05-19,35,848,2022-03-22,0
2020-05-20,24,872,2022-03-22,0
2020-05-21,17,889,2022-03-22,0
2020-05-22,20,909,2022-03-22,0
2020-05-23,26,935,2022-03-22,0
2020-05-24,25,960,2022-03-22,0
2020-05-25,30,990,2022-03-22,0
2020-05-26,29,1019,2022-03-22,0
2020-05-27,25,1044,2022-03-22,0
2020-05-28,21,1065,2022-03-22,0
2020-05-29,17,1082,2022-03-22,0
2020-05-30,10,1092,2022-03-22,0
2020-05-31,20,1112,2022-03-22,0
2020-06-01,23,1135,2022-03-22,0
2020-06-02,21,1156,2022-03-22,0
2020-06-03,25,1181,2022-03-22,0
2020-06-04,26,1207,2022-03-22,0
2020-06-05,18,1225,2022-03-22,0
2020-06-06,12,1237,2022-03-22,0
2020-06-07,22,1259,2022-03-22,0
2020-06-08,12,1271,2022-03-22,0
2020-06-09,13,1284,2022-03-22,0
2020-06-10,10,1294,2022-03-22,0
2020-06-11,12,1306,2022-03-22,0
2020-06-12,11,1317,2022-03-22,0
2020-06-13,13,1330,2022-03-22,0
2020-06-14,11,1341,2022-03-22,0
2020-06-15,8,1349,2022-03-22,0
2020-06-16,9,1358,2022-03-22,0
2020-06-17,17,1375,2022-03-22,0
2020-06-18,9,1384,2022-03-22,0
2020-06-19,8,1392,2022-03-22,0
2020-06-20,12,1404,2022-03-22,0
2020-06-21,11,1415,2022-03-22,0
2020-06-22,6,1421,2022-03-22,0
2020-06-23,10,1431,2022-03-22,0
2020-06-24,1,1432,2022-03-22,0
2020-06-25,9,1441,2022-03-22,0
2020-06-26,6,1447,2022-03-22,0
2020-06-27,5,1452,2022-03-22,0
2020-06-28,11,1463,2022-03-22,0
2020-06-29,7,1470,2022-03-22,0
2020-06-30,9,1479,2022-03-22,0
2020-07-01,2,1481,2022-03-22,0
2020-07-02,3,1484,2022-03-22,0
2020-07-03,5,1489,2022-03-22,0
2020-07-04,4,1493,2022-03-22,0
2020-07-05,6,1499,2022-03-22,0
2020-07-06,4,1503,2022-03-22,0
2020-07-07,2,1505,2022-03-22,0
2020-07-08,9,1514,2022-03-22,0
2020-07-09,4,1518,2022-03-22,0
2020-07-10,3,1521,2022-03-22,0
2020-07-11,4,1525,2022-03-22,0
2020-07-12,6,1531,2022-03-22,0
2020-07-13,2,1533,2022-03-22,0
2020-07-14,6,1539,2022-03-22,0
2020-07-15,7,1546,2022-03-22,0
2020-07-16,3,1549,2022-03-22,0
2020-07-17,7,1556,2022-03-22,0
2020-07-18,6,1562,2022-03-22,0
2020-07-19,5,1567,2022-03-22,0
2020-07-20,3,1570,2022-03-22,0
2020-07-21,6,1576,2022-03-22,0
2020-07-22,5,1581,2022-03-22,0
2020-07-23,8,1589,2022-03-22,0
2020-07-24,6,1595,2022-03-22,0
2020-07-25,2,1597,2022-03-22,0
2020-07-26,5,1602,2022-03-22,0
2020-07-27,5,1607,2022-03-22,0
2020-07-28,7,1614,2022-03-22,0
2020-07-29,3,1617,2022-03-22,0
2020-07-30,6,1623,2022-03-22,0
2020-07-31,9,1632,2022-03-22,0
2020-08-01,4,1636,2022-03-22,0
2020-08-02,7,1643,2022-03-22,0
2020-08-03,4,1647,2022-03-22,0
2020-08-04,7,1654,2022-03-22,0
2020-08-05,8,1662,2022-03-22,0
2020-08-06,9,1671,2022-03-22,0
2020-08-07,7,1678,2022-03-22,0
2020-08-08,6,1684,2022-03-22,0
2020-08-09,10,1694,2022-03-22,0
2020-08-10,3,1697,2022-03-22,0
2020-08-11,9,1706,2022-03-22,0
2020-08-12,7,1713,2022-03-22,0
2020-08-13,5,1718,2022-03-22,0
2020-08-14,9,1727,2022-03-22,0
2020-08-15,13,1740,2022-03-22,0
2020-08-16,13,1753,2022-03-22,0
2020-08-17,6,1759,2022-03-22,0
2020-08-18,11,1770,2022-03-22,0
2020-08-19,3,1773,2022-03-22,0
2020-08-20,10,1783,2022-03-22,0
2020-08-21,12,1795,2022-03-22,0
2020-08-22,9,1804,2022-03-22,0
2020-08-23,7,1811,2022-03-22,0
2020-08-24,9,1820,2022-03-22,0
2020-08-25,4,1824,2022-03-22,0
2020-08-26,3,1827,2022-03-22,0
2020-08-27,7,1834,2022-03-22,0
2020-08-28,6,1840,2022-03-22,0
2020-08-29,3,1843,2022-03-22,0
2020-08-30,5,1848,2022-03-22,0
2020-08-31,9,1857,2022-03-22,0
2020-09-01,2,1859,2022-03-22,0
2020-09-02,7,1866,2022-03-22,0
2020-09-03,12,1878,2022-03-22,0
2020-09-04,4,1882,2022-03-22,0
2020-09-05,6,1888,2022-03-22,0
2020-09-06,12,1900,2022-03-22,0
2020-09-07,3,1903,2022-03-22,0
2020-09-08,6,1909,2022-03-22,0
2020-09-09,10,1919,2022-03-22,0
2020-09-10,9,1928,2022-03-22,0
2020-09-11,11,1939,2022-03-22,0
2020-09-12,8,1947,2022-03-22,0
2020-09-13,8,1955,2022-03-22,0
2020-09-14,2,1957,2022-03-22,0
2020-09-15,7,1964,2022-03-22,0
2020-09-16,9,1973,2022-03-22,0
2020-09-17,5,1978,2022-03-22,0
2020-09-18,6,1984,2022-03-22,0
2020-09-19,4,1988,2022-03-22,0
2020-09-20,9,1997,2022-03-22,0
2020-09-21,7,2004,2022-03-22,0
2020-09-22,8,2012,2022-03-22,0
2020-09-23,9,2021,2022-03-22,0
2020-09-24,8,2029,2022-03-22,0
2020-09-25,11,2040,2022-03-22,0
2020-09-26,9,2049,2022-03-22,0
2020-09-27,14,2063,2022-03-22,0
2020-09-28,11,2074,2022-03-22,0
2020-09-29,5,2079,2022-03-22,0
2020-09-30,16,2095,2022-03-22,0
2020-10-01,7,2102,2022-03-22,0
2020-10-02,13,2115,2022-03-22,0
2020-10-03,9,2124,2022-03-22,0
2020-10-04,7,2131,2022-03-22,0
2020-10-05,10,2141,2022-03-22,0
2020-10-06,13,2154,2022-03-22,0
2020-10-07,19,2173,2022-03-22,0
2020-10-08,9,2182,2022-03-22,0
2020-10-09,17,2199,2022-03-22,0
2020-10-10,16,2215,2022-03-22,0
2020-10-11,16,2231,2022-03-22,0
2020-10-12,20,2251,2022-03-22,0
2020-10-13,14,2265,2022-03-22,0
2020-10-14,10,2275,2022-03-22,0
2020-10-15,9,2284,2022-03-22,0
2020-10-16,12,2296,2022-03-22,0
2020-10-17,18,2314,2022-03-22,0
2020-10-18,25,2339,2022-03-22,0
2020-10-19,18,2357,2022-03-22,0
2020-10-20,15,2372,2022-03-22,0
2020-10-21,24,2396,2022-03-22,0
2020-10-22,18,2414,2022-03-22,0
2020-10-23,19,2433,2022-03-22,0
2020-10-24,8,2441,2022-03-22,0
2020-10-25,17,2458,2022-03-22,0
2020-10-26,25,2483,2022-03-22,0
2020-10-27,23,2506,2022-03-22,0
2020-10-28,29,2535,2022-03-22,0
2020-10-29,18,2553,2022-03-22,0
2020-10-30,27,2580,2022-03-22,0
2020-10-31,25,2605,2022-03-22,0
2020-11-01,21,2626,2022-03-22,0
2020-11-02,25,2651,2022-03-22,0
2020-11-03,25,2676,2022-03-22,0
2020-11-04,33,2709,2022-03-22,0
2020-11-05,38,2747,2022-03-22,0
2020-11-06,39,2786,2022-03-22,0
2020-11-07,42,2828,2022-03-22,0
2020-11-08,47,2875,2022-03-22,0
2020-11-09,37,2912,2022-03-22,0
2020-11-10,35,2947,2022-03-22,0
2020-11-11,43,2990,2022-03-22,0
2020-11-12,45,3035,2022-03-22,0
2020-11-13,40,3075,2022-03-22,0
2020-11-14,48,3123,2022-03-22,0
2020-11-15,46,3169,2022-03-22,0
2020-11-16,62,3231,2022-03-22,0
2020-11-17,56,3287,2022-03-22,0
2020-11-18,61,3348,2022-03-22,0
2020-11-19,60,3408,2022-03-22,0
2020-11-20,63,3471,2022-03-22,0
2020-11-21,58,3529,2022-03-22,0
2020-11-22,67,3596,2022-03-22,0
2020-11-23,59,3655,2022-03-22,0
2020-11-24,69,3724,2022-03-22,0
2020-11-25,72,3796,2022-03-22,0
2020-11-26,54,3850,2022-03-22,0
2020-11-27,69,3919,2022-03-22,0
2020-11-28,62,3981,2022-03-22,0
2020-11-29,68,4049,2022-03-22,0
2020-11-30,62,4111,2022-03-22,0
2020-12-01,64,4175,2022-03-22,0
2020-12-02,73,4248,2022-03-22,0
2020-12-03,86,4334,2022-03-22,0
2020-12-04,67,4401,2022-03-22,0
2020-12-05,74,4475,2022-03-22,0
2020-12-06,80,4555,2022-03-22,0
2020-12-07,75,4630,2022-03-22,0
2020-12-08,61,4691,2022-03-22,0
2020-12-09,71,4762,2022-03-22,0
2020-12-10,72,4834,2022-03-22,0
2020-12-11,71,4905,2022-03-22,0
2020-12-12,72,4977,2022-03-22,0
2020-12-13,56,5033,2022-03-22,0
2020-12-14,43,5076,2022-03-22,0
2020-12-15,65,5141,2022-03-22,0
2020-12-16,74,5215,2022-03-22,0
2020-12-17,60,5275,2022-03-22,0
2020-12-18,59,5334,2022-03-22,0
2020-12-19,56,5390,2022-03-22,0
2020-12-20,61,5451,2022-03-22,0
2020-12-21,58,5509,2022-03-22,0
2020-12-22,33,5542,2022-03-22,0
2020-12-23,46,5588,2022-03-22,0
2020-12-24,51,5639,2022-03-22,0
2020-12-25,36,5675,2022-03-22,0
2020-12-26,43,5718,2022-03-22,0
2020-12-27,41,5759,2022-03-22,0
2020-12-28,34,5793,2022-03-22,0
2020-12-29,37,5830,2022-03-22,0
2020-12-30,47,5877,2022-03-22,0
2020-12-31,36,5913,2022-03-22,0
2021-01-01,28,5941,2022-03-22,0
2021-01-02,49,5990,2022-03-22,0
2021-01-03,37,6027,2022-03-22,0
2021-01-04,32,6059,2022-03-22,0
2021-01-05,40,6099,2022-03-22,0
2021-01-06,32,6131,2022-03-22,0
2021-01-07,38,6169,2022-03-22,0
2021-01-08,32,6201,2022-03-22,0
2021-01-09,26,6227,2022-03-22,0
2021-01-10,30,6257,2022-03-22,0
2021-01-11,27,6284,2022-03-22,0
2021-01-12,32,6316,2022-03-22,0
2021-01-13,23,6339,2022-03-22,0
2021-01-14,42,6381,2022-03-22,0
2021-01-15,26,6407,2022-03-22,0
2021-01-16,30,6437,2022-03-22,0
2021-01-17,21,6458,2022-03-22,0
2021-01-18,19,6477,2022-03-22,0
2021-01-19,14,6491,2022-03-22,0
2021-01-20,26,6517,2022-03-22,0
2021-01-21,16,6533,2022-03-22,0
2021-01-22,14,6547,2022-03-22,0
2021-01-23,17,6564,2022-03-22,0
2021-01-24,24,6588,2022-03-22,0
2021-01-25,19,6607,2022-03-22,0
2021-01-26,21,6628,2022-03-22,0
2021-01-27,11,6639,2022-03-22,0
2021-01-28,12,6651,2022-03-22,0
2021-01-29,15,6666,2022-03-22,0
2021-01-30,13,6679,2022-03-22,0
2021-01-31,17,6696,2022-03-22,0
2021-02-01,17,6713,2022-03-22,0
2021-02-02,10,6723,2022-03-22,0
2021-02-03,11,6734,2022-03-22,0
2021-02-04,11,6745,2022-03-22,0
2021-02-05,13,6758,2022-03-22,0
2021-02-06,12,6770,2022-03-22,0
2021-02-07,19,6789,2022-03-22,0
2021-02-08,11,6800,2022-03-22,0
2021-02-09,15,6815,2022-03-22,0
2021-02-10,14,6829,2022-03-22,0
2021-02-11,7,6836,2022-03-22,0
2021-02-12,14,6850,2022-03-22,0
2021-02-13,8,6858,2022-03-22,0
2021-02-14,10,6868,2022-03-22,0
2021-02-15,9,6877,2022-03-22,0
2021-02-16,12,6889,2022-03-22,0
2021-02-17,10,6899,2022-03-22,0
2021-02-18,7,6906,2022-03-22,0
2021-02-19,6,6912,2022-03-22,0
2021-02-20,7,6919,2022-03-22,0
2021-02-21,4,6923,2022-03-22,0
2021-02-22,5,6928,2022-03-22,0
2021-02-23,9,6937,2022-03-22,0
2021-02-24,5,6942,2022-03-22,0
2021-02-25,5,6947,2022-03-22,0
2021-02-26,7,6954,2022-03-22,0
2021-02-27,6,6960,2022-03-22,0
2021-02-28,8,6968,2022-03-22,0
2021-03-01,7,6975,2022-03-22,0
2021-03-02,3,6978,2022-03-22,0
2021-03-03,10,6988,2022-03-22,0
2021-03-04,6,6994,2022-03-22,0
2021-03-05,10,7004,2022-03-22,0
2021-03-06,5,7009,2022-03-22,0
2021-03-07,9,7018,2022-03-22,0
2021-03-08,5,7023,2022-03-22,0
2021-03-09,7,7030,2022-03-22,0
2021-03-10,5,7035,2022-03-22,0
2021-03-11,4,7039,2022-03-22,0
2021-03-12,11,7050,2022-03-22,0
2021-03-13,5,7055,2022-03-22,0
2021-03-14,5,7060,2022-03-22,0
2021-03-15,2,7062,2022-03-22,0
2021-03-16,6,7068,2022-03-22,0
2021-03-17,4,7072,2022-03-22,0
2021-03-18,5,7077,2022-03-22,0
2021-03-19,5,7082,2022-03-22,0
2021-03-20,9,7091,2022-03-22,0
2021-03-21,5,7096,2022-03-22,0
2021-03-22,4,7100,2022-03-22,0
2021-03-23,5,7105,2022-03-22,0
2021-03-24,1,7106,2022-03-22,0
2021-03-25,5,7111,2022-03-22,0
2021-03-26,3,7114,2022-03-22,0
2021-03-27,7,7121,2022-03-22,0
2021-03-28,6,7127,2022-03-22,0
2021-03-29,5,7132,2022-03-22,0
2021-03-30,6,7138,2022-03-22,0
2021-03-31,8,7146,2022-03-22,0
2021-04-01,6,7152,2022-03-22,0
2021-04-02,9,7161,2022-03-22,0
2021-04-03,8,7169,2022-03-22,0
2021-04-04,6,7175,2022-03-22,0
2021-04-05,8,7183,2022-03-22,0
2021-04-06,7,7190,2022-03-22,0
2021-04-07,6,7196,2022-03-22,0
2021-04-08,10,7206,2022-03-22,0
2021-04-09,7,7213,2022-03-22,0
2021-04-10,7,7220,2022-03-22,0
2021-04-11,8,7228,2022-03-22,0
2021-04-12,10,7238,2022-03-22,0
2021-04-13,7,7245,2022-03-22,0
2021-04-14,8,7253,2022-03-22,0
2021-04-15,14,7267,2022-03-22,0
2021-04-16,8,7275,2022-03-22,0
2021-04-17,8,7283,2022-03-22,0
2021-04-18,8,7291,2022-03-22,0
2021-04-19,10,7301,2022-03-22,0
2021-04-20,5,7306,2022-03-22,0
2021-04-21,8,7314,2022-03-22,0
2021-04-22,3,7317,2022-03-22,0
2021-04-23,15,7332,2022-03-22,0
2021-04-24,11,7343,2022-03-22,0
2021-04-25,15,7358,2022-03-22,0
2021-04-26,15,7373,2022-03-22,0
2021-04-27,7,7380,2022-03-22,0
2021-04-28,14,7394,2022-03-22,0
2021-04-29,8,7402,2022-03-22,0
2021-04-30,11,7413,2022-03-22,0
2021-05-01,7,7420,2022-03-22,0
2021-05-02,8,7428,2022-03-22,0
2021-05-03,5,7433,2022-03-22,0
2021-05-04,13,7446,2022-03-22,0
2021-05-05,9,7455,2022-03-22,0
2021-05-06,5,7460,2022-03-22,0
2021-05-07,8,7468,2022-03-22,0
2021-05-08,7,7475,2022-03-22,0
2021-05-09,9,7484,2022-03-22,0
2021-05-10,8,7492,2022-03-22,0
2021-05-11,6,7498,2022-03-22,0
2021-05-12,9,7507,2022-03-22,0
2021-05-13,9,7516,2022-03-22,0
2021-05-14,11,7527,2022-03-22,0
2021-05-15,10,7537,2022-03-22,0
2021-05-16,6,7543,2022-03-22,0
2021-05-17,6,7549,2022-03-22,0
2021-05-18,7,7556,2022-03-22,0
2021-05-19,2,7558,2022-03-22,0
2021-05-20,5,7563,2022-03-22,0
2021-05-21,7,7570,2022-03-22,0
2021-05-22,12,7582,2022-03-22,0
2021-05-23,5,7587,2022-03-22,0
2021-05-24,5,7592,2022-03-22,0
2021-05-25,6,7598,2022-03-22,0
2021-05-26,3,7601,2022-03-22,0
2021-05-27,7,7608,2022-03-22,0
2021-05-28,2,7610,2022-03-22,0
2021-05-29,6,7616,2022-03-22,0
2021-05-30,4,7620,2022-03-22,0
2021-05-31,3,7623,2022-03-22,0
2021-06-01,5,7628,2022-03-22,0
2021-06-02,8,7636,2022-03-22,0
2021-06-03,4,7640,2022-03-22,0
2021-06-04,4,7644,2022-03-22,0
2021-06-05,2,7646,2022-03-22,0
2021-06-06,5,7651,2022-03-22,0
2021-06-07,3,7654,2022-03-22,0
2021-06-08,5,7659,2022-03-22,0
2021-06-09,4,7663,2022-03-22,0
2021-06-10,6,7669,2022-03-22,0
2021-06-11,6,7675,2022-03-22,0
2021-06-12,4,7679,2022-03-22,0
2021-06-13,4,7683,2022-03-22,0
2021-06-14,3,7686,2022-03-22,0
2021-06-15,2,7688,2022-03-22,0
2021-06-16,2,7690,2022-03-22,0
2021-06-17,4,7694,2022-03-22,0
2021-06-18,2,7696,2022-03-22,0
2021-06-19,6,7702,2022-03-22,0
2021-06-20,1,7703,2022-03-22,0
2021-06-21,5,7708,2022-03-22,0
2021-06-22,3,7711,2022-03-22,0
2021-06-23,4,7715,2022-03-22,0
2021-06-24,3,7718,2022-03-22,0
2021-06-25,3,7721,2022-03-22,0
2021-06-26,4,7725,2022-03-22,0
2021-06-27,2,7727,2022-03-22,0
2021-06-28,2,7729,2022-03-22,0
2021-06-29,2,7731,2022-03-22,0
2021-06-30,2,7733,2022-03-22,0
2021-07-01,0,7733,2022-03-22,0
2021-07-02,2,7735,2022-03-22,0
2021-07-03,2,7737,2022-03-22,0
2021-07-04,3,7740,2022-03-22,0
2021-07-05,1,7741,2022-03-22,0
2021-07-06,5,7746,2022-03-22,0
2021-07-07,1,7747,2022-03-22,0
2021-07-08,1,7748,2022-03-22,0
2021-07-09,0,7748,2022-03-22,0
2021-07-10,2,7750,2022-03-22,0
2021-07-11,3,7753,2022-03-22,0
2021-07-12,1,7754,2022-03-22,0
2021-07-13,2,7756,2022-03-22,0
2021-07-14,2,7758,2022-03-22,0
2021-07-15,2,7760,2022-03-22,0
2021-07-16,1,7761,2022-03-22,0
2021-07-17,1,7762,2022-03-22,0
2021-07-18,0,7762,2022-03-22,0
2021-07-19,0,7762,2022-03-22,0
2021-07-20,2,7764,2022-03-22,0
2021-07-21,3,7767,2022-03-22,0
2021-07-22,2,7769,2022-03-22,0
2021-07-23,3,7772,2022-03-22,0
2021-07-24,0,7772,2022-03-22,0
2021-07-25,2,7774,2022-03-22,0
2021-07-26,1,7775,2022-03-22,0
2021-07-27,2,7777,2022-03-22,0
2021-07-28,3,7780,2022-03-22,0
2021-07-29,2,7782,2022-03-22,0
2021-07-30,5,7787,2022-03-22,0
2021-07-31,4,7791,2022-03-22,0
2021-08-01,1,7792,2022-03-22,0
2021-08-02,3,7795,2022-03-22,0
2021-08-03,2,7797,2022-03-22,0
2021-08-04,3,7800,2022-03-22,0
2021-08-05,2,7802,2022-03-22,0
2021-08-06,8,7810,2022-03-22,0
2021-08-07,3,7813,2022-03-22,0
2021-08-08,3,7816,2022-03-22,0
2021-08-09,3,7819,2022-03-22,0
2021-08-10,2,7821,2022-03-22,0
2021-08-11,2,7823,2022-03-22,0
2021-08-12,7,7830,2022-03-22,0
2021-08-13,5,7835,2022-03-22,0
2021-08-14,6,7841,2022-03-22,0
2021-08-15,0,7841,2022-03-22,0
2021-08-16,7,7848,2022-03-22,0
2021-08-17,7,7855,2022-03-22,0
2021-08-18,9,7864,2022-03-22,0
2021-08-19,2,7866,2022-03-22,0
2021-08-20,3,7869,2022-03-22,0
2021-08-21,5,7874,2022-03-22,0
2021-08-22,7,7881,2022-03-22,0
2021-08-23,5,7886,2022-03-22,0
2021-08-24,12,7898,2022-03-22,0
2021-08-25,7,7905,2022-03-22,0
2021-08-26,2,7907,2022-03-22,0
2021-08-27,6,7913,2022-03-22,0
2021-08-28,11,7924,2022-03-22,0
2021-08-29,11,7935,2022-03-22,0
2021-08-30,8,7943,2022-03-22,0
2021-08-31,8,7951,2022-03-22,0
2021-09-01,6,7957,2022-03-22,0
2021-09-02,6,7963,2022-03-22,0
2021-09-03,9,7972,2022-03-22,0
2021-09-04,9,7981,2022-03-22,0
2021-09-05,10,7991,2022-03-22,0
2021-09-06,8,7999,2022-03-22,0
2021-09-07,7,8006,2022-03-22,0
2021-09-08,11,8017,2022-03-22,0
2021-09-09,5,8022,2022-03-22,0
2021-09-10,9,8031,2022-03-22,0
2021-09-11,17,8048,2022-03-22,0
2021-09-12,10,8058,2022-03-22,0
2021-09-13,8,8066,2022-03-22,0
2021-09-14,11,8077,2022-03-22,0
2021-09-15,14,8091,2022-03-22,0
2021-09-16,16,8107,2022-03-22,0
2021-09-17,8,8115,2022-03-22,0
2021-09-18,15,8130,2022-03-22,0
2021-09-19,11,8141,2022-03-22,0
2021-09-20,16,8157,2022-03-22,0
2021-09-21,16,8173,2022-03-22,0
2021-09-22,17,8190,2022-03-22,0
2021-09-23,13,8203,2022-03-22,0
2021-09-24,13,8216,2022-03-22,0
2021-09-25,16,8232,2022-03-22,0
2021-09-26,15,8247,2022-03-22,0
2021-09-27,15,8262,2022-03-22,0
2021-09-28,11,8273,2022-03-22,0
2021-09-29,21,8294,2022-03-22,0
2021-09-30,17,8311,2022-03-22,0
2021-10-01,13,8324,2022-03-22,0
2021-10-02,15,8339,2022-03-22,0
2021-10-03,23,8362,2022-03-22,0
2021-10-04,15,8377,2022-03-22,0
2021-10-05,23,8400,2022-03-22,0
2021-10-06,21,8421,2022-03-22,0
2021-10-07,14,8435,2022-03-22,0
2021-10-08,22,8457,2022-03-22,0
2021-10-09,20,8477,2022-03-22,0
2021-10-10,14,8491,2022-03-22,0
2021-10-11,11,8502,2022-03-22,0
2021-10-12,25,8527,2022-03-22,0
2021-10-13,21,8548,2022-03-22,0
2021-10-14,22,8570,2022-03-22,0
2021-10-15,14,8584,2022-03-22,0
2021-10-16,20,8604,2022-03-22,0
2021-10-17,18,8622,2022-03-22,0
2021-10-18,17,8639,2022-03-22,0
2021-10-19,26,8665,2022-03-22,0
2021-10-20,17,8682,2022-03-22,0
2021-10-21,8,8690,2022-03-22,0
2021-10-22,23,8713,2022-03-22,0
2021-10-23,24,8737,2022-03-22,0
2021-10-24,25,8762,2022-03-22,0
2021-10-25,20,8782,2022-03-22,0
2021-10-26,22,8804,2022-03-22,0
2021-10-27,16,8820,2022-03-22,0
2021-10-28,24,8844,2022-03-22,0
2021-10-29,20,8864,2022-03-22,0
2021-10-30,20,8884,2022-03-22,0
2021-10-31,27,8911,2022-03-22,0
2021-11-01,18,8929,2022-03-22,0
2021-11-02,18,8947,2022-03-22,0
2021-11-03,28,8975,2022-03-22,0
2021-11-04,29,9004,2022-03-22,0
2021-11-05,29,9033,2022-03-22,0
2021-11-06,16,9049,2022-03-22,0
2021-11-07,24,9073,2022-03-22,0
2021-11-08,28,9101,2022-03-22,0
2021-11-09,17,9118,2022-03-22,0
2021-11-10,18,9136,2022-03-22,0
2021-11-11,28,9164,2022-03-22,0
2021-11-12,29,9193,2022-03-22,0
2021-11-13,31,9224,2022-03-22,0
2021-11-14,24,9248,2022-03-22,0
2021-11-15,28,9276,2022-03-22,0
2021-11-16,25,9301,2022-03-22,0
2021-11-17,37,9338,2022-03-22,0
2021-11-18,38,9376,2022-03-22,0
2021-11-19,34,9410,2022-03-22,0
2021-11-20,30,9440,2022-03-22,0
2021-11-21,32,9472,2022-03-22,0
2021-11-22,30,9502,2022-03-22,0
2021-11-23,32,9534,2022-03-22,0
2021-11-24,25,9559,2022-03-22,0
2021-11-25,35,9594,2022-03-22,0
2021-11-26,51,9645,2022-03-22,0
2021-11-27,36,9681,2022-03-22,0
2021-11-28,39,9720,2022-03-22,0
2021-11-29,29,9749,2022-03-22,0
2021-11-30,30,9779,2022-03-22,0
2021-12-01,47,9826,2022-03-22,0
2021-12-02,40,9866,2022-03-22,0
2021-12-03,31,9897,2022-03-22,0
2021-12-04,42,9939,2022-03-22,0
2021-12-05,36,9975,2022-03-22,0
2021-12-06,36,10011,2022-03-22,0
2021-12-07,36,10047,2022-03-22,0
2021-12-08,39,10086,2022-03-22,0
2021-12-09,47,10133,2022-03-22,0
2021-12-10,34,10167,2022-03-22,0
2021-12-11,27,10194,2022-03-22,0
2021-12-12,37,10231,2022-03-22,0
2021-12-13,34,10265,2022-03-22,0
2021-12-14,35,10300,2022-03-22,0
2021-12-15,42,10342,2022-03-22,0
2021-12-16,33,10375,2022-03-22,0
2021-12-17,41,10416,2022-03-22,0
2021-12-18,33,10449,2022-03-22,0
2021-12-19,31,10480,2022-03-22,0
2021-12-20,33,10513,2022-03-22,0
2021-12-21,28,10541,2022-03-22,0
2021-12-22,29,10570,2022-03-22,0
2021-12-23,28,10598,2022-03-22,0
2021-12-24,30,10628,2022-03-22,0
2021-12-25,28,10656,2022-03-22,0
2021-12-26,42,10698,2022-03-22,0
2021-12-27,32,10730,2022-03-22,0
2021-12-28,35,10765,2022-03-22,0
2021-12-29,29,10794,2022-03-22,0
2021-12-30,21,10815,2022-03-22,0
2021-12-31,40,10855,2022-03-22,0
2022-01-01,27,10882,2022-03-22,0
2022-01-02,22,10904,2022-03-22,0
2022-01-03,23,10927,2022-03-22,0
2022-01-04,30,10957,2022-03-22,0
2022-01-05,32,10989,2022-03-22,0
2022-01-06,32,11021,2022-03-22,0
2022-01-07,28,11049,2022-03-22,0
2022-01-08,43,11092,2022-03-22,0
2022-01-09,18,11110,2022-03-22,0
2022-01-10,31,11141,2022-03-22,0
2022-01-11,19,11160,2022-03-22,1
2022-01-12,21,11181,2022-03-22,0
2022-01-13,27,11208,2022-03-22,0
2022-01-14,33,11241,2022-03-22,0
2022-01-15,26,11267,2022-03-22,0
2022-01-16,33,11300,2022-03-22,0
2022-01-17,36,11336,2022-03-22,0
2022-01-18,26,11362,2022-03-22,0
2022-01-19,29,11391,2022-03-22,0
2022-01-20,30,11421,2022-03-22,0
2022-01-21,27,11448,2022-03-22,0
2022-01-22,29,11477,2022-03-22,0
2022-01-23,23,11500,2022-03-22,0
2022-01-24,37,11537,2022-03-22,0
2022-01-25,33,11570,2022-03-22,0
2022-01-26,35,11605,2022-03-22,0
2022-01-27,37,11642,2022-03-22,0
2022-01-28,31,11673,2022-03-22,0
2022-01-29,29,11702,2022-03-22,0
2022-01-30,27,11729,2022-03-22,0
2022-01-31,18,11747,2022-03-22,0
2022-02-01,25,11772,2022-03-22,0
2022-02-02,22,11794,2022-03-22,0
2022-02-03,30,11824,2022-03-22,0
2022-02-04,20,11844,2022-03-22,0
2022-02-05,28,11872,2022-03-22,0
2022-02-06,27,11899,2022-03-22,0
2022-02-07,17,11916,2022-03-22,0
2022-02-08,27,11943,2022-03-22,0
2022-02-09,25,11968,2022-03-22,0
2022-02-10,21,11989,2022-03-22,0
2022-02-11,19,12008,2022-03-22,0
2022-02-12,16,12024,2022-03-22,0
2022-02-13,19,12043,2022-03-22,0
2022-02-14,17,12060,2022-03-22,0
2022-02-15,21,12081,2022-03-22,0
2022-02-16,13,12094,2022-03-22,0
2022-02-17,15,12109,2022-03-22,0
2022-02-18,13,12122,2022-03-22,0
2022-02-19,20,12142,2022-03-22,0
2022-02-20,15,12157,2022-03-22,0
2022-02-21,6,12163,2022-03-22,0
2022-02-22,14,12177,2022-03-22,0
2022-02-23,9,12186,2022-03-22,0
2022-02-24,25,12211,2022-03-22,0
2022-02-25,9,12220,2022-03-22,0
2022-02-26,10,12230,2022-03-22,0
2022-02-27,10,12240,2022-03-22,0
2022-02-28,7,12247,2022-03-22,0
2022-03-01,6,12253,2022-03-22,0
2022-03-02,9,12262,2022-03-22,0
2022-03-03,6,12268,2022-03-22,0
2022-03-04,10,12278,2022-03-22,0
2022-03-05,5,12283,2022-03-22,1
2022-03-06,9,12292,2022-03-22,0
2022-03-07,4,12296,2022-03-22,0
2022-03-08,5,12301,2022-03-22,1
2022-03-09,11,12312,2022-03-22,0
2022-03-10,7,12319,2022-03-22,0
2022-03-11,8,12327,2022-03-22,2
2022-03-12,0,12327,2022-03-22,0
2022-03-13,4,12331,2022-03-22,1
2022-03-14,3,12334,2022-03-22,1
2022-03-15,2,12336,2022-03-22,2
2022-03-16,0,12336,2022-03-22,0
2022-03-17,3,12339,2022-03-22,3
NA,1,12340,2022-03-22,0
2020-03-19,1,1,2022-03-23,0
2020-03-20,0,1,2022-03-23,0
2020-03-21,0,1,2022-03-23,0
2020-03-22,0,1,2022-03-23,0
2020-03-23,0,1,2022-03-23,0
2020-03-24,1,2,2022-03-23,0
2020-03-25,1,3,2022-03-23,0
2020-03-26,1,4,2022-03-23,0
2020-03-27,5,9,2022-03-23,0
2020-03-28,3,12,2022-03-23,0
2020-03-29,0,12,2022-03-23,0
2020-03-30,5,17,2022-03-23,0
2020-03-31,2,19,2022-03-23,0
2020-04-01,5,24,2022-03-23,0
2020-04-02,3,27,2022-03-23,0
2020-04-03,1,28,2022-03-23,0
2020-04-04,5,33,2022-03-23,0
2020-04-05,5,38,2022-03-23,0
2020-04-06,10,48,2022-03-23,0
2020-04-07,6,54,2022-03-23,0
2020-04-08,7,61,2022-03-23,0
2020-04-09,8,69,2022-03-23,0
2020-04-10,6,75,2022-03-23,0
2020-04-11,4,79,2022-03-23,0
2020-04-12,4,83,2022-03-23,0
2020-04-13,10,93,2022-03-23,0
2020-04-14,6,99,2022-03-23,0
2020-04-15,17,116,2022-03-23,0
2020-04-16,10,126,2022-03-23,0
2020-04-17,17,143,2022-03-23,0
2020-04-18,17,160,2022-03-23,0
2020-04-19,16,176,2022-03-23,0
2020-04-20,21,197,2022-03-23,0
2020-04-21,26,223,2022-03-23,0
2020-04-22,21,244,2022-03-23,0
2020-04-23,19,263,2022-03-23,0
2020-04-24,23,286,2022-03-23,0
2020-04-25,18,304,2022-03-23,0
2020-04-26,17,321,2022-03-23,0
2020-04-27,21,342,2022-03-23,0
2020-04-28,16,358,2022-03-23,0
2020-04-29,29,387,2022-03-23,0
2020-04-30,18,405,2022-03-23,0
2020-05-01,30,435,2022-03-23,0
2020-05-02,19,454,2022-03-23,0
2020-05-03,29,483,2022-03-23,0
2020-05-04,23,506,2022-03-23,0
2020-05-05,19,525,2022-03-23,0
2020-05-06,25,550,2022-03-23,0
2020-05-07,30,580,2022-03-23,0
2020-05-08,20,600,2022-03-23,0
2020-05-09,26,626,2022-03-23,0
2020-05-10,19,645,2022-03-23,0
2020-05-11,25,670,2022-03-23,0
2020-05-12,20,690,2022-03-23,0
2020-05-13,22,712,2022-03-23,0
2020-05-14,20,732,2022-03-23,0
2020-05-15,20,752,2022-03-23,0
2020-05-16,20,772,2022-03-23,0
2020-05-17,23,795,2022-03-23,0
2020-05-18,18,813,2022-03-23,0
2020-05-19,35,848,2022-03-23,0
2020-05-20,24,872,2022-03-23,0
2020-05-21,17,889,2022-03-23,0
2020-05-22,20,909,2022-03-23,0
2020-05-23,26,935,2022-03-23,0
2020-05-24,25,960,2022-03-23,0
2020-05-25,30,990,2022-03-23,0
2020-05-26,29,1019,2022-03-23,0
2020-05-27,25,1044,2022-03-23,0
2020-05-28,21,1065,2022-03-23,0
2020-05-29,17,1082,2022-03-23,0
2020-05-30,10,1092,2022-03-23,0
2020-05-31,20,1112,2022-03-23,0
2020-06-01,23,1135,2022-03-23,0
2020-06-02,21,1156,2022-03-23,0
2020-06-03,25,1181,2022-03-23,0
2020-06-04,26,1207,2022-03-23,0
2020-06-05,18,1225,2022-03-23,0
2020-06-06,12,1237,2022-03-23,0
2020-06-07,22,1259,2022-03-23,0
2020-06-08,12,1271,2022-03-23,0
2020-06-09,13,1284,2022-03-23,0
2020-06-10,10,1294,2022-03-23,0
2020-06-11,12,1306,2022-03-23,0
2020-06-12,11,1317,2022-03-23,0
2020-06-13,13,1330,2022-03-23,0
2020-06-14,11,1341,2022-03-23,0
2020-06-15,8,1349,2022-03-23,0
2020-06-16,9,1358,2022-03-23,0
2020-06-17,17,1375,2022-03-23,0
2020-06-18,9,1384,2022-03-23,0
2020-06-19,8,1392,2022-03-23,0
2020-06-20,12,1404,2022-03-23,0
2020-06-21,11,1415,2022-03-23,0
2020-06-22,6,1421,2022-03-23,0
2020-06-23,10,1431,2022-03-23,0
2020-06-24,1,1432,2022-03-23,0
2020-06-25,9,1441,2022-03-23,0
2020-06-26,6,1447,2022-03-23,0
2020-06-27,5,1452,2022-03-23,0
2020-06-28,11,1463,2022-03-23,0
2020-06-29,7,1470,2022-03-23,0
2020-06-30,9,1479,2022-03-23,0
2020-07-01,2,1481,2022-03-23,0
2020-07-02,3,1484,2022-03-23,0
2020-07-03,5,1489,2022-03-23,0
2020-07-04,4,1493,2022-03-23,0
2020-07-05,6,1499,2022-03-23,0
2020-07-06,4,1503,2022-03-23,0
2020-07-07,2,1505,2022-03-23,0
2020-07-08,9,1514,2022-03-23,0
2020-07-09,4,1518,2022-03-23,0
2020-07-10,3,1521,2022-03-23,0
2020-07-11,4,1525,2022-03-23,0
2020-07-12,6,1531,2022-03-23,0
2020-07-13,2,1533,2022-03-23,0
2020-07-14,6,1539,2022-03-23,0
2020-07-15,7,1546,2022-03-23,0
2020-07-16,3,1549,2022-03-23,0
2020-07-17,7,1556,2022-03-23,0
2020-07-18,6,1562,2022-03-23,0
2020-07-19,5,1567,2022-03-23,0
2020-07-20,3,1570,2022-03-23,0
2020-07-21,6,1576,2022-03-23,0
2020-07-22,5,1581,2022-03-23,0
2020-07-23,8,1589,2022-03-23,0
2020-07-24,6,1595,2022-03-23,0
2020-07-25,2,1597,2022-03-23,0
2020-07-26,5,1602,2022-03-23,0
2020-07-27,5,1607,2022-03-23,0
2020-07-28,7,1614,2022-03-23,0
2020-07-29,3,1617,2022-03-23,0
2020-07-30,6,1623,2022-03-23,0
2020-07-31,9,1632,2022-03-23,0
2020-08-01,4,1636,2022-03-23,0
2020-08-02,7,1643,2022-03-23,0
2020-08-03,4,1647,2022-03-23,0
2020-08-04,7,1654,2022-03-23,0
2020-08-05,8,1662,2022-03-23,0
2020-08-06,9,1671,2022-03-23,0
2020-08-07,7,1678,2022-03-23,0
2020-08-08,6,1684,2022-03-23,0
2020-08-09,10,1694,2022-03-23,0
2020-08-10,3,1697,2022-03-23,0
2020-08-11,9,1706,2022-03-23,0
2020-08-12,7,1713,2022-03-23,0
2020-08-13,5,1718,2022-03-23,0
2020-08-14,9,1727,2022-03-23,0
2020-08-15,13,1740,2022-03-23,0
2020-08-16,13,1753,2022-03-23,0
2020-08-17,6,1759,2022-03-23,0
2020-08-18,11,1770,2022-03-23,0
2020-08-19,3,1773,2022-03-23,0
2020-08-20,10,1783,2022-03-23,0
2020-08-21,12,1795,2022-03-23,0
2020-08-22,9,1804,2022-03-23,0
2020-08-23,7,1811,2022-03-23,0
2020-08-24,9,1820,2022-03-23,0
2020-08-25,4,1824,2022-03-23,0
2020-08-26,3,1827,2022-03-23,0
2020-08-27,7,1834,2022-03-23,0
2020-08-28,6,1840,2022-03-23,0
2020-08-29,3,1843,2022-03-23,0
2020-08-30,5,1848,2022-03-23,0
2020-08-31,9,1857,2022-03-23,0
2020-09-01,2,1859,2022-03-23,0
2020-09-02,7,1866,2022-03-23,0
2020-09-03,12,1878,2022-03-23,0
2020-09-04,4,1882,2022-03-23,0
2020-09-05,6,1888,2022-03-23,0
2020-09-06,12,1900,2022-03-23,0
2020-09-07,3,1903,2022-03-23,0
2020-09-08,6,1909,2022-03-23,0
2020-09-09,10,1919,2022-03-23,0
2020-09-10,9,1928,2022-03-23,0
2020-09-11,11,1939,2022-03-23,0
2020-09-12,8,1947,2022-03-23,0
2020-09-13,8,1955,2022-03-23,0
2020-09-14,2,1957,2022-03-23,0
2020-09-15,7,1964,2022-03-23,0
2020-09-16,9,1973,2022-03-23,0
2020-09-17,5,1978,2022-03-23,0
2020-09-18,6,1984,2022-03-23,0
2020-09-19,4,1988,2022-03-23,0
2020-09-20,9,1997,2022-03-23,0
2020-09-21,7,2004,2022-03-23,0
2020-09-22,8,2012,2022-03-23,0
2020-09-23,9,2021,2022-03-23,0
2020-09-24,8,2029,2022-03-23,0
2020-09-25,11,2040,2022-03-23,0
2020-09-26,9,2049,2022-03-23,0
2020-09-27,14,2063,2022-03-23,0
2020-09-28,11,2074,2022-03-23,0
2020-09-29,5,2079,2022-03-23,0
2020-09-30,16,2095,2022-03-23,0
2020-10-01,7,2102,2022-03-23,0
2020-10-02,13,2115,2022-03-23,0
2020-10-03,9,2124,2022-03-23,0
2020-10-04,7,2131,2022-03-23,0
2020-10-05,10,2141,2022-03-23,0
2020-10-06,13,2154,2022-03-23,0
2020-10-07,19,2173,2022-03-23,0
2020-10-08,9,2182,2022-03-23,0
2020-10-09,17,2199,2022-03-23,0
2020-10-10,16,2215,2022-03-23,0
2020-10-11,16,2231,2022-03-23,0
2020-10-12,20,2251,2022-03-23,0
2020-10-13,14,2265,2022-03-23,0
2020-10-14,10,2275,2022-03-23,0
2020-10-15,9,2284,2022-03-23,0
2020-10-16,12,2296,2022-03-23,0
2020-10-17,18,2314,2022-03-23,0
2020-10-18,25,2339,2022-03-23,0
2020-10-19,18,2357,2022-03-23,0
2020-10-20,15,2372,2022-03-23,0
2020-10-21,24,2396,2022-03-23,0
2020-10-22,18,2414,2022-03-23,0
2020-10-23,19,2433,2022-03-23,0
2020-10-24,8,2441,2022-03-23,0
2020-10-25,17,2458,2022-03-23,0
2020-10-26,25,2483,2022-03-23,0
2020-10-27,23,2506,2022-03-23,0
2020-10-28,29,2535,2022-03-23,0
2020-10-29,18,2553,2022-03-23,0
2020-10-30,27,2580,2022-03-23,0
2020-10-31,25,2605,2022-03-23,0
2020-11-01,21,2626,2022-03-23,0
2020-11-02,25,2651,2022-03-23,0
2020-11-03,25,2676,2022-03-23,0
2020-11-04,33,2709,2022-03-23,0
2020-11-05,38,2747,2022-03-23,0
2020-11-06,39,2786,2022-03-23,0
2020-11-07,42,2828,2022-03-23,0
2020-11-08,47,2875,2022-03-23,0
2020-11-09,37,2912,2022-03-23,0
2020-11-10,35,2947,2022-03-23,0
2020-11-11,43,2990,2022-03-23,0
2020-11-12,45,3035,2022-03-23,0
2020-11-13,40,3075,2022-03-23,0
2020-11-14,48,3123,2022-03-23,0
2020-11-15,46,3169,2022-03-23,0
2020-11-16,62,3231,2022-03-23,0
2020-11-17,56,3287,2022-03-23,0
2020-11-18,61,3348,2022-03-23,0
2020-11-19,60,3408,2022-03-23,0
2020-11-20,63,3471,2022-03-23,0
2020-11-21,58,3529,2022-03-23,0
2020-11-22,67,3596,2022-03-23,0
2020-11-23,59,3655,2022-03-23,0
2020-11-24,69,3724,2022-03-23,0
2020-11-25,72,3796,2022-03-23,0
2020-11-26,54,3850,2022-03-23,0
2020-11-27,69,3919,2022-03-23,0
2020-11-28,62,3981,2022-03-23,0
2020-11-29,68,4049,2022-03-23,0
2020-11-30,62,4111,2022-03-23,0
2020-12-01,64,4175,2022-03-23,0
2020-12-02,73,4248,2022-03-23,0
2020-12-03,86,4334,2022-03-23,0
2020-12-04,67,4401,2022-03-23,0
2020-12-05,74,4475,2022-03-23,0
2020-12-06,80,4555,2022-03-23,0
2020-12-07,75,4630,2022-03-23,0
2020-12-08,61,4691,2022-03-23,0
2020-12-09,71,4762,2022-03-23,0
2020-12-10,72,4834,2022-03-23,0
2020-12-11,71,4905,2022-03-23,0
2020-12-12,72,4977,2022-03-23,0
2020-12-13,56,5033,2022-03-23,0
2020-12-14,43,5076,2022-03-23,0
2020-12-15,65,5141,2022-03-23,0
2020-12-16,74,5215,2022-03-23,0
2020-12-17,60,5275,2022-03-23,0
2020-12-18,59,5334,2022-03-23,0
2020-12-19,56,5390,2022-03-23,0
2020-12-20,61,5451,2022-03-23,0
2020-12-21,58,5509,2022-03-23,0
2020-12-22,33,5542,2022-03-23,0
2020-12-23,46,5588,2022-03-23,0
2020-12-24,51,5639,2022-03-23,0
2020-12-25,36,5675,2022-03-23,0
2020-12-26,43,5718,2022-03-23,0
2020-12-27,41,5759,2022-03-23,0
2020-12-28,34,5793,2022-03-23,0
2020-12-29,37,5830,2022-03-23,0
2020-12-30,47,5877,2022-03-23,0
2020-12-31,36,5913,2022-03-23,0
2021-01-01,28,5941,2022-03-23,0
2021-01-02,49,5990,2022-03-23,0
2021-01-03,37,6027,2022-03-23,0
2021-01-04,32,6059,2022-03-23,0
2021-01-05,40,6099,2022-03-23,0
2021-01-06,32,6131,2022-03-23,0
2021-01-07,38,6169,2022-03-23,0
2021-01-08,32,6201,2022-03-23,0
2021-01-09,26,6227,2022-03-23,0
2021-01-10,30,6257,2022-03-23,0
2021-01-11,27,6284,2022-03-23,0
2021-01-12,32,6316,2022-03-23,0
2021-01-13,23,6339,2022-03-23,0
2021-01-14,42,6381,2022-03-23,0
2021-01-15,26,6407,2022-03-23,0
2021-01-16,30,6437,2022-03-23,0
2021-01-17,21,6458,2022-03-23,0
2021-01-18,19,6477,2022-03-23,0
2021-01-19,14,6491,2022-03-23,0
2021-01-20,26,6517,2022-03-23,0
2021-01-21,16,6533,2022-03-23,0
2021-01-22,14,6547,2022-03-23,0
2021-01-23,17,6564,2022-03-23,0
2021-01-24,24,6588,2022-03-23,0
2021-01-25,19,6607,2022-03-23,0
2021-01-26,21,6628,2022-03-23,0
2021-01-27,11,6639,2022-03-23,0
2021-01-28,12,6651,2022-03-23,0
2021-01-29,15,6666,2022-03-23,0
2021-01-30,13,6679,2022-03-23,0
2021-01-31,17,6696,2022-03-23,0
2021-02-01,17,6713,2022-03-23,0
2021-02-02,10,6723,2022-03-23,0
2021-02-03,11,6734,2022-03-23,0
2021-02-04,11,6745,2022-03-23,0
2021-02-05,13,6758,2022-03-23,0
2021-02-06,12,6770,2022-03-23,0
2021-02-07,19,6789,2022-03-23,0
2021-02-08,11,6800,2022-03-23,0
2021-02-09,15,6815,2022-03-23,0
2021-02-10,14,6829,2022-03-23,0
2021-02-11,7,6836,2022-03-23,0
2021-02-12,14,6850,2022-03-23,0
2021-02-13,8,6858,2022-03-23,0
2021-02-14,10,6868,2022-03-23,0
2021-02-15,9,6877,2022-03-23,0
2021-02-16,12,6889,2022-03-23,0
2021-02-17,10,6899,2022-03-23,0
2021-02-18,7,6906,2022-03-23,0
2021-02-19,6,6912,2022-03-23,0
2021-02-20,7,6919,2022-03-23,0
2021-02-21,4,6923,2022-03-23,0
2021-02-22,5,6928,2022-03-23,0
2021-02-23,9,6937,2022-03-23,0
2021-02-24,5,6942,2022-03-23,0
2021-02-25,5,6947,2022-03-23,0
2021-02-26,7,6954,2022-03-23,0
2021-02-27,6,6960,2022-03-23,0
2021-02-28,8,6968,2022-03-23,0
2021-03-01,7,6975,2022-03-23,0
2021-03-02,3,6978,2022-03-23,0
2021-03-03,10,6988,2022-03-23,0
2021-03-04,6,6994,2022-03-23,0
2021-03-05,10,7004,2022-03-23,0
2021-03-06,5,7009,2022-03-23,0
2021-03-07,9,7018,2022-03-23,0
2021-03-08,5,7023,2022-03-23,0
2021-03-09,7,7030,2022-03-23,0
2021-03-10,5,7035,2022-03-23,0
2021-03-11,4,7039,2022-03-23,0
2021-03-12,11,7050,2022-03-23,0
2021-03-13,5,7055,2022-03-23,0
2021-03-14,5,7060,2022-03-23,0
2021-03-15,2,7062,2022-03-23,0
2021-03-16,6,7068,2022-03-23,0
2021-03-17,4,7072,2022-03-23,0
2021-03-18,5,7077,2022-03-23,0
2021-03-19,5,7082,2022-03-23,0
2021-03-20,9,7091,2022-03-23,0
2021-03-21,5,7096,2022-03-23,0
2021-03-22,4,7100,2022-03-23,0
2021-03-23,5,7105,2022-03-23,0
2021-03-24,1,7106,2022-03-23,0
2021-03-25,5,7111,2022-03-23,0
2021-03-26,3,7114,2022-03-23,0
2021-03-27,7,7121,2022-03-23,0
2021-03-28,6,7127,2022-03-23,0
2021-03-29,5,7132,2022-03-23,0
2021-03-30,6,7138,2022-03-23,0
2021-03-31,8,7146,2022-03-23,0
2021-04-01,6,7152,2022-03-23,0
2021-04-02,9,7161,2022-03-23,0
2021-04-03,8,7169,2022-03-23,0
2021-04-04,6,7175,2022-03-23,0
2021-04-05,8,7183,2022-03-23,0
2021-04-06,7,7190,2022-03-23,0
2021-04-07,6,7196,2022-03-23,0
2021-04-08,10,7206,2022-03-23,0
2021-04-09,7,7213,2022-03-23,0
2021-04-10,7,7220,2022-03-23,0
2021-04-11,8,7228,2022-03-23,0
2021-04-12,10,7238,2022-03-23,0
2021-04-13,7,7245,2022-03-23,0
2021-04-14,8,7253,2022-03-23,0
2021-04-15,14,7267,2022-03-23,0
2021-04-16,8,7275,2022-03-23,0
2021-04-17,8,7283,2022-03-23,0
2021-04-18,8,7291,2022-03-23,0
2021-04-19,10,7301,2022-03-23,0
2021-04-20,5,7306,2022-03-23,0
2021-04-21,8,7314,2022-03-23,0
2021-04-22,3,7317,2022-03-23,0
2021-04-23,15,7332,2022-03-23,0
2021-04-24,11,7343,2022-03-23,0
2021-04-25,15,7358,2022-03-23,0
2021-04-26,15,7373,2022-03-23,0
2021-04-27,7,7380,2022-03-23,0
2021-04-28,14,7394,2022-03-23,0
2021-04-29,8,7402,2022-03-23,0
2021-04-30,11,7413,2022-03-23,0
2021-05-01,7,7420,2022-03-23,0
2021-05-02,8,7428,2022-03-23,0
2021-05-03,5,7433,2022-03-23,0
2021-05-04,13,7446,2022-03-23,0
2021-05-05,9,7455,2022-03-23,0
2021-05-06,5,7460,2022-03-23,0
2021-05-07,8,7468,2022-03-23,0
2021-05-08,7,7475,2022-03-23,0
2021-05-09,9,7484,2022-03-23,0
2021-05-10,8,7492,2022-03-23,0
2021-05-11,6,7498,2022-03-23,0
2021-05-12,9,7507,2022-03-23,0
2021-05-13,9,7516,2022-03-23,0
2021-05-14,11,7527,2022-03-23,0
2021-05-15,10,7537,2022-03-23,0
2021-05-16,6,7543,2022-03-23,0
2021-05-17,6,7549,2022-03-23,0
2021-05-18,7,7556,2022-03-23,0
2021-05-19,2,7558,2022-03-23,0
2021-05-20,5,7563,2022-03-23,0
2021-05-21,7,7570,2022-03-23,0
2021-05-22,12,7582,2022-03-23,0
2021-05-23,5,7587,2022-03-23,0
2021-05-24,5,7592,2022-03-23,0
2021-05-25,6,7598,2022-03-23,0
2021-05-26,3,7601,2022-03-23,0
2021-05-27,7,7608,2022-03-23,0
2021-05-28,2,7610,2022-03-23,0
2021-05-29,6,7616,2022-03-23,0
2021-05-30,4,7620,2022-03-23,0
2021-05-31,3,7623,2022-03-23,0
2021-06-01,5,7628,2022-03-23,0
2021-06-02,8,7636,2022-03-23,0
2021-06-03,4,7640,2022-03-23,0
2021-06-04,4,7644,2022-03-23,0
2021-06-05,2,7646,2022-03-23,0
2021-06-06,5,7651,2022-03-23,0
2021-06-07,3,7654,2022-03-23,0
2021-06-08,5,7659,2022-03-23,0
2021-06-09,4,7663,2022-03-23,0
2021-06-10,6,7669,2022-03-23,0
2021-06-11,6,7675,2022-03-23,0
2021-06-12,4,7679,2022-03-23,0
2021-06-13,4,7683,2022-03-23,0
2021-06-14,3,7686,2022-03-23,0
2021-06-15,2,7688,2022-03-23,0
2021-06-16,2,7690,2022-03-23,0
2021-06-17,4,7694,2022-03-23,0
2021-06-18,2,7696,2022-03-23,0
2021-06-19,6,7702,2022-03-23,0
2021-06-20,1,7703,2022-03-23,0
2021-06-21,5,7708,2022-03-23,0
2021-06-22,3,7711,2022-03-23,0
2021-06-23,4,7715,2022-03-23,0
2021-06-24,3,7718,2022-03-23,0
2021-06-25,3,7721,2022-03-23,0
2021-06-26,4,7725,2022-03-23,0
2021-06-27,2,7727,2022-03-23,0
2021-06-28,2,7729,2022-03-23,0
2021-06-29,2,7731,2022-03-23,0
2021-06-30,2,7733,2022-03-23,0
2021-07-01,0,7733,2022-03-23,0
2021-07-02,2,7735,2022-03-23,0
2021-07-03,2,7737,2022-03-23,0
2021-07-04,3,7740,2022-03-23,0
2021-07-05,1,7741,2022-03-23,0
2021-07-06,5,7746,2022-03-23,0
2021-07-07,1,7747,2022-03-23,0
2021-07-08,1,7748,2022-03-23,0
2021-07-09,0,7748,2022-03-23,0
2021-07-10,2,7750,2022-03-23,0
2021-07-11,3,7753,2022-03-23,0
2021-07-12,1,7754,2022-03-23,0
2021-07-13,2,7756,2022-03-23,0
2021-07-14,2,7758,2022-03-23,0
2021-07-15,2,7760,2022-03-23,0
2021-07-16,1,7761,2022-03-23,0
2021-07-17,1,7762,2022-03-23,0
2021-07-18,0,7762,2022-03-23,0
2021-07-19,0,7762,2022-03-23,0
2021-07-20,2,7764,2022-03-23,0
2021-07-21,3,7767,2022-03-23,0
2021-07-22,2,7769,2022-03-23,0
2021-07-23,3,7772,2022-03-23,0
2021-07-24,0,7772,2022-03-23,0
2021-07-25,2,7774,2022-03-23,0
2021-07-26,1,7775,2022-03-23,0
2021-07-27,2,7777,2022-03-23,0
2021-07-28,3,7780,2022-03-23,0
2021-07-29,2,7782,2022-03-23,0
2021-07-30,5,7787,2022-03-23,0
2021-07-31,4,7791,2022-03-23,0
2021-08-01,1,7792,2022-03-23,0
2021-08-02,3,7795,2022-03-23,0
2021-08-03,2,7797,2022-03-23,0
2021-08-04,3,7800,2022-03-23,0
2021-08-05,2,7802,2022-03-23,0
2021-08-06,8,7810,2022-03-23,0
2021-08-07,3,7813,2022-03-23,0
2021-08-08,3,7816,2022-03-23,0
2021-08-09,3,7819,2022-03-23,0
2021-08-10,2,7821,2022-03-23,0
2021-08-11,2,7823,2022-03-23,0
2021-08-12,7,7830,2022-03-23,0
2021-08-13,5,7835,2022-03-23,0
2021-08-14,6,7841,2022-03-23,0
2021-08-15,0,7841,2022-03-23,0
2021-08-16,7,7848,2022-03-23,0
2021-08-17,7,7855,2022-03-23,0
2021-08-18,9,7864,2022-03-23,0
2021-08-19,2,7866,2022-03-23,0
2021-08-20,3,7869,2022-03-23,0
2021-08-21,5,7874,2022-03-23,0
2021-08-22,7,7881,2022-03-23,0
2021-08-23,5,7886,2022-03-23,0
2021-08-24,12,7898,2022-03-23,0
2021-08-25,7,7905,2022-03-23,0
2021-08-26,2,7907,2022-03-23,0
2021-08-27,6,7913,2022-03-23,0
2021-08-28,11,7924,2022-03-23,0
2021-08-29,11,7935,2022-03-23,0
2021-08-30,8,7943,2022-03-23,0
2021-08-31,8,7951,2022-03-23,0
2021-09-01,6,7957,2022-03-23,0
2021-09-02,6,7963,2022-03-23,0
2021-09-03,9,7972,2022-03-23,0
2021-09-04,9,7981,2022-03-23,0
2021-09-05,10,7991,2022-03-23,0
2021-09-06,8,7999,2022-03-23,0
2021-09-07,7,8006,2022-03-23,0
2021-09-08,11,8017,2022-03-23,0
2021-09-09,5,8022,2022-03-23,0
2021-09-10,9,8031,2022-03-23,0
2021-09-11,17,8048,2022-03-23,0
2021-09-12,10,8058,2022-03-23,0
2021-09-13,8,8066,2022-03-23,0
2021-09-14,11,8077,2022-03-23,0
2021-09-15,14,8091,2022-03-23,0
2021-09-16,16,8107,2022-03-23,0
2021-09-17,8,8115,2022-03-23,0
2021-09-18,15,8130,2022-03-23,0
2021-09-19,11,8141,2022-03-23,0
2021-09-20,16,8157,2022-03-23,0
2021-09-21,16,8173,2022-03-23,0
2021-09-22,17,8190,2022-03-23,0
2021-09-23,13,8203,2022-03-23,0
2021-09-24,13,8216,2022-03-23,0
2021-09-25,16,8232,2022-03-23,0
2021-09-26,15,8247,2022-03-23,0
2021-09-27,15,8262,2022-03-23,0
2021-09-28,11,8273,2022-03-23,0
2021-09-29,21,8294,2022-03-23,0
2021-09-30,17,8311,2022-03-23,0
2021-10-01,13,8324,2022-03-23,0
2021-10-02,15,8339,2022-03-23,0
2021-10-03,23,8362,2022-03-23,0
2021-10-04,15,8377,2022-03-23,0
2021-10-05,23,8400,2022-03-23,0
2021-10-06,21,8421,2022-03-23,0
2021-10-07,14,8435,2022-03-23,0
2021-10-08,22,8457,2022-03-23,0
2021-10-09,20,8477,2022-03-23,0
2021-10-10,14,8491,2022-03-23,0
2021-10-11,11,8502,2022-03-23,0
2021-10-12,25,8527,2022-03-23,0
2021-10-13,21,8548,2022-03-23,0
2021-10-14,22,8570,2022-03-23,0
2021-10-15,14,8584,2022-03-23,0
2021-10-16,20,8604,2022-03-23,0
2021-10-17,18,8622,2022-03-23,0
2021-10-18,17,8639,2022-03-23,0
2021-10-19,26,8665,2022-03-23,0
2021-10-20,17,8682,2022-03-23,0
2021-10-21,8,8690,2022-03-23,0
2021-10-22,23,8713,2022-03-23,0
2021-10-23,24,8737,2022-03-23,0
2021-10-24,25,8762,2022-03-23,0
2021-10-25,20,8782,2022-03-23,0
2021-10-26,22,8804,2022-03-23,0
2021-10-27,16,8820,2022-03-23,0
2021-10-28,24,8844,2022-03-23,0
2021-10-29,20,8864,2022-03-23,0
2021-10-30,20,8884,2022-03-23,0
2021-10-31,27,8911,2022-03-23,0
2021-11-01,18,8929,2022-03-23,0
2021-11-02,18,8947,2022-03-23,0
2021-11-03,28,8975,2022-03-23,0
2021-11-04,29,9004,2022-03-23,0
2021-11-05,29,9033,2022-03-23,0
2021-11-06,16,9049,2022-03-23,0
2021-11-07,24,9073,2022-03-23,0
2021-11-08,28,9101,2022-03-23,0
2021-11-09,17,9118,2022-03-23,0
2021-11-10,18,9136,2022-03-23,0
2021-11-11,28,9164,2022-03-23,0
2021-11-12,29,9193,2022-03-23,0
2021-11-13,31,9224,2022-03-23,0
2021-11-14,24,9248,2022-03-23,0
2021-11-15,28,9276,2022-03-23,0
2021-11-16,25,9301,2022-03-23,0
2021-11-17,37,9338,2022-03-23,0
2021-11-18,38,9376,2022-03-23,0
2021-11-19,34,9410,2022-03-23,0
2021-11-20,30,9440,2022-03-23,0
2021-11-21,32,9472,2022-03-23,0
2021-11-22,30,9502,2022-03-23,0
2021-11-23,32,9534,2022-03-23,0
2021-11-24,25,9559,2022-03-23,0
2021-11-25,35,9594,2022-03-23,0
2021-11-26,51,9645,2022-03-23,0
2021-11-27,36,9681,2022-03-23,0
2021-11-28,39,9720,2022-03-23,0
2021-11-29,29,9749,2022-03-23,0
2021-11-30,30,9779,2022-03-23,0
2021-12-01,47,9826,2022-03-23,0
2021-12-02,40,9866,2022-03-23,0
2021-12-03,31,9897,2022-03-23,0
2021-12-04,42,9939,2022-03-23,0
2021-12-05,36,9975,2022-03-23,0
2021-12-06,36,10011,2022-03-23,0
2021-12-07,36,10047,2022-03-23,0
2021-12-08,39,10086,2022-03-23,0
2021-12-09,47,10133,2022-03-23,0
2021-12-10,34,10167,2022-03-23,0
2021-12-11,27,10194,2022-03-23,0
2021-12-12,37,10231,2022-03-23,0
2021-12-13,34,10265,2022-03-23,0
2021-12-14,35,10300,2022-03-23,0
2021-12-15,42,10342,2022-03-23,0
2021-12-16,33,10375,2022-03-23,0
2021-12-17,41,10416,2022-03-23,0
2021-12-18,33,10449,2022-03-23,0
2021-12-19,31,10480,2022-03-23,0
2021-12-20,33,10513,2022-03-23,0
2021-12-21,28,10541,2022-03-23,0
2021-12-22,29,10570,2022-03-23,0
2021-12-23,28,10598,2022-03-23,0
2021-12-24,30,10628,2022-03-23,0
2021-12-25,28,10656,2022-03-23,0
2021-12-26,42,10698,2022-03-23,0
2021-12-27,32,10730,2022-03-23,0
2021-12-28,35,10765,2022-03-23,0
2021-12-29,29,10794,2022-03-23,0
2021-12-30,21,10815,2022-03-23,0
2021-12-31,40,10855,2022-03-23,0
2022-01-01,27,10882,2022-03-23,0
2022-01-02,22,10904,2022-03-23,0
2022-01-03,23,10927,2022-03-23,0
2022-01-04,30,10957,2022-03-23,0
2022-01-05,32,10989,2022-03-23,0
2022-01-06,32,11021,2022-03-23,0
2022-01-07,28,11049,2022-03-23,0
2022-01-08,43,11092,2022-03-23,0
2022-01-09,18,11110,2022-03-23,0
2022-01-10,31,11141,2022-03-23,0
2022-01-11,19,11160,2022-03-23,0
2022-01-12,21,11181,2022-03-23,0
2022-01-13,27,11208,2022-03-23,0
2022-01-14,33,11241,2022-03-23,0
2022-01-15,26,11267,2022-03-23,0
2022-01-16,33,11300,2022-03-23,0
2022-01-17,36,11336,2022-03-23,0
2022-01-18,26,11362,2022-03-23,0
2022-01-19,29,11391,2022-03-23,0
2022-01-20,30,11421,2022-03-23,0
2022-01-21,27,11448,2022-03-23,0
2022-01-22,29,11477,2022-03-23,0
2022-01-23,23,11500,2022-03-23,0
2022-01-24,37,11537,2022-03-23,0
2022-01-25,33,11570,2022-03-23,0
2022-01-26,35,11605,2022-03-23,0
2022-01-27,37,11642,2022-03-23,0
2022-01-28,31,11673,2022-03-23,0
2022-01-29,29,11702,2022-03-23,0
2022-01-30,27,11729,2022-03-23,0
2022-01-31,18,11747,2022-03-23,0
2022-02-01,25,11772,2022-03-23,0
2022-02-02,22,11794,2022-03-23,0
2022-02-03,30,11824,2022-03-23,0
2022-02-04,20,11844,2022-03-23,0
2022-02-05,28,11872,2022-03-23,0
2022-02-06,27,11899,2022-03-23,0
2022-02-07,17,11916,2022-03-23,0
2022-02-08,27,11943,2022-03-23,0
2022-02-09,25,11968,2022-03-23,0
2022-02-10,21,11989,2022-03-23,0
2022-02-11,19,12008,2022-03-23,0
2022-02-12,16,12024,2022-03-23,0
2022-02-13,19,12043,2022-03-23,0
2022-02-14,17,12060,2022-03-23,0
2022-02-15,21,12081,2022-03-23,0
2022-02-16,13,12094,2022-03-23,0
2022-02-17,15,12109,2022-03-23,0
2022-02-18,14,12123,2022-03-23,1
2022-02-19,20,12143,2022-03-23,0
2022-02-20,15,12158,2022-03-23,0
2022-02-21,6,12164,2022-03-23,0
2022-02-22,14,12178,2022-03-23,0
2022-02-23,9,12187,2022-03-23,0
2022-02-24,25,12212,2022-03-23,0
2022-02-25,9,12221,2022-03-23,0
2022-02-26,10,12231,2022-03-23,0
2022-02-27,10,12241,2022-03-23,0
2022-02-28,7,12248,2022-03-23,0
2022-03-01,6,12254,2022-03-23,0
2022-03-02,9,12263,2022-03-23,0
2022-03-03,6,12269,2022-03-23,0
2022-03-04,10,12279,2022-03-23,0
2022-03-05,5,12284,2022-03-23,0
2022-03-06,9,12293,2022-03-23,0
2022-03-07,4,12297,2022-03-23,0
2022-03-08,5,12302,2022-03-23,0
2022-03-09,11,12313,2022-03-23,0
2022-03-10,7,12320,2022-03-23,0
2022-03-11,8,12328,2022-03-23,0
2022-03-12,0,12328,2022-03-23,0
2022-03-13,4,12332,2022-03-23,0
2022-03-14,3,12335,2022-03-23,0
2022-03-15,2,12337,2022-03-23,0
2022-03-16,0,12337,2022-03-23,0
2022-03-17,4,12341,2022-03-23,1
NA,1,12342,2022-03-23,0
2020-03-19,1,1,2022-03-24,0
2020-03-20,0,1,2022-03-24,0
2020-03-21,0,1,2022-03-24,0
2020-03-22,0,1,2022-03-24,0
2020-03-23,0,1,2022-03-24,0
2020-03-24,1,2,2022-03-24,0
2020-03-25,1,3,2022-03-24,0
2020-03-26,1,4,2022-03-24,0
2020-03-27,5,9,2022-03-24,0
2020-03-28,3,12,2022-03-24,0
2020-03-29,0,12,2022-03-24,0
2020-03-30,5,17,2022-03-24,0
2020-03-31,2,19,2022-03-24,0
2020-04-01,5,24,2022-03-24,0
2020-04-02,3,27,2022-03-24,0
2020-04-03,1,28,2022-03-24,0
2020-04-04,5,33,2022-03-24,0
2020-04-05,5,38,2022-03-24,0
2020-04-06,10,48,2022-03-24,0
2020-04-07,6,54,2022-03-24,0
2020-04-08,7,61,2022-03-24,0
2020-04-09,8,69,2022-03-24,0
2020-04-10,6,75,2022-03-24,0
2020-04-11,4,79,2022-03-24,0
2020-04-12,4,83,2022-03-24,0
2020-04-13,10,93,2022-03-24,0
2020-04-14,6,99,2022-03-24,0
2020-04-15,17,116,2022-03-24,0
2020-04-16,10,126,2022-03-24,0
2020-04-17,17,143,2022-03-24,0
2020-04-18,17,160,2022-03-24,0
2020-04-19,16,176,2022-03-24,0
2020-04-20,21,197,2022-03-24,0
2020-04-21,26,223,2022-03-24,0
2020-04-22,21,244,2022-03-24,0
2020-04-23,19,263,2022-03-24,0
2020-04-24,23,286,2022-03-24,0
2020-04-25,18,304,2022-03-24,0
2020-04-26,17,321,2022-03-24,0
2020-04-27,21,342,2022-03-24,0
2020-04-28,16,358,2022-03-24,0
2020-04-29,29,387,2022-03-24,0
2020-04-30,18,405,2022-03-24,0
2020-05-01,30,435,2022-03-24,0
2020-05-02,19,454,2022-03-24,0
2020-05-03,29,483,2022-03-24,0
2020-05-04,23,506,2022-03-24,0
2020-05-05,19,525,2022-03-24,0
2020-05-06,25,550,2022-03-24,0
2020-05-07,30,580,2022-03-24,0
2020-05-08,20,600,2022-03-24,0
2020-05-09,26,626,2022-03-24,0
2020-05-10,19,645,2022-03-24,0
2020-05-11,25,670,2022-03-24,0
2020-05-12,20,690,2022-03-24,0
2020-05-13,22,712,2022-03-24,0
2020-05-14,20,732,2022-03-24,0
2020-05-15,20,752,2022-03-24,0
2020-05-16,20,772,2022-03-24,0
2020-05-17,23,795,2022-03-24,0
2020-05-18,18,813,2022-03-24,0
2020-05-19,35,848,2022-03-24,0
2020-05-20,24,872,2022-03-24,0
2020-05-21,17,889,2022-03-24,0
2020-05-22,20,909,2022-03-24,0
2020-05-23,26,935,2022-03-24,0
2020-05-24,25,960,2022-03-24,0
2020-05-25,30,990,2022-03-24,0
2020-05-26,29,1019,2022-03-24,0
2020-05-27,25,1044,2022-03-24,0
2020-05-28,21,1065,2022-03-24,0
2020-05-29,17,1082,2022-03-24,0
2020-05-30,10,1092,2022-03-24,0
2020-05-31,20,1112,2022-03-24,0
2020-06-01,23,1135,2022-03-24,0
2020-06-02,21,1156,2022-03-24,0
2020-06-03,25,1181,2022-03-24,0
2020-06-04,26,1207,2022-03-24,0
2020-06-05,18,1225,2022-03-24,0
2020-06-06,12,1237,2022-03-24,0
2020-06-07,22,1259,2022-03-24,0
2020-06-08,12,1271,2022-03-24,0
2020-06-09,13,1284,2022-03-24,0
2020-06-10,10,1294,2022-03-24,0
2020-06-11,12,1306,2022-03-24,0
2020-06-12,11,1317,2022-03-24,0
2020-06-13,13,1330,2022-03-24,0
2020-06-14,11,1341,2022-03-24,0
2020-06-15,8,1349,2022-03-24,0
2020-06-16,9,1358,2022-03-24,0
2020-06-17,17,1375,2022-03-24,0
2020-06-18,9,1384,2022-03-24,0
2020-06-19,8,1392,2022-03-24,0
2020-06-20,12,1404,2022-03-24,0
2020-06-21,11,1415,2022-03-24,0
2020-06-22,6,1421,2022-03-24,0
2020-06-23,10,1431,2022-03-24,0
2020-06-24,1,1432,2022-03-24,0
2020-06-25,9,1441,2022-03-24,0
2020-06-26,6,1447,2022-03-24,0
2020-06-27,5,1452,2022-03-24,0
2020-06-28,11,1463,2022-03-24,0
2020-06-29,7,1470,2022-03-24,0
2020-06-30,9,1479,2022-03-24,0
2020-07-01,2,1481,2022-03-24,0
2020-07-02,3,1484,2022-03-24,0
2020-07-03,5,1489,2022-03-24,0
2020-07-04,4,1493,2022-03-24,0
2020-07-05,6,1499,2022-03-24,0
2020-07-06,4,1503,2022-03-24,0
2020-07-07,2,1505,2022-03-24,0
2020-07-08,9,1514,2022-03-24,0
2020-07-09,4,1518,2022-03-24,0
2020-07-10,3,1521,2022-03-24,0
2020-07-11,4,1525,2022-03-24,0
2020-07-12,6,1531,2022-03-24,0
2020-07-13,2,1533,2022-03-24,0
2020-07-14,6,1539,2022-03-24,0
2020-07-15,7,1546,2022-03-24,0
2020-07-16,3,1549,2022-03-24,0
2020-07-17,7,1556,2022-03-24,0
2020-07-18,6,1562,2022-03-24,0
2020-07-19,5,1567,2022-03-24,0
2020-07-20,3,1570,2022-03-24,0
2020-07-21,6,1576,2022-03-24,0
2020-07-22,5,1581,2022-03-24,0
2020-07-23,8,1589,2022-03-24,0
2020-07-24,6,1595,2022-03-24,0
2020-07-25,2,1597,2022-03-24,0
2020-07-26,5,1602,2022-03-24,0
2020-07-27,5,1607,2022-03-24,0
2020-07-28,7,1614,2022-03-24,0
2020-07-29,3,1617,2022-03-24,0
2020-07-30,6,1623,2022-03-24,0
2020-07-31,9,1632,2022-03-24,0
2020-08-01,4,1636,2022-03-24,0
2020-08-02,7,1643,2022-03-24,0
2020-08-03,4,1647,2022-03-24,0
2020-08-04,7,1654,2022-03-24,0
2020-08-05,8,1662,2022-03-24,0
2020-08-06,9,1671,2022-03-24,0
2020-08-07,7,1678,2022-03-24,0
2020-08-08,6,1684,2022-03-24,0
2020-08-09,10,1694,2022-03-24,0
2020-08-10,3,1697,2022-03-24,0
2020-08-11,9,1706,2022-03-24,0
2020-08-12,7,1713,2022-03-24,0
2020-08-13,5,1718,2022-03-24,0
2020-08-14,9,1727,2022-03-24,0
2020-08-15,13,1740,2022-03-24,0
2020-08-16,13,1753,2022-03-24,0
2020-08-17,6,1759,2022-03-24,0
2020-08-18,11,1770,2022-03-24,0
2020-08-19,3,1773,2022-03-24,0
2020-08-20,10,1783,2022-03-24,0
2020-08-21,12,1795,2022-03-24,0
2020-08-22,9,1804,2022-03-24,0
2020-08-23,7,1811,2022-03-24,0
2020-08-24,9,1820,2022-03-24,0
2020-08-25,4,1824,2022-03-24,0
2020-08-26,3,1827,2022-03-24,0
2020-08-27,7,1834,2022-03-24,0
2020-08-28,6,1840,2022-03-24,0
2020-08-29,3,1843,2022-03-24,0
2020-08-30,5,1848,2022-03-24,0
2020-08-31,9,1857,2022-03-24,0
2020-09-01,2,1859,2022-03-24,0
2020-09-02,7,1866,2022-03-24,0
2020-09-03,12,1878,2022-03-24,0
2020-09-04,4,1882,2022-03-24,0
2020-09-05,6,1888,2022-03-24,0
2020-09-06,12,1900,2022-03-24,0
2020-09-07,3,1903,2022-03-24,0
2020-09-08,6,1909,2022-03-24,0
2020-09-09,10,1919,2022-03-24,0
2020-09-10,9,1928,2022-03-24,0
2020-09-11,11,1939,2022-03-24,0
2020-09-12,8,1947,2022-03-24,0
2020-09-13,8,1955,2022-03-24,0
2020-09-14,2,1957,2022-03-24,0
2020-09-15,7,1964,2022-03-24,0
2020-09-16,9,1973,2022-03-24,0
2020-09-17,5,1978,2022-03-24,0
2020-09-18,6,1984,2022-03-24,0
2020-09-19,4,1988,2022-03-24,0
2020-09-20,9,1997,2022-03-24,0
2020-09-21,7,2004,2022-03-24,0
2020-09-22,8,2012,2022-03-24,0
2020-09-23,9,2021,2022-03-24,0
2020-09-24,8,2029,2022-03-24,0
2020-09-25,11,2040,2022-03-24,0
2020-09-26,9,2049,2022-03-24,0
2020-09-27,14,2063,2022-03-24,0
2020-09-28,11,2074,2022-03-24,0
2020-09-29,5,2079,2022-03-24,0
2020-09-30,16,2095,2022-03-24,0
2020-10-01,7,2102,2022-03-24,0
2020-10-02,13,2115,2022-03-24,0
2020-10-03,9,2124,2022-03-24,0
2020-10-04,7,2131,2022-03-24,0
2020-10-05,10,2141,2022-03-24,0
2020-10-06,13,2154,2022-03-24,0
2020-10-07,19,2173,2022-03-24,0
2020-10-08,9,2182,2022-03-24,0
2020-10-09,17,2199,2022-03-24,0
2020-10-10,16,2215,2022-03-24,0
2020-10-11,16,2231,2022-03-24,0
2020-10-12,20,2251,2022-03-24,0
2020-10-13,14,2265,2022-03-24,0
2020-10-14,10,2275,2022-03-24,0
2020-10-15,9,2284,2022-03-24,0
2020-10-16,12,2296,2022-03-24,0
2020-10-17,18,2314,2022-03-24,0
2020-10-18,25,2339,2022-03-24,0
2020-10-19,18,2357,2022-03-24,0
2020-10-20,15,2372,2022-03-24,0
2020-10-21,24,2396,2022-03-24,0
2020-10-22,18,2414,2022-03-24,0
2020-10-23,19,2433,2022-03-24,0
2020-10-24,8,2441,2022-03-24,0
2020-10-25,17,2458,2022-03-24,0
2020-10-26,25,2483,2022-03-24,0
2020-10-27,23,2506,2022-03-24,0
2020-10-28,29,2535,2022-03-24,0
2020-10-29,18,2553,2022-03-24,0
2020-10-30,27,2580,2022-03-24,0
2020-10-31,25,2605,2022-03-24,0
2020-11-01,21,2626,2022-03-24,0
2020-11-02,25,2651,2022-03-24,0
2020-11-03,25,2676,2022-03-24,0
2020-11-04,33,2709,2022-03-24,0
2020-11-05,38,2747,2022-03-24,0
2020-11-06,39,2786,2022-03-24,0
2020-11-07,42,2828,2022-03-24,0
2020-11-08,47,2875,2022-03-24,0
2020-11-09,37,2912,2022-03-24,0
2020-11-10,35,2947,2022-03-24,0
2020-11-11,43,2990,2022-03-24,0
2020-11-12,45,3035,2022-03-24,0
2020-11-13,40,3075,2022-03-24,0
2020-11-14,48,3123,2022-03-24,0
2020-11-15,46,3169,2022-03-24,0
2020-11-16,62,3231,2022-03-24,0
2020-11-17,56,3287,2022-03-24,0
2020-11-18,61,3348,2022-03-24,0
2020-11-19,60,3408,2022-03-24,0
2020-11-20,63,3471,2022-03-24,0
2020-11-21,58,3529,2022-03-24,0
2020-11-22,67,3596,2022-03-24,0
2020-11-23,59,3655,2022-03-24,0
2020-11-24,69,3724,2022-03-24,0
2020-11-25,72,3796,2022-03-24,0
2020-11-26,54,3850,2022-03-24,0
2020-11-27,69,3919,2022-03-24,0
2020-11-28,62,3981,2022-03-24,0
2020-11-29,68,4049,2022-03-24,0
2020-11-30,62,4111,2022-03-24,0
2020-12-01,64,4175,2022-03-24,0
2020-12-02,73,4248,2022-03-24,0
2020-12-03,86,4334,2022-03-24,0
2020-12-04,67,4401,2022-03-24,0
2020-12-05,74,4475,2022-03-24,0
2020-12-06,80,4555,2022-03-24,0
2020-12-07,75,4630,2022-03-24,0
2020-12-08,61,4691,2022-03-24,0
2020-12-09,71,4762,2022-03-24,0
2020-12-10,72,4834,2022-03-24,0
2020-12-11,71,4905,2022-03-24,0
2020-12-12,72,4977,2022-03-24,0
2020-12-13,56,5033,2022-03-24,0
2020-12-14,43,5076,2022-03-24,0
2020-12-15,65,5141,2022-03-24,0
2020-12-16,74,5215,2022-03-24,0
2020-12-17,60,5275,2022-03-24,0
2020-12-18,59,5334,2022-03-24,0
2020-12-19,56,5390,2022-03-24,0
2020-12-20,61,5451,2022-03-24,0
2020-12-21,58,5509,2022-03-24,0
2020-12-22,33,5542,2022-03-24,0
2020-12-23,46,5588,2022-03-24,0
2020-12-24,51,5639,2022-03-24,0
2020-12-25,36,5675,2022-03-24,0
2020-12-26,43,5718,2022-03-24,0
2020-12-27,41,5759,2022-03-24,0
2020-12-28,34,5793,2022-03-24,0
2020-12-29,37,5830,2022-03-24,0
2020-12-30,47,5877,2022-03-24,0
2020-12-31,36,5913,2022-03-24,0
2021-01-01,28,5941,2022-03-24,0
2021-01-02,49,5990,2022-03-24,0
2021-01-03,37,6027,2022-03-24,0
2021-01-04,32,6059,2022-03-24,0
2021-01-05,40,6099,2022-03-24,0
2021-01-06,32,6131,2022-03-24,0
2021-01-07,38,6169,2022-03-24,0
2021-01-08,32,6201,2022-03-24,0
2021-01-09,26,6227,2022-03-24,0
2021-01-10,30,6257,2022-03-24,0
2021-01-11,27,6284,2022-03-24,0
2021-01-12,32,6316,2022-03-24,0
2021-01-13,23,6339,2022-03-24,0
2021-01-14,42,6381,2022-03-24,0
2021-01-15,26,6407,2022-03-24,0
2021-01-16,30,6437,2022-03-24,0
2021-01-17,21,6458,2022-03-24,0
2021-01-18,19,6477,2022-03-24,0
2021-01-19,14,6491,2022-03-24,0
2021-01-20,26,6517,2022-03-24,0
2021-01-21,16,6533,2022-03-24,0
2021-01-22,14,6547,2022-03-24,0
2021-01-23,17,6564,2022-03-24,0
2021-01-24,24,6588,2022-03-24,0
2021-01-25,19,6607,2022-03-24,0
2021-01-26,21,6628,2022-03-24,0
2021-01-27,11,6639,2022-03-24,0
2021-01-28,12,6651,2022-03-24,0
2021-01-29,15,6666,2022-03-24,0
2021-01-30,13,6679,2022-03-24,0
2021-01-31,17,6696,2022-03-24,0
2021-02-01,17,6713,2022-03-24,0
2021-02-02,10,6723,2022-03-24,0
2021-02-03,11,6734,2022-03-24,0
2021-02-04,11,6745,2022-03-24,0
2021-02-05,13,6758,2022-03-24,0
2021-02-06,12,6770,2022-03-24,0
2021-02-07,19,6789,2022-03-24,0
2021-02-08,11,6800,2022-03-24,0
2021-02-09,15,6815,2022-03-24,0
2021-02-10,14,6829,2022-03-24,0
2021-02-11,7,6836,2022-03-24,0
2021-02-12,14,6850,2022-03-24,0
2021-02-13,8,6858,2022-03-24,0
2021-02-14,10,6868,2022-03-24,0
2021-02-15,9,6877,2022-03-24,0
2021-02-16,12,6889,2022-03-24,0
2021-02-17,10,6899,2022-03-24,0
2021-02-18,7,6906,2022-03-24,0
2021-02-19,6,6912,2022-03-24,0
2021-02-20,7,6919,2022-03-24,0
2021-02-21,4,6923,2022-03-24,0
2021-02-22,5,6928,2022-03-24,0
2021-02-23,9,6937,2022-03-24,0
2021-02-24,5,6942,2022-03-24,0
2021-02-25,5,6947,2022-03-24,0
2021-02-26,7,6954,2022-03-24,0
2021-02-27,6,6960,2022-03-24,0
2021-02-28,8,6968,2022-03-24,0
2021-03-01,7,6975,2022-03-24,0
2021-03-02,3,6978,2022-03-24,0
2021-03-03,10,6988,2022-03-24,0
2021-03-04,6,6994,2022-03-24,0
2021-03-05,10,7004,2022-03-24,0
2021-03-06,5,7009,2022-03-24,0
2021-03-07,9,7018,2022-03-24,0
2021-03-08,5,7023,2022-03-24,0
2021-03-09,7,7030,2022-03-24,0
2021-03-10,5,7035,2022-03-24,0
2021-03-11,4,7039,2022-03-24,0
2021-03-12,11,7050,2022-03-24,0
2021-03-13,5,7055,2022-03-24,0
2021-03-14,5,7060,2022-03-24,0
2021-03-15,2,7062,2022-03-24,0
2021-03-16,6,7068,2022-03-24,0
2021-03-17,4,7072,2022-03-24,0
2021-03-18,5,7077,2022-03-24,0
2021-03-19,5,7082,2022-03-24,0
2021-03-20,9,7091,2022-03-24,0
2021-03-21,5,7096,2022-03-24,0
2021-03-22,4,7100,2022-03-24,0
2021-03-23,5,7105,2022-03-24,0
2021-03-24,1,7106,2022-03-24,0
2021-03-25,5,7111,2022-03-24,0
2021-03-26,3,7114,2022-03-24,0
2021-03-27,7,7121,2022-03-24,0
2021-03-28,6,7127,2022-03-24,0
2021-03-29,5,7132,2022-03-24,0
2021-03-30,6,7138,2022-03-24,0
2021-03-31,8,7146,2022-03-24,0
2021-04-01,6,7152,2022-03-24,0
2021-04-02,9,7161,2022-03-24,0
2021-04-03,8,7169,2022-03-24,0
2021-04-04,6,7175,2022-03-24,0
2021-04-05,8,7183,2022-03-24,0
2021-04-06,7,7190,2022-03-24,0
2021-04-07,6,7196,2022-03-24,0
2021-04-08,10,7206,2022-03-24,0
2021-04-09,7,7213,2022-03-24,0
2021-04-10,7,7220,2022-03-24,0
2021-04-11,8,7228,2022-03-24,0
2021-04-12,10,7238,2022-03-24,0
2021-04-13,7,7245,2022-03-24,0
2021-04-14,8,7253,2022-03-24,0
2021-04-15,14,7267,2022-03-24,0
2021-04-16,8,7275,2022-03-24,0
2021-04-17,8,7283,2022-03-24,0
2021-04-18,8,7291,2022-03-24,0
2021-04-19,10,7301,2022-03-24,0
2021-04-20,5,7306,2022-03-24,0
2021-04-21,8,7314,2022-03-24,0
2021-04-22,3,7317,2022-03-24,0
2021-04-23,15,7332,2022-03-24,0
2021-04-24,11,7343,2022-03-24,0
2021-04-25,15,7358,2022-03-24,0
2021-04-26,15,7373,2022-03-24,0
2021-04-27,7,7380,2022-03-24,0
2021-04-28,14,7394,2022-03-24,0
2021-04-29,8,7402,2022-03-24,0
2021-04-30,11,7413,2022-03-24,0
2021-05-01,7,7420,2022-03-24,0
2021-05-02,8,7428,2022-03-24,0
2021-05-03,5,7433,2022-03-24,0
2021-05-04,13,7446,2022-03-24,0
2021-05-05,9,7455,2022-03-24,0
2021-05-06,5,7460,2022-03-24,0
2021-05-07,8,7468,2022-03-24,0
2021-05-08,7,7475,2022-03-24,0
2021-05-09,9,7484,2022-03-24,0
2021-05-10,8,7492,2022-03-24,0
2021-05-11,6,7498,2022-03-24,0
2021-05-12,9,7507,2022-03-24,0
2021-05-13,9,7516,2022-03-24,0
2021-05-14,11,7527,2022-03-24,0
2021-05-15,10,7537,2022-03-24,0
2021-05-16,6,7543,2022-03-24,0
2021-05-17,6,7549,2022-03-24,0
2021-05-18,7,7556,2022-03-24,0
2021-05-19,2,7558,2022-03-24,0
2021-05-20,5,7563,2022-03-24,0
2021-05-21,7,7570,2022-03-24,0
2021-05-22,12,7582,2022-03-24,0
2021-05-23,5,7587,2022-03-24,0
2021-05-24,5,7592,2022-03-24,0
2021-05-25,6,7598,2022-03-24,0
2021-05-26,3,7601,2022-03-24,0
2021-05-27,7,7608,2022-03-24,0
2021-05-28,2,7610,2022-03-24,0
2021-05-29,6,7616,2022-03-24,0
2021-05-30,4,7620,2022-03-24,0
2021-05-31,3,7623,2022-03-24,0
2021-06-01,5,7628,2022-03-24,0
2021-06-02,8,7636,2022-03-24,0
2021-06-03,4,7640,2022-03-24,0
2021-06-04,4,7644,2022-03-24,0
2021-06-05,2,7646,2022-03-24,0
2021-06-06,5,7651,2022-03-24,0
2021-06-07,3,7654,2022-03-24,0
2021-06-08,5,7659,2022-03-24,0
2021-06-09,4,7663,2022-03-24,0
2021-06-10,6,7669,2022-03-24,0
2021-06-11,6,7675,2022-03-24,0
2021-06-12,4,7679,2022-03-24,0
2021-06-13,4,7683,2022-03-24,0
2021-06-14,3,7686,2022-03-24,0
2021-06-15,2,7688,2022-03-24,0
2021-06-16,2,7690,2022-03-24,0
2021-06-17,4,7694,2022-03-24,0
2021-06-18,2,7696,2022-03-24,0
2021-06-19,6,7702,2022-03-24,0
2021-06-20,1,7703,2022-03-24,0
2021-06-21,5,7708,2022-03-24,0
2021-06-22,3,7711,2022-03-24,0
2021-06-23,4,7715,2022-03-24,0
2021-06-24,3,7718,2022-03-24,0
2021-06-25,3,7721,2022-03-24,0
2021-06-26,4,7725,2022-03-24,0
2021-06-27,2,7727,2022-03-24,0
2021-06-28,2,7729,2022-03-24,0
2021-06-29,2,7731,2022-03-24,0
2021-06-30,2,7733,2022-03-24,0
2021-07-01,0,7733,2022-03-24,0
2021-07-02,2,7735,2022-03-24,0
2021-07-03,2,7737,2022-03-24,0
2021-07-04,3,7740,2022-03-24,0
2021-07-05,1,7741,2022-03-24,0
2021-07-06,5,7746,2022-03-24,0
2021-07-07,1,7747,2022-03-24,0
2021-07-08,1,7748,2022-03-24,0
2021-07-09,0,7748,2022-03-24,0
2021-07-10,2,7750,2022-03-24,0
2021-07-11,3,7753,2022-03-24,0
2021-07-12,1,7754,2022-03-24,0
2021-07-13,2,7756,2022-03-24,0
2021-07-14,2,7758,2022-03-24,0
2021-07-15,2,7760,2022-03-24,0
2021-07-16,1,7761,2022-03-24,0
2021-07-17,1,7762,2022-03-24,0
2021-07-18,0,7762,2022-03-24,0
2021-07-19,0,7762,2022-03-24,0
2021-07-20,2,7764,2022-03-24,0
2021-07-21,3,7767,2022-03-24,0
2021-07-22,2,7769,2022-03-24,0
2021-07-23,3,7772,2022-03-24,0
2021-07-24,0,7772,2022-03-24,0
2021-07-25,2,7774,2022-03-24,0
2021-07-26,1,7775,2022-03-24,0
2021-07-27,2,7777,2022-03-24,0
2021-07-28,3,7780,2022-03-24,0
2021-07-29,2,7782,2022-03-24,0
2021-07-30,5,7787,2022-03-24,0
2021-07-31,4,7791,2022-03-24,0
2021-08-01,1,7792,2022-03-24,0
2021-08-02,3,7795,2022-03-24,0
2021-08-03,2,7797,2022-03-24,0
2021-08-04,3,7800,2022-03-24,0
2021-08-05,2,7802,2022-03-24,0
2021-08-06,8,7810,2022-03-24,0
2021-08-07,3,7813,2022-03-24,0
2021-08-08,3,7816,2022-03-24,0
2021-08-09,3,7819,2022-03-24,0
2021-08-10,2,7821,2022-03-24,0
2021-08-11,2,7823,2022-03-24,0
2021-08-12,7,7830,2022-03-24,0
2021-08-13,5,7835,2022-03-24,0
2021-08-14,6,7841,2022-03-24,0
2021-08-15,0,7841,2022-03-24,0
2021-08-16,7,7848,2022-03-24,0
2021-08-17,7,7855,2022-03-24,0
2021-08-18,9,7864,2022-03-24,0
2021-08-19,2,7866,2022-03-24,0
2021-08-20,3,7869,2022-03-24,0
2021-08-21,5,7874,2022-03-24,0
2021-08-22,7,7881,2022-03-24,0
2021-08-23,5,7886,2022-03-24,0
2021-08-24,12,7898,2022-03-24,0
2021-08-25,7,7905,2022-03-24,0
2021-08-26,2,7907,2022-03-24,0
2021-08-27,6,7913,2022-03-24,0
2021-08-28,11,7924,2022-03-24,0
2021-08-29,11,7935,2022-03-24,0
2021-08-30,8,7943,2022-03-24,0
2021-08-31,8,7951,2022-03-24,0
2021-09-01,6,7957,2022-03-24,0
2021-09-02,6,7963,2022-03-24,0
2021-09-03,9,7972,2022-03-24,0
2021-09-04,9,7981,2022-03-24,0
2021-09-05,10,7991,2022-03-24,0
2021-09-06,8,7999,2022-03-24,0
2021-09-07,7,8006,2022-03-24,0
2021-09-08,11,8017,2022-03-24,0
2021-09-09,5,8022,2022-03-24,0
2021-09-10,9,8031,2022-03-24,0
2021-09-11,17,8048,2022-03-24,0
2021-09-12,10,8058,2022-03-24,0
2021-09-13,8,8066,2022-03-24,0
2021-09-14,11,8077,2022-03-24,0
2021-09-15,14,8091,2022-03-24,0
2021-09-16,16,8107,2022-03-24,0
2021-09-17,8,8115,2022-03-24,0
2021-09-18,15,8130,2022-03-24,0
2021-09-19,11,8141,2022-03-24,0
2021-09-20,16,8157,2022-03-24,0
2021-09-21,16,8173,2022-03-24,0
2021-09-22,17,8190,2022-03-24,0
2021-09-23,13,8203,2022-03-24,0
2021-09-24,13,8216,2022-03-24,0
2021-09-25,16,8232,2022-03-24,0
2021-09-26,15,8247,2022-03-24,0
2021-09-27,15,8262,2022-03-24,0
2021-09-28,11,8273,2022-03-24,0
2021-09-29,21,8294,2022-03-24,0
2021-09-30,17,8311,2022-03-24,0
2021-10-01,13,8324,2022-03-24,0
2021-10-02,15,8339,2022-03-24,0
2021-10-03,23,8362,2022-03-24,0
2021-10-04,15,8377,2022-03-24,0
2021-10-05,23,8400,2022-03-24,0
2021-10-06,21,8421,2022-03-24,0
2021-10-07,14,8435,2022-03-24,0
2021-10-08,22,8457,2022-03-24,0
2021-10-09,20,8477,2022-03-24,0
2021-10-10,14,8491,2022-03-24,0
2021-10-11,11,8502,2022-03-24,0
2021-10-12,25,8527,2022-03-24,0
2021-10-13,21,8548,2022-03-24,0
2021-10-14,22,8570,2022-03-24,0
2021-10-15,14,8584,2022-03-24,0
2021-10-16,20,8604,2022-03-24,0
2021-10-17,18,8622,2022-03-24,0
2021-10-18,17,8639,2022-03-24,0
2021-10-19,26,8665,2022-03-24,0
2021-10-20,17,8682,2022-03-24,0
2021-10-21,8,8690,2022-03-24,0
2021-10-22,23,8713,2022-03-24,0
2021-10-23,24,8737,2022-03-24,0
2021-10-24,25,8762,2022-03-24,0
2021-10-25,20,8782,2022-03-24,0
2021-10-26,22,8804,2022-03-24,0
2021-10-27,16,8820,2022-03-24,0
2021-10-28,24,8844,2022-03-24,0
2021-10-29,20,8864,2022-03-24,0
2021-10-30,20,8884,2022-03-24,0
2021-10-31,27,8911,2022-03-24,0
2021-11-01,18,8929,2022-03-24,0
2021-11-02,18,8947,2022-03-24,0
2021-11-03,28,8975,2022-03-24,0
2021-11-04,29,9004,2022-03-24,0
2021-11-05,29,9033,2022-03-24,0
2021-11-06,16,9049,2022-03-24,0
2021-11-07,24,9073,2022-03-24,0
2021-11-08,28,9101,2022-03-24,0
2021-11-09,17,9118,2022-03-24,0
2021-11-10,18,9136,2022-03-24,0
2021-11-11,28,9164,2022-03-24,0
2021-11-12,29,9193,2022-03-24,0
2021-11-13,31,9224,2022-03-24,0
2021-11-14,24,9248,2022-03-24,0
2021-11-15,28,9276,2022-03-24,0
2021-11-16,25,9301,2022-03-24,0
2021-11-17,37,9338,2022-03-24,0
2021-11-18,38,9376,2022-03-24,0
2021-11-19,34,9410,2022-03-24,0
2021-11-20,30,9440,2022-03-24,0
2021-11-21,32,9472,2022-03-24,0
2021-11-22,30,9502,2022-03-24,0
2021-11-23,32,9534,2022-03-24,0
2021-11-24,25,9559,2022-03-24,0
2021-11-25,35,9594,2022-03-24,0
2021-11-26,51,9645,2022-03-24,0
2021-11-27,36,9681,2022-03-24,0
2021-11-28,39,9720,2022-03-24,0
2021-11-29,29,9749,2022-03-24,0
2021-11-30,30,9779,2022-03-24,0
2021-12-01,47,9826,2022-03-24,0
2021-12-02,40,9866,2022-03-24,0
2021-12-03,31,9897,2022-03-24,0
2021-12-04,42,9939,2022-03-24,0
2021-12-05,36,9975,2022-03-24,0
2021-12-06,36,10011,2022-03-24,0
2021-12-07,36,10047,2022-03-24,0
2021-12-08,39,10086,2022-03-24,0
2021-12-09,47,10133,2022-03-24,0
2021-12-10,34,10167,2022-03-24,0
2021-12-11,27,10194,2022-03-24,0
2021-12-12,37,10231,2022-03-24,0
2021-12-13,34,10265,2022-03-24,0
2021-12-14,35,10300,2022-03-24,0
2021-12-15,42,10342,2022-03-24,0
2021-12-16,33,10375,2022-03-24,0
2021-12-17,41,10416,2022-03-24,0
2021-12-18,33,10449,2022-03-24,0
2021-12-19,31,10480,2022-03-24,0
2021-12-20,33,10513,2022-03-24,0
2021-12-21,28,10541,2022-03-24,0
2021-12-22,29,10570,2022-03-24,0
2021-12-23,28,10598,2022-03-24,0
2021-12-24,30,10628,2022-03-24,0
2021-12-25,28,10656,2022-03-24,0
2021-12-26,42,10698,2022-03-24,0
2021-12-27,32,10730,2022-03-24,0
2021-12-28,35,10765,2022-03-24,0
2021-12-29,30,10795,2022-03-24,1
2021-12-30,21,10816,2022-03-24,0
2021-12-31,40,10856,2022-03-24,0
2022-01-01,27,10883,2022-03-24,0
2022-01-02,22,10905,2022-03-24,0
2022-01-03,23,10928,2022-03-24,0
2022-01-04,30,10958,2022-03-24,0
2022-01-05,32,10990,2022-03-24,0
2022-01-06,32,11022,2022-03-24,0
2022-01-07,28,11050,2022-03-24,0
2022-01-08,43,11093,2022-03-24,0
2022-01-09,18,11111,2022-03-24,0
2022-01-10,31,11142,2022-03-24,0
2022-01-11,19,11161,2022-03-24,0
2022-01-12,21,11182,2022-03-24,0
2022-01-13,28,11210,2022-03-24,1
2022-01-14,33,11243,2022-03-24,0
2022-01-15,26,11269,2022-03-24,0
2022-01-16,33,11302,2022-03-24,0
2022-01-17,36,11338,2022-03-24,0
2022-01-18,26,11364,2022-03-24,0
2022-01-19,29,11393,2022-03-24,0
2022-01-20,31,11424,2022-03-24,1
2022-01-21,27,11451,2022-03-24,0
2022-01-22,29,11480,2022-03-24,0
2022-01-23,23,11503,2022-03-24,0
2022-01-24,37,11540,2022-03-24,0
2022-01-25,33,11573,2022-03-24,0
2022-01-26,35,11608,2022-03-24,0
2022-01-27,37,11645,2022-03-24,0
2022-01-28,31,11676,2022-03-24,0
2022-01-29,30,11706,2022-03-24,1
2022-01-30,27,11733,2022-03-24,0
2022-01-31,18,11751,2022-03-24,0
2022-02-01,25,11776,2022-03-24,0
2022-02-02,23,11799,2022-03-24,1
2022-02-03,30,11829,2022-03-24,0
2022-02-04,21,11850,2022-03-24,1
2022-02-05,28,11878,2022-03-24,0
2022-02-06,28,11906,2022-03-24,1
2022-02-07,18,11924,2022-03-24,1
2022-02-08,27,11951,2022-03-24,0
2022-02-09,25,11976,2022-03-24,0
2022-02-10,21,11997,2022-03-24,0
2022-02-11,19,12016,2022-03-24,0
2022-02-12,16,12032,2022-03-24,0
2022-02-13,19,12051,2022-03-24,0
2022-02-14,17,12068,2022-03-24,0
2022-02-15,21,12089,2022-03-24,0
2022-02-16,14,12103,2022-03-24,1
2022-02-17,15,12118,2022-03-24,0
2022-02-18,14,12132,2022-03-24,0
2022-02-19,20,12152,2022-03-24,0
2022-02-20,15,12167,2022-03-24,0
2022-02-21,6,12173,2022-03-24,0
2022-02-22,14,12187,2022-03-24,0
2022-02-23,9,12196,2022-03-24,0
2022-02-24,25,12221,2022-03-24,0
2022-02-25,9,12230,2022-03-24,0
2022-02-26,10,12240,2022-03-24,0
2022-02-27,10,12250,2022-03-24,0
2022-02-28,7,12257,2022-03-24,0
2022-03-01,6,12263,2022-03-24,0
2022-03-02,9,12272,2022-03-24,0
2022-03-03,6,12278,2022-03-24,0
2022-03-04,10,12288,2022-03-24,0
2022-03-05,5,12293,2022-03-24,0
2022-03-06,10,12303,2022-03-24,1
2022-03-07,4,12307,2022-03-24,0
2022-03-08,5,12312,2022-03-24,0
2022-03-09,11,12323,2022-03-24,0
2022-03-10,7,12330,2022-03-24,0
2022-03-11,8,12338,2022-03-24,0
2022-03-12,0,12338,2022-03-24,0
2022-03-13,4,12342,2022-03-24,0
2022-03-14,4,12346,2022-03-24,1
2022-03-15,3,12349,2022-03-24,1
2022-03-16,0,12349,2022-03-24,0
2022-03-17,5,12354,2022-03-24,1
2022-03-18,1,12355,2022-03-24,1
2022-03-19,2,12357,2022-03-24,2
2022-03-20,3,12360,2022-03-24,3
2022-03-21,1,12361,2022-03-24,1
NA,1,12362,2022-03-24,0
2020-03-19,1,1,2022-03-25,0
2020-03-20,0,1,2022-03-25,0
2020-03-21,0,1,2022-03-25,0
2020-03-22,0,1,2022-03-25,0
2020-03-23,0,1,2022-03-25,0
2020-03-24,1,2,2022-03-25,0
2020-03-25,1,3,2022-03-25,0
2020-03-26,1,4,2022-03-25,0
2020-03-27,5,9,2022-03-25,0
2020-03-28,3,12,2022-03-25,0
2020-03-29,0,12,2022-03-25,0
2020-03-30,5,17,2022-03-25,0
2020-03-31,2,19,2022-03-25,0
2020-04-01,5,24,2022-03-25,0
2020-04-02,3,27,2022-03-25,0
2020-04-03,1,28,2022-03-25,0
2020-04-04,5,33,2022-03-25,0
2020-04-05,5,38,2022-03-25,0
2020-04-06,10,48,2022-03-25,0
2020-04-07,6,54,2022-03-25,0
2020-04-08,7,61,2022-03-25,0
2020-04-09,8,69,2022-03-25,0
2020-04-10,6,75,2022-03-25,0
2020-04-11,4,79,2022-03-25,0
2020-04-12,4,83,2022-03-25,0
2020-04-13,10,93,2022-03-25,0
2020-04-14,6,99,2022-03-25,0
2020-04-15,17,116,2022-03-25,0
2020-04-16,10,126,2022-03-25,0
2020-04-17,17,143,2022-03-25,0
2020-04-18,17,160,2022-03-25,0
2020-04-19,16,176,2022-03-25,0
2020-04-20,21,197,2022-03-25,0
2020-04-21,26,223,2022-03-25,0
2020-04-22,21,244,2022-03-25,0
2020-04-23,19,263,2022-03-25,0
2020-04-24,23,286,2022-03-25,0
2020-04-25,18,304,2022-03-25,0
2020-04-26,17,321,2022-03-25,0
2020-04-27,21,342,2022-03-25,0
2020-04-28,16,358,2022-03-25,0
2020-04-29,29,387,2022-03-25,0
2020-04-30,18,405,2022-03-25,0
2020-05-01,30,435,2022-03-25,0
2020-05-02,19,454,2022-03-25,0
2020-05-03,29,483,2022-03-25,0
2020-05-04,23,506,2022-03-25,0
2020-05-05,19,525,2022-03-25,0
2020-05-06,25,550,2022-03-25,0
2020-05-07,30,580,2022-03-25,0
2020-05-08,20,600,2022-03-25,0
2020-05-09,26,626,2022-03-25,0
2020-05-10,19,645,2022-03-25,0
2020-05-11,25,670,2022-03-25,0
2020-05-12,20,690,2022-03-25,0
2020-05-13,22,712,2022-03-25,0
2020-05-14,20,732,2022-03-25,0
2020-05-15,20,752,2022-03-25,0
2020-05-16,20,772,2022-03-25,0
2020-05-17,23,795,2022-03-25,0
2020-05-18,18,813,2022-03-25,0
2020-05-19,35,848,2022-03-25,0
2020-05-20,24,872,2022-03-25,0
2020-05-21,17,889,2022-03-25,0
2020-05-22,20,909,2022-03-25,0
2020-05-23,26,935,2022-03-25,0
2020-05-24,25,960,2022-03-25,0
2020-05-25,30,990,2022-03-25,0
2020-05-26,29,1019,2022-03-25,0
2020-05-27,25,1044,2022-03-25,0
2020-05-28,21,1065,2022-03-25,0
2020-05-29,17,1082,2022-03-25,0
2020-05-30,10,1092,2022-03-25,0
2020-05-31,20,1112,2022-03-25,0
2020-06-01,23,1135,2022-03-25,0
2020-06-02,21,1156,2022-03-25,0
2020-06-03,25,1181,2022-03-25,0
2020-06-04,26,1207,2022-03-25,0
2020-06-05,18,1225,2022-03-25,0
2020-06-06,12,1237,2022-03-25,0
2020-06-07,22,1259,2022-03-25,0
2020-06-08,12,1271,2022-03-25,0
2020-06-09,13,1284,2022-03-25,0
2020-06-10,10,1294,2022-03-25,0
2020-06-11,12,1306,2022-03-25,0
2020-06-12,11,1317,2022-03-25,0
2020-06-13,13,1330,2022-03-25,0
2020-06-14,11,1341,2022-03-25,0
2020-06-15,8,1349,2022-03-25,0
2020-06-16,9,1358,2022-03-25,0
2020-06-17,17,1375,2022-03-25,0
2020-06-18,9,1384,2022-03-25,0
2020-06-19,8,1392,2022-03-25,0
2020-06-20,12,1404,2022-03-25,0
2020-06-21,11,1415,2022-03-25,0
2020-06-22,6,1421,2022-03-25,0
2020-06-23,10,1431,2022-03-25,0
2020-06-24,1,1432,2022-03-25,0
2020-06-25,9,1441,2022-03-25,0
2020-06-26,6,1447,2022-03-25,0
2020-06-27,5,1452,2022-03-25,0
2020-06-28,11,1463,2022-03-25,0
2020-06-29,7,1470,2022-03-25,0
2020-06-30,9,1479,2022-03-25,0
2020-07-01,2,1481,2022-03-25,0
2020-07-02,3,1484,2022-03-25,0
2020-07-03,5,1489,2022-03-25,0
2020-07-04,4,1493,2022-03-25,0
2020-07-05,6,1499,2022-03-25,0
2020-07-06,4,1503,2022-03-25,0
2020-07-07,2,1505,2022-03-25,0
2020-07-08,9,1514,2022-03-25,0
2020-07-09,4,1518,2022-03-25,0
2020-07-10,3,1521,2022-03-25,0
2020-07-11,4,1525,2022-03-25,0
2020-07-12,6,1531,2022-03-25,0
2020-07-13,2,1533,2022-03-25,0
2020-07-14,6,1539,2022-03-25,0
2020-07-15,7,1546,2022-03-25,0
2020-07-16,3,1549,2022-03-25,0
2020-07-17,7,1556,2022-03-25,0
2020-07-18,6,1562,2022-03-25,0
2020-07-19,5,1567,2022-03-25,0
2020-07-20,3,1570,2022-03-25,0
2020-07-21,6,1576,2022-03-25,0
2020-07-22,5,1581,2022-03-25,0
2020-07-23,8,1589,2022-03-25,0
2020-07-24,6,1595,2022-03-25,0
2020-07-25,2,1597,2022-03-25,0
2020-07-26,5,1602,2022-03-25,0
2020-07-27,5,1607,2022-03-25,0
2020-07-28,7,1614,2022-03-25,0
2020-07-29,3,1617,2022-03-25,0
2020-07-30,6,1623,2022-03-25,0
2020-07-31,9,1632,2022-03-25,0
2020-08-01,4,1636,2022-03-25,0
2020-08-02,7,1643,2022-03-25,0
2020-08-03,4,1647,2022-03-25,0
2020-08-04,7,1654,2022-03-25,0
2020-08-05,8,1662,2022-03-25,0
2020-08-06,9,1671,2022-03-25,0
2020-08-07,7,1678,2022-03-25,0
2020-08-08,6,1684,2022-03-25,0
2020-08-09,10,1694,2022-03-25,0
2020-08-10,3,1697,2022-03-25,0
2020-08-11,9,1706,2022-03-25,0
2020-08-12,7,1713,2022-03-25,0
2020-08-13,5,1718,2022-03-25,0
2020-08-14,9,1727,2022-03-25,0
2020-08-15,13,1740,2022-03-25,0
2020-08-16,13,1753,2022-03-25,0
2020-08-17,6,1759,2022-03-25,0
2020-08-18,11,1770,2022-03-25,0
2020-08-19,3,1773,2022-03-25,0
2020-08-20,10,1783,2022-03-25,0
2020-08-21,12,1795,2022-03-25,0
2020-08-22,9,1804,2022-03-25,0
2020-08-23,7,1811,2022-03-25,0
2020-08-24,9,1820,2022-03-25,0
2020-08-25,4,1824,2022-03-25,0
2020-08-26,3,1827,2022-03-25,0
2020-08-27,7,1834,2022-03-25,0
2020-08-28,6,1840,2022-03-25,0
2020-08-29,3,1843,2022-03-25,0
2020-08-30,5,1848,2022-03-25,0
2020-08-31,9,1857,2022-03-25,0
2020-09-01,2,1859,2022-03-25,0
2020-09-02,7,1866,2022-03-25,0
2020-09-03,12,1878,2022-03-25,0
2020-09-04,4,1882,2022-03-25,0
2020-09-05,6,1888,2022-03-25,0
2020-09-06,12,1900,2022-03-25,0
2020-09-07,3,1903,2022-03-25,0
2020-09-08,6,1909,2022-03-25,0
2020-09-09,10,1919,2022-03-25,0
2020-09-10,9,1928,2022-03-25,0
2020-09-11,11,1939,2022-03-25,0
2020-09-12,8,1947,2022-03-25,0
2020-09-13,8,1955,2022-03-25,0
2020-09-14,2,1957,2022-03-25,0
2020-09-15,7,1964,2022-03-25,0
2020-09-16,9,1973,2022-03-25,0
2020-09-17,5,1978,2022-03-25,0
2020-09-18,6,1984,2022-03-25,0
2020-09-19,4,1988,2022-03-25,0
2020-09-20,9,1997,2022-03-25,0
2020-09-21,7,2004,2022-03-25,0
2020-09-22,8,2012,2022-03-25,0
2020-09-23,9,2021,2022-03-25,0
2020-09-24,8,2029,2022-03-25,0
2020-09-25,11,2040,2022-03-25,0
2020-09-26,9,2049,2022-03-25,0
2020-09-27,14,2063,2022-03-25,0
2020-09-28,11,2074,2022-03-25,0
2020-09-29,5,2079,2022-03-25,0
2020-09-30,16,2095,2022-03-25,0
2020-10-01,7,2102,2022-03-25,0
2020-10-02,13,2115,2022-03-25,0
2020-10-03,9,2124,2022-03-25,0
2020-10-04,7,2131,2022-03-25,0
2020-10-05,10,2141,2022-03-25,0
2020-10-06,13,2154,2022-03-25,0
2020-10-07,19,2173,2022-03-25,0
2020-10-08,9,2182,2022-03-25,0
2020-10-09,17,2199,2022-03-25,0
2020-10-10,16,2215,2022-03-25,0
2020-10-11,16,2231,2022-03-25,0
2020-10-12,20,2251,2022-03-25,0
2020-10-13,14,2265,2022-03-25,0
2020-10-14,10,2275,2022-03-25,0
2020-10-15,9,2284,2022-03-25,0
2020-10-16,12,2296,2022-03-25,0
2020-10-17,18,2314,2022-03-25,0
2020-10-18,25,2339,2022-03-25,0
2020-10-19,18,2357,2022-03-25,0
2020-10-20,15,2372,2022-03-25,0
2020-10-21,24,2396,2022-03-25,0
2020-10-22,18,2414,2022-03-25,0
2020-10-23,19,2433,2022-03-25,0
2020-10-24,8,2441,2022-03-25,0
2020-10-25,17,2458,2022-03-25,0
2020-10-26,25,2483,2022-03-25,0
2020-10-27,23,2506,2022-03-25,0
2020-10-28,29,2535,2022-03-25,0
2020-10-29,18,2553,2022-03-25,0
2020-10-30,27,2580,2022-03-25,0
2020-10-31,25,2605,2022-03-25,0
2020-11-01,21,2626,2022-03-25,0
2020-11-02,25,2651,2022-03-25,0
2020-11-03,25,2676,2022-03-25,0
2020-11-04,33,2709,2022-03-25,0
2020-11-05,38,2747,2022-03-25,0
2020-11-06,39,2786,2022-03-25,0
2020-11-07,42,2828,2022-03-25,0
2020-11-08,47,2875,2022-03-25,0
2020-11-09,37,2912,2022-03-25,0
2020-11-10,35,2947,2022-03-25,0
2020-11-11,43,2990,2022-03-25,0
2020-11-12,45,3035,2022-03-25,0
2020-11-13,40,3075,2022-03-25,0
2020-11-14,48,3123,2022-03-25,0
2020-11-15,46,3169,2022-03-25,0
2020-11-16,62,3231,2022-03-25,0
2020-11-17,56,3287,2022-03-25,0
2020-11-18,61,3348,2022-03-25,0
2020-11-19,60,3408,2022-03-25,0
2020-11-20,63,3471,2022-03-25,0
2020-11-21,58,3529,2022-03-25,0
2020-11-22,67,3596,2022-03-25,0
2020-11-23,59,3655,2022-03-25,0
2020-11-24,69,3724,2022-03-25,0
2020-11-25,72,3796,2022-03-25,0
2020-11-26,54,3850,2022-03-25,0
2020-11-27,69,3919,2022-03-25,0
2020-11-28,62,3981,2022-03-25,0
2020-11-29,68,4049,2022-03-25,0
2020-11-30,62,4111,2022-03-25,0
2020-12-01,64,4175,2022-03-25,0
2020-12-02,73,4248,2022-03-25,0
2020-12-03,86,4334,2022-03-25,0
2020-12-04,67,4401,2022-03-25,0
2020-12-05,74,4475,2022-03-25,0
2020-12-06,80,4555,2022-03-25,0
2020-12-07,75,4630,2022-03-25,0
2020-12-08,61,4691,2022-03-25,0
2020-12-09,71,4762,2022-03-25,0
2020-12-10,72,4834,2022-03-25,0
2020-12-11,71,4905,2022-03-25,0
2020-12-12,72,4977,2022-03-25,0
2020-12-13,56,5033,2022-03-25,0
2020-12-14,43,5076,2022-03-25,0
2020-12-15,65,5141,2022-03-25,0
2020-12-16,74,5215,2022-03-25,0
2020-12-17,60,5275,2022-03-25,0
2020-12-18,59,5334,2022-03-25,0
2020-12-19,56,5390,2022-03-25,0
2020-12-20,61,5451,2022-03-25,0
2020-12-21,58,5509,2022-03-25,0
2020-12-22,33,5542,2022-03-25,0
2020-12-23,46,5588,2022-03-25,0
2020-12-24,51,5639,2022-03-25,0
2020-12-25,36,5675,2022-03-25,0
2020-12-26,43,5718,2022-03-25,0
2020-12-27,41,5759,2022-03-25,0
2020-12-28,34,5793,2022-03-25,0
2020-12-29,37,5830,2022-03-25,0
2020-12-30,47,5877,2022-03-25,0
2020-12-31,36,5913,2022-03-25,0
2021-01-01,28,5941,2022-03-25,0
2021-01-02,49,5990,2022-03-25,0
2021-01-03,37,6027,2022-03-25,0
2021-01-04,32,6059,2022-03-25,0
2021-01-05,40,6099,2022-03-25,0
2021-01-06,32,6131,2022-03-25,0
2021-01-07,38,6169,2022-03-25,0
2021-01-08,32,6201,2022-03-25,0
2021-01-09,26,6227,2022-03-25,0
2021-01-10,30,6257,2022-03-25,0
2021-01-11,27,6284,2022-03-25,0
2021-01-12,32,6316,2022-03-25,0
2021-01-13,23,6339,2022-03-25,0
2021-01-14,42,6381,2022-03-25,0
2021-01-15,26,6407,2022-03-25,0
2021-01-16,30,6437,2022-03-25,0
2021-01-17,21,6458,2022-03-25,0
2021-01-18,19,6477,2022-03-25,0
2021-01-19,14,6491,2022-03-25,0
2021-01-20,26,6517,2022-03-25,0
2021-01-21,16,6533,2022-03-25,0
2021-01-22,14,6547,2022-03-25,0
2021-01-23,17,6564,2022-03-25,0
2021-01-24,24,6588,2022-03-25,0
2021-01-25,19,6607,2022-03-25,0
2021-01-26,21,6628,2022-03-25,0
2021-01-27,11,6639,2022-03-25,0
2021-01-28,12,6651,2022-03-25,0
2021-01-29,15,6666,2022-03-25,0
2021-01-30,13,6679,2022-03-25,0
2021-01-31,17,6696,2022-03-25,0
2021-02-01,17,6713,2022-03-25,0
2021-02-02,10,6723,2022-03-25,0
2021-02-03,11,6734,2022-03-25,0
2021-02-04,11,6745,2022-03-25,0
2021-02-05,13,6758,2022-03-25,0
2021-02-06,12,6770,2022-03-25,0
2021-02-07,19,6789,2022-03-25,0
2021-02-08,11,6800,2022-03-25,0
2021-02-09,15,6815,2022-03-25,0
2021-02-10,14,6829,2022-03-25,0
2021-02-11,7,6836,2022-03-25,0
2021-02-12,14,6850,2022-03-25,0
2021-02-13,8,6858,2022-03-25,0
2021-02-14,10,6868,2022-03-25,0
2021-02-15,9,6877,2022-03-25,0
2021-02-16,12,6889,2022-03-25,0
2021-02-17,10,6899,2022-03-25,0
2021-02-18,7,6906,2022-03-25,0
2021-02-19,6,6912,2022-03-25,0
2021-02-20,7,6919,2022-03-25,0
2021-02-21,4,6923,2022-03-25,0
2021-02-22,5,6928,2022-03-25,0
2021-02-23,9,6937,2022-03-25,0
2021-02-24,5,6942,2022-03-25,0
2021-02-25,5,6947,2022-03-25,0
2021-02-26,7,6954,2022-03-25,0
2021-02-27,6,6960,2022-03-25,0
2021-02-28,8,6968,2022-03-25,0
2021-03-01,7,6975,2022-03-25,0
2021-03-02,3,6978,2022-03-25,0
2021-03-03,10,6988,2022-03-25,0
2021-03-04,6,6994,2022-03-25,0
2021-03-05,10,7004,2022-03-25,0
2021-03-06,5,7009,2022-03-25,0
2021-03-07,9,7018,2022-03-25,0
2021-03-08,5,7023,2022-03-25,0
2021-03-09,7,7030,2022-03-25,0
2021-03-10,5,7035,2022-03-25,0
2021-03-11,4,7039,2022-03-25,0
2021-03-12,11,7050,2022-03-25,0
2021-03-13,5,7055,2022-03-25,0
2021-03-14,5,7060,2022-03-25,0
2021-03-15,2,7062,2022-03-25,0
2021-03-16,6,7068,2022-03-25,0
2021-03-17,4,7072,2022-03-25,0
2021-03-18,5,7077,2022-03-25,0
2021-03-19,5,7082,2022-03-25,0
2021-03-20,9,7091,2022-03-25,0
2021-03-21,5,7096,2022-03-25,0
2021-03-22,4,7100,2022-03-25,0
2021-03-23,5,7105,2022-03-25,0
2021-03-24,1,7106,2022-03-25,0
2021-03-25,5,7111,2022-03-25,0
2021-03-26,3,7114,2022-03-25,0
2021-03-27,7,7121,2022-03-25,0
2021-03-28,6,7127,2022-03-25,0
2021-03-29,5,7132,2022-03-25,0
2021-03-30,6,7138,2022-03-25,0
2021-03-31,8,7146,2022-03-25,0
2021-04-01,6,7152,2022-03-25,0
2021-04-02,9,7161,2022-03-25,0
2021-04-03,8,7169,2022-03-25,0
2021-04-04,6,7175,2022-03-25,0
2021-04-05,8,7183,2022-03-25,0
2021-04-06,7,7190,2022-03-25,0
2021-04-07,6,7196,2022-03-25,0
2021-04-08,10,7206,2022-03-25,0
2021-04-09,7,7213,2022-03-25,0
2021-04-10,7,7220,2022-03-25,0
2021-04-11,8,7228,2022-03-25,0
2021-04-12,10,7238,2022-03-25,0
2021-04-13,7,7245,2022-03-25,0
2021-04-14,8,7253,2022-03-25,0
2021-04-15,14,7267,2022-03-25,0
2021-04-16,8,7275,2022-03-25,0
2021-04-17,8,7283,2022-03-25,0
2021-04-18,8,7291,2022-03-25,0
2021-04-19,10,7301,2022-03-25,0
2021-04-20,5,7306,2022-03-25,0
2021-04-21,8,7314,2022-03-25,0
2021-04-22,3,7317,2022-03-25,0
2021-04-23,15,7332,2022-03-25,0
2021-04-24,11,7343,2022-03-25,0
2021-04-25,15,7358,2022-03-25,0
2021-04-26,15,7373,2022-03-25,0
2021-04-27,7,7380,2022-03-25,0
2021-04-28,14,7394,2022-03-25,0
2021-04-29,8,7402,2022-03-25,0
2021-04-30,11,7413,2022-03-25,0
2021-05-01,7,7420,2022-03-25,0
2021-05-02,8,7428,2022-03-25,0
2021-05-03,5,7433,2022-03-25,0
2021-05-04,13,7446,2022-03-25,0
2021-05-05,9,7455,2022-03-25,0
2021-05-06,5,7460,2022-03-25,0
2021-05-07,8,7468,2022-03-25,0
2021-05-08,7,7475,2022-03-25,0
2021-05-09,9,7484,2022-03-25,0
2021-05-10,8,7492,2022-03-25,0
2021-05-11,6,7498,2022-03-25,0
2021-05-12,9,7507,2022-03-25,0
2021-05-13,9,7516,2022-03-25,0
2021-05-14,11,7527,2022-03-25,0
2021-05-15,10,7537,2022-03-25,0
2021-05-16,6,7543,2022-03-25,0
2021-05-17,6,7549,2022-03-25,0
2021-05-18,7,7556,2022-03-25,0
2021-05-19,2,7558,2022-03-25,0
2021-05-20,5,7563,2022-03-25,0
2021-05-21,7,7570,2022-03-25,0
2021-05-22,12,7582,2022-03-25,0
2021-05-23,5,7587,2022-03-25,0
2021-05-24,5,7592,2022-03-25,0
2021-05-25,6,7598,2022-03-25,0
2021-05-26,3,7601,2022-03-25,0
2021-05-27,7,7608,2022-03-25,0
2021-05-28,2,7610,2022-03-25,0
2021-05-29,6,7616,2022-03-25,0
2021-05-30,4,7620,2022-03-25,0
2021-05-31,3,7623,2022-03-25,0
2021-06-01,5,7628,2022-03-25,0
2021-06-02,8,7636,2022-03-25,0
2021-06-03,4,7640,2022-03-25,0
2021-06-04,4,7644,2022-03-25,0
2021-06-05,2,7646,2022-03-25,0
2021-06-06,5,7651,2022-03-25,0
2021-06-07,3,7654,2022-03-25,0
2021-06-08,5,7659,2022-03-25,0
2021-06-09,4,7663,2022-03-25,0
2021-06-10,6,7669,2022-03-25,0
2021-06-11,6,7675,2022-03-25,0
2021-06-12,4,7679,2022-03-25,0
2021-06-13,4,7683,2022-03-25,0
2021-06-14,3,7686,2022-03-25,0
2021-06-15,2,7688,2022-03-25,0
2021-06-16,2,7690,2022-03-25,0
2021-06-17,4,7694,2022-03-25,0
2021-06-18,2,7696,2022-03-25,0
2021-06-19,6,7702,2022-03-25,0
2021-06-20,1,7703,2022-03-25,0
2021-06-21,5,7708,2022-03-25,0
2021-06-22,3,7711,2022-03-25,0
2021-06-23,4,7715,2022-03-25,0
2021-06-24,3,7718,2022-03-25,0
2021-06-25,3,7721,2022-03-25,0
2021-06-26,4,7725,2022-03-25,0
2021-06-27,2,7727,2022-03-25,0
2021-06-28,2,7729,2022-03-25,0
2021-06-29,2,7731,2022-03-25,0
2021-06-30,2,7733,2022-03-25,0
2021-07-01,0,7733,2022-03-25,0
2021-07-02,2,7735,2022-03-25,0
2021-07-03,2,7737,2022-03-25,0
2021-07-04,3,7740,2022-03-25,0
2021-07-05,1,7741,2022-03-25,0
2021-07-06,5,7746,2022-03-25,0
2021-07-07,1,7747,2022-03-25,0
2021-07-08,1,7748,2022-03-25,0
2021-07-09,0,7748,2022-03-25,0
2021-07-10,2,7750,2022-03-25,0
2021-07-11,3,7753,2022-03-25,0
2021-07-12,1,7754,2022-03-25,0
2021-07-13,2,7756,2022-03-25,0
2021-07-14,2,7758,2022-03-25,0
2021-07-15,2,7760,2022-03-25,0
2021-07-16,1,7761,2022-03-25,0
2021-07-17,1,7762,2022-03-25,0
2021-07-18,0,7762,2022-03-25,0
2021-07-19,0,7762,2022-03-25,0
2021-07-20,2,7764,2022-03-25,0
2021-07-21,3,7767,2022-03-25,0
2021-07-22,2,7769,2022-03-25,0
2021-07-23,3,7772,2022-03-25,0
2021-07-24,0,7772,2022-03-25,0
2021-07-25,2,7774,2022-03-25,0
2021-07-26,1,7775,2022-03-25,0
2021-07-27,2,7777,2022-03-25,0
2021-07-28,3,7780,2022-03-25,0
2021-07-29,2,7782,2022-03-25,0
2021-07-30,5,7787,2022-03-25,0
2021-07-31,4,7791,2022-03-25,0
2021-08-01,1,7792,2022-03-25,0
2021-08-02,3,7795,2022-03-25,0
2021-08-03,2,7797,2022-03-25,0
2021-08-04,3,7800,2022-03-25,0
2021-08-05,2,7802,2022-03-25,0
2021-08-06,8,7810,2022-03-25,0
2021-08-07,3,7813,2022-03-25,0
2021-08-08,3,7816,2022-03-25,0
2021-08-09,3,7819,2022-03-25,0
2021-08-10,2,7821,2022-03-25,0
2021-08-11,2,7823,2022-03-25,0
2021-08-12,7,7830,2022-03-25,0
2021-08-13,5,7835,2022-03-25,0
2021-08-14,6,7841,2022-03-25,0
2021-08-15,0,7841,2022-03-25,0
2021-08-16,7,7848,2022-03-25,0
2021-08-17,7,7855,2022-03-25,0
2021-08-18,9,7864,2022-03-25,0
2021-08-19,2,7866,2022-03-25,0
2021-08-20,3,7869,2022-03-25,0
2021-08-21,5,7874,2022-03-25,0
2021-08-22,7,7881,2022-03-25,0
2021-08-23,5,7886,2022-03-25,0
2021-08-24,12,7898,2022-03-25,0
2021-08-25,7,7905,2022-03-25,0
2021-08-26,2,7907,2022-03-25,0
2021-08-27,6,7913,2022-03-25,0
2021-08-28,11,7924,2022-03-25,0
2021-08-29,11,7935,2022-03-25,0
2021-08-30,8,7943,2022-03-25,0
2021-08-31,8,7951,2022-03-25,0
2021-09-01,6,7957,2022-03-25,0
2021-09-02,6,7963,2022-03-25,0
2021-09-03,9,7972,2022-03-25,0
2021-09-04,9,7981,2022-03-25,0
2021-09-05,10,7991,2022-03-25,0
2021-09-06,8,7999,2022-03-25,0
2021-09-07,7,8006,2022-03-25,0
2021-09-08,11,8017,2022-03-25,0
2021-09-09,5,8022,2022-03-25,0
2021-09-10,9,8031,2022-03-25,0
2021-09-11,17,8048,2022-03-25,0
2021-09-12,10,8058,2022-03-25,0
2021-09-13,8,8066,2022-03-25,0
2021-09-14,11,8077,2022-03-25,0
2021-09-15,14,8091,2022-03-25,0
2021-09-16,16,8107,2022-03-25,0
2021-09-17,8,8115,2022-03-25,0
2021-09-18,15,8130,2022-03-25,0
2021-09-19,11,8141,2022-03-25,0
2021-09-20,16,8157,2022-03-25,0
2021-09-21,16,8173,2022-03-25,0
2021-09-22,17,8190,2022-03-25,0
2021-09-23,13,8203,2022-03-25,0
2021-09-24,13,8216,2022-03-25,0
2021-09-25,16,8232,2022-03-25,0
2021-09-26,15,8247,2022-03-25,0
2021-09-27,15,8262,2022-03-25,0
2021-09-28,11,8273,2022-03-25,0
2021-09-29,21,8294,2022-03-25,0
2021-09-30,17,8311,2022-03-25,0
2021-10-01,13,8324,2022-03-25,0
2021-10-02,15,8339,2022-03-25,0
2021-10-03,23,8362,2022-03-25,0
2021-10-04,15,8377,2022-03-25,0
2021-10-05,23,8400,2022-03-25,0
2021-10-06,21,8421,2022-03-25,0
2021-10-07,14,8435,2022-03-25,0
2021-10-08,22,8457,2022-03-25,0
2021-10-09,20,8477,2022-03-25,0
2021-10-10,14,8491,2022-03-25,0
2021-10-11,11,8502,2022-03-25,0
2021-10-12,25,8527,2022-03-25,0
2021-10-13,21,8548,2022-03-25,0
2021-10-14,22,8570,2022-03-25,0
2021-10-15,14,8584,2022-03-25,0
2021-10-16,20,8604,2022-03-25,0
2021-10-17,18,8622,2022-03-25,0
2021-10-18,17,8639,2022-03-25,0
2021-10-19,26,8665,2022-03-25,0
2021-10-20,17,8682,2022-03-25,0
2021-10-21,8,8690,2022-03-25,0
2021-10-22,23,8713,2022-03-25,0
2021-10-23,24,8737,2022-03-25,0
2021-10-24,25,8762,2022-03-25,0
2021-10-25,20,8782,2022-03-25,0
2021-10-26,22,8804,2022-03-25,0
2021-10-27,16,8820,2022-03-25,0
2021-10-28,24,8844,2022-03-25,0
2021-10-29,20,8864,2022-03-25,0
2021-10-30,20,8884,2022-03-25,0
2021-10-31,27,8911,2022-03-25,0
2021-11-01,18,8929,2022-03-25,0
2021-11-02,18,8947,2022-03-25,0
2021-11-03,28,8975,2022-03-25,0
2021-11-04,29,9004,2022-03-25,0
2021-11-05,29,9033,2022-03-25,0
2021-11-06,16,9049,2022-03-25,0
2021-11-07,24,9073,2022-03-25,0
2021-11-08,28,9101,2022-03-25,0
2021-11-09,17,9118,2022-03-25,0
2021-11-10,18,9136,2022-03-25,0
2021-11-11,28,9164,2022-03-25,0
2021-11-12,29,9193,2022-03-25,0
2021-11-13,31,9224,2022-03-25,0
2021-11-14,24,9248,2022-03-25,0
2021-11-15,28,9276,2022-03-25,0
2021-11-16,25,9301,2022-03-25,0
2021-11-17,37,9338,2022-03-25,0
2021-11-18,38,9376,2022-03-25,0
2021-11-19,34,9410,2022-03-25,0
2021-11-20,30,9440,2022-03-25,0
2021-11-21,32,9472,2022-03-25,0
2021-11-22,30,9502,2022-03-25,0
2021-11-23,32,9534,2022-03-25,0
2021-11-24,25,9559,2022-03-25,0
2021-11-25,35,9594,2022-03-25,0
2021-11-26,51,9645,2022-03-25,0
2021-11-27,36,9681,2022-03-25,0
2021-11-28,39,9720,2022-03-25,0
2021-11-29,29,9749,2022-03-25,0
2021-11-30,30,9779,2022-03-25,0
2021-12-01,47,9826,2022-03-25,0
2021-12-02,40,9866,2022-03-25,0
2021-12-03,31,9897,2022-03-25,0
2021-12-04,42,9939,2022-03-25,0
2021-12-05,36,9975,2022-03-25,0
2021-12-06,36,10011,2022-03-25,0
2021-12-07,36,10047,2022-03-25,0
2021-12-08,39,10086,2022-03-25,0
2021-12-09,47,10133,2022-03-25,0
2021-12-10,34,10167,2022-03-25,0
2021-12-11,27,10194,2022-03-25,0
2021-12-12,37,10231,2022-03-25,0
2021-12-13,34,10265,2022-03-25,0
2021-12-14,35,10300,2022-03-25,0
2021-12-15,42,10342,2022-03-25,0
2021-12-16,33,10375,2022-03-25,0
2021-12-17,41,10416,2022-03-25,0
2021-12-18,33,10449,2022-03-25,0
2021-12-19,31,10480,2022-03-25,0
2021-12-20,33,10513,2022-03-25,0
2021-12-21,28,10541,2022-03-25,0
2021-12-22,29,10570,2022-03-25,0
2021-12-23,28,10598,2022-03-25,0
2021-12-24,30,10628,2022-03-25,0
2021-12-25,28,10656,2022-03-25,0
2021-12-26,42,10698,2022-03-25,0
2021-12-27,32,10730,2022-03-25,0
2021-12-28,35,10765,2022-03-25,0
2021-12-29,30,10795,2022-03-25,0
2021-12-30,21,10816,2022-03-25,0
2021-12-31,40,10856,2022-03-25,0
2022-01-01,27,10883,2022-03-25,0
2022-01-02,22,10905,2022-03-25,0
2022-01-03,23,10928,2022-03-25,0
2022-01-04,30,10958,2022-03-25,0
2022-01-05,32,10990,2022-03-25,0
2022-01-06,32,11022,2022-03-25,0
2022-01-07,28,11050,2022-03-25,0
2022-01-08,43,11093,2022-03-25,0
2022-01-09,19,11112,2022-03-25,1
2022-01-10,31,11143,2022-03-25,0
2022-01-11,20,11163,2022-03-25,1
2022-01-12,21,11184,2022-03-25,0
2022-01-13,28,11212,2022-03-25,0
2022-01-14,33,11245,2022-03-25,0
2022-01-15,26,11271,2022-03-25,0
2022-01-16,33,11304,2022-03-25,0
2022-01-17,36,11340,2022-03-25,0
2022-01-18,26,11366,2022-03-25,0
2022-01-19,29,11395,2022-03-25,0
2022-01-20,31,11426,2022-03-25,0
2022-01-21,27,11453,2022-03-25,0
2022-01-22,29,11482,2022-03-25,0
2022-01-23,23,11505,2022-03-25,0
2022-01-24,37,11542,2022-03-25,0
2022-01-25,33,11575,2022-03-25,0
2022-01-26,35,11610,2022-03-25,0
2022-01-27,37,11647,2022-03-25,0
2022-01-28,31,11678,2022-03-25,0
2022-01-29,30,11708,2022-03-25,0
2022-01-30,27,11735,2022-03-25,0
2022-01-31,18,11753,2022-03-25,0
2022-02-01,25,11778,2022-03-25,0
2022-02-02,23,11801,2022-03-25,0
2022-02-03,30,11831,2022-03-25,0
2022-02-04,21,11852,2022-03-25,0
2022-02-05,28,11880,2022-03-25,0
2022-02-06,28,11908,2022-03-25,0
2022-02-07,18,11926,2022-03-25,0
2022-02-08,27,11953,2022-03-25,0
2022-02-09,25,11978,2022-03-25,0
2022-02-10,21,11999,2022-03-25,0
2022-02-11,19,12018,2022-03-25,0
2022-02-12,16,12034,2022-03-25,0
2022-02-13,19,12053,2022-03-25,0
2022-02-14,17,12070,2022-03-25,0
2022-02-15,21,12091,2022-03-25,0
2022-02-16,14,12105,2022-03-25,0
2022-02-17,15,12120,2022-03-25,0
2022-02-18,14,12134,2022-03-25,0
2022-02-19,21,12155,2022-03-25,1
2022-02-20,15,12170,2022-03-25,0
2022-02-21,6,12176,2022-03-25,0
2022-02-22,14,12190,2022-03-25,0
2022-02-23,9,12199,2022-03-25,0
2022-02-24,25,12224,2022-03-25,0
2022-02-25,9,12233,2022-03-25,0
2022-02-26,10,12243,2022-03-25,0
2022-02-27,10,12253,2022-03-25,0
2022-02-28,7,12260,2022-03-25,0
2022-03-01,6,12266,2022-03-25,0
2022-03-02,9,12275,2022-03-25,0
2022-03-03,6,12281,2022-03-25,0
2022-03-04,10,12291,2022-03-25,0
2022-03-05,6,12297,2022-03-25,1
2022-03-06,10,12307,2022-03-25,0
2022-03-07,4,12311,2022-03-25,0
2022-03-08,5,12316,2022-03-25,0
2022-03-09,11,12327,2022-03-25,0
2022-03-10,7,12334,2022-03-25,0
2022-03-11,8,12342,2022-03-25,0
2022-03-12,0,12342,2022-03-25,0
2022-03-13,4,12346,2022-03-25,0
2022-03-14,4,12350,2022-03-25,0
2022-03-15,3,12353,2022-03-25,0
2022-03-16,0,12353,2022-03-25,0
2022-03-17,6,12359,2022-03-25,1
2022-03-18,1,12360,2022-03-25,0
2022-03-19,2,12362,2022-03-25,0
2022-03-20,5,12367,2022-03-25,2
2022-03-21,1,12368,2022-03-25,0
NA,1,12369,2022-03-25,0
2020-03-19,1,1,2022-03-28,0
2020-03-20,0,1,2022-03-28,0
2020-03-21,0,1,2022-03-28,0
2020-03-22,0,1,2022-03-28,0
2020-03-23,0,1,2022-03-28,0
2020-03-24,1,2,2022-03-28,0
2020-03-25,1,3,2022-03-28,0
2020-03-26,1,4,2022-03-28,0
2020-03-27,5,9,2022-03-28,0
2020-03-28,3,12,2022-03-28,0
2020-03-29,0,12,2022-03-28,0
2020-03-30,5,17,2022-03-28,0
2020-03-31,2,19,2022-03-28,0
2020-04-01,5,24,2022-03-28,0
2020-04-02,3,27,2022-03-28,0
2020-04-03,1,28,2022-03-28,0
2020-04-04,5,33,2022-03-28,0
2020-04-05,5,38,2022-03-28,0
2020-04-06,10,48,2022-03-28,0
2020-04-07,6,54,2022-03-28,0
2020-04-08,7,61,2022-03-28,0
2020-04-09,8,69,2022-03-28,0
2020-04-10,6,75,2022-03-28,0
2020-04-11,4,79,2022-03-28,0
2020-04-12,4,83,2022-03-28,0
2020-04-13,10,93,2022-03-28,0
2020-04-14,6,99,2022-03-28,0
2020-04-15,17,116,2022-03-28,0
2020-04-16,10,126,2022-03-28,0
2020-04-17,17,143,2022-03-28,0
2020-04-18,17,160,2022-03-28,0
2020-04-19,16,176,2022-03-28,0
2020-04-20,21,197,2022-03-28,0
2020-04-21,26,223,2022-03-28,0
2020-04-22,21,244,2022-03-28,0
2020-04-23,19,263,2022-03-28,0
2020-04-24,23,286,2022-03-28,0
2020-04-25,18,304,2022-03-28,0
2020-04-26,17,321,2022-03-28,0
2020-04-27,21,342,2022-03-28,0
2020-04-28,16,358,2022-03-28,0
2020-04-29,29,387,2022-03-28,0
2020-04-30,18,405,2022-03-28,0
2020-05-01,30,435,2022-03-28,0
2020-05-02,19,454,2022-03-28,0
2020-05-03,29,483,2022-03-28,0
2020-05-04,23,506,2022-03-28,0
2020-05-05,19,525,2022-03-28,0
2020-05-06,25,550,2022-03-28,0
2020-05-07,30,580,2022-03-28,0
2020-05-08,20,600,2022-03-28,0
2020-05-09,26,626,2022-03-28,0
2020-05-10,19,645,2022-03-28,0
2020-05-11,25,670,2022-03-28,0
2020-05-12,20,690,2022-03-28,0
2020-05-13,22,712,2022-03-28,0
2020-05-14,20,732,2022-03-28,0
2020-05-15,20,752,2022-03-28,0
2020-05-16,20,772,2022-03-28,0
2020-05-17,23,795,2022-03-28,0
2020-05-18,18,813,2022-03-28,0
2020-05-19,35,848,2022-03-28,0
2020-05-20,24,872,2022-03-28,0
2020-05-21,17,889,2022-03-28,0
2020-05-22,20,909,2022-03-28,0
2020-05-23,26,935,2022-03-28,0
2020-05-24,25,960,2022-03-28,0
2020-05-25,30,990,2022-03-28,0
2020-05-26,29,1019,2022-03-28,0
2020-05-27,25,1044,2022-03-28,0
2020-05-28,21,1065,2022-03-28,0
2020-05-29,17,1082,2022-03-28,0
2020-05-30,10,1092,2022-03-28,0
2020-05-31,20,1112,2022-03-28,0
2020-06-01,23,1135,2022-03-28,0
2020-06-02,21,1156,2022-03-28,0
2020-06-03,25,1181,2022-03-28,0
2020-06-04,26,1207,2022-03-28,0
2020-06-05,18,1225,2022-03-28,0
2020-06-06,12,1237,2022-03-28,0
2020-06-07,22,1259,2022-03-28,0
2020-06-08,12,1271,2022-03-28,0
2020-06-09,13,1284,2022-03-28,0
2020-06-10,10,1294,2022-03-28,0
2020-06-11,12,1306,2022-03-28,0
2020-06-12,11,1317,2022-03-28,0
2020-06-13,13,1330,2022-03-28,0
2020-06-14,11,1341,2022-03-28,0
2020-06-15,8,1349,2022-03-28,0
2020-06-16,9,1358,2022-03-28,0
2020-06-17,17,1375,2022-03-28,0
2020-06-18,9,1384,2022-03-28,0
2020-06-19,8,1392,2022-03-28,0
2020-06-20,12,1404,2022-03-28,0
2020-06-21,11,1415,2022-03-28,0
2020-06-22,6,1421,2022-03-28,0
2020-06-23,10,1431,2022-03-28,0
2020-06-24,1,1432,2022-03-28,0
2020-06-25,9,1441,2022-03-28,0
2020-06-26,6,1447,2022-03-28,0
2020-06-27,5,1452,2022-03-28,0
2020-06-28,11,1463,2022-03-28,0
2020-06-29,7,1470,2022-03-28,0
2020-06-30,9,1479,2022-03-28,0
2020-07-01,2,1481,2022-03-28,0
2020-07-02,3,1484,2022-03-28,0
2020-07-03,5,1489,2022-03-28,0
2020-07-04,4,1493,2022-03-28,0
2020-07-05,6,1499,2022-03-28,0
2020-07-06,4,1503,2022-03-28,0
2020-07-07,2,1505,2022-03-28,0
2020-07-08,9,1514,2022-03-28,0
2020-07-09,4,1518,2022-03-28,0
2020-07-10,3,1521,2022-03-28,0
2020-07-11,4,1525,2022-03-28,0
2020-07-12,6,1531,2022-03-28,0
2020-07-13,2,1533,2022-03-28,0
2020-07-14,6,1539,2022-03-28,0
2020-07-15,7,1546,2022-03-28,0
2020-07-16,3,1549,2022-03-28,0
2020-07-17,7,1556,2022-03-28,0
2020-07-18,6,1562,2022-03-28,0
2020-07-19,5,1567,2022-03-28,0
2020-07-20,3,1570,2022-03-28,0
2020-07-21,6,1576,2022-03-28,0
2020-07-22,5,1581,2022-03-28,0
2020-07-23,8,1589,2022-03-28,0
2020-07-24,6,1595,2022-03-28,0
2020-07-25,2,1597,2022-03-28,0
2020-07-26,5,1602,2022-03-28,0
2020-07-27,5,1607,2022-03-28,0
2020-07-28,7,1614,2022-03-28,0
2020-07-29,3,1617,2022-03-28,0
2020-07-30,6,1623,2022-03-28,0
2020-07-31,9,1632,2022-03-28,0
2020-08-01,4,1636,2022-03-28,0
2020-08-02,7,1643,2022-03-28,0
2020-08-03,4,1647,2022-03-28,0
2020-08-04,7,1654,2022-03-28,0
2020-08-05,8,1662,2022-03-28,0
2020-08-06,9,1671,2022-03-28,0
2020-08-07,7,1678,2022-03-28,0
2020-08-08,6,1684,2022-03-28,0
2020-08-09,10,1694,2022-03-28,0
2020-08-10,3,1697,2022-03-28,0
2020-08-11,9,1706,2022-03-28,0
2020-08-12,7,1713,2022-03-28,0
2020-08-13,5,1718,2022-03-28,0
2020-08-14,9,1727,2022-03-28,0
2020-08-15,13,1740,2022-03-28,0
2020-08-16,13,1753,2022-03-28,0
2020-08-17,6,1759,2022-03-28,0
2020-08-18,11,1770,2022-03-28,0
2020-08-19,3,1773,2022-03-28,0
2020-08-20,10,1783,2022-03-28,0
2020-08-21,12,1795,2022-03-28,0
2020-08-22,9,1804,2022-03-28,0
2020-08-23,7,1811,2022-03-28,0
2020-08-24,9,1820,2022-03-28,0
2020-08-25,4,1824,2022-03-28,0
2020-08-26,3,1827,2022-03-28,0
2020-08-27,7,1834,2022-03-28,0
2020-08-28,6,1840,2022-03-28,0
2020-08-29,3,1843,2022-03-28,0
2020-08-30,5,1848,2022-03-28,0
2020-08-31,9,1857,2022-03-28,0
2020-09-01,2,1859,2022-03-28,0
2020-09-02,7,1866,2022-03-28,0
2020-09-03,12,1878,2022-03-28,0
2020-09-04,4,1882,2022-03-28,0
2020-09-05,6,1888,2022-03-28,0
2020-09-06,12,1900,2022-03-28,0
2020-09-07,3,1903,2022-03-28,0
2020-09-08,6,1909,2022-03-28,0
2020-09-09,10,1919,2022-03-28,0
2020-09-10,9,1928,2022-03-28,0
2020-09-11,11,1939,2022-03-28,0
2020-09-12,8,1947,2022-03-28,0
2020-09-13,8,1955,2022-03-28,0
2020-09-14,2,1957,2022-03-28,0
2020-09-15,7,1964,2022-03-28,0
2020-09-16,9,1973,2022-03-28,0
2020-09-17,5,1978,2022-03-28,0
2020-09-18,6,1984,2022-03-28,0
2020-09-19,4,1988,2022-03-28,0
2020-09-20,9,1997,2022-03-28,0
2020-09-21,7,2004,2022-03-28,0
2020-09-22,8,2012,2022-03-28,0
2020-09-23,9,2021,2022-03-28,0
2020-09-24,8,2029,2022-03-28,0
2020-09-25,11,2040,2022-03-28,0
2020-09-26,9,2049,2022-03-28,0
2020-09-27,14,2063,2022-03-28,0
2020-09-28,11,2074,2022-03-28,0
2020-09-29,5,2079,2022-03-28,0
2020-09-30,16,2095,2022-03-28,0
2020-10-01,7,2102,2022-03-28,0
2020-10-02,13,2115,2022-03-28,0
2020-10-03,9,2124,2022-03-28,0
2020-10-04,7,2131,2022-03-28,0
2020-10-05,10,2141,2022-03-28,0
2020-10-06,13,2154,2022-03-28,0
2020-10-07,19,2173,2022-03-28,0
2020-10-08,9,2182,2022-03-28,0
2020-10-09,17,2199,2022-03-28,0
2020-10-10,16,2215,2022-03-28,0
2020-10-11,16,2231,2022-03-28,0
2020-10-12,20,2251,2022-03-28,0
2020-10-13,14,2265,2022-03-28,0
2020-10-14,10,2275,2022-03-28,0
2020-10-15,9,2284,2022-03-28,0
2020-10-16,12,2296,2022-03-28,0
2020-10-17,18,2314,2022-03-28,0
2020-10-18,25,2339,2022-03-28,0
2020-10-19,18,2357,2022-03-28,0
2020-10-20,15,2372,2022-03-28,0
2020-10-21,24,2396,2022-03-28,0
2020-10-22,18,2414,2022-03-28,0
2020-10-23,19,2433,2022-03-28,0
2020-10-24,8,2441,2022-03-28,0
2020-10-25,17,2458,2022-03-28,0
2020-10-26,25,2483,2022-03-28,0
2020-10-27,23,2506,2022-03-28,0
2020-10-28,29,2535,2022-03-28,0
2020-10-29,18,2553,2022-03-28,0
2020-10-30,27,2580,2022-03-28,0
2020-10-31,25,2605,2022-03-28,0
2020-11-01,21,2626,2022-03-28,0
2020-11-02,25,2651,2022-03-28,0
2020-11-03,25,2676,2022-03-28,0
2020-11-04,33,2709,2022-03-28,0
2020-11-05,38,2747,2022-03-28,0
2020-11-06,39,2786,2022-03-28,0
2020-11-07,42,2828,2022-03-28,0
2020-11-08,47,2875,2022-03-28,0
2020-11-09,37,2912,2022-03-28,0
2020-11-10,35,2947,2022-03-28,0
2020-11-11,43,2990,2022-03-28,0
2020-11-12,45,3035,2022-03-28,0
2020-11-13,40,3075,2022-03-28,0
2020-11-14,48,3123,2022-03-28,0
2020-11-15,46,3169,2022-03-28,0
2020-11-16,62,3231,2022-03-28,0
2020-11-17,56,3287,2022-03-28,0
2020-11-18,61,3348,2022-03-28,0
2020-11-19,60,3408,2022-03-28,0
2020-11-20,63,3471,2022-03-28,0
2020-11-21,58,3529,2022-03-28,0
2020-11-22,67,3596,2022-03-28,0
2020-11-23,59,3655,2022-03-28,0
2020-11-24,69,3724,2022-03-28,0
2020-11-25,72,3796,2022-03-28,0
2020-11-26,54,3850,2022-03-28,0
2020-11-27,69,3919,2022-03-28,0
2020-11-28,62,3981,2022-03-28,0
2020-11-29,68,4049,2022-03-28,0
2020-11-30,62,4111,2022-03-28,0
2020-12-01,64,4175,2022-03-28,0
2020-12-02,73,4248,2022-03-28,0
2020-12-03,86,4334,2022-03-28,0
2020-12-04,67,4401,2022-03-28,0
2020-12-05,74,4475,2022-03-28,0
2020-12-06,80,4555,2022-03-28,0
2020-12-07,75,4630,2022-03-28,0
2020-12-08,61,4691,2022-03-28,0
2020-12-09,71,4762,2022-03-28,0
2020-12-10,72,4834,2022-03-28,0
2020-12-11,71,4905,2022-03-28,0
2020-12-12,72,4977,2022-03-28,0
2020-12-13,56,5033,2022-03-28,0
2020-12-14,43,5076,2022-03-28,0
2020-12-15,65,5141,2022-03-28,0
2020-12-16,74,5215,2022-03-28,0
2020-12-17,60,5275,2022-03-28,0
2020-12-18,59,5334,2022-03-28,0
2020-12-19,56,5390,2022-03-28,0
2020-12-20,61,5451,2022-03-28,0
2020-12-21,58,5509,2022-03-28,0
2020-12-22,33,5542,2022-03-28,0
2020-12-23,46,5588,2022-03-28,0
2020-12-24,51,5639,2022-03-28,0
2020-12-25,36,5675,2022-03-28,0
2020-12-26,43,5718,2022-03-28,0
2020-12-27,41,5759,2022-03-28,0
2020-12-28,34,5793,2022-03-28,0
2020-12-29,37,5830,2022-03-28,0
2020-12-30,47,5877,2022-03-28,0
2020-12-31,36,5913,2022-03-28,0
2021-01-01,28,5941,2022-03-28,0
2021-01-02,49,5990,2022-03-28,0
2021-01-03,37,6027,2022-03-28,0
2021-01-04,32,6059,2022-03-28,0
2021-01-05,40,6099,2022-03-28,0
2021-01-06,32,6131,2022-03-28,0
2021-01-07,38,6169,2022-03-28,0
2021-01-08,32,6201,2022-03-28,0
2021-01-09,26,6227,2022-03-28,0
2021-01-10,30,6257,2022-03-28,0
2021-01-11,27,6284,2022-03-28,0
2021-01-12,32,6316,2022-03-28,0
2021-01-13,23,6339,2022-03-28,0
2021-01-14,42,6381,2022-03-28,0
2021-01-15,26,6407,2022-03-28,0
2021-01-16,30,6437,2022-03-28,0
2021-01-17,21,6458,2022-03-28,0
2021-01-18,19,6477,2022-03-28,0
2021-01-19,14,6491,2022-03-28,0
2021-01-20,26,6517,2022-03-28,0
2021-01-21,16,6533,2022-03-28,0
2021-01-22,14,6547,2022-03-28,0
2021-01-23,17,6564,2022-03-28,0
2021-01-24,24,6588,2022-03-28,0
2021-01-25,19,6607,2022-03-28,0
2021-01-26,21,6628,2022-03-28,0
2021-01-27,11,6639,2022-03-28,0
2021-01-28,12,6651,2022-03-28,0
2021-01-29,15,6666,2022-03-28,0
2021-01-30,13,6679,2022-03-28,0
2021-01-31,17,6696,2022-03-28,0
2021-02-01,17,6713,2022-03-28,0
2021-02-02,10,6723,2022-03-28,0
2021-02-03,11,6734,2022-03-28,0
2021-02-04,11,6745,2022-03-28,0
2021-02-05,13,6758,2022-03-28,0
2021-02-06,12,6770,2022-03-28,0
2021-02-07,19,6789,2022-03-28,0
2021-02-08,11,6800,2022-03-28,0
2021-02-09,15,6815,2022-03-28,0
2021-02-10,14,6829,2022-03-28,0
2021-02-11,7,6836,2022-03-28,0
2021-02-12,14,6850,2022-03-28,0
2021-02-13,8,6858,2022-03-28,0
2021-02-14,10,6868,2022-03-28,0
2021-02-15,9,6877,2022-03-28,0
2021-02-16,12,6889,2022-03-28,0
2021-02-17,10,6899,2022-03-28,0
2021-02-18,7,6906,2022-03-28,0
2021-02-19,6,6912,2022-03-28,0
2021-02-20,7,6919,2022-03-28,0
2021-02-21,4,6923,2022-03-28,0
2021-02-22,5,6928,2022-03-28,0
2021-02-23,9,6937,2022-03-28,0
2021-02-24,5,6942,2022-03-28,0
2021-02-25,5,6947,2022-03-28,0
2021-02-26,7,6954,2022-03-28,0
2021-02-27,6,6960,2022-03-28,0
2021-02-28,8,6968,2022-03-28,0
2021-03-01,7,6975,2022-03-28,0
2021-03-02,3,6978,2022-03-28,0
2021-03-03,10,6988,2022-03-28,0
2021-03-04,6,6994,2022-03-28,0
2021-03-05,10,7004,2022-03-28,0
2021-03-06,5,7009,2022-03-28,0
2021-03-07,9,7018,2022-03-28,0
2021-03-08,5,7023,2022-03-28,0
2021-03-09,7,7030,2022-03-28,0
2021-03-10,5,7035,2022-03-28,0
2021-03-11,4,7039,2022-03-28,0
2021-03-12,11,7050,2022-03-28,0
2021-03-13,5,7055,2022-03-28,0
2021-03-14,5,7060,2022-03-28,0
2021-03-15,2,7062,2022-03-28,0
2021-03-16,6,7068,2022-03-28,0
2021-03-17,4,7072,2022-03-28,0
2021-03-18,5,7077,2022-03-28,0
2021-03-19,5,7082,2022-03-28,0
2021-03-20,9,7091,2022-03-28,0
2021-03-21,5,7096,2022-03-28,0
2021-03-22,4,7100,2022-03-28,0
2021-03-23,5,7105,2022-03-28,0
2021-03-24,1,7106,2022-03-28,0
2021-03-25,5,7111,2022-03-28,0
2021-03-26,3,7114,2022-03-28,0
2021-03-27,7,7121,2022-03-28,0
2021-03-28,6,7127,2022-03-28,0
2021-03-29,5,7132,2022-03-28,0
2021-03-30,6,7138,2022-03-28,0
2021-03-31,8,7146,2022-03-28,0
2021-04-01,6,7152,2022-03-28,0
2021-04-02,9,7161,2022-03-28,0
2021-04-03,8,7169,2022-03-28,0
2021-04-04,6,7175,2022-03-28,0
2021-04-05,8,7183,2022-03-28,0
2021-04-06,7,7190,2022-03-28,0
2021-04-07,6,7196,2022-03-28,0
2021-04-08,10,7206,2022-03-28,0
2021-04-09,7,7213,2022-03-28,0
2021-04-10,7,7220,2022-03-28,0
2021-04-11,8,7228,2022-03-28,0
2021-04-12,10,7238,2022-03-28,0
2021-04-13,7,7245,2022-03-28,0
2021-04-14,8,7253,2022-03-28,0
2021-04-15,14,7267,2022-03-28,0
2021-04-16,8,7275,2022-03-28,0
2021-04-17,8,7283,2022-03-28,0
2021-04-18,8,7291,2022-03-28,0
2021-04-19,10,7301,2022-03-28,0
2021-04-20,5,7306,2022-03-28,0
2021-04-21,8,7314,2022-03-28,0
2021-04-22,3,7317,2022-03-28,0
2021-04-23,15,7332,2022-03-28,0
2021-04-24,11,7343,2022-03-28,0
2021-04-25,15,7358,2022-03-28,0
2021-04-26,15,7373,2022-03-28,0
2021-04-27,7,7380,2022-03-28,0
2021-04-28,14,7394,2022-03-28,0
2021-04-29,8,7402,2022-03-28,0
2021-04-30,11,7413,2022-03-28,0
2021-05-01,7,7420,2022-03-28,0
2021-05-02,8,7428,2022-03-28,0
2021-05-03,5,7433,2022-03-28,0
2021-05-04,13,7446,2022-03-28,0
2021-05-05,9,7455,2022-03-28,0
2021-05-06,5,7460,2022-03-28,0
2021-05-07,8,7468,2022-03-28,0
2021-05-08,7,7475,2022-03-28,0
2021-05-09,9,7484,2022-03-28,0
2021-05-10,8,7492,2022-03-28,0
2021-05-11,6,7498,2022-03-28,0
2021-05-12,9,7507,2022-03-28,0
2021-05-13,9,7516,2022-03-28,0
2021-05-14,11,7527,2022-03-28,0
2021-05-15,10,7537,2022-03-28,0
2021-05-16,6,7543,2022-03-28,0
2021-05-17,6,7549,2022-03-28,0
2021-05-18,7,7556,2022-03-28,0
2021-05-19,2,7558,2022-03-28,0
2021-05-20,5,7563,2022-03-28,0
2021-05-21,7,7570,2022-03-28,0
2021-05-22,12,7582,2022-03-28,0
2021-05-23,5,7587,2022-03-28,0
2021-05-24,5,7592,2022-03-28,0
2021-05-25,6,7598,2022-03-28,0
2021-05-26,3,7601,2022-03-28,0
2021-05-27,7,7608,2022-03-28,0
2021-05-28,2,7610,2022-03-28,0
2021-05-29,6,7616,2022-03-28,0
2021-05-30,4,7620,2022-03-28,0
2021-05-31,3,7623,2022-03-28,0
2021-06-01,5,7628,2022-03-28,0
2021-06-02,8,7636,2022-03-28,0
2021-06-03,4,7640,2022-03-28,0
2021-06-04,4,7644,2022-03-28,0
2021-06-05,2,7646,2022-03-28,0
2021-06-06,5,7651,2022-03-28,0
2021-06-07,3,7654,2022-03-28,0
2021-06-08,5,7659,2022-03-28,0
2021-06-09,4,7663,2022-03-28,0
2021-06-10,6,7669,2022-03-28,0
2021-06-11,6,7675,2022-03-28,0
2021-06-12,4,7679,2022-03-28,0
2021-06-13,4,7683,2022-03-28,0
2021-06-14,3,7686,2022-03-28,0
2021-06-15,2,7688,2022-03-28,0
2021-06-16,2,7690,2022-03-28,0
2021-06-17,4,7694,2022-03-28,0
2021-06-18,2,7696,2022-03-28,0
2021-06-19,6,7702,2022-03-28,0
2021-06-20,1,7703,2022-03-28,0
2021-06-21,5,7708,2022-03-28,0
2021-06-22,3,7711,2022-03-28,0
2021-06-23,4,7715,2022-03-28,0
2021-06-24,3,7718,2022-03-28,0
2021-06-25,3,7721,2022-03-28,0
2021-06-26,4,7725,2022-03-28,0
2021-06-27,2,7727,2022-03-28,0
2021-06-28,2,7729,2022-03-28,0
2021-06-29,2,7731,2022-03-28,0
2021-06-30,2,7733,2022-03-28,0
2021-07-01,0,7733,2022-03-28,0
2021-07-02,2,7735,2022-03-28,0
2021-07-03,2,7737,2022-03-28,0
2021-07-04,3,7740,2022-03-28,0
2021-07-05,1,7741,2022-03-28,0
2021-07-06,5,7746,2022-03-28,0
2021-07-07,1,7747,2022-03-28,0
2021-07-08,1,7748,2022-03-28,0
2021-07-09,0,7748,2022-03-28,0
2021-07-10,2,7750,2022-03-28,0
2021-07-11,3,7753,2022-03-28,0
2021-07-12,1,7754,2022-03-28,0
2021-07-13,2,7756,2022-03-28,0
2021-07-14,2,7758,2022-03-28,0
2021-07-15,2,7760,2022-03-28,0
2021-07-16,1,7761,2022-03-28,0
2021-07-17,1,7762,2022-03-28,0
2021-07-18,0,7762,2022-03-28,0
2021-07-19,0,7762,2022-03-28,0
2021-07-20,2,7764,2022-03-28,0
2021-07-21,3,7767,2022-03-28,0
2021-07-22,2,7769,2022-03-28,0
2021-07-23,3,7772,2022-03-28,0
2021-07-24,0,7772,2022-03-28,0
2021-07-25,2,7774,2022-03-28,0
2021-07-26,1,7775,2022-03-28,0
2021-07-27,2,7777,2022-03-28,0
2021-07-28,3,7780,2022-03-28,0
2021-07-29,2,7782,2022-03-28,0
2021-07-30,5,7787,2022-03-28,0
2021-07-31,4,7791,2022-03-28,0
2021-08-01,1,7792,2022-03-28,0
2021-08-02,3,7795,2022-03-28,0
2021-08-03,2,7797,2022-03-28,0
2021-08-04,3,7800,2022-03-28,0
2021-08-05,2,7802,2022-03-28,0
2021-08-06,8,7810,2022-03-28,0
2021-08-07,3,7813,2022-03-28,0
2021-08-08,3,7816,2022-03-28,0
2021-08-09,3,7819,2022-03-28,0
2021-08-10,2,7821,2022-03-28,0
2021-08-11,2,7823,2022-03-28,0
2021-08-12,7,7830,2022-03-28,0
2021-08-13,5,7835,2022-03-28,0
2021-08-14,6,7841,2022-03-28,0
2021-08-15,0,7841,2022-03-28,0
2021-08-16,7,7848,2022-03-28,0
2021-08-17,7,7855,2022-03-28,0
2021-08-18,9,7864,2022-03-28,0
2021-08-19,2,7866,2022-03-28,0
2021-08-20,3,7869,2022-03-28,0
2021-08-21,5,7874,2022-03-28,0
2021-08-22,7,7881,2022-03-28,0
2021-08-23,5,7886,2022-03-28,0
2021-08-24,12,7898,2022-03-28,0
2021-08-25,7,7905,2022-03-28,0
2021-08-26,2,7907,2022-03-28,0
2021-08-27,6,7913,2022-03-28,0
2021-08-28,11,7924,2022-03-28,0
2021-08-29,11,7935,2022-03-28,0
2021-08-30,8,7943,2022-03-28,0
2021-08-31,8,7951,2022-03-28,0
2021-09-01,6,7957,2022-03-28,0
2021-09-02,6,7963,2022-03-28,0
2021-09-03,9,7972,2022-03-28,0
2021-09-04,9,7981,2022-03-28,0
2021-09-05,10,7991,2022-03-28,0
2021-09-06,8,7999,2022-03-28,0
2021-09-07,7,8006,2022-03-28,0
2021-09-08,11,8017,2022-03-28,0
2021-09-09,5,8022,2022-03-28,0
2021-09-10,9,8031,2022-03-28,0
2021-09-11,17,8048,2022-03-28,0
2021-09-12,10,8058,2022-03-28,0
2021-09-13,8,8066,2022-03-28,0
2021-09-14,11,8077,2022-03-28,0
2021-09-15,14,8091,2022-03-28,0
2021-09-16,16,8107,2022-03-28,0
2021-09-17,8,8115,2022-03-28,0
2021-09-18,15,8130,2022-03-28,0
2021-09-19,11,8141,2022-03-28,0
2021-09-20,16,8157,2022-03-28,0
2021-09-21,16,8173,2022-03-28,0
2021-09-22,17,8190,2022-03-28,0
2021-09-23,13,8203,2022-03-28,0
2021-09-24,13,8216,2022-03-28,0
2021-09-25,16,8232,2022-03-28,0
2021-09-26,15,8247,2022-03-28,0
2021-09-27,15,8262,2022-03-28,0
2021-09-28,11,8273,2022-03-28,0
2021-09-29,21,8294,2022-03-28,0
2021-09-30,17,8311,2022-03-28,0
2021-10-01,13,8324,2022-03-28,0
2021-10-02,15,8339,2022-03-28,0
2021-10-03,23,8362,2022-03-28,0
2021-10-04,15,8377,2022-03-28,0
2021-10-05,23,8400,2022-03-28,0
2021-10-06,21,8421,2022-03-28,0
2021-10-07,14,8435,2022-03-28,0
2021-10-08,22,8457,2022-03-28,0
2021-10-09,20,8477,2022-03-28,0
2021-10-10,14,8491,2022-03-28,0
2021-10-11,11,8502,2022-03-28,0
2021-10-12,25,8527,2022-03-28,0
2021-10-13,21,8548,2022-03-28,0
2021-10-14,22,8570,2022-03-28,0
2021-10-15,14,8584,2022-03-28,0
2021-10-16,20,8604,2022-03-28,0
2021-10-17,18,8622,2022-03-28,0
2021-10-18,17,8639,2022-03-28,0
2021-10-19,26,8665,2022-03-28,0
2021-10-20,17,8682,2022-03-28,0
2021-10-21,8,8690,2022-03-28,0
2021-10-22,23,8713,2022-03-28,0
2021-10-23,24,8737,2022-03-28,0
2021-10-24,25,8762,2022-03-28,0
2021-10-25,20,8782,2022-03-28,0
2021-10-26,22,8804,2022-03-28,0
2021-10-27,16,8820,2022-03-28,0
2021-10-28,24,8844,2022-03-28,0
2021-10-29,20,8864,2022-03-28,0
2021-10-30,20,8884,2022-03-28,0
2021-10-31,27,8911,2022-03-28,0
2021-11-01,18,8929,2022-03-28,0
2021-11-02,18,8947,2022-03-28,0
2021-11-03,28,8975,2022-03-28,0
2021-11-04,29,9004,2022-03-28,0
2021-11-05,29,9033,2022-03-28,0
2021-11-06,16,9049,2022-03-28,0
2021-11-07,24,9073,2022-03-28,0
2021-11-08,28,9101,2022-03-28,0
2021-11-09,17,9118,2022-03-28,0
2021-11-10,18,9136,2022-03-28,0
2021-11-11,28,9164,2022-03-28,0
2021-11-12,29,9193,2022-03-28,0
2021-11-13,31,9224,2022-03-28,0
2021-11-14,24,9248,2022-03-28,0
2021-11-15,28,9276,2022-03-28,0
2021-11-16,25,9301,2022-03-28,0
2021-11-17,37,9338,2022-03-28,0
2021-11-18,38,9376,2022-03-28,0
2021-11-19,34,9410,2022-03-28,0
2021-11-20,30,9440,2022-03-28,0
2021-11-21,32,9472,2022-03-28,0
2021-11-22,30,9502,2022-03-28,0
2021-11-23,32,9534,2022-03-28,0
2021-11-24,25,9559,2022-03-28,0
2021-11-25,35,9594,2022-03-28,0
2021-11-26,51,9645,2022-03-28,0
2021-11-27,36,9681,2022-03-28,0
2021-11-28,39,9720,2022-03-28,0
2021-11-29,29,9749,2022-03-28,0
2021-11-30,30,9779,2022-03-28,0
2021-12-01,47,9826,2022-03-28,0
2021-12-02,40,9866,2022-03-28,0
2021-12-03,31,9897,2022-03-28,0
2021-12-04,42,9939,2022-03-28,0
2021-12-05,36,9975,2022-03-28,0
2021-12-06,36,10011,2022-03-28,0
2021-12-07,36,10047,2022-03-28,0
2021-12-08,39,10086,2022-03-28,0
2021-12-09,47,10133,2022-03-28,0
2021-12-10,34,10167,2022-03-28,0
2021-12-11,27,10194,2022-03-28,0
2021-12-12,37,10231,2022-03-28,0
2021-12-13,34,10265,2022-03-28,0
2021-12-14,35,10300,2022-03-28,0
2021-12-15,42,10342,2022-03-28,0
2021-12-16,33,10375,2022-03-28,0
2021-12-17,41,10416,2022-03-28,0
2021-12-18,33,10449,2022-03-28,0
2021-12-19,31,10480,2022-03-28,0
2021-12-20,33,10513,2022-03-28,0
2021-12-21,28,10541,2022-03-28,0
2021-12-22,29,10570,2022-03-28,0
2021-12-23,28,10598,2022-03-28,0
2021-12-24,30,10628,2022-03-28,0
2021-12-25,28,10656,2022-03-28,0
2021-12-26,42,10698,2022-03-28,0
2021-12-27,32,10730,2022-03-28,0
2021-12-28,35,10765,2022-03-28,0
2021-12-29,30,10795,2022-03-28,0
2021-12-30,21,10816,2022-03-28,0
2021-12-31,40,10856,2022-03-28,0
2022-01-01,27,10883,2022-03-28,0
2022-01-02,22,10905,2022-03-28,0
2022-01-03,23,10928,2022-03-28,0
2022-01-04,30,10958,2022-03-28,0
2022-01-05,32,10990,2022-03-28,0
2022-01-06,32,11022,2022-03-28,0
2022-01-07,28,11050,2022-03-28,0
2022-01-08,43,11093,2022-03-28,0
2022-01-09,19,11112,2022-03-28,0
2022-01-10,31,11143,2022-03-28,0
2022-01-11,20,11163,2022-03-28,0
2022-01-12,21,11184,2022-03-28,0
2022-01-13,28,11212,2022-03-28,0
2022-01-14,33,11245,2022-03-28,0
2022-01-15,26,11271,2022-03-28,0
2022-01-16,33,11304,2022-03-28,0
2022-01-17,36,11340,2022-03-28,0
2022-01-18,26,11366,2022-03-28,0
2022-01-19,29,11395,2022-03-28,0
2022-01-20,31,11426,2022-03-28,0
2022-01-21,27,11453,2022-03-28,0
2022-01-22,29,11482,2022-03-28,0
2022-01-23,23,11505,2022-03-28,0
2022-01-24,37,11542,2022-03-28,0
2022-01-25,33,11575,2022-03-28,0
2022-01-26,35,11610,2022-03-28,0
2022-01-27,37,11647,2022-03-28,0
2022-01-28,31,11678,2022-03-28,0
2022-01-29,30,11708,2022-03-28,0
2022-01-30,27,11735,2022-03-28,0
2022-01-31,18,11753,2022-03-28,0
2022-02-01,25,11778,2022-03-28,0
2022-02-02,23,11801,2022-03-28,0
2022-02-03,30,11831,2022-03-28,0
2022-02-04,21,11852,2022-03-28,0
2022-02-05,28,11880,2022-03-28,0
2022-02-06,28,11908,2022-03-28,0
2022-02-07,19,11927,2022-03-28,1
2022-02-08,27,11954,2022-03-28,0
2022-02-09,25,11979,2022-03-28,0
2022-02-10,21,12000,2022-03-28,0
2022-02-11,19,12019,2022-03-28,0
2022-02-12,16,12035,2022-03-28,0
2022-02-13,19,12054,2022-03-28,0
2022-02-14,17,12071,2022-03-28,0
2022-02-15,21,12092,2022-03-28,0
2022-02-16,14,12106,2022-03-28,0
2022-02-17,16,12122,2022-03-28,1
2022-02-18,14,12136,2022-03-28,0
2022-02-19,21,12157,2022-03-28,0
2022-02-20,15,12172,2022-03-28,0
2022-02-21,6,12178,2022-03-28,0
2022-02-22,14,12192,2022-03-28,0
2022-02-23,9,12201,2022-03-28,0
2022-02-24,26,12227,2022-03-28,1
2022-02-25,9,12236,2022-03-28,0
2022-02-26,10,12246,2022-03-28,0
2022-02-27,10,12256,2022-03-28,0
2022-02-28,8,12264,2022-03-28,1
2022-03-01,6,12270,2022-03-28,0
2022-03-02,9,12279,2022-03-28,0
2022-03-03,6,12285,2022-03-28,0
2022-03-04,10,12295,2022-03-28,0
2022-03-05,6,12301,2022-03-28,0
2022-03-06,10,12311,2022-03-28,0
2022-03-07,4,12315,2022-03-28,0
2022-03-08,5,12320,2022-03-28,0
2022-03-09,11,12331,2022-03-28,0
2022-03-10,8,12339,2022-03-28,1
2022-03-11,8,12347,2022-03-28,0
2022-03-12,0,12347,2022-03-28,0
2022-03-13,4,12351,2022-03-28,0
2022-03-14,4,12355,2022-03-28,0
2022-03-15,3,12358,2022-03-28,0
2022-03-16,0,12358,2022-03-28,0
2022-03-17,6,12364,2022-03-28,0
2022-03-18,2,12366,2022-03-28,1
2022-03-19,3,12369,2022-03-28,1
2022-03-20,7,12376,2022-03-28,2
2022-03-21,2,12378,2022-03-28,1
2022-03-22,2,12380,2022-03-28,2
2022-03-23,1,12381,2022-03-28,1
NA,1,12382,2022-03-28,0
2020-03-19,1,1,2022-03-29,0
2020-03-20,0,1,2022-03-29,0
2020-03-21,0,1,2022-03-29,0
2020-03-22,0,1,2022-03-29,0
2020-03-23,0,1,2022-03-29,0
2020-03-24,1,2,2022-03-29,0
2020-03-25,1,3,2022-03-29,0
2020-03-26,1,4,2022-03-29,0
2020-03-27,5,9,2022-03-29,0
2020-03-28,3,12,2022-03-29,0
2020-03-29,0,12,2022-03-29,0
2020-03-30,5,17,2022-03-29,0
2020-03-31,2,19,2022-03-29,0
2020-04-01,5,24,2022-03-29,0
2020-04-02,3,27,2022-03-29,0
2020-04-03,1,28,2022-03-29,0
2020-04-04,5,33,2022-03-29,0
2020-04-05,5,38,2022-03-29,0
2020-04-06,10,48,2022-03-29,0
2020-04-07,6,54,2022-03-29,0
2020-04-08,7,61,2022-03-29,0
2020-04-09,8,69,2022-03-29,0
2020-04-10,6,75,2022-03-29,0
2020-04-11,4,79,2022-03-29,0
2020-04-12,4,83,2022-03-29,0
2020-04-13,10,93,2022-03-29,0
2020-04-14,6,99,2022-03-29,0
2020-04-15,17,116,2022-03-29,0
2020-04-16,10,126,2022-03-29,0
2020-04-17,17,143,2022-03-29,0
2020-04-18,17,160,2022-03-29,0
2020-04-19,16,176,2022-03-29,0
2020-04-20,21,197,2022-03-29,0
2020-04-21,26,223,2022-03-29,0
2020-04-22,21,244,2022-03-29,0
2020-04-23,19,263,2022-03-29,0
2020-04-24,23,286,2022-03-29,0
2020-04-25,18,304,2022-03-29,0
2020-04-26,17,321,2022-03-29,0
2020-04-27,21,342,2022-03-29,0
2020-04-28,16,358,2022-03-29,0
2020-04-29,29,387,2022-03-29,0
2020-04-30,18,405,2022-03-29,0
2020-05-01,30,435,2022-03-29,0
2020-05-02,19,454,2022-03-29,0
2020-05-03,29,483,2022-03-29,0
2020-05-04,23,506,2022-03-29,0
2020-05-05,19,525,2022-03-29,0
2020-05-06,25,550,2022-03-29,0
2020-05-07,30,580,2022-03-29,0
2020-05-08,20,600,2022-03-29,0
2020-05-09,26,626,2022-03-29,0
2020-05-10,19,645,2022-03-29,0
2020-05-11,25,670,2022-03-29,0
2020-05-12,20,690,2022-03-29,0
2020-05-13,22,712,2022-03-29,0
2020-05-14,20,732,2022-03-29,0
2020-05-15,20,752,2022-03-29,0
2020-05-16,20,772,2022-03-29,0
2020-05-17,23,795,2022-03-29,0
2020-05-18,18,813,2022-03-29,0
2020-05-19,35,848,2022-03-29,0
2020-05-20,24,872,2022-03-29,0
2020-05-21,17,889,2022-03-29,0
2020-05-22,20,909,2022-03-29,0
2020-05-23,26,935,2022-03-29,0
2020-05-24,25,960,2022-03-29,0
2020-05-25,30,990,2022-03-29,0
2020-05-26,29,1019,2022-03-29,0
2020-05-27,25,1044,2022-03-29,0
2020-05-28,21,1065,2022-03-29,0
2020-05-29,17,1082,2022-03-29,0
2020-05-30,11,1093,2022-03-29,1
2020-05-31,20,1113,2022-03-29,0
2020-06-01,23,1136,2022-03-29,0
2020-06-02,21,1157,2022-03-29,0
2020-06-03,25,1182,2022-03-29,0
2020-06-04,26,1208,2022-03-29,0
2020-06-05,18,1226,2022-03-29,0
2020-06-06,12,1238,2022-03-29,0
2020-06-07,22,1260,2022-03-29,0
2020-06-08,12,1272,2022-03-29,0
2020-06-09,13,1285,2022-03-29,0
2020-06-10,10,1295,2022-03-29,0
2020-06-11,12,1307,2022-03-29,0
2020-06-12,11,1318,2022-03-29,0
2020-06-13,13,1331,2022-03-29,0
2020-06-14,11,1342,2022-03-29,0
2020-06-15,8,1350,2022-03-29,0
2020-06-16,9,1359,2022-03-29,0
2020-06-17,17,1376,2022-03-29,0
2020-06-18,9,1385,2022-03-29,0
2020-06-19,8,1393,2022-03-29,0
2020-06-20,12,1405,2022-03-29,0
2020-06-21,11,1416,2022-03-29,0
2020-06-22,6,1422,2022-03-29,0
2020-06-23,10,1432,2022-03-29,0
2020-06-24,1,1433,2022-03-29,0
2020-06-25,9,1442,2022-03-29,0
2020-06-26,6,1448,2022-03-29,0
2020-06-27,5,1453,2022-03-29,0
2020-06-28,11,1464,2022-03-29,0
2020-06-29,7,1471,2022-03-29,0
2020-06-30,9,1480,2022-03-29,0
2020-07-01,2,1482,2022-03-29,0
2020-07-02,3,1485,2022-03-29,0
2020-07-03,5,1490,2022-03-29,0
2020-07-04,4,1494,2022-03-29,0
2020-07-05,6,1500,2022-03-29,0
2020-07-06,4,1504,2022-03-29,0
2020-07-07,2,1506,2022-03-29,0
2020-07-08,9,1515,2022-03-29,0
2020-07-09,4,1519,2022-03-29,0
2020-07-10,3,1522,2022-03-29,0
2020-07-11,4,1526,2022-03-29,0
2020-07-12,6,1532,2022-03-29,0
2020-07-13,2,1534,2022-03-29,0
2020-07-14,6,1540,2022-03-29,0
2020-07-15,7,1547,2022-03-29,0
2020-07-16,3,1550,2022-03-29,0
2020-07-17,7,1557,2022-03-29,0
2020-07-18,6,1563,2022-03-29,0
2020-07-19,5,1568,2022-03-29,0
2020-07-20,3,1571,2022-03-29,0
2020-07-21,6,1577,2022-03-29,0
2020-07-22,5,1582,2022-03-29,0
2020-07-23,8,1590,2022-03-29,0
2020-07-24,6,1596,2022-03-29,0
2020-07-25,2,1598,2022-03-29,0
2020-07-26,5,1603,2022-03-29,0
2020-07-27,5,1608,2022-03-29,0
2020-07-28,7,1615,2022-03-29,0
2020-07-29,3,1618,2022-03-29,0
2020-07-30,6,1624,2022-03-29,0
2020-07-31,9,1633,2022-03-29,0
2020-08-01,4,1637,2022-03-29,0
2020-08-02,7,1644,2022-03-29,0
2020-08-03,4,1648,2022-03-29,0
2020-08-04,7,1655,2022-03-29,0
2020-08-05,8,1663,2022-03-29,0
2020-08-06,9,1672,2022-03-29,0
2020-08-07,7,1679,2022-03-29,0
2020-08-08,6,1685,2022-03-29,0
2020-08-09,10,1695,2022-03-29,0
2020-08-10,3,1698,2022-03-29,0
2020-08-11,9,1707,2022-03-29,0
2020-08-12,7,1714,2022-03-29,0
2020-08-13,5,1719,2022-03-29,0
2020-08-14,9,1728,2022-03-29,0
2020-08-15,13,1741,2022-03-29,0
2020-08-16,13,1754,2022-03-29,0
2020-08-17,6,1760,2022-03-29,0
2020-08-18,11,1771,2022-03-29,0
2020-08-19,3,1774,2022-03-29,0
2020-08-20,10,1784,2022-03-29,0
2020-08-21,12,1796,2022-03-29,0
2020-08-22,9,1805,2022-03-29,0
2020-08-23,7,1812,2022-03-29,0
2020-08-24,9,1821,2022-03-29,0
2020-08-25,4,1825,2022-03-29,0
2020-08-26,3,1828,2022-03-29,0
2020-08-27,7,1835,2022-03-29,0
2020-08-28,6,1841,2022-03-29,0
2020-08-29,3,1844,2022-03-29,0
2020-08-30,5,1849,2022-03-29,0
2020-08-31,9,1858,2022-03-29,0
2020-09-01,2,1860,2022-03-29,0
2020-09-02,7,1867,2022-03-29,0
2020-09-03,12,1879,2022-03-29,0
2020-09-04,4,1883,2022-03-29,0
2020-09-05,6,1889,2022-03-29,0
2020-09-06,12,1901,2022-03-29,0
2020-09-07,3,1904,2022-03-29,0
2020-09-08,6,1910,2022-03-29,0
2020-09-09,10,1920,2022-03-29,0
2020-09-10,9,1929,2022-03-29,0
2020-09-11,11,1940,2022-03-29,0
2020-09-12,8,1948,2022-03-29,0
2020-09-13,8,1956,2022-03-29,0
2020-09-14,2,1958,2022-03-29,0
2020-09-15,7,1965,2022-03-29,0
2020-09-16,9,1974,2022-03-29,0
2020-09-17,5,1979,2022-03-29,0
2020-09-18,6,1985,2022-03-29,0
2020-09-19,4,1989,2022-03-29,0
2020-09-20,9,1998,2022-03-29,0
2020-09-21,7,2005,2022-03-29,0
2020-09-22,8,2013,2022-03-29,0
2020-09-23,9,2022,2022-03-29,0
2020-09-24,8,2030,2022-03-29,0
2020-09-25,11,2041,2022-03-29,0
2020-09-26,9,2050,2022-03-29,0
2020-09-27,14,2064,2022-03-29,0
2020-09-28,11,2075,2022-03-29,0
2020-09-29,5,2080,2022-03-29,0
2020-09-30,16,2096,2022-03-29,0
2020-10-01,7,2103,2022-03-29,0
2020-10-02,13,2116,2022-03-29,0
2020-10-03,9,2125,2022-03-29,0
2020-10-04,7,2132,2022-03-29,0
2020-10-05,10,2142,2022-03-29,0
2020-10-06,13,2155,2022-03-29,0
2020-10-07,19,2174,2022-03-29,0
2020-10-08,9,2183,2022-03-29,0
2020-10-09,17,2200,2022-03-29,0
2020-10-10,16,2216,2022-03-29,0
2020-10-11,16,2232,2022-03-29,0
2020-10-12,20,2252,2022-03-29,0
2020-10-13,14,2266,2022-03-29,0
2020-10-14,10,2276,2022-03-29,0
2020-10-15,9,2285,2022-03-29,0
2020-10-16,12,2297,2022-03-29,0
2020-10-17,18,2315,2022-03-29,0
2020-10-18,25,2340,2022-03-29,0
2020-10-19,18,2358,2022-03-29,0
2020-10-20,15,2373,2022-03-29,0
2020-10-21,24,2397,2022-03-29,0
2020-10-22,18,2415,2022-03-29,0
2020-10-23,19,2434,2022-03-29,0
2020-10-24,8,2442,2022-03-29,0
2020-10-25,17,2459,2022-03-29,0
2020-10-26,25,2484,2022-03-29,0
2020-10-27,23,2507,2022-03-29,0
2020-10-28,29,2536,2022-03-29,0
2020-10-29,18,2554,2022-03-29,0
2020-10-30,27,2581,2022-03-29,0
2020-10-31,25,2606,2022-03-29,0
2020-11-01,21,2627,2022-03-29,0
2020-11-02,25,2652,2022-03-29,0
2020-11-03,25,2677,2022-03-29,0
2020-11-04,33,2710,2022-03-29,0
2020-11-05,38,2748,2022-03-29,0
2020-11-06,39,2787,2022-03-29,0
2020-11-07,42,2829,2022-03-29,0
2020-11-08,47,2876,2022-03-29,0
2020-11-09,37,2913,2022-03-29,0
2020-11-10,35,2948,2022-03-29,0
2020-11-11,43,2991,2022-03-29,0
2020-11-12,45,3036,2022-03-29,0
2020-11-13,40,3076,2022-03-29,0
2020-11-14,48,3124,2022-03-29,0
2020-11-15,46,3170,2022-03-29,0
2020-11-16,62,3232,2022-03-29,0
2020-11-17,56,3288,2022-03-29,0
2020-11-18,61,3349,2022-03-29,0
2020-11-19,60,3409,2022-03-29,0
2020-11-20,63,3472,2022-03-29,0
2020-11-21,58,3530,2022-03-29,0
2020-11-22,67,3597,2022-03-29,0
2020-11-23,59,3656,2022-03-29,0
2020-11-24,69,3725,2022-03-29,0
2020-11-25,72,3797,2022-03-29,0
2020-11-26,54,3851,2022-03-29,0
2020-11-27,69,3920,2022-03-29,0
2020-11-28,62,3982,2022-03-29,0
2020-11-29,68,4050,2022-03-29,0
2020-11-30,62,4112,2022-03-29,0
2020-12-01,64,4176,2022-03-29,0
2020-12-02,73,4249,2022-03-29,0
2020-12-03,86,4335,2022-03-29,0
2020-12-04,67,4402,2022-03-29,0
2020-12-05,74,4476,2022-03-29,0
2020-12-06,80,4556,2022-03-29,0
2020-12-07,75,4631,2022-03-29,0
2020-12-08,61,4692,2022-03-29,0
2020-12-09,71,4763,2022-03-29,0
2020-12-10,72,4835,2022-03-29,0
2020-12-11,71,4906,2022-03-29,0
2020-12-12,72,4978,2022-03-29,0
2020-12-13,56,5034,2022-03-29,0
2020-12-14,43,5077,2022-03-29,0
2020-12-15,65,5142,2022-03-29,0
2020-12-16,74,5216,2022-03-29,0
2020-12-17,60,5276,2022-03-29,0
2020-12-18,59,5335,2022-03-29,0
2020-12-19,56,5391,2022-03-29,0
2020-12-20,61,5452,2022-03-29,0
2020-12-21,58,5510,2022-03-29,0
2020-12-22,33,5543,2022-03-29,0
2020-12-23,46,5589,2022-03-29,0
2020-12-24,51,5640,2022-03-29,0
2020-12-25,36,5676,2022-03-29,0
2020-12-26,43,5719,2022-03-29,0
2020-12-27,41,5760,2022-03-29,0
2020-12-28,34,5794,2022-03-29,0
2020-12-29,37,5831,2022-03-29,0
2020-12-30,47,5878,2022-03-29,0
2020-12-31,36,5914,2022-03-29,0
2021-01-01,28,5942,2022-03-29,0
2021-01-02,49,5991,2022-03-29,0
2021-01-03,37,6028,2022-03-29,0
2021-01-04,32,6060,2022-03-29,0
2021-01-05,40,6100,2022-03-29,0
2021-01-06,32,6132,2022-03-29,0
2021-01-07,38,6170,2022-03-29,0
2021-01-08,32,6202,2022-03-29,0
2021-01-09,26,6228,2022-03-29,0
2021-01-10,30,6258,2022-03-29,0
2021-01-11,27,6285,2022-03-29,0
2021-01-12,32,6317,2022-03-29,0
2021-01-13,23,6340,2022-03-29,0
2021-01-14,42,6382,2022-03-29,0
2021-01-15,26,6408,2022-03-29,0
2021-01-16,30,6438,2022-03-29,0
2021-01-17,21,6459,2022-03-29,0
2021-01-18,19,6478,2022-03-29,0
2021-01-19,14,6492,2022-03-29,0
2021-01-20,26,6518,2022-03-29,0
2021-01-21,16,6534,2022-03-29,0
2021-01-22,14,6548,2022-03-29,0
2021-01-23,17,6565,2022-03-29,0
2021-01-24,24,6589,2022-03-29,0
2021-01-25,19,6608,2022-03-29,0
2021-01-26,21,6629,2022-03-29,0
2021-01-27,11,6640,2022-03-29,0
2021-01-28,12,6652,2022-03-29,0
2021-01-29,15,6667,2022-03-29,0
2021-01-30,13,6680,2022-03-29,0
2021-01-31,17,6697,2022-03-29,0
2021-02-01,17,6714,2022-03-29,0
2021-02-02,10,6724,2022-03-29,0
2021-02-03,11,6735,2022-03-29,0
2021-02-04,11,6746,2022-03-29,0
2021-02-05,13,6759,2022-03-29,0
2021-02-06,12,6771,2022-03-29,0
2021-02-07,19,6790,2022-03-29,0
2021-02-08,11,6801,2022-03-29,0
2021-02-09,15,6816,2022-03-29,0
2021-02-10,14,6830,2022-03-29,0
2021-02-11,7,6837,2022-03-29,0
2021-02-12,14,6851,2022-03-29,0
2021-02-13,8,6859,2022-03-29,0
2021-02-14,10,6869,2022-03-29,0
2021-02-15,9,6878,2022-03-29,0
2021-02-16,12,6890,2022-03-29,0
2021-02-17,10,6900,2022-03-29,0
2021-02-18,7,6907,2022-03-29,0
2021-02-19,6,6913,2022-03-29,0
2021-02-20,7,6920,2022-03-29,0
2021-02-21,4,6924,2022-03-29,0
2021-02-22,5,6929,2022-03-29,0
2021-02-23,9,6938,2022-03-29,0
2021-02-24,5,6943,2022-03-29,0
2021-02-25,5,6948,2022-03-29,0
2021-02-26,7,6955,2022-03-29,0
2021-02-27,6,6961,2022-03-29,0
2021-02-28,8,6969,2022-03-29,0
2021-03-01,7,6976,2022-03-29,0
2021-03-02,3,6979,2022-03-29,0
2021-03-03,10,6989,2022-03-29,0
2021-03-04,6,6995,2022-03-29,0
2021-03-05,10,7005,2022-03-29,0
2021-03-06,5,7010,2022-03-29,0
2021-03-07,9,7019,2022-03-29,0
2021-03-08,5,7024,2022-03-29,0
2021-03-09,7,7031,2022-03-29,0
2021-03-10,5,7036,2022-03-29,0
2021-03-11,4,7040,2022-03-29,0
2021-03-12,11,7051,2022-03-29,0
2021-03-13,5,7056,2022-03-29,0
2021-03-14,5,7061,2022-03-29,0
2021-03-15,2,7063,2022-03-29,0
2021-03-16,6,7069,2022-03-29,0
2021-03-17,4,7073,2022-03-29,0
2021-03-18,5,7078,2022-03-29,0
2021-03-19,5,7083,2022-03-29,0
2021-03-20,9,7092,2022-03-29,0
2021-03-21,5,7097,2022-03-29,0
2021-03-22,4,7101,2022-03-29,0
2021-03-23,5,7106,2022-03-29,0
2021-03-24,1,7107,2022-03-29,0
2021-03-25,5,7112,2022-03-29,0
2021-03-26,3,7115,2022-03-29,0
2021-03-27,7,7122,2022-03-29,0
2021-03-28,6,7128,2022-03-29,0
2021-03-29,5,7133,2022-03-29,0
2021-03-30,6,7139,2022-03-29,0
2021-03-31,8,7147,2022-03-29,0
2021-04-01,6,7153,2022-03-29,0
2021-04-02,9,7162,2022-03-29,0
2021-04-03,8,7170,2022-03-29,0
2021-04-04,6,7176,2022-03-29,0
2021-04-05,8,7184,2022-03-29,0
2021-04-06,7,7191,2022-03-29,0
2021-04-07,6,7197,2022-03-29,0
2021-04-08,10,7207,2022-03-29,0
2021-04-09,7,7214,2022-03-29,0
2021-04-10,7,7221,2022-03-29,0
2021-04-11,8,7229,2022-03-29,0
2021-04-12,10,7239,2022-03-29,0
2021-04-13,7,7246,2022-03-29,0
2021-04-14,8,7254,2022-03-29,0
2021-04-15,14,7268,2022-03-29,0
2021-04-16,8,7276,2022-03-29,0
2021-04-17,8,7284,2022-03-29,0
2021-04-18,8,7292,2022-03-29,0
2021-04-19,10,7302,2022-03-29,0
2021-04-20,5,7307,2022-03-29,0
2021-04-21,8,7315,2022-03-29,0
2021-04-22,3,7318,2022-03-29,0
2021-04-23,15,7333,2022-03-29,0
2021-04-24,11,7344,2022-03-29,0
2021-04-25,15,7359,2022-03-29,0
2021-04-26,15,7374,2022-03-29,0
2021-04-27,7,7381,2022-03-29,0
2021-04-28,14,7395,2022-03-29,0
2021-04-29,8,7403,2022-03-29,0
2021-04-30,11,7414,2022-03-29,0
2021-05-01,7,7421,2022-03-29,0
2021-05-02,8,7429,2022-03-29,0
2021-05-03,5,7434,2022-03-29,0
2021-05-04,13,7447,2022-03-29,0
2021-05-05,9,7456,2022-03-29,0
2021-05-06,5,7461,2022-03-29,0
2021-05-07,8,7469,2022-03-29,0
2021-05-08,7,7476,2022-03-29,0
2021-05-09,9,7485,2022-03-29,0
2021-05-10,8,7493,2022-03-29,0
2021-05-11,6,7499,2022-03-29,0
2021-05-12,9,7508,2022-03-29,0
2021-05-13,9,7517,2022-03-29,0
2021-05-14,11,7528,2022-03-29,0
2021-05-15,10,7538,2022-03-29,0
2021-05-16,6,7544,2022-03-29,0
2021-05-17,6,7550,2022-03-29,0
2021-05-18,7,7557,2022-03-29,0
2021-05-19,2,7559,2022-03-29,0
2021-05-20,5,7564,2022-03-29,0
2021-05-21,7,7571,2022-03-29,0
2021-05-22,12,7583,2022-03-29,0
2021-05-23,5,7588,2022-03-29,0
2021-05-24,5,7593,2022-03-29,0
2021-05-25,6,7599,2022-03-29,0
2021-05-26,3,7602,2022-03-29,0
2021-05-27,7,7609,2022-03-29,0
2021-05-28,2,7611,2022-03-29,0
2021-05-29,6,7617,2022-03-29,0
2021-05-30,4,7621,2022-03-29,0
2021-05-31,3,7624,2022-03-29,0
2021-06-01,5,7629,2022-03-29,0
2021-06-02,8,7637,2022-03-29,0
2021-06-03,4,7641,2022-03-29,0
2021-06-04,4,7645,2022-03-29,0
2021-06-05,2,7647,2022-03-29,0
2021-06-06,5,7652,2022-03-29,0
2021-06-07,3,7655,2022-03-29,0
2021-06-08,5,7660,2022-03-29,0
2021-06-09,4,7664,2022-03-29,0
2021-06-10,6,7670,2022-03-29,0
2021-06-11,6,7676,2022-03-29,0
2021-06-12,4,7680,2022-03-29,0
2021-06-13,4,7684,2022-03-29,0
2021-06-14,3,7687,2022-03-29,0
2021-06-15,2,7689,2022-03-29,0
2021-06-16,2,7691,2022-03-29,0
2021-06-17,4,7695,2022-03-29,0
2021-06-18,2,7697,2022-03-29,0
2021-06-19,6,7703,2022-03-29,0
2021-06-20,1,7704,2022-03-29,0
2021-06-21,5,7709,2022-03-29,0
2021-06-22,3,7712,2022-03-29,0
2021-06-23,4,7716,2022-03-29,0
2021-06-24,3,7719,2022-03-29,0
2021-06-25,3,7722,2022-03-29,0
2021-06-26,4,7726,2022-03-29,0
2021-06-27,2,7728,2022-03-29,0
2021-06-28,2,7730,2022-03-29,0
2021-06-29,2,7732,2022-03-29,0
2021-06-30,2,7734,2022-03-29,0
2021-07-01,0,7734,2022-03-29,0
2021-07-02,2,7736,2022-03-29,0
2021-07-03,2,7738,2022-03-29,0
2021-07-04,3,7741,2022-03-29,0
2021-07-05,1,7742,2022-03-29,0
2021-07-06,5,7747,2022-03-29,0
2021-07-07,1,7748,2022-03-29,0
2021-07-08,1,7749,2022-03-29,0
2021-07-09,0,7749,2022-03-29,0
2021-07-10,2,7751,2022-03-29,0
2021-07-11,3,7754,2022-03-29,0
2021-07-12,1,7755,2022-03-29,0
2021-07-13,2,7757,2022-03-29,0
2021-07-14,2,7759,2022-03-29,0
2021-07-15,2,7761,2022-03-29,0
2021-07-16,1,7762,2022-03-29,0
2021-07-17,1,7763,2022-03-29,0
2021-07-18,0,7763,2022-03-29,0
2021-07-19,0,7763,2022-03-29,0
2021-07-20,2,7765,2022-03-29,0
2021-07-21,3,7768,2022-03-29,0
2021-07-22,2,7770,2022-03-29,0
2021-07-23,3,7773,2022-03-29,0
2021-07-24,0,7773,2022-03-29,0
2021-07-25,2,7775,2022-03-29,0
2021-07-26,1,7776,2022-03-29,0
2021-07-27,2,7778,2022-03-29,0
2021-07-28,3,7781,2022-03-29,0
2021-07-29,2,7783,2022-03-29,0
2021-07-30,5,7788,2022-03-29,0
2021-07-31,4,7792,2022-03-29,0
2021-08-01,1,7793,2022-03-29,0
2021-08-02,3,7796,2022-03-29,0
2021-08-03,2,7798,2022-03-29,0
2021-08-04,3,7801,2022-03-29,0
2021-08-05,2,7803,2022-03-29,0
2021-08-06,8,7811,2022-03-29,0
2021-08-07,3,7814,2022-03-29,0
2021-08-08,3,7817,2022-03-29,0
2021-08-09,3,7820,2022-03-29,0
2021-08-10,2,7822,2022-03-29,0
2021-08-11,2,7824,2022-03-29,0
2021-08-12,7,7831,2022-03-29,0
2021-08-13,5,7836,2022-03-29,0
2021-08-14,6,7842,2022-03-29,0
2021-08-15,0,7842,2022-03-29,0
2021-08-16,7,7849,2022-03-29,0
2021-08-17,7,7856,2022-03-29,0
2021-08-18,9,7865,2022-03-29,0
2021-08-19,2,7867,2022-03-29,0
2021-08-20,3,7870,2022-03-29,0
2021-08-21,5,7875,2022-03-29,0
2021-08-22,7,7882,2022-03-29,0
2021-08-23,5,7887,2022-03-29,0
2021-08-24,12,7899,2022-03-29,0
2021-08-25,7,7906,2022-03-29,0
2021-08-26,2,7908,2022-03-29,0
2021-08-27,6,7914,2022-03-29,0
2021-08-28,11,7925,2022-03-29,0
2021-08-29,11,7936,2022-03-29,0
2021-08-30,8,7944,2022-03-29,0
2021-08-31,8,7952,2022-03-29,0
2021-09-01,6,7958,2022-03-29,0
2021-09-02,6,7964,2022-03-29,0
2021-09-03,9,7973,2022-03-29,0
2021-09-04,9,7982,2022-03-29,0
2021-09-05,10,7992,2022-03-29,0
2021-09-06,8,8000,2022-03-29,0
2021-09-07,7,8007,2022-03-29,0
2021-09-08,11,8018,2022-03-29,0
2021-09-09,5,8023,2022-03-29,0
2021-09-10,9,8032,2022-03-29,0
2021-09-11,17,8049,2022-03-29,0
2021-09-12,10,8059,2022-03-29,0
2021-09-13,8,8067,2022-03-29,0
2021-09-14,11,8078,2022-03-29,0
2021-09-15,14,8092,2022-03-29,0
2021-09-16,16,8108,2022-03-29,0
2021-09-17,8,8116,2022-03-29,0
2021-09-18,15,8131,2022-03-29,0
2021-09-19,11,8142,2022-03-29,0
2021-09-20,16,8158,2022-03-29,0
2021-09-21,16,8174,2022-03-29,0
2021-09-22,17,8191,2022-03-29,0
2021-09-23,13,8204,2022-03-29,0
2021-09-24,13,8217,2022-03-29,0
2021-09-25,16,8233,2022-03-29,0
2021-09-26,15,8248,2022-03-29,0
2021-09-27,15,8263,2022-03-29,0
2021-09-28,11,8274,2022-03-29,0
2021-09-29,21,8295,2022-03-29,0
2021-09-30,17,8312,2022-03-29,0
2021-10-01,13,8325,2022-03-29,0
2021-10-02,15,8340,2022-03-29,0
2021-10-03,23,8363,2022-03-29,0
2021-10-04,15,8378,2022-03-29,0
2021-10-05,23,8401,2022-03-29,0
2021-10-06,21,8422,2022-03-29,0
2021-10-07,14,8436,2022-03-29,0
2021-10-08,22,8458,2022-03-29,0
2021-10-09,20,8478,2022-03-29,0
2021-10-10,14,8492,2022-03-29,0
2021-10-11,11,8503,2022-03-29,0
2021-10-12,25,8528,2022-03-29,0
2021-10-13,21,8549,2022-03-29,0
2021-10-14,22,8571,2022-03-29,0
2021-10-15,14,8585,2022-03-29,0
2021-10-16,20,8605,2022-03-29,0
2021-10-17,18,8623,2022-03-29,0
2021-10-18,17,8640,2022-03-29,0
2021-10-19,26,8666,2022-03-29,0
2021-10-20,17,8683,2022-03-29,0
2021-10-21,8,8691,2022-03-29,0
2021-10-22,23,8714,2022-03-29,0
2021-10-23,24,8738,2022-03-29,0
2021-10-24,25,8763,2022-03-29,0
2021-10-25,20,8783,2022-03-29,0
2021-10-26,22,8805,2022-03-29,0
2021-10-27,16,8821,2022-03-29,0
2021-10-28,24,8845,2022-03-29,0
2021-10-29,20,8865,2022-03-29,0
2021-10-30,20,8885,2022-03-29,0
2021-10-31,27,8912,2022-03-29,0
2021-11-01,18,8930,2022-03-29,0
2021-11-02,18,8948,2022-03-29,0
2021-11-03,28,8976,2022-03-29,0
2021-11-04,29,9005,2022-03-29,0
2021-11-05,29,9034,2022-03-29,0
2021-11-06,16,9050,2022-03-29,0
2021-11-07,24,9074,2022-03-29,0
2021-11-08,28,9102,2022-03-29,0
2021-11-09,17,9119,2022-03-29,0
2021-11-10,18,9137,2022-03-29,0
2021-11-11,28,9165,2022-03-29,0
2021-11-12,29,9194,2022-03-29,0
2021-11-13,31,9225,2022-03-29,0
2021-11-14,24,9249,2022-03-29,0
2021-11-15,28,9277,2022-03-29,0
2021-11-16,25,9302,2022-03-29,0
2021-11-17,37,9339,2022-03-29,0
2021-11-18,38,9377,2022-03-29,0
2021-11-19,34,9411,2022-03-29,0
2021-11-20,30,9441,2022-03-29,0
2021-11-21,32,9473,2022-03-29,0
2021-11-22,30,9503,2022-03-29,0
2021-11-23,32,9535,2022-03-29,0
2021-11-24,25,9560,2022-03-29,0
2021-11-25,35,9595,2022-03-29,0
2021-11-26,51,9646,2022-03-29,0
2021-11-27,36,9682,2022-03-29,0
2021-11-28,39,9721,2022-03-29,0
2021-11-29,29,9750,2022-03-29,0
2021-11-30,30,9780,2022-03-29,0
2021-12-01,47,9827,2022-03-29,0
2021-12-02,40,9867,2022-03-29,0
2021-12-03,31,9898,2022-03-29,0
2021-12-04,42,9940,2022-03-29,0
2021-12-05,36,9976,2022-03-29,0
2021-12-06,36,10012,2022-03-29,0
2021-12-07,36,10048,2022-03-29,0
2021-12-08,39,10087,2022-03-29,0
2021-12-09,47,10134,2022-03-29,0
2021-12-10,34,10168,2022-03-29,0
2021-12-11,27,10195,2022-03-29,0
2021-12-12,37,10232,2022-03-29,0
2021-12-13,34,10266,2022-03-29,0
2021-12-14,35,10301,2022-03-29,0
2021-12-15,42,10343,2022-03-29,0
2021-12-16,33,10376,2022-03-29,0
2021-12-17,41,10417,2022-03-29,0
2021-12-18,33,10450,2022-03-29,0
2021-12-19,31,10481,2022-03-29,0
2021-12-20,33,10514,2022-03-29,0
2021-12-21,28,10542,2022-03-29,0
2021-12-22,29,10571,2022-03-29,0
2021-12-23,28,10599,2022-03-29,0
2021-12-24,30,10629,2022-03-29,0
2021-12-25,28,10657,2022-03-29,0
2021-12-26,42,10699,2022-03-29,0
2021-12-27,32,10731,2022-03-29,0
2021-12-28,35,10766,2022-03-29,0
2021-12-29,31,10797,2022-03-29,1
2021-12-30,21,10818,2022-03-29,0
2021-12-31,40,10858,2022-03-29,0
2022-01-01,27,10885,2022-03-29,0
2022-01-02,22,10907,2022-03-29,0
2022-01-03,23,10930,2022-03-29,0
2022-01-04,30,10960,2022-03-29,0
2022-01-05,32,10992,2022-03-29,0
2022-01-06,32,11024,2022-03-29,0
2022-01-07,28,11052,2022-03-29,0
2022-01-08,43,11095,2022-03-29,0
2022-01-09,19,11114,2022-03-29,0
2022-01-10,31,11145,2022-03-29,0
2022-01-11,20,11165,2022-03-29,0
2022-01-12,21,11186,2022-03-29,0
2022-01-13,28,11214,2022-03-29,0
2022-01-14,33,11247,2022-03-29,0
2022-01-15,26,11273,2022-03-29,0
2022-01-16,33,11306,2022-03-29,0
2022-01-17,36,11342,2022-03-29,0
2022-01-18,26,11368,2022-03-29,0
2022-01-19,29,11397,2022-03-29,0
2022-01-20,31,11428,2022-03-29,0
2022-01-21,27,11455,2022-03-29,0
2022-01-22,29,11484,2022-03-29,0
2022-01-23,23,11507,2022-03-29,0
2022-01-24,37,11544,2022-03-29,0
2022-01-25,33,11577,2022-03-29,0
2022-01-26,35,11612,2022-03-29,0
2022-01-27,37,11649,2022-03-29,0
2022-01-28,31,11680,2022-03-29,0
2022-01-29,31,11711,2022-03-29,1
2022-01-30,27,11738,2022-03-29,0
2022-01-31,18,11756,2022-03-29,0
2022-02-01,25,11781,2022-03-29,0
2022-02-02,23,11804,2022-03-29,0
2022-02-03,30,11834,2022-03-29,0
2022-02-04,21,11855,2022-03-29,0
2022-02-05,28,11883,2022-03-29,0
2022-02-06,28,11911,2022-03-29,0
2022-02-07,19,11930,2022-03-29,0
2022-02-08,27,11957,2022-03-29,0
2022-02-09,25,11982,2022-03-29,0
2022-02-10,21,12003,2022-03-29,0
2022-02-11,19,12022,2022-03-29,0
2022-02-12,16,12038,2022-03-29,0
2022-02-13,19,12057,2022-03-29,0
2022-02-14,17,12074,2022-03-29,0
2022-02-15,21,12095,2022-03-29,0
2022-02-16,14,12109,2022-03-29,0
2022-02-17,16,12125,2022-03-29,0
2022-02-18,15,12140,2022-03-29,1
2022-02-19,21,12161,2022-03-29,0
2022-02-20,15,12176,2022-03-29,0
2022-02-21,6,12182,2022-03-29,0
2022-02-22,14,12196,2022-03-29,0
2022-02-23,9,12205,2022-03-29,0
2022-02-24,26,12231,2022-03-29,0
2022-02-25,9,12240,2022-03-29,0
2022-02-26,10,12250,2022-03-29,0
2022-02-27,10,12260,2022-03-29,0
2022-02-28,8,12268,2022-03-29,0
2022-03-01,6,12274,2022-03-29,0
2022-03-02,9,12283,2022-03-29,0
2022-03-03,6,12289,2022-03-29,0
2022-03-04,11,12300,2022-03-29,1
2022-03-05,6,12306,2022-03-29,0
2022-03-06,10,12316,2022-03-29,0
2022-03-07,4,12320,2022-03-29,0
2022-03-08,5,12325,2022-03-29,0
2022-03-09,11,12336,2022-03-29,0
2022-03-10,9,12345,2022-03-29,1
2022-03-11,8,12353,2022-03-29,0
2022-03-12,0,12353,2022-03-29,0
2022-03-13,4,12357,2022-03-29,0
2022-03-14,4,12361,2022-03-29,0
2022-03-15,3,12364,2022-03-29,0
2022-03-16,0,12364,2022-03-29,0
2022-03-17,6,12370,2022-03-29,0
2022-03-18,2,12372,2022-03-29,0
2022-03-19,3,12375,2022-03-29,0
2022-03-20,8,12383,2022-03-29,1
2022-03-21,2,12385,2022-03-29,0
2022-03-22,3,12388,2022-03-29,1
2022-03-23,2,12390,2022-03-29,1
NA,0,12390,2022-03-29,-1
2020-03-19,1,1,2022-03-30,0
2020-03-20,0,1,2022-03-30,0
2020-03-21,0,1,2022-03-30,0
2020-03-22,0,1,2022-03-30,0
2020-03-23,0,1,2022-03-30,0
2020-03-24,1,2,2022-03-30,0
2020-03-25,1,3,2022-03-30,0
2020-03-26,1,4,2022-03-30,0
2020-03-27,5,9,2022-03-30,0
2020-03-28,3,12,2022-03-30,0
2020-03-29,0,12,2022-03-30,0
2020-03-30,5,17,2022-03-30,0
2020-03-31,2,19,2022-03-30,0
2020-04-01,5,24,2022-03-30,0
2020-04-02,3,27,2022-03-30,0
2020-04-03,1,28,2022-03-30,0
2020-04-04,5,33,2022-03-30,0
2020-04-05,5,38,2022-03-30,0
2020-04-06,10,48,2022-03-30,0
2020-04-07,6,54,2022-03-30,0
2020-04-08,7,61,2022-03-30,0
2020-04-09,8,69,2022-03-30,0
2020-04-10,6,75,2022-03-30,0
2020-04-11,4,79,2022-03-30,0
2020-04-12,4,83,2022-03-30,0
2020-04-13,10,93,2022-03-30,0
2020-04-14,6,99,2022-03-30,0
2020-04-15,17,116,2022-03-30,0
2020-04-16,10,126,2022-03-30,0
2020-04-17,17,143,2022-03-30,0
2020-04-18,17,160,2022-03-30,0
2020-04-19,16,176,2022-03-30,0
2020-04-20,21,197,2022-03-30,0
2020-04-21,26,223,2022-03-30,0
2020-04-22,21,244,2022-03-30,0
2020-04-23,19,263,2022-03-30,0
2020-04-24,23,286,2022-03-30,0
2020-04-25,18,304,2022-03-30,0
2020-04-26,17,321,2022-03-30,0
2020-04-27,21,342,2022-03-30,0
2020-04-28,16,358,2022-03-30,0
2020-04-29,29,387,2022-03-30,0
2020-04-30,18,405,2022-03-30,0
2020-05-01,30,435,2022-03-30,0
2020-05-02,19,454,2022-03-30,0
2020-05-03,29,483,2022-03-30,0
2020-05-04,23,506,2022-03-30,0
2020-05-05,19,525,2022-03-30,0
2020-05-06,25,550,2022-03-30,0
2020-05-07,30,580,2022-03-30,0
2020-05-08,20,600,2022-03-30,0
2020-05-09,26,626,2022-03-30,0
2020-05-10,19,645,2022-03-30,0
2020-05-11,25,670,2022-03-30,0
2020-05-12,20,690,2022-03-30,0
2020-05-13,22,712,2022-03-30,0
2020-05-14,20,732,2022-03-30,0
2020-05-15,20,752,2022-03-30,0
2020-05-16,20,772,2022-03-30,0
2020-05-17,23,795,2022-03-30,0
2020-05-18,18,813,2022-03-30,0
2020-05-19,35,848,2022-03-30,0
2020-05-20,24,872,2022-03-30,0
2020-05-21,17,889,2022-03-30,0
2020-05-22,20,909,2022-03-30,0
2020-05-23,26,935,2022-03-30,0
2020-05-24,25,960,2022-03-30,0
2020-05-25,30,990,2022-03-30,0
2020-05-26,29,1019,2022-03-30,0
2020-05-27,25,1044,2022-03-30,0
2020-05-28,21,1065,2022-03-30,0
2020-05-29,17,1082,2022-03-30,0
2020-05-30,11,1093,2022-03-30,0
2020-05-31,20,1113,2022-03-30,0
2020-06-01,23,1136,2022-03-30,0
2020-06-02,21,1157,2022-03-30,0
2020-06-03,25,1182,2022-03-30,0
2020-06-04,26,1208,2022-03-30,0
2020-06-05,18,1226,2022-03-30,0
2020-06-06,12,1238,2022-03-30,0
2020-06-07,22,1260,2022-03-30,0
2020-06-08,12,1272,2022-03-30,0
2020-06-09,13,1285,2022-03-30,0
2020-06-10,10,1295,2022-03-30,0
2020-06-11,12,1307,2022-03-30,0
2020-06-12,11,1318,2022-03-30,0
2020-06-13,13,1331,2022-03-30,0
2020-06-14,11,1342,2022-03-30,0
2020-06-15,8,1350,2022-03-30,0
2020-06-16,9,1359,2022-03-30,0
2020-06-17,17,1376,2022-03-30,0
2020-06-18,9,1385,2022-03-30,0
2020-06-19,8,1393,2022-03-30,0
2020-06-20,12,1405,2022-03-30,0
2020-06-21,11,1416,2022-03-30,0
2020-06-22,6,1422,2022-03-30,0
2020-06-23,10,1432,2022-03-30,0
2020-06-24,1,1433,2022-03-30,0
2020-06-25,9,1442,2022-03-30,0
2020-06-26,6,1448,2022-03-30,0
2020-06-27,5,1453,2022-03-30,0
2020-06-28,11,1464,2022-03-30,0
2020-06-29,7,1471,2022-03-30,0
2020-06-30,9,1480,2022-03-30,0
2020-07-01,2,1482,2022-03-30,0
2020-07-02,3,1485,2022-03-30,0
2020-07-03,5,1490,2022-03-30,0
2020-07-04,4,1494,2022-03-30,0
2020-07-05,6,1500,2022-03-30,0
2020-07-06,4,1504,2022-03-30,0
2020-07-07,2,1506,2022-03-30,0
2020-07-08,9,1515,2022-03-30,0
2020-07-09,4,1519,2022-03-30,0
2020-07-10,3,1522,2022-03-30,0
2020-07-11,4,1526,2022-03-30,0
2020-07-12,6,1532,2022-03-30,0
2020-07-13,2,1534,2022-03-30,0
2020-07-14,6,1540,2022-03-30,0
2020-07-15,7,1547,2022-03-30,0
2020-07-16,3,1550,2022-03-30,0
2020-07-17,7,1557,2022-03-30,0
2020-07-18,6,1563,2022-03-30,0
2020-07-19,5,1568,2022-03-30,0
2020-07-20,3,1571,2022-03-30,0
2020-07-21,6,1577,2022-03-30,0
2020-07-22,5,1582,2022-03-30,0
2020-07-23,8,1590,2022-03-30,0
2020-07-24,6,1596,2022-03-30,0
2020-07-25,2,1598,2022-03-30,0
2020-07-26,5,1603,2022-03-30,0
2020-07-27,5,1608,2022-03-30,0
2020-07-28,7,1615,2022-03-30,0
2020-07-29,3,1618,2022-03-30,0
2020-07-30,6,1624,2022-03-30,0
2020-07-31,9,1633,2022-03-30,0
2020-08-01,4,1637,2022-03-30,0
2020-08-02,7,1644,2022-03-30,0
2020-08-03,4,1648,2022-03-30,0
2020-08-04,7,1655,2022-03-30,0
2020-08-05,8,1663,2022-03-30,0
2020-08-06,9,1672,2022-03-30,0
2020-08-07,7,1679,2022-03-30,0
2020-08-08,6,1685,2022-03-30,0
2020-08-09,10,1695,2022-03-30,0
2020-08-10,3,1698,2022-03-30,0
2020-08-11,9,1707,2022-03-30,0
2020-08-12,7,1714,2022-03-30,0
2020-08-13,5,1719,2022-03-30,0
2020-08-14,9,1728,2022-03-30,0
2020-08-15,13,1741,2022-03-30,0
2020-08-16,13,1754,2022-03-30,0
2020-08-17,6,1760,2022-03-30,0
2020-08-18,11,1771,2022-03-30,0
2020-08-19,3,1774,2022-03-30,0
2020-08-20,10,1784,2022-03-30,0
2020-08-21,12,1796,2022-03-30,0
2020-08-22,9,1805,2022-03-30,0
2020-08-23,7,1812,2022-03-30,0
2020-08-24,9,1821,2022-03-30,0
2020-08-25,4,1825,2022-03-30,0
2020-08-26,3,1828,2022-03-30,0
2020-08-27,7,1835,2022-03-30,0
2020-08-28,6,1841,2022-03-30,0
2020-08-29,3,1844,2022-03-30,0
2020-08-30,5,1849,2022-03-30,0
2020-08-31,9,1858,2022-03-30,0
2020-09-01,2,1860,2022-03-30,0
2020-09-02,7,1867,2022-03-30,0
2020-09-03,12,1879,2022-03-30,0
2020-09-04,4,1883,2022-03-30,0
2020-09-05,6,1889,2022-03-30,0
2020-09-06,12,1901,2022-03-30,0
2020-09-07,3,1904,2022-03-30,0
2020-09-08,6,1910,2022-03-30,0
2020-09-09,10,1920,2022-03-30,0
2020-09-10,9,1929,2022-03-30,0
2020-09-11,11,1940,2022-03-30,0
2020-09-12,8,1948,2022-03-30,0
2020-09-13,8,1956,2022-03-30,0
2020-09-14,2,1958,2022-03-30,0
2020-09-15,7,1965,2022-03-30,0
2020-09-16,9,1974,2022-03-30,0
2020-09-17,5,1979,2022-03-30,0
2020-09-18,6,1985,2022-03-30,0
2020-09-19,4,1989,2022-03-30,0
2020-09-20,9,1998,2022-03-30,0
2020-09-21,7,2005,2022-03-30,0
2020-09-22,8,2013,2022-03-30,0
2020-09-23,9,2022,2022-03-30,0
2020-09-24,8,2030,2022-03-30,0
2020-09-25,11,2041,2022-03-30,0
2020-09-26,9,2050,2022-03-30,0
2020-09-27,14,2064,2022-03-30,0
2020-09-28,11,2075,2022-03-30,0
2020-09-29,5,2080,2022-03-30,0
2020-09-30,16,2096,2022-03-30,0
2020-10-01,7,2103,2022-03-30,0
2020-10-02,13,2116,2022-03-30,0
2020-10-03,9,2125,2022-03-30,0
2020-10-04,7,2132,2022-03-30,0
2020-10-05,10,2142,2022-03-30,0
2020-10-06,13,2155,2022-03-30,0
2020-10-07,19,2174,2022-03-30,0
2020-10-08,9,2183,2022-03-30,0
2020-10-09,17,2200,2022-03-30,0
2020-10-10,16,2216,2022-03-30,0
2020-10-11,16,2232,2022-03-30,0
2020-10-12,20,2252,2022-03-30,0
2020-10-13,14,2266,2022-03-30,0
2020-10-14,10,2276,2022-03-30,0
2020-10-15,9,2285,2022-03-30,0
2020-10-16,12,2297,2022-03-30,0
2020-10-17,18,2315,2022-03-30,0
2020-10-18,25,2340,2022-03-30,0
2020-10-19,18,2358,2022-03-30,0
2020-10-20,15,2373,2022-03-30,0
2020-10-21,24,2397,2022-03-30,0
2020-10-22,18,2415,2022-03-30,0
2020-10-23,19,2434,2022-03-30,0
2020-10-24,8,2442,2022-03-30,0
2020-10-25,17,2459,2022-03-30,0
2020-10-26,25,2484,2022-03-30,0
2020-10-27,23,2507,2022-03-30,0
2020-10-28,29,2536,2022-03-30,0
2020-10-29,18,2554,2022-03-30,0
2020-10-30,27,2581,2022-03-30,0
2020-10-31,25,2606,2022-03-30,0
2020-11-01,21,2627,2022-03-30,0
2020-11-02,25,2652,2022-03-30,0
2020-11-03,25,2677,2022-03-30,0
2020-11-04,33,2710,2022-03-30,0
2020-11-05,38,2748,2022-03-30,0
2020-11-06,39,2787,2022-03-30,0
2020-11-07,42,2829,2022-03-30,0
2020-11-08,47,2876,2022-03-30,0
2020-11-09,37,2913,2022-03-30,0
2020-11-10,35,2948,2022-03-30,0
2020-11-11,43,2991,2022-03-30,0
2020-11-12,45,3036,2022-03-30,0
2020-11-13,40,3076,2022-03-30,0
2020-11-14,48,3124,2022-03-30,0
2020-11-15,46,3170,2022-03-30,0
2020-11-16,62,3232,2022-03-30,0
2020-11-17,56,3288,2022-03-30,0
2020-11-18,61,3349,2022-03-30,0
2020-11-19,60,3409,2022-03-30,0
2020-11-20,63,3472,2022-03-30,0
2020-11-21,58,3530,2022-03-30,0
2020-11-22,67,3597,2022-03-30,0
2020-11-23,59,3656,2022-03-30,0
2020-11-24,69,3725,2022-03-30,0
2020-11-25,72,3797,2022-03-30,0
2020-11-26,54,3851,2022-03-30,0
2020-11-27,69,3920,2022-03-30,0
2020-11-28,62,3982,2022-03-30,0
2020-11-29,68,4050,2022-03-30,0
2020-11-30,62,4112,2022-03-30,0
2020-12-01,64,4176,2022-03-30,0
2020-12-02,73,4249,2022-03-30,0
2020-12-03,86,4335,2022-03-30,0
2020-12-04,67,4402,2022-03-30,0
2020-12-05,74,4476,2022-03-30,0
2020-12-06,80,4556,2022-03-30,0
2020-12-07,75,4631,2022-03-30,0
2020-12-08,61,4692,2022-03-30,0
2020-12-09,71,4763,2022-03-30,0
2020-12-10,72,4835,2022-03-30,0
2020-12-11,71,4906,2022-03-30,0
2020-12-12,72,4978,2022-03-30,0
2020-12-13,56,5034,2022-03-30,0
2020-12-14,43,5077,2022-03-30,0
2020-12-15,65,5142,2022-03-30,0
2020-12-16,74,5216,2022-03-30,0
2020-12-17,60,5276,2022-03-30,0
2020-12-18,59,5335,2022-03-30,0
2020-12-19,56,5391,2022-03-30,0
2020-12-20,61,5452,2022-03-30,0
2020-12-21,58,5510,2022-03-30,0
2020-12-22,33,5543,2022-03-30,0
2020-12-23,46,5589,2022-03-30,0
2020-12-24,51,5640,2022-03-30,0
2020-12-25,36,5676,2022-03-30,0
2020-12-26,43,5719,2022-03-30,0
2020-12-27,41,5760,2022-03-30,0
2020-12-28,34,5794,2022-03-30,0
2020-12-29,37,5831,2022-03-30,0
2020-12-30,47,5878,2022-03-30,0
2020-12-31,36,5914,2022-03-30,0
2021-01-01,28,5942,2022-03-30,0
2021-01-02,49,5991,2022-03-30,0
2021-01-03,37,6028,2022-03-30,0
2021-01-04,32,6060,2022-03-30,0
2021-01-05,40,6100,2022-03-30,0
2021-01-06,32,6132,2022-03-30,0
2021-01-07,38,6170,2022-03-30,0
2021-01-08,32,6202,2022-03-30,0
2021-01-09,26,6228,2022-03-30,0
2021-01-10,30,6258,2022-03-30,0
2021-01-11,27,6285,2022-03-30,0
2021-01-12,32,6317,2022-03-30,0
2021-01-13,23,6340,2022-03-30,0
2021-01-14,42,6382,2022-03-30,0
2021-01-15,26,6408,2022-03-30,0
2021-01-16,30,6438,2022-03-30,0
2021-01-17,21,6459,2022-03-30,0
2021-01-18,19,6478,2022-03-30,0
2021-01-19,14,6492,2022-03-30,0
2021-01-20,26,6518,2022-03-30,0
2021-01-21,16,6534,2022-03-30,0
2021-01-22,14,6548,2022-03-30,0
2021-01-23,17,6565,2022-03-30,0
2021-01-24,24,6589,2022-03-30,0
2021-01-25,19,6608,2022-03-30,0
2021-01-26,21,6629,2022-03-30,0
2021-01-27,11,6640,2022-03-30,0
2021-01-28,12,6652,2022-03-30,0
2021-01-29,15,6667,2022-03-30,0
2021-01-30,13,6680,2022-03-30,0
2021-01-31,17,6697,2022-03-30,0
2021-02-01,17,6714,2022-03-30,0
2021-02-02,10,6724,2022-03-30,0
2021-02-03,11,6735,2022-03-30,0
2021-02-04,11,6746,2022-03-30,0
2021-02-05,13,6759,2022-03-30,0
2021-02-06,12,6771,2022-03-30,0
2021-02-07,19,6790,2022-03-30,0
2021-02-08,11,6801,2022-03-30,0
2021-02-09,15,6816,2022-03-30,0
2021-02-10,14,6830,2022-03-30,0
2021-02-11,7,6837,2022-03-30,0
2021-02-12,14,6851,2022-03-30,0
2021-02-13,8,6859,2022-03-30,0
2021-02-14,10,6869,2022-03-30,0
2021-02-15,9,6878,2022-03-30,0
2021-02-16,12,6890,2022-03-30,0
2021-02-17,10,6900,2022-03-30,0
2021-02-18,7,6907,2022-03-30,0
2021-02-19,6,6913,2022-03-30,0
2021-02-20,7,6920,2022-03-30,0
2021-02-21,4,6924,2022-03-30,0
2021-02-22,5,6929,2022-03-30,0
2021-02-23,9,6938,2022-03-30,0
2021-02-24,5,6943,2022-03-30,0
2021-02-25,5,6948,2022-03-30,0
2021-02-26,7,6955,2022-03-30,0
2021-02-27,6,6961,2022-03-30,0
2021-02-28,8,6969,2022-03-30,0
2021-03-01,7,6976,2022-03-30,0
2021-03-02,3,6979,2022-03-30,0
2021-03-03,10,6989,2022-03-30,0
2021-03-04,6,6995,2022-03-30,0
2021-03-05,10,7005,2022-03-30,0
2021-03-06,5,7010,2022-03-30,0
2021-03-07,9,7019,2022-03-30,0
2021-03-08,5,7024,2022-03-30,0
2021-03-09,7,7031,2022-03-30,0
2021-03-10,5,7036,2022-03-30,0
2021-03-11,4,7040,2022-03-30,0
2021-03-12,11,7051,2022-03-30,0
2021-03-13,5,7056,2022-03-30,0
2021-03-14,5,7061,2022-03-30,0
2021-03-15,2,7063,2022-03-30,0
2021-03-16,6,7069,2022-03-30,0
2021-03-17,4,7073,2022-03-30,0
2021-03-18,5,7078,2022-03-30,0
2021-03-19,5,7083,2022-03-30,0
2021-03-20,9,7092,2022-03-30,0
2021-03-21,5,7097,2022-03-30,0
2021-03-22,4,7101,2022-03-30,0
2021-03-23,5,7106,2022-03-30,0
2021-03-24,1,7107,2022-03-30,0
2021-03-25,5,7112,2022-03-30,0
2021-03-26,3,7115,2022-03-30,0
2021-03-27,7,7122,2022-03-30,0
2021-03-28,6,7128,2022-03-30,0
2021-03-29,5,7133,2022-03-30,0
2021-03-30,6,7139,2022-03-30,0
2021-03-31,8,7147,2022-03-30,0
2021-04-01,6,7153,2022-03-30,0
2021-04-02,9,7162,2022-03-30,0
2021-04-03,8,7170,2022-03-30,0
2021-04-04,6,7176,2022-03-30,0
2021-04-05,8,7184,2022-03-30,0
2021-04-06,7,7191,2022-03-30,0
2021-04-07,6,7197,2022-03-30,0
2021-04-08,10,7207,2022-03-30,0
2021-04-09,7,7214,2022-03-30,0
2021-04-10,7,7221,2022-03-30,0
2021-04-11,8,7229,2022-03-30,0
2021-04-12,10,7239,2022-03-30,0
2021-04-13,7,7246,2022-03-30,0
2021-04-14,8,7254,2022-03-30,0
2021-04-15,14,7268,2022-03-30,0
2021-04-16,8,7276,2022-03-30,0
2021-04-17,8,7284,2022-03-30,0
2021-04-18,8,7292,2022-03-30,0
2021-04-19,10,7302,2022-03-30,0
2021-04-20,5,7307,2022-03-30,0
2021-04-21,8,7315,2022-03-30,0
2021-04-22,3,7318,2022-03-30,0
2021-04-23,15,7333,2022-03-30,0
2021-04-24,11,7344,2022-03-30,0
2021-04-25,15,7359,2022-03-30,0
2021-04-26,15,7374,2022-03-30,0
2021-04-27,7,7381,2022-03-30,0
2021-04-28,14,7395,2022-03-30,0
2021-04-29,8,7403,2022-03-30,0
2021-04-30,11,7414,2022-03-30,0
2021-05-01,7,7421,2022-03-30,0
2021-05-02,8,7429,2022-03-30,0
2021-05-03,5,7434,2022-03-30,0
2021-05-04,13,7447,2022-03-30,0
2021-05-05,9,7456,2022-03-30,0
2021-05-06,5,7461,2022-03-30,0
2021-05-07,8,7469,2022-03-30,0
2021-05-08,7,7476,2022-03-30,0
2021-05-09,9,7485,2022-03-30,0
2021-05-10,8,7493,2022-03-30,0
2021-05-11,6,7499,2022-03-30,0
2021-05-12,9,7508,2022-03-30,0
2021-05-13,9,7517,2022-03-30,0
2021-05-14,11,7528,2022-03-30,0
2021-05-15,10,7538,2022-03-30,0
2021-05-16,6,7544,2022-03-30,0
2021-05-17,6,7550,2022-03-30,0
2021-05-18,7,7557,2022-03-30,0
2021-05-19,2,7559,2022-03-30,0
2021-05-20,5,7564,2022-03-30,0
2021-05-21,7,7571,2022-03-30,0
2021-05-22,12,7583,2022-03-30,0
2021-05-23,5,7588,2022-03-30,0
2021-05-24,5,7593,2022-03-30,0
2021-05-25,6,7599,2022-03-30,0
2021-05-26,3,7602,2022-03-30,0
2021-05-27,7,7609,2022-03-30,0
2021-05-28,2,7611,2022-03-30,0
2021-05-29,6,7617,2022-03-30,0
2021-05-30,4,7621,2022-03-30,0
2021-05-31,3,7624,2022-03-30,0
2021-06-01,5,7629,2022-03-30,0
2021-06-02,8,7637,2022-03-30,0
2021-06-03,4,7641,2022-03-30,0
2021-06-04,4,7645,2022-03-30,0
2021-06-05,2,7647,2022-03-30,0
2021-06-06,5,7652,2022-03-30,0
2021-06-07,3,7655,2022-03-30,0
2021-06-08,5,7660,2022-03-30,0
2021-06-09,4,7664,2022-03-30,0
2021-06-10,6,7670,2022-03-30,0
2021-06-11,6,7676,2022-03-30,0
2021-06-12,4,7680,2022-03-30,0
2021-06-13,4,7684,2022-03-30,0
2021-06-14,3,7687,2022-03-30,0
2021-06-15,2,7689,2022-03-30,0
2021-06-16,2,7691,2022-03-30,0
2021-06-17,4,7695,2022-03-30,0
2021-06-18,2,7697,2022-03-30,0
2021-06-19,6,7703,2022-03-30,0
2021-06-20,1,7704,2022-03-30,0
2021-06-21,5,7709,2022-03-30,0
2021-06-22,3,7712,2022-03-30,0
2021-06-23,4,7716,2022-03-30,0
2021-06-24,3,7719,2022-03-30,0
2021-06-25,3,7722,2022-03-30,0
2021-06-26,4,7726,2022-03-30,0
2021-06-27,2,7728,2022-03-30,0
2021-06-28,2,7730,2022-03-30,0
2021-06-29,2,7732,2022-03-30,0
2021-06-30,2,7734,2022-03-30,0
2021-07-01,0,7734,2022-03-30,0
2021-07-02,2,7736,2022-03-30,0
2021-07-03,2,7738,2022-03-30,0
2021-07-04,3,7741,2022-03-30,0
2021-07-05,1,7742,2022-03-30,0
2021-07-06,5,7747,2022-03-30,0
2021-07-07,1,7748,2022-03-30,0
2021-07-08,1,7749,2022-03-30,0
2021-07-09,0,7749,2022-03-30,0
2021-07-10,2,7751,2022-03-30,0
2021-07-11,3,7754,2022-03-30,0
2021-07-12,1,7755,2022-03-30,0
2021-07-13,2,7757,2022-03-30,0
2021-07-14,2,7759,2022-03-30,0
2021-07-15,2,7761,2022-03-30,0
2021-07-16,1,7762,2022-03-30,0
2021-07-17,1,7763,2022-03-30,0
2021-07-18,0,7763,2022-03-30,0
2021-07-19,0,7763,2022-03-30,0
2021-07-20,2,7765,2022-03-30,0
2021-07-21,3,7768,2022-03-30,0
2021-07-22,2,7770,2022-03-30,0
2021-07-23,3,7773,2022-03-30,0
2021-07-24,0,7773,2022-03-30,0
2021-07-25,2,7775,2022-03-30,0
2021-07-26,1,7776,2022-03-30,0
2021-07-27,2,7778,2022-03-30,0
2021-07-28,3,7781,2022-03-30,0
2021-07-29,2,7783,2022-03-30,0
2021-07-30,5,7788,2022-03-30,0
2021-07-31,4,7792,2022-03-30,0
2021-08-01,1,7793,2022-03-30,0
2021-08-02,3,7796,2022-03-30,0
2021-08-03,2,7798,2022-03-30,0
2021-08-04,3,7801,2022-03-30,0
2021-08-05,2,7803,2022-03-30,0
2021-08-06,8,7811,2022-03-30,0
2021-08-07,3,7814,2022-03-30,0
2021-08-08,3,7817,2022-03-30,0
2021-08-09,3,7820,2022-03-30,0
2021-08-10,2,7822,2022-03-30,0
2021-08-11,2,7824,2022-03-30,0
2021-08-12,7,7831,2022-03-30,0
2021-08-13,5,7836,2022-03-30,0
2021-08-14,6,7842,2022-03-30,0
2021-08-15,0,7842,2022-03-30,0
2021-08-16,7,7849,2022-03-30,0
2021-08-17,7,7856,2022-03-30,0
2021-08-18,9,7865,2022-03-30,0
2021-08-19,2,7867,2022-03-30,0
2021-08-20,3,7870,2022-03-30,0
2021-08-21,5,7875,2022-03-30,0
2021-08-22,7,7882,2022-03-30,0
2021-08-23,5,7887,2022-03-30,0
2021-08-24,12,7899,2022-03-30,0
2021-08-25,7,7906,2022-03-30,0
2021-08-26,2,7908,2022-03-30,0
2021-08-27,6,7914,2022-03-30,0
2021-08-28,11,7925,2022-03-30,0
2021-08-29,11,7936,2022-03-30,0
2021-08-30,8,7944,2022-03-30,0
2021-08-31,8,7952,2022-03-30,0
2021-09-01,6,7958,2022-03-30,0
2021-09-02,6,7964,2022-03-30,0
2021-09-03,9,7973,2022-03-30,0
2021-09-04,9,7982,2022-03-30,0
2021-09-05,10,7992,2022-03-30,0
2021-09-06,8,8000,2022-03-30,0
2021-09-07,7,8007,2022-03-30,0
2021-09-08,11,8018,2022-03-30,0
2021-09-09,5,8023,2022-03-30,0
2021-09-10,9,8032,2022-03-30,0
2021-09-11,17,8049,2022-03-30,0
2021-09-12,10,8059,2022-03-30,0
2021-09-13,8,8067,2022-03-30,0
2021-09-14,11,8078,2022-03-30,0
2021-09-15,14,8092,2022-03-30,0
2021-09-16,16,8108,2022-03-30,0
2021-09-17,8,8116,2022-03-30,0
2021-09-18,15,8131,2022-03-30,0
2021-09-19,11,8142,2022-03-30,0
2021-09-20,16,8158,2022-03-30,0
2021-09-21,16,8174,2022-03-30,0
2021-09-22,17,8191,2022-03-30,0
2021-09-23,13,8204,2022-03-30,0
2021-09-24,13,8217,2022-03-30,0
2021-09-25,16,8233,2022-03-30,0
2021-09-26,15,8248,2022-03-30,0
2021-09-27,15,8263,2022-03-30,0
2021-09-28,11,8274,2022-03-30,0
2021-09-29,21,8295,2022-03-30,0
2021-09-30,17,8312,2022-03-30,0
2021-10-01,13,8325,2022-03-30,0
2021-10-02,15,8340,2022-03-30,0
2021-10-03,23,8363,2022-03-30,0
2021-10-04,15,8378,2022-03-30,0
2021-10-05,23,8401,2022-03-30,0
2021-10-06,21,8422,2022-03-30,0
2021-10-07,14,8436,2022-03-30,0
2021-10-08,22,8458,2022-03-30,0
2021-10-09,20,8478,2022-03-30,0
2021-10-10,14,8492,2022-03-30,0
2021-10-11,11,8503,2022-03-30,0
2021-10-12,25,8528,2022-03-30,0
2021-10-13,21,8549,2022-03-30,0
2021-10-14,22,8571,2022-03-30,0
2021-10-15,14,8585,2022-03-30,0
2021-10-16,20,8605,2022-03-30,0
2021-10-17,18,8623,2022-03-30,0
2021-10-18,17,8640,2022-03-30,0
2021-10-19,26,8666,2022-03-30,0
2021-10-20,17,8683,2022-03-30,0
2021-10-21,8,8691,2022-03-30,0
2021-10-22,23,8714,2022-03-30,0
2021-10-23,24,8738,2022-03-30,0
2021-10-24,25,8763,2022-03-30,0
2021-10-25,20,8783,2022-03-30,0
2021-10-26,22,8805,2022-03-30,0
2021-10-27,16,8821,2022-03-30,0
2021-10-28,24,8845,2022-03-30,0
2021-10-29,20,8865,2022-03-30,0
2021-10-30,20,8885,2022-03-30,0
2021-10-31,27,8912,2022-03-30,0
2021-11-01,18,8930,2022-03-30,0
2021-11-02,18,8948,2022-03-30,0
2021-11-03,28,8976,2022-03-30,0
2021-11-04,29,9005,2022-03-30,0
2021-11-05,29,9034,2022-03-30,0
2021-11-06,16,9050,2022-03-30,0
2021-11-07,24,9074,2022-03-30,0
2021-11-08,28,9102,2022-03-30,0
2021-11-09,17,9119,2022-03-30,0
2021-11-10,18,9137,2022-03-30,0
2021-11-11,28,9165,2022-03-30,0
2021-11-12,29,9194,2022-03-30,0
2021-11-13,31,9225,2022-03-30,0
2021-11-14,24,9249,2022-03-30,0
2021-11-15,28,9277,2022-03-30,0
2021-11-16,25,9302,2022-03-30,0
2021-11-17,37,9339,2022-03-30,0
2021-11-18,38,9377,2022-03-30,0
2021-11-19,34,9411,2022-03-30,0
2021-11-20,30,9441,2022-03-30,0
2021-11-21,32,9473,2022-03-30,0
2021-11-22,30,9503,2022-03-30,0
2021-11-23,32,9535,2022-03-30,0
2021-11-24,25,9560,2022-03-30,0
2021-11-25,35,9595,2022-03-30,0
2021-11-26,51,9646,2022-03-30,0
2021-11-27,36,9682,2022-03-30,0
2021-11-28,39,9721,2022-03-30,0
2021-11-29,29,9750,2022-03-30,0
2021-11-30,30,9780,2022-03-30,0
2021-12-01,47,9827,2022-03-30,0
2021-12-02,40,9867,2022-03-30,0
2021-12-03,31,9898,2022-03-30,0
2021-12-04,42,9940,2022-03-30,0
2021-12-05,36,9976,2022-03-30,0
2021-12-06,36,10012,2022-03-30,0
2021-12-07,36,10048,2022-03-30,0
2021-12-08,39,10087,2022-03-30,0
2021-12-09,47,10134,2022-03-30,0
2021-12-10,34,10168,2022-03-30,0
2021-12-11,27,10195,2022-03-30,0
2021-12-12,37,10232,2022-03-30,0
2021-12-13,34,10266,2022-03-30,0
2021-12-14,35,10301,2022-03-30,0
2021-12-15,42,10343,2022-03-30,0
2021-12-16,33,10376,2022-03-30,0
2021-12-17,41,10417,2022-03-30,0
2021-12-18,33,10450,2022-03-30,0
2021-12-19,31,10481,2022-03-30,0
2021-12-20,33,10514,2022-03-30,0
2021-12-21,28,10542,2022-03-30,0
2021-12-22,29,10571,2022-03-30,0
2021-12-23,28,10599,2022-03-30,0
2021-12-24,30,10629,2022-03-30,0
2021-12-25,28,10657,2022-03-30,0
2021-12-26,42,10699,2022-03-30,0
2021-12-27,32,10731,2022-03-30,0
2021-12-28,35,10766,2022-03-30,0
2021-12-29,31,10797,2022-03-30,0
2021-12-30,21,10818,2022-03-30,0
2021-12-31,40,10858,2022-03-30,0
2022-01-01,27,10885,2022-03-30,0
2022-01-02,22,10907,2022-03-30,0
2022-01-03,23,10930,2022-03-30,0
2022-01-04,30,10960,2022-03-30,0
2022-01-05,32,10992,2022-03-30,0
2022-01-06,32,11024,2022-03-30,0
2022-01-07,28,11052,2022-03-30,0
2022-01-08,43,11095,2022-03-30,0
2022-01-09,19,11114,2022-03-30,0
2022-01-10,31,11145,2022-03-30,0
2022-01-11,20,11165,2022-03-30,0
2022-01-12,21,11186,2022-03-30,0
2022-01-13,28,11214,2022-03-30,0
2022-01-14,33,11247,2022-03-30,0
2022-01-15,26,11273,2022-03-30,0
2022-01-16,34,11307,2022-03-30,1
2022-01-17,36,11343,2022-03-30,0
2022-01-18,26,11369,2022-03-30,0
2022-01-19,29,11398,2022-03-30,0
2022-01-20,31,11429,2022-03-30,0
2022-01-21,27,11456,2022-03-30,0
2022-01-22,29,11485,2022-03-30,0
2022-01-23,24,11509,2022-03-30,1
2022-01-24,38,11547,2022-03-30,1
2022-01-25,33,11580,2022-03-30,0
2022-01-26,35,11615,2022-03-30,0
2022-01-27,37,11652,2022-03-30,0
2022-01-28,31,11683,2022-03-30,0
2022-01-29,31,11714,2022-03-30,0
2022-01-30,27,11741,2022-03-30,0
2022-01-31,18,11759,2022-03-30,0
2022-02-01,25,11784,2022-03-30,0
2022-02-02,23,11807,2022-03-30,0
2022-02-03,30,11837,2022-03-30,0
2022-02-04,22,11859,2022-03-30,1
2022-02-05,28,11887,2022-03-30,0
2022-02-06,28,11915,2022-03-30,0
2022-02-07,20,11935,2022-03-30,1
2022-02-08,27,11962,2022-03-30,0
2022-02-09,25,11987,2022-03-30,0
2022-02-10,21,12008,2022-03-30,0
2022-02-11,19,12027,2022-03-30,0
2022-02-12,16,12043,2022-03-30,0
2022-02-13,19,12062,2022-03-30,0
2022-02-14,17,12079,2022-03-30,0
2022-02-15,21,12100,2022-03-30,0
2022-02-16,14,12114,2022-03-30,0
2022-02-17,16,12130,2022-03-30,0
2022-02-18,15,12145,2022-03-30,0
2022-02-19,21,12166,2022-03-30,0
2022-02-20,15,12181,2022-03-30,0
2022-02-21,6,12187,2022-03-30,0
2022-02-22,14,12201,2022-03-30,0
2022-02-23,9,12210,2022-03-30,0
2022-02-24,26,12236,2022-03-30,0
2022-02-25,9,12245,2022-03-30,0
2022-02-26,10,12255,2022-03-30,0
2022-02-27,10,12265,2022-03-30,0
2022-02-28,8,12273,2022-03-30,0
2022-03-01,6,12279,2022-03-30,0
2022-03-02,9,12288,2022-03-30,0
2022-03-03,6,12294,2022-03-30,0
2022-03-04,11,12305,2022-03-30,0
2022-03-05,6,12311,2022-03-30,0
2022-03-06,10,12321,2022-03-30,0
2022-03-07,4,12325,2022-03-30,0
2022-03-08,5,12330,2022-03-30,0
2022-03-09,11,12341,2022-03-30,0
2022-03-10,9,12350,2022-03-30,0
2022-03-11,8,12358,2022-03-30,0
2022-03-12,0,12358,2022-03-30,0
2022-03-13,4,12362,2022-03-30,0
2022-03-14,4,12366,2022-03-30,0
2022-03-15,3,12369,2022-03-30,0
2022-03-16,0,12369,2022-03-30,0
2022-03-17,6,12375,2022-03-30,0
2022-03-18,2,12377,2022-03-30,0
2022-03-19,3,12380,2022-03-30,0
2022-03-20,8,12388,2022-03-30,0
2022-03-21,2,12390,2022-03-30,0
2022-03-22,3,12393,2022-03-30,0
2022-03-23,3,12396,2022-03-30,1
2022-03-24,2,12398,2022-03-30,2
2022-03-25,1,12399,2022-03-30,1
2022-03-26,1,12400,2022-03-30,1
2022-03-27,1,12401,2022-03-30,1
NA,0,12401,2022-03-30,0
2020-03-19,1,1,2022-03-31,0
2020-03-20,0,1,2022-03-31,0
2020-03-21,0,1,2022-03-31,0
2020-03-22,0,1,2022-03-31,0
2020-03-23,0,1,2022-03-31,0
2020-03-24,1,2,2022-03-31,0
2020-03-25,1,3,2022-03-31,0
2020-03-26,1,4,2022-03-31,0
2020-03-27,5,9,2022-03-31,0
2020-03-28,3,12,2022-03-31,0
2020-03-29,0,12,2022-03-31,0
2020-03-30,5,17,2022-03-31,0
2020-03-31,2,19,2022-03-31,0
2020-04-01,5,24,2022-03-31,0
2020-04-02,3,27,2022-03-31,0
2020-04-03,1,28,2022-03-31,0
2020-04-04,5,33,2022-03-31,0
2020-04-05,5,38,2022-03-31,0
2020-04-06,10,48,2022-03-31,0
2020-04-07,6,54,2022-03-31,0
2020-04-08,7,61,2022-03-31,0
2020-04-09,8,69,2022-03-31,0
2020-04-10,6,75,2022-03-31,0
2020-04-11,4,79,2022-03-31,0
2020-04-12,4,83,2022-03-31,0
2020-04-13,10,93,2022-03-31,0
2020-04-14,6,99,2022-03-31,0
2020-04-15,17,116,2022-03-31,0
2020-04-16,10,126,2022-03-31,0
2020-04-17,17,143,2022-03-31,0
2020-04-18,17,160,2022-03-31,0
2020-04-19,16,176,2022-03-31,0
2020-04-20,21,197,2022-03-31,0
2020-04-21,26,223,2022-03-31,0
2020-04-22,21,244,2022-03-31,0
2020-04-23,19,263,2022-03-31,0
2020-04-24,23,286,2022-03-31,0
2020-04-25,18,304,2022-03-31,0
2020-04-26,17,321,2022-03-31,0
2020-04-27,21,342,2022-03-31,0
2020-04-28,16,358,2022-03-31,0
2020-04-29,29,387,2022-03-31,0
2020-04-30,18,405,2022-03-31,0
2020-05-01,30,435,2022-03-31,0
2020-05-02,19,454,2022-03-31,0
2020-05-03,29,483,2022-03-31,0
2020-05-04,23,506,2022-03-31,0
2020-05-05,19,525,2022-03-31,0
2020-05-06,25,550,2022-03-31,0
2020-05-07,30,580,2022-03-31,0
2020-05-08,20,600,2022-03-31,0
2020-05-09,26,626,2022-03-31,0
2020-05-10,19,645,2022-03-31,0
2020-05-11,25,670,2022-03-31,0
2020-05-12,20,690,2022-03-31,0
2020-05-13,22,712,2022-03-31,0
2020-05-14,20,732,2022-03-31,0
2020-05-15,20,752,2022-03-31,0
2020-05-16,20,772,2022-03-31,0
2020-05-17,23,795,2022-03-31,0
2020-05-18,18,813,2022-03-31,0
2020-05-19,35,848,2022-03-31,0
2020-05-20,24,872,2022-03-31,0
2020-05-21,17,889,2022-03-31,0
2020-05-22,20,909,2022-03-31,0
2020-05-23,26,935,2022-03-31,0
2020-05-24,25,960,2022-03-31,0
2020-05-25,30,990,2022-03-31,0
2020-05-26,29,1019,2022-03-31,0
2020-05-27,25,1044,2022-03-31,0
2020-05-28,21,1065,2022-03-31,0
2020-05-29,17,1082,2022-03-31,0
2020-05-30,11,1093,2022-03-31,0
2020-05-31,20,1113,2022-03-31,0
2020-06-01,23,1136,2022-03-31,0
2020-06-02,21,1157,2022-03-31,0
2020-06-03,25,1182,2022-03-31,0
2020-06-04,26,1208,2022-03-31,0
2020-06-05,18,1226,2022-03-31,0
2020-06-06,12,1238,2022-03-31,0
2020-06-07,22,1260,2022-03-31,0
2020-06-08,12,1272,2022-03-31,0
2020-06-09,13,1285,2022-03-31,0
2020-06-10,10,1295,2022-03-31,0
2020-06-11,12,1307,2022-03-31,0
2020-06-12,11,1318,2022-03-31,0
2020-06-13,13,1331,2022-03-31,0
2020-06-14,11,1342,2022-03-31,0
2020-06-15,8,1350,2022-03-31,0
2020-06-16,9,1359,2022-03-31,0
2020-06-17,17,1376,2022-03-31,0
2020-06-18,9,1385,2022-03-31,0
2020-06-19,8,1393,2022-03-31,0
2020-06-20,12,1405,2022-03-31,0
2020-06-21,11,1416,2022-03-31,0
2020-06-22,6,1422,2022-03-31,0
2020-06-23,10,1432,2022-03-31,0
2020-06-24,1,1433,2022-03-31,0
2020-06-25,9,1442,2022-03-31,0
2020-06-26,6,1448,2022-03-31,0
2020-06-27,5,1453,2022-03-31,0
2020-06-28,11,1464,2022-03-31,0
2020-06-29,7,1471,2022-03-31,0
2020-06-30,9,1480,2022-03-31,0
2020-07-01,2,1482,2022-03-31,0
2020-07-02,3,1485,2022-03-31,0
2020-07-03,5,1490,2022-03-31,0
2020-07-04,4,1494,2022-03-31,0
2020-07-05,6,1500,2022-03-31,0
2020-07-06,4,1504,2022-03-31,0
2020-07-07,2,1506,2022-03-31,0
2020-07-08,9,1515,2022-03-31,0
2020-07-09,4,1519,2022-03-31,0
2020-07-10,3,1522,2022-03-31,0
2020-07-11,4,1526,2022-03-31,0
2020-07-12,6,1532,2022-03-31,0
2020-07-13,2,1534,2022-03-31,0
2020-07-14,6,1540,2022-03-31,0
2020-07-15,7,1547,2022-03-31,0
2020-07-16,3,1550,2022-03-31,0
2020-07-17,7,1557,2022-03-31,0
2020-07-18,6,1563,2022-03-31,0
2020-07-19,5,1568,2022-03-31,0
2020-07-20,3,1571,2022-03-31,0
2020-07-21,6,1577,2022-03-31,0
2020-07-22,5,1582,2022-03-31,0
2020-07-23,8,1590,2022-03-31,0
2020-07-24,6,1596,2022-03-31,0
2020-07-25,2,1598,2022-03-31,0
2020-07-26,5,1603,2022-03-31,0
2020-07-27,5,1608,2022-03-31,0
2020-07-28,7,1615,2022-03-31,0
2020-07-29,3,1618,2022-03-31,0
2020-07-30,6,1624,2022-03-31,0
2020-07-31,9,1633,2022-03-31,0
2020-08-01,4,1637,2022-03-31,0
2020-08-02,7,1644,2022-03-31,0
2020-08-03,4,1648,2022-03-31,0
2020-08-04,7,1655,2022-03-31,0
2020-08-05,8,1663,2022-03-31,0
2020-08-06,9,1672,2022-03-31,0
2020-08-07,7,1679,2022-03-31,0
2020-08-08,6,1685,2022-03-31,0
2020-08-09,10,1695,2022-03-31,0
2020-08-10,3,1698,2022-03-31,0
2020-08-11,9,1707,2022-03-31,0
2020-08-12,7,1714,2022-03-31,0
2020-08-13,5,1719,2022-03-31,0
2020-08-14,9,1728,2022-03-31,0
2020-08-15,13,1741,2022-03-31,0
2020-08-16,13,1754,2022-03-31,0
2020-08-17,6,1760,2022-03-31,0
2020-08-18,11,1771,2022-03-31,0
2020-08-19,3,1774,2022-03-31,0
2020-08-20,10,1784,2022-03-31,0
2020-08-21,12,1796,2022-03-31,0
2020-08-22,9,1805,2022-03-31,0
2020-08-23,7,1812,2022-03-31,0
2020-08-24,9,1821,2022-03-31,0
2020-08-25,4,1825,2022-03-31,0
2020-08-26,3,1828,2022-03-31,0
2020-08-27,7,1835,2022-03-31,0
2020-08-28,6,1841,2022-03-31,0
2020-08-29,3,1844,2022-03-31,0
2020-08-30,5,1849,2022-03-31,0
2020-08-31,9,1858,2022-03-31,0
2020-09-01,2,1860,2022-03-31,0
2020-09-02,7,1867,2022-03-31,0
2020-09-03,12,1879,2022-03-31,0
2020-09-04,4,1883,2022-03-31,0
2020-09-05,6,1889,2022-03-31,0
2020-09-06,12,1901,2022-03-31,0
2020-09-07,3,1904,2022-03-31,0
2020-09-08,6,1910,2022-03-31,0
2020-09-09,10,1920,2022-03-31,0
2020-09-10,9,1929,2022-03-31,0
2020-09-11,11,1940,2022-03-31,0
2020-09-12,8,1948,2022-03-31,0
2020-09-13,8,1956,2022-03-31,0
2020-09-14,2,1958,2022-03-31,0
2020-09-15,7,1965,2022-03-31,0
2020-09-16,9,1974,2022-03-31,0
2020-09-17,5,1979,2022-03-31,0
2020-09-18,6,1985,2022-03-31,0
2020-09-19,4,1989,2022-03-31,0
2020-09-20,9,1998,2022-03-31,0
2020-09-21,7,2005,2022-03-31,0
2020-09-22,8,2013,2022-03-31,0
2020-09-23,9,2022,2022-03-31,0
2020-09-24,8,2030,2022-03-31,0
2020-09-25,11,2041,2022-03-31,0
2020-09-26,9,2050,2022-03-31,0
2020-09-27,14,2064,2022-03-31,0
2020-09-28,11,2075,2022-03-31,0
2020-09-29,5,2080,2022-03-31,0
2020-09-30,16,2096,2022-03-31,0
2020-10-01,7,2103,2022-03-31,0
2020-10-02,13,2116,2022-03-31,0
2020-10-03,9,2125,2022-03-31,0
2020-10-04,7,2132,2022-03-31,0
2020-10-05,10,2142,2022-03-31,0
2020-10-06,13,2155,2022-03-31,0
2020-10-07,19,2174,2022-03-31,0
2020-10-08,9,2183,2022-03-31,0
2020-10-09,17,2200,2022-03-31,0
2020-10-10,16,2216,2022-03-31,0
2020-10-11,16,2232,2022-03-31,0
2020-10-12,20,2252,2022-03-31,0
2020-10-13,14,2266,2022-03-31,0
2020-10-14,10,2276,2022-03-31,0
2020-10-15,9,2285,2022-03-31,0
2020-10-16,12,2297,2022-03-31,0
2020-10-17,18,2315,2022-03-31,0
2020-10-18,25,2340,2022-03-31,0
2020-10-19,18,2358,2022-03-31,0
2020-10-20,15,2373,2022-03-31,0
2020-10-21,24,2397,2022-03-31,0
2020-10-22,18,2415,2022-03-31,0
2020-10-23,19,2434,2022-03-31,0
2020-10-24,8,2442,2022-03-31,0
2020-10-25,17,2459,2022-03-31,0
2020-10-26,25,2484,2022-03-31,0
2020-10-27,23,2507,2022-03-31,0
2020-10-28,29,2536,2022-03-31,0
2020-10-29,18,2554,2022-03-31,0
2020-10-30,27,2581,2022-03-31,0
2020-10-31,25,2606,2022-03-31,0
2020-11-01,21,2627,2022-03-31,0
2020-11-02,25,2652,2022-03-31,0
2020-11-03,25,2677,2022-03-31,0
2020-11-04,33,2710,2022-03-31,0
2020-11-05,38,2748,2022-03-31,0
2020-11-06,39,2787,2022-03-31,0
2020-11-07,42,2829,2022-03-31,0
2020-11-08,47,2876,2022-03-31,0
2020-11-09,37,2913,2022-03-31,0
2020-11-10,35,2948,2022-03-31,0
2020-11-11,43,2991,2022-03-31,0
2020-11-12,45,3036,2022-03-31,0
2020-11-13,40,3076,2022-03-31,0
2020-11-14,48,3124,2022-03-31,0
2020-11-15,46,3170,2022-03-31,0
2020-11-16,62,3232,2022-03-31,0
2020-11-17,56,3288,2022-03-31,0
2020-11-18,61,3349,2022-03-31,0
2020-11-19,60,3409,2022-03-31,0
2020-11-20,63,3472,2022-03-31,0
2020-11-21,58,3530,2022-03-31,0
2020-11-22,67,3597,2022-03-31,0
2020-11-23,59,3656,2022-03-31,0
2020-11-24,69,3725,2022-03-31,0
2020-11-25,72,3797,2022-03-31,0
2020-11-26,54,3851,2022-03-31,0
2020-11-27,69,3920,2022-03-31,0
2020-11-28,62,3982,2022-03-31,0
2020-11-29,68,4050,2022-03-31,0
2020-11-30,62,4112,2022-03-31,0
2020-12-01,64,4176,2022-03-31,0
2020-12-02,73,4249,2022-03-31,0
2020-12-03,86,4335,2022-03-31,0
2020-12-04,67,4402,2022-03-31,0
2020-12-05,74,4476,2022-03-31,0
2020-12-06,80,4556,2022-03-31,0
2020-12-07,75,4631,2022-03-31,0
2020-12-08,61,4692,2022-03-31,0
2020-12-09,71,4763,2022-03-31,0
2020-12-10,72,4835,2022-03-31,0
2020-12-11,71,4906,2022-03-31,0
2020-12-12,72,4978,2022-03-31,0
2020-12-13,56,5034,2022-03-31,0
2020-12-14,43,5077,2022-03-31,0
2020-12-15,65,5142,2022-03-31,0
2020-12-16,74,5216,2022-03-31,0
2020-12-17,60,5276,2022-03-31,0
2020-12-18,59,5335,2022-03-31,0
2020-12-19,56,5391,2022-03-31,0
2020-12-20,61,5452,2022-03-31,0
2020-12-21,58,5510,2022-03-31,0
2020-12-22,33,5543,2022-03-31,0
2020-12-23,46,5589,2022-03-31,0
2020-12-24,51,5640,2022-03-31,0
2020-12-25,36,5676,2022-03-31,0
2020-12-26,43,5719,2022-03-31,0
2020-12-27,41,5760,2022-03-31,0
2020-12-28,34,5794,2022-03-31,0
2020-12-29,37,5831,2022-03-31,0
2020-12-30,47,5878,2022-03-31,0
2020-12-31,36,5914,2022-03-31,0
2021-01-01,28,5942,2022-03-31,0
2021-01-02,49,5991,2022-03-31,0
2021-01-03,37,6028,2022-03-31,0
2021-01-04,32,6060,2022-03-31,0
2021-01-05,40,6100,2022-03-31,0
2021-01-06,32,6132,2022-03-31,0
2021-01-07,38,6170,2022-03-31,0
2021-01-08,32,6202,2022-03-31,0
2021-01-09,26,6228,2022-03-31,0
2021-01-10,30,6258,2022-03-31,0
2021-01-11,27,6285,2022-03-31,0
2021-01-12,32,6317,2022-03-31,0
2021-01-13,23,6340,2022-03-31,0
2021-01-14,42,6382,2022-03-31,0
2021-01-15,26,6408,2022-03-31,0
2021-01-16,30,6438,2022-03-31,0
2021-01-17,21,6459,2022-03-31,0
2021-01-18,19,6478,2022-03-31,0
2021-01-19,14,6492,2022-03-31,0
2021-01-20,26,6518,2022-03-31,0
2021-01-21,16,6534,2022-03-31,0
2021-01-22,14,6548,2022-03-31,0
2021-01-23,17,6565,2022-03-31,0
2021-01-24,24,6589,2022-03-31,0
2021-01-25,19,6608,2022-03-31,0
2021-01-26,21,6629,2022-03-31,0
2021-01-27,11,6640,2022-03-31,0
2021-01-28,12,6652,2022-03-31,0
2021-01-29,15,6667,2022-03-31,0
2021-01-30,13,6680,2022-03-31,0
2021-01-31,17,6697,2022-03-31,0
2021-02-01,17,6714,2022-03-31,0
2021-02-02,10,6724,2022-03-31,0
2021-02-03,11,6735,2022-03-31,0
2021-02-04,11,6746,2022-03-31,0
2021-02-05,13,6759,2022-03-31,0
2021-02-06,12,6771,2022-03-31,0
2021-02-07,19,6790,2022-03-31,0
2021-02-08,11,6801,2022-03-31,0
2021-02-09,15,6816,2022-03-31,0
2021-02-10,14,6830,2022-03-31,0
2021-02-11,7,6837,2022-03-31,0
2021-02-12,14,6851,2022-03-31,0
2021-02-13,8,6859,2022-03-31,0
2021-02-14,10,6869,2022-03-31,0
2021-02-15,9,6878,2022-03-31,0
2021-02-16,12,6890,2022-03-31,0
2021-02-17,10,6900,2022-03-31,0
2021-02-18,7,6907,2022-03-31,0
2021-02-19,6,6913,2022-03-31,0
2021-02-20,7,6920,2022-03-31,0
2021-02-21,4,6924,2022-03-31,0
2021-02-22,5,6929,2022-03-31,0
2021-02-23,9,6938,2022-03-31,0
2021-02-24,5,6943,2022-03-31,0
2021-02-25,5,6948,2022-03-31,0
2021-02-26,7,6955,2022-03-31,0
2021-02-27,6,6961,2022-03-31,0
2021-02-28,8,6969,2022-03-31,0
2021-03-01,7,6976,2022-03-31,0
2021-03-02,3,6979,2022-03-31,0
2021-03-03,10,6989,2022-03-31,0
2021-03-04,6,6995,2022-03-31,0
2021-03-05,10,7005,2022-03-31,0
2021-03-06,5,7010,2022-03-31,0
2021-03-07,9,7019,2022-03-31,0
2021-03-08,5,7024,2022-03-31,0
2021-03-09,7,7031,2022-03-31,0
2021-03-10,5,7036,2022-03-31,0
2021-03-11,4,7040,2022-03-31,0
2021-03-12,11,7051,2022-03-31,0
2021-03-13,5,7056,2022-03-31,0
2021-03-14,5,7061,2022-03-31,0
2021-03-15,2,7063,2022-03-31,0
2021-03-16,6,7069,2022-03-31,0
2021-03-17,4,7073,2022-03-31,0
2021-03-18,5,7078,2022-03-31,0
2021-03-19,5,7083,2022-03-31,0
2021-03-20,9,7092,2022-03-31,0
2021-03-21,5,7097,2022-03-31,0
2021-03-22,4,7101,2022-03-31,0
2021-03-23,5,7106,2022-03-31,0
2021-03-24,1,7107,2022-03-31,0
2021-03-25,5,7112,2022-03-31,0
2021-03-26,3,7115,2022-03-31,0
2021-03-27,7,7122,2022-03-31,0
2021-03-28,6,7128,2022-03-31,0
2021-03-29,5,7133,2022-03-31,0
2021-03-30,6,7139,2022-03-31,0
2021-03-31,8,7147,2022-03-31,0
2021-04-01,6,7153,2022-03-31,0
2021-04-02,9,7162,2022-03-31,0
2021-04-03,8,7170,2022-03-31,0
2021-04-04,6,7176,2022-03-31,0
2021-04-05,8,7184,2022-03-31,0
2021-04-06,7,7191,2022-03-31,0
2021-04-07,6,7197,2022-03-31,0
2021-04-08,10,7207,2022-03-31,0
2021-04-09,7,7214,2022-03-31,0
2021-04-10,7,7221,2022-03-31,0
2021-04-11,8,7229,2022-03-31,0
2021-04-12,10,7239,2022-03-31,0
2021-04-13,7,7246,2022-03-31,0
2021-04-14,8,7254,2022-03-31,0
2021-04-15,14,7268,2022-03-31,0
2021-04-16,8,7276,2022-03-31,0
2021-04-17,8,7284,2022-03-31,0
2021-04-18,8,7292,2022-03-31,0
2021-04-19,10,7302,2022-03-31,0
2021-04-20,5,7307,2022-03-31,0
2021-04-21,8,7315,2022-03-31,0
2021-04-22,3,7318,2022-03-31,0
2021-04-23,15,7333,2022-03-31,0
2021-04-24,11,7344,2022-03-31,0
2021-04-25,15,7359,2022-03-31,0
2021-04-26,15,7374,2022-03-31,0
2021-04-27,7,7381,2022-03-31,0
2021-04-28,14,7395,2022-03-31,0
2021-04-29,8,7403,2022-03-31,0
2021-04-30,11,7414,2022-03-31,0
2021-05-01,7,7421,2022-03-31,0
2021-05-02,8,7429,2022-03-31,0
2021-05-03,5,7434,2022-03-31,0
2021-05-04,13,7447,2022-03-31,0
2021-05-05,9,7456,2022-03-31,0
2021-05-06,5,7461,2022-03-31,0
2021-05-07,8,7469,2022-03-31,0
2021-05-08,7,7476,2022-03-31,0
2021-05-09,9,7485,2022-03-31,0
2021-05-10,8,7493,2022-03-31,0
2021-05-11,6,7499,2022-03-31,0
2021-05-12,9,7508,2022-03-31,0
2021-05-13,9,7517,2022-03-31,0
2021-05-14,11,7528,2022-03-31,0
2021-05-15,10,7538,2022-03-31,0
2021-05-16,6,7544,2022-03-31,0
2021-05-17,6,7550,2022-03-31,0
2021-05-18,7,7557,2022-03-31,0
2021-05-19,2,7559,2022-03-31,0
2021-05-20,5,7564,2022-03-31,0
2021-05-21,7,7571,2022-03-31,0
2021-05-22,12,7583,2022-03-31,0
2021-05-23,5,7588,2022-03-31,0
2021-05-24,5,7593,2022-03-31,0
2021-05-25,6,7599,2022-03-31,0
2021-05-26,3,7602,2022-03-31,0
2021-05-27,7,7609,2022-03-31,0
2021-05-28,2,7611,2022-03-31,0
2021-05-29,6,7617,2022-03-31,0
2021-05-30,4,7621,2022-03-31,0
2021-05-31,3,7624,2022-03-31,0
2021-06-01,5,7629,2022-03-31,0
2021-06-02,8,7637,2022-03-31,0
2021-06-03,4,7641,2022-03-31,0
2021-06-04,4,7645,2022-03-31,0
2021-06-05,2,7647,2022-03-31,0
2021-06-06,5,7652,2022-03-31,0
2021-06-07,3,7655,2022-03-31,0
2021-06-08,5,7660,2022-03-31,0
2021-06-09,4,7664,2022-03-31,0
2021-06-10,6,7670,2022-03-31,0
2021-06-11,6,7676,2022-03-31,0
2021-06-12,4,7680,2022-03-31,0
2021-06-13,4,7684,2022-03-31,0
2021-06-14,3,7687,2022-03-31,0
2021-06-15,2,7689,2022-03-31,0
2021-06-16,2,7691,2022-03-31,0
2021-06-17,4,7695,2022-03-31,0
2021-06-18,2,7697,2022-03-31,0
2021-06-19,6,7703,2022-03-31,0
2021-06-20,1,7704,2022-03-31,0
2021-06-21,5,7709,2022-03-31,0
2021-06-22,3,7712,2022-03-31,0
2021-06-23,4,7716,2022-03-31,0
2021-06-24,3,7719,2022-03-31,0
2021-06-25,3,7722,2022-03-31,0
2021-06-26,4,7726,2022-03-31,0
2021-06-27,2,7728,2022-03-31,0
2021-06-28,2,7730,2022-03-31,0
2021-06-29,2,7732,2022-03-31,0
2021-06-30,2,7734,2022-03-31,0
2021-07-01,0,7734,2022-03-31,0
2021-07-02,2,7736,2022-03-31,0
2021-07-03,2,7738,2022-03-31,0
2021-07-04,3,7741,2022-03-31,0
2021-07-05,1,7742,2022-03-31,0
2021-07-06,5,7747,2022-03-31,0
2021-07-07,1,7748,2022-03-31,0
2021-07-08,1,7749,2022-03-31,0
2021-07-09,0,7749,2022-03-31,0
2021-07-10,2,7751,2022-03-31,0
2021-07-11,3,7754,2022-03-31,0
2021-07-12,1,7755,2022-03-31,0
2021-07-13,2,7757,2022-03-31,0
2021-07-14,2,7759,2022-03-31,0
2021-07-15,2,7761,2022-03-31,0
2021-07-16,1,7762,2022-03-31,0
2021-07-17,1,7763,2022-03-31,0
2021-07-18,0,7763,2022-03-31,0
2021-07-19,0,7763,2022-03-31,0
2021-07-20,2,7765,2022-03-31,0
2021-07-21,3,7768,2022-03-31,0
2021-07-22,2,7770,2022-03-31,0
2021-07-23,3,7773,2022-03-31,0
2021-07-24,0,7773,2022-03-31,0
2021-07-25,2,7775,2022-03-31,0
2021-07-26,1,7776,2022-03-31,0
2021-07-27,2,7778,2022-03-31,0
2021-07-28,3,7781,2022-03-31,0
2021-07-29,2,7783,2022-03-31,0
2021-07-30,5,7788,2022-03-31,0
2021-07-31,4,7792,2022-03-31,0
2021-08-01,1,7793,2022-03-31,0
2021-08-02,3,7796,2022-03-31,0
2021-08-03,2,7798,2022-03-31,0
2021-08-04,3,7801,2022-03-31,0
2021-08-05,2,7803,2022-03-31,0
2021-08-06,8,7811,2022-03-31,0
2021-08-07,3,7814,2022-03-31,0
2021-08-08,3,7817,2022-03-31,0
2021-08-09,3,7820,2022-03-31,0
2021-08-10,2,7822,2022-03-31,0
2021-08-11,2,7824,2022-03-31,0
2021-08-12,7,7831,2022-03-31,0
2021-08-13,5,7836,2022-03-31,0
2021-08-14,6,7842,2022-03-31,0
2021-08-15,0,7842,2022-03-31,0
2021-08-16,7,7849,2022-03-31,0
2021-08-17,7,7856,2022-03-31,0
2021-08-18,9,7865,2022-03-31,0
2021-08-19,2,7867,2022-03-31,0
2021-08-20,3,7870,2022-03-31,0
2021-08-21,5,7875,2022-03-31,0
2021-08-22,7,7882,2022-03-31,0
2021-08-23,5,7887,2022-03-31,0
2021-08-24,12,7899,2022-03-31,0
2021-08-25,7,7906,2022-03-31,0
2021-08-26,2,7908,2022-03-31,0
2021-08-27,6,7914,2022-03-31,0
2021-08-28,11,7925,2022-03-31,0
2021-08-29,11,7936,2022-03-31,0
2021-08-30,8,7944,2022-03-31,0
2021-08-31,8,7952,2022-03-31,0
2021-09-01,6,7958,2022-03-31,0
2021-09-02,6,7964,2022-03-31,0
2021-09-03,9,7973,2022-03-31,0
2021-09-04,9,7982,2022-03-31,0
2021-09-05,10,7992,2022-03-31,0
2021-09-06,8,8000,2022-03-31,0
2021-09-07,7,8007,2022-03-31,0
2021-09-08,11,8018,2022-03-31,0
2021-09-09,5,8023,2022-03-31,0
2021-09-10,9,8032,2022-03-31,0
2021-09-11,17,8049,2022-03-31,0
2021-09-12,10,8059,2022-03-31,0
2021-09-13,8,8067,2022-03-31,0
2021-09-14,11,8078,2022-03-31,0
2021-09-15,14,8092,2022-03-31,0
2021-09-16,16,8108,2022-03-31,0
2021-09-17,8,8116,2022-03-31,0
2021-09-18,15,8131,2022-03-31,0
2021-09-19,11,8142,2022-03-31,0
2021-09-20,16,8158,2022-03-31,0
2021-09-21,16,8174,2022-03-31,0
2021-09-22,17,8191,2022-03-31,0
2021-09-23,13,8204,2022-03-31,0
2021-09-24,13,8217,2022-03-31,0
2021-09-25,16,8233,2022-03-31,0
2021-09-26,15,8248,2022-03-31,0
2021-09-27,15,8263,2022-03-31,0
2021-09-28,11,8274,2022-03-31,0
2021-09-29,21,8295,2022-03-31,0
2021-09-30,17,8312,2022-03-31,0
2021-10-01,13,8325,2022-03-31,0
2021-10-02,15,8340,2022-03-31,0
2021-10-03,23,8363,2022-03-31,0
2021-10-04,15,8378,2022-03-31,0
2021-10-05,23,8401,2022-03-31,0
2021-10-06,21,8422,2022-03-31,0
2021-10-07,14,8436,2022-03-31,0
2021-10-08,22,8458,2022-03-31,0
2021-10-09,20,8478,2022-03-31,0
2021-10-10,14,8492,2022-03-31,0
2021-10-11,11,8503,2022-03-31,0
2021-10-12,25,8528,2022-03-31,0
2021-10-13,21,8549,2022-03-31,0
2021-10-14,22,8571,2022-03-31,0
2021-10-15,14,8585,2022-03-31,0
2021-10-16,20,8605,2022-03-31,0
2021-10-17,18,8623,2022-03-31,0
2021-10-18,17,8640,2022-03-31,0
2021-10-19,26,8666,2022-03-31,0
2021-10-20,17,8683,2022-03-31,0
2021-10-21,8,8691,2022-03-31,0
2021-10-22,23,8714,2022-03-31,0
2021-10-23,24,8738,2022-03-31,0
2021-10-24,25,8763,2022-03-31,0
2021-10-25,20,8783,2022-03-31,0
2021-10-26,22,8805,2022-03-31,0
2021-10-27,16,8821,2022-03-31,0
2021-10-28,24,8845,2022-03-31,0
2021-10-29,20,8865,2022-03-31,0
2021-10-30,20,8885,2022-03-31,0
2021-10-31,27,8912,2022-03-31,0
2021-11-01,18,8930,2022-03-31,0
2021-11-02,18,8948,2022-03-31,0
2021-11-03,28,8976,2022-03-31,0
2021-11-04,29,9005,2022-03-31,0
2021-11-05,29,9034,2022-03-31,0
2021-11-06,16,9050,2022-03-31,0
2021-11-07,24,9074,2022-03-31,0
2021-11-08,28,9102,2022-03-31,0
2021-11-09,17,9119,2022-03-31,0
2021-11-10,18,9137,2022-03-31,0
2021-11-11,28,9165,2022-03-31,0
2021-11-12,29,9194,2022-03-31,0
2021-11-13,31,9225,2022-03-31,0
2021-11-14,24,9249,2022-03-31,0
2021-11-15,28,9277,2022-03-31,0
2021-11-16,25,9302,2022-03-31,0
2021-11-17,37,9339,2022-03-31,0
2021-11-18,38,9377,2022-03-31,0
2021-11-19,34,9411,2022-03-31,0
2021-11-20,30,9441,2022-03-31,0
2021-11-21,32,9473,2022-03-31,0
2021-11-22,30,9503,2022-03-31,0
2021-11-23,32,9535,2022-03-31,0
2021-11-24,25,9560,2022-03-31,0
2021-11-25,35,9595,2022-03-31,0
2021-11-26,51,9646,2022-03-31,0
2021-11-27,36,9682,2022-03-31,0
2021-11-28,39,9721,2022-03-31,0
2021-11-29,29,9750,2022-03-31,0
2021-11-30,30,9780,2022-03-31,0
2021-12-01,47,9827,2022-03-31,0
2021-12-02,40,9867,2022-03-31,0
2021-12-03,31,9898,2022-03-31,0
2021-12-04,42,9940,2022-03-31,0
2021-12-05,36,9976,2022-03-31,0
2021-12-06,36,10012,2022-03-31,0
2021-12-07,36,10048,2022-03-31,0
2021-12-08,39,10087,2022-03-31,0
2021-12-09,47,10134,2022-03-31,0
2021-12-10,34,10168,2022-03-31,0
2021-12-11,27,10195,2022-03-31,0
2021-12-12,37,10232,2022-03-31,0
2021-12-13,34,10266,2022-03-31,0
2021-12-14,35,10301,2022-03-31,0
2021-12-15,42,10343,2022-03-31,0
2021-12-16,33,10376,2022-03-31,0
2021-12-17,41,10417,2022-03-31,0
2021-12-18,33,10450,2022-03-31,0
2021-12-19,31,10481,2022-03-31,0
2021-12-20,33,10514,2022-03-31,0
2021-12-21,28,10542,2022-03-31,0
2021-12-22,29,10571,2022-03-31,0
2021-12-23,28,10599,2022-03-31,0
2021-12-24,30,10629,2022-03-31,0
2021-12-25,28,10657,2022-03-31,0
2021-12-26,42,10699,2022-03-31,0
2021-12-27,32,10731,2022-03-31,0
2021-12-28,35,10766,2022-03-31,0
2021-12-29,31,10797,2022-03-31,0
2021-12-30,21,10818,2022-03-31,0
2021-12-31,40,10858,2022-03-31,0
2022-01-01,27,10885,2022-03-31,0
2022-01-02,22,10907,2022-03-31,0
2022-01-03,23,10930,2022-03-31,0
2022-01-04,30,10960,2022-03-31,0
2022-01-05,32,10992,2022-03-31,0
2022-01-06,32,11024,2022-03-31,0
2022-01-07,28,11052,2022-03-31,0
2022-01-08,43,11095,2022-03-31,0
2022-01-09,19,11114,2022-03-31,0
2022-01-10,31,11145,2022-03-31,0
2022-01-11,20,11165,2022-03-31,0
2022-01-12,21,11186,2022-03-31,0
2022-01-13,28,11214,2022-03-31,0
2022-01-14,33,11247,2022-03-31,0
2022-01-15,26,11273,2022-03-31,0
2022-01-16,34,11307,2022-03-31,0
2022-01-17,36,11343,2022-03-31,0
2022-01-18,26,11369,2022-03-31,0
2022-01-19,29,11398,2022-03-31,0
2022-01-20,31,11429,2022-03-31,0
2022-01-21,27,11456,2022-03-31,0
2022-01-22,29,11485,2022-03-31,0
2022-01-23,24,11509,2022-03-31,0
2022-01-24,38,11547,2022-03-31,0
2022-01-25,33,11580,2022-03-31,0
2022-01-26,35,11615,2022-03-31,0
2022-01-27,37,11652,2022-03-31,0
2022-01-28,31,11683,2022-03-31,0
2022-01-29,31,11714,2022-03-31,0
2022-01-30,27,11741,2022-03-31,0
2022-01-31,18,11759,2022-03-31,0
2022-02-01,25,11784,2022-03-31,0
2022-02-02,23,11807,2022-03-31,0
2022-02-03,30,11837,2022-03-31,0
2022-02-04,22,11859,2022-03-31,0
2022-02-05,28,11887,2022-03-31,0
2022-02-06,28,11915,2022-03-31,0
2022-02-07,20,11935,2022-03-31,0
2022-02-08,27,11962,2022-03-31,0
2022-02-09,25,11987,2022-03-31,0
2022-02-10,21,12008,2022-03-31,0
2022-02-11,19,12027,2022-03-31,0
2022-02-12,16,12043,2022-03-31,0
2022-02-13,19,12062,2022-03-31,0
2022-02-14,17,12079,2022-03-31,0
2022-02-15,21,12100,2022-03-31,0
2022-02-16,14,12114,2022-03-31,0
2022-02-17,16,12130,2022-03-31,0
2022-02-18,15,12145,2022-03-31,0
2022-02-19,21,12166,2022-03-31,0
2022-02-20,15,12181,2022-03-31,0
2022-02-21,6,12187,2022-03-31,0
2022-02-22,14,12201,2022-03-31,0
2022-02-23,9,12210,2022-03-31,0
2022-02-24,26,12236,2022-03-31,0
2022-02-25,9,12245,2022-03-31,0
2022-02-26,10,12255,2022-03-31,0
2022-02-27,10,12265,2022-03-31,0
2022-02-28,8,12273,2022-03-31,0
2022-03-01,6,12279,2022-03-31,0
2022-03-02,9,12288,2022-03-31,0
2022-03-03,6,12294,2022-03-31,0
2022-03-04,11,12305,2022-03-31,0
2022-03-05,6,12311,2022-03-31,0
2022-03-06,10,12321,2022-03-31,0
2022-03-07,4,12325,2022-03-31,0
2022-03-08,5,12330,2022-03-31,0
2022-03-09,11,12341,2022-03-31,0
2022-03-10,9,12350,2022-03-31,0
2022-03-11,8,12358,2022-03-31,0
2022-03-12,0,12358,2022-03-31,0
2022-03-13,4,12362,2022-03-31,0
2022-03-14,4,12366,2022-03-31,0
2022-03-15,3,12369,2022-03-31,0
2022-03-16,0,12369,2022-03-31,0
2022-03-17,7,12376,2022-03-31,1
2022-03-18,2,12378,2022-03-31,0
2022-03-19,3,12381,2022-03-31,0
2022-03-20,8,12389,2022-03-31,0
2022-03-21,2,12391,2022-03-31,0
2022-03-22,3,12394,2022-03-31,0
2022-03-23,3,12397,2022-03-31,0
2022-03-24,4,12401,2022-03-31,2
2022-03-25,4,12405,2022-03-31,3
2022-03-26,1,12406,2022-03-31,0
2022-03-27,1,12407,2022-03-31,0
2022-03-28,1,12408,2022-03-31,1
NA,0,12408,2022-03-31,0
2020-03-19,1,1,2022-04-01,0
2020-03-20,0,1,2022-04-01,0
2020-03-21,0,1,2022-04-01,0
2020-03-22,0,1,2022-04-01,0
2020-03-23,0,1,2022-04-01,0
2020-03-24,1,2,2022-04-01,0
2020-03-25,1,3,2022-04-01,0
2020-03-26,1,4,2022-04-01,0
2020-03-27,5,9,2022-04-01,0
2020-03-28,3,12,2022-04-01,0
2020-03-29,0,12,2022-04-01,0
2020-03-30,5,17,2022-04-01,0
2020-03-31,2,19,2022-04-01,0
2020-04-01,5,24,2022-04-01,0
2020-04-02,3,27,2022-04-01,0
2020-04-03,1,28,2022-04-01,0
2020-04-04,5,33,2022-04-01,0
2020-04-05,5,38,2022-04-01,0
2020-04-06,10,48,2022-04-01,0
2020-04-07,6,54,2022-04-01,0
2020-04-08,7,61,2022-04-01,0
2020-04-09,8,69,2022-04-01,0
2020-04-10,6,75,2022-04-01,0
2020-04-11,4,79,2022-04-01,0
2020-04-12,4,83,2022-04-01,0
2020-04-13,10,93,2022-04-01,0
2020-04-14,6,99,2022-04-01,0
2020-04-15,17,116,2022-04-01,0
2020-04-16,10,126,2022-04-01,0
2020-04-17,17,143,2022-04-01,0
2020-04-18,17,160,2022-04-01,0
2020-04-19,16,176,2022-04-01,0
2020-04-20,21,197,2022-04-01,0
2020-04-21,26,223,2022-04-01,0
2020-04-22,21,244,2022-04-01,0
2020-04-23,19,263,2022-04-01,0
2020-04-24,23,286,2022-04-01,0
2020-04-25,18,304,2022-04-01,0
2020-04-26,17,321,2022-04-01,0
2020-04-27,21,342,2022-04-01,0
2020-04-28,16,358,2022-04-01,0
2020-04-29,29,387,2022-04-01,0
2020-04-30,18,405,2022-04-01,0
2020-05-01,30,435,2022-04-01,0
2020-05-02,19,454,2022-04-01,0
2020-05-03,29,483,2022-04-01,0
2020-05-04,23,506,2022-04-01,0
2020-05-05,19,525,2022-04-01,0
2020-05-06,25,550,2022-04-01,0
2020-05-07,30,580,2022-04-01,0
2020-05-08,20,600,2022-04-01,0
2020-05-09,26,626,2022-04-01,0
2020-05-10,19,645,2022-04-01,0
2020-05-11,25,670,2022-04-01,0
2020-05-12,20,690,2022-04-01,0
2020-05-13,22,712,2022-04-01,0
2020-05-14,20,732,2022-04-01,0
2020-05-15,20,752,2022-04-01,0
2020-05-16,20,772,2022-04-01,0
2020-05-17,23,795,2022-04-01,0
2020-05-18,18,813,2022-04-01,0
2020-05-19,35,848,2022-04-01,0
2020-05-20,24,872,2022-04-01,0
2020-05-21,17,889,2022-04-01,0
2020-05-22,20,909,2022-04-01,0
2020-05-23,26,935,2022-04-01,0
2020-05-24,25,960,2022-04-01,0
2020-05-25,30,990,2022-04-01,0
2020-05-26,29,1019,2022-04-01,0
2020-05-27,25,1044,2022-04-01,0
2020-05-28,21,1065,2022-04-01,0
2020-05-29,17,1082,2022-04-01,0
2020-05-30,11,1093,2022-04-01,0
2020-05-31,20,1113,2022-04-01,0
2020-06-01,23,1136,2022-04-01,0
2020-06-02,21,1157,2022-04-01,0
2020-06-03,25,1182,2022-04-01,0
2020-06-04,26,1208,2022-04-01,0
2020-06-05,18,1226,2022-04-01,0
2020-06-06,12,1238,2022-04-01,0
2020-06-07,22,1260,2022-04-01,0
2020-06-08,12,1272,2022-04-01,0
2020-06-09,13,1285,2022-04-01,0
2020-06-10,10,1295,2022-04-01,0
2020-06-11,12,1307,2022-04-01,0
2020-06-12,11,1318,2022-04-01,0
2020-06-13,13,1331,2022-04-01,0
2020-06-14,11,1342,2022-04-01,0
2020-06-15,8,1350,2022-04-01,0
2020-06-16,9,1359,2022-04-01,0
2020-06-17,17,1376,2022-04-01,0
2020-06-18,9,1385,2022-04-01,0
2020-06-19,8,1393,2022-04-01,0
2020-06-20,12,1405,2022-04-01,0
2020-06-21,11,1416,2022-04-01,0
2020-06-22,6,1422,2022-04-01,0
2020-06-23,10,1432,2022-04-01,0
2020-06-24,1,1433,2022-04-01,0
2020-06-25,9,1442,2022-04-01,0
2020-06-26,6,1448,2022-04-01,0
2020-06-27,5,1453,2022-04-01,0
2020-06-28,11,1464,2022-04-01,0
2020-06-29,7,1471,2022-04-01,0
2020-06-30,9,1480,2022-04-01,0
2020-07-01,2,1482,2022-04-01,0
2020-07-02,3,1485,2022-04-01,0
2020-07-03,5,1490,2022-04-01,0
2020-07-04,4,1494,2022-04-01,0
2020-07-05,6,1500,2022-04-01,0
2020-07-06,4,1504,2022-04-01,0
2020-07-07,2,1506,2022-04-01,0
2020-07-08,9,1515,2022-04-01,0
2020-07-09,4,1519,2022-04-01,0
2020-07-10,3,1522,2022-04-01,0
2020-07-11,4,1526,2022-04-01,0
2020-07-12,6,1532,2022-04-01,0
2020-07-13,2,1534,2022-04-01,0
2020-07-14,6,1540,2022-04-01,0
2020-07-15,7,1547,2022-04-01,0
2020-07-16,3,1550,2022-04-01,0
2020-07-17,7,1557,2022-04-01,0
2020-07-18,6,1563,2022-04-01,0
2020-07-19,5,1568,2022-04-01,0
2020-07-20,3,1571,2022-04-01,0
2020-07-21,6,1577,2022-04-01,0
2020-07-22,5,1582,2022-04-01,0
2020-07-23,8,1590,2022-04-01,0
2020-07-24,6,1596,2022-04-01,0
2020-07-25,2,1598,2022-04-01,0
2020-07-26,5,1603,2022-04-01,0
2020-07-27,5,1608,2022-04-01,0
2020-07-28,7,1615,2022-04-01,0
2020-07-29,3,1618,2022-04-01,0
2020-07-30,6,1624,2022-04-01,0
2020-07-31,9,1633,2022-04-01,0
2020-08-01,4,1637,2022-04-01,0
2020-08-02,7,1644,2022-04-01,0
2020-08-03,4,1648,2022-04-01,0
2020-08-04,7,1655,2022-04-01,0
2020-08-05,8,1663,2022-04-01,0
2020-08-06,9,1672,2022-04-01,0
2020-08-07,7,1679,2022-04-01,0
2020-08-08,6,1685,2022-04-01,0
2020-08-09,10,1695,2022-04-01,0
2020-08-10,3,1698,2022-04-01,0
2020-08-11,9,1707,2022-04-01,0
2020-08-12,7,1714,2022-04-01,0
2020-08-13,5,1719,2022-04-01,0
2020-08-14,9,1728,2022-04-01,0
2020-08-15,13,1741,2022-04-01,0
2020-08-16,13,1754,2022-04-01,0
2020-08-17,6,1760,2022-04-01,0
2020-08-18,11,1771,2022-04-01,0
2020-08-19,3,1774,2022-04-01,0
2020-08-20,10,1784,2022-04-01,0
2020-08-21,12,1796,2022-04-01,0
2020-08-22,9,1805,2022-04-01,0
2020-08-23,7,1812,2022-04-01,0
2020-08-24,9,1821,2022-04-01,0
2020-08-25,4,1825,2022-04-01,0
2020-08-26,3,1828,2022-04-01,0
2020-08-27,7,1835,2022-04-01,0
2020-08-28,6,1841,2022-04-01,0
2020-08-29,3,1844,2022-04-01,0
2020-08-30,5,1849,2022-04-01,0
2020-08-31,9,1858,2022-04-01,0
2020-09-01,2,1860,2022-04-01,0
2020-09-02,7,1867,2022-04-01,0
2020-09-03,12,1879,2022-04-01,0
2020-09-04,4,1883,2022-04-01,0
2020-09-05,6,1889,2022-04-01,0
2020-09-06,12,1901,2022-04-01,0
2020-09-07,3,1904,2022-04-01,0
2020-09-08,6,1910,2022-04-01,0
2020-09-09,10,1920,2022-04-01,0
2020-09-10,9,1929,2022-04-01,0
2020-09-11,11,1940,2022-04-01,0
2020-09-12,8,1948,2022-04-01,0
2020-09-13,8,1956,2022-04-01,0
2020-09-14,2,1958,2022-04-01,0
2020-09-15,7,1965,2022-04-01,0
2020-09-16,9,1974,2022-04-01,0
2020-09-17,5,1979,2022-04-01,0
2020-09-18,6,1985,2022-04-01,0
2020-09-19,4,1989,2022-04-01,0
2020-09-20,9,1998,2022-04-01,0
2020-09-21,7,2005,2022-04-01,0
2020-09-22,8,2013,2022-04-01,0
2020-09-23,9,2022,2022-04-01,0
2020-09-24,8,2030,2022-04-01,0
2020-09-25,11,2041,2022-04-01,0
2020-09-26,9,2050,2022-04-01,0
2020-09-27,14,2064,2022-04-01,0
2020-09-28,11,2075,2022-04-01,0
2020-09-29,5,2080,2022-04-01,0
2020-09-30,16,2096,2022-04-01,0
2020-10-01,7,2103,2022-04-01,0
2020-10-02,13,2116,2022-04-01,0
2020-10-03,9,2125,2022-04-01,0
2020-10-04,7,2132,2022-04-01,0
2020-10-05,10,2142,2022-04-01,0
2020-10-06,13,2155,2022-04-01,0
2020-10-07,19,2174,2022-04-01,0
2020-10-08,9,2183,2022-04-01,0
2020-10-09,17,2200,2022-04-01,0
2020-10-10,16,2216,2022-04-01,0
2020-10-11,16,2232,2022-04-01,0
2020-10-12,20,2252,2022-04-01,0
2020-10-13,14,2266,2022-04-01,0
2020-10-14,10,2276,2022-04-01,0
2020-10-15,9,2285,2022-04-01,0
2020-10-16,12,2297,2022-04-01,0
2020-10-17,18,2315,2022-04-01,0
2020-10-18,25,2340,2022-04-01,0
2020-10-19,18,2358,2022-04-01,0
2020-10-20,15,2373,2022-04-01,0
2020-10-21,24,2397,2022-04-01,0
2020-10-22,18,2415,2022-04-01,0
2020-10-23,19,2434,2022-04-01,0
2020-10-24,8,2442,2022-04-01,0
2020-10-25,17,2459,2022-04-01,0
2020-10-26,25,2484,2022-04-01,0
2020-10-27,23,2507,2022-04-01,0
2020-10-28,29,2536,2022-04-01,0
2020-10-29,18,2554,2022-04-01,0
2020-10-30,27,2581,2022-04-01,0
2020-10-31,25,2606,2022-04-01,0
2020-11-01,21,2627,2022-04-01,0
2020-11-02,25,2652,2022-04-01,0
2020-11-03,25,2677,2022-04-01,0
2020-11-04,33,2710,2022-04-01,0
2020-11-05,38,2748,2022-04-01,0
2020-11-06,39,2787,2022-04-01,0
2020-11-07,42,2829,2022-04-01,0
2020-11-08,47,2876,2022-04-01,0
2020-11-09,37,2913,2022-04-01,0
2020-11-10,35,2948,2022-04-01,0
2020-11-11,43,2991,2022-04-01,0
2020-11-12,45,3036,2022-04-01,0
2020-11-13,40,3076,2022-04-01,0
2020-11-14,48,3124,2022-04-01,0
2020-11-15,46,3170,2022-04-01,0
2020-11-16,62,3232,2022-04-01,0
2020-11-17,56,3288,2022-04-01,0
2020-11-18,61,3349,2022-04-01,0
2020-11-19,60,3409,2022-04-01,0
2020-11-20,63,3472,2022-04-01,0
2020-11-21,58,3530,2022-04-01,0
2020-11-22,67,3597,2022-04-01,0
2020-11-23,59,3656,2022-04-01,0
2020-11-24,69,3725,2022-04-01,0
2020-11-25,72,3797,2022-04-01,0
2020-11-26,54,3851,2022-04-01,0
2020-11-27,69,3920,2022-04-01,0
2020-11-28,62,3982,2022-04-01,0
2020-11-29,68,4050,2022-04-01,0
2020-11-30,62,4112,2022-04-01,0
2020-12-01,64,4176,2022-04-01,0
2020-12-02,73,4249,2022-04-01,0
2020-12-03,86,4335,2022-04-01,0
2020-12-04,67,4402,2022-04-01,0
2020-12-05,74,4476,2022-04-01,0
2020-12-06,80,4556,2022-04-01,0
2020-12-07,75,4631,2022-04-01,0
2020-12-08,61,4692,2022-04-01,0
2020-12-09,71,4763,2022-04-01,0
2020-12-10,72,4835,2022-04-01,0
2020-12-11,71,4906,2022-04-01,0
2020-12-12,72,4978,2022-04-01,0
2020-12-13,56,5034,2022-04-01,0
2020-12-14,43,5077,2022-04-01,0
2020-12-15,65,5142,2022-04-01,0
2020-12-16,74,5216,2022-04-01,0
2020-12-17,60,5276,2022-04-01,0
2020-12-18,59,5335,2022-04-01,0
2020-12-19,56,5391,2022-04-01,0
2020-12-20,61,5452,2022-04-01,0
2020-12-21,58,5510,2022-04-01,0
2020-12-22,33,5543,2022-04-01,0
2020-12-23,46,5589,2022-04-01,0
2020-12-24,51,5640,2022-04-01,0
2020-12-25,36,5676,2022-04-01,0
2020-12-26,43,5719,2022-04-01,0
2020-12-27,41,5760,2022-04-01,0
2020-12-28,34,5794,2022-04-01,0
2020-12-29,37,5831,2022-04-01,0
2020-12-30,47,5878,2022-04-01,0
2020-12-31,36,5914,2022-04-01,0
2021-01-01,28,5942,2022-04-01,0
2021-01-02,49,5991,2022-04-01,0
2021-01-03,37,6028,2022-04-01,0
2021-01-04,32,6060,2022-04-01,0
2021-01-05,40,6100,2022-04-01,0
2021-01-06,32,6132,2022-04-01,0
2021-01-07,38,6170,2022-04-01,0
2021-01-08,32,6202,2022-04-01,0
2021-01-09,26,6228,2022-04-01,0
2021-01-10,30,6258,2022-04-01,0
2021-01-11,27,6285,2022-04-01,0
2021-01-12,32,6317,2022-04-01,0
2021-01-13,23,6340,2022-04-01,0
2021-01-14,42,6382,2022-04-01,0
2021-01-15,26,6408,2022-04-01,0
2021-01-16,30,6438,2022-04-01,0
2021-01-17,21,6459,2022-04-01,0
2021-01-18,19,6478,2022-04-01,0
2021-01-19,14,6492,2022-04-01,0
2021-01-20,26,6518,2022-04-01,0
2021-01-21,16,6534,2022-04-01,0
2021-01-22,14,6548,2022-04-01,0
2021-01-23,17,6565,2022-04-01,0
2021-01-24,24,6589,2022-04-01,0
2021-01-25,19,6608,2022-04-01,0
2021-01-26,21,6629,2022-04-01,0
2021-01-27,11,6640,2022-04-01,0
2021-01-28,12,6652,2022-04-01,0
2021-01-29,15,6667,2022-04-01,0
2021-01-30,13,6680,2022-04-01,0
2021-01-31,17,6697,2022-04-01,0
2021-02-01,17,6714,2022-04-01,0
2021-02-02,10,6724,2022-04-01,0
2021-02-03,11,6735,2022-04-01,0
2021-02-04,11,6746,2022-04-01,0
2021-02-05,13,6759,2022-04-01,0
2021-02-06,12,6771,2022-04-01,0
2021-02-07,19,6790,2022-04-01,0
2021-02-08,11,6801,2022-04-01,0
2021-02-09,15,6816,2022-04-01,0
2021-02-10,14,6830,2022-04-01,0
2021-02-11,7,6837,2022-04-01,0
2021-02-12,14,6851,2022-04-01,0
2021-02-13,8,6859,2022-04-01,0
2021-02-14,10,6869,2022-04-01,0
2021-02-15,9,6878,2022-04-01,0
2021-02-16,12,6890,2022-04-01,0
2021-02-17,10,6900,2022-04-01,0
2021-02-18,7,6907,2022-04-01,0
2021-02-19,6,6913,2022-04-01,0
2021-02-20,7,6920,2022-04-01,0
2021-02-21,4,6924,2022-04-01,0
2021-02-22,5,6929,2022-04-01,0
2021-02-23,9,6938,2022-04-01,0
2021-02-24,5,6943,2022-04-01,0
2021-02-25,5,6948,2022-04-01,0
2021-02-26,7,6955,2022-04-01,0
2021-02-27,6,6961,2022-04-01,0
2021-02-28,8,6969,2022-04-01,0
2021-03-01,7,6976,2022-04-01,0
2021-03-02,3,6979,2022-04-01,0
2021-03-03,10,6989,2022-04-01,0
2021-03-04,6,6995,2022-04-01,0
2021-03-05,10,7005,2022-04-01,0
2021-03-06,5,7010,2022-04-01,0
2021-03-07,9,7019,2022-04-01,0
2021-03-08,5,7024,2022-04-01,0
2021-03-09,7,7031,2022-04-01,0
2021-03-10,5,7036,2022-04-01,0
2021-03-11,4,7040,2022-04-01,0
2021-03-12,11,7051,2022-04-01,0
2021-03-13,5,7056,2022-04-01,0
2021-03-14,5,7061,2022-04-01,0
2021-03-15,2,7063,2022-04-01,0
2021-03-16,6,7069,2022-04-01,0
2021-03-17,4,7073,2022-04-01,0
2021-03-18,5,7078,2022-04-01,0
2021-03-19,5,7083,2022-04-01,0
2021-03-20,9,7092,2022-04-01,0
2021-03-21,5,7097,2022-04-01,0
2021-03-22,4,7101,2022-04-01,0
2021-03-23,5,7106,2022-04-01,0
2021-03-24,1,7107,2022-04-01,0
2021-03-25,5,7112,2022-04-01,0
2021-03-26,3,7115,2022-04-01,0
2021-03-27,7,7122,2022-04-01,0
2021-03-28,6,7128,2022-04-01,0
2021-03-29,5,7133,2022-04-01,0
2021-03-30,6,7139,2022-04-01,0
2021-03-31,8,7147,2022-04-01,0
2021-04-01,6,7153,2022-04-01,0
2021-04-02,9,7162,2022-04-01,0
2021-04-03,8,7170,2022-04-01,0
2021-04-04,6,7176,2022-04-01,0
2021-04-05,8,7184,2022-04-01,0
2021-04-06,7,7191,2022-04-01,0
2021-04-07,6,7197,2022-04-01,0
2021-04-08,10,7207,2022-04-01,0
2021-04-09,7,7214,2022-04-01,0
2021-04-10,7,7221,2022-04-01,0
2021-04-11,8,7229,2022-04-01,0
2021-04-12,10,7239,2022-04-01,0
2021-04-13,7,7246,2022-04-01,0
2021-04-14,8,7254,2022-04-01,0
2021-04-15,14,7268,2022-04-01,0
2021-04-16,8,7276,2022-04-01,0
2021-04-17,8,7284,2022-04-01,0
2021-04-18,8,7292,2022-04-01,0
2021-04-19,10,7302,2022-04-01,0
2021-04-20,5,7307,2022-04-01,0
2021-04-21,8,7315,2022-04-01,0
2021-04-22,3,7318,2022-04-01,0
2021-04-23,15,7333,2022-04-01,0
2021-04-24,11,7344,2022-04-01,0
2021-04-25,15,7359,2022-04-01,0
2021-04-26,15,7374,2022-04-01,0
2021-04-27,7,7381,2022-04-01,0
2021-04-28,14,7395,2022-04-01,0
2021-04-29,8,7403,2022-04-01,0
2021-04-30,11,7414,2022-04-01,0
2021-05-01,7,7421,2022-04-01,0
2021-05-02,8,7429,2022-04-01,0
2021-05-03,5,7434,2022-04-01,0
2021-05-04,13,7447,2022-04-01,0
2021-05-05,9,7456,2022-04-01,0
2021-05-06,5,7461,2022-04-01,0
2021-05-07,8,7469,2022-04-01,0
2021-05-08,7,7476,2022-04-01,0
2021-05-09,9,7485,2022-04-01,0
2021-05-10,8,7493,2022-04-01,0
2021-05-11,6,7499,2022-04-01,0
2021-05-12,9,7508,2022-04-01,0
2021-05-13,9,7517,2022-04-01,0
2021-05-14,11,7528,2022-04-01,0
2021-05-15,10,7538,2022-04-01,0
2021-05-16,6,7544,2022-04-01,0
2021-05-17,6,7550,2022-04-01,0
2021-05-18,7,7557,2022-04-01,0
2021-05-19,2,7559,2022-04-01,0
2021-05-20,5,7564,2022-04-01,0
2021-05-21,7,7571,2022-04-01,0
2021-05-22,12,7583,2022-04-01,0
2021-05-23,5,7588,2022-04-01,0
2021-05-24,5,7593,2022-04-01,0
2021-05-25,6,7599,2022-04-01,0
2021-05-26,3,7602,2022-04-01,0
2021-05-27,7,7609,2022-04-01,0
2021-05-28,2,7611,2022-04-01,0
2021-05-29,6,7617,2022-04-01,0
2021-05-30,4,7621,2022-04-01,0
2021-05-31,3,7624,2022-04-01,0
2021-06-01,5,7629,2022-04-01,0
2021-06-02,8,7637,2022-04-01,0
2021-06-03,4,7641,2022-04-01,0
2021-06-04,4,7645,2022-04-01,0
2021-06-05,2,7647,2022-04-01,0
2021-06-06,5,7652,2022-04-01,0
2021-06-07,3,7655,2022-04-01,0
2021-06-08,5,7660,2022-04-01,0
2021-06-09,4,7664,2022-04-01,0
2021-06-10,6,7670,2022-04-01,0
2021-06-11,6,7676,2022-04-01,0
2021-06-12,4,7680,2022-04-01,0
2021-06-13,4,7684,2022-04-01,0
2021-06-14,3,7687,2022-04-01,0
2021-06-15,2,7689,2022-04-01,0
2021-06-16,2,7691,2022-04-01,0
2021-06-17,4,7695,2022-04-01,0
2021-06-18,2,7697,2022-04-01,0
2021-06-19,6,7703,2022-04-01,0
2021-06-20,1,7704,2022-04-01,0
2021-06-21,5,7709,2022-04-01,0
2021-06-22,3,7712,2022-04-01,0
2021-06-23,4,7716,2022-04-01,0
2021-06-24,3,7719,2022-04-01,0
2021-06-25,3,7722,2022-04-01,0
2021-06-26,4,7726,2022-04-01,0
2021-06-27,2,7728,2022-04-01,0
2021-06-28,2,7730,2022-04-01,0
2021-06-29,2,7732,2022-04-01,0
2021-06-30,2,7734,2022-04-01,0
2021-07-01,0,7734,2022-04-01,0
2021-07-02,2,7736,2022-04-01,0
2021-07-03,2,7738,2022-04-01,0
2021-07-04,3,7741,2022-04-01,0
2021-07-05,1,7742,2022-04-01,0
2021-07-06,5,7747,2022-04-01,0
2021-07-07,1,7748,2022-04-01,0
2021-07-08,1,7749,2022-04-01,0
2021-07-09,0,7749,2022-04-01,0
2021-07-10,2,7751,2022-04-01,0
2021-07-11,3,7754,2022-04-01,0
2021-07-12,1,7755,2022-04-01,0
2021-07-13,2,7757,2022-04-01,0
2021-07-14,2,7759,2022-04-01,0
2021-07-15,2,7761,2022-04-01,0
2021-07-16,1,7762,2022-04-01,0
2021-07-17,1,7763,2022-04-01,0
2021-07-18,0,7763,2022-04-01,0
2021-07-19,0,7763,2022-04-01,0
2021-07-20,2,7765,2022-04-01,0
2021-07-21,3,7768,2022-04-01,0
2021-07-22,2,7770,2022-04-01,0
2021-07-23,3,7773,2022-04-01,0
2021-07-24,0,7773,2022-04-01,0
2021-07-25,2,7775,2022-04-01,0
2021-07-26,1,7776,2022-04-01,0
2021-07-27,2,7778,2022-04-01,0
2021-07-28,3,7781,2022-04-01,0
2021-07-29,2,7783,2022-04-01,0
2021-07-30,5,7788,2022-04-01,0
2021-07-31,4,7792,2022-04-01,0
2021-08-01,1,7793,2022-04-01,0
2021-08-02,3,7796,2022-04-01,0
2021-08-03,2,7798,2022-04-01,0
2021-08-04,3,7801,2022-04-01,0
2021-08-05,2,7803,2022-04-01,0
2021-08-06,8,7811,2022-04-01,0
2021-08-07,3,7814,2022-04-01,0
2021-08-08,3,7817,2022-04-01,0
2021-08-09,3,7820,2022-04-01,0
2021-08-10,2,7822,2022-04-01,0
2021-08-11,2,7824,2022-04-01,0
2021-08-12,7,7831,2022-04-01,0
2021-08-13,5,7836,2022-04-01,0
2021-08-14,6,7842,2022-04-01,0
2021-08-15,0,7842,2022-04-01,0
2021-08-16,7,7849,2022-04-01,0
2021-08-17,7,7856,2022-04-01,0
2021-08-18,9,7865,2022-04-01,0
2021-08-19,2,7867,2022-04-01,0
2021-08-20,3,7870,2022-04-01,0
2021-08-21,5,7875,2022-04-01,0
2021-08-22,7,7882,2022-04-01,0
2021-08-23,5,7887,2022-04-01,0
2021-08-24,12,7899,2022-04-01,0
2021-08-25,7,7906,2022-04-01,0
2021-08-26,2,7908,2022-04-01,0
2021-08-27,6,7914,2022-04-01,0
2021-08-28,11,7925,2022-04-01,0
2021-08-29,11,7936,2022-04-01,0
2021-08-30,8,7944,2022-04-01,0
2021-08-31,8,7952,2022-04-01,0
2021-09-01,6,7958,2022-04-01,0
2021-09-02,6,7964,2022-04-01,0
2021-09-03,9,7973,2022-04-01,0
2021-09-04,9,7982,2022-04-01,0
2021-09-05,10,7992,2022-04-01,0
2021-09-06,8,8000,2022-04-01,0
2021-09-07,7,8007,2022-04-01,0
2021-09-08,11,8018,2022-04-01,0
2021-09-09,5,8023,2022-04-01,0
2021-09-10,9,8032,2022-04-01,0
2021-09-11,17,8049,2022-04-01,0
2021-09-12,10,8059,2022-04-01,0
2021-09-13,8,8067,2022-04-01,0
2021-09-14,11,8078,2022-04-01,0
2021-09-15,14,8092,2022-04-01,0
2021-09-16,16,8108,2022-04-01,0
2021-09-17,8,8116,2022-04-01,0
2021-09-18,15,8131,2022-04-01,0
2021-09-19,11,8142,2022-04-01,0
2021-09-20,16,8158,2022-04-01,0
2021-09-21,16,8174,2022-04-01,0
2021-09-22,17,8191,2022-04-01,0
2021-09-23,13,8204,2022-04-01,0
2021-09-24,13,8217,2022-04-01,0
2021-09-25,16,8233,2022-04-01,0
2021-09-26,15,8248,2022-04-01,0
2021-09-27,15,8263,2022-04-01,0
2021-09-28,11,8274,2022-04-01,0
2021-09-29,21,8295,2022-04-01,0
2021-09-30,17,8312,2022-04-01,0
2021-10-01,13,8325,2022-04-01,0
2021-10-02,15,8340,2022-04-01,0
2021-10-03,23,8363,2022-04-01,0
2021-10-04,15,8378,2022-04-01,0
2021-10-05,23,8401,2022-04-01,0
2021-10-06,21,8422,2022-04-01,0
2021-10-07,14,8436,2022-04-01,0
2021-10-08,22,8458,2022-04-01,0
2021-10-09,20,8478,2022-04-01,0
2021-10-10,14,8492,2022-04-01,0
2021-10-11,11,8503,2022-04-01,0
2021-10-12,25,8528,2022-04-01,0
2021-10-13,21,8549,2022-04-01,0
2021-10-14,22,8571,2022-04-01,0
2021-10-15,14,8585,2022-04-01,0
2021-10-16,20,8605,2022-04-01,0
2021-10-17,18,8623,2022-04-01,0
2021-10-18,17,8640,2022-04-01,0
2021-10-19,26,8666,2022-04-01,0
2021-10-20,17,8683,2022-04-01,0
2021-10-21,8,8691,2022-04-01,0
2021-10-22,23,8714,2022-04-01,0
2021-10-23,24,8738,2022-04-01,0
2021-10-24,25,8763,2022-04-01,0
2021-10-25,20,8783,2022-04-01,0
2021-10-26,22,8805,2022-04-01,0
2021-10-27,16,8821,2022-04-01,0
2021-10-28,24,8845,2022-04-01,0
2021-10-29,20,8865,2022-04-01,0
2021-10-30,20,8885,2022-04-01,0
2021-10-31,27,8912,2022-04-01,0
2021-11-01,18,8930,2022-04-01,0
2021-11-02,18,8948,2022-04-01,0
2021-11-03,28,8976,2022-04-01,0
2021-11-04,29,9005,2022-04-01,0
2021-11-05,29,9034,2022-04-01,0
2021-11-06,16,9050,2022-04-01,0
2021-11-07,24,9074,2022-04-01,0
2021-11-08,28,9102,2022-04-01,0
2021-11-09,17,9119,2022-04-01,0
2021-11-10,18,9137,2022-04-01,0
2021-11-11,28,9165,2022-04-01,0
2021-11-12,29,9194,2022-04-01,0
2021-11-13,31,9225,2022-04-01,0
2021-11-14,24,9249,2022-04-01,0
2021-11-15,28,9277,2022-04-01,0
2021-11-16,25,9302,2022-04-01,0
2021-11-17,37,9339,2022-04-01,0
2021-11-18,38,9377,2022-04-01,0
2021-11-19,34,9411,2022-04-01,0
2021-11-20,30,9441,2022-04-01,0
2021-11-21,32,9473,2022-04-01,0
2021-11-22,30,9503,2022-04-01,0
2021-11-23,32,9535,2022-04-01,0
2021-11-24,25,9560,2022-04-01,0
2021-11-25,35,9595,2022-04-01,0
2021-11-26,51,9646,2022-04-01,0
2021-11-27,36,9682,2022-04-01,0
2021-11-28,39,9721,2022-04-01,0
2021-11-29,29,9750,2022-04-01,0
2021-11-30,30,9780,2022-04-01,0
2021-12-01,47,9827,2022-04-01,0
2021-12-02,40,9867,2022-04-01,0
2021-12-03,31,9898,2022-04-01,0
2021-12-04,42,9940,2022-04-01,0
2021-12-05,36,9976,2022-04-01,0
2021-12-06,36,10012,2022-04-01,0
2021-12-07,36,10048,2022-04-01,0
2021-12-08,39,10087,2022-04-01,0
2021-12-09,47,10134,2022-04-01,0
2021-12-10,34,10168,2022-04-01,0
2021-12-11,27,10195,2022-04-01,0
2021-12-12,37,10232,2022-04-01,0
2021-12-13,34,10266,2022-04-01,0
2021-12-14,35,10301,2022-04-01,0
2021-12-15,42,10343,2022-04-01,0
2021-12-16,33,10376,2022-04-01,0
2021-12-17,41,10417,2022-04-01,0
2021-12-18,33,10450,2022-04-01,0
2021-12-19,31,10481,2022-04-01,0
2021-12-20,33,10514,2022-04-01,0
2021-12-21,28,10542,2022-04-01,0
2021-12-22,29,10571,2022-04-01,0
2021-12-23,28,10599,2022-04-01,0
2021-12-24,30,10629,2022-04-01,0
2021-12-25,28,10657,2022-04-01,0
2021-12-26,42,10699,2022-04-01,0
2021-12-27,32,10731,2022-04-01,0
2021-12-28,35,10766,2022-04-01,0
2021-12-29,31,10797,2022-04-01,0
2021-12-30,21,10818,2022-04-01,0
2021-12-31,40,10858,2022-04-01,0
2022-01-01,27,10885,2022-04-01,0
2022-01-02,22,10907,2022-04-01,0
2022-01-03,23,10930,2022-04-01,0
2022-01-04,30,10960,2022-04-01,0
2022-01-05,32,10992,2022-04-01,0
2022-01-06,32,11024,2022-04-01,0
2022-01-07,28,11052,2022-04-01,0
2022-01-08,43,11095,2022-04-01,0
2022-01-09,19,11114,2022-04-01,0
2022-01-10,31,11145,2022-04-01,0
2022-01-11,20,11165,2022-04-01,0
2022-01-12,21,11186,2022-04-01,0
2022-01-13,28,11214,2022-04-01,0
2022-01-14,33,11247,2022-04-01,0
2022-01-15,26,11273,2022-04-01,0
2022-01-16,34,11307,2022-04-01,0
2022-01-17,36,11343,2022-04-01,0
2022-01-18,26,11369,2022-04-01,0
2022-01-19,29,11398,2022-04-01,0
2022-01-20,31,11429,2022-04-01,0
2022-01-21,27,11456,2022-04-01,0
2022-01-22,29,11485,2022-04-01,0
2022-01-23,24,11509,2022-04-01,0
2022-01-24,38,11547,2022-04-01,0
2022-01-25,33,11580,2022-04-01,0
2022-01-26,35,11615,2022-04-01,0
2022-01-27,37,11652,2022-04-01,0
2022-01-28,31,11683,2022-04-01,0
2022-01-29,31,11714,2022-04-01,0
2022-01-30,27,11741,2022-04-01,0
2022-01-31,18,11759,2022-04-01,0
2022-02-01,25,11784,2022-04-01,0
2022-02-02,23,11807,2022-04-01,0
2022-02-03,30,11837,2022-04-01,0
2022-02-04,22,11859,2022-04-01,0
2022-02-05,28,11887,2022-04-01,0
2022-02-06,28,11915,2022-04-01,0
2022-02-07,20,11935,2022-04-01,0
2022-02-08,27,11962,2022-04-01,0
2022-02-09,25,11987,2022-04-01,0
2022-02-10,21,12008,2022-04-01,0
2022-02-11,19,12027,2022-04-01,0
2022-02-12,16,12043,2022-04-01,0
2022-02-13,19,12062,2022-04-01,0
2022-02-14,17,12079,2022-04-01,0
2022-02-15,21,12100,2022-04-01,0
2022-02-16,14,12114,2022-04-01,0
2022-02-17,16,12130,2022-04-01,0
2022-02-18,16,12146,2022-04-01,1
2022-02-19,21,12167,2022-04-01,0
2022-02-20,15,12182,2022-04-01,0
2022-02-21,6,12188,2022-04-01,0
2022-02-22,14,12202,2022-04-01,0
2022-02-23,9,12211,2022-04-01,0
2022-02-24,26,12237,2022-04-01,0
2022-02-25,9,12246,2022-04-01,0
2022-02-26,10,12256,2022-04-01,0
2022-02-27,11,12267,2022-04-01,1
2022-02-28,8,12275,2022-04-01,0
2022-03-01,6,12281,2022-04-01,0
2022-03-02,9,12290,2022-04-01,0
2022-03-03,6,12296,2022-04-01,0
2022-03-04,11,12307,2022-04-01,0
2022-03-05,6,12313,2022-04-01,0
2022-03-06,10,12323,2022-04-01,0
2022-03-07,4,12327,2022-04-01,0
2022-03-08,5,12332,2022-04-01,0
2022-03-09,11,12343,2022-04-01,0
2022-03-10,9,12352,2022-04-01,0
2022-03-11,8,12360,2022-04-01,0
2022-03-12,0,12360,2022-04-01,0
2022-03-13,4,12364,2022-04-01,0
2022-03-14,4,12368,2022-04-01,0
2022-03-15,3,12371,2022-04-01,0
2022-03-16,0,12371,2022-04-01,0
2022-03-17,7,12378,2022-04-01,0
2022-03-18,2,12380,2022-04-01,0
2022-03-19,3,12383,2022-04-01,0
2022-03-20,8,12391,2022-04-01,0
2022-03-21,2,12393,2022-04-01,0
2022-03-22,3,12396,2022-04-01,0
2022-03-23,3,12399,2022-04-01,0
2022-03-24,4,12403,2022-04-01,0
2022-03-25,4,12407,2022-04-01,0
2022-03-26,1,12408,2022-04-01,0
2022-03-27,1,12409,2022-04-01,0
2022-03-28,1,12410,2022-04-01,0
NA,0,12410,2022-04-01,0
2020-03-19,1,1,2022-04-04,0
2020-03-20,0,1,2022-04-04,0
2020-03-21,0,1,2022-04-04,0
2020-03-22,0,1,2022-04-04,0
2020-03-23,0,1,2022-04-04,0
2020-03-24,1,2,2022-04-04,0
2020-03-25,1,3,2022-04-04,0
2020-03-26,1,4,2022-04-04,0
2020-03-27,5,9,2022-04-04,0
2020-03-28,3,12,2022-04-04,0
2020-03-29,0,12,2022-04-04,0
2020-03-30,5,17,2022-04-04,0
2020-03-31,2,19,2022-04-04,0
2020-04-01,5,24,2022-04-04,0
2020-04-02,3,27,2022-04-04,0
2020-04-03,1,28,2022-04-04,0
2020-04-04,5,33,2022-04-04,0
2020-04-05,5,38,2022-04-04,0
2020-04-06,10,48,2022-04-04,0
2020-04-07,6,54,2022-04-04,0
2020-04-08,7,61,2022-04-04,0
2020-04-09,8,69,2022-04-04,0
2020-04-10,6,75,2022-04-04,0
2020-04-11,4,79,2022-04-04,0
2020-04-12,4,83,2022-04-04,0
2020-04-13,10,93,2022-04-04,0
2020-04-14,6,99,2022-04-04,0
2020-04-15,17,116,2022-04-04,0
2020-04-16,10,126,2022-04-04,0
2020-04-17,17,143,2022-04-04,0
2020-04-18,17,160,2022-04-04,0
2020-04-19,16,176,2022-04-04,0
2020-04-20,21,197,2022-04-04,0
2020-04-21,26,223,2022-04-04,0
2020-04-22,21,244,2022-04-04,0
2020-04-23,19,263,2022-04-04,0
2020-04-24,23,286,2022-04-04,0
2020-04-25,18,304,2022-04-04,0
2020-04-26,17,321,2022-04-04,0
2020-04-27,21,342,2022-04-04,0
2020-04-28,16,358,2022-04-04,0
2020-04-29,29,387,2022-04-04,0
2020-04-30,18,405,2022-04-04,0
2020-05-01,30,435,2022-04-04,0
2020-05-02,19,454,2022-04-04,0
2020-05-03,29,483,2022-04-04,0
2020-05-04,23,506,2022-04-04,0
2020-05-05,19,525,2022-04-04,0
2020-05-06,25,550,2022-04-04,0
2020-05-07,30,580,2022-04-04,0
2020-05-08,20,600,2022-04-04,0
2020-05-09,26,626,2022-04-04,0
2020-05-10,19,645,2022-04-04,0
2020-05-11,25,670,2022-04-04,0
2020-05-12,20,690,2022-04-04,0
2020-05-13,22,712,2022-04-04,0
2020-05-14,20,732,2022-04-04,0
2020-05-15,20,752,2022-04-04,0
2020-05-16,20,772,2022-04-04,0
2020-05-17,23,795,2022-04-04,0
2020-05-18,18,813,2022-04-04,0
2020-05-19,35,848,2022-04-04,0
2020-05-20,24,872,2022-04-04,0
2020-05-21,17,889,2022-04-04,0
2020-05-22,20,909,2022-04-04,0
2020-05-23,26,935,2022-04-04,0
2020-05-24,25,960,2022-04-04,0
2020-05-25,30,990,2022-04-04,0
2020-05-26,29,1019,2022-04-04,0
2020-05-27,25,1044,2022-04-04,0
2020-05-28,21,1065,2022-04-04,0
2020-05-29,17,1082,2022-04-04,0
2020-05-30,11,1093,2022-04-04,0
2020-05-31,20,1113,2022-04-04,0
2020-06-01,23,1136,2022-04-04,0
2020-06-02,21,1157,2022-04-04,0
2020-06-03,25,1182,2022-04-04,0
2020-06-04,26,1208,2022-04-04,0
2020-06-05,18,1226,2022-04-04,0
2020-06-06,12,1238,2022-04-04,0
2020-06-07,22,1260,2022-04-04,0
2020-06-08,12,1272,2022-04-04,0
2020-06-09,13,1285,2022-04-04,0
2020-06-10,10,1295,2022-04-04,0
2020-06-11,12,1307,2022-04-04,0
2020-06-12,11,1318,2022-04-04,0
2020-06-13,13,1331,2022-04-04,0
2020-06-14,11,1342,2022-04-04,0
2020-06-15,8,1350,2022-04-04,0
2020-06-16,9,1359,2022-04-04,0
2020-06-17,17,1376,2022-04-04,0
2020-06-18,9,1385,2022-04-04,0
2020-06-19,8,1393,2022-04-04,0
2020-06-20,12,1405,2022-04-04,0
2020-06-21,11,1416,2022-04-04,0
2020-06-22,6,1422,2022-04-04,0
2020-06-23,10,1432,2022-04-04,0
2020-06-24,1,1433,2022-04-04,0
2020-06-25,9,1442,2022-04-04,0
2020-06-26,6,1448,2022-04-04,0
2020-06-27,5,1453,2022-04-04,0
2020-06-28,11,1464,2022-04-04,0
2020-06-29,7,1471,2022-04-04,0
2020-06-30,9,1480,2022-04-04,0
2020-07-01,2,1482,2022-04-04,0
2020-07-02,3,1485,2022-04-04,0
2020-07-03,5,1490,2022-04-04,0
2020-07-04,4,1494,2022-04-04,0
2020-07-05,6,1500,2022-04-04,0
2020-07-06,4,1504,2022-04-04,0
2020-07-07,2,1506,2022-04-04,0
2020-07-08,9,1515,2022-04-04,0
2020-07-09,4,1519,2022-04-04,0
2020-07-10,3,1522,2022-04-04,0
2020-07-11,4,1526,2022-04-04,0
2020-07-12,6,1532,2022-04-04,0
2020-07-13,2,1534,2022-04-04,0
2020-07-14,6,1540,2022-04-04,0
2020-07-15,7,1547,2022-04-04,0
2020-07-16,3,1550,2022-04-04,0
2020-07-17,7,1557,2022-04-04,0
2020-07-18,6,1563,2022-04-04,0
2020-07-19,5,1568,2022-04-04,0
2020-07-20,3,1571,2022-04-04,0
2020-07-21,6,1577,2022-04-04,0
2020-07-22,5,1582,2022-04-04,0
2020-07-23,8,1590,2022-04-04,0
2020-07-24,6,1596,2022-04-04,0
2020-07-25,2,1598,2022-04-04,0
2020-07-26,5,1603,2022-04-04,0
2020-07-27,5,1608,2022-04-04,0
2020-07-28,7,1615,2022-04-04,0
2020-07-29,3,1618,2022-04-04,0
2020-07-30,6,1624,2022-04-04,0
2020-07-31,9,1633,2022-04-04,0
2020-08-01,4,1637,2022-04-04,0
2020-08-02,7,1644,2022-04-04,0
2020-08-03,4,1648,2022-04-04,0
2020-08-04,7,1655,2022-04-04,0
2020-08-05,8,1663,2022-04-04,0
2020-08-06,9,1672,2022-04-04,0
2020-08-07,7,1679,2022-04-04,0
2020-08-08,6,1685,2022-04-04,0
2020-08-09,10,1695,2022-04-04,0
2020-08-10,3,1698,2022-04-04,0
2020-08-11,9,1707,2022-04-04,0
2020-08-12,7,1714,2022-04-04,0
2020-08-13,5,1719,2022-04-04,0
2020-08-14,9,1728,2022-04-04,0
2020-08-15,13,1741,2022-04-04,0
2020-08-16,13,1754,2022-04-04,0
2020-08-17,6,1760,2022-04-04,0
2020-08-18,11,1771,2022-04-04,0
2020-08-19,3,1774,2022-04-04,0
2020-08-20,10,1784,2022-04-04,0
2020-08-21,12,1796,2022-04-04,0
2020-08-22,9,1805,2022-04-04,0
2020-08-23,7,1812,2022-04-04,0
2020-08-24,9,1821,2022-04-04,0
2020-08-25,4,1825,2022-04-04,0
2020-08-26,3,1828,2022-04-04,0
2020-08-27,7,1835,2022-04-04,0
2020-08-28,6,1841,2022-04-04,0
2020-08-29,3,1844,2022-04-04,0
2020-08-30,5,1849,2022-04-04,0
2020-08-31,9,1858,2022-04-04,0
2020-09-01,2,1860,2022-04-04,0
2020-09-02,7,1867,2022-04-04,0
2020-09-03,12,1879,2022-04-04,0
2020-09-04,4,1883,2022-04-04,0
2020-09-05,6,1889,2022-04-04,0
2020-09-06,12,1901,2022-04-04,0
2020-09-07,3,1904,2022-04-04,0
2020-09-08,6,1910,2022-04-04,0
2020-09-09,10,1920,2022-04-04,0
2020-09-10,9,1929,2022-04-04,0
2020-09-11,11,1940,2022-04-04,0
2020-09-12,8,1948,2022-04-04,0
2020-09-13,8,1956,2022-04-04,0
2020-09-14,2,1958,2022-04-04,0
2020-09-15,7,1965,2022-04-04,0
2020-09-16,9,1974,2022-04-04,0
2020-09-17,5,1979,2022-04-04,0
2020-09-18,6,1985,2022-04-04,0
2020-09-19,4,1989,2022-04-04,0
2020-09-20,9,1998,2022-04-04,0
2020-09-21,7,2005,2022-04-04,0
2020-09-22,8,2013,2022-04-04,0
2020-09-23,9,2022,2022-04-04,0
2020-09-24,8,2030,2022-04-04,0
2020-09-25,11,2041,2022-04-04,0
2020-09-26,9,2050,2022-04-04,0
2020-09-27,14,2064,2022-04-04,0
2020-09-28,11,2075,2022-04-04,0
2020-09-29,5,2080,2022-04-04,0
2020-09-30,16,2096,2022-04-04,0
2020-10-01,7,2103,2022-04-04,0
2020-10-02,13,2116,2022-04-04,0
2020-10-03,9,2125,2022-04-04,0
2020-10-04,7,2132,2022-04-04,0
2020-10-05,10,2142,2022-04-04,0
2020-10-06,13,2155,2022-04-04,0
2020-10-07,19,2174,2022-04-04,0
2020-10-08,9,2183,2022-04-04,0
2020-10-09,17,2200,2022-04-04,0
2020-10-10,16,2216,2022-04-04,0
2020-10-11,16,2232,2022-04-04,0
2020-10-12,20,2252,2022-04-04,0
2020-10-13,14,2266,2022-04-04,0
2020-10-14,10,2276,2022-04-04,0
2020-10-15,9,2285,2022-04-04,0
2020-10-16,12,2297,2022-04-04,0
2020-10-17,18,2315,2022-04-04,0
2020-10-18,25,2340,2022-04-04,0
2020-10-19,18,2358,2022-04-04,0
2020-10-20,15,2373,2022-04-04,0
2020-10-21,24,2397,2022-04-04,0
2020-10-22,18,2415,2022-04-04,0
2020-10-23,19,2434,2022-04-04,0
2020-10-24,8,2442,2022-04-04,0
2020-10-25,17,2459,2022-04-04,0
2020-10-26,25,2484,2022-04-04,0
2020-10-27,23,2507,2022-04-04,0
2020-10-28,29,2536,2022-04-04,0
2020-10-29,18,2554,2022-04-04,0
2020-10-30,27,2581,2022-04-04,0
2020-10-31,25,2606,2022-04-04,0
2020-11-01,21,2627,2022-04-04,0
2020-11-02,25,2652,2022-04-04,0
2020-11-03,25,2677,2022-04-04,0
2020-11-04,33,2710,2022-04-04,0
2020-11-05,38,2748,2022-04-04,0
2020-11-06,39,2787,2022-04-04,0
2020-11-07,42,2829,2022-04-04,0
2020-11-08,47,2876,2022-04-04,0
2020-11-09,37,2913,2022-04-04,0
2020-11-10,35,2948,2022-04-04,0
2020-11-11,43,2991,2022-04-04,0
2020-11-12,45,3036,2022-04-04,0
2020-11-13,40,3076,2022-04-04,0
2020-11-14,48,3124,2022-04-04,0
2020-11-15,46,3170,2022-04-04,0
2020-11-16,62,3232,2022-04-04,0
2020-11-17,56,3288,2022-04-04,0
2020-11-18,61,3349,2022-04-04,0
2020-11-19,60,3409,2022-04-04,0
2020-11-20,63,3472,2022-04-04,0
2020-11-21,58,3530,2022-04-04,0
2020-11-22,67,3597,2022-04-04,0
2020-11-23,59,3656,2022-04-04,0
2020-11-24,69,3725,2022-04-04,0
2020-11-25,72,3797,2022-04-04,0
2020-11-26,54,3851,2022-04-04,0
2020-11-27,69,3920,2022-04-04,0
2020-11-28,62,3982,2022-04-04,0
2020-11-29,68,4050,2022-04-04,0
2020-11-30,62,4112,2022-04-04,0
2020-12-01,64,4176,2022-04-04,0
2020-12-02,73,4249,2022-04-04,0
2020-12-03,86,4335,2022-04-04,0
2020-12-04,67,4402,2022-04-04,0
2020-12-05,74,4476,2022-04-04,0
2020-12-06,80,4556,2022-04-04,0
2020-12-07,75,4631,2022-04-04,0
2020-12-08,61,4692,2022-04-04,0
2020-12-09,71,4763,2022-04-04,0
2020-12-10,72,4835,2022-04-04,0
2020-12-11,71,4906,2022-04-04,0
2020-12-12,72,4978,2022-04-04,0
2020-12-13,56,5034,2022-04-04,0
2020-12-14,43,5077,2022-04-04,0
2020-12-15,65,5142,2022-04-04,0
2020-12-16,74,5216,2022-04-04,0
2020-12-17,60,5276,2022-04-04,0
2020-12-18,59,5335,2022-04-04,0
2020-12-19,56,5391,2022-04-04,0
2020-12-20,61,5452,2022-04-04,0
2020-12-21,58,5510,2022-04-04,0
2020-12-22,33,5543,2022-04-04,0
2020-12-23,46,5589,2022-04-04,0
2020-12-24,51,5640,2022-04-04,0
2020-12-25,36,5676,2022-04-04,0
2020-12-26,43,5719,2022-04-04,0
2020-12-27,41,5760,2022-04-04,0
2020-12-28,34,5794,2022-04-04,0
2020-12-29,37,5831,2022-04-04,0
2020-12-30,47,5878,2022-04-04,0
2020-12-31,36,5914,2022-04-04,0
2021-01-01,28,5942,2022-04-04,0
2021-01-02,49,5991,2022-04-04,0
2021-01-03,37,6028,2022-04-04,0
2021-01-04,32,6060,2022-04-04,0
2021-01-05,40,6100,2022-04-04,0
2021-01-06,32,6132,2022-04-04,0
2021-01-07,38,6170,2022-04-04,0
2021-01-08,32,6202,2022-04-04,0
2021-01-09,26,6228,2022-04-04,0
2021-01-10,30,6258,2022-04-04,0
2021-01-11,27,6285,2022-04-04,0
2021-01-12,32,6317,2022-04-04,0
2021-01-13,23,6340,2022-04-04,0
2021-01-14,42,6382,2022-04-04,0
2021-01-15,26,6408,2022-04-04,0
2021-01-16,30,6438,2022-04-04,0
2021-01-17,21,6459,2022-04-04,0
2021-01-18,19,6478,2022-04-04,0
2021-01-19,14,6492,2022-04-04,0
2021-01-20,26,6518,2022-04-04,0
2021-01-21,16,6534,2022-04-04,0
2021-01-22,14,6548,2022-04-04,0
2021-01-23,17,6565,2022-04-04,0
2021-01-24,24,6589,2022-04-04,0
2021-01-25,19,6608,2022-04-04,0
2021-01-26,21,6629,2022-04-04,0
2021-01-27,11,6640,2022-04-04,0
2021-01-28,12,6652,2022-04-04,0
2021-01-29,15,6667,2022-04-04,0
2021-01-30,13,6680,2022-04-04,0
2021-01-31,17,6697,2022-04-04,0
2021-02-01,17,6714,2022-04-04,0
2021-02-02,10,6724,2022-04-04,0
2021-02-03,11,6735,2022-04-04,0
2021-02-04,11,6746,2022-04-04,0
2021-02-05,13,6759,2022-04-04,0
2021-02-06,12,6771,2022-04-04,0
2021-02-07,19,6790,2022-04-04,0
2021-02-08,11,6801,2022-04-04,0
2021-02-09,15,6816,2022-04-04,0
2021-02-10,14,6830,2022-04-04,0
2021-02-11,7,6837,2022-04-04,0
2021-02-12,14,6851,2022-04-04,0
2021-02-13,8,6859,2022-04-04,0
2021-02-14,10,6869,2022-04-04,0
2021-02-15,9,6878,2022-04-04,0
2021-02-16,12,6890,2022-04-04,0
2021-02-17,10,6900,2022-04-04,0
2021-02-18,7,6907,2022-04-04,0
2021-02-19,6,6913,2022-04-04,0
2021-02-20,7,6920,2022-04-04,0
2021-02-21,4,6924,2022-04-04,0
2021-02-22,5,6929,2022-04-04,0
2021-02-23,9,6938,2022-04-04,0
2021-02-24,5,6943,2022-04-04,0
2021-02-25,5,6948,2022-04-04,0
2021-02-26,7,6955,2022-04-04,0
2021-02-27,6,6961,2022-04-04,0
2021-02-28,8,6969,2022-04-04,0
2021-03-01,7,6976,2022-04-04,0
2021-03-02,3,6979,2022-04-04,0
2021-03-03,10,6989,2022-04-04,0
2021-03-04,6,6995,2022-04-04,0
2021-03-05,10,7005,2022-04-04,0
2021-03-06,5,7010,2022-04-04,0
2021-03-07,9,7019,2022-04-04,0
2021-03-08,5,7024,2022-04-04,0
2021-03-09,7,7031,2022-04-04,0
2021-03-10,5,7036,2022-04-04,0
2021-03-11,4,7040,2022-04-04,0
2021-03-12,11,7051,2022-04-04,0
2021-03-13,5,7056,2022-04-04,0
2021-03-14,5,7061,2022-04-04,0
2021-03-15,2,7063,2022-04-04,0
2021-03-16,6,7069,2022-04-04,0
2021-03-17,4,7073,2022-04-04,0
2021-03-18,5,7078,2022-04-04,0
2021-03-19,5,7083,2022-04-04,0
2021-03-20,9,7092,2022-04-04,0
2021-03-21,5,7097,2022-04-04,0
2021-03-22,4,7101,2022-04-04,0
2021-03-23,5,7106,2022-04-04,0
2021-03-24,1,7107,2022-04-04,0
2021-03-25,5,7112,2022-04-04,0
2021-03-26,3,7115,2022-04-04,0
2021-03-27,7,7122,2022-04-04,0
2021-03-28,6,7128,2022-04-04,0
2021-03-29,5,7133,2022-04-04,0
2021-03-30,6,7139,2022-04-04,0
2021-03-31,8,7147,2022-04-04,0
2021-04-01,6,7153,2022-04-04,0
2021-04-02,9,7162,2022-04-04,0
2021-04-03,8,7170,2022-04-04,0
2021-04-04,6,7176,2022-04-04,0
2021-04-05,8,7184,2022-04-04,0
2021-04-06,7,7191,2022-04-04,0
2021-04-07,6,7197,2022-04-04,0
2021-04-08,10,7207,2022-04-04,0
2021-04-09,7,7214,2022-04-04,0
2021-04-10,7,7221,2022-04-04,0
2021-04-11,8,7229,2022-04-04,0
2021-04-12,10,7239,2022-04-04,0
2021-04-13,7,7246,2022-04-04,0
2021-04-14,8,7254,2022-04-04,0
2021-04-15,14,7268,2022-04-04,0
2021-04-16,8,7276,2022-04-04,0
2021-04-17,8,7284,2022-04-04,0
2021-04-18,8,7292,2022-04-04,0
2021-04-19,10,7302,2022-04-04,0
2021-04-20,5,7307,2022-04-04,0
2021-04-21,8,7315,2022-04-04,0
2021-04-22,3,7318,2022-04-04,0
2021-04-23,15,7333,2022-04-04,0
2021-04-24,11,7344,2022-04-04,0
2021-04-25,15,7359,2022-04-04,0
2021-04-26,15,7374,2022-04-04,0
2021-04-27,7,7381,2022-04-04,0
2021-04-28,14,7395,2022-04-04,0
2021-04-29,8,7403,2022-04-04,0
2021-04-30,11,7414,2022-04-04,0
2021-05-01,7,7421,2022-04-04,0
2021-05-02,8,7429,2022-04-04,0
2021-05-03,5,7434,2022-04-04,0
2021-05-04,13,7447,2022-04-04,0
2021-05-05,9,7456,2022-04-04,0
2021-05-06,5,7461,2022-04-04,0
2021-05-07,8,7469,2022-04-04,0
2021-05-08,7,7476,2022-04-04,0
2021-05-09,9,7485,2022-04-04,0
2021-05-10,8,7493,2022-04-04,0
2021-05-11,6,7499,2022-04-04,0
2021-05-12,9,7508,2022-04-04,0
2021-05-13,9,7517,2022-04-04,0
2021-05-14,11,7528,2022-04-04,0
2021-05-15,10,7538,2022-04-04,0
2021-05-16,6,7544,2022-04-04,0
2021-05-17,6,7550,2022-04-04,0
2021-05-18,7,7557,2022-04-04,0
2021-05-19,2,7559,2022-04-04,0
2021-05-20,5,7564,2022-04-04,0
2021-05-21,7,7571,2022-04-04,0
2021-05-22,12,7583,2022-04-04,0
2021-05-23,5,7588,2022-04-04,0
2021-05-24,5,7593,2022-04-04,0
2021-05-25,6,7599,2022-04-04,0
2021-05-26,3,7602,2022-04-04,0
2021-05-27,7,7609,2022-04-04,0
2021-05-28,2,7611,2022-04-04,0
2021-05-29,6,7617,2022-04-04,0
2021-05-30,4,7621,2022-04-04,0
2021-05-31,3,7624,2022-04-04,0
2021-06-01,5,7629,2022-04-04,0
2021-06-02,8,7637,2022-04-04,0
2021-06-03,4,7641,2022-04-04,0
2021-06-04,4,7645,2022-04-04,0
2021-06-05,2,7647,2022-04-04,0
2021-06-06,5,7652,2022-04-04,0
2021-06-07,3,7655,2022-04-04,0
2021-06-08,5,7660,2022-04-04,0
2021-06-09,4,7664,2022-04-04,0
2021-06-10,6,7670,2022-04-04,0
2021-06-11,6,7676,2022-04-04,0
2021-06-12,4,7680,2022-04-04,0
2021-06-13,4,7684,2022-04-04,0
2021-06-14,3,7687,2022-04-04,0
2021-06-15,2,7689,2022-04-04,0
2021-06-16,2,7691,2022-04-04,0
2021-06-17,4,7695,2022-04-04,0
2021-06-18,2,7697,2022-04-04,0
2021-06-19,6,7703,2022-04-04,0
2021-06-20,1,7704,2022-04-04,0
2021-06-21,5,7709,2022-04-04,0
2021-06-22,3,7712,2022-04-04,0
2021-06-23,4,7716,2022-04-04,0
2021-06-24,3,7719,2022-04-04,0
2021-06-25,3,7722,2022-04-04,0
2021-06-26,4,7726,2022-04-04,0
2021-06-27,2,7728,2022-04-04,0
2021-06-28,2,7730,2022-04-04,0
2021-06-29,2,7732,2022-04-04,0
2021-06-30,2,7734,2022-04-04,0
2021-07-01,0,7734,2022-04-04,0
2021-07-02,2,7736,2022-04-04,0
2021-07-03,2,7738,2022-04-04,0
2021-07-04,3,7741,2022-04-04,0
2021-07-05,1,7742,2022-04-04,0
2021-07-06,5,7747,2022-04-04,0
2021-07-07,1,7748,2022-04-04,0
2021-07-08,1,7749,2022-04-04,0
2021-07-09,0,7749,2022-04-04,0
2021-07-10,2,7751,2022-04-04,0
2021-07-11,3,7754,2022-04-04,0
2021-07-12,1,7755,2022-04-04,0
2021-07-13,2,7757,2022-04-04,0
2021-07-14,2,7759,2022-04-04,0
2021-07-15,2,7761,2022-04-04,0
2021-07-16,1,7762,2022-04-04,0
2021-07-17,1,7763,2022-04-04,0
2021-07-18,0,7763,2022-04-04,0
2021-07-19,0,7763,2022-04-04,0
2021-07-20,2,7765,2022-04-04,0
2021-07-21,3,7768,2022-04-04,0
2021-07-22,2,7770,2022-04-04,0
2021-07-23,3,7773,2022-04-04,0
2021-07-24,0,7773,2022-04-04,0
2021-07-25,2,7775,2022-04-04,0
2021-07-26,1,7776,2022-04-04,0
2021-07-27,2,7778,2022-04-04,0
2021-07-28,3,7781,2022-04-04,0
2021-07-29,2,7783,2022-04-04,0
2021-07-30,5,7788,2022-04-04,0
2021-07-31,4,7792,2022-04-04,0
2021-08-01,1,7793,2022-04-04,0
2021-08-02,3,7796,2022-04-04,0
2021-08-03,2,7798,2022-04-04,0
2021-08-04,3,7801,2022-04-04,0
2021-08-05,2,7803,2022-04-04,0
2021-08-06,8,7811,2022-04-04,0
2021-08-07,3,7814,2022-04-04,0
2021-08-08,3,7817,2022-04-04,0
2021-08-09,3,7820,2022-04-04,0
2021-08-10,2,7822,2022-04-04,0
2021-08-11,2,7824,2022-04-04,0
2021-08-12,7,7831,2022-04-04,0
2021-08-13,5,7836,2022-04-04,0
2021-08-14,6,7842,2022-04-04,0
2021-08-15,0,7842,2022-04-04,0
2021-08-16,7,7849,2022-04-04,0
2021-08-17,7,7856,2022-04-04,0
2021-08-18,9,7865,2022-04-04,0
2021-08-19,2,7867,2022-04-04,0
2021-08-20,3,7870,2022-04-04,0
2021-08-21,5,7875,2022-04-04,0
2021-08-22,7,7882,2022-04-04,0
2021-08-23,5,7887,2022-04-04,0
2021-08-24,12,7899,2022-04-04,0
2021-08-25,7,7906,2022-04-04,0
2021-08-26,2,7908,2022-04-04,0
2021-08-27,6,7914,2022-04-04,0
2021-08-28,11,7925,2022-04-04,0
2021-08-29,11,7936,2022-04-04,0
2021-08-30,8,7944,2022-04-04,0
2021-08-31,8,7952,2022-04-04,0
2021-09-01,6,7958,2022-04-04,0
2021-09-02,6,7964,2022-04-04,0
2021-09-03,9,7973,2022-04-04,0
2021-09-04,9,7982,2022-04-04,0
2021-09-05,10,7992,2022-04-04,0
2021-09-06,8,8000,2022-04-04,0
2021-09-07,7,8007,2022-04-04,0
2021-09-08,11,8018,2022-04-04,0
2021-09-09,5,8023,2022-04-04,0
2021-09-10,9,8032,2022-04-04,0
2021-09-11,17,8049,2022-04-04,0
2021-09-12,10,8059,2022-04-04,0
2021-09-13,8,8067,2022-04-04,0
2021-09-14,11,8078,2022-04-04,0
2021-09-15,14,8092,2022-04-04,0
2021-09-16,16,8108,2022-04-04,0
2021-09-17,8,8116,2022-04-04,0
2021-09-18,15,8131,2022-04-04,0
2021-09-19,11,8142,2022-04-04,0
2021-09-20,16,8158,2022-04-04,0
2021-09-21,16,8174,2022-04-04,0
2021-09-22,17,8191,2022-04-04,0
2021-09-23,13,8204,2022-04-04,0
2021-09-24,13,8217,2022-04-04,0
2021-09-25,16,8233,2022-04-04,0
2021-09-26,15,8248,2022-04-04,0
2021-09-27,15,8263,2022-04-04,0
2021-09-28,11,8274,2022-04-04,0
2021-09-29,21,8295,2022-04-04,0
2021-09-30,17,8312,2022-04-04,0
2021-10-01,13,8325,2022-04-04,0
2021-10-02,15,8340,2022-04-04,0
2021-10-03,23,8363,2022-04-04,0
2021-10-04,15,8378,2022-04-04,0
2021-10-05,23,8401,2022-04-04,0
2021-10-06,21,8422,2022-04-04,0
2021-10-07,14,8436,2022-04-04,0
2021-10-08,22,8458,2022-04-04,0
2021-10-09,20,8478,2022-04-04,0
2021-10-10,14,8492,2022-04-04,0
2021-10-11,11,8503,2022-04-04,0
2021-10-12,25,8528,2022-04-04,0
2021-10-13,21,8549,2022-04-04,0
2021-10-14,22,8571,2022-04-04,0
2021-10-15,14,8585,2022-04-04,0
2021-10-16,20,8605,2022-04-04,0
2021-10-17,18,8623,2022-04-04,0
2021-10-18,17,8640,2022-04-04,0
2021-10-19,26,8666,2022-04-04,0
2021-10-20,17,8683,2022-04-04,0
2021-10-21,8,8691,2022-04-04,0
2021-10-22,23,8714,2022-04-04,0
2021-10-23,24,8738,2022-04-04,0
2021-10-24,25,8763,2022-04-04,0
2021-10-25,20,8783,2022-04-04,0
2021-10-26,22,8805,2022-04-04,0
2021-10-27,16,8821,2022-04-04,0
2021-10-28,24,8845,2022-04-04,0
2021-10-29,20,8865,2022-04-04,0
2021-10-30,20,8885,2022-04-04,0
2021-10-31,27,8912,2022-04-04,0
2021-11-01,18,8930,2022-04-04,0
2021-11-02,18,8948,2022-04-04,0
2021-11-03,28,8976,2022-04-04,0
2021-11-04,29,9005,2022-04-04,0
2021-11-05,29,9034,2022-04-04,0
2021-11-06,16,9050,2022-04-04,0
2021-11-07,24,9074,2022-04-04,0
2021-11-08,28,9102,2022-04-04,0
2021-11-09,17,9119,2022-04-04,0
2021-11-10,18,9137,2022-04-04,0
2021-11-11,28,9165,2022-04-04,0
2021-11-12,29,9194,2022-04-04,0
2021-11-13,31,9225,2022-04-04,0
2021-11-14,24,9249,2022-04-04,0
2021-11-15,28,9277,2022-04-04,0
2021-11-16,25,9302,2022-04-04,0
2021-11-17,37,9339,2022-04-04,0
2021-11-18,38,9377,2022-04-04,0
2021-11-19,34,9411,2022-04-04,0
2021-11-20,30,9441,2022-04-04,0
2021-11-21,32,9473,2022-04-04,0
2021-11-22,30,9503,2022-04-04,0
2021-11-23,32,9535,2022-04-04,0
2021-11-24,25,9560,2022-04-04,0
2021-11-25,35,9595,2022-04-04,0
2021-11-26,51,9646,2022-04-04,0
2021-11-27,36,9682,2022-04-04,0
2021-11-28,39,9721,2022-04-04,0
2021-11-29,29,9750,2022-04-04,0
2021-11-30,30,9780,2022-04-04,0
2021-12-01,47,9827,2022-04-04,0
2021-12-02,40,9867,2022-04-04,0
2021-12-03,31,9898,2022-04-04,0
2021-12-04,42,9940,2022-04-04,0
2021-12-05,36,9976,2022-04-04,0
2021-12-06,36,10012,2022-04-04,0
2021-12-07,36,10048,2022-04-04,0
2021-12-08,39,10087,2022-04-04,0
2021-12-09,47,10134,2022-04-04,0
2021-12-10,34,10168,2022-04-04,0
2021-12-11,27,10195,2022-04-04,0
2021-12-12,37,10232,2022-04-04,0
2021-12-13,34,10266,2022-04-04,0
2021-12-14,35,10301,2022-04-04,0
2021-12-15,42,10343,2022-04-04,0
2021-12-16,33,10376,2022-04-04,0
2021-12-17,41,10417,2022-04-04,0
2021-12-18,33,10450,2022-04-04,0
2021-12-19,31,10481,2022-04-04,0
2021-12-20,33,10514,2022-04-04,0
2021-12-21,28,10542,2022-04-04,0
2021-12-22,29,10571,2022-04-04,0
2021-12-23,28,10599,2022-04-04,0
2021-12-24,30,10629,2022-04-04,0
2021-12-25,28,10657,2022-04-04,0
2021-12-26,42,10699,2022-04-04,0
2021-12-27,32,10731,2022-04-04,0
2021-12-28,35,10766,2022-04-04,0
2021-12-29,31,10797,2022-04-04,0
2021-12-30,21,10818,2022-04-04,0
2021-12-31,40,10858,2022-04-04,0
2022-01-01,27,10885,2022-04-04,0
2022-01-02,22,10907,2022-04-04,0
2022-01-03,23,10930,2022-04-04,0
2022-01-04,30,10960,2022-04-04,0
2022-01-05,32,10992,2022-04-04,0
2022-01-06,32,11024,2022-04-04,0
2022-01-07,28,11052,2022-04-04,0
2022-01-08,43,11095,2022-04-04,0
2022-01-09,19,11114,2022-04-04,0
2022-01-10,31,11145,2022-04-04,0
2022-01-11,20,11165,2022-04-04,0
2022-01-12,21,11186,2022-04-04,0
2022-01-13,28,11214,2022-04-04,0
2022-01-14,33,11247,2022-04-04,0
2022-01-15,26,11273,2022-04-04,0
2022-01-16,34,11307,2022-04-04,0
2022-01-17,36,11343,2022-04-04,0
2022-01-18,26,11369,2022-04-04,0
2022-01-19,29,11398,2022-04-04,0
2022-01-20,31,11429,2022-04-04,0
2022-01-21,27,11456,2022-04-04,0
2022-01-22,29,11485,2022-04-04,0
2022-01-23,24,11509,2022-04-04,0
2022-01-24,38,11547,2022-04-04,0
2022-01-25,33,11580,2022-04-04,0
2022-01-26,35,11615,2022-04-04,0
2022-01-27,37,11652,2022-04-04,0
2022-01-28,31,11683,2022-04-04,0
2022-01-29,31,11714,2022-04-04,0
2022-01-30,27,11741,2022-04-04,0
2022-01-31,18,11759,2022-04-04,0
2022-02-01,25,11784,2022-04-04,0
2022-02-02,23,11807,2022-04-04,0
2022-02-03,30,11837,2022-04-04,0
2022-02-04,22,11859,2022-04-04,0
2022-02-05,28,11887,2022-04-04,0
2022-02-06,28,11915,2022-04-04,0
2022-02-07,20,11935,2022-04-04,0
2022-02-08,27,11962,2022-04-04,0
2022-02-09,25,11987,2022-04-04,0
2022-02-10,21,12008,2022-04-04,0
2022-02-11,19,12027,2022-04-04,0
2022-02-12,16,12043,2022-04-04,0
2022-02-13,19,12062,2022-04-04,0
2022-02-14,17,12079,2022-04-04,0
2022-02-15,21,12100,2022-04-04,0
2022-02-16,14,12114,2022-04-04,0
2022-02-17,16,12130,2022-04-04,0
2022-02-18,16,12146,2022-04-04,0
2022-02-19,21,12167,2022-04-04,0
2022-02-20,15,12182,2022-04-04,0
2022-02-21,6,12188,2022-04-04,0
2022-02-22,14,12202,2022-04-04,0
2022-02-23,9,12211,2022-04-04,0
2022-02-24,27,12238,2022-04-04,1
2022-02-25,9,12247,2022-04-04,0
2022-02-26,10,12257,2022-04-04,0
2022-02-27,11,12268,2022-04-04,0
2022-02-28,8,12276,2022-04-04,0
2022-03-01,6,12282,2022-04-04,0
2022-03-02,9,12291,2022-04-04,0
2022-03-03,6,12297,2022-04-04,0
2022-03-04,11,12308,2022-04-04,0
2022-03-05,6,12314,2022-04-04,0
2022-03-06,10,12324,2022-04-04,0
2022-03-07,4,12328,2022-04-04,0
2022-03-08,5,12333,2022-04-04,0
2022-03-09,11,12344,2022-04-04,0
2022-03-10,9,12353,2022-04-04,0
2022-03-11,8,12361,2022-04-04,0
2022-03-12,0,12361,2022-04-04,0
2022-03-13,4,12365,2022-04-04,0
2022-03-14,4,12369,2022-04-04,0
2022-03-15,3,12372,2022-04-04,0
2022-03-16,0,12372,2022-04-04,0
2022-03-17,7,12379,2022-04-04,0
2022-03-18,2,12381,2022-04-04,0
2022-03-19,3,12384,2022-04-04,0
2022-03-20,8,12392,2022-04-04,0
2022-03-21,2,12394,2022-04-04,0
2022-03-22,3,12397,2022-04-04,0
2022-03-23,3,12400,2022-04-04,0
2022-03-24,4,12404,2022-04-04,0
2022-03-25,5,12409,2022-04-04,1
2022-03-26,1,12410,2022-04-04,0
2022-03-27,1,12411,2022-04-04,0
2022-03-28,3,12414,2022-04-04,2
2022-03-29,1,12415,2022-04-04,1
NA,0,12415,2022-04-04,0
2020-03-19,1,1,2022-04-05,0
2020-03-20,0,1,2022-04-05,0
2020-03-21,0,1,2022-04-05,0
2020-03-22,0,1,2022-04-05,0
2020-03-23,0,1,2022-04-05,0
2020-03-24,1,2,2022-04-05,0
2020-03-25,1,3,2022-04-05,0
2020-03-26,1,4,2022-04-05,0
2020-03-27,5,9,2022-04-05,0
2020-03-28,3,12,2022-04-05,0
2020-03-29,0,12,2022-04-05,0
2020-03-30,5,17,2022-04-05,0
2020-03-31,2,19,2022-04-05,0
2020-04-01,5,24,2022-04-05,0
2020-04-02,3,27,2022-04-05,0
2020-04-03,1,28,2022-04-05,0
2020-04-04,5,33,2022-04-05,0
2020-04-05,5,38,2022-04-05,0
2020-04-06,10,48,2022-04-05,0
2020-04-07,6,54,2022-04-05,0
2020-04-08,7,61,2022-04-05,0
2020-04-09,8,69,2022-04-05,0
2020-04-10,6,75,2022-04-05,0
2020-04-11,4,79,2022-04-05,0
2020-04-12,4,83,2022-04-05,0
2020-04-13,10,93,2022-04-05,0
2020-04-14,6,99,2022-04-05,0
2020-04-15,17,116,2022-04-05,0
2020-04-16,10,126,2022-04-05,0
2020-04-17,17,143,2022-04-05,0
2020-04-18,17,160,2022-04-05,0
2020-04-19,16,176,2022-04-05,0
2020-04-20,21,197,2022-04-05,0
2020-04-21,26,223,2022-04-05,0
2020-04-22,21,244,2022-04-05,0
2020-04-23,19,263,2022-04-05,0
2020-04-24,23,286,2022-04-05,0
2020-04-25,18,304,2022-04-05,0
2020-04-26,17,321,2022-04-05,0
2020-04-27,21,342,2022-04-05,0
2020-04-28,16,358,2022-04-05,0
2020-04-29,29,387,2022-04-05,0
2020-04-30,18,405,2022-04-05,0
2020-05-01,30,435,2022-04-05,0
2020-05-02,19,454,2022-04-05,0
2020-05-03,29,483,2022-04-05,0
2020-05-04,23,506,2022-04-05,0
2020-05-05,19,525,2022-04-05,0
2020-05-06,25,550,2022-04-05,0
2020-05-07,30,580,2022-04-05,0
2020-05-08,20,600,2022-04-05,0
2020-05-09,26,626,2022-04-05,0
2020-05-10,19,645,2022-04-05,0
2020-05-11,25,670,2022-04-05,0
2020-05-12,20,690,2022-04-05,0
2020-05-13,22,712,2022-04-05,0
2020-05-14,20,732,2022-04-05,0
2020-05-15,20,752,2022-04-05,0
2020-05-16,20,772,2022-04-05,0
2020-05-17,23,795,2022-04-05,0
2020-05-18,18,813,2022-04-05,0
2020-05-19,35,848,2022-04-05,0
2020-05-20,24,872,2022-04-05,0
2020-05-21,17,889,2022-04-05,0
2020-05-22,20,909,2022-04-05,0
2020-05-23,26,935,2022-04-05,0
2020-05-24,25,960,2022-04-05,0
2020-05-25,30,990,2022-04-05,0
2020-05-26,29,1019,2022-04-05,0
2020-05-27,25,1044,2022-04-05,0
2020-05-28,21,1065,2022-04-05,0
2020-05-29,17,1082,2022-04-05,0
2020-05-30,11,1093,2022-04-05,0
2020-05-31,20,1113,2022-04-05,0
2020-06-01,23,1136,2022-04-05,0
2020-06-02,21,1157,2022-04-05,0
2020-06-03,25,1182,2022-04-05,0
2020-06-04,26,1208,2022-04-05,0
2020-06-05,18,1226,2022-04-05,0
2020-06-06,12,1238,2022-04-05,0
2020-06-07,22,1260,2022-04-05,0
2020-06-08,12,1272,2022-04-05,0
2020-06-09,13,1285,2022-04-05,0
2020-06-10,10,1295,2022-04-05,0
2020-06-11,12,1307,2022-04-05,0
2020-06-12,11,1318,2022-04-05,0
2020-06-13,13,1331,2022-04-05,0
2020-06-14,11,1342,2022-04-05,0
2020-06-15,8,1350,2022-04-05,0
2020-06-16,9,1359,2022-04-05,0
2020-06-17,17,1376,2022-04-05,0
2020-06-18,9,1385,2022-04-05,0
2020-06-19,8,1393,2022-04-05,0
2020-06-20,12,1405,2022-04-05,0
2020-06-21,11,1416,2022-04-05,0
2020-06-22,6,1422,2022-04-05,0
2020-06-23,10,1432,2022-04-05,0
2020-06-24,1,1433,2022-04-05,0
2020-06-25,9,1442,2022-04-05,0
2020-06-26,6,1448,2022-04-05,0
2020-06-27,5,1453,2022-04-05,0
2020-06-28,11,1464,2022-04-05,0
2020-06-29,7,1471,2022-04-05,0
2020-06-30,9,1480,2022-04-05,0
2020-07-01,2,1482,2022-04-05,0
2020-07-02,3,1485,2022-04-05,0
2020-07-03,5,1490,2022-04-05,0
2020-07-04,4,1494,2022-04-05,0
2020-07-05,6,1500,2022-04-05,0
2020-07-06,4,1504,2022-04-05,0
2020-07-07,2,1506,2022-04-05,0
2020-07-08,9,1515,2022-04-05,0
2020-07-09,4,1519,2022-04-05,0
2020-07-10,3,1522,2022-04-05,0
2020-07-11,4,1526,2022-04-05,0
2020-07-12,6,1532,2022-04-05,0
2020-07-13,2,1534,2022-04-05,0
2020-07-14,6,1540,2022-04-05,0
2020-07-15,7,1547,2022-04-05,0
2020-07-16,3,1550,2022-04-05,0
2020-07-17,7,1557,2022-04-05,0
2020-07-18,6,1563,2022-04-05,0
2020-07-19,5,1568,2022-04-05,0
2020-07-20,3,1571,2022-04-05,0
2020-07-21,6,1577,2022-04-05,0
2020-07-22,5,1582,2022-04-05,0
2020-07-23,8,1590,2022-04-05,0
2020-07-24,6,1596,2022-04-05,0
2020-07-25,2,1598,2022-04-05,0
2020-07-26,5,1603,2022-04-05,0
2020-07-27,5,1608,2022-04-05,0
2020-07-28,7,1615,2022-04-05,0
2020-07-29,3,1618,2022-04-05,0
2020-07-30,6,1624,2022-04-05,0
2020-07-31,9,1633,2022-04-05,0
2020-08-01,4,1637,2022-04-05,0
2020-08-02,7,1644,2022-04-05,0
2020-08-03,4,1648,2022-04-05,0
2020-08-04,7,1655,2022-04-05,0
2020-08-05,8,1663,2022-04-05,0
2020-08-06,9,1672,2022-04-05,0
2020-08-07,7,1679,2022-04-05,0
2020-08-08,6,1685,2022-04-05,0
2020-08-09,10,1695,2022-04-05,0
2020-08-10,3,1698,2022-04-05,0
2020-08-11,9,1707,2022-04-05,0
2020-08-12,7,1714,2022-04-05,0
2020-08-13,5,1719,2022-04-05,0
2020-08-14,9,1728,2022-04-05,0
2020-08-15,13,1741,2022-04-05,0
2020-08-16,13,1754,2022-04-05,0
2020-08-17,6,1760,2022-04-05,0
2020-08-18,11,1771,2022-04-05,0
2020-08-19,3,1774,2022-04-05,0
2020-08-20,10,1784,2022-04-05,0
2020-08-21,12,1796,2022-04-05,0
2020-08-22,9,1805,2022-04-05,0
2020-08-23,7,1812,2022-04-05,0
2020-08-24,9,1821,2022-04-05,0
2020-08-25,4,1825,2022-04-05,0
2020-08-26,3,1828,2022-04-05,0
2020-08-27,7,1835,2022-04-05,0
2020-08-28,6,1841,2022-04-05,0
2020-08-29,3,1844,2022-04-05,0
2020-08-30,5,1849,2022-04-05,0
2020-08-31,9,1858,2022-04-05,0
2020-09-01,2,1860,2022-04-05,0
2020-09-02,7,1867,2022-04-05,0
2020-09-03,12,1879,2022-04-05,0
2020-09-04,4,1883,2022-04-05,0
2020-09-05,6,1889,2022-04-05,0
2020-09-06,12,1901,2022-04-05,0
2020-09-07,3,1904,2022-04-05,0
2020-09-08,6,1910,2022-04-05,0
2020-09-09,10,1920,2022-04-05,0
2020-09-10,9,1929,2022-04-05,0
2020-09-11,11,1940,2022-04-05,0
2020-09-12,8,1948,2022-04-05,0
2020-09-13,8,1956,2022-04-05,0
2020-09-14,2,1958,2022-04-05,0
2020-09-15,7,1965,2022-04-05,0
2020-09-16,9,1974,2022-04-05,0
2020-09-17,5,1979,2022-04-05,0
2020-09-18,6,1985,2022-04-05,0
2020-09-19,4,1989,2022-04-05,0
2020-09-20,9,1998,2022-04-05,0
2020-09-21,7,2005,2022-04-05,0
2020-09-22,8,2013,2022-04-05,0
2020-09-23,9,2022,2022-04-05,0
2020-09-24,8,2030,2022-04-05,0
2020-09-25,11,2041,2022-04-05,0
2020-09-26,9,2050,2022-04-05,0
2020-09-27,14,2064,2022-04-05,0
2020-09-28,11,2075,2022-04-05,0
2020-09-29,5,2080,2022-04-05,0
2020-09-30,16,2096,2022-04-05,0
2020-10-01,7,2103,2022-04-05,0
2020-10-02,13,2116,2022-04-05,0
2020-10-03,9,2125,2022-04-05,0
2020-10-04,7,2132,2022-04-05,0
2020-10-05,10,2142,2022-04-05,0
2020-10-06,13,2155,2022-04-05,0
2020-10-07,19,2174,2022-04-05,0
2020-10-08,9,2183,2022-04-05,0
2020-10-09,17,2200,2022-04-05,0
2020-10-10,16,2216,2022-04-05,0
2020-10-11,16,2232,2022-04-05,0
2020-10-12,20,2252,2022-04-05,0
2020-10-13,14,2266,2022-04-05,0
2020-10-14,10,2276,2022-04-05,0
2020-10-15,9,2285,2022-04-05,0
2020-10-16,12,2297,2022-04-05,0
2020-10-17,18,2315,2022-04-05,0
2020-10-18,25,2340,2022-04-05,0
2020-10-19,18,2358,2022-04-05,0
2020-10-20,15,2373,2022-04-05,0
2020-10-21,24,2397,2022-04-05,0
2020-10-22,18,2415,2022-04-05,0
2020-10-23,19,2434,2022-04-05,0
2020-10-24,8,2442,2022-04-05,0
2020-10-25,17,2459,2022-04-05,0
2020-10-26,25,2484,2022-04-05,0
2020-10-27,23,2507,2022-04-05,0
2020-10-28,29,2536,2022-04-05,0
2020-10-29,18,2554,2022-04-05,0
2020-10-30,27,2581,2022-04-05,0
2020-10-31,25,2606,2022-04-05,0
2020-11-01,21,2627,2022-04-05,0
2020-11-02,25,2652,2022-04-05,0
2020-11-03,25,2677,2022-04-05,0
2020-11-04,33,2710,2022-04-05,0
2020-11-05,38,2748,2022-04-05,0
2020-11-06,39,2787,2022-04-05,0
2020-11-07,42,2829,2022-04-05,0
2020-11-08,47,2876,2022-04-05,0
2020-11-09,37,2913,2022-04-05,0
2020-11-10,35,2948,2022-04-05,0
2020-11-11,43,2991,2022-04-05,0
2020-11-12,45,3036,2022-04-05,0
2020-11-13,40,3076,2022-04-05,0
2020-11-14,48,3124,2022-04-05,0
2020-11-15,46,3170,2022-04-05,0
2020-11-16,62,3232,2022-04-05,0
2020-11-17,56,3288,2022-04-05,0
2020-11-18,61,3349,2022-04-05,0
2020-11-19,60,3409,2022-04-05,0
2020-11-20,63,3472,2022-04-05,0
2020-11-21,58,3530,2022-04-05,0
2020-11-22,67,3597,2022-04-05,0
2020-11-23,59,3656,2022-04-05,0
2020-11-24,69,3725,2022-04-05,0
2020-11-25,72,3797,2022-04-05,0
2020-11-26,54,3851,2022-04-05,0
2020-11-27,69,3920,2022-04-05,0
2020-11-28,62,3982,2022-04-05,0
2020-11-29,68,4050,2022-04-05,0
2020-11-30,62,4112,2022-04-05,0
2020-12-01,64,4176,2022-04-05,0
2020-12-02,73,4249,2022-04-05,0
2020-12-03,86,4335,2022-04-05,0
2020-12-04,67,4402,2022-04-05,0
2020-12-05,74,4476,2022-04-05,0
2020-12-06,80,4556,2022-04-05,0
2020-12-07,75,4631,2022-04-05,0
2020-12-08,61,4692,2022-04-05,0
2020-12-09,71,4763,2022-04-05,0
2020-12-10,72,4835,2022-04-05,0
2020-12-11,71,4906,2022-04-05,0
2020-12-12,72,4978,2022-04-05,0
2020-12-13,56,5034,2022-04-05,0
2020-12-14,43,5077,2022-04-05,0
2020-12-15,65,5142,2022-04-05,0
2020-12-16,74,5216,2022-04-05,0
2020-12-17,60,5276,2022-04-05,0
2020-12-18,59,5335,2022-04-05,0
2020-12-19,56,5391,2022-04-05,0
2020-12-20,61,5452,2022-04-05,0
2020-12-21,58,5510,2022-04-05,0
2020-12-22,33,5543,2022-04-05,0
2020-12-23,46,5589,2022-04-05,0
2020-12-24,51,5640,2022-04-05,0
2020-12-25,36,5676,2022-04-05,0
2020-12-26,43,5719,2022-04-05,0
2020-12-27,41,5760,2022-04-05,0
2020-12-28,34,5794,2022-04-05,0
2020-12-29,37,5831,2022-04-05,0
2020-12-30,47,5878,2022-04-05,0
2020-12-31,36,5914,2022-04-05,0
2021-01-01,28,5942,2022-04-05,0
2021-01-02,49,5991,2022-04-05,0
2021-01-03,37,6028,2022-04-05,0
2021-01-04,32,6060,2022-04-05,0
2021-01-05,40,6100,2022-04-05,0
2021-01-06,32,6132,2022-04-05,0
2021-01-07,38,6170,2022-04-05,0
2021-01-08,32,6202,2022-04-05,0
2021-01-09,26,6228,2022-04-05,0
2021-01-10,30,6258,2022-04-05,0
2021-01-11,27,6285,2022-04-05,0
2021-01-12,32,6317,2022-04-05,0
2021-01-13,23,6340,2022-04-05,0
2021-01-14,42,6382,2022-04-05,0
2021-01-15,26,6408,2022-04-05,0
2021-01-16,30,6438,2022-04-05,0
2021-01-17,21,6459,2022-04-05,0
2021-01-18,19,6478,2022-04-05,0
2021-01-19,14,6492,2022-04-05,0
2021-01-20,26,6518,2022-04-05,0
2021-01-21,16,6534,2022-04-05,0
2021-01-22,14,6548,2022-04-05,0
2021-01-23,17,6565,2022-04-05,0
2021-01-24,24,6589,2022-04-05,0
2021-01-25,19,6608,2022-04-05,0
2021-01-26,21,6629,2022-04-05,0
2021-01-27,11,6640,2022-04-05,0
2021-01-28,12,6652,2022-04-05,0
2021-01-29,15,6667,2022-04-05,0
2021-01-30,13,6680,2022-04-05,0
2021-01-31,17,6697,2022-04-05,0
2021-02-01,17,6714,2022-04-05,0
2021-02-02,10,6724,2022-04-05,0
2021-02-03,11,6735,2022-04-05,0
2021-02-04,11,6746,2022-04-05,0
2021-02-05,13,6759,2022-04-05,0
2021-02-06,12,6771,2022-04-05,0
2021-02-07,19,6790,2022-04-05,0
2021-02-08,11,6801,2022-04-05,0
2021-02-09,15,6816,2022-04-05,0
2021-02-10,14,6830,2022-04-05,0
2021-02-11,7,6837,2022-04-05,0
2021-02-12,14,6851,2022-04-05,0
2021-02-13,8,6859,2022-04-05,0
2021-02-14,10,6869,2022-04-05,0
2021-02-15,9,6878,2022-04-05,0
2021-02-16,12,6890,2022-04-05,0
2021-02-17,10,6900,2022-04-05,0
2021-02-18,7,6907,2022-04-05,0
2021-02-19,6,6913,2022-04-05,0
2021-02-20,7,6920,2022-04-05,0
2021-02-21,4,6924,2022-04-05,0
2021-02-22,5,6929,2022-04-05,0
2021-02-23,9,6938,2022-04-05,0
2021-02-24,5,6943,2022-04-05,0
2021-02-25,5,6948,2022-04-05,0
2021-02-26,7,6955,2022-04-05,0
2021-02-27,6,6961,2022-04-05,0
2021-02-28,8,6969,2022-04-05,0
2021-03-01,7,6976,2022-04-05,0
2021-03-02,3,6979,2022-04-05,0
2021-03-03,10,6989,2022-04-05,0
2021-03-04,6,6995,2022-04-05,0
2021-03-05,10,7005,2022-04-05,0
2021-03-06,5,7010,2022-04-05,0
2021-03-07,9,7019,2022-04-05,0
2021-03-08,5,7024,2022-04-05,0
2021-03-09,7,7031,2022-04-05,0
2021-03-10,5,7036,2022-04-05,0
2021-03-11,4,7040,2022-04-05,0
2021-03-12,11,7051,2022-04-05,0
2021-03-13,5,7056,2022-04-05,0
2021-03-14,5,7061,2022-04-05,0
2021-03-15,2,7063,2022-04-05,0
2021-03-16,6,7069,2022-04-05,0
2021-03-17,4,7073,2022-04-05,0
2021-03-18,5,7078,2022-04-05,0
2021-03-19,5,7083,2022-04-05,0
2021-03-20,9,7092,2022-04-05,0
2021-03-21,5,7097,2022-04-05,0
2021-03-22,4,7101,2022-04-05,0
2021-03-23,5,7106,2022-04-05,0
2021-03-24,1,7107,2022-04-05,0
2021-03-25,5,7112,2022-04-05,0
2021-03-26,3,7115,2022-04-05,0
2021-03-27,7,7122,2022-04-05,0
2021-03-28,6,7128,2022-04-05,0
2021-03-29,5,7133,2022-04-05,0
2021-03-30,6,7139,2022-04-05,0
2021-03-31,8,7147,2022-04-05,0
2021-04-01,6,7153,2022-04-05,0
2021-04-02,9,7162,2022-04-05,0
2021-04-03,8,7170,2022-04-05,0
2021-04-04,6,7176,2022-04-05,0
2021-04-05,8,7184,2022-04-05,0
2021-04-06,7,7191,2022-04-05,0
2021-04-07,6,7197,2022-04-05,0
2021-04-08,10,7207,2022-04-05,0
2021-04-09,7,7214,2022-04-05,0
2021-04-10,7,7221,2022-04-05,0
2021-04-11,8,7229,2022-04-05,0
2021-04-12,10,7239,2022-04-05,0
2021-04-13,7,7246,2022-04-05,0
2021-04-14,8,7254,2022-04-05,0
2021-04-15,14,7268,2022-04-05,0
2021-04-16,8,7276,2022-04-05,0
2021-04-17,8,7284,2022-04-05,0
2021-04-18,8,7292,2022-04-05,0
2021-04-19,10,7302,2022-04-05,0
2021-04-20,5,7307,2022-04-05,0
2021-04-21,8,7315,2022-04-05,0
2021-04-22,3,7318,2022-04-05,0
2021-04-23,15,7333,2022-04-05,0
2021-04-24,11,7344,2022-04-05,0
2021-04-25,15,7359,2022-04-05,0
2021-04-26,15,7374,2022-04-05,0
2021-04-27,7,7381,2022-04-05,0
2021-04-28,14,7395,2022-04-05,0
2021-04-29,8,7403,2022-04-05,0
2021-04-30,11,7414,2022-04-05,0
2021-05-01,7,7421,2022-04-05,0
2021-05-02,8,7429,2022-04-05,0
2021-05-03,5,7434,2022-04-05,0
2021-05-04,13,7447,2022-04-05,0
2021-05-05,9,7456,2022-04-05,0
2021-05-06,5,7461,2022-04-05,0
2021-05-07,8,7469,2022-04-05,0
2021-05-08,7,7476,2022-04-05,0
2021-05-09,9,7485,2022-04-05,0
2021-05-10,8,7493,2022-04-05,0
2021-05-11,6,7499,2022-04-05,0
2021-05-12,9,7508,2022-04-05,0
2021-05-13,9,7517,2022-04-05,0
2021-05-14,11,7528,2022-04-05,0
2021-05-15,10,7538,2022-04-05,0
2021-05-16,6,7544,2022-04-05,0
2021-05-17,6,7550,2022-04-05,0
2021-05-18,7,7557,2022-04-05,0
2021-05-19,2,7559,2022-04-05,0
2021-05-20,5,7564,2022-04-05,0
2021-05-21,7,7571,2022-04-05,0
2021-05-22,12,7583,2022-04-05,0
2021-05-23,5,7588,2022-04-05,0
2021-05-24,5,7593,2022-04-05,0
2021-05-25,6,7599,2022-04-05,0
2021-05-26,3,7602,2022-04-05,0
2021-05-27,7,7609,2022-04-05,0
2021-05-28,2,7611,2022-04-05,0
2021-05-29,6,7617,2022-04-05,0
2021-05-30,4,7621,2022-04-05,0
2021-05-31,3,7624,2022-04-05,0
2021-06-01,5,7629,2022-04-05,0
2021-06-02,8,7637,2022-04-05,0
2021-06-03,4,7641,2022-04-05,0
2021-06-04,4,7645,2022-04-05,0
2021-06-05,2,7647,2022-04-05,0
2021-06-06,5,7652,2022-04-05,0
2021-06-07,3,7655,2022-04-05,0
2021-06-08,5,7660,2022-04-05,0
2021-06-09,4,7664,2022-04-05,0
2021-06-10,6,7670,2022-04-05,0
2021-06-11,6,7676,2022-04-05,0
2021-06-12,4,7680,2022-04-05,0
2021-06-13,4,7684,2022-04-05,0
2021-06-14,3,7687,2022-04-05,0
2021-06-15,2,7689,2022-04-05,0
2021-06-16,2,7691,2022-04-05,0
2021-06-17,4,7695,2022-04-05,0
2021-06-18,2,7697,2022-04-05,0
2021-06-19,6,7703,2022-04-05,0
2021-06-20,1,7704,2022-04-05,0
2021-06-21,5,7709,2022-04-05,0
2021-06-22,3,7712,2022-04-05,0
2021-06-23,4,7716,2022-04-05,0
2021-06-24,3,7719,2022-04-05,0
2021-06-25,3,7722,2022-04-05,0
2021-06-26,4,7726,2022-04-05,0
2021-06-27,2,7728,2022-04-05,0
2021-06-28,2,7730,2022-04-05,0
2021-06-29,2,7732,2022-04-05,0
2021-06-30,2,7734,2022-04-05,0
2021-07-01,0,7734,2022-04-05,0
2021-07-02,2,7736,2022-04-05,0
2021-07-03,2,7738,2022-04-05,0
2021-07-04,3,7741,2022-04-05,0
2021-07-05,1,7742,2022-04-05,0
2021-07-06,5,7747,2022-04-05,0
2021-07-07,1,7748,2022-04-05,0
2021-07-08,1,7749,2022-04-05,0
2021-07-09,0,7749,2022-04-05,0
2021-07-10,2,7751,2022-04-05,0
2021-07-11,3,7754,2022-04-05,0
2021-07-12,1,7755,2022-04-05,0
2021-07-13,2,7757,2022-04-05,0
2021-07-14,2,7759,2022-04-05,0
2021-07-15,2,7761,2022-04-05,0
2021-07-16,1,7762,2022-04-05,0
2021-07-17,1,7763,2022-04-05,0
2021-07-18,0,7763,2022-04-05,0
2021-07-19,0,7763,2022-04-05,0
2021-07-20,2,7765,2022-04-05,0
2021-07-21,3,7768,2022-04-05,0
2021-07-22,2,7770,2022-04-05,0
2021-07-23,3,7773,2022-04-05,0
2021-07-24,0,7773,2022-04-05,0
2021-07-25,2,7775,2022-04-05,0
2021-07-26,1,7776,2022-04-05,0
2021-07-27,2,7778,2022-04-05,0
2021-07-28,3,7781,2022-04-05,0
2021-07-29,2,7783,2022-04-05,0
2021-07-30,5,7788,2022-04-05,0
2021-07-31,4,7792,2022-04-05,0
2021-08-01,1,7793,2022-04-05,0
2021-08-02,3,7796,2022-04-05,0
2021-08-03,2,7798,2022-04-05,0
2021-08-04,3,7801,2022-04-05,0
2021-08-05,2,7803,2022-04-05,0
2021-08-06,8,7811,2022-04-05,0
2021-08-07,3,7814,2022-04-05,0
2021-08-08,3,7817,2022-04-05,0
2021-08-09,3,7820,2022-04-05,0
2021-08-10,2,7822,2022-04-05,0
2021-08-11,2,7824,2022-04-05,0
2021-08-12,7,7831,2022-04-05,0
2021-08-13,5,7836,2022-04-05,0
2021-08-14,6,7842,2022-04-05,0
2021-08-15,0,7842,2022-04-05,0
2021-08-16,7,7849,2022-04-05,0
2021-08-17,7,7856,2022-04-05,0
2021-08-18,9,7865,2022-04-05,0
2021-08-19,2,7867,2022-04-05,0
2021-08-20,3,7870,2022-04-05,0
2021-08-21,5,7875,2022-04-05,0
2021-08-22,7,7882,2022-04-05,0
2021-08-23,5,7887,2022-04-05,0
2021-08-24,12,7899,2022-04-05,0
2021-08-25,7,7906,2022-04-05,0
2021-08-26,2,7908,2022-04-05,0
2021-08-27,6,7914,2022-04-05,0
2021-08-28,11,7925,2022-04-05,0
2021-08-29,11,7936,2022-04-05,0
2021-08-30,8,7944,2022-04-05,0
2021-08-31,8,7952,2022-04-05,0
2021-09-01,6,7958,2022-04-05,0
2021-09-02,6,7964,2022-04-05,0
2021-09-03,9,7973,2022-04-05,0
2021-09-04,9,7982,2022-04-05,0
2021-09-05,10,7992,2022-04-05,0
2021-09-06,8,8000,2022-04-05,0
2021-09-07,7,8007,2022-04-05,0
2021-09-08,11,8018,2022-04-05,0
2021-09-09,5,8023,2022-04-05,0
2021-09-10,9,8032,2022-04-05,0
2021-09-11,17,8049,2022-04-05,0
2021-09-12,10,8059,2022-04-05,0
2021-09-13,8,8067,2022-04-05,0
2021-09-14,11,8078,2022-04-05,0
2021-09-15,14,8092,2022-04-05,0
2021-09-16,16,8108,2022-04-05,0
2021-09-17,8,8116,2022-04-05,0
2021-09-18,15,8131,2022-04-05,0
2021-09-19,11,8142,2022-04-05,0
2021-09-20,16,8158,2022-04-05,0
2021-09-21,16,8174,2022-04-05,0
2021-09-22,17,8191,2022-04-05,0
2021-09-23,13,8204,2022-04-05,0
2021-09-24,13,8217,2022-04-05,0
2021-09-25,16,8233,2022-04-05,0
2021-09-26,15,8248,2022-04-05,0
2021-09-27,15,8263,2022-04-05,0
2021-09-28,11,8274,2022-04-05,0
2021-09-29,21,8295,2022-04-05,0
2021-09-30,17,8312,2022-04-05,0
2021-10-01,13,8325,2022-04-05,0
2021-10-02,15,8340,2022-04-05,0
2021-10-03,23,8363,2022-04-05,0
2021-10-04,15,8378,2022-04-05,0
2021-10-05,23,8401,2022-04-05,0
2021-10-06,21,8422,2022-04-05,0
2021-10-07,14,8436,2022-04-05,0
2021-10-08,22,8458,2022-04-05,0
2021-10-09,20,8478,2022-04-05,0
2021-10-10,14,8492,2022-04-05,0
2021-10-11,11,8503,2022-04-05,0
2021-10-12,25,8528,2022-04-05,0
2021-10-13,21,8549,2022-04-05,0
2021-10-14,22,8571,2022-04-05,0
2021-10-15,14,8585,2022-04-05,0
2021-10-16,20,8605,2022-04-05,0
2021-10-17,18,8623,2022-04-05,0
2021-10-18,17,8640,2022-04-05,0
2021-10-19,26,8666,2022-04-05,0
2021-10-20,17,8683,2022-04-05,0
2021-10-21,8,8691,2022-04-05,0
2021-10-22,23,8714,2022-04-05,0
2021-10-23,24,8738,2022-04-05,0
2021-10-24,25,8763,2022-04-05,0
2021-10-25,20,8783,2022-04-05,0
2021-10-26,22,8805,2022-04-05,0
2021-10-27,16,8821,2022-04-05,0
2021-10-28,24,8845,2022-04-05,0
2021-10-29,20,8865,2022-04-05,0
2021-10-30,20,8885,2022-04-05,0
2021-10-31,27,8912,2022-04-05,0
2021-11-01,18,8930,2022-04-05,0
2021-11-02,18,8948,2022-04-05,0
2021-11-03,28,8976,2022-04-05,0
2021-11-04,29,9005,2022-04-05,0
2021-11-05,29,9034,2022-04-05,0
2021-11-06,16,9050,2022-04-05,0
2021-11-07,24,9074,2022-04-05,0
2021-11-08,28,9102,2022-04-05,0
2021-11-09,17,9119,2022-04-05,0
2021-11-10,18,9137,2022-04-05,0
2021-11-11,28,9165,2022-04-05,0
2021-11-12,29,9194,2022-04-05,0
2021-11-13,31,9225,2022-04-05,0
2021-11-14,24,9249,2022-04-05,0
2021-11-15,28,9277,2022-04-05,0
2021-11-16,25,9302,2022-04-05,0
2021-11-17,37,9339,2022-04-05,0
2021-11-18,38,9377,2022-04-05,0
2021-11-19,34,9411,2022-04-05,0
2021-11-20,30,9441,2022-04-05,0
2021-11-21,32,9473,2022-04-05,0
2021-11-22,30,9503,2022-04-05,0
2021-11-23,32,9535,2022-04-05,0
2021-11-24,25,9560,2022-04-05,0
2021-11-25,35,9595,2022-04-05,0
2021-11-26,51,9646,2022-04-05,0
2021-11-27,36,9682,2022-04-05,0
2021-11-28,39,9721,2022-04-05,0
2021-11-29,29,9750,2022-04-05,0
2021-11-30,30,9780,2022-04-05,0
2021-12-01,47,9827,2022-04-05,0
2021-12-02,40,9867,2022-04-05,0
2021-12-03,31,9898,2022-04-05,0
2021-12-04,42,9940,2022-04-05,0
2021-12-05,36,9976,2022-04-05,0
2021-12-06,36,10012,2022-04-05,0
2021-12-07,36,10048,2022-04-05,0
2021-12-08,39,10087,2022-04-05,0
2021-12-09,47,10134,2022-04-05,0
2021-12-10,34,10168,2022-04-05,0
2021-12-11,27,10195,2022-04-05,0
2021-12-12,37,10232,2022-04-05,0
2021-12-13,34,10266,2022-04-05,0
2021-12-14,35,10301,2022-04-05,0
2021-12-15,42,10343,2022-04-05,0
2021-12-16,33,10376,2022-04-05,0
2021-12-17,41,10417,2022-04-05,0
2021-12-18,33,10450,2022-04-05,0
2021-12-19,31,10481,2022-04-05,0
2021-12-20,33,10514,2022-04-05,0
2021-12-21,28,10542,2022-04-05,0
2021-12-22,29,10571,2022-04-05,0
2021-12-23,28,10599,2022-04-05,0
2021-12-24,30,10629,2022-04-05,0
2021-12-25,28,10657,2022-04-05,0
2021-12-26,42,10699,2022-04-05,0
2021-12-27,32,10731,2022-04-05,0
2021-12-28,35,10766,2022-04-05,0
2021-12-29,31,10797,2022-04-05,0
2021-12-30,21,10818,2022-04-05,0
2021-12-31,40,10858,2022-04-05,0
2022-01-01,27,10885,2022-04-05,0
2022-01-02,22,10907,2022-04-05,0
2022-01-03,23,10930,2022-04-05,0
2022-01-04,30,10960,2022-04-05,0
2022-01-05,32,10992,2022-04-05,0
2022-01-06,32,11024,2022-04-05,0
2022-01-07,28,11052,2022-04-05,0
2022-01-08,43,11095,2022-04-05,0
2022-01-09,19,11114,2022-04-05,0
2022-01-10,31,11145,2022-04-05,0
2022-01-11,20,11165,2022-04-05,0
2022-01-12,21,11186,2022-04-05,0
2022-01-13,28,11214,2022-04-05,0
2022-01-14,33,11247,2022-04-05,0
2022-01-15,27,11274,2022-04-05,1
2022-01-16,34,11308,2022-04-05,0
2022-01-17,36,11344,2022-04-05,0
2022-01-18,26,11370,2022-04-05,0
2022-01-19,29,11399,2022-04-05,0
2022-01-20,31,11430,2022-04-05,0
2022-01-21,27,11457,2022-04-05,0
2022-01-22,29,11486,2022-04-05,0
2022-01-23,24,11510,2022-04-05,0
2022-01-24,38,11548,2022-04-05,0
2022-01-25,33,11581,2022-04-05,0
2022-01-26,35,11616,2022-04-05,0
2022-01-27,37,11653,2022-04-05,0
2022-01-28,31,11684,2022-04-05,0
2022-01-29,31,11715,2022-04-05,0
2022-01-30,27,11742,2022-04-05,0
2022-01-31,18,11760,2022-04-05,0
2022-02-01,25,11785,2022-04-05,0
2022-02-02,23,11808,2022-04-05,0
2022-02-03,30,11838,2022-04-05,0
2022-02-04,22,11860,2022-04-05,0
2022-02-05,28,11888,2022-04-05,0
2022-02-06,28,11916,2022-04-05,0
2022-02-07,20,11936,2022-04-05,0
2022-02-08,27,11963,2022-04-05,0
2022-02-09,25,11988,2022-04-05,0
2022-02-10,21,12009,2022-04-05,0
2022-02-11,19,12028,2022-04-05,0
2022-02-12,16,12044,2022-04-05,0
2022-02-13,19,12063,2022-04-05,0
2022-02-14,17,12080,2022-04-05,0
2022-02-15,21,12101,2022-04-05,0
2022-02-16,14,12115,2022-04-05,0
2022-02-17,16,12131,2022-04-05,0
2022-02-18,16,12147,2022-04-05,0
2022-02-19,21,12168,2022-04-05,0
2022-02-20,15,12183,2022-04-05,0
2022-02-21,6,12189,2022-04-05,0
2022-02-22,14,12203,2022-04-05,0
2022-02-23,9,12212,2022-04-05,0
2022-02-24,27,12239,2022-04-05,0
2022-02-25,9,12248,2022-04-05,0
2022-02-26,10,12258,2022-04-05,0
2022-02-27,11,12269,2022-04-05,0
2022-02-28,8,12277,2022-04-05,0
2022-03-01,6,12283,2022-04-05,0
2022-03-02,9,12292,2022-04-05,0
2022-03-03,6,12298,2022-04-05,0
2022-03-04,11,12309,2022-04-05,0
2022-03-05,6,12315,2022-04-05,0
2022-03-06,10,12325,2022-04-05,0
2022-03-07,4,12329,2022-04-05,0
2022-03-08,5,12334,2022-04-05,0
2022-03-09,11,12345,2022-04-05,0
2022-03-10,9,12354,2022-04-05,0
2022-03-11,8,12362,2022-04-05,0
2022-03-12,0,12362,2022-04-05,0
2022-03-13,4,12366,2022-04-05,0
2022-03-14,4,12370,2022-04-05,0
2022-03-15,3,12373,2022-04-05,0
2022-03-16,0,12373,2022-04-05,0
2022-03-17,7,12380,2022-04-05,0
2022-03-18,2,12382,2022-04-05,0
2022-03-19,3,12385,2022-04-05,0
2022-03-20,8,12393,2022-04-05,0
2022-03-21,2,12395,2022-04-05,0
2022-03-22,3,12398,2022-04-05,0
2022-03-23,4,12402,2022-04-05,1
2022-03-24,4,12406,2022-04-05,0
2022-03-25,5,12411,2022-04-05,0
2022-03-26,1,12412,2022-04-05,0
2022-03-27,2,12414,2022-04-05,1
2022-03-28,3,12417,2022-04-05,0
2022-03-29,1,12418,2022-04-05,0
2022-03-30,0,12418,2022-04-05,0
2022-03-31,1,12419,2022-04-05,1
NA,0,12419,2022-04-05,0
2020-03-19,1,1,2022-04-06,0
2020-03-20,0,1,2022-04-06,0
2020-03-21,0,1,2022-04-06,0
2020-03-22,0,1,2022-04-06,0
2020-03-23,0,1,2022-04-06,0
2020-03-24,1,2,2022-04-06,0
2020-03-25,1,3,2022-04-06,0
2020-03-26,1,4,2022-04-06,0
2020-03-27,5,9,2022-04-06,0
2020-03-28,3,12,2022-04-06,0
2020-03-29,0,12,2022-04-06,0
2020-03-30,5,17,2022-04-06,0
2020-03-31,2,19,2022-04-06,0
2020-04-01,5,24,2022-04-06,0
2020-04-02,3,27,2022-04-06,0
2020-04-03,1,28,2022-04-06,0
2020-04-04,5,33,2022-04-06,0
2020-04-05,5,38,2022-04-06,0
2020-04-06,10,48,2022-04-06,0
2020-04-07,6,54,2022-04-06,0
2020-04-08,7,61,2022-04-06,0
2020-04-09,8,69,2022-04-06,0
2020-04-10,6,75,2022-04-06,0
2020-04-11,4,79,2022-04-06,0
2020-04-12,4,83,2022-04-06,0
2020-04-13,10,93,2022-04-06,0
2020-04-14,6,99,2022-04-06,0
2020-04-15,17,116,2022-04-06,0
2020-04-16,10,126,2022-04-06,0
2020-04-17,17,143,2022-04-06,0
2020-04-18,17,160,2022-04-06,0
2020-04-19,16,176,2022-04-06,0
2020-04-20,21,197,2022-04-06,0
2020-04-21,26,223,2022-04-06,0
2020-04-22,21,244,2022-04-06,0
2020-04-23,19,263,2022-04-06,0
2020-04-24,23,286,2022-04-06,0
2020-04-25,18,304,2022-04-06,0
2020-04-26,17,321,2022-04-06,0
2020-04-27,21,342,2022-04-06,0
2020-04-28,16,358,2022-04-06,0
2020-04-29,29,387,2022-04-06,0
2020-04-30,18,405,2022-04-06,0
2020-05-01,30,435,2022-04-06,0
2020-05-02,19,454,2022-04-06,0
2020-05-03,29,483,2022-04-06,0
2020-05-04,23,506,2022-04-06,0
2020-05-05,19,525,2022-04-06,0
2020-05-06,25,550,2022-04-06,0
2020-05-07,30,580,2022-04-06,0
2020-05-08,20,600,2022-04-06,0
2020-05-09,26,626,2022-04-06,0
2020-05-10,19,645,2022-04-06,0
2020-05-11,25,670,2022-04-06,0
2020-05-12,20,690,2022-04-06,0
2020-05-13,22,712,2022-04-06,0
2020-05-14,20,732,2022-04-06,0
2020-05-15,20,752,2022-04-06,0
2020-05-16,20,772,2022-04-06,0
2020-05-17,23,795,2022-04-06,0
2020-05-18,18,813,2022-04-06,0
2020-05-19,35,848,2022-04-06,0
2020-05-20,24,872,2022-04-06,0
2020-05-21,17,889,2022-04-06,0
2020-05-22,20,909,2022-04-06,0
2020-05-23,26,935,2022-04-06,0
2020-05-24,25,960,2022-04-06,0
2020-05-25,30,990,2022-04-06,0
2020-05-26,29,1019,2022-04-06,0
2020-05-27,25,1044,2022-04-06,0
2020-05-28,21,1065,2022-04-06,0
2020-05-29,17,1082,2022-04-06,0
2020-05-30,11,1093,2022-04-06,0
2020-05-31,20,1113,2022-04-06,0
2020-06-01,23,1136,2022-04-06,0
2020-06-02,21,1157,2022-04-06,0
2020-06-03,25,1182,2022-04-06,0
2020-06-04,26,1208,2022-04-06,0
2020-06-05,18,1226,2022-04-06,0
2020-06-06,12,1238,2022-04-06,0
2020-06-07,22,1260,2022-04-06,0
2020-06-08,12,1272,2022-04-06,0
2020-06-09,13,1285,2022-04-06,0
2020-06-10,10,1295,2022-04-06,0
2020-06-11,12,1307,2022-04-06,0
2020-06-12,11,1318,2022-04-06,0
2020-06-13,13,1331,2022-04-06,0
2020-06-14,11,1342,2022-04-06,0
2020-06-15,8,1350,2022-04-06,0
2020-06-16,9,1359,2022-04-06,0
2020-06-17,17,1376,2022-04-06,0
2020-06-18,9,1385,2022-04-06,0
2020-06-19,8,1393,2022-04-06,0
2020-06-20,12,1405,2022-04-06,0
2020-06-21,11,1416,2022-04-06,0
2020-06-22,6,1422,2022-04-06,0
2020-06-23,10,1432,2022-04-06,0
2020-06-24,1,1433,2022-04-06,0
2020-06-25,9,1442,2022-04-06,0
2020-06-26,6,1448,2022-04-06,0
2020-06-27,5,1453,2022-04-06,0
2020-06-28,11,1464,2022-04-06,0
2020-06-29,7,1471,2022-04-06,0
2020-06-30,9,1480,2022-04-06,0
2020-07-01,2,1482,2022-04-06,0
2020-07-02,3,1485,2022-04-06,0
2020-07-03,5,1490,2022-04-06,0
2020-07-04,4,1494,2022-04-06,0
2020-07-05,6,1500,2022-04-06,0
2020-07-06,4,1504,2022-04-06,0
2020-07-07,2,1506,2022-04-06,0
2020-07-08,9,1515,2022-04-06,0
2020-07-09,4,1519,2022-04-06,0
2020-07-10,3,1522,2022-04-06,0
2020-07-11,4,1526,2022-04-06,0
2020-07-12,6,1532,2022-04-06,0
2020-07-13,2,1534,2022-04-06,0
2020-07-14,6,1540,2022-04-06,0
2020-07-15,7,1547,2022-04-06,0
2020-07-16,3,1550,2022-04-06,0
2020-07-17,7,1557,2022-04-06,0
2020-07-18,6,1563,2022-04-06,0
2020-07-19,5,1568,2022-04-06,0
2020-07-20,3,1571,2022-04-06,0
2020-07-21,6,1577,2022-04-06,0
2020-07-22,5,1582,2022-04-06,0
2020-07-23,8,1590,2022-04-06,0
2020-07-24,6,1596,2022-04-06,0
2020-07-25,2,1598,2022-04-06,0
2020-07-26,5,1603,2022-04-06,0
2020-07-27,5,1608,2022-04-06,0
2020-07-28,7,1615,2022-04-06,0
2020-07-29,3,1618,2022-04-06,0
2020-07-30,6,1624,2022-04-06,0
2020-07-31,9,1633,2022-04-06,0
2020-08-01,4,1637,2022-04-06,0
2020-08-02,7,1644,2022-04-06,0
2020-08-03,4,1648,2022-04-06,0
2020-08-04,7,1655,2022-04-06,0
2020-08-05,8,1663,2022-04-06,0
2020-08-06,9,1672,2022-04-06,0
2020-08-07,7,1679,2022-04-06,0
2020-08-08,6,1685,2022-04-06,0
2020-08-09,10,1695,2022-04-06,0
2020-08-10,3,1698,2022-04-06,0
2020-08-11,9,1707,2022-04-06,0
2020-08-12,7,1714,2022-04-06,0
2020-08-13,5,1719,2022-04-06,0
2020-08-14,9,1728,2022-04-06,0
2020-08-15,13,1741,2022-04-06,0
2020-08-16,13,1754,2022-04-06,0
2020-08-17,6,1760,2022-04-06,0
2020-08-18,11,1771,2022-04-06,0
2020-08-19,3,1774,2022-04-06,0
2020-08-20,10,1784,2022-04-06,0
2020-08-21,12,1796,2022-04-06,0
2020-08-22,9,1805,2022-04-06,0
2020-08-23,7,1812,2022-04-06,0
2020-08-24,9,1821,2022-04-06,0
2020-08-25,4,1825,2022-04-06,0
2020-08-26,3,1828,2022-04-06,0
2020-08-27,7,1835,2022-04-06,0
2020-08-28,6,1841,2022-04-06,0
2020-08-29,3,1844,2022-04-06,0
2020-08-30,5,1849,2022-04-06,0
2020-08-31,9,1858,2022-04-06,0
2020-09-01,2,1860,2022-04-06,0
2020-09-02,7,1867,2022-04-06,0
2020-09-03,12,1879,2022-04-06,0
2020-09-04,4,1883,2022-04-06,0
2020-09-05,6,1889,2022-04-06,0
2020-09-06,12,1901,2022-04-06,0
2020-09-07,3,1904,2022-04-06,0
2020-09-08,6,1910,2022-04-06,0
2020-09-09,10,1920,2022-04-06,0
2020-09-10,9,1929,2022-04-06,0
2020-09-11,11,1940,2022-04-06,0
2020-09-12,8,1948,2022-04-06,0
2020-09-13,8,1956,2022-04-06,0
2020-09-14,2,1958,2022-04-06,0
2020-09-15,7,1965,2022-04-06,0
2020-09-16,9,1974,2022-04-06,0
2020-09-17,5,1979,2022-04-06,0
2020-09-18,6,1985,2022-04-06,0
2020-09-19,4,1989,2022-04-06,0
2020-09-20,9,1998,2022-04-06,0
2020-09-21,7,2005,2022-04-06,0
2020-09-22,8,2013,2022-04-06,0
2020-09-23,9,2022,2022-04-06,0
2020-09-24,8,2030,2022-04-06,0
2020-09-25,11,2041,2022-04-06,0
2020-09-26,9,2050,2022-04-06,0
2020-09-27,14,2064,2022-04-06,0
2020-09-28,11,2075,2022-04-06,0
2020-09-29,5,2080,2022-04-06,0
2020-09-30,16,2096,2022-04-06,0
2020-10-01,7,2103,2022-04-06,0
2020-10-02,13,2116,2022-04-06,0
2020-10-03,9,2125,2022-04-06,0
2020-10-04,7,2132,2022-04-06,0
2020-10-05,10,2142,2022-04-06,0
2020-10-06,13,2155,2022-04-06,0
2020-10-07,19,2174,2022-04-06,0
2020-10-08,9,2183,2022-04-06,0
2020-10-09,17,2200,2022-04-06,0
2020-10-10,16,2216,2022-04-06,0
2020-10-11,16,2232,2022-04-06,0
2020-10-12,20,2252,2022-04-06,0
2020-10-13,14,2266,2022-04-06,0
2020-10-14,10,2276,2022-04-06,0
2020-10-15,9,2285,2022-04-06,0
2020-10-16,12,2297,2022-04-06,0
2020-10-17,18,2315,2022-04-06,0
2020-10-18,25,2340,2022-04-06,0
2020-10-19,18,2358,2022-04-06,0
2020-10-20,15,2373,2022-04-06,0
2020-10-21,24,2397,2022-04-06,0
2020-10-22,18,2415,2022-04-06,0
2020-10-23,19,2434,2022-04-06,0
2020-10-24,8,2442,2022-04-06,0
2020-10-25,17,2459,2022-04-06,0
2020-10-26,25,2484,2022-04-06,0
2020-10-27,23,2507,2022-04-06,0
2020-10-28,29,2536,2022-04-06,0
2020-10-29,18,2554,2022-04-06,0
2020-10-30,27,2581,2022-04-06,0
2020-10-31,25,2606,2022-04-06,0
2020-11-01,21,2627,2022-04-06,0
2020-11-02,25,2652,2022-04-06,0
2020-11-03,25,2677,2022-04-06,0
2020-11-04,33,2710,2022-04-06,0
2020-11-05,38,2748,2022-04-06,0
2020-11-06,39,2787,2022-04-06,0
2020-11-07,42,2829,2022-04-06,0
2020-11-08,47,2876,2022-04-06,0
2020-11-09,37,2913,2022-04-06,0
2020-11-10,35,2948,2022-04-06,0
2020-11-11,43,2991,2022-04-06,0
2020-11-12,45,3036,2022-04-06,0
2020-11-13,40,3076,2022-04-06,0
2020-11-14,48,3124,2022-04-06,0
2020-11-15,46,3170,2022-04-06,0
2020-11-16,62,3232,2022-04-06,0
2020-11-17,56,3288,2022-04-06,0
2020-11-18,61,3349,2022-04-06,0
2020-11-19,60,3409,2022-04-06,0
2020-11-20,63,3472,2022-04-06,0
2020-11-21,58,3530,2022-04-06,0
2020-11-22,67,3597,2022-04-06,0
2020-11-23,59,3656,2022-04-06,0
2020-11-24,69,3725,2022-04-06,0
2020-11-25,72,3797,2022-04-06,0
2020-11-26,54,3851,2022-04-06,0
2020-11-27,69,3920,2022-04-06,0
2020-11-28,62,3982,2022-04-06,0
2020-11-29,68,4050,2022-04-06,0
2020-11-30,62,4112,2022-04-06,0
2020-12-01,64,4176,2022-04-06,0
2020-12-02,73,4249,2022-04-06,0
2020-12-03,86,4335,2022-04-06,0
2020-12-04,67,4402,2022-04-06,0
2020-12-05,74,4476,2022-04-06,0
2020-12-06,80,4556,2022-04-06,0
2020-12-07,75,4631,2022-04-06,0
2020-12-08,61,4692,2022-04-06,0
2020-12-09,71,4763,2022-04-06,0
2020-12-10,72,4835,2022-04-06,0
2020-12-11,71,4906,2022-04-06,0
2020-12-12,72,4978,2022-04-06,0
2020-12-13,56,5034,2022-04-06,0
2020-12-14,43,5077,2022-04-06,0
2020-12-15,65,5142,2022-04-06,0
2020-12-16,74,5216,2022-04-06,0
2020-12-17,60,5276,2022-04-06,0
2020-12-18,59,5335,2022-04-06,0
2020-12-19,56,5391,2022-04-06,0
2020-12-20,61,5452,2022-04-06,0
2020-12-21,58,5510,2022-04-06,0
2020-12-22,33,5543,2022-04-06,0
2020-12-23,46,5589,2022-04-06,0
2020-12-24,51,5640,2022-04-06,0
2020-12-25,36,5676,2022-04-06,0
2020-12-26,43,5719,2022-04-06,0
2020-12-27,41,5760,2022-04-06,0
2020-12-28,34,5794,2022-04-06,0
2020-12-29,37,5831,2022-04-06,0
2020-12-30,47,5878,2022-04-06,0
2020-12-31,36,5914,2022-04-06,0
2021-01-01,28,5942,2022-04-06,0
2021-01-02,49,5991,2022-04-06,0
2021-01-03,37,6028,2022-04-06,0
2021-01-04,32,6060,2022-04-06,0
2021-01-05,40,6100,2022-04-06,0
2021-01-06,32,6132,2022-04-06,0
2021-01-07,38,6170,2022-04-06,0
2021-01-08,32,6202,2022-04-06,0
2021-01-09,26,6228,2022-04-06,0
2021-01-10,30,6258,2022-04-06,0
2021-01-11,27,6285,2022-04-06,0
2021-01-12,32,6317,2022-04-06,0
2021-01-13,23,6340,2022-04-06,0
2021-01-14,42,6382,2022-04-06,0
2021-01-15,26,6408,2022-04-06,0
2021-01-16,30,6438,2022-04-06,0
2021-01-17,21,6459,2022-04-06,0
2021-01-18,19,6478,2022-04-06,0
2021-01-19,14,6492,2022-04-06,0
2021-01-20,26,6518,2022-04-06,0
2021-01-21,16,6534,2022-04-06,0
2021-01-22,14,6548,2022-04-06,0
2021-01-23,17,6565,2022-04-06,0
2021-01-24,24,6589,2022-04-06,0
2021-01-25,19,6608,2022-04-06,0
2021-01-26,21,6629,2022-04-06,0
2021-01-27,11,6640,2022-04-06,0
2021-01-28,12,6652,2022-04-06,0
2021-01-29,15,6667,2022-04-06,0
2021-01-30,13,6680,2022-04-06,0
2021-01-31,17,6697,2022-04-06,0
2021-02-01,17,6714,2022-04-06,0
2021-02-02,10,6724,2022-04-06,0
2021-02-03,11,6735,2022-04-06,0
2021-02-04,11,6746,2022-04-06,0
2021-02-05,13,6759,2022-04-06,0
2021-02-06,12,6771,2022-04-06,0
2021-02-07,19,6790,2022-04-06,0
2021-02-08,11,6801,2022-04-06,0
2021-02-09,15,6816,2022-04-06,0
2021-02-10,14,6830,2022-04-06,0
2021-02-11,7,6837,2022-04-06,0
2021-02-12,14,6851,2022-04-06,0
2021-02-13,8,6859,2022-04-06,0
2021-02-14,10,6869,2022-04-06,0
2021-02-15,9,6878,2022-04-06,0
2021-02-16,12,6890,2022-04-06,0
2021-02-17,10,6900,2022-04-06,0
2021-02-18,7,6907,2022-04-06,0
2021-02-19,6,6913,2022-04-06,0
2021-02-20,7,6920,2022-04-06,0
2021-02-21,4,6924,2022-04-06,0
2021-02-22,5,6929,2022-04-06,0
2021-02-23,9,6938,2022-04-06,0
2021-02-24,5,6943,2022-04-06,0
2021-02-25,5,6948,2022-04-06,0
2021-02-26,7,6955,2022-04-06,0
2021-02-27,6,6961,2022-04-06,0
2021-02-28,8,6969,2022-04-06,0
2021-03-01,7,6976,2022-04-06,0
2021-03-02,3,6979,2022-04-06,0
2021-03-03,10,6989,2022-04-06,0
2021-03-04,6,6995,2022-04-06,0
2021-03-05,10,7005,2022-04-06,0
2021-03-06,5,7010,2022-04-06,0
2021-03-07,9,7019,2022-04-06,0
2021-03-08,5,7024,2022-04-06,0
2021-03-09,7,7031,2022-04-06,0
2021-03-10,5,7036,2022-04-06,0
2021-03-11,4,7040,2022-04-06,0
2021-03-12,11,7051,2022-04-06,0
2021-03-13,5,7056,2022-04-06,0
2021-03-14,5,7061,2022-04-06,0
2021-03-15,2,7063,2022-04-06,0
2021-03-16,6,7069,2022-04-06,0
2021-03-17,4,7073,2022-04-06,0
2021-03-18,5,7078,2022-04-06,0
2021-03-19,5,7083,2022-04-06,0
2021-03-20,9,7092,2022-04-06,0
2021-03-21,5,7097,2022-04-06,0
2021-03-22,4,7101,2022-04-06,0
2021-03-23,5,7106,2022-04-06,0
2021-03-24,1,7107,2022-04-06,0
2021-03-25,5,7112,2022-04-06,0
2021-03-26,3,7115,2022-04-06,0
2021-03-27,7,7122,2022-04-06,0
2021-03-28,6,7128,2022-04-06,0
2021-03-29,5,7133,2022-04-06,0
2021-03-30,6,7139,2022-04-06,0
2021-03-31,8,7147,2022-04-06,0
2021-04-01,6,7153,2022-04-06,0
2021-04-02,9,7162,2022-04-06,0
2021-04-03,8,7170,2022-04-06,0
2021-04-04,6,7176,2022-04-06,0
2021-04-05,8,7184,2022-04-06,0
2021-04-06,7,7191,2022-04-06,0
2021-04-07,6,7197,2022-04-06,0
2021-04-08,10,7207,2022-04-06,0
2021-04-09,7,7214,2022-04-06,0
2021-04-10,7,7221,2022-04-06,0
2021-04-11,8,7229,2022-04-06,0
2021-04-12,10,7239,2022-04-06,0
2021-04-13,7,7246,2022-04-06,0
2021-04-14,8,7254,2022-04-06,0
2021-04-15,14,7268,2022-04-06,0
2021-04-16,8,7276,2022-04-06,0
2021-04-17,8,7284,2022-04-06,0
2021-04-18,8,7292,2022-04-06,0
2021-04-19,10,7302,2022-04-06,0
2021-04-20,5,7307,2022-04-06,0
2021-04-21,8,7315,2022-04-06,0
2021-04-22,3,7318,2022-04-06,0
2021-04-23,15,7333,2022-04-06,0
2021-04-24,11,7344,2022-04-06,0
2021-04-25,15,7359,2022-04-06,0
2021-04-26,15,7374,2022-04-06,0
2021-04-27,7,7381,2022-04-06,0
2021-04-28,14,7395,2022-04-06,0
2021-04-29,8,7403,2022-04-06,0
2021-04-30,11,7414,2022-04-06,0
2021-05-01,7,7421,2022-04-06,0
2021-05-02,8,7429,2022-04-06,0
2021-05-03,5,7434,2022-04-06,0
2021-05-04,13,7447,2022-04-06,0
2021-05-05,9,7456,2022-04-06,0
2021-05-06,5,7461,2022-04-06,0
2021-05-07,8,7469,2022-04-06,0
2021-05-08,7,7476,2022-04-06,0
2021-05-09,9,7485,2022-04-06,0
2021-05-10,8,7493,2022-04-06,0
2021-05-11,6,7499,2022-04-06,0
2021-05-12,9,7508,2022-04-06,0
2021-05-13,9,7517,2022-04-06,0
2021-05-14,11,7528,2022-04-06,0
2021-05-15,10,7538,2022-04-06,0
2021-05-16,6,7544,2022-04-06,0
2021-05-17,6,7550,2022-04-06,0
2021-05-18,7,7557,2022-04-06,0
2021-05-19,2,7559,2022-04-06,0
2021-05-20,5,7564,2022-04-06,0
2021-05-21,7,7571,2022-04-06,0
2021-05-22,12,7583,2022-04-06,0
2021-05-23,5,7588,2022-04-06,0
2021-05-24,5,7593,2022-04-06,0
2021-05-25,6,7599,2022-04-06,0
2021-05-26,3,7602,2022-04-06,0
2021-05-27,7,7609,2022-04-06,0
2021-05-28,2,7611,2022-04-06,0
2021-05-29,6,7617,2022-04-06,0
2021-05-30,4,7621,2022-04-06,0
2021-05-31,3,7624,2022-04-06,0
2021-06-01,5,7629,2022-04-06,0
2021-06-02,8,7637,2022-04-06,0
2021-06-03,4,7641,2022-04-06,0
2021-06-04,4,7645,2022-04-06,0
2021-06-05,2,7647,2022-04-06,0
2021-06-06,5,7652,2022-04-06,0
2021-06-07,3,7655,2022-04-06,0
2021-06-08,5,7660,2022-04-06,0
2021-06-09,4,7664,2022-04-06,0
2021-06-10,6,7670,2022-04-06,0
2021-06-11,6,7676,2022-04-06,0
2021-06-12,4,7680,2022-04-06,0
2021-06-13,4,7684,2022-04-06,0
2021-06-14,3,7687,2022-04-06,0
2021-06-15,2,7689,2022-04-06,0
2021-06-16,2,7691,2022-04-06,0
2021-06-17,4,7695,2022-04-06,0
2021-06-18,2,7697,2022-04-06,0
2021-06-19,6,7703,2022-04-06,0
2021-06-20,1,7704,2022-04-06,0
2021-06-21,5,7709,2022-04-06,0
2021-06-22,3,7712,2022-04-06,0
2021-06-23,4,7716,2022-04-06,0
2021-06-24,3,7719,2022-04-06,0
2021-06-25,3,7722,2022-04-06,0
2021-06-26,4,7726,2022-04-06,0
2021-06-27,2,7728,2022-04-06,0
2021-06-28,2,7730,2022-04-06,0
2021-06-29,2,7732,2022-04-06,0
2021-06-30,2,7734,2022-04-06,0
2021-07-01,0,7734,2022-04-06,0
2021-07-02,2,7736,2022-04-06,0
2021-07-03,2,7738,2022-04-06,0
2021-07-04,3,7741,2022-04-06,0
2021-07-05,1,7742,2022-04-06,0
2021-07-06,5,7747,2022-04-06,0
2021-07-07,1,7748,2022-04-06,0
2021-07-08,1,7749,2022-04-06,0
2021-07-09,0,7749,2022-04-06,0
2021-07-10,2,7751,2022-04-06,0
2021-07-11,3,7754,2022-04-06,0
2021-07-12,1,7755,2022-04-06,0
2021-07-13,2,7757,2022-04-06,0
2021-07-14,2,7759,2022-04-06,0
2021-07-15,2,7761,2022-04-06,0
2021-07-16,1,7762,2022-04-06,0
2021-07-17,1,7763,2022-04-06,0
2021-07-18,0,7763,2022-04-06,0
2021-07-19,0,7763,2022-04-06,0
2021-07-20,2,7765,2022-04-06,0
2021-07-21,3,7768,2022-04-06,0
2021-07-22,2,7770,2022-04-06,0
2021-07-23,3,7773,2022-04-06,0
2021-07-24,0,7773,2022-04-06,0
2021-07-25,2,7775,2022-04-06,0
2021-07-26,1,7776,2022-04-06,0
2021-07-27,2,7778,2022-04-06,0
2021-07-28,3,7781,2022-04-06,0
2021-07-29,2,7783,2022-04-06,0
2021-07-30,5,7788,2022-04-06,0
2021-07-31,4,7792,2022-04-06,0
2021-08-01,1,7793,2022-04-06,0
2021-08-02,3,7796,2022-04-06,0
2021-08-03,2,7798,2022-04-06,0
2021-08-04,3,7801,2022-04-06,0
2021-08-05,2,7803,2022-04-06,0
2021-08-06,8,7811,2022-04-06,0
2021-08-07,3,7814,2022-04-06,0
2021-08-08,3,7817,2022-04-06,0
2021-08-09,3,7820,2022-04-06,0
2021-08-10,2,7822,2022-04-06,0
2021-08-11,2,7824,2022-04-06,0
2021-08-12,7,7831,2022-04-06,0
2021-08-13,5,7836,2022-04-06,0
2021-08-14,6,7842,2022-04-06,0
2021-08-15,0,7842,2022-04-06,0
2021-08-16,7,7849,2022-04-06,0
2021-08-17,7,7856,2022-04-06,0
2021-08-18,9,7865,2022-04-06,0
2021-08-19,2,7867,2022-04-06,0
2021-08-20,3,7870,2022-04-06,0
2021-08-21,5,7875,2022-04-06,0
2021-08-22,7,7882,2022-04-06,0
2021-08-23,5,7887,2022-04-06,0
2021-08-24,12,7899,2022-04-06,0
2021-08-25,7,7906,2022-04-06,0
2021-08-26,2,7908,2022-04-06,0
2021-08-27,6,7914,2022-04-06,0
2021-08-28,11,7925,2022-04-06,0
2021-08-29,11,7936,2022-04-06,0
2021-08-30,8,7944,2022-04-06,0
2021-08-31,8,7952,2022-04-06,0
2021-09-01,6,7958,2022-04-06,0
2021-09-02,6,7964,2022-04-06,0
2021-09-03,9,7973,2022-04-06,0
2021-09-04,9,7982,2022-04-06,0
2021-09-05,10,7992,2022-04-06,0
2021-09-06,8,8000,2022-04-06,0
2021-09-07,7,8007,2022-04-06,0
2021-09-08,11,8018,2022-04-06,0
2021-09-09,5,8023,2022-04-06,0
2021-09-10,9,8032,2022-04-06,0
2021-09-11,17,8049,2022-04-06,0
2021-09-12,10,8059,2022-04-06,0
2021-09-13,8,8067,2022-04-06,0
2021-09-14,11,8078,2022-04-06,0
2021-09-15,14,8092,2022-04-06,0
2021-09-16,16,8108,2022-04-06,0
2021-09-17,8,8116,2022-04-06,0
2021-09-18,15,8131,2022-04-06,0
2021-09-19,11,8142,2022-04-06,0
2021-09-20,16,8158,2022-04-06,0
2021-09-21,16,8174,2022-04-06,0
2021-09-22,17,8191,2022-04-06,0
2021-09-23,13,8204,2022-04-06,0
2021-09-24,13,8217,2022-04-06,0
2021-09-25,16,8233,2022-04-06,0
2021-09-26,15,8248,2022-04-06,0
2021-09-27,15,8263,2022-04-06,0
2021-09-28,11,8274,2022-04-06,0
2021-09-29,21,8295,2022-04-06,0
2021-09-30,17,8312,2022-04-06,0
2021-10-01,13,8325,2022-04-06,0
2021-10-02,15,8340,2022-04-06,0
2021-10-03,23,8363,2022-04-06,0
2021-10-04,15,8378,2022-04-06,0
2021-10-05,23,8401,2022-04-06,0
2021-10-06,21,8422,2022-04-06,0
2021-10-07,14,8436,2022-04-06,0
2021-10-08,22,8458,2022-04-06,0
2021-10-09,20,8478,2022-04-06,0
2021-10-10,14,8492,2022-04-06,0
2021-10-11,11,8503,2022-04-06,0
2021-10-12,25,8528,2022-04-06,0
2021-10-13,21,8549,2022-04-06,0
2021-10-14,22,8571,2022-04-06,0
2021-10-15,14,8585,2022-04-06,0
2021-10-16,20,8605,2022-04-06,0
2021-10-17,18,8623,2022-04-06,0
2021-10-18,17,8640,2022-04-06,0
2021-10-19,26,8666,2022-04-06,0
2021-10-20,17,8683,2022-04-06,0
2021-10-21,8,8691,2022-04-06,0
2021-10-22,23,8714,2022-04-06,0
2021-10-23,24,8738,2022-04-06,0
2021-10-24,25,8763,2022-04-06,0
2021-10-25,20,8783,2022-04-06,0
2021-10-26,22,8805,2022-04-06,0
2021-10-27,16,8821,2022-04-06,0
2021-10-28,24,8845,2022-04-06,0
2021-10-29,20,8865,2022-04-06,0
2021-10-30,20,8885,2022-04-06,0
2021-10-31,27,8912,2022-04-06,0
2021-11-01,18,8930,2022-04-06,0
2021-11-02,18,8948,2022-04-06,0
2021-11-03,28,8976,2022-04-06,0
2021-11-04,29,9005,2022-04-06,0
2021-11-05,29,9034,2022-04-06,0
2021-11-06,16,9050,2022-04-06,0
2021-11-07,24,9074,2022-04-06,0
2021-11-08,28,9102,2022-04-06,0
2021-11-09,17,9119,2022-04-06,0
2021-11-10,18,9137,2022-04-06,0
2021-11-11,28,9165,2022-04-06,0
2021-11-12,29,9194,2022-04-06,0
2021-11-13,31,9225,2022-04-06,0
2021-11-14,24,9249,2022-04-06,0
2021-11-15,28,9277,2022-04-06,0
2021-11-16,25,9302,2022-04-06,0
2021-11-17,37,9339,2022-04-06,0
2021-11-18,38,9377,2022-04-06,0
2021-11-19,34,9411,2022-04-06,0
2021-11-20,30,9441,2022-04-06,0
2021-11-21,32,9473,2022-04-06,0
2021-11-22,30,9503,2022-04-06,0
2021-11-23,32,9535,2022-04-06,0
2021-11-24,25,9560,2022-04-06,0
2021-11-25,35,9595,2022-04-06,0
2021-11-26,51,9646,2022-04-06,0
2021-11-27,36,9682,2022-04-06,0
2021-11-28,39,9721,2022-04-06,0
2021-11-29,29,9750,2022-04-06,0
2021-11-30,30,9780,2022-04-06,0
2021-12-01,47,9827,2022-04-06,0
2021-12-02,40,9867,2022-04-06,0
2021-12-03,31,9898,2022-04-06,0
2021-12-04,42,9940,2022-04-06,0
2021-12-05,36,9976,2022-04-06,0
2021-12-06,36,10012,2022-04-06,0
2021-12-07,36,10048,2022-04-06,0
2021-12-08,39,10087,2022-04-06,0
2021-12-09,47,10134,2022-04-06,0
2021-12-10,34,10168,2022-04-06,0
2021-12-11,27,10195,2022-04-06,0
2021-12-12,37,10232,2022-04-06,0
2021-12-13,34,10266,2022-04-06,0
2021-12-14,35,10301,2022-04-06,0
2021-12-15,42,10343,2022-04-06,0
2021-12-16,33,10376,2022-04-06,0
2021-12-17,41,10417,2022-04-06,0
2021-12-18,33,10450,2022-04-06,0
2021-12-19,31,10481,2022-04-06,0
2021-12-20,33,10514,2022-04-06,0
2021-12-21,28,10542,2022-04-06,0
2021-12-22,29,10571,2022-04-06,0
2021-12-23,28,10599,2022-04-06,0
2021-12-24,30,10629,2022-04-06,0
2021-12-25,28,10657,2022-04-06,0
2021-12-26,42,10699,2022-04-06,0
2021-12-27,32,10731,2022-04-06,0
2021-12-28,35,10766,2022-04-06,0
2021-12-29,31,10797,2022-04-06,0
2021-12-30,21,10818,2022-04-06,0
2021-12-31,40,10858,2022-04-06,0
2022-01-01,27,10885,2022-04-06,0
2022-01-02,22,10907,2022-04-06,0
2022-01-03,23,10930,2022-04-06,0
2022-01-04,30,10960,2022-04-06,0
2022-01-05,32,10992,2022-04-06,0
2022-01-06,32,11024,2022-04-06,0
2022-01-07,28,11052,2022-04-06,0
2022-01-08,43,11095,2022-04-06,0
2022-01-09,19,11114,2022-04-06,0
2022-01-10,31,11145,2022-04-06,0
2022-01-11,20,11165,2022-04-06,0
2022-01-12,21,11186,2022-04-06,0
2022-01-13,28,11214,2022-04-06,0
2022-01-14,33,11247,2022-04-06,0
2022-01-15,27,11274,2022-04-06,0
2022-01-16,34,11308,2022-04-06,0
2022-01-17,36,11344,2022-04-06,0
2022-01-18,26,11370,2022-04-06,0
2022-01-19,29,11399,2022-04-06,0
2022-01-20,31,11430,2022-04-06,0
2022-01-21,27,11457,2022-04-06,0
2022-01-22,29,11486,2022-04-06,0
2022-01-23,24,11510,2022-04-06,0
2022-01-24,38,11548,2022-04-06,0
2022-01-25,33,11581,2022-04-06,0
2022-01-26,35,11616,2022-04-06,0
2022-01-27,37,11653,2022-04-06,0
2022-01-28,31,11684,2022-04-06,0
2022-01-29,31,11715,2022-04-06,0
2022-01-30,27,11742,2022-04-06,0
2022-01-31,18,11760,2022-04-06,0
2022-02-01,25,11785,2022-04-06,0
2022-02-02,23,11808,2022-04-06,0
2022-02-03,30,11838,2022-04-06,0
2022-02-04,22,11860,2022-04-06,0
2022-02-05,28,11888,2022-04-06,0
2022-02-06,28,11916,2022-04-06,0
2022-02-07,20,11936,2022-04-06,0
2022-02-08,27,11963,2022-04-06,0
2022-02-09,25,11988,2022-04-06,0
2022-02-10,22,12010,2022-04-06,1
2022-02-11,19,12029,2022-04-06,0
2022-02-12,16,12045,2022-04-06,0
2022-02-13,19,12064,2022-04-06,0
2022-02-14,17,12081,2022-04-06,0
2022-02-15,21,12102,2022-04-06,0
2022-02-16,14,12116,2022-04-06,0
2022-02-17,16,12132,2022-04-06,0
2022-02-18,16,12148,2022-04-06,0
2022-02-19,21,12169,2022-04-06,0
2022-02-20,15,12184,2022-04-06,0
2022-02-21,6,12190,2022-04-06,0
2022-02-22,14,12204,2022-04-06,0
2022-02-23,9,12213,2022-04-06,0
2022-02-24,27,12240,2022-04-06,0
2022-02-25,9,12249,2022-04-06,0
2022-02-26,10,12259,2022-04-06,0
2022-02-27,11,12270,2022-04-06,0
2022-02-28,7,12277,2022-04-06,-1
2022-03-01,7,12284,2022-04-06,1
2022-03-02,9,12293,2022-04-06,0
2022-03-03,6,12299,2022-04-06,0
2022-03-04,11,12310,2022-04-06,0
2022-03-05,6,12316,2022-04-06,0
2022-03-06,10,12326,2022-04-06,0
2022-03-07,4,12330,2022-04-06,0
2022-03-08,5,12335,2022-04-06,0
2022-03-09,11,12346,2022-04-06,0
2022-03-10,9,12355,2022-04-06,0
2022-03-11,8,12363,2022-04-06,0
2022-03-12,0,12363,2022-04-06,0
2022-03-13,4,12367,2022-04-06,0
2022-03-14,4,12371,2022-04-06,0
2022-03-15,3,12374,2022-04-06,0
2022-03-16,0,12374,2022-04-06,0
2022-03-17,7,12381,2022-04-06,0
2022-03-18,2,12383,2022-04-06,0
2022-03-19,3,12386,2022-04-06,0
2022-03-20,8,12394,2022-04-06,0
2022-03-21,2,12396,2022-04-06,0
2022-03-22,3,12399,2022-04-06,0
2022-03-23,5,12404,2022-04-06,1
2022-03-24,4,12408,2022-04-06,0
2022-03-25,6,12414,2022-04-06,1
2022-03-26,2,12416,2022-04-06,1
2022-03-27,2,12418,2022-04-06,0
2022-03-28,3,12421,2022-04-06,0
2022-03-29,1,12422,2022-04-06,0
2022-03-30,2,12424,2022-04-06,2
2022-03-31,3,12427,2022-04-06,2
2022-04-01,1,12428,2022-04-06,1
2022-04-02,0,12428,2022-04-06,0
2022-04-03,1,12429,2022-04-06,1
NA,0,12429,2022-04-06,0
2020-03-19,1,1,2022-04-07,0
2020-03-20,0,1,2022-04-07,0
2020-03-21,0,1,2022-04-07,0
2020-03-22,0,1,2022-04-07,0
2020-03-23,0,1,2022-04-07,0
2020-03-24,1,2,2022-04-07,0
2020-03-25,1,3,2022-04-07,0
2020-03-26,1,4,2022-04-07,0
2020-03-27,5,9,2022-04-07,0
2020-03-28,3,12,2022-04-07,0
2020-03-29,0,12,2022-04-07,0
2020-03-30,5,17,2022-04-07,0
2020-03-31,2,19,2022-04-07,0
2020-04-01,5,24,2022-04-07,0
2020-04-02,3,27,2022-04-07,0
2020-04-03,1,28,2022-04-07,0
2020-04-04,5,33,2022-04-07,0
2020-04-05,5,38,2022-04-07,0
2020-04-06,10,48,2022-04-07,0
2020-04-07,6,54,2022-04-07,0
2020-04-08,7,61,2022-04-07,0
2020-04-09,8,69,2022-04-07,0
2020-04-10,6,75,2022-04-07,0
2020-04-11,4,79,2022-04-07,0
2020-04-12,4,83,2022-04-07,0
2020-04-13,10,93,2022-04-07,0
2020-04-14,6,99,2022-04-07,0
2020-04-15,17,116,2022-04-07,0
2020-04-16,10,126,2022-04-07,0
2020-04-17,17,143,2022-04-07,0
2020-04-18,17,160,2022-04-07,0
2020-04-19,16,176,2022-04-07,0
2020-04-20,21,197,2022-04-07,0
2020-04-21,26,223,2022-04-07,0
2020-04-22,21,244,2022-04-07,0
2020-04-23,19,263,2022-04-07,0
2020-04-24,23,286,2022-04-07,0
2020-04-25,18,304,2022-04-07,0
2020-04-26,17,321,2022-04-07,0
2020-04-27,21,342,2022-04-07,0
2020-04-28,16,358,2022-04-07,0
2020-04-29,29,387,2022-04-07,0
2020-04-30,18,405,2022-04-07,0
2020-05-01,30,435,2022-04-07,0
2020-05-02,19,454,2022-04-07,0
2020-05-03,29,483,2022-04-07,0
2020-05-04,23,506,2022-04-07,0
2020-05-05,19,525,2022-04-07,0
2020-05-06,25,550,2022-04-07,0
2020-05-07,30,580,2022-04-07,0
2020-05-08,20,600,2022-04-07,0
2020-05-09,26,626,2022-04-07,0
2020-05-10,19,645,2022-04-07,0
2020-05-11,25,670,2022-04-07,0
2020-05-12,20,690,2022-04-07,0
2020-05-13,22,712,2022-04-07,0
2020-05-14,20,732,2022-04-07,0
2020-05-15,20,752,2022-04-07,0
2020-05-16,20,772,2022-04-07,0
2020-05-17,23,795,2022-04-07,0
2020-05-18,18,813,2022-04-07,0
2020-05-19,35,848,2022-04-07,0
2020-05-20,24,872,2022-04-07,0
2020-05-21,17,889,2022-04-07,0
2020-05-22,20,909,2022-04-07,0
2020-05-23,26,935,2022-04-07,0
2020-05-24,25,960,2022-04-07,0
2020-05-25,30,990,2022-04-07,0
2020-05-26,29,1019,2022-04-07,0
2020-05-27,25,1044,2022-04-07,0
2020-05-28,21,1065,2022-04-07,0
2020-05-29,17,1082,2022-04-07,0
2020-05-30,11,1093,2022-04-07,0
2020-05-31,20,1113,2022-04-07,0
2020-06-01,23,1136,2022-04-07,0
2020-06-02,21,1157,2022-04-07,0
2020-06-03,25,1182,2022-04-07,0
2020-06-04,26,1208,2022-04-07,0
2020-06-05,18,1226,2022-04-07,0
2020-06-06,12,1238,2022-04-07,0
2020-06-07,22,1260,2022-04-07,0
2020-06-08,12,1272,2022-04-07,0
2020-06-09,13,1285,2022-04-07,0
2020-06-10,10,1295,2022-04-07,0
2020-06-11,12,1307,2022-04-07,0
2020-06-12,11,1318,2022-04-07,0
2020-06-13,13,1331,2022-04-07,0
2020-06-14,11,1342,2022-04-07,0
2020-06-15,8,1350,2022-04-07,0
2020-06-16,9,1359,2022-04-07,0
2020-06-17,17,1376,2022-04-07,0
2020-06-18,9,1385,2022-04-07,0
2020-06-19,8,1393,2022-04-07,0
2020-06-20,12,1405,2022-04-07,0
2020-06-21,11,1416,2022-04-07,0
2020-06-22,6,1422,2022-04-07,0
2020-06-23,10,1432,2022-04-07,0
2020-06-24,1,1433,2022-04-07,0
2020-06-25,9,1442,2022-04-07,0
2020-06-26,6,1448,2022-04-07,0
2020-06-27,5,1453,2022-04-07,0
2020-06-28,11,1464,2022-04-07,0
2020-06-29,7,1471,2022-04-07,0
2020-06-30,9,1480,2022-04-07,0
2020-07-01,2,1482,2022-04-07,0
2020-07-02,3,1485,2022-04-07,0
2020-07-03,5,1490,2022-04-07,0
2020-07-04,4,1494,2022-04-07,0
2020-07-05,6,1500,2022-04-07,0
2020-07-06,4,1504,2022-04-07,0
2020-07-07,2,1506,2022-04-07,0
2020-07-08,9,1515,2022-04-07,0
2020-07-09,4,1519,2022-04-07,0
2020-07-10,3,1522,2022-04-07,0
2020-07-11,4,1526,2022-04-07,0
2020-07-12,6,1532,2022-04-07,0
2020-07-13,2,1534,2022-04-07,0
2020-07-14,6,1540,2022-04-07,0
2020-07-15,7,1547,2022-04-07,0
2020-07-16,3,1550,2022-04-07,0
2020-07-17,7,1557,2022-04-07,0
2020-07-18,6,1563,2022-04-07,0
2020-07-19,5,1568,2022-04-07,0
2020-07-20,3,1571,2022-04-07,0
2020-07-21,6,1577,2022-04-07,0
2020-07-22,5,1582,2022-04-07,0
2020-07-23,8,1590,2022-04-07,0
2020-07-24,6,1596,2022-04-07,0
2020-07-25,2,1598,2022-04-07,0
2020-07-26,5,1603,2022-04-07,0
2020-07-27,5,1608,2022-04-07,0
2020-07-28,7,1615,2022-04-07,0
2020-07-29,3,1618,2022-04-07,0
2020-07-30,6,1624,2022-04-07,0
2020-07-31,9,1633,2022-04-07,0
2020-08-01,4,1637,2022-04-07,0
2020-08-02,7,1644,2022-04-07,0
2020-08-03,4,1648,2022-04-07,0
2020-08-04,7,1655,2022-04-07,0
2020-08-05,8,1663,2022-04-07,0
2020-08-06,9,1672,2022-04-07,0
2020-08-07,7,1679,2022-04-07,0
2020-08-08,6,1685,2022-04-07,0
2020-08-09,10,1695,2022-04-07,0
2020-08-10,3,1698,2022-04-07,0
2020-08-11,9,1707,2022-04-07,0
2020-08-12,7,1714,2022-04-07,0
2020-08-13,5,1719,2022-04-07,0
2020-08-14,9,1728,2022-04-07,0
2020-08-15,13,1741,2022-04-07,0
2020-08-16,13,1754,2022-04-07,0
2020-08-17,6,1760,2022-04-07,0
2020-08-18,11,1771,2022-04-07,0
2020-08-19,3,1774,2022-04-07,0
2020-08-20,10,1784,2022-04-07,0
2020-08-21,12,1796,2022-04-07,0
2020-08-22,9,1805,2022-04-07,0
2020-08-23,7,1812,2022-04-07,0
2020-08-24,9,1821,2022-04-07,0
2020-08-25,4,1825,2022-04-07,0
2020-08-26,3,1828,2022-04-07,0
2020-08-27,7,1835,2022-04-07,0
2020-08-28,6,1841,2022-04-07,0
2020-08-29,3,1844,2022-04-07,0
2020-08-30,5,1849,2022-04-07,0
2020-08-31,9,1858,2022-04-07,0
2020-09-01,2,1860,2022-04-07,0
2020-09-02,7,1867,2022-04-07,0
2020-09-03,12,1879,2022-04-07,0
2020-09-04,4,1883,2022-04-07,0
2020-09-05,6,1889,2022-04-07,0
2020-09-06,12,1901,2022-04-07,0
2020-09-07,3,1904,2022-04-07,0
2020-09-08,6,1910,2022-04-07,0
2020-09-09,10,1920,2022-04-07,0
2020-09-10,9,1929,2022-04-07,0
2020-09-11,11,1940,2022-04-07,0
2020-09-12,8,1948,2022-04-07,0
2020-09-13,8,1956,2022-04-07,0
2020-09-14,2,1958,2022-04-07,0
2020-09-15,7,1965,2022-04-07,0
2020-09-16,9,1974,2022-04-07,0
2020-09-17,5,1979,2022-04-07,0
2020-09-18,6,1985,2022-04-07,0
2020-09-19,4,1989,2022-04-07,0
2020-09-20,9,1998,2022-04-07,0
2020-09-21,7,2005,2022-04-07,0
2020-09-22,8,2013,2022-04-07,0
2020-09-23,9,2022,2022-04-07,0
2020-09-24,8,2030,2022-04-07,0
2020-09-25,11,2041,2022-04-07,0
2020-09-26,9,2050,2022-04-07,0
2020-09-27,14,2064,2022-04-07,0
2020-09-28,11,2075,2022-04-07,0
2020-09-29,5,2080,2022-04-07,0
2020-09-30,16,2096,2022-04-07,0
2020-10-01,7,2103,2022-04-07,0
2020-10-02,13,2116,2022-04-07,0
2020-10-03,9,2125,2022-04-07,0
2020-10-04,7,2132,2022-04-07,0
2020-10-05,10,2142,2022-04-07,0
2020-10-06,13,2155,2022-04-07,0
2020-10-07,19,2174,2022-04-07,0
2020-10-08,9,2183,2022-04-07,0
2020-10-09,17,2200,2022-04-07,0
2020-10-10,16,2216,2022-04-07,0
2020-10-11,16,2232,2022-04-07,0
2020-10-12,20,2252,2022-04-07,0
2020-10-13,14,2266,2022-04-07,0
2020-10-14,10,2276,2022-04-07,0
2020-10-15,9,2285,2022-04-07,0
2020-10-16,12,2297,2022-04-07,0
2020-10-17,18,2315,2022-04-07,0
2020-10-18,25,2340,2022-04-07,0
2020-10-19,18,2358,2022-04-07,0
2020-10-20,15,2373,2022-04-07,0
2020-10-21,24,2397,2022-04-07,0
2020-10-22,18,2415,2022-04-07,0
2020-10-23,19,2434,2022-04-07,0
2020-10-24,8,2442,2022-04-07,0
2020-10-25,17,2459,2022-04-07,0
2020-10-26,25,2484,2022-04-07,0
2020-10-27,23,2507,2022-04-07,0
2020-10-28,29,2536,2022-04-07,0
2020-10-29,18,2554,2022-04-07,0
2020-10-30,27,2581,2022-04-07,0
2020-10-31,25,2606,2022-04-07,0
2020-11-01,21,2627,2022-04-07,0
2020-11-02,25,2652,2022-04-07,0
2020-11-03,25,2677,2022-04-07,0
2020-11-04,33,2710,2022-04-07,0
2020-11-05,38,2748,2022-04-07,0
2020-11-06,39,2787,2022-04-07,0
2020-11-07,42,2829,2022-04-07,0
2020-11-08,47,2876,2022-04-07,0
2020-11-09,37,2913,2022-04-07,0
2020-11-10,35,2948,2022-04-07,0
2020-11-11,43,2991,2022-04-07,0
2020-11-12,45,3036,2022-04-07,0
2020-11-13,40,3076,2022-04-07,0
2020-11-14,48,3124,2022-04-07,0
2020-11-15,46,3170,2022-04-07,0
2020-11-16,62,3232,2022-04-07,0
2020-11-17,56,3288,2022-04-07,0
2020-11-18,61,3349,2022-04-07,0
2020-11-19,60,3409,2022-04-07,0
2020-11-20,63,3472,2022-04-07,0
2020-11-21,58,3530,2022-04-07,0
2020-11-22,67,3597,2022-04-07,0
2020-11-23,59,3656,2022-04-07,0
2020-11-24,69,3725,2022-04-07,0
2020-11-25,72,3797,2022-04-07,0
2020-11-26,54,3851,2022-04-07,0
2020-11-27,69,3920,2022-04-07,0
2020-11-28,62,3982,2022-04-07,0
2020-11-29,68,4050,2022-04-07,0
2020-11-30,62,4112,2022-04-07,0
2020-12-01,64,4176,2022-04-07,0
2020-12-02,73,4249,2022-04-07,0
2020-12-03,86,4335,2022-04-07,0
2020-12-04,67,4402,2022-04-07,0
2020-12-05,74,4476,2022-04-07,0
2020-12-06,80,4556,2022-04-07,0
2020-12-07,75,4631,2022-04-07,0
2020-12-08,61,4692,2022-04-07,0
2020-12-09,71,4763,2022-04-07,0
2020-12-10,72,4835,2022-04-07,0
2020-12-11,71,4906,2022-04-07,0
2020-12-12,72,4978,2022-04-07,0
2020-12-13,56,5034,2022-04-07,0
2020-12-14,43,5077,2022-04-07,0
2020-12-15,65,5142,2022-04-07,0
2020-12-16,74,5216,2022-04-07,0
2020-12-17,60,5276,2022-04-07,0
2020-12-18,59,5335,2022-04-07,0
2020-12-19,56,5391,2022-04-07,0
2020-12-20,61,5452,2022-04-07,0
2020-12-21,58,5510,2022-04-07,0
2020-12-22,33,5543,2022-04-07,0
2020-12-23,46,5589,2022-04-07,0
2020-12-24,51,5640,2022-04-07,0
2020-12-25,36,5676,2022-04-07,0
2020-12-26,43,5719,2022-04-07,0
2020-12-27,41,5760,2022-04-07,0
2020-12-28,34,5794,2022-04-07,0
2020-12-29,37,5831,2022-04-07,0
2020-12-30,47,5878,2022-04-07,0
2020-12-31,36,5914,2022-04-07,0
2021-01-01,28,5942,2022-04-07,0
2021-01-02,49,5991,2022-04-07,0
2021-01-03,37,6028,2022-04-07,0
2021-01-04,32,6060,2022-04-07,0
2021-01-05,40,6100,2022-04-07,0
2021-01-06,32,6132,2022-04-07,0
2021-01-07,38,6170,2022-04-07,0
2021-01-08,32,6202,2022-04-07,0
2021-01-09,26,6228,2022-04-07,0
2021-01-10,30,6258,2022-04-07,0
2021-01-11,27,6285,2022-04-07,0
2021-01-12,32,6317,2022-04-07,0
2021-01-13,23,6340,2022-04-07,0
2021-01-14,42,6382,2022-04-07,0
2021-01-15,26,6408,2022-04-07,0
2021-01-16,30,6438,2022-04-07,0
2021-01-17,21,6459,2022-04-07,0
2021-01-18,19,6478,2022-04-07,0
2021-01-19,14,6492,2022-04-07,0
2021-01-20,26,6518,2022-04-07,0
2021-01-21,16,6534,2022-04-07,0
2021-01-22,14,6548,2022-04-07,0
2021-01-23,17,6565,2022-04-07,0
2021-01-24,24,6589,2022-04-07,0
2021-01-25,19,6608,2022-04-07,0
2021-01-26,21,6629,2022-04-07,0
2021-01-27,11,6640,2022-04-07,0
2021-01-28,12,6652,2022-04-07,0
2021-01-29,15,6667,2022-04-07,0
2021-01-30,13,6680,2022-04-07,0
2021-01-31,17,6697,2022-04-07,0
2021-02-01,17,6714,2022-04-07,0
2021-02-02,10,6724,2022-04-07,0
2021-02-03,11,6735,2022-04-07,0
2021-02-04,11,6746,2022-04-07,0
2021-02-05,13,6759,2022-04-07,0
2021-02-06,12,6771,2022-04-07,0
2021-02-07,19,6790,2022-04-07,0
2021-02-08,11,6801,2022-04-07,0
2021-02-09,15,6816,2022-04-07,0
2021-02-10,14,6830,2022-04-07,0
2021-02-11,7,6837,2022-04-07,0
2021-02-12,14,6851,2022-04-07,0
2021-02-13,8,6859,2022-04-07,0
2021-02-14,10,6869,2022-04-07,0
2021-02-15,9,6878,2022-04-07,0
2021-02-16,12,6890,2022-04-07,0
2021-02-17,10,6900,2022-04-07,0
2021-02-18,7,6907,2022-04-07,0
2021-02-19,6,6913,2022-04-07,0
2021-02-20,7,6920,2022-04-07,0
2021-02-21,4,6924,2022-04-07,0
2021-02-22,5,6929,2022-04-07,0
2021-02-23,9,6938,2022-04-07,0
2021-02-24,5,6943,2022-04-07,0
2021-02-25,5,6948,2022-04-07,0
2021-02-26,7,6955,2022-04-07,0
2021-02-27,6,6961,2022-04-07,0
2021-02-28,8,6969,2022-04-07,0
2021-03-01,7,6976,2022-04-07,0
2021-03-02,3,6979,2022-04-07,0
2021-03-03,10,6989,2022-04-07,0
2021-03-04,6,6995,2022-04-07,0
2021-03-05,10,7005,2022-04-07,0
2021-03-06,5,7010,2022-04-07,0
2021-03-07,9,7019,2022-04-07,0
2021-03-08,5,7024,2022-04-07,0
2021-03-09,7,7031,2022-04-07,0
2021-03-10,5,7036,2022-04-07,0
2021-03-11,4,7040,2022-04-07,0
2021-03-12,11,7051,2022-04-07,0
2021-03-13,5,7056,2022-04-07,0
2021-03-14,5,7061,2022-04-07,0
2021-03-15,2,7063,2022-04-07,0
2021-03-16,6,7069,2022-04-07,0
2021-03-17,4,7073,2022-04-07,0
2021-03-18,5,7078,2022-04-07,0
2021-03-19,5,7083,2022-04-07,0
2021-03-20,9,7092,2022-04-07,0
2021-03-21,5,7097,2022-04-07,0
2021-03-22,4,7101,2022-04-07,0
2021-03-23,5,7106,2022-04-07,0
2021-03-24,1,7107,2022-04-07,0
2021-03-25,5,7112,2022-04-07,0
2021-03-26,3,7115,2022-04-07,0
2021-03-27,7,7122,2022-04-07,0
2021-03-28,6,7128,2022-04-07,0
2021-03-29,5,7133,2022-04-07,0
2021-03-30,6,7139,2022-04-07,0
2021-03-31,8,7147,2022-04-07,0
2021-04-01,6,7153,2022-04-07,0
2021-04-02,9,7162,2022-04-07,0
2021-04-03,8,7170,2022-04-07,0
2021-04-04,6,7176,2022-04-07,0
2021-04-05,8,7184,2022-04-07,0
2021-04-06,7,7191,2022-04-07,0
2021-04-07,6,7197,2022-04-07,0
2021-04-08,10,7207,2022-04-07,0
2021-04-09,7,7214,2022-04-07,0
2021-04-10,7,7221,2022-04-07,0
2021-04-11,8,7229,2022-04-07,0
2021-04-12,10,7239,2022-04-07,0
2021-04-13,7,7246,2022-04-07,0
2021-04-14,8,7254,2022-04-07,0
2021-04-15,14,7268,2022-04-07,0
2021-04-16,8,7276,2022-04-07,0
2021-04-17,8,7284,2022-04-07,0
2021-04-18,8,7292,2022-04-07,0
2021-04-19,10,7302,2022-04-07,0
2021-04-20,5,7307,2022-04-07,0
2021-04-21,8,7315,2022-04-07,0
2021-04-22,3,7318,2022-04-07,0
2021-04-23,15,7333,2022-04-07,0
2021-04-24,11,7344,2022-04-07,0
2021-04-25,15,7359,2022-04-07,0
2021-04-26,15,7374,2022-04-07,0
2021-04-27,7,7381,2022-04-07,0
2021-04-28,14,7395,2022-04-07,0
2021-04-29,8,7403,2022-04-07,0
2021-04-30,11,7414,2022-04-07,0
2021-05-01,7,7421,2022-04-07,0
2021-05-02,8,7429,2022-04-07,0
2021-05-03,5,7434,2022-04-07,0
2021-05-04,13,7447,2022-04-07,0
2021-05-05,9,7456,2022-04-07,0
2021-05-06,5,7461,2022-04-07,0
2021-05-07,8,7469,2022-04-07,0
2021-05-08,7,7476,2022-04-07,0
2021-05-09,9,7485,2022-04-07,0
2021-05-10,8,7493,2022-04-07,0
2021-05-11,6,7499,2022-04-07,0
2021-05-12,9,7508,2022-04-07,0
2021-05-13,9,7517,2022-04-07,0
2021-05-14,11,7528,2022-04-07,0
2021-05-15,10,7538,2022-04-07,0
2021-05-16,6,7544,2022-04-07,0
2021-05-17,6,7550,2022-04-07,0
2021-05-18,7,7557,2022-04-07,0
2021-05-19,2,7559,2022-04-07,0
2021-05-20,5,7564,2022-04-07,0
2021-05-21,7,7571,2022-04-07,0
2021-05-22,12,7583,2022-04-07,0
2021-05-23,5,7588,2022-04-07,0
2021-05-24,5,7593,2022-04-07,0
2021-05-25,6,7599,2022-04-07,0
2021-05-26,3,7602,2022-04-07,0
2021-05-27,7,7609,2022-04-07,0
2021-05-28,2,7611,2022-04-07,0
2021-05-29,6,7617,2022-04-07,0
2021-05-30,4,7621,2022-04-07,0
2021-05-31,3,7624,2022-04-07,0
2021-06-01,5,7629,2022-04-07,0
2021-06-02,8,7637,2022-04-07,0
2021-06-03,4,7641,2022-04-07,0
2021-06-04,4,7645,2022-04-07,0
2021-06-05,2,7647,2022-04-07,0
2021-06-06,5,7652,2022-04-07,0
2021-06-07,3,7655,2022-04-07,0
2021-06-08,5,7660,2022-04-07,0
2021-06-09,4,7664,2022-04-07,0
2021-06-10,6,7670,2022-04-07,0
2021-06-11,6,7676,2022-04-07,0
2021-06-12,4,7680,2022-04-07,0
2021-06-13,4,7684,2022-04-07,0
2021-06-14,3,7687,2022-04-07,0
2021-06-15,2,7689,2022-04-07,0
2021-06-16,2,7691,2022-04-07,0
2021-06-17,4,7695,2022-04-07,0
2021-06-18,2,7697,2022-04-07,0
2021-06-19,6,7703,2022-04-07,0
2021-06-20,1,7704,2022-04-07,0
2021-06-21,5,7709,2022-04-07,0
2021-06-22,3,7712,2022-04-07,0
2021-06-23,4,7716,2022-04-07,0
2021-06-24,3,7719,2022-04-07,0
2021-06-25,3,7722,2022-04-07,0
2021-06-26,4,7726,2022-04-07,0
2021-06-27,2,7728,2022-04-07,0
2021-06-28,2,7730,2022-04-07,0
2021-06-29,2,7732,2022-04-07,0
2021-06-30,2,7734,2022-04-07,0
2021-07-01,0,7734,2022-04-07,0
2021-07-02,2,7736,2022-04-07,0
2021-07-03,2,7738,2022-04-07,0
2021-07-04,3,7741,2022-04-07,0
2021-07-05,1,7742,2022-04-07,0
2021-07-06,5,7747,2022-04-07,0
2021-07-07,1,7748,2022-04-07,0
2021-07-08,1,7749,2022-04-07,0
2021-07-09,0,7749,2022-04-07,0
2021-07-10,2,7751,2022-04-07,0
2021-07-11,3,7754,2022-04-07,0
2021-07-12,1,7755,2022-04-07,0
2021-07-13,2,7757,2022-04-07,0
2021-07-14,2,7759,2022-04-07,0
2021-07-15,2,7761,2022-04-07,0
2021-07-16,1,7762,2022-04-07,0
2021-07-17,1,7763,2022-04-07,0
2021-07-18,0,7763,2022-04-07,0
2021-07-19,0,7763,2022-04-07,0
2021-07-20,2,7765,2022-04-07,0
2021-07-21,3,7768,2022-04-07,0
2021-07-22,2,7770,2022-04-07,0
2021-07-23,3,7773,2022-04-07,0
2021-07-24,0,7773,2022-04-07,0
2021-07-25,2,7775,2022-04-07,0
2021-07-26,1,7776,2022-04-07,0
2021-07-27,2,7778,2022-04-07,0
2021-07-28,3,7781,2022-04-07,0
2021-07-29,2,7783,2022-04-07,0
2021-07-30,5,7788,2022-04-07,0
2021-07-31,4,7792,2022-04-07,0
2021-08-01,1,7793,2022-04-07,0
2021-08-02,3,7796,2022-04-07,0
2021-08-03,2,7798,2022-04-07,0
2021-08-04,3,7801,2022-04-07,0
2021-08-05,2,7803,2022-04-07,0
2021-08-06,8,7811,2022-04-07,0
2021-08-07,3,7814,2022-04-07,0
2021-08-08,3,7817,2022-04-07,0
2021-08-09,3,7820,2022-04-07,0
2021-08-10,2,7822,2022-04-07,0
2021-08-11,2,7824,2022-04-07,0
2021-08-12,7,7831,2022-04-07,0
2021-08-13,5,7836,2022-04-07,0
2021-08-14,6,7842,2022-04-07,0
2021-08-15,0,7842,2022-04-07,0
2021-08-16,7,7849,2022-04-07,0
2021-08-17,7,7856,2022-04-07,0
2021-08-18,9,7865,2022-04-07,0
2021-08-19,2,7867,2022-04-07,0
2021-08-20,3,7870,2022-04-07,0
2021-08-21,5,7875,2022-04-07,0
2021-08-22,7,7882,2022-04-07,0
2021-08-23,5,7887,2022-04-07,0
2021-08-24,12,7899,2022-04-07,0
2021-08-25,7,7906,2022-04-07,0
2021-08-26,2,7908,2022-04-07,0
2021-08-27,6,7914,2022-04-07,0
2021-08-28,11,7925,2022-04-07,0
2021-08-29,11,7936,2022-04-07,0
2021-08-30,8,7944,2022-04-07,0
2021-08-31,8,7952,2022-04-07,0
2021-09-01,6,7958,2022-04-07,0
2021-09-02,6,7964,2022-04-07,0
2021-09-03,9,7973,2022-04-07,0
2021-09-04,9,7982,2022-04-07,0
2021-09-05,10,7992,2022-04-07,0
2021-09-06,8,8000,2022-04-07,0
2021-09-07,7,8007,2022-04-07,0
2021-09-08,11,8018,2022-04-07,0
2021-09-09,5,8023,2022-04-07,0
2021-09-10,9,8032,2022-04-07,0
2021-09-11,17,8049,2022-04-07,0
2021-09-12,10,8059,2022-04-07,0
2021-09-13,8,8067,2022-04-07,0
2021-09-14,11,8078,2022-04-07,0
2021-09-15,14,8092,2022-04-07,0
2021-09-16,16,8108,2022-04-07,0
2021-09-17,8,8116,2022-04-07,0
2021-09-18,15,8131,2022-04-07,0
2021-09-19,11,8142,2022-04-07,0
2021-09-20,16,8158,2022-04-07,0
2021-09-21,16,8174,2022-04-07,0
2021-09-22,17,8191,2022-04-07,0
2021-09-23,13,8204,2022-04-07,0
2021-09-24,13,8217,2022-04-07,0
2021-09-25,16,8233,2022-04-07,0
2021-09-26,15,8248,2022-04-07,0
2021-09-27,15,8263,2022-04-07,0
2021-09-28,11,8274,2022-04-07,0
2021-09-29,21,8295,2022-04-07,0
2021-09-30,17,8312,2022-04-07,0
2021-10-01,13,8325,2022-04-07,0
2021-10-02,15,8340,2022-04-07,0
2021-10-03,23,8363,2022-04-07,0
2021-10-04,15,8378,2022-04-07,0
2021-10-05,23,8401,2022-04-07,0
2021-10-06,21,8422,2022-04-07,0
2021-10-07,14,8436,2022-04-07,0
2021-10-08,22,8458,2022-04-07,0
2021-10-09,20,8478,2022-04-07,0
2021-10-10,14,8492,2022-04-07,0
2021-10-11,11,8503,2022-04-07,0
2021-10-12,25,8528,2022-04-07,0
2021-10-13,21,8549,2022-04-07,0
2021-10-14,22,8571,2022-04-07,0
2021-10-15,14,8585,2022-04-07,0
2021-10-16,20,8605,2022-04-07,0
2021-10-17,18,8623,2022-04-07,0
2021-10-18,17,8640,2022-04-07,0
2021-10-19,26,8666,2022-04-07,0
2021-10-20,17,8683,2022-04-07,0
2021-10-21,8,8691,2022-04-07,0
2021-10-22,23,8714,2022-04-07,0
2021-10-23,24,8738,2022-04-07,0
2021-10-24,25,8763,2022-04-07,0
2021-10-25,20,8783,2022-04-07,0
2021-10-26,22,8805,2022-04-07,0
2021-10-27,16,8821,2022-04-07,0
2021-10-28,24,8845,2022-04-07,0
2021-10-29,20,8865,2022-04-07,0
2021-10-30,20,8885,2022-04-07,0
2021-10-31,27,8912,2022-04-07,0
2021-11-01,18,8930,2022-04-07,0
2021-11-02,18,8948,2022-04-07,0
2021-11-03,28,8976,2022-04-07,0
2021-11-04,29,9005,2022-04-07,0
2021-11-05,29,9034,2022-04-07,0
2021-11-06,16,9050,2022-04-07,0
2021-11-07,24,9074,2022-04-07,0
2021-11-08,28,9102,2022-04-07,0
2021-11-09,17,9119,2022-04-07,0
2021-11-10,18,9137,2022-04-07,0
2021-11-11,28,9165,2022-04-07,0
2021-11-12,29,9194,2022-04-07,0
2021-11-13,31,9225,2022-04-07,0
2021-11-14,24,9249,2022-04-07,0
2021-11-15,28,9277,2022-04-07,0
2021-11-16,25,9302,2022-04-07,0
2021-11-17,37,9339,2022-04-07,0
2021-11-18,38,9377,2022-04-07,0
2021-11-19,34,9411,2022-04-07,0
2021-11-20,30,9441,2022-04-07,0
2021-11-21,32,9473,2022-04-07,0
2021-11-22,30,9503,2022-04-07,0
2021-11-23,32,9535,2022-04-07,0
2021-11-24,25,9560,2022-04-07,0
2021-11-25,35,9595,2022-04-07,0
2021-11-26,51,9646,2022-04-07,0
2021-11-27,36,9682,2022-04-07,0
2021-11-28,39,9721,2022-04-07,0
2021-11-29,29,9750,2022-04-07,0
2021-11-30,30,9780,2022-04-07,0
2021-12-01,47,9827,2022-04-07,0
2021-12-02,40,9867,2022-04-07,0
2021-12-03,31,9898,2022-04-07,0
2021-12-04,42,9940,2022-04-07,0
2021-12-05,36,9976,2022-04-07,0
2021-12-06,36,10012,2022-04-07,0
2021-12-07,36,10048,2022-04-07,0
2021-12-08,39,10087,2022-04-07,0
2021-12-09,47,10134,2022-04-07,0
2021-12-10,34,10168,2022-04-07,0
2021-12-11,27,10195,2022-04-07,0
2021-12-12,37,10232,2022-04-07,0
2021-12-13,34,10266,2022-04-07,0
2021-12-14,35,10301,2022-04-07,0
2021-12-15,42,10343,2022-04-07,0
2021-12-16,33,10376,2022-04-07,0
2021-12-17,41,10417,2022-04-07,0
2021-12-18,33,10450,2022-04-07,0
2021-12-19,31,10481,2022-04-07,0
2021-12-20,33,10514,2022-04-07,0
2021-12-21,28,10542,2022-04-07,0
2021-12-22,29,10571,2022-04-07,0
2021-12-23,28,10599,2022-04-07,0
2021-12-24,30,10629,2022-04-07,0
2021-12-25,28,10657,2022-04-07,0
2021-12-26,42,10699,2022-04-07,0
2021-12-27,32,10731,2022-04-07,0
2021-12-28,35,10766,2022-04-07,0
2021-12-29,31,10797,2022-04-07,0
2021-12-30,21,10818,2022-04-07,0
2021-12-31,40,10858,2022-04-07,0
2022-01-01,27,10885,2022-04-07,0
2022-01-02,22,10907,2022-04-07,0
2022-01-03,23,10930,2022-04-07,0
2022-01-04,30,10960,2022-04-07,0
2022-01-05,32,10992,2022-04-07,0
2022-01-06,32,11024,2022-04-07,0
2022-01-07,28,11052,2022-04-07,0
2022-01-08,43,11095,2022-04-07,0
2022-01-09,19,11114,2022-04-07,0
2022-01-10,31,11145,2022-04-07,0
2022-01-11,20,11165,2022-04-07,0
2022-01-12,21,11186,2022-04-07,0
2022-01-13,28,11214,2022-04-07,0
2022-01-14,33,11247,2022-04-07,0
2022-01-15,27,11274,2022-04-07,0
2022-01-16,34,11308,2022-04-07,0
2022-01-17,36,11344,2022-04-07,0
2022-01-18,26,11370,2022-04-07,0
2022-01-19,29,11399,2022-04-07,0
2022-01-20,31,11430,2022-04-07,0
2022-01-21,27,11457,2022-04-07,0
2022-01-22,29,11486,2022-04-07,0
2022-01-23,24,11510,2022-04-07,0
2022-01-24,38,11548,2022-04-07,0
2022-01-25,33,11581,2022-04-07,0
2022-01-26,35,11616,2022-04-07,0
2022-01-27,37,11653,2022-04-07,0
2022-01-28,31,11684,2022-04-07,0
2022-01-29,31,11715,2022-04-07,0
2022-01-30,27,11742,2022-04-07,0
2022-01-31,18,11760,2022-04-07,0
2022-02-01,25,11785,2022-04-07,0
2022-02-02,23,11808,2022-04-07,0
2022-02-03,30,11838,2022-04-07,0
2022-02-04,22,11860,2022-04-07,0
2022-02-05,28,11888,2022-04-07,0
2022-02-06,28,11916,2022-04-07,0
2022-02-07,20,11936,2022-04-07,0
2022-02-08,27,11963,2022-04-07,0
2022-02-09,25,11988,2022-04-07,0
2022-02-10,22,12010,2022-04-07,0
2022-02-11,19,12029,2022-04-07,0
2022-02-12,16,12045,2022-04-07,0
2022-02-13,19,12064,2022-04-07,0
2022-02-14,17,12081,2022-04-07,0
2022-02-15,21,12102,2022-04-07,0
2022-02-16,14,12116,2022-04-07,0
2022-02-17,16,12132,2022-04-07,0
2022-02-18,16,12148,2022-04-07,0
2022-02-19,21,12169,2022-04-07,0
2022-02-20,15,12184,2022-04-07,0
2022-02-21,6,12190,2022-04-07,0
2022-02-22,14,12204,2022-04-07,0
2022-02-23,9,12213,2022-04-07,0
2022-02-24,27,12240,2022-04-07,0
2022-02-25,9,12249,2022-04-07,0
2022-02-26,10,12259,2022-04-07,0
2022-02-27,11,12270,2022-04-07,0
2022-02-28,7,12277,2022-04-07,0
2022-03-01,7,12284,2022-04-07,0
2022-03-02,9,12293,2022-04-07,0
2022-03-03,6,12299,2022-04-07,0
2022-03-04,11,12310,2022-04-07,0
2022-03-05,6,12316,2022-04-07,0
2022-03-06,10,12326,2022-04-07,0
2022-03-07,4,12330,2022-04-07,0
2022-03-08,5,12335,2022-04-07,0
2022-03-09,11,12346,2022-04-07,0
2022-03-10,9,12355,2022-04-07,0
2022-03-11,8,12363,2022-04-07,0
2022-03-12,0,12363,2022-04-07,0
2022-03-13,4,12367,2022-04-07,0
2022-03-14,4,12371,2022-04-07,0
2022-03-15,3,12374,2022-04-07,0
2022-03-16,0,12374,2022-04-07,0
2022-03-17,7,12381,2022-04-07,0
2022-03-18,2,12383,2022-04-07,0
2022-03-19,3,12386,2022-04-07,0
2022-03-20,9,12395,2022-04-07,1
2022-03-21,2,12397,2022-04-07,0
2022-03-22,3,12400,2022-04-07,0
2022-03-23,6,12406,2022-04-07,1
2022-03-24,4,12410,2022-04-07,0
2022-03-25,6,12416,2022-04-07,0
2022-03-26,2,12418,2022-04-07,0
2022-03-27,2,12420,2022-04-07,0
2022-03-28,3,12423,2022-04-07,0
2022-03-29,1,12424,2022-04-07,0
2022-03-30,2,12426,2022-04-07,0
2022-03-31,5,12431,2022-04-07,2
2022-04-01,2,12433,2022-04-07,1
2022-04-02,0,12433,2022-04-07,0
2022-04-03,1,12434,2022-04-07,0
NA,0,12434,2022-04-07,0
2020-03-19,1,1,2022-04-08,0
2020-03-20,0,1,2022-04-08,0
2020-03-21,0,1,2022-04-08,0
2020-03-22,0,1,2022-04-08,0
2020-03-23,0,1,2022-04-08,0
2020-03-24,1,2,2022-04-08,0
2020-03-25,1,3,2022-04-08,0
2020-03-26,1,4,2022-04-08,0
2020-03-27,5,9,2022-04-08,0
2020-03-28,3,12,2022-04-08,0
2020-03-29,0,12,2022-04-08,0
2020-03-30,5,17,2022-04-08,0
2020-03-31,2,19,2022-04-08,0
2020-04-01,5,24,2022-04-08,0
2020-04-02,3,27,2022-04-08,0
2020-04-03,1,28,2022-04-08,0
2020-04-04,5,33,2022-04-08,0
2020-04-05,5,38,2022-04-08,0
2020-04-06,10,48,2022-04-08,0
2020-04-07,6,54,2022-04-08,0
2020-04-08,7,61,2022-04-08,0
2020-04-09,8,69,2022-04-08,0
2020-04-10,6,75,2022-04-08,0
2020-04-11,4,79,2022-04-08,0
2020-04-12,4,83,2022-04-08,0
2020-04-13,10,93,2022-04-08,0
2020-04-14,6,99,2022-04-08,0
2020-04-15,17,116,2022-04-08,0
2020-04-16,10,126,2022-04-08,0
2020-04-17,17,143,2022-04-08,0
2020-04-18,17,160,2022-04-08,0
2020-04-19,16,176,2022-04-08,0
2020-04-20,21,197,2022-04-08,0
2020-04-21,26,223,2022-04-08,0
2020-04-22,21,244,2022-04-08,0
2020-04-23,19,263,2022-04-08,0
2020-04-24,23,286,2022-04-08,0
2020-04-25,18,304,2022-04-08,0
2020-04-26,17,321,2022-04-08,0
2020-04-27,21,342,2022-04-08,0
2020-04-28,16,358,2022-04-08,0
2020-04-29,29,387,2022-04-08,0
2020-04-30,18,405,2022-04-08,0
2020-05-01,30,435,2022-04-08,0
2020-05-02,19,454,2022-04-08,0
2020-05-03,29,483,2022-04-08,0
2020-05-04,23,506,2022-04-08,0
2020-05-05,19,525,2022-04-08,0
2020-05-06,25,550,2022-04-08,0
2020-05-07,30,580,2022-04-08,0
2020-05-08,20,600,2022-04-08,0
2020-05-09,26,626,2022-04-08,0
2020-05-10,19,645,2022-04-08,0
2020-05-11,25,670,2022-04-08,0
2020-05-12,20,690,2022-04-08,0
2020-05-13,22,712,2022-04-08,0
2020-05-14,20,732,2022-04-08,0
2020-05-15,20,752,2022-04-08,0
2020-05-16,20,772,2022-04-08,0
2020-05-17,23,795,2022-04-08,0
2020-05-18,18,813,2022-04-08,0
2020-05-19,35,848,2022-04-08,0
2020-05-20,24,872,2022-04-08,0
2020-05-21,17,889,2022-04-08,0
2020-05-22,20,909,2022-04-08,0
2020-05-23,26,935,2022-04-08,0
2020-05-24,25,960,2022-04-08,0
2020-05-25,30,990,2022-04-08,0
2020-05-26,29,1019,2022-04-08,0
2020-05-27,25,1044,2022-04-08,0
2020-05-28,21,1065,2022-04-08,0
2020-05-29,17,1082,2022-04-08,0
2020-05-30,11,1093,2022-04-08,0
2020-05-31,20,1113,2022-04-08,0
2020-06-01,23,1136,2022-04-08,0
2020-06-02,21,1157,2022-04-08,0
2020-06-03,25,1182,2022-04-08,0
2020-06-04,26,1208,2022-04-08,0
2020-06-05,18,1226,2022-04-08,0
2020-06-06,12,1238,2022-04-08,0
2020-06-07,22,1260,2022-04-08,0
2020-06-08,12,1272,2022-04-08,0
2020-06-09,13,1285,2022-04-08,0
2020-06-10,10,1295,2022-04-08,0
2020-06-11,12,1307,2022-04-08,0
2020-06-12,11,1318,2022-04-08,0
2020-06-13,13,1331,2022-04-08,0
2020-06-14,11,1342,2022-04-08,0
2020-06-15,8,1350,2022-04-08,0
2020-06-16,9,1359,2022-04-08,0
2020-06-17,17,1376,2022-04-08,0
2020-06-18,9,1385,2022-04-08,0
2020-06-19,8,1393,2022-04-08,0
2020-06-20,12,1405,2022-04-08,0
2020-06-21,11,1416,2022-04-08,0
2020-06-22,6,1422,2022-04-08,0
2020-06-23,10,1432,2022-04-08,0
2020-06-24,1,1433,2022-04-08,0
2020-06-25,9,1442,2022-04-08,0
2020-06-26,6,1448,2022-04-08,0
2020-06-27,5,1453,2022-04-08,0
2020-06-28,11,1464,2022-04-08,0
2020-06-29,7,1471,2022-04-08,0
2020-06-30,9,1480,2022-04-08,0
2020-07-01,2,1482,2022-04-08,0
2020-07-02,3,1485,2022-04-08,0
2020-07-03,5,1490,2022-04-08,0
2020-07-04,4,1494,2022-04-08,0
2020-07-05,6,1500,2022-04-08,0
2020-07-06,4,1504,2022-04-08,0
2020-07-07,2,1506,2022-04-08,0
2020-07-08,9,1515,2022-04-08,0
2020-07-09,4,1519,2022-04-08,0
2020-07-10,3,1522,2022-04-08,0
2020-07-11,4,1526,2022-04-08,0
2020-07-12,6,1532,2022-04-08,0
2020-07-13,2,1534,2022-04-08,0
2020-07-14,6,1540,2022-04-08,0
2020-07-15,7,1547,2022-04-08,0
2020-07-16,3,1550,2022-04-08,0
2020-07-17,7,1557,2022-04-08,0
2020-07-18,6,1563,2022-04-08,0
2020-07-19,5,1568,2022-04-08,0
2020-07-20,3,1571,2022-04-08,0
2020-07-21,6,1577,2022-04-08,0
2020-07-22,5,1582,2022-04-08,0
2020-07-23,8,1590,2022-04-08,0
2020-07-24,6,1596,2022-04-08,0
2020-07-25,2,1598,2022-04-08,0
2020-07-26,5,1603,2022-04-08,0
2020-07-27,5,1608,2022-04-08,0
2020-07-28,7,1615,2022-04-08,0
2020-07-29,3,1618,2022-04-08,0
2020-07-30,6,1624,2022-04-08,0
2020-07-31,9,1633,2022-04-08,0
2020-08-01,4,1637,2022-04-08,0
2020-08-02,7,1644,2022-04-08,0
2020-08-03,4,1648,2022-04-08,0
2020-08-04,7,1655,2022-04-08,0
2020-08-05,8,1663,2022-04-08,0
2020-08-06,9,1672,2022-04-08,0
2020-08-07,7,1679,2022-04-08,0
2020-08-08,6,1685,2022-04-08,0
2020-08-09,10,1695,2022-04-08,0
2020-08-10,3,1698,2022-04-08,0
2020-08-11,9,1707,2022-04-08,0
2020-08-12,7,1714,2022-04-08,0
2020-08-13,5,1719,2022-04-08,0
2020-08-14,9,1728,2022-04-08,0
2020-08-15,13,1741,2022-04-08,0
2020-08-16,13,1754,2022-04-08,0
2020-08-17,6,1760,2022-04-08,0
2020-08-18,11,1771,2022-04-08,0
2020-08-19,3,1774,2022-04-08,0
2020-08-20,10,1784,2022-04-08,0
2020-08-21,12,1796,2022-04-08,0
2020-08-22,9,1805,2022-04-08,0
2020-08-23,7,1812,2022-04-08,0
2020-08-24,9,1821,2022-04-08,0
2020-08-25,4,1825,2022-04-08,0
2020-08-26,3,1828,2022-04-08,0
2020-08-27,7,1835,2022-04-08,0
2020-08-28,6,1841,2022-04-08,0
2020-08-29,3,1844,2022-04-08,0
2020-08-30,5,1849,2022-04-08,0
2020-08-31,9,1858,2022-04-08,0
2020-09-01,2,1860,2022-04-08,0
2020-09-02,7,1867,2022-04-08,0
2020-09-03,12,1879,2022-04-08,0
2020-09-04,4,1883,2022-04-08,0
2020-09-05,6,1889,2022-04-08,0
2020-09-06,12,1901,2022-04-08,0
2020-09-07,3,1904,2022-04-08,0
2020-09-08,6,1910,2022-04-08,0
2020-09-09,10,1920,2022-04-08,0
2020-09-10,9,1929,2022-04-08,0
2020-09-11,11,1940,2022-04-08,0
2020-09-12,8,1948,2022-04-08,0
2020-09-13,8,1956,2022-04-08,0
2020-09-14,2,1958,2022-04-08,0
2020-09-15,7,1965,2022-04-08,0
2020-09-16,9,1974,2022-04-08,0
2020-09-17,5,1979,2022-04-08,0
2020-09-18,6,1985,2022-04-08,0
2020-09-19,4,1989,2022-04-08,0
2020-09-20,9,1998,2022-04-08,0
2020-09-21,7,2005,2022-04-08,0
2020-09-22,8,2013,2022-04-08,0
2020-09-23,9,2022,2022-04-08,0
2020-09-24,8,2030,2022-04-08,0
2020-09-25,11,2041,2022-04-08,0
2020-09-26,9,2050,2022-04-08,0
2020-09-27,14,2064,2022-04-08,0
2020-09-28,11,2075,2022-04-08,0
2020-09-29,5,2080,2022-04-08,0
2020-09-30,16,2096,2022-04-08,0
2020-10-01,7,2103,2022-04-08,0
2020-10-02,13,2116,2022-04-08,0
2020-10-03,9,2125,2022-04-08,0
2020-10-04,7,2132,2022-04-08,0
2020-10-05,10,2142,2022-04-08,0
2020-10-06,13,2155,2022-04-08,0
2020-10-07,19,2174,2022-04-08,0
2020-10-08,9,2183,2022-04-08,0
2020-10-09,17,2200,2022-04-08,0
2020-10-10,16,2216,2022-04-08,0
2020-10-11,16,2232,2022-04-08,0
2020-10-12,20,2252,2022-04-08,0
2020-10-13,14,2266,2022-04-08,0
2020-10-14,10,2276,2022-04-08,0
2020-10-15,9,2285,2022-04-08,0
2020-10-16,12,2297,2022-04-08,0
2020-10-17,18,2315,2022-04-08,0
2020-10-18,25,2340,2022-04-08,0
2020-10-19,18,2358,2022-04-08,0
2020-10-20,15,2373,2022-04-08,0
2020-10-21,24,2397,2022-04-08,0
2020-10-22,18,2415,2022-04-08,0
2020-10-23,19,2434,2022-04-08,0
2020-10-24,8,2442,2022-04-08,0
2020-10-25,17,2459,2022-04-08,0
2020-10-26,25,2484,2022-04-08,0
2020-10-27,23,2507,2022-04-08,0
2020-10-28,29,2536,2022-04-08,0
2020-10-29,18,2554,2022-04-08,0
2020-10-30,27,2581,2022-04-08,0
2020-10-31,25,2606,2022-04-08,0
2020-11-01,21,2627,2022-04-08,0
2020-11-02,25,2652,2022-04-08,0
2020-11-03,25,2677,2022-04-08,0
2020-11-04,33,2710,2022-04-08,0
2020-11-05,38,2748,2022-04-08,0
2020-11-06,39,2787,2022-04-08,0
2020-11-07,42,2829,2022-04-08,0
2020-11-08,47,2876,2022-04-08,0
2020-11-09,37,2913,2022-04-08,0
2020-11-10,35,2948,2022-04-08,0
2020-11-11,43,2991,2022-04-08,0
2020-11-12,45,3036,2022-04-08,0
2020-11-13,40,3076,2022-04-08,0
2020-11-14,48,3124,2022-04-08,0
2020-11-15,46,3170,2022-04-08,0
2020-11-16,62,3232,2022-04-08,0
2020-11-17,56,3288,2022-04-08,0
2020-11-18,61,3349,2022-04-08,0
2020-11-19,60,3409,2022-04-08,0
2020-11-20,63,3472,2022-04-08,0
2020-11-21,58,3530,2022-04-08,0
2020-11-22,67,3597,2022-04-08,0
2020-11-23,59,3656,2022-04-08,0
2020-11-24,69,3725,2022-04-08,0
2020-11-25,72,3797,2022-04-08,0
2020-11-26,54,3851,2022-04-08,0
2020-11-27,69,3920,2022-04-08,0
2020-11-28,62,3982,2022-04-08,0
2020-11-29,68,4050,2022-04-08,0
2020-11-30,62,4112,2022-04-08,0
2020-12-01,64,4176,2022-04-08,0
2020-12-02,73,4249,2022-04-08,0
2020-12-03,86,4335,2022-04-08,0
2020-12-04,67,4402,2022-04-08,0
2020-12-05,74,4476,2022-04-08,0
2020-12-06,80,4556,2022-04-08,0
2020-12-07,75,4631,2022-04-08,0
2020-12-08,61,4692,2022-04-08,0
2020-12-09,71,4763,2022-04-08,0
2020-12-10,72,4835,2022-04-08,0
2020-12-11,71,4906,2022-04-08,0
2020-12-12,72,4978,2022-04-08,0
2020-12-13,56,5034,2022-04-08,0
2020-12-14,43,5077,2022-04-08,0
2020-12-15,65,5142,2022-04-08,0
2020-12-16,74,5216,2022-04-08,0
2020-12-17,60,5276,2022-04-08,0
2020-12-18,59,5335,2022-04-08,0
2020-12-19,56,5391,2022-04-08,0
2020-12-20,61,5452,2022-04-08,0
2020-12-21,58,5510,2022-04-08,0
2020-12-22,33,5543,2022-04-08,0
2020-12-23,46,5589,2022-04-08,0
2020-12-24,51,5640,2022-04-08,0
2020-12-25,36,5676,2022-04-08,0
2020-12-26,43,5719,2022-04-08,0
2020-12-27,41,5760,2022-04-08,0
2020-12-28,34,5794,2022-04-08,0
2020-12-29,37,5831,2022-04-08,0
2020-12-30,47,5878,2022-04-08,0
2020-12-31,36,5914,2022-04-08,0
2021-01-01,28,5942,2022-04-08,0
2021-01-02,49,5991,2022-04-08,0
2021-01-03,37,6028,2022-04-08,0
2021-01-04,32,6060,2022-04-08,0
2021-01-05,40,6100,2022-04-08,0
2021-01-06,32,6132,2022-04-08,0
2021-01-07,38,6170,2022-04-08,0
2021-01-08,32,6202,2022-04-08,0
2021-01-09,26,6228,2022-04-08,0
2021-01-10,30,6258,2022-04-08,0
2021-01-11,27,6285,2022-04-08,0
2021-01-12,32,6317,2022-04-08,0
2021-01-13,23,6340,2022-04-08,0
2021-01-14,42,6382,2022-04-08,0
2021-01-15,26,6408,2022-04-08,0
2021-01-16,30,6438,2022-04-08,0
2021-01-17,21,6459,2022-04-08,0
2021-01-18,19,6478,2022-04-08,0
2021-01-19,14,6492,2022-04-08,0
2021-01-20,26,6518,2022-04-08,0
2021-01-21,16,6534,2022-04-08,0
2021-01-22,14,6548,2022-04-08,0
2021-01-23,17,6565,2022-04-08,0
2021-01-24,24,6589,2022-04-08,0
2021-01-25,19,6608,2022-04-08,0
2021-01-26,21,6629,2022-04-08,0
2021-01-27,11,6640,2022-04-08,0
2021-01-28,12,6652,2022-04-08,0
2021-01-29,15,6667,2022-04-08,0
2021-01-30,13,6680,2022-04-08,0
2021-01-31,17,6697,2022-04-08,0
2021-02-01,17,6714,2022-04-08,0
2021-02-02,10,6724,2022-04-08,0
2021-02-03,11,6735,2022-04-08,0
2021-02-04,11,6746,2022-04-08,0
2021-02-05,13,6759,2022-04-08,0
2021-02-06,12,6771,2022-04-08,0
2021-02-07,19,6790,2022-04-08,0
2021-02-08,11,6801,2022-04-08,0
2021-02-09,15,6816,2022-04-08,0
2021-02-10,14,6830,2022-04-08,0
2021-02-11,7,6837,2022-04-08,0
2021-02-12,14,6851,2022-04-08,0
2021-02-13,8,6859,2022-04-08,0
2021-02-14,10,6869,2022-04-08,0
2021-02-15,9,6878,2022-04-08,0
2021-02-16,12,6890,2022-04-08,0
2021-02-17,10,6900,2022-04-08,0
2021-02-18,7,6907,2022-04-08,0
2021-02-19,6,6913,2022-04-08,0
2021-02-20,7,6920,2022-04-08,0
2021-02-21,4,6924,2022-04-08,0
2021-02-22,5,6929,2022-04-08,0
2021-02-23,9,6938,2022-04-08,0
2021-02-24,5,6943,2022-04-08,0
2021-02-25,5,6948,2022-04-08,0
2021-02-26,7,6955,2022-04-08,0
2021-02-27,6,6961,2022-04-08,0
2021-02-28,8,6969,2022-04-08,0
2021-03-01,7,6976,2022-04-08,0
2021-03-02,3,6979,2022-04-08,0
2021-03-03,10,6989,2022-04-08,0
2021-03-04,6,6995,2022-04-08,0
2021-03-05,10,7005,2022-04-08,0
2021-03-06,5,7010,2022-04-08,0
2021-03-07,9,7019,2022-04-08,0
2021-03-08,5,7024,2022-04-08,0
2021-03-09,7,7031,2022-04-08,0
2021-03-10,5,7036,2022-04-08,0
2021-03-11,4,7040,2022-04-08,0
2021-03-12,11,7051,2022-04-08,0
2021-03-13,5,7056,2022-04-08,0
2021-03-14,5,7061,2022-04-08,0
2021-03-15,2,7063,2022-04-08,0
2021-03-16,6,7069,2022-04-08,0
2021-03-17,4,7073,2022-04-08,0
2021-03-18,5,7078,2022-04-08,0
2021-03-19,5,7083,2022-04-08,0
2021-03-20,9,7092,2022-04-08,0
2021-03-21,5,7097,2022-04-08,0
2021-03-22,4,7101,2022-04-08,0
2021-03-23,5,7106,2022-04-08,0
2021-03-24,1,7107,2022-04-08,0
2021-03-25,5,7112,2022-04-08,0
2021-03-26,3,7115,2022-04-08,0
2021-03-27,7,7122,2022-04-08,0
2021-03-28,6,7128,2022-04-08,0
2021-03-29,5,7133,2022-04-08,0
2021-03-30,6,7139,2022-04-08,0
2021-03-31,8,7147,2022-04-08,0
2021-04-01,6,7153,2022-04-08,0
2021-04-02,9,7162,2022-04-08,0
2021-04-03,8,7170,2022-04-08,0
2021-04-04,6,7176,2022-04-08,0
2021-04-05,8,7184,2022-04-08,0
2021-04-06,7,7191,2022-04-08,0
2021-04-07,6,7197,2022-04-08,0
2021-04-08,10,7207,2022-04-08,0
2021-04-09,7,7214,2022-04-08,0
2021-04-10,7,7221,2022-04-08,0
2021-04-11,8,7229,2022-04-08,0
2021-04-12,10,7239,2022-04-08,0
2021-04-13,7,7246,2022-04-08,0
2021-04-14,8,7254,2022-04-08,0
2021-04-15,14,7268,2022-04-08,0
2021-04-16,8,7276,2022-04-08,0
2021-04-17,8,7284,2022-04-08,0
2021-04-18,8,7292,2022-04-08,0
2021-04-19,10,7302,2022-04-08,0
2021-04-20,5,7307,2022-04-08,0
2021-04-21,8,7315,2022-04-08,0
2021-04-22,3,7318,2022-04-08,0
2021-04-23,15,7333,2022-04-08,0
2021-04-24,11,7344,2022-04-08,0
2021-04-25,15,7359,2022-04-08,0
2021-04-26,15,7374,2022-04-08,0
2021-04-27,7,7381,2022-04-08,0
2021-04-28,14,7395,2022-04-08,0
2021-04-29,8,7403,2022-04-08,0
2021-04-30,11,7414,2022-04-08,0
2021-05-01,7,7421,2022-04-08,0
2021-05-02,8,7429,2022-04-08,0
2021-05-03,5,7434,2022-04-08,0
2021-05-04,13,7447,2022-04-08,0
2021-05-05,9,7456,2022-04-08,0
2021-05-06,5,7461,2022-04-08,0
2021-05-07,8,7469,2022-04-08,0
2021-05-08,7,7476,2022-04-08,0
2021-05-09,9,7485,2022-04-08,0
2021-05-10,8,7493,2022-04-08,0
2021-05-11,6,7499,2022-04-08,0
2021-05-12,9,7508,2022-04-08,0
2021-05-13,9,7517,2022-04-08,0
2021-05-14,11,7528,2022-04-08,0
2021-05-15,10,7538,2022-04-08,0
2021-05-16,6,7544,2022-04-08,0
2021-05-17,6,7550,2022-04-08,0
2021-05-18,7,7557,2022-04-08,0
2021-05-19,2,7559,2022-04-08,0
2021-05-20,5,7564,2022-04-08,0
2021-05-21,7,7571,2022-04-08,0
2021-05-22,12,7583,2022-04-08,0
2021-05-23,5,7588,2022-04-08,0
2021-05-24,5,7593,2022-04-08,0
2021-05-25,6,7599,2022-04-08,0
2021-05-26,3,7602,2022-04-08,0
2021-05-27,7,7609,2022-04-08,0
2021-05-28,2,7611,2022-04-08,0
2021-05-29,6,7617,2022-04-08,0
2021-05-30,4,7621,2022-04-08,0
2021-05-31,3,7624,2022-04-08,0
2021-06-01,5,7629,2022-04-08,0
2021-06-02,8,7637,2022-04-08,0
2021-06-03,4,7641,2022-04-08,0
2021-06-04,4,7645,2022-04-08,0
2021-06-05,2,7647,2022-04-08,0
2021-06-06,5,7652,2022-04-08,0
2021-06-07,3,7655,2022-04-08,0
2021-06-08,5,7660,2022-04-08,0
2021-06-09,4,7664,2022-04-08,0
2021-06-10,6,7670,2022-04-08,0
2021-06-11,6,7676,2022-04-08,0
2021-06-12,4,7680,2022-04-08,0
2021-06-13,4,7684,2022-04-08,0
2021-06-14,3,7687,2022-04-08,0
2021-06-15,2,7689,2022-04-08,0
2021-06-16,2,7691,2022-04-08,0
2021-06-17,4,7695,2022-04-08,0
2021-06-18,2,7697,2022-04-08,0
2021-06-19,6,7703,2022-04-08,0
2021-06-20,1,7704,2022-04-08,0
2021-06-21,5,7709,2022-04-08,0
2021-06-22,3,7712,2022-04-08,0
2021-06-23,4,7716,2022-04-08,0
2021-06-24,3,7719,2022-04-08,0
2021-06-25,3,7722,2022-04-08,0
2021-06-26,4,7726,2022-04-08,0
2021-06-27,2,7728,2022-04-08,0
2021-06-28,2,7730,2022-04-08,0
2021-06-29,2,7732,2022-04-08,0
2021-06-30,2,7734,2022-04-08,0
2021-07-01,0,7734,2022-04-08,0
2021-07-02,2,7736,2022-04-08,0
2021-07-03,2,7738,2022-04-08,0
2021-07-04,3,7741,2022-04-08,0
2021-07-05,1,7742,2022-04-08,0
2021-07-06,5,7747,2022-04-08,0
2021-07-07,1,7748,2022-04-08,0
2021-07-08,1,7749,2022-04-08,0
2021-07-09,0,7749,2022-04-08,0
2021-07-10,2,7751,2022-04-08,0
2021-07-11,3,7754,2022-04-08,0
2021-07-12,1,7755,2022-04-08,0
2021-07-13,2,7757,2022-04-08,0
2021-07-14,2,7759,2022-04-08,0
2021-07-15,2,7761,2022-04-08,0
2021-07-16,1,7762,2022-04-08,0
2021-07-17,1,7763,2022-04-08,0
2021-07-18,0,7763,2022-04-08,0
2021-07-19,0,7763,2022-04-08,0
2021-07-20,2,7765,2022-04-08,0
2021-07-21,3,7768,2022-04-08,0
2021-07-22,2,7770,2022-04-08,0
2021-07-23,3,7773,2022-04-08,0
2021-07-24,0,7773,2022-04-08,0
2021-07-25,2,7775,2022-04-08,0
2021-07-26,1,7776,2022-04-08,0
2021-07-27,2,7778,2022-04-08,0
2021-07-28,3,7781,2022-04-08,0
2021-07-29,2,7783,2022-04-08,0
2021-07-30,5,7788,2022-04-08,0
2021-07-31,4,7792,2022-04-08,0
2021-08-01,1,7793,2022-04-08,0
2021-08-02,3,7796,2022-04-08,0
2021-08-03,2,7798,2022-04-08,0
2021-08-04,3,7801,2022-04-08,0
2021-08-05,2,7803,2022-04-08,0
2021-08-06,8,7811,2022-04-08,0
2021-08-07,3,7814,2022-04-08,0
2021-08-08,3,7817,2022-04-08,0
2021-08-09,3,7820,2022-04-08,0
2021-08-10,2,7822,2022-04-08,0
2021-08-11,2,7824,2022-04-08,0
2021-08-12,7,7831,2022-04-08,0
2021-08-13,5,7836,2022-04-08,0
2021-08-14,6,7842,2022-04-08,0
2021-08-15,0,7842,2022-04-08,0
2021-08-16,7,7849,2022-04-08,0
2021-08-17,7,7856,2022-04-08,0
2021-08-18,9,7865,2022-04-08,0
2021-08-19,2,7867,2022-04-08,0
2021-08-20,3,7870,2022-04-08,0
2021-08-21,5,7875,2022-04-08,0
2021-08-22,7,7882,2022-04-08,0
2021-08-23,5,7887,2022-04-08,0
2021-08-24,12,7899,2022-04-08,0
2021-08-25,7,7906,2022-04-08,0
2021-08-26,2,7908,2022-04-08,0
2021-08-27,6,7914,2022-04-08,0
2021-08-28,11,7925,2022-04-08,0
2021-08-29,11,7936,2022-04-08,0
2021-08-30,8,7944,2022-04-08,0
2021-08-31,8,7952,2022-04-08,0
2021-09-01,6,7958,2022-04-08,0
2021-09-02,6,7964,2022-04-08,0
2021-09-03,9,7973,2022-04-08,0
2021-09-04,9,7982,2022-04-08,0
2021-09-05,10,7992,2022-04-08,0
2021-09-06,8,8000,2022-04-08,0
2021-09-07,7,8007,2022-04-08,0
2021-09-08,11,8018,2022-04-08,0
2021-09-09,5,8023,2022-04-08,0
2021-09-10,9,8032,2022-04-08,0
2021-09-11,17,8049,2022-04-08,0
2021-09-12,10,8059,2022-04-08,0
2021-09-13,8,8067,2022-04-08,0
2021-09-14,11,8078,2022-04-08,0
2021-09-15,14,8092,2022-04-08,0
2021-09-16,16,8108,2022-04-08,0
2021-09-17,8,8116,2022-04-08,0
2021-09-18,15,8131,2022-04-08,0
2021-09-19,11,8142,2022-04-08,0
2021-09-20,16,8158,2022-04-08,0
2021-09-21,16,8174,2022-04-08,0
2021-09-22,17,8191,2022-04-08,0
2021-09-23,13,8204,2022-04-08,0
2021-09-24,13,8217,2022-04-08,0
2021-09-25,16,8233,2022-04-08,0
2021-09-26,15,8248,2022-04-08,0
2021-09-27,15,8263,2022-04-08,0
2021-09-28,11,8274,2022-04-08,0
2021-09-29,21,8295,2022-04-08,0
2021-09-30,17,8312,2022-04-08,0
2021-10-01,13,8325,2022-04-08,0
2021-10-02,15,8340,2022-04-08,0
2021-10-03,23,8363,2022-04-08,0
2021-10-04,15,8378,2022-04-08,0
2021-10-05,23,8401,2022-04-08,0
2021-10-06,21,8422,2022-04-08,0
2021-10-07,14,8436,2022-04-08,0
2021-10-08,22,8458,2022-04-08,0
2021-10-09,20,8478,2022-04-08,0
2021-10-10,14,8492,2022-04-08,0
2021-10-11,11,8503,2022-04-08,0
2021-10-12,25,8528,2022-04-08,0
2021-10-13,21,8549,2022-04-08,0
2021-10-14,22,8571,2022-04-08,0
2021-10-15,14,8585,2022-04-08,0
2021-10-16,20,8605,2022-04-08,0
2021-10-17,18,8623,2022-04-08,0
2021-10-18,17,8640,2022-04-08,0
2021-10-19,26,8666,2022-04-08,0
2021-10-20,17,8683,2022-04-08,0
2021-10-21,8,8691,2022-04-08,0
2021-10-22,23,8714,2022-04-08,0
2021-10-23,24,8738,2022-04-08,0
2021-10-24,25,8763,2022-04-08,0
2021-10-25,20,8783,2022-04-08,0
2021-10-26,22,8805,2022-04-08,0
2021-10-27,16,8821,2022-04-08,0
2021-10-28,24,8845,2022-04-08,0
2021-10-29,20,8865,2022-04-08,0
2021-10-30,20,8885,2022-04-08,0
2021-10-31,27,8912,2022-04-08,0
2021-11-01,18,8930,2022-04-08,0
2021-11-02,18,8948,2022-04-08,0
2021-11-03,28,8976,2022-04-08,0
2021-11-04,29,9005,2022-04-08,0
2021-11-05,29,9034,2022-04-08,0
2021-11-06,16,9050,2022-04-08,0
2021-11-07,24,9074,2022-04-08,0
2021-11-08,28,9102,2022-04-08,0
2021-11-09,17,9119,2022-04-08,0
2021-11-10,18,9137,2022-04-08,0
2021-11-11,28,9165,2022-04-08,0
2021-11-12,29,9194,2022-04-08,0
2021-11-13,31,9225,2022-04-08,0
2021-11-14,24,9249,2022-04-08,0
2021-11-15,28,9277,2022-04-08,0
2021-11-16,25,9302,2022-04-08,0
2021-11-17,37,9339,2022-04-08,0
2021-11-18,38,9377,2022-04-08,0
2021-11-19,34,9411,2022-04-08,0
2021-11-20,30,9441,2022-04-08,0
2021-11-21,32,9473,2022-04-08,0
2021-11-22,30,9503,2022-04-08,0
2021-11-23,32,9535,2022-04-08,0
2021-11-24,25,9560,2022-04-08,0
2021-11-25,35,9595,2022-04-08,0
2021-11-26,51,9646,2022-04-08,0
2021-11-27,36,9682,2022-04-08,0
2021-11-28,39,9721,2022-04-08,0
2021-11-29,29,9750,2022-04-08,0
2021-11-30,30,9780,2022-04-08,0
2021-12-01,47,9827,2022-04-08,0
2021-12-02,40,9867,2022-04-08,0
2021-12-03,31,9898,2022-04-08,0
2021-12-04,42,9940,2022-04-08,0
2021-12-05,36,9976,2022-04-08,0
2021-12-06,36,10012,2022-04-08,0
2021-12-07,36,10048,2022-04-08,0
2021-12-08,39,10087,2022-04-08,0
2021-12-09,47,10134,2022-04-08,0
2021-12-10,34,10168,2022-04-08,0
2021-12-11,27,10195,2022-04-08,0
2021-12-12,37,10232,2022-04-08,0
2021-12-13,34,10266,2022-04-08,0
2021-12-14,35,10301,2022-04-08,0
2021-12-15,42,10343,2022-04-08,0
2021-12-16,33,10376,2022-04-08,0
2021-12-17,41,10417,2022-04-08,0
2021-12-18,33,10450,2022-04-08,0
2021-12-19,31,10481,2022-04-08,0
2021-12-20,33,10514,2022-04-08,0
2021-12-21,28,10542,2022-04-08,0
2021-12-22,29,10571,2022-04-08,0
2021-12-23,28,10599,2022-04-08,0
2021-12-24,30,10629,2022-04-08,0
2021-12-25,28,10657,2022-04-08,0
2021-12-26,42,10699,2022-04-08,0
2021-12-27,32,10731,2022-04-08,0
2021-12-28,35,10766,2022-04-08,0
2021-12-29,31,10797,2022-04-08,0
2021-12-30,21,10818,2022-04-08,0
2021-12-31,40,10858,2022-04-08,0
2022-01-01,27,10885,2022-04-08,0
2022-01-02,22,10907,2022-04-08,0
2022-01-03,23,10930,2022-04-08,0
2022-01-04,30,10960,2022-04-08,0
2022-01-05,32,10992,2022-04-08,0
2022-01-06,32,11024,2022-04-08,0
2022-01-07,28,11052,2022-04-08,0
2022-01-08,43,11095,2022-04-08,0
2022-01-09,19,11114,2022-04-08,0
2022-01-10,31,11145,2022-04-08,0
2022-01-11,20,11165,2022-04-08,0
2022-01-12,21,11186,2022-04-08,0
2022-01-13,28,11214,2022-04-08,0
2022-01-14,33,11247,2022-04-08,0
2022-01-15,27,11274,2022-04-08,0
2022-01-16,34,11308,2022-04-08,0
2022-01-17,36,11344,2022-04-08,0
2022-01-18,26,11370,2022-04-08,0
2022-01-19,29,11399,2022-04-08,0
2022-01-20,31,11430,2022-04-08,0
2022-01-21,27,11457,2022-04-08,0
2022-01-22,29,11486,2022-04-08,0
2022-01-23,24,11510,2022-04-08,0
2022-01-24,38,11548,2022-04-08,0
2022-01-25,33,11581,2022-04-08,0
2022-01-26,35,11616,2022-04-08,0
2022-01-27,37,11653,2022-04-08,0
2022-01-28,31,11684,2022-04-08,0
2022-01-29,31,11715,2022-04-08,0
2022-01-30,27,11742,2022-04-08,0
2022-01-31,18,11760,2022-04-08,0
2022-02-01,25,11785,2022-04-08,0
2022-02-02,23,11808,2022-04-08,0
2022-02-03,30,11838,2022-04-08,0
2022-02-04,22,11860,2022-04-08,0
2022-02-05,28,11888,2022-04-08,0
2022-02-06,28,11916,2022-04-08,0
2022-02-07,20,11936,2022-04-08,0
2022-02-08,27,11963,2022-04-08,0
2022-02-09,25,11988,2022-04-08,0
2022-02-10,22,12010,2022-04-08,0
2022-02-11,19,12029,2022-04-08,0
2022-02-12,16,12045,2022-04-08,0
2022-02-13,19,12064,2022-04-08,0
2022-02-14,17,12081,2022-04-08,0
2022-02-15,21,12102,2022-04-08,0
2022-02-16,14,12116,2022-04-08,0
2022-02-17,16,12132,2022-04-08,0
2022-02-18,16,12148,2022-04-08,0
2022-02-19,21,12169,2022-04-08,0
2022-02-20,15,12184,2022-04-08,0
2022-02-21,6,12190,2022-04-08,0
2022-02-22,14,12204,2022-04-08,0
2022-02-23,9,12213,2022-04-08,0
2022-02-24,27,12240,2022-04-08,0
2022-02-25,9,12249,2022-04-08,0
2022-02-26,10,12259,2022-04-08,0
2022-02-27,11,12270,2022-04-08,0
2022-02-28,7,12277,2022-04-08,0
2022-03-01,7,12284,2022-04-08,0
2022-03-02,9,12293,2022-04-08,0
2022-03-03,6,12299,2022-04-08,0
2022-03-04,11,12310,2022-04-08,0
2022-03-05,6,12316,2022-04-08,0
2022-03-06,10,12326,2022-04-08,0
2022-03-07,4,12330,2022-04-08,0
2022-03-08,5,12335,2022-04-08,0
2022-03-09,11,12346,2022-04-08,0
2022-03-10,9,12355,2022-04-08,0
2022-03-11,8,12363,2022-04-08,0
2022-03-12,0,12363,2022-04-08,0
2022-03-13,4,12367,2022-04-08,0
2022-03-14,4,12371,2022-04-08,0
2022-03-15,3,12374,2022-04-08,0
2022-03-16,0,12374,2022-04-08,0
2022-03-17,7,12381,2022-04-08,0
2022-03-18,2,12383,2022-04-08,0
2022-03-19,3,12386,2022-04-08,0
2022-03-20,9,12395,2022-04-08,0
2022-03-21,2,12397,2022-04-08,0
2022-03-22,3,12400,2022-04-08,0
2022-03-23,6,12406,2022-04-08,0
2022-03-24,4,12410,2022-04-08,0
2022-03-25,6,12416,2022-04-08,0
2022-03-26,2,12418,2022-04-08,0
2022-03-27,2,12420,2022-04-08,0
2022-03-28,4,12424,2022-04-08,1
2022-03-29,2,12426,2022-04-08,1
2022-03-30,2,12428,2022-04-08,0
2022-03-31,5,12433,2022-04-08,0
2022-04-01,2,12435,2022-04-08,0
2022-04-02,2,12437,2022-04-08,2
2022-04-03,1,12438,2022-04-08,0
2022-04-04,0,12438,2022-04-08,0
2022-04-05,2,12440,2022-04-08,2
NA,0,12440,2022-04-08,0
2020-03-19,1,1,2022-04-11,0
2020-03-20,0,1,2022-04-11,0
2020-03-21,0,1,2022-04-11,0
2020-03-22,0,1,2022-04-11,0
2020-03-23,0,1,2022-04-11,0
2020-03-24,1,2,2022-04-11,0
2020-03-25,1,3,2022-04-11,0
2020-03-26,1,4,2022-04-11,0
2020-03-27,5,9,2022-04-11,0
2020-03-28,3,12,2022-04-11,0
2020-03-29,0,12,2022-04-11,0
2020-03-30,5,17,2022-04-11,0
2020-03-31,2,19,2022-04-11,0
2020-04-01,5,24,2022-04-11,0
2020-04-02,3,27,2022-04-11,0
2020-04-03,1,28,2022-04-11,0
2020-04-04,5,33,2022-04-11,0
2020-04-05,5,38,2022-04-11,0
2020-04-06,10,48,2022-04-11,0
2020-04-07,6,54,2022-04-11,0
2020-04-08,7,61,2022-04-11,0
2020-04-09,8,69,2022-04-11,0
2020-04-10,6,75,2022-04-11,0
2020-04-11,4,79,2022-04-11,0
2020-04-12,4,83,2022-04-11,0
2020-04-13,10,93,2022-04-11,0
2020-04-14,6,99,2022-04-11,0
2020-04-15,17,116,2022-04-11,0
2020-04-16,10,126,2022-04-11,0
2020-04-17,17,143,2022-04-11,0
2020-04-18,17,160,2022-04-11,0
2020-04-19,16,176,2022-04-11,0
2020-04-20,21,197,2022-04-11,0
2020-04-21,26,223,2022-04-11,0
2020-04-22,21,244,2022-04-11,0
2020-04-23,19,263,2022-04-11,0
2020-04-24,23,286,2022-04-11,0
2020-04-25,18,304,2022-04-11,0
2020-04-26,17,321,2022-04-11,0
2020-04-27,21,342,2022-04-11,0
2020-04-28,16,358,2022-04-11,0
2020-04-29,29,387,2022-04-11,0
2020-04-30,18,405,2022-04-11,0
2020-05-01,30,435,2022-04-11,0
2020-05-02,19,454,2022-04-11,0
2020-05-03,29,483,2022-04-11,0
2020-05-04,23,506,2022-04-11,0
2020-05-05,19,525,2022-04-11,0
2020-05-06,25,550,2022-04-11,0
2020-05-07,30,580,2022-04-11,0
2020-05-08,20,600,2022-04-11,0
2020-05-09,26,626,2022-04-11,0
2020-05-10,19,645,2022-04-11,0
2020-05-11,25,670,2022-04-11,0
2020-05-12,20,690,2022-04-11,0
2020-05-13,22,712,2022-04-11,0
2020-05-14,20,732,2022-04-11,0
2020-05-15,20,752,2022-04-11,0
2020-05-16,20,772,2022-04-11,0
2020-05-17,23,795,2022-04-11,0
2020-05-18,18,813,2022-04-11,0
2020-05-19,35,848,2022-04-11,0
2020-05-20,24,872,2022-04-11,0
2020-05-21,17,889,2022-04-11,0
2020-05-22,20,909,2022-04-11,0
2020-05-23,26,935,2022-04-11,0
2020-05-24,25,960,2022-04-11,0
2020-05-25,30,990,2022-04-11,0
2020-05-26,29,1019,2022-04-11,0
2020-05-27,25,1044,2022-04-11,0
2020-05-28,21,1065,2022-04-11,0
2020-05-29,17,1082,2022-04-11,0
2020-05-30,11,1093,2022-04-11,0
2020-05-31,20,1113,2022-04-11,0
2020-06-01,23,1136,2022-04-11,0
2020-06-02,21,1157,2022-04-11,0
2020-06-03,25,1182,2022-04-11,0
2020-06-04,26,1208,2022-04-11,0
2020-06-05,18,1226,2022-04-11,0
2020-06-06,12,1238,2022-04-11,0
2020-06-07,22,1260,2022-04-11,0
2020-06-08,12,1272,2022-04-11,0
2020-06-09,13,1285,2022-04-11,0
2020-06-10,10,1295,2022-04-11,0
2020-06-11,12,1307,2022-04-11,0
2020-06-12,11,1318,2022-04-11,0
2020-06-13,13,1331,2022-04-11,0
2020-06-14,11,1342,2022-04-11,0
2020-06-15,8,1350,2022-04-11,0
2020-06-16,9,1359,2022-04-11,0
2020-06-17,17,1376,2022-04-11,0
2020-06-18,9,1385,2022-04-11,0
2020-06-19,8,1393,2022-04-11,0
2020-06-20,12,1405,2022-04-11,0
2020-06-21,11,1416,2022-04-11,0
2020-06-22,6,1422,2022-04-11,0
2020-06-23,10,1432,2022-04-11,0
2020-06-24,1,1433,2022-04-11,0
2020-06-25,9,1442,2022-04-11,0
2020-06-26,6,1448,2022-04-11,0
2020-06-27,5,1453,2022-04-11,0
2020-06-28,11,1464,2022-04-11,0
2020-06-29,7,1471,2022-04-11,0
2020-06-30,9,1480,2022-04-11,0
2020-07-01,2,1482,2022-04-11,0
2020-07-02,3,1485,2022-04-11,0
2020-07-03,5,1490,2022-04-11,0
2020-07-04,4,1494,2022-04-11,0
2020-07-05,6,1500,2022-04-11,0
2020-07-06,4,1504,2022-04-11,0
2020-07-07,2,1506,2022-04-11,0
2020-07-08,9,1515,2022-04-11,0
2020-07-09,4,1519,2022-04-11,0
2020-07-10,3,1522,2022-04-11,0
2020-07-11,4,1526,2022-04-11,0
2020-07-12,6,1532,2022-04-11,0
2020-07-13,2,1534,2022-04-11,0
2020-07-14,6,1540,2022-04-11,0
2020-07-15,7,1547,2022-04-11,0
2020-07-16,3,1550,2022-04-11,0
2020-07-17,7,1557,2022-04-11,0
2020-07-18,6,1563,2022-04-11,0
2020-07-19,5,1568,2022-04-11,0
2020-07-20,3,1571,2022-04-11,0
2020-07-21,6,1577,2022-04-11,0
2020-07-22,5,1582,2022-04-11,0
2020-07-23,8,1590,2022-04-11,0
2020-07-24,6,1596,2022-04-11,0
2020-07-25,2,1598,2022-04-11,0
2020-07-26,5,1603,2022-04-11,0
2020-07-27,5,1608,2022-04-11,0
2020-07-28,7,1615,2022-04-11,0
2020-07-29,3,1618,2022-04-11,0
2020-07-30,6,1624,2022-04-11,0
2020-07-31,9,1633,2022-04-11,0
2020-08-01,4,1637,2022-04-11,0
2020-08-02,7,1644,2022-04-11,0
2020-08-03,4,1648,2022-04-11,0
2020-08-04,7,1655,2022-04-11,0
2020-08-05,8,1663,2022-04-11,0
2020-08-06,9,1672,2022-04-11,0
2020-08-07,7,1679,2022-04-11,0
2020-08-08,6,1685,2022-04-11,0
2020-08-09,10,1695,2022-04-11,0
2020-08-10,3,1698,2022-04-11,0
2020-08-11,9,1707,2022-04-11,0
2020-08-12,7,1714,2022-04-11,0
2020-08-13,5,1719,2022-04-11,0
2020-08-14,9,1728,2022-04-11,0
2020-08-15,13,1741,2022-04-11,0
2020-08-16,13,1754,2022-04-11,0
2020-08-17,6,1760,2022-04-11,0
2020-08-18,11,1771,2022-04-11,0
2020-08-19,3,1774,2022-04-11,0
2020-08-20,10,1784,2022-04-11,0
2020-08-21,12,1796,2022-04-11,0
2020-08-22,9,1805,2022-04-11,0
2020-08-23,7,1812,2022-04-11,0
2020-08-24,9,1821,2022-04-11,0
2020-08-25,4,1825,2022-04-11,0
2020-08-26,3,1828,2022-04-11,0
2020-08-27,7,1835,2022-04-11,0
2020-08-28,6,1841,2022-04-11,0
2020-08-29,3,1844,2022-04-11,0
2020-08-30,5,1849,2022-04-11,0
2020-08-31,9,1858,2022-04-11,0
2020-09-01,2,1860,2022-04-11,0
2020-09-02,7,1867,2022-04-11,0
2020-09-03,12,1879,2022-04-11,0
2020-09-04,4,1883,2022-04-11,0
2020-09-05,6,1889,2022-04-11,0
2020-09-06,12,1901,2022-04-11,0
2020-09-07,3,1904,2022-04-11,0
2020-09-08,6,1910,2022-04-11,0
2020-09-09,10,1920,2022-04-11,0
2020-09-10,9,1929,2022-04-11,0
2020-09-11,11,1940,2022-04-11,0
2020-09-12,8,1948,2022-04-11,0
2020-09-13,8,1956,2022-04-11,0
2020-09-14,2,1958,2022-04-11,0
2020-09-15,7,1965,2022-04-11,0
2020-09-16,9,1974,2022-04-11,0
2020-09-17,5,1979,2022-04-11,0
2020-09-18,6,1985,2022-04-11,0
2020-09-19,4,1989,2022-04-11,0
2020-09-20,9,1998,2022-04-11,0
2020-09-21,7,2005,2022-04-11,0
2020-09-22,8,2013,2022-04-11,0
2020-09-23,9,2022,2022-04-11,0
2020-09-24,8,2030,2022-04-11,0
2020-09-25,11,2041,2022-04-11,0
2020-09-26,9,2050,2022-04-11,0
2020-09-27,14,2064,2022-04-11,0
2020-09-28,11,2075,2022-04-11,0
2020-09-29,5,2080,2022-04-11,0
2020-09-30,16,2096,2022-04-11,0
2020-10-01,7,2103,2022-04-11,0
2020-10-02,13,2116,2022-04-11,0
2020-10-03,9,2125,2022-04-11,0
2020-10-04,7,2132,2022-04-11,0
2020-10-05,10,2142,2022-04-11,0
2020-10-06,13,2155,2022-04-11,0
2020-10-07,19,2174,2022-04-11,0
2020-10-08,9,2183,2022-04-11,0
2020-10-09,17,2200,2022-04-11,0
2020-10-10,16,2216,2022-04-11,0
2020-10-11,16,2232,2022-04-11,0
2020-10-12,20,2252,2022-04-11,0
2020-10-13,14,2266,2022-04-11,0
2020-10-14,10,2276,2022-04-11,0
2020-10-15,9,2285,2022-04-11,0
2020-10-16,12,2297,2022-04-11,0
2020-10-17,18,2315,2022-04-11,0
2020-10-18,25,2340,2022-04-11,0
2020-10-19,18,2358,2022-04-11,0
2020-10-20,15,2373,2022-04-11,0
2020-10-21,24,2397,2022-04-11,0
2020-10-22,18,2415,2022-04-11,0
2020-10-23,19,2434,2022-04-11,0
2020-10-24,8,2442,2022-04-11,0
2020-10-25,17,2459,2022-04-11,0
2020-10-26,25,2484,2022-04-11,0
2020-10-27,23,2507,2022-04-11,0
2020-10-28,29,2536,2022-04-11,0
2020-10-29,18,2554,2022-04-11,0
2020-10-30,27,2581,2022-04-11,0
2020-10-31,25,2606,2022-04-11,0
2020-11-01,21,2627,2022-04-11,0
2020-11-02,25,2652,2022-04-11,0
2020-11-03,25,2677,2022-04-11,0
2020-11-04,33,2710,2022-04-11,0
2020-11-05,38,2748,2022-04-11,0
2020-11-06,39,2787,2022-04-11,0
2020-11-07,42,2829,2022-04-11,0
2020-11-08,47,2876,2022-04-11,0
2020-11-09,37,2913,2022-04-11,0
2020-11-10,35,2948,2022-04-11,0
2020-11-11,43,2991,2022-04-11,0
2020-11-12,45,3036,2022-04-11,0
2020-11-13,40,3076,2022-04-11,0
2020-11-14,48,3124,2022-04-11,0
2020-11-15,46,3170,2022-04-11,0
2020-11-16,62,3232,2022-04-11,0
2020-11-17,56,3288,2022-04-11,0
2020-11-18,61,3349,2022-04-11,0
2020-11-19,60,3409,2022-04-11,0
2020-11-20,63,3472,2022-04-11,0
2020-11-21,58,3530,2022-04-11,0
2020-11-22,67,3597,2022-04-11,0
2020-11-23,59,3656,2022-04-11,0
2020-11-24,69,3725,2022-04-11,0
2020-11-25,72,3797,2022-04-11,0
2020-11-26,54,3851,2022-04-11,0
2020-11-27,69,3920,2022-04-11,0
2020-11-28,62,3982,2022-04-11,0
2020-11-29,68,4050,2022-04-11,0
2020-11-30,62,4112,2022-04-11,0
2020-12-01,64,4176,2022-04-11,0
2020-12-02,73,4249,2022-04-11,0
2020-12-03,86,4335,2022-04-11,0
2020-12-04,67,4402,2022-04-11,0
2020-12-05,74,4476,2022-04-11,0
2020-12-06,80,4556,2022-04-11,0
2020-12-07,75,4631,2022-04-11,0
2020-12-08,61,4692,2022-04-11,0
2020-12-09,71,4763,2022-04-11,0
2020-12-10,72,4835,2022-04-11,0
2020-12-11,71,4906,2022-04-11,0
2020-12-12,72,4978,2022-04-11,0
2020-12-13,56,5034,2022-04-11,0
2020-12-14,43,5077,2022-04-11,0
2020-12-15,65,5142,2022-04-11,0
2020-12-16,74,5216,2022-04-11,0
2020-12-17,60,5276,2022-04-11,0
2020-12-18,59,5335,2022-04-11,0
2020-12-19,56,5391,2022-04-11,0
2020-12-20,61,5452,2022-04-11,0
2020-12-21,58,5510,2022-04-11,0
2020-12-22,33,5543,2022-04-11,0
2020-12-23,46,5589,2022-04-11,0
2020-12-24,51,5640,2022-04-11,0
2020-12-25,36,5676,2022-04-11,0
2020-12-26,43,5719,2022-04-11,0
2020-12-27,41,5760,2022-04-11,0
2020-12-28,34,5794,2022-04-11,0
2020-12-29,37,5831,2022-04-11,0
2020-12-30,47,5878,2022-04-11,0
2020-12-31,36,5914,2022-04-11,0
2021-01-01,28,5942,2022-04-11,0
2021-01-02,49,5991,2022-04-11,0
2021-01-03,37,6028,2022-04-11,0
2021-01-04,32,6060,2022-04-11,0
2021-01-05,40,6100,2022-04-11,0
2021-01-06,32,6132,2022-04-11,0
2021-01-07,38,6170,2022-04-11,0
2021-01-08,32,6202,2022-04-11,0
2021-01-09,26,6228,2022-04-11,0
2021-01-10,30,6258,2022-04-11,0
2021-01-11,27,6285,2022-04-11,0
2021-01-12,32,6317,2022-04-11,0
2021-01-13,23,6340,2022-04-11,0
2021-01-14,42,6382,2022-04-11,0
2021-01-15,26,6408,2022-04-11,0
2021-01-16,30,6438,2022-04-11,0
2021-01-17,21,6459,2022-04-11,0
2021-01-18,19,6478,2022-04-11,0
2021-01-19,14,6492,2022-04-11,0
2021-01-20,26,6518,2022-04-11,0
2021-01-21,16,6534,2022-04-11,0
2021-01-22,14,6548,2022-04-11,0
2021-01-23,17,6565,2022-04-11,0
2021-01-24,24,6589,2022-04-11,0
2021-01-25,19,6608,2022-04-11,0
2021-01-26,21,6629,2022-04-11,0
2021-01-27,11,6640,2022-04-11,0
2021-01-28,12,6652,2022-04-11,0
2021-01-29,15,6667,2022-04-11,0
2021-01-30,13,6680,2022-04-11,0
2021-01-31,17,6697,2022-04-11,0
2021-02-01,17,6714,2022-04-11,0
2021-02-02,10,6724,2022-04-11,0
2021-02-03,11,6735,2022-04-11,0
2021-02-04,11,6746,2022-04-11,0
2021-02-05,13,6759,2022-04-11,0
2021-02-06,12,6771,2022-04-11,0
2021-02-07,19,6790,2022-04-11,0
2021-02-08,11,6801,2022-04-11,0
2021-02-09,15,6816,2022-04-11,0
2021-02-10,14,6830,2022-04-11,0
2021-02-11,7,6837,2022-04-11,0
2021-02-12,14,6851,2022-04-11,0
2021-02-13,8,6859,2022-04-11,0
2021-02-14,10,6869,2022-04-11,0
2021-02-15,9,6878,2022-04-11,0
2021-02-16,12,6890,2022-04-11,0
2021-02-17,10,6900,2022-04-11,0
2021-02-18,7,6907,2022-04-11,0
2021-02-19,6,6913,2022-04-11,0
2021-02-20,7,6920,2022-04-11,0
2021-02-21,4,6924,2022-04-11,0
2021-02-22,5,6929,2022-04-11,0
2021-02-23,9,6938,2022-04-11,0
2021-02-24,5,6943,2022-04-11,0
2021-02-25,5,6948,2022-04-11,0
2021-02-26,7,6955,2022-04-11,0
2021-02-27,6,6961,2022-04-11,0
2021-02-28,8,6969,2022-04-11,0
2021-03-01,7,6976,2022-04-11,0
2021-03-02,3,6979,2022-04-11,0
2021-03-03,10,6989,2022-04-11,0
2021-03-04,6,6995,2022-04-11,0
2021-03-05,10,7005,2022-04-11,0
2021-03-06,5,7010,2022-04-11,0
2021-03-07,9,7019,2022-04-11,0
2021-03-08,5,7024,2022-04-11,0
2021-03-09,7,7031,2022-04-11,0
2021-03-10,5,7036,2022-04-11,0
2021-03-11,4,7040,2022-04-11,0
2021-03-12,11,7051,2022-04-11,0
2021-03-13,5,7056,2022-04-11,0
2021-03-14,5,7061,2022-04-11,0
2021-03-15,2,7063,2022-04-11,0
2021-03-16,6,7069,2022-04-11,0
2021-03-17,4,7073,2022-04-11,0
2021-03-18,5,7078,2022-04-11,0
2021-03-19,5,7083,2022-04-11,0
2021-03-20,9,7092,2022-04-11,0
2021-03-21,5,7097,2022-04-11,0
2021-03-22,4,7101,2022-04-11,0
2021-03-23,5,7106,2022-04-11,0
2021-03-24,1,7107,2022-04-11,0
2021-03-25,5,7112,2022-04-11,0
2021-03-26,3,7115,2022-04-11,0
2021-03-27,7,7122,2022-04-11,0
2021-03-28,6,7128,2022-04-11,0
2021-03-29,5,7133,2022-04-11,0
2021-03-30,6,7139,2022-04-11,0
2021-03-31,8,7147,2022-04-11,0
2021-04-01,6,7153,2022-04-11,0
2021-04-02,9,7162,2022-04-11,0
2021-04-03,8,7170,2022-04-11,0
2021-04-04,6,7176,2022-04-11,0
2021-04-05,8,7184,2022-04-11,0
2021-04-06,7,7191,2022-04-11,0
2021-04-07,6,7197,2022-04-11,0
2021-04-08,10,7207,2022-04-11,0
2021-04-09,7,7214,2022-04-11,0
2021-04-10,7,7221,2022-04-11,0
2021-04-11,8,7229,2022-04-11,0
2021-04-12,10,7239,2022-04-11,0
2021-04-13,7,7246,2022-04-11,0
2021-04-14,8,7254,2022-04-11,0
2021-04-15,14,7268,2022-04-11,0
2021-04-16,8,7276,2022-04-11,0
2021-04-17,8,7284,2022-04-11,0
2021-04-18,8,7292,2022-04-11,0
2021-04-19,10,7302,2022-04-11,0
2021-04-20,5,7307,2022-04-11,0
2021-04-21,8,7315,2022-04-11,0
2021-04-22,3,7318,2022-04-11,0
2021-04-23,15,7333,2022-04-11,0
2021-04-24,11,7344,2022-04-11,0
2021-04-25,15,7359,2022-04-11,0
2021-04-26,15,7374,2022-04-11,0
2021-04-27,7,7381,2022-04-11,0
2021-04-28,14,7395,2022-04-11,0
2021-04-29,8,7403,2022-04-11,0
2021-04-30,11,7414,2022-04-11,0
2021-05-01,7,7421,2022-04-11,0
2021-05-02,8,7429,2022-04-11,0
2021-05-03,5,7434,2022-04-11,0
2021-05-04,13,7447,2022-04-11,0
2021-05-05,9,7456,2022-04-11,0
2021-05-06,5,7461,2022-04-11,0
2021-05-07,8,7469,2022-04-11,0
2021-05-08,7,7476,2022-04-11,0
2021-05-09,9,7485,2022-04-11,0
2021-05-10,8,7493,2022-04-11,0
2021-05-11,6,7499,2022-04-11,0
2021-05-12,9,7508,2022-04-11,0
2021-05-13,9,7517,2022-04-11,0
2021-05-14,11,7528,2022-04-11,0
2021-05-15,10,7538,2022-04-11,0
2021-05-16,6,7544,2022-04-11,0
2021-05-17,6,7550,2022-04-11,0
2021-05-18,7,7557,2022-04-11,0
2021-05-19,2,7559,2022-04-11,0
2021-05-20,5,7564,2022-04-11,0
2021-05-21,7,7571,2022-04-11,0
2021-05-22,12,7583,2022-04-11,0
2021-05-23,5,7588,2022-04-11,0
2021-05-24,5,7593,2022-04-11,0
2021-05-25,6,7599,2022-04-11,0
2021-05-26,3,7602,2022-04-11,0
2021-05-27,7,7609,2022-04-11,0
2021-05-28,2,7611,2022-04-11,0
2021-05-29,6,7617,2022-04-11,0
2021-05-30,4,7621,2022-04-11,0
2021-05-31,3,7624,2022-04-11,0
2021-06-01,5,7629,2022-04-11,0
2021-06-02,8,7637,2022-04-11,0
2021-06-03,4,7641,2022-04-11,0
2021-06-04,4,7645,2022-04-11,0
2021-06-05,2,7647,2022-04-11,0
2021-06-06,5,7652,2022-04-11,0
2021-06-07,3,7655,2022-04-11,0
2021-06-08,5,7660,2022-04-11,0
2021-06-09,4,7664,2022-04-11,0
2021-06-10,6,7670,2022-04-11,0
2021-06-11,6,7676,2022-04-11,0
2021-06-12,4,7680,2022-04-11,0
2021-06-13,4,7684,2022-04-11,0
2021-06-14,3,7687,2022-04-11,0
2021-06-15,2,7689,2022-04-11,0
2021-06-16,2,7691,2022-04-11,0
2021-06-17,4,7695,2022-04-11,0
2021-06-18,2,7697,2022-04-11,0
2021-06-19,6,7703,2022-04-11,0
2021-06-20,1,7704,2022-04-11,0
2021-06-21,5,7709,2022-04-11,0
2021-06-22,3,7712,2022-04-11,0
2021-06-23,4,7716,2022-04-11,0
2021-06-24,3,7719,2022-04-11,0
2021-06-25,3,7722,2022-04-11,0
2021-06-26,4,7726,2022-04-11,0
2021-06-27,2,7728,2022-04-11,0
2021-06-28,2,7730,2022-04-11,0
2021-06-29,2,7732,2022-04-11,0
2021-06-30,2,7734,2022-04-11,0
2021-07-01,0,7734,2022-04-11,0
2021-07-02,2,7736,2022-04-11,0
2021-07-03,2,7738,2022-04-11,0
2021-07-04,3,7741,2022-04-11,0
2021-07-05,1,7742,2022-04-11,0
2021-07-06,5,7747,2022-04-11,0
2021-07-07,1,7748,2022-04-11,0
2021-07-08,1,7749,2022-04-11,0
2021-07-09,0,7749,2022-04-11,0
2021-07-10,2,7751,2022-04-11,0
2021-07-11,3,7754,2022-04-11,0
2021-07-12,1,7755,2022-04-11,0
2021-07-13,2,7757,2022-04-11,0
2021-07-14,2,7759,2022-04-11,0
2021-07-15,2,7761,2022-04-11,0
2021-07-16,1,7762,2022-04-11,0
2021-07-17,1,7763,2022-04-11,0
2021-07-18,0,7763,2022-04-11,0
2021-07-19,0,7763,2022-04-11,0
2021-07-20,2,7765,2022-04-11,0
2021-07-21,3,7768,2022-04-11,0
2021-07-22,2,7770,2022-04-11,0
2021-07-23,3,7773,2022-04-11,0
2021-07-24,0,7773,2022-04-11,0
2021-07-25,2,7775,2022-04-11,0
2021-07-26,1,7776,2022-04-11,0
2021-07-27,2,7778,2022-04-11,0
2021-07-28,3,7781,2022-04-11,0
2021-07-29,2,7783,2022-04-11,0
2021-07-30,5,7788,2022-04-11,0
2021-07-31,4,7792,2022-04-11,0
2021-08-01,1,7793,2022-04-11,0
2021-08-02,3,7796,2022-04-11,0
2021-08-03,2,7798,2022-04-11,0
2021-08-04,3,7801,2022-04-11,0
2021-08-05,2,7803,2022-04-11,0
2021-08-06,8,7811,2022-04-11,0
2021-08-07,3,7814,2022-04-11,0
2021-08-08,3,7817,2022-04-11,0
2021-08-09,3,7820,2022-04-11,0
2021-08-10,2,7822,2022-04-11,0
2021-08-11,2,7824,2022-04-11,0
2021-08-12,7,7831,2022-04-11,0
2021-08-13,5,7836,2022-04-11,0
2021-08-14,6,7842,2022-04-11,0
2021-08-15,0,7842,2022-04-11,0
2021-08-16,7,7849,2022-04-11,0
2021-08-17,7,7856,2022-04-11,0
2021-08-18,9,7865,2022-04-11,0
2021-08-19,2,7867,2022-04-11,0
2021-08-20,3,7870,2022-04-11,0
2021-08-21,5,7875,2022-04-11,0
2021-08-22,7,7882,2022-04-11,0
2021-08-23,5,7887,2022-04-11,0
2021-08-24,12,7899,2022-04-11,0
2021-08-25,7,7906,2022-04-11,0
2021-08-26,2,7908,2022-04-11,0
2021-08-27,6,7914,2022-04-11,0
2021-08-28,11,7925,2022-04-11,0
2021-08-29,11,7936,2022-04-11,0
2021-08-30,8,7944,2022-04-11,0
2021-08-31,8,7952,2022-04-11,0
2021-09-01,6,7958,2022-04-11,0
2021-09-02,6,7964,2022-04-11,0
2021-09-03,9,7973,2022-04-11,0
2021-09-04,9,7982,2022-04-11,0
2021-09-05,10,7992,2022-04-11,0
2021-09-06,8,8000,2022-04-11,0
2021-09-07,7,8007,2022-04-11,0
2021-09-08,11,8018,2022-04-11,0
2021-09-09,5,8023,2022-04-11,0
2021-09-10,9,8032,2022-04-11,0
2021-09-11,17,8049,2022-04-11,0
2021-09-12,10,8059,2022-04-11,0
2021-09-13,8,8067,2022-04-11,0
2021-09-14,11,8078,2022-04-11,0
2021-09-15,14,8092,2022-04-11,0
2021-09-16,16,8108,2022-04-11,0
2021-09-17,8,8116,2022-04-11,0
2021-09-18,15,8131,2022-04-11,0
2021-09-19,11,8142,2022-04-11,0
2021-09-20,16,8158,2022-04-11,0
2021-09-21,16,8174,2022-04-11,0
2021-09-22,17,8191,2022-04-11,0
2021-09-23,13,8204,2022-04-11,0
2021-09-24,13,8217,2022-04-11,0
2021-09-25,16,8233,2022-04-11,0
2021-09-26,15,8248,2022-04-11,0
2021-09-27,15,8263,2022-04-11,0
2021-09-28,11,8274,2022-04-11,0
2021-09-29,21,8295,2022-04-11,0
2021-09-30,17,8312,2022-04-11,0
2021-10-01,13,8325,2022-04-11,0
2021-10-02,15,8340,2022-04-11,0
2021-10-03,23,8363,2022-04-11,0
2021-10-04,15,8378,2022-04-11,0
2021-10-05,23,8401,2022-04-11,0
2021-10-06,21,8422,2022-04-11,0
2021-10-07,14,8436,2022-04-11,0
2021-10-08,22,8458,2022-04-11,0
2021-10-09,20,8478,2022-04-11,0
2021-10-10,14,8492,2022-04-11,0
2021-10-11,11,8503,2022-04-11,0
2021-10-12,25,8528,2022-04-11,0
2021-10-13,21,8549,2022-04-11,0
2021-10-14,22,8571,2022-04-11,0
2021-10-15,14,8585,2022-04-11,0
2021-10-16,20,8605,2022-04-11,0
2021-10-17,18,8623,2022-04-11,0
2021-10-18,17,8640,2022-04-11,0
2021-10-19,26,8666,2022-04-11,0
2021-10-20,17,8683,2022-04-11,0
2021-10-21,8,8691,2022-04-11,0
2021-10-22,23,8714,2022-04-11,0
2021-10-23,24,8738,2022-04-11,0
2021-10-24,25,8763,2022-04-11,0
2021-10-25,20,8783,2022-04-11,0
2021-10-26,22,8805,2022-04-11,0
2021-10-27,16,8821,2022-04-11,0
2021-10-28,24,8845,2022-04-11,0
2021-10-29,20,8865,2022-04-11,0
2021-10-30,20,8885,2022-04-11,0
2021-10-31,27,8912,2022-04-11,0
2021-11-01,18,8930,2022-04-11,0
2021-11-02,18,8948,2022-04-11,0
2021-11-03,28,8976,2022-04-11,0
2021-11-04,29,9005,2022-04-11,0
2021-11-05,29,9034,2022-04-11,0
2021-11-06,16,9050,2022-04-11,0
2021-11-07,24,9074,2022-04-11,0
2021-11-08,28,9102,2022-04-11,0
2021-11-09,17,9119,2022-04-11,0
2021-11-10,18,9137,2022-04-11,0
2021-11-11,28,9165,2022-04-11,0
2021-11-12,29,9194,2022-04-11,0
2021-11-13,31,9225,2022-04-11,0
2021-11-14,24,9249,2022-04-11,0
2021-11-15,28,9277,2022-04-11,0
2021-11-16,25,9302,2022-04-11,0
2021-11-17,37,9339,2022-04-11,0
2021-11-18,38,9377,2022-04-11,0
2021-11-19,34,9411,2022-04-11,0
2021-11-20,30,9441,2022-04-11,0
2021-11-21,32,9473,2022-04-11,0
2021-11-22,30,9503,2022-04-11,0
2021-11-23,32,9535,2022-04-11,0
2021-11-24,25,9560,2022-04-11,0
2021-11-25,35,9595,2022-04-11,0
2021-11-26,51,9646,2022-04-11,0
2021-11-27,36,9682,2022-04-11,0
2021-11-28,39,9721,2022-04-11,0
2021-11-29,29,9750,2022-04-11,0
2021-11-30,30,9780,2022-04-11,0
2021-12-01,47,9827,2022-04-11,0
2021-12-02,40,9867,2022-04-11,0
2021-12-03,31,9898,2022-04-11,0
2021-12-04,42,9940,2022-04-11,0
2021-12-05,36,9976,2022-04-11,0
2021-12-06,36,10012,2022-04-11,0
2021-12-07,36,10048,2022-04-11,0
2021-12-08,39,10087,2022-04-11,0
2021-12-09,47,10134,2022-04-11,0
2021-12-10,34,10168,2022-04-11,0
2021-12-11,27,10195,2022-04-11,0
2021-12-12,37,10232,2022-04-11,0
2021-12-13,34,10266,2022-04-11,0
2021-12-14,35,10301,2022-04-11,0
2021-12-15,42,10343,2022-04-11,0
2021-12-16,33,10376,2022-04-11,0
2021-12-17,41,10417,2022-04-11,0
2021-12-18,33,10450,2022-04-11,0
2021-12-19,31,10481,2022-04-11,0
2021-12-20,33,10514,2022-04-11,0
2021-12-21,28,10542,2022-04-11,0
2021-12-22,29,10571,2022-04-11,0
2021-12-23,28,10599,2022-04-11,0
2021-12-24,30,10629,2022-04-11,0
2021-12-25,28,10657,2022-04-11,0
2021-12-26,42,10699,2022-04-11,0
2021-12-27,32,10731,2022-04-11,0
2021-12-28,35,10766,2022-04-11,0
2021-12-29,31,10797,2022-04-11,0
2021-12-30,21,10818,2022-04-11,0
2021-12-31,40,10858,2022-04-11,0
2022-01-01,27,10885,2022-04-11,0
2022-01-02,22,10907,2022-04-11,0
2022-01-03,23,10930,2022-04-11,0
2022-01-04,30,10960,2022-04-11,0
2022-01-05,32,10992,2022-04-11,0
2022-01-06,32,11024,2022-04-11,0
2022-01-07,28,11052,2022-04-11,0
2022-01-08,43,11095,2022-04-11,0
2022-01-09,20,11115,2022-04-11,1
2022-01-10,31,11146,2022-04-11,0
2022-01-11,20,11166,2022-04-11,0
2022-01-12,21,11187,2022-04-11,0
2022-01-13,28,11215,2022-04-11,0
2022-01-14,33,11248,2022-04-11,0
2022-01-15,27,11275,2022-04-11,0
2022-01-16,34,11309,2022-04-11,0
2022-01-17,36,11345,2022-04-11,0
2022-01-18,26,11371,2022-04-11,0
2022-01-19,29,11400,2022-04-11,0
2022-01-20,31,11431,2022-04-11,0
2022-01-21,27,11458,2022-04-11,0
2022-01-22,29,11487,2022-04-11,0
2022-01-23,24,11511,2022-04-11,0
2022-01-24,38,11549,2022-04-11,0
2022-01-25,33,11582,2022-04-11,0
2022-01-26,35,11617,2022-04-11,0
2022-01-27,37,11654,2022-04-11,0
2022-01-28,31,11685,2022-04-11,0
2022-01-29,31,11716,2022-04-11,0
2022-01-30,27,11743,2022-04-11,0
2022-01-31,18,11761,2022-04-11,0
2022-02-01,25,11786,2022-04-11,0
2022-02-02,23,11809,2022-04-11,0
2022-02-03,30,11839,2022-04-11,0
2022-02-04,22,11861,2022-04-11,0
2022-02-05,28,11889,2022-04-11,0
2022-02-06,28,11917,2022-04-11,0
2022-02-07,20,11937,2022-04-11,0
2022-02-08,27,11964,2022-04-11,0
2022-02-09,25,11989,2022-04-11,0
2022-02-10,22,12011,2022-04-11,0
2022-02-11,19,12030,2022-04-11,0
2022-02-12,16,12046,2022-04-11,0
2022-02-13,19,12065,2022-04-11,0
2022-02-14,17,12082,2022-04-11,0
2022-02-15,21,12103,2022-04-11,0
2022-02-16,14,12117,2022-04-11,0
2022-02-17,16,12133,2022-04-11,0
2022-02-18,16,12149,2022-04-11,0
2022-02-19,21,12170,2022-04-11,0
2022-02-20,15,12185,2022-04-11,0
2022-02-21,6,12191,2022-04-11,0
2022-02-22,14,12205,2022-04-11,0
2022-02-23,9,12214,2022-04-11,0
2022-02-24,28,12242,2022-04-11,1
2022-02-25,9,12251,2022-04-11,0
2022-02-26,10,12261,2022-04-11,0
2022-02-27,11,12272,2022-04-11,0
2022-02-28,7,12279,2022-04-11,0
2022-03-01,7,12286,2022-04-11,0
2022-03-02,9,12295,2022-04-11,0
2022-03-03,6,12301,2022-04-11,0
2022-03-04,11,12312,2022-04-11,0
2022-03-05,6,12318,2022-04-11,0
2022-03-06,10,12328,2022-04-11,0
2022-03-07,4,12332,2022-04-11,0
2022-03-08,5,12337,2022-04-11,0
2022-03-09,11,12348,2022-04-11,0
2022-03-10,9,12357,2022-04-11,0
2022-03-11,8,12365,2022-04-11,0
2022-03-12,0,12365,2022-04-11,0
2022-03-13,4,12369,2022-04-11,0
2022-03-14,4,12373,2022-04-11,0
2022-03-15,4,12377,2022-04-11,1
2022-03-16,0,12377,2022-04-11,0
2022-03-17,7,12384,2022-04-11,0
2022-03-18,2,12386,2022-04-11,0
2022-03-19,3,12389,2022-04-11,0
2022-03-20,9,12398,2022-04-11,0
2022-03-21,2,12400,2022-04-11,0
2022-03-22,3,12403,2022-04-11,0
2022-03-23,6,12409,2022-04-11,0
2022-03-24,4,12413,2022-04-11,0
2022-03-25,6,12419,2022-04-11,0
2022-03-26,2,12421,2022-04-11,0
2022-03-27,2,12423,2022-04-11,0
2022-03-28,4,12427,2022-04-11,0
2022-03-29,2,12429,2022-04-11,0
2022-03-30,2,12431,2022-04-11,0
2022-03-31,6,12437,2022-04-11,1
2022-04-01,2,12439,2022-04-11,0
2022-04-02,2,12441,2022-04-11,0
2022-04-03,2,12443,2022-04-11,1
2022-04-04,1,12444,2022-04-11,1
2022-04-05,2,12446,2022-04-11,0
2022-04-06,1,12447,2022-04-11,1
NA,0,12447,2022-04-11,0
2020-03-19,1,1,2022-04-12,0
2020-03-20,0,1,2022-04-12,0
2020-03-21,0,1,2022-04-12,0
2020-03-22,0,1,2022-04-12,0
2020-03-23,0,1,2022-04-12,0
2020-03-24,1,2,2022-04-12,0
2020-03-25,1,3,2022-04-12,0
2020-03-26,1,4,2022-04-12,0
2020-03-27,5,9,2022-04-12,0
2020-03-28,3,12,2022-04-12,0
2020-03-29,0,12,2022-04-12,0
2020-03-30,5,17,2022-04-12,0
2020-03-31,2,19,2022-04-12,0
2020-04-01,5,24,2022-04-12,0
2020-04-02,3,27,2022-04-12,0
2020-04-03,1,28,2022-04-12,0
2020-04-04,5,33,2022-04-12,0
2020-04-05,5,38,2022-04-12,0
2020-04-06,10,48,2022-04-12,0
2020-04-07,6,54,2022-04-12,0
2020-04-08,7,61,2022-04-12,0
2020-04-09,8,69,2022-04-12,0
2020-04-10,6,75,2022-04-12,0
2020-04-11,4,79,2022-04-12,0
2020-04-12,4,83,2022-04-12,0
2020-04-13,10,93,2022-04-12,0
2020-04-14,6,99,2022-04-12,0
2020-04-15,17,116,2022-04-12,0
2020-04-16,10,126,2022-04-12,0
2020-04-17,17,143,2022-04-12,0
2020-04-18,17,160,2022-04-12,0
2020-04-19,16,176,2022-04-12,0
2020-04-20,21,197,2022-04-12,0
2020-04-21,26,223,2022-04-12,0
2020-04-22,21,244,2022-04-12,0
2020-04-23,19,263,2022-04-12,0
2020-04-24,23,286,2022-04-12,0
2020-04-25,18,304,2022-04-12,0
2020-04-26,17,321,2022-04-12,0
2020-04-27,21,342,2022-04-12,0
2020-04-28,16,358,2022-04-12,0
2020-04-29,29,387,2022-04-12,0
2020-04-30,18,405,2022-04-12,0
2020-05-01,30,435,2022-04-12,0
2020-05-02,19,454,2022-04-12,0
2020-05-03,29,483,2022-04-12,0
2020-05-04,23,506,2022-04-12,0
2020-05-05,19,525,2022-04-12,0
2020-05-06,25,550,2022-04-12,0
2020-05-07,30,580,2022-04-12,0
2020-05-08,20,600,2022-04-12,0
2020-05-09,26,626,2022-04-12,0
2020-05-10,19,645,2022-04-12,0
2020-05-11,25,670,2022-04-12,0
2020-05-12,20,690,2022-04-12,0
2020-05-13,22,712,2022-04-12,0
2020-05-14,20,732,2022-04-12,0
2020-05-15,20,752,2022-04-12,0
2020-05-16,20,772,2022-04-12,0
2020-05-17,23,795,2022-04-12,0
2020-05-18,18,813,2022-04-12,0
2020-05-19,35,848,2022-04-12,0
2020-05-20,24,872,2022-04-12,0
2020-05-21,17,889,2022-04-12,0
2020-05-22,20,909,2022-04-12,0
2020-05-23,26,935,2022-04-12,0
2020-05-24,25,960,2022-04-12,0
2020-05-25,30,990,2022-04-12,0
2020-05-26,29,1019,2022-04-12,0
2020-05-27,25,1044,2022-04-12,0
2020-05-28,21,1065,2022-04-12,0
2020-05-29,17,1082,2022-04-12,0
2020-05-30,11,1093,2022-04-12,0
2020-05-31,20,1113,2022-04-12,0
2020-06-01,23,1136,2022-04-12,0
2020-06-02,21,1157,2022-04-12,0
2020-06-03,25,1182,2022-04-12,0
2020-06-04,26,1208,2022-04-12,0
2020-06-05,18,1226,2022-04-12,0
2020-06-06,12,1238,2022-04-12,0
2020-06-07,22,1260,2022-04-12,0
2020-06-08,12,1272,2022-04-12,0
2020-06-09,13,1285,2022-04-12,0
2020-06-10,10,1295,2022-04-12,0
2020-06-11,12,1307,2022-04-12,0
2020-06-12,11,1318,2022-04-12,0
2020-06-13,13,1331,2022-04-12,0
2020-06-14,11,1342,2022-04-12,0
2020-06-15,8,1350,2022-04-12,0
2020-06-16,9,1359,2022-04-12,0
2020-06-17,17,1376,2022-04-12,0
2020-06-18,9,1385,2022-04-12,0
2020-06-19,8,1393,2022-04-12,0
2020-06-20,12,1405,2022-04-12,0
2020-06-21,11,1416,2022-04-12,0
2020-06-22,6,1422,2022-04-12,0
2020-06-23,10,1432,2022-04-12,0
2020-06-24,1,1433,2022-04-12,0
2020-06-25,9,1442,2022-04-12,0
2020-06-26,6,1448,2022-04-12,0
2020-06-27,5,1453,2022-04-12,0
2020-06-28,11,1464,2022-04-12,0
2020-06-29,7,1471,2022-04-12,0
2020-06-30,9,1480,2022-04-12,0
2020-07-01,2,1482,2022-04-12,0
2020-07-02,3,1485,2022-04-12,0
2020-07-03,5,1490,2022-04-12,0
2020-07-04,4,1494,2022-04-12,0
2020-07-05,6,1500,2022-04-12,0
2020-07-06,4,1504,2022-04-12,0
2020-07-07,2,1506,2022-04-12,0
2020-07-08,9,1515,2022-04-12,0
2020-07-09,4,1519,2022-04-12,0
2020-07-10,3,1522,2022-04-12,0
2020-07-11,4,1526,2022-04-12,0
2020-07-12,6,1532,2022-04-12,0
2020-07-13,2,1534,2022-04-12,0
2020-07-14,6,1540,2022-04-12,0
2020-07-15,7,1547,2022-04-12,0
2020-07-16,3,1550,2022-04-12,0
2020-07-17,7,1557,2022-04-12,0
2020-07-18,6,1563,2022-04-12,0
2020-07-19,5,1568,2022-04-12,0
2020-07-20,3,1571,2022-04-12,0
2020-07-21,6,1577,2022-04-12,0
2020-07-22,5,1582,2022-04-12,0
2020-07-23,8,1590,2022-04-12,0
2020-07-24,6,1596,2022-04-12,0
2020-07-25,2,1598,2022-04-12,0
2020-07-26,5,1603,2022-04-12,0
2020-07-27,5,1608,2022-04-12,0
2020-07-28,7,1615,2022-04-12,0
2020-07-29,3,1618,2022-04-12,0
2020-07-30,6,1624,2022-04-12,0
2020-07-31,9,1633,2022-04-12,0
2020-08-01,4,1637,2022-04-12,0
2020-08-02,7,1644,2022-04-12,0
2020-08-03,4,1648,2022-04-12,0
2020-08-04,7,1655,2022-04-12,0
2020-08-05,8,1663,2022-04-12,0
2020-08-06,9,1672,2022-04-12,0
2020-08-07,7,1679,2022-04-12,0
2020-08-08,6,1685,2022-04-12,0
2020-08-09,10,1695,2022-04-12,0
2020-08-10,3,1698,2022-04-12,0
2020-08-11,9,1707,2022-04-12,0
2020-08-12,7,1714,2022-04-12,0
2020-08-13,5,1719,2022-04-12,0
2020-08-14,9,1728,2022-04-12,0
2020-08-15,13,1741,2022-04-12,0
2020-08-16,13,1754,2022-04-12,0
2020-08-17,6,1760,2022-04-12,0
2020-08-18,11,1771,2022-04-12,0
2020-08-19,3,1774,2022-04-12,0
2020-08-20,10,1784,2022-04-12,0
2020-08-21,12,1796,2022-04-12,0
2020-08-22,9,1805,2022-04-12,0
2020-08-23,7,1812,2022-04-12,0
2020-08-24,9,1821,2022-04-12,0
2020-08-25,4,1825,2022-04-12,0
2020-08-26,3,1828,2022-04-12,0
2020-08-27,7,1835,2022-04-12,0
2020-08-28,6,1841,2022-04-12,0
2020-08-29,3,1844,2022-04-12,0
2020-08-30,5,1849,2022-04-12,0
2020-08-31,9,1858,2022-04-12,0
2020-09-01,2,1860,2022-04-12,0
2020-09-02,7,1867,2022-04-12,0
2020-09-03,12,1879,2022-04-12,0
2020-09-04,4,1883,2022-04-12,0
2020-09-05,6,1889,2022-04-12,0
2020-09-06,12,1901,2022-04-12,0
2020-09-07,3,1904,2022-04-12,0
2020-09-08,6,1910,2022-04-12,0
2020-09-09,10,1920,2022-04-12,0
2020-09-10,9,1929,2022-04-12,0
2020-09-11,11,1940,2022-04-12,0
2020-09-12,8,1948,2022-04-12,0
2020-09-13,8,1956,2022-04-12,0
2020-09-14,2,1958,2022-04-12,0
2020-09-15,7,1965,2022-04-12,0
2020-09-16,9,1974,2022-04-12,0
2020-09-17,5,1979,2022-04-12,0
2020-09-18,6,1985,2022-04-12,0
2020-09-19,4,1989,2022-04-12,0
2020-09-20,9,1998,2022-04-12,0
2020-09-21,7,2005,2022-04-12,0
2020-09-22,8,2013,2022-04-12,0
2020-09-23,9,2022,2022-04-12,0
2020-09-24,8,2030,2022-04-12,0
2020-09-25,11,2041,2022-04-12,0
2020-09-26,9,2050,2022-04-12,0
2020-09-27,14,2064,2022-04-12,0
2020-09-28,11,2075,2022-04-12,0
2020-09-29,5,2080,2022-04-12,0
2020-09-30,16,2096,2022-04-12,0
2020-10-01,7,2103,2022-04-12,0
2020-10-02,13,2116,2022-04-12,0
2020-10-03,9,2125,2022-04-12,0
2020-10-04,7,2132,2022-04-12,0
2020-10-05,10,2142,2022-04-12,0
2020-10-06,13,2155,2022-04-12,0
2020-10-07,19,2174,2022-04-12,0
2020-10-08,9,2183,2022-04-12,0
2020-10-09,17,2200,2022-04-12,0
2020-10-10,16,2216,2022-04-12,0
2020-10-11,16,2232,2022-04-12,0
2020-10-12,20,2252,2022-04-12,0
2020-10-13,14,2266,2022-04-12,0
2020-10-14,10,2276,2022-04-12,0
2020-10-15,9,2285,2022-04-12,0
2020-10-16,12,2297,2022-04-12,0
2020-10-17,18,2315,2022-04-12,0
2020-10-18,25,2340,2022-04-12,0
2020-10-19,18,2358,2022-04-12,0
2020-10-20,15,2373,2022-04-12,0
2020-10-21,24,2397,2022-04-12,0
2020-10-22,18,2415,2022-04-12,0
2020-10-23,19,2434,2022-04-12,0
2020-10-24,8,2442,2022-04-12,0
2020-10-25,17,2459,2022-04-12,0
2020-10-26,25,2484,2022-04-12,0
2020-10-27,23,2507,2022-04-12,0
2020-10-28,29,2536,2022-04-12,0
2020-10-29,18,2554,2022-04-12,0
2020-10-30,27,2581,2022-04-12,0
2020-10-31,25,2606,2022-04-12,0
2020-11-01,21,2627,2022-04-12,0
2020-11-02,25,2652,2022-04-12,0
2020-11-03,25,2677,2022-04-12,0
2020-11-04,33,2710,2022-04-12,0
2020-11-05,38,2748,2022-04-12,0
2020-11-06,39,2787,2022-04-12,0
2020-11-07,42,2829,2022-04-12,0
2020-11-08,47,2876,2022-04-12,0
2020-11-09,37,2913,2022-04-12,0
2020-11-10,35,2948,2022-04-12,0
2020-11-11,43,2991,2022-04-12,0
2020-11-12,45,3036,2022-04-12,0
2020-11-13,40,3076,2022-04-12,0
2020-11-14,48,3124,2022-04-12,0
2020-11-15,46,3170,2022-04-12,0
2020-11-16,62,3232,2022-04-12,0
2020-11-17,56,3288,2022-04-12,0
2020-11-18,61,3349,2022-04-12,0
2020-11-19,60,3409,2022-04-12,0
2020-11-20,63,3472,2022-04-12,0
2020-11-21,58,3530,2022-04-12,0
2020-11-22,67,3597,2022-04-12,0
2020-11-23,59,3656,2022-04-12,0
2020-11-24,69,3725,2022-04-12,0
2020-11-25,72,3797,2022-04-12,0
2020-11-26,54,3851,2022-04-12,0
2020-11-27,69,3920,2022-04-12,0
2020-11-28,62,3982,2022-04-12,0
2020-11-29,68,4050,2022-04-12,0
2020-11-30,62,4112,2022-04-12,0
2020-12-01,64,4176,2022-04-12,0
2020-12-02,73,4249,2022-04-12,0
2020-12-03,86,4335,2022-04-12,0
2020-12-04,67,4402,2022-04-12,0
2020-12-05,74,4476,2022-04-12,0
2020-12-06,80,4556,2022-04-12,0
2020-12-07,75,4631,2022-04-12,0
2020-12-08,61,4692,2022-04-12,0
2020-12-09,71,4763,2022-04-12,0
2020-12-10,72,4835,2022-04-12,0
2020-12-11,71,4906,2022-04-12,0
2020-12-12,72,4978,2022-04-12,0
2020-12-13,56,5034,2022-04-12,0
2020-12-14,43,5077,2022-04-12,0
2020-12-15,65,5142,2022-04-12,0
2020-12-16,74,5216,2022-04-12,0
2020-12-17,60,5276,2022-04-12,0
2020-12-18,59,5335,2022-04-12,0
2020-12-19,56,5391,2022-04-12,0
2020-12-20,61,5452,2022-04-12,0
2020-12-21,58,5510,2022-04-12,0
2020-12-22,33,5543,2022-04-12,0
2020-12-23,46,5589,2022-04-12,0
2020-12-24,51,5640,2022-04-12,0
2020-12-25,36,5676,2022-04-12,0
2020-12-26,43,5719,2022-04-12,0
2020-12-27,41,5760,2022-04-12,0
2020-12-28,34,5794,2022-04-12,0
2020-12-29,37,5831,2022-04-12,0
2020-12-30,47,5878,2022-04-12,0
2020-12-31,36,5914,2022-04-12,0
2021-01-01,28,5942,2022-04-12,0
2021-01-02,49,5991,2022-04-12,0
2021-01-03,37,6028,2022-04-12,0
2021-01-04,32,6060,2022-04-12,0
2021-01-05,40,6100,2022-04-12,0
2021-01-06,32,6132,2022-04-12,0
2021-01-07,38,6170,2022-04-12,0
2021-01-08,32,6202,2022-04-12,0
2021-01-09,26,6228,2022-04-12,0
2021-01-10,30,6258,2022-04-12,0
2021-01-11,27,6285,2022-04-12,0
2021-01-12,32,6317,2022-04-12,0
2021-01-13,23,6340,2022-04-12,0
2021-01-14,42,6382,2022-04-12,0
2021-01-15,26,6408,2022-04-12,0
2021-01-16,30,6438,2022-04-12,0
2021-01-17,21,6459,2022-04-12,0
2021-01-18,19,6478,2022-04-12,0
2021-01-19,14,6492,2022-04-12,0
2021-01-20,26,6518,2022-04-12,0
2021-01-21,16,6534,2022-04-12,0
2021-01-22,14,6548,2022-04-12,0
2021-01-23,17,6565,2022-04-12,0
2021-01-24,24,6589,2022-04-12,0
2021-01-25,19,6608,2022-04-12,0
2021-01-26,21,6629,2022-04-12,0
2021-01-27,11,6640,2022-04-12,0
2021-01-28,12,6652,2022-04-12,0
2021-01-29,15,6667,2022-04-12,0
2021-01-30,13,6680,2022-04-12,0
2021-01-31,17,6697,2022-04-12,0
2021-02-01,17,6714,2022-04-12,0
2021-02-02,10,6724,2022-04-12,0
2021-02-03,11,6735,2022-04-12,0
2021-02-04,11,6746,2022-04-12,0
2021-02-05,13,6759,2022-04-12,0
2021-02-06,12,6771,2022-04-12,0
2021-02-07,19,6790,2022-04-12,0
2021-02-08,11,6801,2022-04-12,0
2021-02-09,15,6816,2022-04-12,0
2021-02-10,14,6830,2022-04-12,0
2021-02-11,7,6837,2022-04-12,0
2021-02-12,14,6851,2022-04-12,0
2021-02-13,8,6859,2022-04-12,0
2021-02-14,10,6869,2022-04-12,0
2021-02-15,9,6878,2022-04-12,0
2021-02-16,12,6890,2022-04-12,0
2021-02-17,10,6900,2022-04-12,0
2021-02-18,7,6907,2022-04-12,0
2021-02-19,6,6913,2022-04-12,0
2021-02-20,7,6920,2022-04-12,0
2021-02-21,4,6924,2022-04-12,0
2021-02-22,5,6929,2022-04-12,0
2021-02-23,9,6938,2022-04-12,0
2021-02-24,5,6943,2022-04-12,0
2021-02-25,5,6948,2022-04-12,0
2021-02-26,7,6955,2022-04-12,0
2021-02-27,6,6961,2022-04-12,0
2021-02-28,8,6969,2022-04-12,0
2021-03-01,7,6976,2022-04-12,0
2021-03-02,3,6979,2022-04-12,0
2021-03-03,10,6989,2022-04-12,0
2021-03-04,6,6995,2022-04-12,0
2021-03-05,10,7005,2022-04-12,0
2021-03-06,5,7010,2022-04-12,0
2021-03-07,9,7019,2022-04-12,0
2021-03-08,5,7024,2022-04-12,0
2021-03-09,7,7031,2022-04-12,0
2021-03-10,5,7036,2022-04-12,0
2021-03-11,4,7040,2022-04-12,0
2021-03-12,11,7051,2022-04-12,0
2021-03-13,5,7056,2022-04-12,0
2021-03-14,5,7061,2022-04-12,0
2021-03-15,2,7063,2022-04-12,0
2021-03-16,6,7069,2022-04-12,0
2021-03-17,4,7073,2022-04-12,0
2021-03-18,5,7078,2022-04-12,0
2021-03-19,5,7083,2022-04-12,0
2021-03-20,9,7092,2022-04-12,0
2021-03-21,5,7097,2022-04-12,0
2021-03-22,4,7101,2022-04-12,0
2021-03-23,5,7106,2022-04-12,0
2021-03-24,1,7107,2022-04-12,0
2021-03-25,5,7112,2022-04-12,0
2021-03-26,3,7115,2022-04-12,0
2021-03-27,7,7122,2022-04-12,0
2021-03-28,6,7128,2022-04-12,0
2021-03-29,5,7133,2022-04-12,0
2021-03-30,6,7139,2022-04-12,0
2021-03-31,8,7147,2022-04-12,0
2021-04-01,6,7153,2022-04-12,0
2021-04-02,9,7162,2022-04-12,0
2021-04-03,8,7170,2022-04-12,0
2021-04-04,6,7176,2022-04-12,0
2021-04-05,8,7184,2022-04-12,0
2021-04-06,7,7191,2022-04-12,0
2021-04-07,6,7197,2022-04-12,0
2021-04-08,10,7207,2022-04-12,0
2021-04-09,7,7214,2022-04-12,0
2021-04-10,7,7221,2022-04-12,0
2021-04-11,8,7229,2022-04-12,0
2021-04-12,10,7239,2022-04-12,0
2021-04-13,7,7246,2022-04-12,0
2021-04-14,8,7254,2022-04-12,0
2021-04-15,14,7268,2022-04-12,0
2021-04-16,8,7276,2022-04-12,0
2021-04-17,8,7284,2022-04-12,0
2021-04-18,8,7292,2022-04-12,0
2021-04-19,10,7302,2022-04-12,0
2021-04-20,5,7307,2022-04-12,0
2021-04-21,8,7315,2022-04-12,0
2021-04-22,3,7318,2022-04-12,0
2021-04-23,15,7333,2022-04-12,0
2021-04-24,11,7344,2022-04-12,0
2021-04-25,15,7359,2022-04-12,0
2021-04-26,15,7374,2022-04-12,0
2021-04-27,7,7381,2022-04-12,0
2021-04-28,14,7395,2022-04-12,0
2021-04-29,8,7403,2022-04-12,0
2021-04-30,11,7414,2022-04-12,0
2021-05-01,7,7421,2022-04-12,0
2021-05-02,8,7429,2022-04-12,0
2021-05-03,5,7434,2022-04-12,0
2021-05-04,13,7447,2022-04-12,0
2021-05-05,9,7456,2022-04-12,0
2021-05-06,5,7461,2022-04-12,0
2021-05-07,8,7469,2022-04-12,0
2021-05-08,7,7476,2022-04-12,0
2021-05-09,9,7485,2022-04-12,0
2021-05-10,8,7493,2022-04-12,0
2021-05-11,6,7499,2022-04-12,0
2021-05-12,9,7508,2022-04-12,0
2021-05-13,9,7517,2022-04-12,0
2021-05-14,11,7528,2022-04-12,0
2021-05-15,10,7538,2022-04-12,0
2021-05-16,6,7544,2022-04-12,0
2021-05-17,6,7550,2022-04-12,0
2021-05-18,7,7557,2022-04-12,0
2021-05-19,2,7559,2022-04-12,0
2021-05-20,5,7564,2022-04-12,0
2021-05-21,7,7571,2022-04-12,0
2021-05-22,12,7583,2022-04-12,0
2021-05-23,5,7588,2022-04-12,0
2021-05-24,5,7593,2022-04-12,0
2021-05-25,6,7599,2022-04-12,0
2021-05-26,3,7602,2022-04-12,0
2021-05-27,7,7609,2022-04-12,0
2021-05-28,2,7611,2022-04-12,0
2021-05-29,6,7617,2022-04-12,0
2021-05-30,4,7621,2022-04-12,0
2021-05-31,3,7624,2022-04-12,0
2021-06-01,5,7629,2022-04-12,0
2021-06-02,8,7637,2022-04-12,0
2021-06-03,4,7641,2022-04-12,0
2021-06-04,4,7645,2022-04-12,0
2021-06-05,2,7647,2022-04-12,0
2021-06-06,5,7652,2022-04-12,0
2021-06-07,3,7655,2022-04-12,0
2021-06-08,5,7660,2022-04-12,0
2021-06-09,4,7664,2022-04-12,0
2021-06-10,6,7670,2022-04-12,0
2021-06-11,6,7676,2022-04-12,0
2021-06-12,4,7680,2022-04-12,0
2021-06-13,4,7684,2022-04-12,0
2021-06-14,3,7687,2022-04-12,0
2021-06-15,2,7689,2022-04-12,0
2021-06-16,2,7691,2022-04-12,0
2021-06-17,4,7695,2022-04-12,0
2021-06-18,2,7697,2022-04-12,0
2021-06-19,6,7703,2022-04-12,0
2021-06-20,1,7704,2022-04-12,0
2021-06-21,5,7709,2022-04-12,0
2021-06-22,3,7712,2022-04-12,0
2021-06-23,4,7716,2022-04-12,0
2021-06-24,3,7719,2022-04-12,0
2021-06-25,3,7722,2022-04-12,0
2021-06-26,4,7726,2022-04-12,0
2021-06-27,2,7728,2022-04-12,0
2021-06-28,2,7730,2022-04-12,0
2021-06-29,2,7732,2022-04-12,0
2021-06-30,2,7734,2022-04-12,0
2021-07-01,0,7734,2022-04-12,0
2021-07-02,2,7736,2022-04-12,0
2021-07-03,2,7738,2022-04-12,0
2021-07-04,3,7741,2022-04-12,0
2021-07-05,1,7742,2022-04-12,0
2021-07-06,5,7747,2022-04-12,0
2021-07-07,1,7748,2022-04-12,0
2021-07-08,1,7749,2022-04-12,0
2021-07-09,0,7749,2022-04-12,0
2021-07-10,2,7751,2022-04-12,0
2021-07-11,3,7754,2022-04-12,0
2021-07-12,1,7755,2022-04-12,0
2021-07-13,2,7757,2022-04-12,0
2021-07-14,2,7759,2022-04-12,0
2021-07-15,2,7761,2022-04-12,0
2021-07-16,1,7762,2022-04-12,0
2021-07-17,1,7763,2022-04-12,0
2021-07-18,0,7763,2022-04-12,0
2021-07-19,0,7763,2022-04-12,0
2021-07-20,2,7765,2022-04-12,0
2021-07-21,3,7768,2022-04-12,0
2021-07-22,2,7770,2022-04-12,0
2021-07-23,3,7773,2022-04-12,0
2021-07-24,0,7773,2022-04-12,0
2021-07-25,2,7775,2022-04-12,0
2021-07-26,1,7776,2022-04-12,0
2021-07-27,2,7778,2022-04-12,0
2021-07-28,3,7781,2022-04-12,0
2021-07-29,2,7783,2022-04-12,0
2021-07-30,5,7788,2022-04-12,0
2021-07-31,4,7792,2022-04-12,0
2021-08-01,1,7793,2022-04-12,0
2021-08-02,3,7796,2022-04-12,0
2021-08-03,2,7798,2022-04-12,0
2021-08-04,3,7801,2022-04-12,0
2021-08-05,2,7803,2022-04-12,0
2021-08-06,8,7811,2022-04-12,0
2021-08-07,3,7814,2022-04-12,0
2021-08-08,3,7817,2022-04-12,0
2021-08-09,3,7820,2022-04-12,0
2021-08-10,2,7822,2022-04-12,0
2021-08-11,2,7824,2022-04-12,0
2021-08-12,7,7831,2022-04-12,0
2021-08-13,5,7836,2022-04-12,0
2021-08-14,6,7842,2022-04-12,0
2021-08-15,0,7842,2022-04-12,0
2021-08-16,7,7849,2022-04-12,0
2021-08-17,7,7856,2022-04-12,0
2021-08-18,9,7865,2022-04-12,0
2021-08-19,2,7867,2022-04-12,0
2021-08-20,3,7870,2022-04-12,0
2021-08-21,5,7875,2022-04-12,0
2021-08-22,7,7882,2022-04-12,0
2021-08-23,5,7887,2022-04-12,0
2021-08-24,12,7899,2022-04-12,0
2021-08-25,7,7906,2022-04-12,0
2021-08-26,2,7908,2022-04-12,0
2021-08-27,6,7914,2022-04-12,0
2021-08-28,11,7925,2022-04-12,0
2021-08-29,11,7936,2022-04-12,0
2021-08-30,8,7944,2022-04-12,0
2021-08-31,8,7952,2022-04-12,0
2021-09-01,6,7958,2022-04-12,0
2021-09-02,6,7964,2022-04-12,0
2021-09-03,9,7973,2022-04-12,0
2021-09-04,9,7982,2022-04-12,0
2021-09-05,10,7992,2022-04-12,0
2021-09-06,8,8000,2022-04-12,0
2021-09-07,7,8007,2022-04-12,0
2021-09-08,11,8018,2022-04-12,0
2021-09-09,5,8023,2022-04-12,0
2021-09-10,9,8032,2022-04-12,0
2021-09-11,17,8049,2022-04-12,0
2021-09-12,10,8059,2022-04-12,0
2021-09-13,8,8067,2022-04-12,0
2021-09-14,11,8078,2022-04-12,0
2021-09-15,14,8092,2022-04-12,0
2021-09-16,16,8108,2022-04-12,0
2021-09-17,8,8116,2022-04-12,0
2021-09-18,15,8131,2022-04-12,0
2021-09-19,11,8142,2022-04-12,0
2021-09-20,16,8158,2022-04-12,0
2021-09-21,16,8174,2022-04-12,0
2021-09-22,17,8191,2022-04-12,0
2021-09-23,13,8204,2022-04-12,0
2021-09-24,13,8217,2022-04-12,0
2021-09-25,16,8233,2022-04-12,0
2021-09-26,15,8248,2022-04-12,0
2021-09-27,15,8263,2022-04-12,0
2021-09-28,11,8274,2022-04-12,0
2021-09-29,21,8295,2022-04-12,0
2021-09-30,17,8312,2022-04-12,0
2021-10-01,13,8325,2022-04-12,0
2021-10-02,15,8340,2022-04-12,0
2021-10-03,23,8363,2022-04-12,0
2021-10-04,15,8378,2022-04-12,0
2021-10-05,23,8401,2022-04-12,0
2021-10-06,21,8422,2022-04-12,0
2021-10-07,14,8436,2022-04-12,0
2021-10-08,22,8458,2022-04-12,0
2021-10-09,20,8478,2022-04-12,0
2021-10-10,14,8492,2022-04-12,0
2021-10-11,11,8503,2022-04-12,0
2021-10-12,25,8528,2022-04-12,0
2021-10-13,21,8549,2022-04-12,0
2021-10-14,22,8571,2022-04-12,0
2021-10-15,14,8585,2022-04-12,0
2021-10-16,20,8605,2022-04-12,0
2021-10-17,18,8623,2022-04-12,0
2021-10-18,17,8640,2022-04-12,0
2021-10-19,26,8666,2022-04-12,0
2021-10-20,17,8683,2022-04-12,0
2021-10-21,8,8691,2022-04-12,0
2021-10-22,23,8714,2022-04-12,0
2021-10-23,24,8738,2022-04-12,0
2021-10-24,25,8763,2022-04-12,0
2021-10-25,20,8783,2022-04-12,0
2021-10-26,22,8805,2022-04-12,0
2021-10-27,16,8821,2022-04-12,0
2021-10-28,24,8845,2022-04-12,0
2021-10-29,20,8865,2022-04-12,0
2021-10-30,20,8885,2022-04-12,0
2021-10-31,27,8912,2022-04-12,0
2021-11-01,18,8930,2022-04-12,0
2021-11-02,18,8948,2022-04-12,0
2021-11-03,28,8976,2022-04-12,0
2021-11-04,29,9005,2022-04-12,0
2021-11-05,29,9034,2022-04-12,0
2021-11-06,16,9050,2022-04-12,0
2021-11-07,24,9074,2022-04-12,0
2021-11-08,28,9102,2022-04-12,0
2021-11-09,17,9119,2022-04-12,0
2021-11-10,18,9137,2022-04-12,0
2021-11-11,28,9165,2022-04-12,0
2021-11-12,29,9194,2022-04-12,0
2021-11-13,31,9225,2022-04-12,0
2021-11-14,24,9249,2022-04-12,0
2021-11-15,28,9277,2022-04-12,0
2021-11-16,25,9302,2022-04-12,0
2021-11-17,37,9339,2022-04-12,0
2021-11-18,38,9377,2022-04-12,0
2021-11-19,34,9411,2022-04-12,0
2021-11-20,30,9441,2022-04-12,0
2021-11-21,32,9473,2022-04-12,0
2021-11-22,30,9503,2022-04-12,0
2021-11-23,32,9535,2022-04-12,0
2021-11-24,25,9560,2022-04-12,0
2021-11-25,35,9595,2022-04-12,0
2021-11-26,51,9646,2022-04-12,0
2021-11-27,36,9682,2022-04-12,0
2021-11-28,39,9721,2022-04-12,0
2021-11-29,29,9750,2022-04-12,0
2021-11-30,30,9780,2022-04-12,0
2021-12-01,47,9827,2022-04-12,0
2021-12-02,40,9867,2022-04-12,0
2021-12-03,31,9898,2022-04-12,0
2021-12-04,42,9940,2022-04-12,0
2021-12-05,36,9976,2022-04-12,0
2021-12-06,36,10012,2022-04-12,0
2021-12-07,36,10048,2022-04-12,0
2021-12-08,39,10087,2022-04-12,0
2021-12-09,47,10134,2022-04-12,0
2021-12-10,34,10168,2022-04-12,0
2021-12-11,27,10195,2022-04-12,0
2021-12-12,37,10232,2022-04-12,0
2021-12-13,34,10266,2022-04-12,0
2021-12-14,35,10301,2022-04-12,0
2021-12-15,42,10343,2022-04-12,0
2021-12-16,33,10376,2022-04-12,0
2021-12-17,41,10417,2022-04-12,0
2021-12-18,33,10450,2022-04-12,0
2021-12-19,31,10481,2022-04-12,0
2021-12-20,33,10514,2022-04-12,0
2021-12-21,28,10542,2022-04-12,0
2021-12-22,29,10571,2022-04-12,0
2021-12-23,28,10599,2022-04-12,0
2021-12-24,30,10629,2022-04-12,0
2021-12-25,28,10657,2022-04-12,0
2021-12-26,42,10699,2022-04-12,0
2021-12-27,32,10731,2022-04-12,0
2021-12-28,35,10766,2022-04-12,0
2021-12-29,31,10797,2022-04-12,0
2021-12-30,21,10818,2022-04-12,0
2021-12-31,40,10858,2022-04-12,0
2022-01-01,27,10885,2022-04-12,0
2022-01-02,22,10907,2022-04-12,0
2022-01-03,23,10930,2022-04-12,0
2022-01-04,30,10960,2022-04-12,0
2022-01-05,32,10992,2022-04-12,0
2022-01-06,32,11024,2022-04-12,0
2022-01-07,28,11052,2022-04-12,0
2022-01-08,43,11095,2022-04-12,0
2022-01-09,20,11115,2022-04-12,0
2022-01-10,31,11146,2022-04-12,0
2022-01-11,20,11166,2022-04-12,0
2022-01-12,21,11187,2022-04-12,0
2022-01-13,28,11215,2022-04-12,0
2022-01-14,33,11248,2022-04-12,0
2022-01-15,27,11275,2022-04-12,0
2022-01-16,34,11309,2022-04-12,0
2022-01-17,36,11345,2022-04-12,0
2022-01-18,26,11371,2022-04-12,0
2022-01-19,29,11400,2022-04-12,0
2022-01-20,31,11431,2022-04-12,0
2022-01-21,27,11458,2022-04-12,0
2022-01-22,29,11487,2022-04-12,0
2022-01-23,24,11511,2022-04-12,0
2022-01-24,38,11549,2022-04-12,0
2022-01-25,33,11582,2022-04-12,0
2022-01-26,35,11617,2022-04-12,0
2022-01-27,37,11654,2022-04-12,0
2022-01-28,31,11685,2022-04-12,0
2022-01-29,31,11716,2022-04-12,0
2022-01-30,27,11743,2022-04-12,0
2022-01-31,18,11761,2022-04-12,0
2022-02-01,25,11786,2022-04-12,0
2022-02-02,23,11809,2022-04-12,0
2022-02-03,30,11839,2022-04-12,0
2022-02-04,22,11861,2022-04-12,0
2022-02-05,28,11889,2022-04-12,0
2022-02-06,28,11917,2022-04-12,0
2022-02-07,20,11937,2022-04-12,0
2022-02-08,27,11964,2022-04-12,0
2022-02-09,25,11989,2022-04-12,0
2022-02-10,22,12011,2022-04-12,0
2022-02-11,19,12030,2022-04-12,0
2022-02-12,16,12046,2022-04-12,0
2022-02-13,19,12065,2022-04-12,0
2022-02-14,17,12082,2022-04-12,0
2022-02-15,21,12103,2022-04-12,0
2022-02-16,14,12117,2022-04-12,0
2022-02-17,16,12133,2022-04-12,0
2022-02-18,16,12149,2022-04-12,0
2022-02-19,21,12170,2022-04-12,0
2022-02-20,15,12185,2022-04-12,0
2022-02-21,6,12191,2022-04-12,0
2022-02-22,14,12205,2022-04-12,0
2022-02-23,9,12214,2022-04-12,0
2022-02-24,28,12242,2022-04-12,0
2022-02-25,9,12251,2022-04-12,0
2022-02-26,10,12261,2022-04-12,0
2022-02-27,11,12272,2022-04-12,0
2022-02-28,7,12279,2022-04-12,0
2022-03-01,7,12286,2022-04-12,0
2022-03-02,9,12295,2022-04-12,0
2022-03-03,6,12301,2022-04-12,0
2022-03-04,11,12312,2022-04-12,0
2022-03-05,6,12318,2022-04-12,0
2022-03-06,10,12328,2022-04-12,0
2022-03-07,4,12332,2022-04-12,0
2022-03-08,5,12337,2022-04-12,0
2022-03-09,11,12348,2022-04-12,0
2022-03-10,9,12357,2022-04-12,0
2022-03-11,8,12365,2022-04-12,0
2022-03-12,0,12365,2022-04-12,0
2022-03-13,4,12369,2022-04-12,0
2022-03-14,4,12373,2022-04-12,0
2022-03-15,4,12377,2022-04-12,0
2022-03-16,0,12377,2022-04-12,0
2022-03-17,7,12384,2022-04-12,0
2022-03-18,2,12386,2022-04-12,0
2022-03-19,3,12389,2022-04-12,0
2022-03-20,9,12398,2022-04-12,0
2022-03-21,2,12400,2022-04-12,0
2022-03-22,3,12403,2022-04-12,0
2022-03-23,6,12409,2022-04-12,0
2022-03-24,4,12413,2022-04-12,0
2022-03-25,6,12419,2022-04-12,0
2022-03-26,2,12421,2022-04-12,0
2022-03-27,2,12423,2022-04-12,0
2022-03-28,4,12427,2022-04-12,0
2022-03-29,2,12429,2022-04-12,0
2022-03-30,2,12431,2022-04-12,0
2022-03-31,6,12437,2022-04-12,0
2022-04-01,2,12439,2022-04-12,0
2022-04-02,2,12441,2022-04-12,0
2022-04-03,2,12443,2022-04-12,0
2022-04-04,2,12445,2022-04-12,1
2022-04-05,2,12447,2022-04-12,0
2022-04-06,1,12448,2022-04-12,0
2022-04-07,1,12449,2022-04-12,1
NA,0,12449,2022-04-12,0
2020-03-19,1,1,2022-04-13,0
2020-03-20,0,1,2022-04-13,0
2020-03-21,0,1,2022-04-13,0
2020-03-22,0,1,2022-04-13,0
2020-03-23,0,1,2022-04-13,0
2020-03-24,1,2,2022-04-13,0
2020-03-25,1,3,2022-04-13,0
2020-03-26,1,4,2022-04-13,0
2020-03-27,5,9,2022-04-13,0
2020-03-28,3,12,2022-04-13,0
2020-03-29,0,12,2022-04-13,0
2020-03-30,5,17,2022-04-13,0
2020-03-31,2,19,2022-04-13,0
2020-04-01,5,24,2022-04-13,0
2020-04-02,3,27,2022-04-13,0
2020-04-03,1,28,2022-04-13,0
2020-04-04,5,33,2022-04-13,0
2020-04-05,5,38,2022-04-13,0
2020-04-06,10,48,2022-04-13,0
2020-04-07,6,54,2022-04-13,0
2020-04-08,7,61,2022-04-13,0
2020-04-09,8,69,2022-04-13,0
2020-04-10,6,75,2022-04-13,0
2020-04-11,4,79,2022-04-13,0
2020-04-12,4,83,2022-04-13,0
2020-04-13,10,93,2022-04-13,0
2020-04-14,6,99,2022-04-13,0
2020-04-15,17,116,2022-04-13,0
2020-04-16,10,126,2022-04-13,0
2020-04-17,17,143,2022-04-13,0
2020-04-18,17,160,2022-04-13,0
2020-04-19,16,176,2022-04-13,0
2020-04-20,21,197,2022-04-13,0
2020-04-21,26,223,2022-04-13,0
2020-04-22,21,244,2022-04-13,0
2020-04-23,19,263,2022-04-13,0
2020-04-24,23,286,2022-04-13,0
2020-04-25,18,304,2022-04-13,0
2020-04-26,17,321,2022-04-13,0
2020-04-27,21,342,2022-04-13,0
2020-04-28,16,358,2022-04-13,0
2020-04-29,29,387,2022-04-13,0
2020-04-30,18,405,2022-04-13,0
2020-05-01,30,435,2022-04-13,0
2020-05-02,19,454,2022-04-13,0
2020-05-03,29,483,2022-04-13,0
2020-05-04,23,506,2022-04-13,0
2020-05-05,19,525,2022-04-13,0
2020-05-06,25,550,2022-04-13,0
2020-05-07,30,580,2022-04-13,0
2020-05-08,20,600,2022-04-13,0
2020-05-09,26,626,2022-04-13,0
2020-05-10,19,645,2022-04-13,0
2020-05-11,25,670,2022-04-13,0
2020-05-12,20,690,2022-04-13,0
2020-05-13,22,712,2022-04-13,0
2020-05-14,20,732,2022-04-13,0
2020-05-15,20,752,2022-04-13,0
2020-05-16,20,772,2022-04-13,0
2020-05-17,23,795,2022-04-13,0
2020-05-18,18,813,2022-04-13,0
2020-05-19,35,848,2022-04-13,0
2020-05-20,24,872,2022-04-13,0
2020-05-21,17,889,2022-04-13,0
2020-05-22,20,909,2022-04-13,0
2020-05-23,26,935,2022-04-13,0
2020-05-24,25,960,2022-04-13,0
2020-05-25,30,990,2022-04-13,0
2020-05-26,29,1019,2022-04-13,0
2020-05-27,25,1044,2022-04-13,0
2020-05-28,21,1065,2022-04-13,0
2020-05-29,17,1082,2022-04-13,0
2020-05-30,11,1093,2022-04-13,0
2020-05-31,20,1113,2022-04-13,0
2020-06-01,23,1136,2022-04-13,0
2020-06-02,21,1157,2022-04-13,0
2020-06-03,25,1182,2022-04-13,0
2020-06-04,26,1208,2022-04-13,0
2020-06-05,18,1226,2022-04-13,0
2020-06-06,12,1238,2022-04-13,0
2020-06-07,22,1260,2022-04-13,0
2020-06-08,12,1272,2022-04-13,0
2020-06-09,13,1285,2022-04-13,0
2020-06-10,10,1295,2022-04-13,0
2020-06-11,12,1307,2022-04-13,0
2020-06-12,11,1318,2022-04-13,0
2020-06-13,13,1331,2022-04-13,0
2020-06-14,11,1342,2022-04-13,0
2020-06-15,8,1350,2022-04-13,0
2020-06-16,9,1359,2022-04-13,0
2020-06-17,17,1376,2022-04-13,0
2020-06-18,9,1385,2022-04-13,0
2020-06-19,8,1393,2022-04-13,0
2020-06-20,12,1405,2022-04-13,0
2020-06-21,11,1416,2022-04-13,0
2020-06-22,6,1422,2022-04-13,0
2020-06-23,10,1432,2022-04-13,0
2020-06-24,1,1433,2022-04-13,0
2020-06-25,9,1442,2022-04-13,0
2020-06-26,6,1448,2022-04-13,0
2020-06-27,5,1453,2022-04-13,0
2020-06-28,11,1464,2022-04-13,0
2020-06-29,7,1471,2022-04-13,0
2020-06-30,9,1480,2022-04-13,0
2020-07-01,2,1482,2022-04-13,0
2020-07-02,3,1485,2022-04-13,0
2020-07-03,5,1490,2022-04-13,0
2020-07-04,4,1494,2022-04-13,0
2020-07-05,6,1500,2022-04-13,0
2020-07-06,4,1504,2022-04-13,0
2020-07-07,2,1506,2022-04-13,0
2020-07-08,9,1515,2022-04-13,0
2020-07-09,4,1519,2022-04-13,0
2020-07-10,3,1522,2022-04-13,0
2020-07-11,4,1526,2022-04-13,0
2020-07-12,6,1532,2022-04-13,0
2020-07-13,2,1534,2022-04-13,0
2020-07-14,6,1540,2022-04-13,0
2020-07-15,7,1547,2022-04-13,0
2020-07-16,3,1550,2022-04-13,0
2020-07-17,7,1557,2022-04-13,0
2020-07-18,6,1563,2022-04-13,0
2020-07-19,5,1568,2022-04-13,0
2020-07-20,3,1571,2022-04-13,0
2020-07-21,6,1577,2022-04-13,0
2020-07-22,5,1582,2022-04-13,0
2020-07-23,8,1590,2022-04-13,0
2020-07-24,6,1596,2022-04-13,0
2020-07-25,2,1598,2022-04-13,0
2020-07-26,5,1603,2022-04-13,0
2020-07-27,5,1608,2022-04-13,0
2020-07-28,7,1615,2022-04-13,0
2020-07-29,3,1618,2022-04-13,0
2020-07-30,6,1624,2022-04-13,0
2020-07-31,9,1633,2022-04-13,0
2020-08-01,4,1637,2022-04-13,0
2020-08-02,7,1644,2022-04-13,0
2020-08-03,4,1648,2022-04-13,0
2020-08-04,7,1655,2022-04-13,0
2020-08-05,8,1663,2022-04-13,0
2020-08-06,9,1672,2022-04-13,0
2020-08-07,7,1679,2022-04-13,0
2020-08-08,6,1685,2022-04-13,0
2020-08-09,10,1695,2022-04-13,0
2020-08-10,3,1698,2022-04-13,0
2020-08-11,9,1707,2022-04-13,0
2020-08-12,7,1714,2022-04-13,0
2020-08-13,5,1719,2022-04-13,0
2020-08-14,9,1728,2022-04-13,0
2020-08-15,13,1741,2022-04-13,0
2020-08-16,13,1754,2022-04-13,0
2020-08-17,6,1760,2022-04-13,0
2020-08-18,11,1771,2022-04-13,0
2020-08-19,3,1774,2022-04-13,0
2020-08-20,10,1784,2022-04-13,0
2020-08-21,12,1796,2022-04-13,0
2020-08-22,9,1805,2022-04-13,0
2020-08-23,7,1812,2022-04-13,0
2020-08-24,9,1821,2022-04-13,0
2020-08-25,4,1825,2022-04-13,0
2020-08-26,3,1828,2022-04-13,0
2020-08-27,7,1835,2022-04-13,0
2020-08-28,6,1841,2022-04-13,0
2020-08-29,3,1844,2022-04-13,0
2020-08-30,5,1849,2022-04-13,0
2020-08-31,9,1858,2022-04-13,0
2020-09-01,2,1860,2022-04-13,0
2020-09-02,7,1867,2022-04-13,0
2020-09-03,12,1879,2022-04-13,0
2020-09-04,4,1883,2022-04-13,0
2020-09-05,6,1889,2022-04-13,0
2020-09-06,12,1901,2022-04-13,0
2020-09-07,3,1904,2022-04-13,0
2020-09-08,6,1910,2022-04-13,0
2020-09-09,10,1920,2022-04-13,0
2020-09-10,9,1929,2022-04-13,0
2020-09-11,11,1940,2022-04-13,0
2020-09-12,8,1948,2022-04-13,0
2020-09-13,8,1956,2022-04-13,0
2020-09-14,2,1958,2022-04-13,0
2020-09-15,7,1965,2022-04-13,0
2020-09-16,9,1974,2022-04-13,0
2020-09-17,5,1979,2022-04-13,0
2020-09-18,6,1985,2022-04-13,0
2020-09-19,4,1989,2022-04-13,0
2020-09-20,9,1998,2022-04-13,0
2020-09-21,7,2005,2022-04-13,0
2020-09-22,8,2013,2022-04-13,0
2020-09-23,9,2022,2022-04-13,0
2020-09-24,8,2030,2022-04-13,0
2020-09-25,11,2041,2022-04-13,0
2020-09-26,9,2050,2022-04-13,0
2020-09-27,14,2064,2022-04-13,0
2020-09-28,11,2075,2022-04-13,0
2020-09-29,5,2080,2022-04-13,0
2020-09-30,16,2096,2022-04-13,0
2020-10-01,7,2103,2022-04-13,0
2020-10-02,13,2116,2022-04-13,0
2020-10-03,9,2125,2022-04-13,0
2020-10-04,7,2132,2022-04-13,0
2020-10-05,10,2142,2022-04-13,0
2020-10-06,13,2155,2022-04-13,0
2020-10-07,19,2174,2022-04-13,0
2020-10-08,9,2183,2022-04-13,0
2020-10-09,17,2200,2022-04-13,0
2020-10-10,16,2216,2022-04-13,0
2020-10-11,16,2232,2022-04-13,0
2020-10-12,20,2252,2022-04-13,0
2020-10-13,14,2266,2022-04-13,0
2020-10-14,10,2276,2022-04-13,0
2020-10-15,9,2285,2022-04-13,0
2020-10-16,12,2297,2022-04-13,0
2020-10-17,18,2315,2022-04-13,0
2020-10-18,25,2340,2022-04-13,0
2020-10-19,18,2358,2022-04-13,0
2020-10-20,15,2373,2022-04-13,0
2020-10-21,24,2397,2022-04-13,0
2020-10-22,18,2415,2022-04-13,0
2020-10-23,19,2434,2022-04-13,0
2020-10-24,8,2442,2022-04-13,0
2020-10-25,17,2459,2022-04-13,0
2020-10-26,25,2484,2022-04-13,0
2020-10-27,23,2507,2022-04-13,0
2020-10-28,29,2536,2022-04-13,0
2020-10-29,18,2554,2022-04-13,0
2020-10-30,27,2581,2022-04-13,0
2020-10-31,25,2606,2022-04-13,0
2020-11-01,21,2627,2022-04-13,0
2020-11-02,25,2652,2022-04-13,0
2020-11-03,25,2677,2022-04-13,0
2020-11-04,33,2710,2022-04-13,0
2020-11-05,38,2748,2022-04-13,0
2020-11-06,39,2787,2022-04-13,0
2020-11-07,42,2829,2022-04-13,0
2020-11-08,47,2876,2022-04-13,0
2020-11-09,37,2913,2022-04-13,0
2020-11-10,35,2948,2022-04-13,0
2020-11-11,43,2991,2022-04-13,0
2020-11-12,45,3036,2022-04-13,0
2020-11-13,40,3076,2022-04-13,0
2020-11-14,48,3124,2022-04-13,0
2020-11-15,46,3170,2022-04-13,0
2020-11-16,62,3232,2022-04-13,0
2020-11-17,56,3288,2022-04-13,0
2020-11-18,61,3349,2022-04-13,0
2020-11-19,60,3409,2022-04-13,0
2020-11-20,63,3472,2022-04-13,0
2020-11-21,58,3530,2022-04-13,0
2020-11-22,67,3597,2022-04-13,0
2020-11-23,59,3656,2022-04-13,0
2020-11-24,69,3725,2022-04-13,0
2020-11-25,72,3797,2022-04-13,0
2020-11-26,54,3851,2022-04-13,0
2020-11-27,69,3920,2022-04-13,0
2020-11-28,62,3982,2022-04-13,0
2020-11-29,68,4050,2022-04-13,0
2020-11-30,62,4112,2022-04-13,0
2020-12-01,64,4176,2022-04-13,0
2020-12-02,73,4249,2022-04-13,0
2020-12-03,86,4335,2022-04-13,0
2020-12-04,67,4402,2022-04-13,0
2020-12-05,74,4476,2022-04-13,0
2020-12-06,80,4556,2022-04-13,0
2020-12-07,75,4631,2022-04-13,0
2020-12-08,61,4692,2022-04-13,0
2020-12-09,71,4763,2022-04-13,0
2020-12-10,72,4835,2022-04-13,0
2020-12-11,71,4906,2022-04-13,0
2020-12-12,72,4978,2022-04-13,0
2020-12-13,56,5034,2022-04-13,0
2020-12-14,43,5077,2022-04-13,0
2020-12-15,65,5142,2022-04-13,0
2020-12-16,74,5216,2022-04-13,0
2020-12-17,60,5276,2022-04-13,0
2020-12-18,59,5335,2022-04-13,0
2020-12-19,56,5391,2022-04-13,0
2020-12-20,61,5452,2022-04-13,0
2020-12-21,58,5510,2022-04-13,0
2020-12-22,33,5543,2022-04-13,0
2020-12-23,46,5589,2022-04-13,0
2020-12-24,51,5640,2022-04-13,0
2020-12-25,36,5676,2022-04-13,0
2020-12-26,43,5719,2022-04-13,0
2020-12-27,41,5760,2022-04-13,0
2020-12-28,34,5794,2022-04-13,0
2020-12-29,37,5831,2022-04-13,0
2020-12-30,47,5878,2022-04-13,0
2020-12-31,36,5914,2022-04-13,0
2021-01-01,28,5942,2022-04-13,0
2021-01-02,49,5991,2022-04-13,0
2021-01-03,37,6028,2022-04-13,0
2021-01-04,32,6060,2022-04-13,0
2021-01-05,40,6100,2022-04-13,0
2021-01-06,32,6132,2022-04-13,0
2021-01-07,38,6170,2022-04-13,0
2021-01-08,32,6202,2022-04-13,0
2021-01-09,26,6228,2022-04-13,0
2021-01-10,30,6258,2022-04-13,0
2021-01-11,27,6285,2022-04-13,0
2021-01-12,32,6317,2022-04-13,0
2021-01-13,23,6340,2022-04-13,0
2021-01-14,42,6382,2022-04-13,0
2021-01-15,26,6408,2022-04-13,0
2021-01-16,30,6438,2022-04-13,0
2021-01-17,21,6459,2022-04-13,0
2021-01-18,19,6478,2022-04-13,0
2021-01-19,14,6492,2022-04-13,0
2021-01-20,26,6518,2022-04-13,0
2021-01-21,16,6534,2022-04-13,0
2021-01-22,14,6548,2022-04-13,0
2021-01-23,17,6565,2022-04-13,0
2021-01-24,24,6589,2022-04-13,0
2021-01-25,19,6608,2022-04-13,0
2021-01-26,21,6629,2022-04-13,0
2021-01-27,11,6640,2022-04-13,0
2021-01-28,12,6652,2022-04-13,0
2021-01-29,15,6667,2022-04-13,0
2021-01-30,13,6680,2022-04-13,0
2021-01-31,17,6697,2022-04-13,0
2021-02-01,17,6714,2022-04-13,0
2021-02-02,10,6724,2022-04-13,0
2021-02-03,11,6735,2022-04-13,0
2021-02-04,11,6746,2022-04-13,0
2021-02-05,13,6759,2022-04-13,0
2021-02-06,12,6771,2022-04-13,0
2021-02-07,19,6790,2022-04-13,0
2021-02-08,11,6801,2022-04-13,0
2021-02-09,15,6816,2022-04-13,0
2021-02-10,14,6830,2022-04-13,0
2021-02-11,7,6837,2022-04-13,0
2021-02-12,14,6851,2022-04-13,0
2021-02-13,8,6859,2022-04-13,0
2021-02-14,10,6869,2022-04-13,0
2021-02-15,9,6878,2022-04-13,0
2021-02-16,12,6890,2022-04-13,0
2021-02-17,10,6900,2022-04-13,0
2021-02-18,7,6907,2022-04-13,0
2021-02-19,6,6913,2022-04-13,0
2021-02-20,7,6920,2022-04-13,0
2021-02-21,4,6924,2022-04-13,0
2021-02-22,5,6929,2022-04-13,0
2021-02-23,9,6938,2022-04-13,0
2021-02-24,5,6943,2022-04-13,0
2021-02-25,5,6948,2022-04-13,0
2021-02-26,7,6955,2022-04-13,0
2021-02-27,6,6961,2022-04-13,0
2021-02-28,8,6969,2022-04-13,0
2021-03-01,7,6976,2022-04-13,0
2021-03-02,3,6979,2022-04-13,0
2021-03-03,10,6989,2022-04-13,0
2021-03-04,6,6995,2022-04-13,0
2021-03-05,10,7005,2022-04-13,0
2021-03-06,5,7010,2022-04-13,0
2021-03-07,9,7019,2022-04-13,0
2021-03-08,5,7024,2022-04-13,0
2021-03-09,7,7031,2022-04-13,0
2021-03-10,5,7036,2022-04-13,0
2021-03-11,4,7040,2022-04-13,0
2021-03-12,11,7051,2022-04-13,0
2021-03-13,5,7056,2022-04-13,0
2021-03-14,5,7061,2022-04-13,0
2021-03-15,2,7063,2022-04-13,0
2021-03-16,6,7069,2022-04-13,0
2021-03-17,4,7073,2022-04-13,0
2021-03-18,5,7078,2022-04-13,0
2021-03-19,5,7083,2022-04-13,0
2021-03-20,9,7092,2022-04-13,0
2021-03-21,5,7097,2022-04-13,0
2021-03-22,4,7101,2022-04-13,0
2021-03-23,5,7106,2022-04-13,0
2021-03-24,1,7107,2022-04-13,0
2021-03-25,5,7112,2022-04-13,0
2021-03-26,3,7115,2022-04-13,0
2021-03-27,7,7122,2022-04-13,0
2021-03-28,6,7128,2022-04-13,0
2021-03-29,5,7133,2022-04-13,0
2021-03-30,6,7139,2022-04-13,0
2021-03-31,8,7147,2022-04-13,0
2021-04-01,6,7153,2022-04-13,0
2021-04-02,9,7162,2022-04-13,0
2021-04-03,8,7170,2022-04-13,0
2021-04-04,6,7176,2022-04-13,0
2021-04-05,8,7184,2022-04-13,0
2021-04-06,7,7191,2022-04-13,0
2021-04-07,6,7197,2022-04-13,0
2021-04-08,10,7207,2022-04-13,0
2021-04-09,7,7214,2022-04-13,0
2021-04-10,7,7221,2022-04-13,0
2021-04-11,8,7229,2022-04-13,0
2021-04-12,10,7239,2022-04-13,0
2021-04-13,7,7246,2022-04-13,0
2021-04-14,8,7254,2022-04-13,0
2021-04-15,14,7268,2022-04-13,0
2021-04-16,8,7276,2022-04-13,0
2021-04-17,8,7284,2022-04-13,0
2021-04-18,8,7292,2022-04-13,0
2021-04-19,10,7302,2022-04-13,0
2021-04-20,5,7307,2022-04-13,0
2021-04-21,8,7315,2022-04-13,0
2021-04-22,3,7318,2022-04-13,0
2021-04-23,15,7333,2022-04-13,0
2021-04-24,11,7344,2022-04-13,0
2021-04-25,15,7359,2022-04-13,0
2021-04-26,15,7374,2022-04-13,0
2021-04-27,7,7381,2022-04-13,0
2021-04-28,14,7395,2022-04-13,0
2021-04-29,8,7403,2022-04-13,0
2021-04-30,11,7414,2022-04-13,0
2021-05-01,7,7421,2022-04-13,0
2021-05-02,8,7429,2022-04-13,0
2021-05-03,5,7434,2022-04-13,0
2021-05-04,13,7447,2022-04-13,0
2021-05-05,9,7456,2022-04-13,0
2021-05-06,5,7461,2022-04-13,0
2021-05-07,8,7469,2022-04-13,0
2021-05-08,7,7476,2022-04-13,0
2021-05-09,9,7485,2022-04-13,0
2021-05-10,8,7493,2022-04-13,0
2021-05-11,6,7499,2022-04-13,0
2021-05-12,9,7508,2022-04-13,0
2021-05-13,9,7517,2022-04-13,0
2021-05-14,11,7528,2022-04-13,0
2021-05-15,10,7538,2022-04-13,0
2021-05-16,6,7544,2022-04-13,0
2021-05-17,6,7550,2022-04-13,0
2021-05-18,7,7557,2022-04-13,0
2021-05-19,2,7559,2022-04-13,0
2021-05-20,5,7564,2022-04-13,0
2021-05-21,7,7571,2022-04-13,0
2021-05-22,12,7583,2022-04-13,0
2021-05-23,5,7588,2022-04-13,0
2021-05-24,5,7593,2022-04-13,0
2021-05-25,6,7599,2022-04-13,0
2021-05-26,3,7602,2022-04-13,0
2021-05-27,7,7609,2022-04-13,0
2021-05-28,2,7611,2022-04-13,0
2021-05-29,6,7617,2022-04-13,0
2021-05-30,4,7621,2022-04-13,0
2021-05-31,3,7624,2022-04-13,0
2021-06-01,5,7629,2022-04-13,0
2021-06-02,8,7637,2022-04-13,0
2021-06-03,4,7641,2022-04-13,0
2021-06-04,4,7645,2022-04-13,0
2021-06-05,2,7647,2022-04-13,0
2021-06-06,5,7652,2022-04-13,0
2021-06-07,3,7655,2022-04-13,0
2021-06-08,5,7660,2022-04-13,0
2021-06-09,4,7664,2022-04-13,0
2021-06-10,6,7670,2022-04-13,0
2021-06-11,6,7676,2022-04-13,0
2021-06-12,4,7680,2022-04-13,0
2021-06-13,4,7684,2022-04-13,0
2021-06-14,3,7687,2022-04-13,0
2021-06-15,2,7689,2022-04-13,0
2021-06-16,2,7691,2022-04-13,0
2021-06-17,4,7695,2022-04-13,0
2021-06-18,2,7697,2022-04-13,0
2021-06-19,6,7703,2022-04-13,0
2021-06-20,1,7704,2022-04-13,0
2021-06-21,5,7709,2022-04-13,0
2021-06-22,3,7712,2022-04-13,0
2021-06-23,4,7716,2022-04-13,0
2021-06-24,3,7719,2022-04-13,0
2021-06-25,3,7722,2022-04-13,0
2021-06-26,4,7726,2022-04-13,0
2021-06-27,2,7728,2022-04-13,0
2021-06-28,2,7730,2022-04-13,0
2021-06-29,2,7732,2022-04-13,0
2021-06-30,2,7734,2022-04-13,0
2021-07-01,0,7734,2022-04-13,0
2021-07-02,2,7736,2022-04-13,0
2021-07-03,2,7738,2022-04-13,0
2021-07-04,3,7741,2022-04-13,0
2021-07-05,1,7742,2022-04-13,0
2021-07-06,5,7747,2022-04-13,0
2021-07-07,1,7748,2022-04-13,0
2021-07-08,1,7749,2022-04-13,0
2021-07-09,0,7749,2022-04-13,0
2021-07-10,2,7751,2022-04-13,0
2021-07-11,3,7754,2022-04-13,0
2021-07-12,1,7755,2022-04-13,0
2021-07-13,2,7757,2022-04-13,0
2021-07-14,2,7759,2022-04-13,0
2021-07-15,2,7761,2022-04-13,0
2021-07-16,1,7762,2022-04-13,0
2021-07-17,1,7763,2022-04-13,0
2021-07-18,0,7763,2022-04-13,0
2021-07-19,0,7763,2022-04-13,0
2021-07-20,2,7765,2022-04-13,0
2021-07-21,3,7768,2022-04-13,0
2021-07-22,2,7770,2022-04-13,0
2021-07-23,3,7773,2022-04-13,0
2021-07-24,0,7773,2022-04-13,0
2021-07-25,2,7775,2022-04-13,0
2021-07-26,1,7776,2022-04-13,0
2021-07-27,2,7778,2022-04-13,0
2021-07-28,3,7781,2022-04-13,0
2021-07-29,2,7783,2022-04-13,0
2021-07-30,5,7788,2022-04-13,0
2021-07-31,4,7792,2022-04-13,0
2021-08-01,1,7793,2022-04-13,0
2021-08-02,3,7796,2022-04-13,0
2021-08-03,2,7798,2022-04-13,0
2021-08-04,3,7801,2022-04-13,0
2021-08-05,2,7803,2022-04-13,0
2021-08-06,8,7811,2022-04-13,0
2021-08-07,3,7814,2022-04-13,0
2021-08-08,3,7817,2022-04-13,0
2021-08-09,3,7820,2022-04-13,0
2021-08-10,2,7822,2022-04-13,0
2021-08-11,2,7824,2022-04-13,0
2021-08-12,7,7831,2022-04-13,0
2021-08-13,5,7836,2022-04-13,0
2021-08-14,6,7842,2022-04-13,0
2021-08-15,0,7842,2022-04-13,0
2021-08-16,7,7849,2022-04-13,0
2021-08-17,7,7856,2022-04-13,0
2021-08-18,9,7865,2022-04-13,0
2021-08-19,2,7867,2022-04-13,0
2021-08-20,3,7870,2022-04-13,0
2021-08-21,5,7875,2022-04-13,0
2021-08-22,7,7882,2022-04-13,0
2021-08-23,5,7887,2022-04-13,0
2021-08-24,12,7899,2022-04-13,0
2021-08-25,7,7906,2022-04-13,0
2021-08-26,2,7908,2022-04-13,0
2021-08-27,6,7914,2022-04-13,0
2021-08-28,11,7925,2022-04-13,0
2021-08-29,11,7936,2022-04-13,0
2021-08-30,8,7944,2022-04-13,0
2021-08-31,8,7952,2022-04-13,0
2021-09-01,6,7958,2022-04-13,0
2021-09-02,6,7964,2022-04-13,0
2021-09-03,9,7973,2022-04-13,0
2021-09-04,9,7982,2022-04-13,0
2021-09-05,10,7992,2022-04-13,0
2021-09-06,8,8000,2022-04-13,0
2021-09-07,7,8007,2022-04-13,0
2021-09-08,11,8018,2022-04-13,0
2021-09-09,5,8023,2022-04-13,0
2021-09-10,9,8032,2022-04-13,0
2021-09-11,17,8049,2022-04-13,0
2021-09-12,10,8059,2022-04-13,0
2021-09-13,8,8067,2022-04-13,0
2021-09-14,11,8078,2022-04-13,0
2021-09-15,14,8092,2022-04-13,0
2021-09-16,16,8108,2022-04-13,0
2021-09-17,8,8116,2022-04-13,0
2021-09-18,15,8131,2022-04-13,0
2021-09-19,11,8142,2022-04-13,0
2021-09-20,16,8158,2022-04-13,0
2021-09-21,16,8174,2022-04-13,0
2021-09-22,17,8191,2022-04-13,0
2021-09-23,13,8204,2022-04-13,0
2021-09-24,13,8217,2022-04-13,0
2021-09-25,16,8233,2022-04-13,0
2021-09-26,15,8248,2022-04-13,0
2021-09-27,15,8263,2022-04-13,0
2021-09-28,11,8274,2022-04-13,0
2021-09-29,21,8295,2022-04-13,0
2021-09-30,17,8312,2022-04-13,0
2021-10-01,13,8325,2022-04-13,0
2021-10-02,15,8340,2022-04-13,0
2021-10-03,23,8363,2022-04-13,0
2021-10-04,15,8378,2022-04-13,0
2021-10-05,23,8401,2022-04-13,0
2021-10-06,21,8422,2022-04-13,0
2021-10-07,14,8436,2022-04-13,0
2021-10-08,22,8458,2022-04-13,0
2021-10-09,20,8478,2022-04-13,0
2021-10-10,14,8492,2022-04-13,0
2021-10-11,11,8503,2022-04-13,0
2021-10-12,25,8528,2022-04-13,0
2021-10-13,21,8549,2022-04-13,0
2021-10-14,22,8571,2022-04-13,0
2021-10-15,14,8585,2022-04-13,0
2021-10-16,20,8605,2022-04-13,0
2021-10-17,18,8623,2022-04-13,0
2021-10-18,17,8640,2022-04-13,0
2021-10-19,26,8666,2022-04-13,0
2021-10-20,17,8683,2022-04-13,0
2021-10-21,8,8691,2022-04-13,0
2021-10-22,23,8714,2022-04-13,0
2021-10-23,24,8738,2022-04-13,0
2021-10-24,25,8763,2022-04-13,0
2021-10-25,20,8783,2022-04-13,0
2021-10-26,22,8805,2022-04-13,0
2021-10-27,16,8821,2022-04-13,0
2021-10-28,24,8845,2022-04-13,0
2021-10-29,20,8865,2022-04-13,0
2021-10-30,20,8885,2022-04-13,0
2021-10-31,27,8912,2022-04-13,0
2021-11-01,18,8930,2022-04-13,0
2021-11-02,18,8948,2022-04-13,0
2021-11-03,28,8976,2022-04-13,0
2021-11-04,30,9006,2022-04-13,1
2021-11-05,29,9035,2022-04-13,0
2021-11-06,16,9051,2022-04-13,0
2021-11-07,24,9075,2022-04-13,0
2021-11-08,28,9103,2022-04-13,0
2021-11-09,17,9120,2022-04-13,0
2021-11-10,18,9138,2022-04-13,0
2021-11-11,28,9166,2022-04-13,0
2021-11-12,29,9195,2022-04-13,0
2021-11-13,31,9226,2022-04-13,0
2021-11-14,24,9250,2022-04-13,0
2021-11-15,28,9278,2022-04-13,0
2021-11-16,25,9303,2022-04-13,0
2021-11-17,37,9340,2022-04-13,0
2021-11-18,38,9378,2022-04-13,0
2021-11-19,34,9412,2022-04-13,0
2021-11-20,30,9442,2022-04-13,0
2021-11-21,32,9474,2022-04-13,0
2021-11-22,30,9504,2022-04-13,0
2021-11-23,32,9536,2022-04-13,0
2021-11-24,25,9561,2022-04-13,0
2021-11-25,35,9596,2022-04-13,0
2021-11-26,51,9647,2022-04-13,0
2021-11-27,36,9683,2022-04-13,0
2021-11-28,39,9722,2022-04-13,0
2021-11-29,29,9751,2022-04-13,0
2021-11-30,30,9781,2022-04-13,0
2021-12-01,47,9828,2022-04-13,0
2021-12-02,40,9868,2022-04-13,0
2021-12-03,31,9899,2022-04-13,0
2021-12-04,42,9941,2022-04-13,0
2021-12-05,36,9977,2022-04-13,0
2021-12-06,36,10013,2022-04-13,0
2021-12-07,36,10049,2022-04-13,0
2021-12-08,39,10088,2022-04-13,0
2021-12-09,47,10135,2022-04-13,0
2021-12-10,34,10169,2022-04-13,0
2021-12-11,27,10196,2022-04-13,0
2021-12-12,37,10233,2022-04-13,0
2021-12-13,34,10267,2022-04-13,0
2021-12-14,35,10302,2022-04-13,0
2021-12-15,42,10344,2022-04-13,0
2021-12-16,33,10377,2022-04-13,0
2021-12-17,41,10418,2022-04-13,0
2021-12-18,33,10451,2022-04-13,0
2021-12-19,31,10482,2022-04-13,0
2021-12-20,33,10515,2022-04-13,0
2021-12-21,28,10543,2022-04-13,0
2021-12-22,29,10572,2022-04-13,0
2021-12-23,28,10600,2022-04-13,0
2021-12-24,30,10630,2022-04-13,0
2021-12-25,28,10658,2022-04-13,0
2021-12-26,42,10700,2022-04-13,0
2021-12-27,32,10732,2022-04-13,0
2021-12-28,35,10767,2022-04-13,0
2021-12-29,31,10798,2022-04-13,0
2021-12-30,21,10819,2022-04-13,0
2021-12-31,40,10859,2022-04-13,0
2022-01-01,27,10886,2022-04-13,0
2022-01-02,22,10908,2022-04-13,0
2022-01-03,23,10931,2022-04-13,0
2022-01-04,30,10961,2022-04-13,0
2022-01-05,32,10993,2022-04-13,0
2022-01-06,32,11025,2022-04-13,0
2022-01-07,28,11053,2022-04-13,0
2022-01-08,43,11096,2022-04-13,0
2022-01-09,20,11116,2022-04-13,0
2022-01-10,31,11147,2022-04-13,0
2022-01-11,20,11167,2022-04-13,0
2022-01-12,21,11188,2022-04-13,0
2022-01-13,28,11216,2022-04-13,0
2022-01-14,33,11249,2022-04-13,0
2022-01-15,27,11276,2022-04-13,0
2022-01-16,34,11310,2022-04-13,0
2022-01-17,36,11346,2022-04-13,0
2022-01-18,26,11372,2022-04-13,0
2022-01-19,29,11401,2022-04-13,0
2022-01-20,31,11432,2022-04-13,0
2022-01-21,27,11459,2022-04-13,0
2022-01-22,29,11488,2022-04-13,0
2022-01-23,24,11512,2022-04-13,0
2022-01-24,38,11550,2022-04-13,0
2022-01-25,33,11583,2022-04-13,0
2022-01-26,35,11618,2022-04-13,0
2022-01-27,37,11655,2022-04-13,0
2022-01-28,31,11686,2022-04-13,0
2022-01-29,31,11717,2022-04-13,0
2022-01-30,27,11744,2022-04-13,0
2022-01-31,18,11762,2022-04-13,0
2022-02-01,25,11787,2022-04-13,0
2022-02-02,23,11810,2022-04-13,0
2022-02-03,30,11840,2022-04-13,0
2022-02-04,22,11862,2022-04-13,0
2022-02-05,28,11890,2022-04-13,0
2022-02-06,28,11918,2022-04-13,0
2022-02-07,20,11938,2022-04-13,0
2022-02-08,27,11965,2022-04-13,0
2022-02-09,25,11990,2022-04-13,0
2022-02-10,22,12012,2022-04-13,0
2022-02-11,19,12031,2022-04-13,0
2022-02-12,16,12047,2022-04-13,0
2022-02-13,19,12066,2022-04-13,0
2022-02-14,18,12084,2022-04-13,1
2022-02-15,21,12105,2022-04-13,0
2022-02-16,14,12119,2022-04-13,0
2022-02-17,16,12135,2022-04-13,0
2022-02-18,16,12151,2022-04-13,0
2022-02-19,21,12172,2022-04-13,0
2022-02-20,15,12187,2022-04-13,0
2022-02-21,6,12193,2022-04-13,0
2022-02-22,14,12207,2022-04-13,0
2022-02-23,9,12216,2022-04-13,0
2022-02-24,28,12244,2022-04-13,0
2022-02-25,9,12253,2022-04-13,0
2022-02-26,10,12263,2022-04-13,0
2022-02-27,11,12274,2022-04-13,0
2022-02-28,7,12281,2022-04-13,0
2022-03-01,7,12288,2022-04-13,0
2022-03-02,9,12297,2022-04-13,0
2022-03-03,6,12303,2022-04-13,0
2022-03-04,11,12314,2022-04-13,0
2022-03-05,6,12320,2022-04-13,0
2022-03-06,10,12330,2022-04-13,0
2022-03-07,4,12334,2022-04-13,0
2022-03-08,5,12339,2022-04-13,0
2022-03-09,11,12350,2022-04-13,0
2022-03-10,9,12359,2022-04-13,0
2022-03-11,8,12367,2022-04-13,0
2022-03-12,0,12367,2022-04-13,0
2022-03-13,4,12371,2022-04-13,0
2022-03-14,4,12375,2022-04-13,0
2022-03-15,4,12379,2022-04-13,0
2022-03-16,0,12379,2022-04-13,0
2022-03-17,7,12386,2022-04-13,0
2022-03-18,2,12388,2022-04-13,0
2022-03-19,3,12391,2022-04-13,0
2022-03-20,9,12400,2022-04-13,0
2022-03-21,2,12402,2022-04-13,0
2022-03-22,3,12405,2022-04-13,0
2022-03-23,6,12411,2022-04-13,0
2022-03-24,4,12415,2022-04-13,0
2022-03-25,6,12421,2022-04-13,0
2022-03-26,2,12423,2022-04-13,0
2022-03-27,2,12425,2022-04-13,0
2022-03-28,4,12429,2022-04-13,0
2022-03-29,2,12431,2022-04-13,0
2022-03-30,2,12433,2022-04-13,0
2022-03-31,6,12439,2022-04-13,0
2022-04-01,2,12441,2022-04-13,0
2022-04-02,2,12443,2022-04-13,0
2022-04-03,2,12445,2022-04-13,0
2022-04-04,2,12447,2022-04-13,0
2022-04-05,2,12449,2022-04-13,0
2022-04-06,3,12452,2022-04-13,2
2022-04-07,2,12454,2022-04-13,1
NA,0,12454,2022-04-13,0
2020-03-19,1,1,2022-04-14,0
2020-03-20,0,1,2022-04-14,0
2020-03-21,0,1,2022-04-14,0
2020-03-22,0,1,2022-04-14,0
2020-03-23,0,1,2022-04-14,0
2020-03-24,1,2,2022-04-14,0
2020-03-25,1,3,2022-04-14,0
2020-03-26,1,4,2022-04-14,0
2020-03-27,5,9,2022-04-14,0
2020-03-28,3,12,2022-04-14,0
2020-03-29,0,12,2022-04-14,0
2020-03-30,5,17,2022-04-14,0
2020-03-31,2,19,2022-04-14,0
2020-04-01,5,24,2022-04-14,0
2020-04-02,3,27,2022-04-14,0
2020-04-03,1,28,2022-04-14,0
2020-04-04,5,33,2022-04-14,0
2020-04-05,5,38,2022-04-14,0
2020-04-06,10,48,2022-04-14,0
2020-04-07,6,54,2022-04-14,0
2020-04-08,7,61,2022-04-14,0
2020-04-09,8,69,2022-04-14,0
2020-04-10,6,75,2022-04-14,0
2020-04-11,4,79,2022-04-14,0
2020-04-12,4,83,2022-04-14,0
2020-04-13,10,93,2022-04-14,0
2020-04-14,6,99,2022-04-14,0
2020-04-15,17,116,2022-04-14,0
2020-04-16,10,126,2022-04-14,0
2020-04-17,17,143,2022-04-14,0
2020-04-18,17,160,2022-04-14,0
2020-04-19,16,176,2022-04-14,0
2020-04-20,21,197,2022-04-14,0
2020-04-21,26,223,2022-04-14,0
2020-04-22,21,244,2022-04-14,0
2020-04-23,19,263,2022-04-14,0
2020-04-24,23,286,2022-04-14,0
2020-04-25,18,304,2022-04-14,0
2020-04-26,17,321,2022-04-14,0
2020-04-27,21,342,2022-04-14,0
2020-04-28,16,358,2022-04-14,0
2020-04-29,29,387,2022-04-14,0
2020-04-30,18,405,2022-04-14,0
2020-05-01,30,435,2022-04-14,0
2020-05-02,19,454,2022-04-14,0
2020-05-03,29,483,2022-04-14,0
2020-05-04,23,506,2022-04-14,0
2020-05-05,19,525,2022-04-14,0
2020-05-06,25,550,2022-04-14,0
2020-05-07,30,580,2022-04-14,0
2020-05-08,20,600,2022-04-14,0
2020-05-09,26,626,2022-04-14,0
2020-05-10,19,645,2022-04-14,0
2020-05-11,25,670,2022-04-14,0
2020-05-12,20,690,2022-04-14,0
2020-05-13,22,712,2022-04-14,0
2020-05-14,20,732,2022-04-14,0
2020-05-15,20,752,2022-04-14,0
2020-05-16,20,772,2022-04-14,0
2020-05-17,23,795,2022-04-14,0
2020-05-18,18,813,2022-04-14,0
2020-05-19,35,848,2022-04-14,0
2020-05-20,24,872,2022-04-14,0
2020-05-21,17,889,2022-04-14,0
2020-05-22,20,909,2022-04-14,0
2020-05-23,26,935,2022-04-14,0
2020-05-24,25,960,2022-04-14,0
2020-05-25,30,990,2022-04-14,0
2020-05-26,29,1019,2022-04-14,0
2020-05-27,25,1044,2022-04-14,0
2020-05-28,21,1065,2022-04-14,0
2020-05-29,17,1082,2022-04-14,0
2020-05-30,11,1093,2022-04-14,0
2020-05-31,20,1113,2022-04-14,0
2020-06-01,23,1136,2022-04-14,0
2020-06-02,21,1157,2022-04-14,0
2020-06-03,25,1182,2022-04-14,0
2020-06-04,26,1208,2022-04-14,0
2020-06-05,18,1226,2022-04-14,0
2020-06-06,12,1238,2022-04-14,0
2020-06-07,22,1260,2022-04-14,0
2020-06-08,12,1272,2022-04-14,0
2020-06-09,13,1285,2022-04-14,0
2020-06-10,10,1295,2022-04-14,0
2020-06-11,12,1307,2022-04-14,0
2020-06-12,11,1318,2022-04-14,0
2020-06-13,13,1331,2022-04-14,0
2020-06-14,11,1342,2022-04-14,0
2020-06-15,8,1350,2022-04-14,0
2020-06-16,9,1359,2022-04-14,0
2020-06-17,17,1376,2022-04-14,0
2020-06-18,9,1385,2022-04-14,0
2020-06-19,8,1393,2022-04-14,0
2020-06-20,12,1405,2022-04-14,0
2020-06-21,11,1416,2022-04-14,0
2020-06-22,6,1422,2022-04-14,0
2020-06-23,10,1432,2022-04-14,0
2020-06-24,1,1433,2022-04-14,0
2020-06-25,9,1442,2022-04-14,0
2020-06-26,6,1448,2022-04-14,0
2020-06-27,5,1453,2022-04-14,0
2020-06-28,11,1464,2022-04-14,0
2020-06-29,7,1471,2022-04-14,0
2020-06-30,9,1480,2022-04-14,0
2020-07-01,2,1482,2022-04-14,0
2020-07-02,3,1485,2022-04-14,0
2020-07-03,5,1490,2022-04-14,0
2020-07-04,4,1494,2022-04-14,0
2020-07-05,6,1500,2022-04-14,0
2020-07-06,4,1504,2022-04-14,0
2020-07-07,2,1506,2022-04-14,0
2020-07-08,9,1515,2022-04-14,0
2020-07-09,4,1519,2022-04-14,0
2020-07-10,3,1522,2022-04-14,0
2020-07-11,4,1526,2022-04-14,0
2020-07-12,6,1532,2022-04-14,0
2020-07-13,2,1534,2022-04-14,0
2020-07-14,6,1540,2022-04-14,0
2020-07-15,7,1547,2022-04-14,0
2020-07-16,3,1550,2022-04-14,0
2020-07-17,7,1557,2022-04-14,0
2020-07-18,6,1563,2022-04-14,0
2020-07-19,5,1568,2022-04-14,0
2020-07-20,3,1571,2022-04-14,0
2020-07-21,6,1577,2022-04-14,0
2020-07-22,5,1582,2022-04-14,0
2020-07-23,8,1590,2022-04-14,0
2020-07-24,6,1596,2022-04-14,0
2020-07-25,2,1598,2022-04-14,0
2020-07-26,5,1603,2022-04-14,0
2020-07-27,5,1608,2022-04-14,0
2020-07-28,7,1615,2022-04-14,0
2020-07-29,3,1618,2022-04-14,0
2020-07-30,6,1624,2022-04-14,0
2020-07-31,9,1633,2022-04-14,0
2020-08-01,4,1637,2022-04-14,0
2020-08-02,7,1644,2022-04-14,0
2020-08-03,4,1648,2022-04-14,0
2020-08-04,7,1655,2022-04-14,0
2020-08-05,8,1663,2022-04-14,0
2020-08-06,9,1672,2022-04-14,0
2020-08-07,7,1679,2022-04-14,0
2020-08-08,6,1685,2022-04-14,0
2020-08-09,10,1695,2022-04-14,0
2020-08-10,3,1698,2022-04-14,0
2020-08-11,9,1707,2022-04-14,0
2020-08-12,7,1714,2022-04-14,0
2020-08-13,5,1719,2022-04-14,0
2020-08-14,9,1728,2022-04-14,0
2020-08-15,13,1741,2022-04-14,0
2020-08-16,13,1754,2022-04-14,0
2020-08-17,6,1760,2022-04-14,0
2020-08-18,11,1771,2022-04-14,0
2020-08-19,3,1774,2022-04-14,0
2020-08-20,10,1784,2022-04-14,0
2020-08-21,12,1796,2022-04-14,0
2020-08-22,9,1805,2022-04-14,0
2020-08-23,7,1812,2022-04-14,0
2020-08-24,9,1821,2022-04-14,0
2020-08-25,4,1825,2022-04-14,0
2020-08-26,3,1828,2022-04-14,0
2020-08-27,7,1835,2022-04-14,0
2020-08-28,6,1841,2022-04-14,0
2020-08-29,3,1844,2022-04-14,0
2020-08-30,5,1849,2022-04-14,0
2020-08-31,9,1858,2022-04-14,0
2020-09-01,2,1860,2022-04-14,0
2020-09-02,7,1867,2022-04-14,0
2020-09-03,12,1879,2022-04-14,0
2020-09-04,4,1883,2022-04-14,0
2020-09-05,6,1889,2022-04-14,0
2020-09-06,12,1901,2022-04-14,0
2020-09-07,3,1904,2022-04-14,0
2020-09-08,6,1910,2022-04-14,0
2020-09-09,10,1920,2022-04-14,0
2020-09-10,9,1929,2022-04-14,0
2020-09-11,11,1940,2022-04-14,0
2020-09-12,8,1948,2022-04-14,0
2020-09-13,8,1956,2022-04-14,0
2020-09-14,2,1958,2022-04-14,0
2020-09-15,7,1965,2022-04-14,0
2020-09-16,9,1974,2022-04-14,0
2020-09-17,5,1979,2022-04-14,0
2020-09-18,6,1985,2022-04-14,0
2020-09-19,4,1989,2022-04-14,0
2020-09-20,9,1998,2022-04-14,0
2020-09-21,7,2005,2022-04-14,0
2020-09-22,8,2013,2022-04-14,0
2020-09-23,9,2022,2022-04-14,0
2020-09-24,8,2030,2022-04-14,0
2020-09-25,11,2041,2022-04-14,0
2020-09-26,9,2050,2022-04-14,0
2020-09-27,14,2064,2022-04-14,0
2020-09-28,11,2075,2022-04-14,0
2020-09-29,5,2080,2022-04-14,0
2020-09-30,16,2096,2022-04-14,0
2020-10-01,7,2103,2022-04-14,0
2020-10-02,13,2116,2022-04-14,0
2020-10-03,9,2125,2022-04-14,0
2020-10-04,7,2132,2022-04-14,0
2020-10-05,10,2142,2022-04-14,0
2020-10-06,13,2155,2022-04-14,0
2020-10-07,19,2174,2022-04-14,0
2020-10-08,9,2183,2022-04-14,0
2020-10-09,17,2200,2022-04-14,0
2020-10-10,16,2216,2022-04-14,0
2020-10-11,16,2232,2022-04-14,0
2020-10-12,20,2252,2022-04-14,0
2020-10-13,14,2266,2022-04-14,0
2020-10-14,10,2276,2022-04-14,0
2020-10-15,9,2285,2022-04-14,0
2020-10-16,12,2297,2022-04-14,0
2020-10-17,18,2315,2022-04-14,0
2020-10-18,25,2340,2022-04-14,0
2020-10-19,18,2358,2022-04-14,0
2020-10-20,15,2373,2022-04-14,0
2020-10-21,24,2397,2022-04-14,0
2020-10-22,18,2415,2022-04-14,0
2020-10-23,19,2434,2022-04-14,0
2020-10-24,8,2442,2022-04-14,0
2020-10-25,17,2459,2022-04-14,0
2020-10-26,25,2484,2022-04-14,0
2020-10-27,23,2507,2022-04-14,0
2020-10-28,29,2536,2022-04-14,0
2020-10-29,18,2554,2022-04-14,0
2020-10-30,27,2581,2022-04-14,0
2020-10-31,25,2606,2022-04-14,0
2020-11-01,21,2627,2022-04-14,0
2020-11-02,25,2652,2022-04-14,0
2020-11-03,25,2677,2022-04-14,0
2020-11-04,33,2710,2022-04-14,0
2020-11-05,38,2748,2022-04-14,0
2020-11-06,39,2787,2022-04-14,0
2020-11-07,42,2829,2022-04-14,0
2020-11-08,47,2876,2022-04-14,0
2020-11-09,37,2913,2022-04-14,0
2020-11-10,35,2948,2022-04-14,0
2020-11-11,43,2991,2022-04-14,0
2020-11-12,45,3036,2022-04-14,0
2020-11-13,40,3076,2022-04-14,0
2020-11-14,48,3124,2022-04-14,0
2020-11-15,46,3170,2022-04-14,0
2020-11-16,62,3232,2022-04-14,0
2020-11-17,56,3288,2022-04-14,0
2020-11-18,61,3349,2022-04-14,0
2020-11-19,60,3409,2022-04-14,0
2020-11-20,63,3472,2022-04-14,0
2020-11-21,58,3530,2022-04-14,0
2020-11-22,67,3597,2022-04-14,0
2020-11-23,59,3656,2022-04-14,0
2020-11-24,69,3725,2022-04-14,0
2020-11-25,72,3797,2022-04-14,0
2020-11-26,54,3851,2022-04-14,0
2020-11-27,69,3920,2022-04-14,0
2020-11-28,62,3982,2022-04-14,0
2020-11-29,68,4050,2022-04-14,0
2020-11-30,62,4112,2022-04-14,0
2020-12-01,64,4176,2022-04-14,0
2020-12-02,73,4249,2022-04-14,0
2020-12-03,86,4335,2022-04-14,0
2020-12-04,67,4402,2022-04-14,0
2020-12-05,74,4476,2022-04-14,0
2020-12-06,80,4556,2022-04-14,0
2020-12-07,75,4631,2022-04-14,0
2020-12-08,61,4692,2022-04-14,0
2020-12-09,71,4763,2022-04-14,0
2020-12-10,72,4835,2022-04-14,0
2020-12-11,71,4906,2022-04-14,0
2020-12-12,72,4978,2022-04-14,0
2020-12-13,56,5034,2022-04-14,0
2020-12-14,43,5077,2022-04-14,0
2020-12-15,65,5142,2022-04-14,0
2020-12-16,74,5216,2022-04-14,0
2020-12-17,60,5276,2022-04-14,0
2020-12-18,59,5335,2022-04-14,0
2020-12-19,56,5391,2022-04-14,0
2020-12-20,61,5452,2022-04-14,0
2020-12-21,58,5510,2022-04-14,0
2020-12-22,33,5543,2022-04-14,0
2020-12-23,46,5589,2022-04-14,0
2020-12-24,51,5640,2022-04-14,0
2020-12-25,36,5676,2022-04-14,0
2020-12-26,43,5719,2022-04-14,0
2020-12-27,41,5760,2022-04-14,0
2020-12-28,34,5794,2022-04-14,0
2020-12-29,37,5831,2022-04-14,0
2020-12-30,47,5878,2022-04-14,0
2020-12-31,36,5914,2022-04-14,0
2021-01-01,28,5942,2022-04-14,0
2021-01-02,49,5991,2022-04-14,0
2021-01-03,37,6028,2022-04-14,0
2021-01-04,32,6060,2022-04-14,0
2021-01-05,40,6100,2022-04-14,0
2021-01-06,32,6132,2022-04-14,0
2021-01-07,38,6170,2022-04-14,0
2021-01-08,32,6202,2022-04-14,0
2021-01-09,26,6228,2022-04-14,0
2021-01-10,30,6258,2022-04-14,0
2021-01-11,27,6285,2022-04-14,0
2021-01-12,32,6317,2022-04-14,0
2021-01-13,23,6340,2022-04-14,0
2021-01-14,42,6382,2022-04-14,0
2021-01-15,26,6408,2022-04-14,0
2021-01-16,30,6438,2022-04-14,0
2021-01-17,21,6459,2022-04-14,0
2021-01-18,19,6478,2022-04-14,0
2021-01-19,14,6492,2022-04-14,0
2021-01-20,26,6518,2022-04-14,0
2021-01-21,16,6534,2022-04-14,0
2021-01-22,14,6548,2022-04-14,0
2021-01-23,17,6565,2022-04-14,0
2021-01-24,24,6589,2022-04-14,0
2021-01-25,19,6608,2022-04-14,0
2021-01-26,21,6629,2022-04-14,0
2021-01-27,11,6640,2022-04-14,0
2021-01-28,12,6652,2022-04-14,0
2021-01-29,15,6667,2022-04-14,0
2021-01-30,13,6680,2022-04-14,0
2021-01-31,17,6697,2022-04-14,0
2021-02-01,17,6714,2022-04-14,0
2021-02-02,10,6724,2022-04-14,0
2021-02-03,11,6735,2022-04-14,0
2021-02-04,11,6746,2022-04-14,0
2021-02-05,13,6759,2022-04-14,0
2021-02-06,12,6771,2022-04-14,0
2021-02-07,19,6790,2022-04-14,0
2021-02-08,11,6801,2022-04-14,0
2021-02-09,15,6816,2022-04-14,0
2021-02-10,14,6830,2022-04-14,0
2021-02-11,7,6837,2022-04-14,0
2021-02-12,14,6851,2022-04-14,0
2021-02-13,8,6859,2022-04-14,0
2021-02-14,10,6869,2022-04-14,0
2021-02-15,9,6878,2022-04-14,0
2021-02-16,12,6890,2022-04-14,0
2021-02-17,10,6900,2022-04-14,0
2021-02-18,7,6907,2022-04-14,0
2021-02-19,6,6913,2022-04-14,0
2021-02-20,7,6920,2022-04-14,0
2021-02-21,4,6924,2022-04-14,0
2021-02-22,5,6929,2022-04-14,0
2021-02-23,9,6938,2022-04-14,0
2021-02-24,5,6943,2022-04-14,0
2021-02-25,5,6948,2022-04-14,0
2021-02-26,7,6955,2022-04-14,0
2021-02-27,6,6961,2022-04-14,0
2021-02-28,8,6969,2022-04-14,0
2021-03-01,7,6976,2022-04-14,0
2021-03-02,3,6979,2022-04-14,0
2021-03-03,10,6989,2022-04-14,0
2021-03-04,6,6995,2022-04-14,0
2021-03-05,10,7005,2022-04-14,0
2021-03-06,5,7010,2022-04-14,0
2021-03-07,9,7019,2022-04-14,0
2021-03-08,5,7024,2022-04-14,0
2021-03-09,7,7031,2022-04-14,0
2021-03-10,5,7036,2022-04-14,0
2021-03-11,4,7040,2022-04-14,0
2021-03-12,11,7051,2022-04-14,0
2021-03-13,5,7056,2022-04-14,0
2021-03-14,5,7061,2022-04-14,0
2021-03-15,2,7063,2022-04-14,0
2021-03-16,6,7069,2022-04-14,0
2021-03-17,4,7073,2022-04-14,0
2021-03-18,5,7078,2022-04-14,0
2021-03-19,5,7083,2022-04-14,0
2021-03-20,9,7092,2022-04-14,0
2021-03-21,5,7097,2022-04-14,0
2021-03-22,4,7101,2022-04-14,0
2021-03-23,5,7106,2022-04-14,0
2021-03-24,1,7107,2022-04-14,0
2021-03-25,5,7112,2022-04-14,0
2021-03-26,3,7115,2022-04-14,0
2021-03-27,7,7122,2022-04-14,0
2021-03-28,6,7128,2022-04-14,0
2021-03-29,5,7133,2022-04-14,0
2021-03-30,6,7139,2022-04-14,0
2021-03-31,8,7147,2022-04-14,0
2021-04-01,6,7153,2022-04-14,0
2021-04-02,9,7162,2022-04-14,0
2021-04-03,8,7170,2022-04-14,0
2021-04-04,6,7176,2022-04-14,0
2021-04-05,8,7184,2022-04-14,0
2021-04-06,7,7191,2022-04-14,0
2021-04-07,6,7197,2022-04-14,0
2021-04-08,10,7207,2022-04-14,0
2021-04-09,7,7214,2022-04-14,0
2021-04-10,7,7221,2022-04-14,0
2021-04-11,8,7229,2022-04-14,0
2021-04-12,10,7239,2022-04-14,0
2021-04-13,7,7246,2022-04-14,0
2021-04-14,8,7254,2022-04-14,0
2021-04-15,14,7268,2022-04-14,0
2021-04-16,8,7276,2022-04-14,0
2021-04-17,8,7284,2022-04-14,0
2021-04-18,8,7292,2022-04-14,0
2021-04-19,10,7302,2022-04-14,0
2021-04-20,5,7307,2022-04-14,0
2021-04-21,8,7315,2022-04-14,0
2021-04-22,3,7318,2022-04-14,0
2021-04-23,15,7333,2022-04-14,0
2021-04-24,11,7344,2022-04-14,0
2021-04-25,15,7359,2022-04-14,0
2021-04-26,15,7374,2022-04-14,0
2021-04-27,7,7381,2022-04-14,0
2021-04-28,14,7395,2022-04-14,0
2021-04-29,8,7403,2022-04-14,0
2021-04-30,11,7414,2022-04-14,0
2021-05-01,7,7421,2022-04-14,0
2021-05-02,8,7429,2022-04-14,0
2021-05-03,5,7434,2022-04-14,0
2021-05-04,13,7447,2022-04-14,0
2021-05-05,9,7456,2022-04-14,0
2021-05-06,5,7461,2022-04-14,0
2021-05-07,8,7469,2022-04-14,0
2021-05-08,7,7476,2022-04-14,0
2021-05-09,9,7485,2022-04-14,0
2021-05-10,8,7493,2022-04-14,0
2021-05-11,6,7499,2022-04-14,0
2021-05-12,9,7508,2022-04-14,0
2021-05-13,9,7517,2022-04-14,0
2021-05-14,11,7528,2022-04-14,0
2021-05-15,10,7538,2022-04-14,0
2021-05-16,6,7544,2022-04-14,0
2021-05-17,6,7550,2022-04-14,0
2021-05-18,7,7557,2022-04-14,0
2021-05-19,2,7559,2022-04-14,0
2021-05-20,5,7564,2022-04-14,0
2021-05-21,7,7571,2022-04-14,0
2021-05-22,12,7583,2022-04-14,0
2021-05-23,5,7588,2022-04-14,0
2021-05-24,5,7593,2022-04-14,0
2021-05-25,6,7599,2022-04-14,0
2021-05-26,3,7602,2022-04-14,0
2021-05-27,7,7609,2022-04-14,0
2021-05-28,2,7611,2022-04-14,0
2021-05-29,6,7617,2022-04-14,0
2021-05-30,4,7621,2022-04-14,0
2021-05-31,3,7624,2022-04-14,0
2021-06-01,5,7629,2022-04-14,0
2021-06-02,8,7637,2022-04-14,0
2021-06-03,4,7641,2022-04-14,0
2021-06-04,4,7645,2022-04-14,0
2021-06-05,2,7647,2022-04-14,0
2021-06-06,5,7652,2022-04-14,0
2021-06-07,3,7655,2022-04-14,0
2021-06-08,5,7660,2022-04-14,0
2021-06-09,4,7664,2022-04-14,0
2021-06-10,6,7670,2022-04-14,0
2021-06-11,6,7676,2022-04-14,0
2021-06-12,4,7680,2022-04-14,0
2021-06-13,4,7684,2022-04-14,0
2021-06-14,3,7687,2022-04-14,0
2021-06-15,2,7689,2022-04-14,0
2021-06-16,2,7691,2022-04-14,0
2021-06-17,4,7695,2022-04-14,0
2021-06-18,2,7697,2022-04-14,0
2021-06-19,6,7703,2022-04-14,0
2021-06-20,1,7704,2022-04-14,0
2021-06-21,5,7709,2022-04-14,0
2021-06-22,3,7712,2022-04-14,0
2021-06-23,4,7716,2022-04-14,0
2021-06-24,3,7719,2022-04-14,0
2021-06-25,3,7722,2022-04-14,0
2021-06-26,4,7726,2022-04-14,0
2021-06-27,2,7728,2022-04-14,0
2021-06-28,2,7730,2022-04-14,0
2021-06-29,2,7732,2022-04-14,0
2021-06-30,2,7734,2022-04-14,0
2021-07-01,0,7734,2022-04-14,0
2021-07-02,2,7736,2022-04-14,0
2021-07-03,2,7738,2022-04-14,0
2021-07-04,3,7741,2022-04-14,0
2021-07-05,1,7742,2022-04-14,0
2021-07-06,5,7747,2022-04-14,0
2021-07-07,1,7748,2022-04-14,0
2021-07-08,1,7749,2022-04-14,0
2021-07-09,0,7749,2022-04-14,0
2021-07-10,2,7751,2022-04-14,0
2021-07-11,3,7754,2022-04-14,0
2021-07-12,1,7755,2022-04-14,0
2021-07-13,2,7757,2022-04-14,0
2021-07-14,2,7759,2022-04-14,0
2021-07-15,2,7761,2022-04-14,0
2021-07-16,1,7762,2022-04-14,0
2021-07-17,1,7763,2022-04-14,0
2021-07-18,0,7763,2022-04-14,0
2021-07-19,0,7763,2022-04-14,0
2021-07-20,2,7765,2022-04-14,0
2021-07-21,3,7768,2022-04-14,0
2021-07-22,2,7770,2022-04-14,0
2021-07-23,3,7773,2022-04-14,0
2021-07-24,0,7773,2022-04-14,0
2021-07-25,2,7775,2022-04-14,0
2021-07-26,1,7776,2022-04-14,0
2021-07-27,2,7778,2022-04-14,0
2021-07-28,3,7781,2022-04-14,0
2021-07-29,2,7783,2022-04-14,0
2021-07-30,5,7788,2022-04-14,0
2021-07-31,4,7792,2022-04-14,0
2021-08-01,1,7793,2022-04-14,0
2021-08-02,3,7796,2022-04-14,0
2021-08-03,2,7798,2022-04-14,0
2021-08-04,3,7801,2022-04-14,0
2021-08-05,2,7803,2022-04-14,0
2021-08-06,8,7811,2022-04-14,0
2021-08-07,3,7814,2022-04-14,0
2021-08-08,3,7817,2022-04-14,0
2021-08-09,3,7820,2022-04-14,0
2021-08-10,2,7822,2022-04-14,0
2021-08-11,2,7824,2022-04-14,0
2021-08-12,7,7831,2022-04-14,0
2021-08-13,5,7836,2022-04-14,0
2021-08-14,6,7842,2022-04-14,0
2021-08-15,0,7842,2022-04-14,0
2021-08-16,7,7849,2022-04-14,0
2021-08-17,7,7856,2022-04-14,0
2021-08-18,9,7865,2022-04-14,0
2021-08-19,2,7867,2022-04-14,0
2021-08-20,3,7870,2022-04-14,0
2021-08-21,5,7875,2022-04-14,0
2021-08-22,7,7882,2022-04-14,0
2021-08-23,5,7887,2022-04-14,0
2021-08-24,12,7899,2022-04-14,0
2021-08-25,7,7906,2022-04-14,0
2021-08-26,2,7908,2022-04-14,0
2021-08-27,6,7914,2022-04-14,0
2021-08-28,11,7925,2022-04-14,0
2021-08-29,11,7936,2022-04-14,0
2021-08-30,8,7944,2022-04-14,0
2021-08-31,8,7952,2022-04-14,0
2021-09-01,6,7958,2022-04-14,0
2021-09-02,6,7964,2022-04-14,0
2021-09-03,9,7973,2022-04-14,0
2021-09-04,9,7982,2022-04-14,0
2021-09-05,10,7992,2022-04-14,0
2021-09-06,8,8000,2022-04-14,0
2021-09-07,7,8007,2022-04-14,0
2021-09-08,11,8018,2022-04-14,0
2021-09-09,5,8023,2022-04-14,0
2021-09-10,9,8032,2022-04-14,0
2021-09-11,17,8049,2022-04-14,0
2021-09-12,10,8059,2022-04-14,0
2021-09-13,8,8067,2022-04-14,0
2021-09-14,11,8078,2022-04-14,0
2021-09-15,14,8092,2022-04-14,0
2021-09-16,16,8108,2022-04-14,0
2021-09-17,8,8116,2022-04-14,0
2021-09-18,15,8131,2022-04-14,0
2021-09-19,11,8142,2022-04-14,0
2021-09-20,16,8158,2022-04-14,0
2021-09-21,16,8174,2022-04-14,0
2021-09-22,17,8191,2022-04-14,0
2021-09-23,13,8204,2022-04-14,0
2021-09-24,13,8217,2022-04-14,0
2021-09-25,16,8233,2022-04-14,0
2021-09-26,15,8248,2022-04-14,0
2021-09-27,15,8263,2022-04-14,0
2021-09-28,11,8274,2022-04-14,0
2021-09-29,21,8295,2022-04-14,0
2021-09-30,17,8312,2022-04-14,0
2021-10-01,13,8325,2022-04-14,0
2021-10-02,15,8340,2022-04-14,0
2021-10-03,23,8363,2022-04-14,0
2021-10-04,15,8378,2022-04-14,0
2021-10-05,23,8401,2022-04-14,0
2021-10-06,21,8422,2022-04-14,0
2021-10-07,14,8436,2022-04-14,0
2021-10-08,22,8458,2022-04-14,0
2021-10-09,20,8478,2022-04-14,0
2021-10-10,14,8492,2022-04-14,0
2021-10-11,11,8503,2022-04-14,0
2021-10-12,25,8528,2022-04-14,0
2021-10-13,21,8549,2022-04-14,0
2021-10-14,22,8571,2022-04-14,0
2021-10-15,14,8585,2022-04-14,0
2021-10-16,20,8605,2022-04-14,0
2021-10-17,18,8623,2022-04-14,0
2021-10-18,17,8640,2022-04-14,0
2021-10-19,26,8666,2022-04-14,0
2021-10-20,17,8683,2022-04-14,0
2021-10-21,8,8691,2022-04-14,0
2021-10-22,23,8714,2022-04-14,0
2021-10-23,24,8738,2022-04-14,0
2021-10-24,25,8763,2022-04-14,0
2021-10-25,20,8783,2022-04-14,0
2021-10-26,22,8805,2022-04-14,0
2021-10-27,16,8821,2022-04-14,0
2021-10-28,24,8845,2022-04-14,0
2021-10-29,20,8865,2022-04-14,0
2021-10-30,20,8885,2022-04-14,0
2021-10-31,27,8912,2022-04-14,0
2021-11-01,18,8930,2022-04-14,0
2021-11-02,18,8948,2022-04-14,0
2021-11-03,28,8976,2022-04-14,0
2021-11-04,30,9006,2022-04-14,0
2021-11-05,29,9035,2022-04-14,0
2021-11-06,16,9051,2022-04-14,0
2021-11-07,24,9075,2022-04-14,0
2021-11-08,28,9103,2022-04-14,0
2021-11-09,17,9120,2022-04-14,0
2021-11-10,18,9138,2022-04-14,0
2021-11-11,28,9166,2022-04-14,0
2021-11-12,29,9195,2022-04-14,0
2021-11-13,31,9226,2022-04-14,0
2021-11-14,24,9250,2022-04-14,0
2021-11-15,28,9278,2022-04-14,0
2021-11-16,25,9303,2022-04-14,0
2021-11-17,37,9340,2022-04-14,0
2021-11-18,38,9378,2022-04-14,0
2021-11-19,34,9412,2022-04-14,0
2021-11-20,30,9442,2022-04-14,0
2021-11-21,32,9474,2022-04-14,0
2021-11-22,30,9504,2022-04-14,0
2021-11-23,32,9536,2022-04-14,0
2021-11-24,25,9561,2022-04-14,0
2021-11-25,35,9596,2022-04-14,0
2021-11-26,51,9647,2022-04-14,0
2021-11-27,36,9683,2022-04-14,0
2021-11-28,39,9722,2022-04-14,0
2021-11-29,29,9751,2022-04-14,0
2021-11-30,30,9781,2022-04-14,0
2021-12-01,47,9828,2022-04-14,0
2021-12-02,40,9868,2022-04-14,0
2021-12-03,31,9899,2022-04-14,0
2021-12-04,42,9941,2022-04-14,0
2021-12-05,36,9977,2022-04-14,0
2021-12-06,36,10013,2022-04-14,0
2021-12-07,36,10049,2022-04-14,0
2021-12-08,39,10088,2022-04-14,0
2021-12-09,47,10135,2022-04-14,0
2021-12-10,34,10169,2022-04-14,0
2021-12-11,27,10196,2022-04-14,0
2021-12-12,37,10233,2022-04-14,0
2021-12-13,34,10267,2022-04-14,0
2021-12-14,35,10302,2022-04-14,0
2021-12-15,42,10344,2022-04-14,0
2021-12-16,33,10377,2022-04-14,0
2021-12-17,41,10418,2022-04-14,0
2021-12-18,33,10451,2022-04-14,0
2021-12-19,31,10482,2022-04-14,0
2021-12-20,33,10515,2022-04-14,0
2021-12-21,28,10543,2022-04-14,0
2021-12-22,29,10572,2022-04-14,0
2021-12-23,28,10600,2022-04-14,0
2021-12-24,30,10630,2022-04-14,0
2021-12-25,28,10658,2022-04-14,0
2021-12-26,42,10700,2022-04-14,0
2021-12-27,32,10732,2022-04-14,0
2021-12-28,35,10767,2022-04-14,0
2021-12-29,31,10798,2022-04-14,0
2021-12-30,21,10819,2022-04-14,0
2021-12-31,40,10859,2022-04-14,0
2022-01-01,27,10886,2022-04-14,0
2022-01-02,22,10908,2022-04-14,0
2022-01-03,23,10931,2022-04-14,0
2022-01-04,30,10961,2022-04-14,0
2022-01-05,32,10993,2022-04-14,0
2022-01-06,32,11025,2022-04-14,0
2022-01-07,28,11053,2022-04-14,0
2022-01-08,43,11096,2022-04-14,0
2022-01-09,20,11116,2022-04-14,0
2022-01-10,31,11147,2022-04-14,0
2022-01-11,20,11167,2022-04-14,0
2022-01-12,21,11188,2022-04-14,0
2022-01-13,28,11216,2022-04-14,0
2022-01-14,33,11249,2022-04-14,0
2022-01-15,27,11276,2022-04-14,0
2022-01-16,34,11310,2022-04-14,0
2022-01-17,36,11346,2022-04-14,0
2022-01-18,26,11372,2022-04-14,0
2022-01-19,29,11401,2022-04-14,0
2022-01-20,31,11432,2022-04-14,0
2022-01-21,27,11459,2022-04-14,0
2022-01-22,29,11488,2022-04-14,0
2022-01-23,24,11512,2022-04-14,0
2022-01-24,38,11550,2022-04-14,0
2022-01-25,33,11583,2022-04-14,0
2022-01-26,35,11618,2022-04-14,0
2022-01-27,37,11655,2022-04-14,0
2022-01-28,31,11686,2022-04-14,0
2022-01-29,31,11717,2022-04-14,0
2022-01-30,27,11744,2022-04-14,0
2022-01-31,18,11762,2022-04-14,0
2022-02-01,25,11787,2022-04-14,0
2022-02-02,23,11810,2022-04-14,0
2022-02-03,30,11840,2022-04-14,0
2022-02-04,22,11862,2022-04-14,0
2022-02-05,28,11890,2022-04-14,0
2022-02-06,28,11918,2022-04-14,0
2022-02-07,20,11938,2022-04-14,0
2022-02-08,27,11965,2022-04-14,0
2022-02-09,25,11990,2022-04-14,0
2022-02-10,22,12012,2022-04-14,0
2022-02-11,19,12031,2022-04-14,0
2022-02-12,16,12047,2022-04-14,0
2022-02-13,19,12066,2022-04-14,0
2022-02-14,18,12084,2022-04-14,0
2022-02-15,21,12105,2022-04-14,0
2022-02-16,14,12119,2022-04-14,0
2022-02-17,16,12135,2022-04-14,0
2022-02-18,16,12151,2022-04-14,0
2022-02-19,21,12172,2022-04-14,0
2022-02-20,15,12187,2022-04-14,0
2022-02-21,6,12193,2022-04-14,0
2022-02-22,14,12207,2022-04-14,0
2022-02-23,9,12216,2022-04-14,0
2022-02-24,28,12244,2022-04-14,0
2022-02-25,9,12253,2022-04-14,0
2022-02-26,10,12263,2022-04-14,0
2022-02-27,11,12274,2022-04-14,0
2022-02-28,7,12281,2022-04-14,0
2022-03-01,7,12288,2022-04-14,0
2022-03-02,9,12297,2022-04-14,0
2022-03-03,6,12303,2022-04-14,0
2022-03-04,11,12314,2022-04-14,0
2022-03-05,6,12320,2022-04-14,0
2022-03-06,10,12330,2022-04-14,0
2022-03-07,4,12334,2022-04-14,0
2022-03-08,5,12339,2022-04-14,0
2022-03-09,11,12350,2022-04-14,0
2022-03-10,9,12359,2022-04-14,0
2022-03-11,8,12367,2022-04-14,0
2022-03-12,0,12367,2022-04-14,0
2022-03-13,4,12371,2022-04-14,0
2022-03-14,4,12375,2022-04-14,0
2022-03-15,4,12379,2022-04-14,0
2022-03-16,0,12379,2022-04-14,0
2022-03-17,7,12386,2022-04-14,0
2022-03-18,2,12388,2022-04-14,0
2022-03-19,3,12391,2022-04-14,0
2022-03-20,9,12400,2022-04-14,0
2022-03-21,2,12402,2022-04-14,0
2022-03-22,3,12405,2022-04-14,0
2022-03-23,6,12411,2022-04-14,0
2022-03-24,4,12415,2022-04-14,0
2022-03-25,6,12421,2022-04-14,0
2022-03-26,2,12423,2022-04-14,0
2022-03-27,2,12425,2022-04-14,0
2022-03-28,4,12429,2022-04-14,0
2022-03-29,2,12431,2022-04-14,0
2022-03-30,2,12433,2022-04-14,0
2022-03-31,6,12439,2022-04-14,0
2022-04-01,2,12441,2022-04-14,0
2022-04-02,2,12443,2022-04-14,0
2022-04-03,2,12445,2022-04-14,0
2022-04-04,2,12447,2022-04-14,0
2022-04-05,2,12449,2022-04-14,0
2022-04-06,4,12453,2022-04-14,1
2022-04-07,3,12456,2022-04-14,1
2022-04-08,0,12456,2022-04-14,0
2022-04-09,1,12457,2022-04-14,1
2022-04-10,0,12457,2022-04-14,0
2022-04-11,1,12458,2022-04-14,1
NA,0,12458,2022-04-14,0
2020-03-19,1,1,2022-04-15,0
2020-03-20,0,1,2022-04-15,0
2020-03-21,0,1,2022-04-15,0
2020-03-22,0,1,2022-04-15,0
2020-03-23,0,1,2022-04-15,0
2020-03-24,1,2,2022-04-15,0
2020-03-25,1,3,2022-04-15,0
2020-03-26,1,4,2022-04-15,0
2020-03-27,5,9,2022-04-15,0
2020-03-28,3,12,2022-04-15,0
2020-03-29,0,12,2022-04-15,0
2020-03-30,5,17,2022-04-15,0
2020-03-31,2,19,2022-04-15,0
2020-04-01,5,24,2022-04-15,0
2020-04-02,3,27,2022-04-15,0
2020-04-03,1,28,2022-04-15,0
2020-04-04,5,33,2022-04-15,0
2020-04-05,5,38,2022-04-15,0
2020-04-06,10,48,2022-04-15,0
2020-04-07,6,54,2022-04-15,0
2020-04-08,7,61,2022-04-15,0
2020-04-09,8,69,2022-04-15,0
2020-04-10,6,75,2022-04-15,0
2020-04-11,4,79,2022-04-15,0
2020-04-12,4,83,2022-04-15,0
2020-04-13,10,93,2022-04-15,0
2020-04-14,6,99,2022-04-15,0
2020-04-15,17,116,2022-04-15,0
2020-04-16,10,126,2022-04-15,0
2020-04-17,17,143,2022-04-15,0
2020-04-18,17,160,2022-04-15,0
2020-04-19,16,176,2022-04-15,0
2020-04-20,21,197,2022-04-15,0
2020-04-21,26,223,2022-04-15,0
2020-04-22,21,244,2022-04-15,0
2020-04-23,19,263,2022-04-15,0
2020-04-24,23,286,2022-04-15,0
2020-04-25,18,304,2022-04-15,0
2020-04-26,17,321,2022-04-15,0
2020-04-27,21,342,2022-04-15,0
2020-04-28,16,358,2022-04-15,0
2020-04-29,29,387,2022-04-15,0
2020-04-30,18,405,2022-04-15,0
2020-05-01,30,435,2022-04-15,0
2020-05-02,19,454,2022-04-15,0
2020-05-03,29,483,2022-04-15,0
2020-05-04,23,506,2022-04-15,0
2020-05-05,19,525,2022-04-15,0
2020-05-06,25,550,2022-04-15,0
2020-05-07,30,580,2022-04-15,0
2020-05-08,20,600,2022-04-15,0
2020-05-09,26,626,2022-04-15,0
2020-05-10,19,645,2022-04-15,0
2020-05-11,25,670,2022-04-15,0
2020-05-12,20,690,2022-04-15,0
2020-05-13,22,712,2022-04-15,0
2020-05-14,20,732,2022-04-15,0
2020-05-15,20,752,2022-04-15,0
2020-05-16,20,772,2022-04-15,0
2020-05-17,23,795,2022-04-15,0
2020-05-18,18,813,2022-04-15,0
2020-05-19,35,848,2022-04-15,0
2020-05-20,24,872,2022-04-15,0
2020-05-21,17,889,2022-04-15,0
2020-05-22,20,909,2022-04-15,0
2020-05-23,26,935,2022-04-15,0
2020-05-24,25,960,2022-04-15,0
2020-05-25,30,990,2022-04-15,0
2020-05-26,29,1019,2022-04-15,0
2020-05-27,25,1044,2022-04-15,0
2020-05-28,21,1065,2022-04-15,0
2020-05-29,17,1082,2022-04-15,0
2020-05-30,11,1093,2022-04-15,0
2020-05-31,20,1113,2022-04-15,0
2020-06-01,23,1136,2022-04-15,0
2020-06-02,21,1157,2022-04-15,0
2020-06-03,25,1182,2022-04-15,0
2020-06-04,26,1208,2022-04-15,0
2020-06-05,18,1226,2022-04-15,0
2020-06-06,12,1238,2022-04-15,0
2020-06-07,22,1260,2022-04-15,0
2020-06-08,12,1272,2022-04-15,0
2020-06-09,13,1285,2022-04-15,0
2020-06-10,10,1295,2022-04-15,0
2020-06-11,12,1307,2022-04-15,0
2020-06-12,11,1318,2022-04-15,0
2020-06-13,13,1331,2022-04-15,0
2020-06-14,11,1342,2022-04-15,0
2020-06-15,8,1350,2022-04-15,0
2020-06-16,9,1359,2022-04-15,0
2020-06-17,17,1376,2022-04-15,0
2020-06-18,9,1385,2022-04-15,0
2020-06-19,8,1393,2022-04-15,0
2020-06-20,12,1405,2022-04-15,0
2020-06-21,11,1416,2022-04-15,0
2020-06-22,6,1422,2022-04-15,0
2020-06-23,10,1432,2022-04-15,0
2020-06-24,1,1433,2022-04-15,0
2020-06-25,9,1442,2022-04-15,0
2020-06-26,6,1448,2022-04-15,0
2020-06-27,5,1453,2022-04-15,0
2020-06-28,11,1464,2022-04-15,0
2020-06-29,7,1471,2022-04-15,0
2020-06-30,9,1480,2022-04-15,0
2020-07-01,2,1482,2022-04-15,0
2020-07-02,3,1485,2022-04-15,0
2020-07-03,5,1490,2022-04-15,0
2020-07-04,4,1494,2022-04-15,0
2020-07-05,6,1500,2022-04-15,0
2020-07-06,4,1504,2022-04-15,0
2020-07-07,2,1506,2022-04-15,0
2020-07-08,9,1515,2022-04-15,0
2020-07-09,4,1519,2022-04-15,0
2020-07-10,3,1522,2022-04-15,0
2020-07-11,4,1526,2022-04-15,0
2020-07-12,6,1532,2022-04-15,0
2020-07-13,2,1534,2022-04-15,0
2020-07-14,6,1540,2022-04-15,0
2020-07-15,7,1547,2022-04-15,0
2020-07-16,3,1550,2022-04-15,0
2020-07-17,7,1557,2022-04-15,0
2020-07-18,6,1563,2022-04-15,0
2020-07-19,5,1568,2022-04-15,0
2020-07-20,3,1571,2022-04-15,0
2020-07-21,6,1577,2022-04-15,0
2020-07-22,5,1582,2022-04-15,0
2020-07-23,8,1590,2022-04-15,0
2020-07-24,6,1596,2022-04-15,0
2020-07-25,2,1598,2022-04-15,0
2020-07-26,5,1603,2022-04-15,0
2020-07-27,5,1608,2022-04-15,0
2020-07-28,7,1615,2022-04-15,0
2020-07-29,3,1618,2022-04-15,0
2020-07-30,6,1624,2022-04-15,0
2020-07-31,9,1633,2022-04-15,0
2020-08-01,4,1637,2022-04-15,0
2020-08-02,7,1644,2022-04-15,0
2020-08-03,4,1648,2022-04-15,0
2020-08-04,7,1655,2022-04-15,0
2020-08-05,8,1663,2022-04-15,0
2020-08-06,9,1672,2022-04-15,0
2020-08-07,7,1679,2022-04-15,0
2020-08-08,6,1685,2022-04-15,0
2020-08-09,10,1695,2022-04-15,0
2020-08-10,3,1698,2022-04-15,0
2020-08-11,9,1707,2022-04-15,0
2020-08-12,7,1714,2022-04-15,0
2020-08-13,5,1719,2022-04-15,0
2020-08-14,9,1728,2022-04-15,0
2020-08-15,13,1741,2022-04-15,0
2020-08-16,13,1754,2022-04-15,0
2020-08-17,6,1760,2022-04-15,0
2020-08-18,11,1771,2022-04-15,0
2020-08-19,3,1774,2022-04-15,0
2020-08-20,10,1784,2022-04-15,0
2020-08-21,12,1796,2022-04-15,0
2020-08-22,9,1805,2022-04-15,0
2020-08-23,7,1812,2022-04-15,0
2020-08-24,9,1821,2022-04-15,0
2020-08-25,4,1825,2022-04-15,0
2020-08-26,3,1828,2022-04-15,0
2020-08-27,7,1835,2022-04-15,0
2020-08-28,6,1841,2022-04-15,0
2020-08-29,3,1844,2022-04-15,0
2020-08-30,5,1849,2022-04-15,0
2020-08-31,9,1858,2022-04-15,0
2020-09-01,2,1860,2022-04-15,0
2020-09-02,7,1867,2022-04-15,0
2020-09-03,12,1879,2022-04-15,0
2020-09-04,4,1883,2022-04-15,0
2020-09-05,6,1889,2022-04-15,0
2020-09-06,12,1901,2022-04-15,0
2020-09-07,3,1904,2022-04-15,0
2020-09-08,6,1910,2022-04-15,0
2020-09-09,10,1920,2022-04-15,0
2020-09-10,9,1929,2022-04-15,0
2020-09-11,11,1940,2022-04-15,0
2020-09-12,8,1948,2022-04-15,0
2020-09-13,8,1956,2022-04-15,0
2020-09-14,2,1958,2022-04-15,0
2020-09-15,7,1965,2022-04-15,0
2020-09-16,9,1974,2022-04-15,0
2020-09-17,5,1979,2022-04-15,0
2020-09-18,6,1985,2022-04-15,0
2020-09-19,4,1989,2022-04-15,0
2020-09-20,9,1998,2022-04-15,0
2020-09-21,7,2005,2022-04-15,0
2020-09-22,8,2013,2022-04-15,0
2020-09-23,9,2022,2022-04-15,0
2020-09-24,8,2030,2022-04-15,0
2020-09-25,11,2041,2022-04-15,0
2020-09-26,9,2050,2022-04-15,0
2020-09-27,14,2064,2022-04-15,0
2020-09-28,11,2075,2022-04-15,0
2020-09-29,5,2080,2022-04-15,0
2020-09-30,16,2096,2022-04-15,0
2020-10-01,7,2103,2022-04-15,0
2020-10-02,13,2116,2022-04-15,0
2020-10-03,9,2125,2022-04-15,0
2020-10-04,7,2132,2022-04-15,0
2020-10-05,10,2142,2022-04-15,0
2020-10-06,13,2155,2022-04-15,0
2020-10-07,19,2174,2022-04-15,0
2020-10-08,9,2183,2022-04-15,0
2020-10-09,17,2200,2022-04-15,0
2020-10-10,16,2216,2022-04-15,0
2020-10-11,16,2232,2022-04-15,0
2020-10-12,20,2252,2022-04-15,0
2020-10-13,14,2266,2022-04-15,0
2020-10-14,10,2276,2022-04-15,0
2020-10-15,9,2285,2022-04-15,0
2020-10-16,12,2297,2022-04-15,0
2020-10-17,18,2315,2022-04-15,0
2020-10-18,25,2340,2022-04-15,0
2020-10-19,18,2358,2022-04-15,0
2020-10-20,15,2373,2022-04-15,0
2020-10-21,24,2397,2022-04-15,0
2020-10-22,18,2415,2022-04-15,0
2020-10-23,19,2434,2022-04-15,0
2020-10-24,8,2442,2022-04-15,0
2020-10-25,17,2459,2022-04-15,0
2020-10-26,25,2484,2022-04-15,0
2020-10-27,23,2507,2022-04-15,0
2020-10-28,29,2536,2022-04-15,0
2020-10-29,18,2554,2022-04-15,0
2020-10-30,27,2581,2022-04-15,0
2020-10-31,25,2606,2022-04-15,0
2020-11-01,21,2627,2022-04-15,0
2020-11-02,25,2652,2022-04-15,0
2020-11-03,25,2677,2022-04-15,0
2020-11-04,33,2710,2022-04-15,0
2020-11-05,38,2748,2022-04-15,0
2020-11-06,39,2787,2022-04-15,0
2020-11-07,42,2829,2022-04-15,0
2020-11-08,47,2876,2022-04-15,0
2020-11-09,37,2913,2022-04-15,0
2020-11-10,35,2948,2022-04-15,0
2020-11-11,43,2991,2022-04-15,0
2020-11-12,45,3036,2022-04-15,0
2020-11-13,39,3075,2022-04-15,-1
2020-11-14,48,3123,2022-04-15,0
2020-11-15,46,3169,2022-04-15,0
2020-11-16,62,3231,2022-04-15,0
2020-11-17,56,3287,2022-04-15,0
2020-11-18,61,3348,2022-04-15,0
2020-11-19,60,3408,2022-04-15,0
2020-11-20,63,3471,2022-04-15,0
2020-11-21,58,3529,2022-04-15,0
2020-11-22,67,3596,2022-04-15,0
2020-11-23,59,3655,2022-04-15,0
2020-11-24,69,3724,2022-04-15,0
2020-11-25,72,3796,2022-04-15,0
2020-11-26,54,3850,2022-04-15,0
2020-11-27,69,3919,2022-04-15,0
2020-11-28,62,3981,2022-04-15,0
2020-11-29,68,4049,2022-04-15,0
2020-11-30,62,4111,2022-04-15,0
2020-12-01,64,4175,2022-04-15,0
2020-12-02,73,4248,2022-04-15,0
2020-12-03,86,4334,2022-04-15,0
2020-12-04,67,4401,2022-04-15,0
2020-12-05,74,4475,2022-04-15,0
2020-12-06,80,4555,2022-04-15,0
2020-12-07,75,4630,2022-04-15,0
2020-12-08,61,4691,2022-04-15,0
2020-12-09,71,4762,2022-04-15,0
2020-12-10,72,4834,2022-04-15,0
2020-12-11,71,4905,2022-04-15,0
2020-12-12,72,4977,2022-04-15,0
2020-12-13,56,5033,2022-04-15,0
2020-12-14,43,5076,2022-04-15,0
2020-12-15,65,5141,2022-04-15,0
2020-12-16,74,5215,2022-04-15,0
2020-12-17,60,5275,2022-04-15,0
2020-12-18,59,5334,2022-04-15,0
2020-12-19,56,5390,2022-04-15,0
2020-12-20,61,5451,2022-04-15,0
2020-12-21,58,5509,2022-04-15,0
2020-12-22,33,5542,2022-04-15,0
2020-12-23,46,5588,2022-04-15,0
2020-12-24,51,5639,2022-04-15,0
2020-12-25,36,5675,2022-04-15,0
2020-12-26,43,5718,2022-04-15,0
2020-12-27,41,5759,2022-04-15,0
2020-12-28,34,5793,2022-04-15,0
2020-12-29,37,5830,2022-04-15,0
2020-12-30,47,5877,2022-04-15,0
2020-12-31,36,5913,2022-04-15,0
2021-01-01,28,5941,2022-04-15,0
2021-01-02,49,5990,2022-04-15,0
2021-01-03,37,6027,2022-04-15,0
2021-01-04,32,6059,2022-04-15,0
2021-01-05,40,6099,2022-04-15,0
2021-01-06,32,6131,2022-04-15,0
2021-01-07,38,6169,2022-04-15,0
2021-01-08,32,6201,2022-04-15,0
2021-01-09,26,6227,2022-04-15,0
2021-01-10,30,6257,2022-04-15,0
2021-01-11,27,6284,2022-04-15,0
2021-01-12,32,6316,2022-04-15,0
2021-01-13,23,6339,2022-04-15,0
2021-01-14,42,6381,2022-04-15,0
2021-01-15,26,6407,2022-04-15,0
2021-01-16,30,6437,2022-04-15,0
2021-01-17,21,6458,2022-04-15,0
2021-01-18,19,6477,2022-04-15,0
2021-01-19,14,6491,2022-04-15,0
2021-01-20,26,6517,2022-04-15,0
2021-01-21,16,6533,2022-04-15,0
2021-01-22,14,6547,2022-04-15,0
2021-01-23,17,6564,2022-04-15,0
2021-01-24,24,6588,2022-04-15,0
2021-01-25,19,6607,2022-04-15,0
2021-01-26,21,6628,2022-04-15,0
2021-01-27,11,6639,2022-04-15,0
2021-01-28,12,6651,2022-04-15,0
2021-01-29,15,6666,2022-04-15,0
2021-01-30,13,6679,2022-04-15,0
2021-01-31,17,6696,2022-04-15,0
2021-02-01,17,6713,2022-04-15,0
2021-02-02,10,6723,2022-04-15,0
2021-02-03,11,6734,2022-04-15,0
2021-02-04,11,6745,2022-04-15,0
2021-02-05,13,6758,2022-04-15,0
2021-02-06,12,6770,2022-04-15,0
2021-02-07,19,6789,2022-04-15,0
2021-02-08,11,6800,2022-04-15,0
2021-02-09,15,6815,2022-04-15,0
2021-02-10,14,6829,2022-04-15,0
2021-02-11,7,6836,2022-04-15,0
2021-02-12,14,6850,2022-04-15,0
2021-02-13,8,6858,2022-04-15,0
2021-02-14,10,6868,2022-04-15,0
2021-02-15,9,6877,2022-04-15,0
2021-02-16,12,6889,2022-04-15,0
2021-02-17,10,6899,2022-04-15,0
2021-02-18,7,6906,2022-04-15,0
2021-02-19,6,6912,2022-04-15,0
2021-02-20,7,6919,2022-04-15,0
2021-02-21,4,6923,2022-04-15,0
2021-02-22,5,6928,2022-04-15,0
2021-02-23,9,6937,2022-04-15,0
2021-02-24,5,6942,2022-04-15,0
2021-02-25,5,6947,2022-04-15,0
2021-02-26,7,6954,2022-04-15,0
2021-02-27,6,6960,2022-04-15,0
2021-02-28,8,6968,2022-04-15,0
2021-03-01,7,6975,2022-04-15,0
2021-03-02,3,6978,2022-04-15,0
2021-03-03,10,6988,2022-04-15,0
2021-03-04,6,6994,2022-04-15,0
2021-03-05,10,7004,2022-04-15,0
2021-03-06,5,7009,2022-04-15,0
2021-03-07,9,7018,2022-04-15,0
2021-03-08,5,7023,2022-04-15,0
2021-03-09,7,7030,2022-04-15,0
2021-03-10,5,7035,2022-04-15,0
2021-03-11,4,7039,2022-04-15,0
2021-03-12,11,7050,2022-04-15,0
2021-03-13,5,7055,2022-04-15,0
2021-03-14,5,7060,2022-04-15,0
2021-03-15,2,7062,2022-04-15,0
2021-03-16,6,7068,2022-04-15,0
2021-03-17,4,7072,2022-04-15,0
2021-03-18,5,7077,2022-04-15,0
2021-03-19,5,7082,2022-04-15,0
2021-03-20,9,7091,2022-04-15,0
2021-03-21,5,7096,2022-04-15,0
2021-03-22,4,7100,2022-04-15,0
2021-03-23,5,7105,2022-04-15,0
2021-03-24,1,7106,2022-04-15,0
2021-03-25,5,7111,2022-04-15,0
2021-03-26,3,7114,2022-04-15,0
2021-03-27,7,7121,2022-04-15,0
2021-03-28,6,7127,2022-04-15,0
2021-03-29,5,7132,2022-04-15,0
2021-03-30,6,7138,2022-04-15,0
2021-03-31,8,7146,2022-04-15,0
2021-04-01,6,7152,2022-04-15,0
2021-04-02,9,7161,2022-04-15,0
2021-04-03,8,7169,2022-04-15,0
2021-04-04,6,7175,2022-04-15,0
2021-04-05,8,7183,2022-04-15,0
2021-04-06,7,7190,2022-04-15,0
2021-04-07,6,7196,2022-04-15,0
2021-04-08,10,7206,2022-04-15,0
2021-04-09,7,7213,2022-04-15,0
2021-04-10,7,7220,2022-04-15,0
2021-04-11,8,7228,2022-04-15,0
2021-04-12,10,7238,2022-04-15,0
2021-04-13,7,7245,2022-04-15,0
2021-04-14,8,7253,2022-04-15,0
2021-04-15,14,7267,2022-04-15,0
2021-04-16,8,7275,2022-04-15,0
2021-04-17,8,7283,2022-04-15,0
2021-04-18,8,7291,2022-04-15,0
2021-04-19,10,7301,2022-04-15,0
2021-04-20,5,7306,2022-04-15,0
2021-04-21,8,7314,2022-04-15,0
2021-04-22,3,7317,2022-04-15,0
2021-04-23,15,7332,2022-04-15,0
2021-04-24,11,7343,2022-04-15,0
2021-04-25,15,7358,2022-04-15,0
2021-04-26,15,7373,2022-04-15,0
2021-04-27,7,7380,2022-04-15,0
2021-04-28,14,7394,2022-04-15,0
2021-04-29,8,7402,2022-04-15,0
2021-04-30,11,7413,2022-04-15,0
2021-05-01,7,7420,2022-04-15,0
2021-05-02,8,7428,2022-04-15,0
2021-05-03,5,7433,2022-04-15,0
2021-05-04,13,7446,2022-04-15,0
2021-05-05,9,7455,2022-04-15,0
2021-05-06,5,7460,2022-04-15,0
2021-05-07,8,7468,2022-04-15,0
2021-05-08,7,7475,2022-04-15,0
2021-05-09,9,7484,2022-04-15,0
2021-05-10,8,7492,2022-04-15,0
2021-05-11,6,7498,2022-04-15,0
2021-05-12,9,7507,2022-04-15,0
2021-05-13,9,7516,2022-04-15,0
2021-05-14,11,7527,2022-04-15,0
2021-05-15,10,7537,2022-04-15,0
2021-05-16,6,7543,2022-04-15,0
2021-05-17,6,7549,2022-04-15,0
2021-05-18,7,7556,2022-04-15,0
2021-05-19,2,7558,2022-04-15,0
2021-05-20,5,7563,2022-04-15,0
2021-05-21,7,7570,2022-04-15,0
2021-05-22,12,7582,2022-04-15,0
2021-05-23,5,7587,2022-04-15,0
2021-05-24,5,7592,2022-04-15,0
2021-05-25,6,7598,2022-04-15,0
2021-05-26,3,7601,2022-04-15,0
2021-05-27,7,7608,2022-04-15,0
2021-05-28,2,7610,2022-04-15,0
2021-05-29,6,7616,2022-04-15,0
2021-05-30,4,7620,2022-04-15,0
2021-05-31,3,7623,2022-04-15,0
2021-06-01,5,7628,2022-04-15,0
2021-06-02,8,7636,2022-04-15,0
2021-06-03,4,7640,2022-04-15,0
2021-06-04,4,7644,2022-04-15,0
2021-06-05,2,7646,2022-04-15,0
2021-06-06,5,7651,2022-04-15,0
2021-06-07,3,7654,2022-04-15,0
2021-06-08,5,7659,2022-04-15,0
2021-06-09,4,7663,2022-04-15,0
2021-06-10,6,7669,2022-04-15,0
2021-06-11,6,7675,2022-04-15,0
2021-06-12,4,7679,2022-04-15,0
2021-06-13,4,7683,2022-04-15,0
2021-06-14,3,7686,2022-04-15,0
2021-06-15,2,7688,2022-04-15,0
2021-06-16,2,7690,2022-04-15,0
2021-06-17,4,7694,2022-04-15,0
2021-06-18,2,7696,2022-04-15,0
2021-06-19,6,7702,2022-04-15,0
2021-06-20,1,7703,2022-04-15,0
2021-06-21,5,7708,2022-04-15,0
2021-06-22,3,7711,2022-04-15,0
2021-06-23,4,7715,2022-04-15,0
2021-06-24,3,7718,2022-04-15,0
2021-06-25,3,7721,2022-04-15,0
2021-06-26,4,7725,2022-04-15,0
2021-06-27,2,7727,2022-04-15,0
2021-06-28,2,7729,2022-04-15,0
2021-06-29,2,7731,2022-04-15,0
2021-06-30,2,7733,2022-04-15,0
2021-07-01,0,7733,2022-04-15,0
2021-07-02,2,7735,2022-04-15,0
2021-07-03,2,7737,2022-04-15,0
2021-07-04,3,7740,2022-04-15,0
2021-07-05,1,7741,2022-04-15,0
2021-07-06,5,7746,2022-04-15,0
2021-07-07,1,7747,2022-04-15,0
2021-07-08,1,7748,2022-04-15,0
2021-07-09,0,7748,2022-04-15,0
2021-07-10,2,7750,2022-04-15,0
2021-07-11,3,7753,2022-04-15,0
2021-07-12,1,7754,2022-04-15,0
2021-07-13,2,7756,2022-04-15,0
2021-07-14,2,7758,2022-04-15,0
2021-07-15,2,7760,2022-04-15,0
2021-07-16,1,7761,2022-04-15,0
2021-07-17,1,7762,2022-04-15,0
2021-07-18,0,7762,2022-04-15,0
2021-07-19,0,7762,2022-04-15,0
2021-07-20,2,7764,2022-04-15,0
2021-07-21,3,7767,2022-04-15,0
2021-07-22,2,7769,2022-04-15,0
2021-07-23,3,7772,2022-04-15,0
2021-07-24,0,7772,2022-04-15,0
2021-07-25,2,7774,2022-04-15,0
2021-07-26,1,7775,2022-04-15,0
2021-07-27,2,7777,2022-04-15,0
2021-07-28,3,7780,2022-04-15,0
2021-07-29,2,7782,2022-04-15,0
2021-07-30,5,7787,2022-04-15,0
2021-07-31,4,7791,2022-04-15,0
2021-08-01,1,7792,2022-04-15,0
2021-08-02,3,7795,2022-04-15,0
2021-08-03,2,7797,2022-04-15,0
2021-08-04,3,7800,2022-04-15,0
2021-08-05,2,7802,2022-04-15,0
2021-08-06,8,7810,2022-04-15,0
2021-08-07,3,7813,2022-04-15,0
2021-08-08,3,7816,2022-04-15,0
2021-08-09,3,7819,2022-04-15,0
2021-08-10,2,7821,2022-04-15,0
2021-08-11,2,7823,2022-04-15,0
2021-08-12,7,7830,2022-04-15,0
2021-08-13,5,7835,2022-04-15,0
2021-08-14,6,7841,2022-04-15,0
2021-08-15,0,7841,2022-04-15,0
2021-08-16,7,7848,2022-04-15,0
2021-08-17,7,7855,2022-04-15,0
2021-08-18,9,7864,2022-04-15,0
2021-08-19,2,7866,2022-04-15,0
2021-08-20,3,7869,2022-04-15,0
2021-08-21,5,7874,2022-04-15,0
2021-08-22,7,7881,2022-04-15,0
2021-08-23,5,7886,2022-04-15,0
2021-08-24,12,7898,2022-04-15,0
2021-08-25,7,7905,2022-04-15,0
2021-08-26,2,7907,2022-04-15,0
2021-08-27,6,7913,2022-04-15,0
2021-08-28,11,7924,2022-04-15,0
2021-08-29,11,7935,2022-04-15,0
2021-08-30,8,7943,2022-04-15,0
2021-08-31,8,7951,2022-04-15,0
2021-09-01,6,7957,2022-04-15,0
2021-09-02,6,7963,2022-04-15,0
2021-09-03,9,7972,2022-04-15,0
2021-09-04,9,7981,2022-04-15,0
2021-09-05,10,7991,2022-04-15,0
2021-09-06,8,7999,2022-04-15,0
2021-09-07,7,8006,2022-04-15,0
2021-09-08,11,8017,2022-04-15,0
2021-09-09,5,8022,2022-04-15,0
2021-09-10,9,8031,2022-04-15,0
2021-09-11,17,8048,2022-04-15,0
2021-09-12,10,8058,2022-04-15,0
2021-09-13,8,8066,2022-04-15,0
2021-09-14,11,8077,2022-04-15,0
2021-09-15,14,8091,2022-04-15,0
2021-09-16,16,8107,2022-04-15,0
2021-09-17,8,8115,2022-04-15,0
2021-09-18,15,8130,2022-04-15,0
2021-09-19,11,8141,2022-04-15,0
2021-09-20,16,8157,2022-04-15,0
2021-09-21,16,8173,2022-04-15,0
2021-09-22,17,8190,2022-04-15,0
2021-09-23,13,8203,2022-04-15,0
2021-09-24,13,8216,2022-04-15,0
2021-09-25,16,8232,2022-04-15,0
2021-09-26,15,8247,2022-04-15,0
2021-09-27,15,8262,2022-04-15,0
2021-09-28,11,8273,2022-04-15,0
2021-09-29,21,8294,2022-04-15,0
2021-09-30,17,8311,2022-04-15,0
2021-10-01,13,8324,2022-04-15,0
2021-10-02,15,8339,2022-04-15,0
2021-10-03,23,8362,2022-04-15,0
2021-10-04,15,8377,2022-04-15,0
2021-10-05,23,8400,2022-04-15,0
2021-10-06,21,8421,2022-04-15,0
2021-10-07,14,8435,2022-04-15,0
2021-10-08,22,8457,2022-04-15,0
2021-10-09,20,8477,2022-04-15,0
2021-10-10,14,8491,2022-04-15,0
2021-10-11,11,8502,2022-04-15,0
2021-10-12,25,8527,2022-04-15,0
2021-10-13,21,8548,2022-04-15,0
2021-10-14,22,8570,2022-04-15,0
2021-10-15,14,8584,2022-04-15,0
2021-10-16,20,8604,2022-04-15,0
2021-10-17,18,8622,2022-04-15,0
2021-10-18,17,8639,2022-04-15,0
2021-10-19,26,8665,2022-04-15,0
2021-10-20,17,8682,2022-04-15,0
2021-10-21,8,8690,2022-04-15,0
2021-10-22,23,8713,2022-04-15,0
2021-10-23,24,8737,2022-04-15,0
2021-10-24,25,8762,2022-04-15,0
2021-10-25,20,8782,2022-04-15,0
2021-10-26,22,8804,2022-04-15,0
2021-10-27,16,8820,2022-04-15,0
2021-10-28,24,8844,2022-04-15,0
2021-10-29,20,8864,2022-04-15,0
2021-10-30,20,8884,2022-04-15,0
2021-10-31,27,8911,2022-04-15,0
2021-11-01,18,8929,2022-04-15,0
2021-11-02,18,8947,2022-04-15,0
2021-11-03,28,8975,2022-04-15,0
2021-11-04,30,9005,2022-04-15,0
2021-11-05,29,9034,2022-04-15,0
2021-11-06,16,9050,2022-04-15,0
2021-11-07,24,9074,2022-04-15,0
2021-11-08,28,9102,2022-04-15,0
2021-11-09,17,9119,2022-04-15,0
2021-11-10,18,9137,2022-04-15,0
2021-11-11,28,9165,2022-04-15,0
2021-11-12,29,9194,2022-04-15,0
2021-11-13,31,9225,2022-04-15,0
2021-11-14,24,9249,2022-04-15,0
2021-11-15,28,9277,2022-04-15,0
2021-11-16,25,9302,2022-04-15,0
2021-11-17,37,9339,2022-04-15,0
2021-11-18,38,9377,2022-04-15,0
2021-11-19,34,9411,2022-04-15,0
2021-11-20,30,9441,2022-04-15,0
2021-11-21,32,9473,2022-04-15,0
2021-11-22,30,9503,2022-04-15,0
2021-11-23,32,9535,2022-04-15,0
2021-11-24,25,9560,2022-04-15,0
2021-11-25,35,9595,2022-04-15,0
2021-11-26,51,9646,2022-04-15,0
2021-11-27,36,9682,2022-04-15,0
2021-11-28,39,9721,2022-04-15,0
2021-11-29,29,9750,2022-04-15,0
2021-11-30,30,9780,2022-04-15,0
2021-12-01,47,9827,2022-04-15,0
2021-12-02,40,9867,2022-04-15,0
2021-12-03,31,9898,2022-04-15,0
2021-12-04,42,9940,2022-04-15,0
2021-12-05,36,9976,2022-04-15,0
2021-12-06,36,10012,2022-04-15,0
2021-12-07,36,10048,2022-04-15,0
2021-12-08,39,10087,2022-04-15,0
2021-12-09,47,10134,2022-04-15,0
2021-12-10,34,10168,2022-04-15,0
2021-12-11,27,10195,2022-04-15,0
2021-12-12,37,10232,2022-04-15,0
2021-12-13,34,10266,2022-04-15,0
2021-12-14,35,10301,2022-04-15,0
2021-12-15,42,10343,2022-04-15,0
2021-12-16,33,10376,2022-04-15,0
2021-12-17,41,10417,2022-04-15,0
2021-12-18,33,10450,2022-04-15,0
2021-12-19,31,10481,2022-04-15,0
2021-12-20,33,10514,2022-04-15,0
2021-12-21,28,10542,2022-04-15,0
2021-12-22,29,10571,2022-04-15,0
2021-12-23,28,10599,2022-04-15,0
2021-12-24,31,10630,2022-04-15,1
2021-12-25,28,10658,2022-04-15,0
2021-12-26,42,10700,2022-04-15,0
2021-12-27,32,10732,2022-04-15,0
2021-12-28,35,10767,2022-04-15,0
2021-12-29,31,10798,2022-04-15,0
2021-12-30,21,10819,2022-04-15,0
2021-12-31,40,10859,2022-04-15,0
2022-01-01,27,10886,2022-04-15,0
2022-01-02,22,10908,2022-04-15,0
2022-01-03,23,10931,2022-04-15,0
2022-01-04,30,10961,2022-04-15,0
2022-01-05,32,10993,2022-04-15,0
2022-01-06,32,11025,2022-04-15,0
2022-01-07,28,11053,2022-04-15,0
2022-01-08,43,11096,2022-04-15,0
2022-01-09,20,11116,2022-04-15,0
2022-01-10,31,11147,2022-04-15,0
2022-01-11,20,11167,2022-04-15,0
2022-01-12,21,11188,2022-04-15,0
2022-01-13,28,11216,2022-04-15,0
2022-01-14,33,11249,2022-04-15,0
2022-01-15,27,11276,2022-04-15,0
2022-01-16,34,11310,2022-04-15,0
2022-01-17,36,11346,2022-04-15,0
2022-01-18,26,11372,2022-04-15,0
2022-01-19,29,11401,2022-04-15,0
2022-01-20,31,11432,2022-04-15,0
2022-01-21,27,11459,2022-04-15,0
2022-01-22,29,11488,2022-04-15,0
2022-01-23,24,11512,2022-04-15,0
2022-01-24,38,11550,2022-04-15,0
2022-01-25,33,11583,2022-04-15,0
2022-01-26,35,11618,2022-04-15,0
2022-01-27,37,11655,2022-04-15,0
2022-01-28,31,11686,2022-04-15,0
2022-01-29,31,11717,2022-04-15,0
2022-01-30,27,11744,2022-04-15,0
2022-01-31,18,11762,2022-04-15,0
2022-02-01,25,11787,2022-04-15,0
2022-02-02,23,11810,2022-04-15,0
2022-02-03,30,11840,2022-04-15,0
2022-02-04,22,11862,2022-04-15,0
2022-02-05,28,11890,2022-04-15,0
2022-02-06,29,11919,2022-04-15,1
2022-02-07,20,11939,2022-04-15,0
2022-02-08,27,11966,2022-04-15,0
2022-02-09,25,11991,2022-04-15,0
2022-02-10,22,12013,2022-04-15,0
2022-02-11,19,12032,2022-04-15,0
2022-02-12,16,12048,2022-04-15,0
2022-02-13,19,12067,2022-04-15,0
2022-02-14,18,12085,2022-04-15,0
2022-02-15,21,12106,2022-04-15,0
2022-02-16,14,12120,2022-04-15,0
2022-02-17,16,12136,2022-04-15,0
2022-02-18,16,12152,2022-04-15,0
2022-02-19,21,12173,2022-04-15,0
2022-02-20,15,12188,2022-04-15,0
2022-02-21,6,12194,2022-04-15,0
2022-02-22,14,12208,2022-04-15,0
2022-02-23,9,12217,2022-04-15,0
2022-02-24,28,12245,2022-04-15,0
2022-02-25,9,12254,2022-04-15,0
2022-02-26,10,12264,2022-04-15,0
2022-02-27,11,12275,2022-04-15,0
2022-02-28,7,12282,2022-04-15,0
2022-03-01,7,12289,2022-04-15,0
2022-03-02,9,12298,2022-04-15,0
2022-03-03,6,12304,2022-04-15,0
2022-03-04,11,12315,2022-04-15,0
2022-03-05,6,12321,2022-04-15,0
2022-03-06,10,12331,2022-04-15,0
2022-03-07,4,12335,2022-04-15,0
2022-03-08,5,12340,2022-04-15,0
2022-03-09,11,12351,2022-04-15,0
2022-03-10,9,12360,2022-04-15,0
2022-03-11,8,12368,2022-04-15,0
2022-03-12,0,12368,2022-04-15,0
2022-03-13,4,12372,2022-04-15,0
2022-03-14,4,12376,2022-04-15,0
2022-03-15,4,12380,2022-04-15,0
2022-03-16,0,12380,2022-04-15,0
2022-03-17,7,12387,2022-04-15,0
2022-03-18,2,12389,2022-04-15,0
2022-03-19,3,12392,2022-04-15,0
2022-03-20,9,12401,2022-04-15,0
2022-03-21,2,12403,2022-04-15,0
2022-03-22,3,12406,2022-04-15,0
2022-03-23,6,12412,2022-04-15,0
2022-03-24,4,12416,2022-04-15,0
2022-03-25,6,12422,2022-04-15,0
2022-03-26,2,12424,2022-04-15,0
2022-03-27,2,12426,2022-04-15,0
2022-03-28,4,12430,2022-04-15,0
2022-03-29,2,12432,2022-04-15,0
2022-03-30,2,12434,2022-04-15,0
2022-03-31,6,12440,2022-04-15,0
2022-04-01,2,12442,2022-04-15,0
2022-04-02,3,12445,2022-04-15,1
2022-04-03,3,12448,2022-04-15,1
2022-04-04,2,12450,2022-04-15,0
2022-04-05,2,12452,2022-04-15,0
2022-04-06,4,12456,2022-04-15,0
2022-04-07,3,12459,2022-04-15,0
2022-04-08,1,12460,2022-04-15,1
2022-04-09,2,12462,2022-04-15,1
2022-04-10,1,12463,2022-04-15,1
2022-04-11,1,12464,2022-04-15,0
NA,0,12464,2022-04-15,0
2020-03-19,1,1,2022-04-18,0
2020-03-20,0,1,2022-04-18,0
2020-03-21,0,1,2022-04-18,0
2020-03-22,0,1,2022-04-18,0
2020-03-23,0,1,2022-04-18,0
2020-03-24,1,2,2022-04-18,0
2020-03-25,1,3,2022-04-18,0
2020-03-26,1,4,2022-04-18,0
2020-03-27,5,9,2022-04-18,0
2020-03-28,3,12,2022-04-18,0
2020-03-29,0,12,2022-04-18,0
2020-03-30,5,17,2022-04-18,0
2020-03-31,2,19,2022-04-18,0
2020-04-01,5,24,2022-04-18,0
2020-04-02,3,27,2022-04-18,0
2020-04-03,1,28,2022-04-18,0
2020-04-04,5,33,2022-04-18,0
2020-04-05,5,38,2022-04-18,0
2020-04-06,10,48,2022-04-18,0
2020-04-07,6,54,2022-04-18,0
2020-04-08,7,61,2022-04-18,0
2020-04-09,8,69,2022-04-18,0
2020-04-10,6,75,2022-04-18,0
2020-04-11,4,79,2022-04-18,0
2020-04-12,4,83,2022-04-18,0
2020-04-13,10,93,2022-04-18,0
2020-04-14,6,99,2022-04-18,0
2020-04-15,17,116,2022-04-18,0
2020-04-16,10,126,2022-04-18,0
2020-04-17,17,143,2022-04-18,0
2020-04-18,17,160,2022-04-18,0
2020-04-19,16,176,2022-04-18,0
2020-04-20,21,197,2022-04-18,0
2020-04-21,26,223,2022-04-18,0
2020-04-22,21,244,2022-04-18,0
2020-04-23,19,263,2022-04-18,0
2020-04-24,23,286,2022-04-18,0
2020-04-25,18,304,2022-04-18,0
2020-04-26,17,321,2022-04-18,0
2020-04-27,21,342,2022-04-18,0
2020-04-28,16,358,2022-04-18,0
2020-04-29,29,387,2022-04-18,0
2020-04-30,18,405,2022-04-18,0
2020-05-01,30,435,2022-04-18,0
2020-05-02,19,454,2022-04-18,0
2020-05-03,29,483,2022-04-18,0
2020-05-04,23,506,2022-04-18,0
2020-05-05,19,525,2022-04-18,0
2020-05-06,25,550,2022-04-18,0
2020-05-07,30,580,2022-04-18,0
2020-05-08,20,600,2022-04-18,0
2020-05-09,26,626,2022-04-18,0
2020-05-10,19,645,2022-04-18,0
2020-05-11,25,670,2022-04-18,0
2020-05-12,20,690,2022-04-18,0
2020-05-13,22,712,2022-04-18,0
2020-05-14,20,732,2022-04-18,0
2020-05-15,20,752,2022-04-18,0
2020-05-16,20,772,2022-04-18,0
2020-05-17,23,795,2022-04-18,0
2020-05-18,18,813,2022-04-18,0
2020-05-19,35,848,2022-04-18,0
2020-05-20,24,872,2022-04-18,0
2020-05-21,17,889,2022-04-18,0
2020-05-22,20,909,2022-04-18,0
2020-05-23,26,935,2022-04-18,0
2020-05-24,25,960,2022-04-18,0
2020-05-25,30,990,2022-04-18,0
2020-05-26,29,1019,2022-04-18,0
2020-05-27,25,1044,2022-04-18,0
2020-05-28,21,1065,2022-04-18,0
2020-05-29,17,1082,2022-04-18,0
2020-05-30,11,1093,2022-04-18,0
2020-05-31,20,1113,2022-04-18,0
2020-06-01,23,1136,2022-04-18,0
2020-06-02,21,1157,2022-04-18,0
2020-06-03,25,1182,2022-04-18,0
2020-06-04,26,1208,2022-04-18,0
2020-06-05,18,1226,2022-04-18,0
2020-06-06,12,1238,2022-04-18,0
2020-06-07,22,1260,2022-04-18,0
2020-06-08,12,1272,2022-04-18,0
2020-06-09,13,1285,2022-04-18,0
2020-06-10,10,1295,2022-04-18,0
2020-06-11,12,1307,2022-04-18,0
2020-06-12,11,1318,2022-04-18,0
2020-06-13,13,1331,2022-04-18,0
2020-06-14,11,1342,2022-04-18,0
2020-06-15,8,1350,2022-04-18,0
2020-06-16,9,1359,2022-04-18,0
2020-06-17,17,1376,2022-04-18,0
2020-06-18,9,1385,2022-04-18,0
2020-06-19,8,1393,2022-04-18,0
2020-06-20,12,1405,2022-04-18,0
2020-06-21,11,1416,2022-04-18,0
2020-06-22,6,1422,2022-04-18,0
2020-06-23,10,1432,2022-04-18,0
2020-06-24,1,1433,2022-04-18,0
2020-06-25,9,1442,2022-04-18,0
2020-06-26,6,1448,2022-04-18,0
2020-06-27,5,1453,2022-04-18,0
2020-06-28,11,1464,2022-04-18,0
2020-06-29,7,1471,2022-04-18,0
2020-06-30,9,1480,2022-04-18,0
2020-07-01,2,1482,2022-04-18,0
2020-07-02,3,1485,2022-04-18,0
2020-07-03,5,1490,2022-04-18,0
2020-07-04,4,1494,2022-04-18,0
2020-07-05,6,1500,2022-04-18,0
2020-07-06,4,1504,2022-04-18,0
2020-07-07,2,1506,2022-04-18,0
2020-07-08,9,1515,2022-04-18,0
2020-07-09,4,1519,2022-04-18,0
2020-07-10,3,1522,2022-04-18,0
2020-07-11,4,1526,2022-04-18,0
2020-07-12,6,1532,2022-04-18,0
2020-07-13,2,1534,2022-04-18,0
2020-07-14,6,1540,2022-04-18,0
2020-07-15,7,1547,2022-04-18,0
2020-07-16,3,1550,2022-04-18,0
2020-07-17,7,1557,2022-04-18,0
2020-07-18,6,1563,2022-04-18,0
2020-07-19,5,1568,2022-04-18,0
2020-07-20,3,1571,2022-04-18,0
2020-07-21,6,1577,2022-04-18,0
2020-07-22,5,1582,2022-04-18,0
2020-07-23,8,1590,2022-04-18,0
2020-07-24,6,1596,2022-04-18,0
2020-07-25,2,1598,2022-04-18,0
2020-07-26,5,1603,2022-04-18,0
2020-07-27,5,1608,2022-04-18,0
2020-07-28,7,1615,2022-04-18,0
2020-07-29,3,1618,2022-04-18,0
2020-07-30,6,1624,2022-04-18,0
2020-07-31,9,1633,2022-04-18,0
2020-08-01,4,1637,2022-04-18,0
2020-08-02,7,1644,2022-04-18,0
2020-08-03,4,1648,2022-04-18,0
2020-08-04,7,1655,2022-04-18,0
2020-08-05,8,1663,2022-04-18,0
2020-08-06,9,1672,2022-04-18,0
2020-08-07,7,1679,2022-04-18,0
2020-08-08,6,1685,2022-04-18,0
2020-08-09,10,1695,2022-04-18,0
2020-08-10,3,1698,2022-04-18,0
2020-08-11,9,1707,2022-04-18,0
2020-08-12,7,1714,2022-04-18,0
2020-08-13,5,1719,2022-04-18,0
2020-08-14,9,1728,2022-04-18,0
2020-08-15,13,1741,2022-04-18,0
2020-08-16,13,1754,2022-04-18,0
2020-08-17,6,1760,2022-04-18,0
2020-08-18,11,1771,2022-04-18,0
2020-08-19,3,1774,2022-04-18,0
2020-08-20,10,1784,2022-04-18,0
2020-08-21,12,1796,2022-04-18,0
2020-08-22,9,1805,2022-04-18,0
2020-08-23,7,1812,2022-04-18,0
2020-08-24,9,1821,2022-04-18,0
2020-08-25,4,1825,2022-04-18,0
2020-08-26,3,1828,2022-04-18,0
2020-08-27,7,1835,2022-04-18,0
2020-08-28,6,1841,2022-04-18,0
2020-08-29,3,1844,2022-04-18,0
2020-08-30,5,1849,2022-04-18,0
2020-08-31,9,1858,2022-04-18,0
2020-09-01,2,1860,2022-04-18,0
2020-09-02,7,1867,2022-04-18,0
2020-09-03,12,1879,2022-04-18,0
2020-09-04,4,1883,2022-04-18,0
2020-09-05,6,1889,2022-04-18,0
2020-09-06,12,1901,2022-04-18,0
2020-09-07,3,1904,2022-04-18,0
2020-09-08,6,1910,2022-04-18,0
2020-09-09,10,1920,2022-04-18,0
2020-09-10,9,1929,2022-04-18,0
2020-09-11,11,1940,2022-04-18,0
2020-09-12,8,1948,2022-04-18,0
2020-09-13,8,1956,2022-04-18,0
2020-09-14,2,1958,2022-04-18,0
2020-09-15,7,1965,2022-04-18,0
2020-09-16,9,1974,2022-04-18,0
2020-09-17,5,1979,2022-04-18,0
2020-09-18,6,1985,2022-04-18,0
2020-09-19,4,1989,2022-04-18,0
2020-09-20,9,1998,2022-04-18,0
2020-09-21,7,2005,2022-04-18,0
2020-09-22,8,2013,2022-04-18,0
2020-09-23,9,2022,2022-04-18,0
2020-09-24,8,2030,2022-04-18,0
2020-09-25,11,2041,2022-04-18,0
2020-09-26,9,2050,2022-04-18,0
2020-09-27,14,2064,2022-04-18,0
2020-09-28,11,2075,2022-04-18,0
2020-09-29,5,2080,2022-04-18,0
2020-09-30,16,2096,2022-04-18,0
2020-10-01,7,2103,2022-04-18,0
2020-10-02,13,2116,2022-04-18,0
2020-10-03,9,2125,2022-04-18,0
2020-10-04,7,2132,2022-04-18,0
2020-10-05,10,2142,2022-04-18,0
2020-10-06,13,2155,2022-04-18,0
2020-10-07,19,2174,2022-04-18,0
2020-10-08,9,2183,2022-04-18,0
2020-10-09,17,2200,2022-04-18,0
2020-10-10,16,2216,2022-04-18,0
2020-10-11,16,2232,2022-04-18,0
2020-10-12,20,2252,2022-04-18,0
2020-10-13,14,2266,2022-04-18,0
2020-10-14,10,2276,2022-04-18,0
2020-10-15,9,2285,2022-04-18,0
2020-10-16,12,2297,2022-04-18,0
2020-10-17,18,2315,2022-04-18,0
2020-10-18,25,2340,2022-04-18,0
2020-10-19,18,2358,2022-04-18,0
2020-10-20,15,2373,2022-04-18,0
2020-10-21,24,2397,2022-04-18,0
2020-10-22,18,2415,2022-04-18,0
2020-10-23,19,2434,2022-04-18,0
2020-10-24,8,2442,2022-04-18,0
2020-10-25,17,2459,2022-04-18,0
2020-10-26,25,2484,2022-04-18,0
2020-10-27,23,2507,2022-04-18,0
2020-10-28,29,2536,2022-04-18,0
2020-10-29,18,2554,2022-04-18,0
2020-10-30,27,2581,2022-04-18,0
2020-10-31,25,2606,2022-04-18,0
2020-11-01,21,2627,2022-04-18,0
2020-11-02,25,2652,2022-04-18,0
2020-11-03,25,2677,2022-04-18,0
2020-11-04,33,2710,2022-04-18,0
2020-11-05,38,2748,2022-04-18,0
2020-11-06,39,2787,2022-04-18,0
2020-11-07,42,2829,2022-04-18,0
2020-11-08,47,2876,2022-04-18,0
2020-11-09,37,2913,2022-04-18,0
2020-11-10,35,2948,2022-04-18,0
2020-11-11,43,2991,2022-04-18,0
2020-11-12,45,3036,2022-04-18,0
2020-11-13,39,3075,2022-04-18,0
2020-11-14,48,3123,2022-04-18,0
2020-11-15,46,3169,2022-04-18,0
2020-11-16,62,3231,2022-04-18,0
2020-11-17,56,3287,2022-04-18,0
2020-11-18,61,3348,2022-04-18,0
2020-11-19,60,3408,2022-04-18,0
2020-11-20,63,3471,2022-04-18,0
2020-11-21,58,3529,2022-04-18,0
2020-11-22,67,3596,2022-04-18,0
2020-11-23,59,3655,2022-04-18,0
2020-11-24,69,3724,2022-04-18,0
2020-11-25,72,3796,2022-04-18,0
2020-11-26,54,3850,2022-04-18,0
2020-11-27,69,3919,2022-04-18,0
2020-11-28,62,3981,2022-04-18,0
2020-11-29,68,4049,2022-04-18,0
2020-11-30,62,4111,2022-04-18,0
2020-12-01,64,4175,2022-04-18,0
2020-12-02,73,4248,2022-04-18,0
2020-12-03,86,4334,2022-04-18,0
2020-12-04,67,4401,2022-04-18,0
2020-12-05,74,4475,2022-04-18,0
2020-12-06,80,4555,2022-04-18,0
2020-12-07,75,4630,2022-04-18,0
2020-12-08,61,4691,2022-04-18,0
2020-12-09,71,4762,2022-04-18,0
2020-12-10,72,4834,2022-04-18,0
2020-12-11,71,4905,2022-04-18,0
2020-12-12,72,4977,2022-04-18,0
2020-12-13,56,5033,2022-04-18,0
2020-12-14,43,5076,2022-04-18,0
2020-12-15,65,5141,2022-04-18,0
2020-12-16,74,5215,2022-04-18,0
2020-12-17,60,5275,2022-04-18,0
2020-12-18,59,5334,2022-04-18,0
2020-12-19,56,5390,2022-04-18,0
2020-12-20,61,5451,2022-04-18,0
2020-12-21,58,5509,2022-04-18,0
2020-12-22,33,5542,2022-04-18,0
2020-12-23,46,5588,2022-04-18,0
2020-12-24,51,5639,2022-04-18,0
2020-12-25,36,5675,2022-04-18,0
2020-12-26,43,5718,2022-04-18,0
2020-12-27,41,5759,2022-04-18,0
2020-12-28,34,5793,2022-04-18,0
2020-12-29,37,5830,2022-04-18,0
2020-12-30,47,5877,2022-04-18,0
2020-12-31,36,5913,2022-04-18,0
2021-01-01,28,5941,2022-04-18,0
2021-01-02,49,5990,2022-04-18,0
2021-01-03,37,6027,2022-04-18,0
2021-01-04,32,6059,2022-04-18,0
2021-01-05,40,6099,2022-04-18,0
2021-01-06,32,6131,2022-04-18,0
2021-01-07,38,6169,2022-04-18,0
2021-01-08,32,6201,2022-04-18,0
2021-01-09,26,6227,2022-04-18,0
2021-01-10,30,6257,2022-04-18,0
2021-01-11,27,6284,2022-04-18,0
2021-01-12,32,6316,2022-04-18,0
2021-01-13,23,6339,2022-04-18,0
2021-01-14,42,6381,2022-04-18,0
2021-01-15,26,6407,2022-04-18,0
2021-01-16,30,6437,2022-04-18,0
2021-01-17,21,6458,2022-04-18,0
2021-01-18,19,6477,2022-04-18,0
2021-01-19,14,6491,2022-04-18,0
2021-01-20,26,6517,2022-04-18,0
2021-01-21,16,6533,2022-04-18,0
2021-01-22,14,6547,2022-04-18,0
2021-01-23,17,6564,2022-04-18,0
2021-01-24,24,6588,2022-04-18,0
2021-01-25,19,6607,2022-04-18,0
2021-01-26,21,6628,2022-04-18,0
2021-01-27,11,6639,2022-04-18,0
2021-01-28,12,6651,2022-04-18,0
2021-01-29,15,6666,2022-04-18,0
2021-01-30,13,6679,2022-04-18,0
2021-01-31,17,6696,2022-04-18,0
2021-02-01,17,6713,2022-04-18,0
2021-02-02,10,6723,2022-04-18,0
2021-02-03,11,6734,2022-04-18,0
2021-02-04,11,6745,2022-04-18,0
2021-02-05,13,6758,2022-04-18,0
2021-02-06,12,6770,2022-04-18,0
2021-02-07,19,6789,2022-04-18,0
2021-02-08,11,6800,2022-04-18,0
2021-02-09,15,6815,2022-04-18,0
2021-02-10,14,6829,2022-04-18,0
2021-02-11,7,6836,2022-04-18,0
2021-02-12,14,6850,2022-04-18,0
2021-02-13,8,6858,2022-04-18,0
2021-02-14,10,6868,2022-04-18,0
2021-02-15,9,6877,2022-04-18,0
2021-02-16,12,6889,2022-04-18,0
2021-02-17,10,6899,2022-04-18,0
2021-02-18,7,6906,2022-04-18,0
2021-02-19,6,6912,2022-04-18,0
2021-02-20,7,6919,2022-04-18,0
2021-02-21,4,6923,2022-04-18,0
2021-02-22,5,6928,2022-04-18,0
2021-02-23,9,6937,2022-04-18,0
2021-02-24,5,6942,2022-04-18,0
2021-02-25,5,6947,2022-04-18,0
2021-02-26,7,6954,2022-04-18,0
2021-02-27,6,6960,2022-04-18,0
2021-02-28,8,6968,2022-04-18,0
2021-03-01,7,6975,2022-04-18,0
2021-03-02,3,6978,2022-04-18,0
2021-03-03,10,6988,2022-04-18,0
2021-03-04,6,6994,2022-04-18,0
2021-03-05,10,7004,2022-04-18,0
2021-03-06,5,7009,2022-04-18,0
2021-03-07,9,7018,2022-04-18,0
2021-03-08,5,7023,2022-04-18,0
2021-03-09,7,7030,2022-04-18,0
2021-03-10,5,7035,2022-04-18,0
2021-03-11,4,7039,2022-04-18,0
2021-03-12,11,7050,2022-04-18,0
2021-03-13,5,7055,2022-04-18,0
2021-03-14,5,7060,2022-04-18,0
2021-03-15,2,7062,2022-04-18,0
2021-03-16,6,7068,2022-04-18,0
2021-03-17,4,7072,2022-04-18,0
2021-03-18,5,7077,2022-04-18,0
2021-03-19,5,7082,2022-04-18,0
2021-03-20,9,7091,2022-04-18,0
2021-03-21,5,7096,2022-04-18,0
2021-03-22,4,7100,2022-04-18,0
2021-03-23,5,7105,2022-04-18,0
2021-03-24,1,7106,2022-04-18,0
2021-03-25,5,7111,2022-04-18,0
2021-03-26,3,7114,2022-04-18,0
2021-03-27,7,7121,2022-04-18,0
2021-03-28,6,7127,2022-04-18,0
2021-03-29,5,7132,2022-04-18,0
2021-03-30,6,7138,2022-04-18,0
2021-03-31,8,7146,2022-04-18,0
2021-04-01,6,7152,2022-04-18,0
2021-04-02,9,7161,2022-04-18,0
2021-04-03,8,7169,2022-04-18,0
2021-04-04,6,7175,2022-04-18,0
2021-04-05,8,7183,2022-04-18,0
2021-04-06,7,7190,2022-04-18,0
2021-04-07,6,7196,2022-04-18,0
2021-04-08,10,7206,2022-04-18,0
2021-04-09,7,7213,2022-04-18,0
2021-04-10,7,7220,2022-04-18,0
2021-04-11,8,7228,2022-04-18,0
2021-04-12,10,7238,2022-04-18,0
2021-04-13,7,7245,2022-04-18,0
2021-04-14,8,7253,2022-04-18,0
2021-04-15,14,7267,2022-04-18,0
2021-04-16,8,7275,2022-04-18,0
2021-04-17,8,7283,2022-04-18,0
2021-04-18,8,7291,2022-04-18,0
2021-04-19,10,7301,2022-04-18,0
2021-04-20,5,7306,2022-04-18,0
2021-04-21,8,7314,2022-04-18,0
2021-04-22,3,7317,2022-04-18,0
2021-04-23,15,7332,2022-04-18,0
2021-04-24,11,7343,2022-04-18,0
2021-04-25,15,7358,2022-04-18,0
2021-04-26,15,7373,2022-04-18,0
2021-04-27,7,7380,2022-04-18,0
2021-04-28,14,7394,2022-04-18,0
2021-04-29,8,7402,2022-04-18,0
2021-04-30,11,7413,2022-04-18,0
2021-05-01,7,7420,2022-04-18,0
2021-05-02,8,7428,2022-04-18,0
2021-05-03,5,7433,2022-04-18,0
2021-05-04,13,7446,2022-04-18,0
2021-05-05,9,7455,2022-04-18,0
2021-05-06,5,7460,2022-04-18,0
2021-05-07,8,7468,2022-04-18,0
2021-05-08,7,7475,2022-04-18,0
2021-05-09,9,7484,2022-04-18,0
2021-05-10,8,7492,2022-04-18,0
2021-05-11,6,7498,2022-04-18,0
2021-05-12,9,7507,2022-04-18,0
2021-05-13,9,7516,2022-04-18,0
2021-05-14,11,7527,2022-04-18,0
2021-05-15,10,7537,2022-04-18,0
2021-05-16,6,7543,2022-04-18,0
2021-05-17,6,7549,2022-04-18,0
2021-05-18,7,7556,2022-04-18,0
2021-05-19,2,7558,2022-04-18,0
2021-05-20,5,7563,2022-04-18,0
2021-05-21,7,7570,2022-04-18,0
2021-05-22,12,7582,2022-04-18,0
2021-05-23,5,7587,2022-04-18,0
2021-05-24,5,7592,2022-04-18,0
2021-05-25,6,7598,2022-04-18,0
2021-05-26,3,7601,2022-04-18,0
2021-05-27,7,7608,2022-04-18,0
2021-05-28,2,7610,2022-04-18,0
2021-05-29,6,7616,2022-04-18,0
2021-05-30,4,7620,2022-04-18,0
2021-05-31,3,7623,2022-04-18,0
2021-06-01,5,7628,2022-04-18,0
2021-06-02,8,7636,2022-04-18,0
2021-06-03,4,7640,2022-04-18,0
2021-06-04,4,7644,2022-04-18,0
2021-06-05,2,7646,2022-04-18,0
2021-06-06,5,7651,2022-04-18,0
2021-06-07,3,7654,2022-04-18,0
2021-06-08,5,7659,2022-04-18,0
2021-06-09,4,7663,2022-04-18,0
2021-06-10,6,7669,2022-04-18,0
2021-06-11,6,7675,2022-04-18,0
2021-06-12,4,7679,2022-04-18,0
2021-06-13,4,7683,2022-04-18,0
2021-06-14,3,7686,2022-04-18,0
2021-06-15,2,7688,2022-04-18,0
2021-06-16,2,7690,2022-04-18,0
2021-06-17,4,7694,2022-04-18,0
2021-06-18,2,7696,2022-04-18,0
2021-06-19,6,7702,2022-04-18,0
2021-06-20,1,7703,2022-04-18,0
2021-06-21,5,7708,2022-04-18,0
2021-06-22,3,7711,2022-04-18,0
2021-06-23,4,7715,2022-04-18,0
2021-06-24,3,7718,2022-04-18,0
2021-06-25,3,7721,2022-04-18,0
2021-06-26,4,7725,2022-04-18,0
2021-06-27,2,7727,2022-04-18,0
2021-06-28,2,7729,2022-04-18,0
2021-06-29,2,7731,2022-04-18,0
2021-06-30,2,7733,2022-04-18,0
2021-07-01,0,7733,2022-04-18,0
2021-07-02,2,7735,2022-04-18,0
2021-07-03,2,7737,2022-04-18,0
2021-07-04,3,7740,2022-04-18,0
2021-07-05,1,7741,2022-04-18,0
2021-07-06,5,7746,2022-04-18,0
2021-07-07,1,7747,2022-04-18,0
2021-07-08,1,7748,2022-04-18,0
2021-07-09,0,7748,2022-04-18,0
2021-07-10,2,7750,2022-04-18,0
2021-07-11,3,7753,2022-04-18,0
2021-07-12,1,7754,2022-04-18,0
2021-07-13,2,7756,2022-04-18,0
2021-07-14,2,7758,2022-04-18,0
2021-07-15,2,7760,2022-04-18,0
2021-07-16,1,7761,2022-04-18,0
2021-07-17,1,7762,2022-04-18,0
2021-07-18,0,7762,2022-04-18,0
2021-07-19,0,7762,2022-04-18,0
2021-07-20,2,7764,2022-04-18,0
2021-07-21,3,7767,2022-04-18,0
2021-07-22,2,7769,2022-04-18,0
2021-07-23,3,7772,2022-04-18,0
2021-07-24,0,7772,2022-04-18,0
2021-07-25,2,7774,2022-04-18,0
2021-07-26,1,7775,2022-04-18,0
2021-07-27,2,7777,2022-04-18,0
2021-07-28,3,7780,2022-04-18,0
2021-07-29,2,7782,2022-04-18,0
2021-07-30,5,7787,2022-04-18,0
2021-07-31,4,7791,2022-04-18,0
2021-08-01,1,7792,2022-04-18,0
2021-08-02,3,7795,2022-04-18,0
2021-08-03,2,7797,2022-04-18,0
2021-08-04,3,7800,2022-04-18,0
2021-08-05,2,7802,2022-04-18,0
2021-08-06,8,7810,2022-04-18,0
2021-08-07,3,7813,2022-04-18,0
2021-08-08,3,7816,2022-04-18,0
2021-08-09,3,7819,2022-04-18,0
2021-08-10,2,7821,2022-04-18,0
2021-08-11,2,7823,2022-04-18,0
2021-08-12,7,7830,2022-04-18,0
2021-08-13,5,7835,2022-04-18,0
2021-08-14,6,7841,2022-04-18,0
2021-08-15,0,7841,2022-04-18,0
2021-08-16,7,7848,2022-04-18,0
2021-08-17,7,7855,2022-04-18,0
2021-08-18,9,7864,2022-04-18,0
2021-08-19,2,7866,2022-04-18,0
2021-08-20,3,7869,2022-04-18,0
2021-08-21,5,7874,2022-04-18,0
2021-08-22,7,7881,2022-04-18,0
2021-08-23,5,7886,2022-04-18,0
2021-08-24,12,7898,2022-04-18,0
2021-08-25,7,7905,2022-04-18,0
2021-08-26,2,7907,2022-04-18,0
2021-08-27,6,7913,2022-04-18,0
2021-08-28,11,7924,2022-04-18,0
2021-08-29,11,7935,2022-04-18,0
2021-08-30,8,7943,2022-04-18,0
2021-08-31,8,7951,2022-04-18,0
2021-09-01,6,7957,2022-04-18,0
2021-09-02,6,7963,2022-04-18,0
2021-09-03,9,7972,2022-04-18,0
2021-09-04,9,7981,2022-04-18,0
2021-09-05,10,7991,2022-04-18,0
2021-09-06,8,7999,2022-04-18,0
2021-09-07,7,8006,2022-04-18,0
2021-09-08,11,8017,2022-04-18,0
2021-09-09,5,8022,2022-04-18,0
2021-09-10,9,8031,2022-04-18,0
2021-09-11,17,8048,2022-04-18,0
2021-09-12,10,8058,2022-04-18,0
2021-09-13,8,8066,2022-04-18,0
2021-09-14,11,8077,2022-04-18,0
2021-09-15,14,8091,2022-04-18,0
2021-09-16,16,8107,2022-04-18,0
2021-09-17,8,8115,2022-04-18,0
2021-09-18,15,8130,2022-04-18,0
2021-09-19,11,8141,2022-04-18,0
2021-09-20,16,8157,2022-04-18,0
2021-09-21,16,8173,2022-04-18,0
2021-09-22,17,8190,2022-04-18,0
2021-09-23,13,8203,2022-04-18,0
2021-09-24,13,8216,2022-04-18,0
2021-09-25,16,8232,2022-04-18,0
2021-09-26,15,8247,2022-04-18,0
2021-09-27,15,8262,2022-04-18,0
2021-09-28,11,8273,2022-04-18,0
2021-09-29,21,8294,2022-04-18,0
2021-09-30,17,8311,2022-04-18,0
2021-10-01,13,8324,2022-04-18,0
2021-10-02,15,8339,2022-04-18,0
2021-10-03,23,8362,2022-04-18,0
2021-10-04,15,8377,2022-04-18,0
2021-10-05,23,8400,2022-04-18,0
2021-10-06,21,8421,2022-04-18,0
2021-10-07,14,8435,2022-04-18,0
2021-10-08,22,8457,2022-04-18,0
2021-10-09,20,8477,2022-04-18,0
2021-10-10,14,8491,2022-04-18,0
2021-10-11,11,8502,2022-04-18,0
2021-10-12,25,8527,2022-04-18,0
2021-10-13,21,8548,2022-04-18,0
2021-10-14,22,8570,2022-04-18,0
2021-10-15,14,8584,2022-04-18,0
2021-10-16,20,8604,2022-04-18,0
2021-10-17,18,8622,2022-04-18,0
2021-10-18,17,8639,2022-04-18,0
2021-10-19,26,8665,2022-04-18,0
2021-10-20,17,8682,2022-04-18,0
2021-10-21,8,8690,2022-04-18,0
2021-10-22,23,8713,2022-04-18,0
2021-10-23,24,8737,2022-04-18,0
2021-10-24,25,8762,2022-04-18,0
2021-10-25,20,8782,2022-04-18,0
2021-10-26,22,8804,2022-04-18,0
2021-10-27,16,8820,2022-04-18,0
2021-10-28,24,8844,2022-04-18,0
2021-10-29,20,8864,2022-04-18,0
2021-10-30,20,8884,2022-04-18,0
2021-10-31,27,8911,2022-04-18,0
2021-11-01,18,8929,2022-04-18,0
2021-11-02,18,8947,2022-04-18,0
2021-11-03,28,8975,2022-04-18,0
2021-11-04,30,9005,2022-04-18,0
2021-11-05,29,9034,2022-04-18,0
2021-11-06,16,9050,2022-04-18,0
2021-11-07,24,9074,2022-04-18,0
2021-11-08,28,9102,2022-04-18,0
2021-11-09,17,9119,2022-04-18,0
2021-11-10,18,9137,2022-04-18,0
2021-11-11,28,9165,2022-04-18,0
2021-11-12,29,9194,2022-04-18,0
2021-11-13,31,9225,2022-04-18,0
2021-11-14,24,9249,2022-04-18,0
2021-11-15,28,9277,2022-04-18,0
2021-11-16,25,9302,2022-04-18,0
2021-11-17,37,9339,2022-04-18,0
2021-11-18,38,9377,2022-04-18,0
2021-11-19,34,9411,2022-04-18,0
2021-11-20,30,9441,2022-04-18,0
2021-11-21,32,9473,2022-04-18,0
2021-11-22,30,9503,2022-04-18,0
2021-11-23,32,9535,2022-04-18,0
2021-11-24,25,9560,2022-04-18,0
2021-11-25,35,9595,2022-04-18,0
2021-11-26,51,9646,2022-04-18,0
2021-11-27,36,9682,2022-04-18,0
2021-11-28,39,9721,2022-04-18,0
2021-11-29,29,9750,2022-04-18,0
2021-11-30,30,9780,2022-04-18,0
2021-12-01,47,9827,2022-04-18,0
2021-12-02,40,9867,2022-04-18,0
2021-12-03,31,9898,2022-04-18,0
2021-12-04,42,9940,2022-04-18,0
2021-12-05,36,9976,2022-04-18,0
2021-12-06,36,10012,2022-04-18,0
2021-12-07,36,10048,2022-04-18,0
2021-12-08,39,10087,2022-04-18,0
2021-12-09,47,10134,2022-04-18,0
2021-12-10,34,10168,2022-04-18,0
2021-12-11,27,10195,2022-04-18,0
2021-12-12,37,10232,2022-04-18,0
2021-12-13,34,10266,2022-04-18,0
2021-12-14,35,10301,2022-04-18,0
2021-12-15,42,10343,2022-04-18,0
2021-12-16,33,10376,2022-04-18,0
2021-12-17,41,10417,2022-04-18,0
2021-12-18,33,10450,2022-04-18,0
2021-12-19,31,10481,2022-04-18,0
2021-12-20,33,10514,2022-04-18,0
2021-12-21,28,10542,2022-04-18,0
2021-12-22,29,10571,2022-04-18,0
2021-12-23,28,10599,2022-04-18,0
2021-12-24,31,10630,2022-04-18,0
2021-12-25,28,10658,2022-04-18,0
2021-12-26,42,10700,2022-04-18,0
2021-12-27,32,10732,2022-04-18,0
2021-12-28,35,10767,2022-04-18,0
2021-12-29,31,10798,2022-04-18,0
2021-12-30,21,10819,2022-04-18,0
2021-12-31,40,10859,2022-04-18,0
2022-01-01,27,10886,2022-04-18,0
2022-01-02,22,10908,2022-04-18,0
2022-01-03,23,10931,2022-04-18,0
2022-01-04,30,10961,2022-04-18,0
2022-01-05,32,10993,2022-04-18,0
2022-01-06,32,11025,2022-04-18,0
2022-01-07,28,11053,2022-04-18,0
2022-01-08,43,11096,2022-04-18,0
2022-01-09,20,11116,2022-04-18,0
2022-01-10,31,11147,2022-04-18,0
2022-01-11,20,11167,2022-04-18,0
2022-01-12,21,11188,2022-04-18,0
2022-01-13,28,11216,2022-04-18,0
2022-01-14,33,11249,2022-04-18,0
2022-01-15,27,11276,2022-04-18,0
2022-01-16,34,11310,2022-04-18,0
2022-01-17,36,11346,2022-04-18,0
2022-01-18,26,11372,2022-04-18,0
2022-01-19,29,11401,2022-04-18,0
2022-01-20,31,11432,2022-04-18,0
2022-01-21,27,11459,2022-04-18,0
2022-01-22,29,11488,2022-04-18,0
2022-01-23,24,11512,2022-04-18,0
2022-01-24,38,11550,2022-04-18,0
2022-01-25,33,11583,2022-04-18,0
2022-01-26,35,11618,2022-04-18,0
2022-01-27,37,11655,2022-04-18,0
2022-01-28,31,11686,2022-04-18,0
2022-01-29,31,11717,2022-04-18,0
2022-01-30,27,11744,2022-04-18,0
2022-01-31,18,11762,2022-04-18,0
2022-02-01,25,11787,2022-04-18,0
2022-02-02,23,11810,2022-04-18,0
2022-02-03,30,11840,2022-04-18,0
2022-02-04,22,11862,2022-04-18,0
2022-02-05,28,11890,2022-04-18,0
2022-02-06,29,11919,2022-04-18,0
2022-02-07,20,11939,2022-04-18,0
2022-02-08,27,11966,2022-04-18,0
2022-02-09,25,11991,2022-04-18,0
2022-02-10,22,12013,2022-04-18,0
2022-02-11,19,12032,2022-04-18,0
2022-02-12,16,12048,2022-04-18,0
2022-02-13,19,12067,2022-04-18,0
2022-02-14,18,12085,2022-04-18,0
2022-02-15,21,12106,2022-04-18,0
2022-02-16,14,12120,2022-04-18,0
2022-02-17,16,12136,2022-04-18,0
2022-02-18,16,12152,2022-04-18,0
2022-02-19,21,12173,2022-04-18,0
2022-02-20,15,12188,2022-04-18,0
2022-02-21,7,12195,2022-04-18,1
2022-02-22,14,12209,2022-04-18,0
2022-02-23,9,12218,2022-04-18,0
2022-02-24,28,12246,2022-04-18,0
2022-02-25,9,12255,2022-04-18,0
2022-02-26,10,12265,2022-04-18,0
2022-02-27,11,12276,2022-04-18,0
2022-02-28,7,12283,2022-04-18,0
2022-03-01,7,12290,2022-04-18,0
2022-03-02,9,12299,2022-04-18,0
2022-03-03,6,12305,2022-04-18,0
2022-03-04,11,12316,2022-04-18,0
2022-03-05,6,12322,2022-04-18,0
2022-03-06,10,12332,2022-04-18,0
2022-03-07,4,12336,2022-04-18,0
2022-03-08,5,12341,2022-04-18,0
2022-03-09,11,12352,2022-04-18,0
2022-03-10,9,12361,2022-04-18,0
2022-03-11,8,12369,2022-04-18,0
2022-03-12,0,12369,2022-04-18,0
2022-03-13,4,12373,2022-04-18,0
2022-03-14,4,12377,2022-04-18,0
2022-03-15,4,12381,2022-04-18,0
2022-03-16,0,12381,2022-04-18,0
2022-03-17,7,12388,2022-04-18,0
2022-03-18,2,12390,2022-04-18,0
2022-03-19,3,12393,2022-04-18,0
2022-03-20,9,12402,2022-04-18,0
2022-03-21,2,12404,2022-04-18,0
2022-03-22,3,12407,2022-04-18,0
2022-03-23,6,12413,2022-04-18,0
2022-03-24,4,12417,2022-04-18,0
2022-03-25,6,12423,2022-04-18,0
2022-03-26,2,12425,2022-04-18,0
2022-03-27,2,12427,2022-04-18,0
2022-03-28,4,12431,2022-04-18,0
2022-03-29,2,12433,2022-04-18,0
2022-03-30,2,12435,2022-04-18,0
2022-03-31,6,12441,2022-04-18,0
2022-04-01,2,12443,2022-04-18,0
2022-04-02,3,12446,2022-04-18,0
2022-04-03,3,12449,2022-04-18,0
2022-04-04,2,12451,2022-04-18,0
2022-04-05,3,12454,2022-04-18,1
2022-04-06,4,12458,2022-04-18,0
2022-04-07,3,12461,2022-04-18,0
2022-04-08,1,12462,2022-04-18,0
2022-04-09,3,12465,2022-04-18,1
2022-04-10,1,12466,2022-04-18,0
2022-04-11,1,12467,2022-04-18,0
2022-04-12,1,12468,2022-04-18,1
NA,0,12468,2022-04-18,0
2020-03-19,1,1,2022-04-19,0
2020-03-20,0,1,2022-04-19,0
2020-03-21,0,1,2022-04-19,0
2020-03-22,0,1,2022-04-19,0
2020-03-23,0,1,2022-04-19,0
2020-03-24,1,2,2022-04-19,0
2020-03-25,1,3,2022-04-19,0
2020-03-26,1,4,2022-04-19,0
2020-03-27,5,9,2022-04-19,0
2020-03-28,3,12,2022-04-19,0
2020-03-29,0,12,2022-04-19,0
2020-03-30,5,17,2022-04-19,0
2020-03-31,2,19,2022-04-19,0
2020-04-01,5,24,2022-04-19,0
2020-04-02,3,27,2022-04-19,0
2020-04-03,1,28,2022-04-19,0
2020-04-04,5,33,2022-04-19,0
2020-04-05,5,38,2022-04-19,0
2020-04-06,10,48,2022-04-19,0
2020-04-07,6,54,2022-04-19,0
2020-04-08,7,61,2022-04-19,0
2020-04-09,8,69,2022-04-19,0
2020-04-10,6,75,2022-04-19,0
2020-04-11,4,79,2022-04-19,0
2020-04-12,4,83,2022-04-19,0
2020-04-13,10,93,2022-04-19,0
2020-04-14,6,99,2022-04-19,0
2020-04-15,17,116,2022-04-19,0
2020-04-16,10,126,2022-04-19,0
2020-04-17,17,143,2022-04-19,0
2020-04-18,17,160,2022-04-19,0
2020-04-19,16,176,2022-04-19,0
2020-04-20,21,197,2022-04-19,0
2020-04-21,26,223,2022-04-19,0
2020-04-22,21,244,2022-04-19,0
2020-04-23,19,263,2022-04-19,0
2020-04-24,23,286,2022-04-19,0
2020-04-25,18,304,2022-04-19,0
2020-04-26,17,321,2022-04-19,0
2020-04-27,21,342,2022-04-19,0
2020-04-28,16,358,2022-04-19,0
2020-04-29,29,387,2022-04-19,0
2020-04-30,18,405,2022-04-19,0
2020-05-01,30,435,2022-04-19,0
2020-05-02,19,454,2022-04-19,0
2020-05-03,29,483,2022-04-19,0
2020-05-04,23,506,2022-04-19,0
2020-05-05,19,525,2022-04-19,0
2020-05-06,25,550,2022-04-19,0
2020-05-07,30,580,2022-04-19,0
2020-05-08,20,600,2022-04-19,0
2020-05-09,26,626,2022-04-19,0
2020-05-10,19,645,2022-04-19,0
2020-05-11,25,670,2022-04-19,0
2020-05-12,20,690,2022-04-19,0
2020-05-13,22,712,2022-04-19,0
2020-05-14,20,732,2022-04-19,0
2020-05-15,20,752,2022-04-19,0
2020-05-16,20,772,2022-04-19,0
2020-05-17,23,795,2022-04-19,0
2020-05-18,18,813,2022-04-19,0
2020-05-19,35,848,2022-04-19,0
2020-05-20,24,872,2022-04-19,0
2020-05-21,17,889,2022-04-19,0
2020-05-22,20,909,2022-04-19,0
2020-05-23,26,935,2022-04-19,0
2020-05-24,25,960,2022-04-19,0
2020-05-25,30,990,2022-04-19,0
2020-05-26,29,1019,2022-04-19,0
2020-05-27,25,1044,2022-04-19,0
2020-05-28,21,1065,2022-04-19,0
2020-05-29,17,1082,2022-04-19,0
2020-05-30,11,1093,2022-04-19,0
2020-05-31,20,1113,2022-04-19,0
2020-06-01,23,1136,2022-04-19,0
2020-06-02,21,1157,2022-04-19,0
2020-06-03,25,1182,2022-04-19,0
2020-06-04,26,1208,2022-04-19,0
2020-06-05,18,1226,2022-04-19,0
2020-06-06,12,1238,2022-04-19,0
2020-06-07,22,1260,2022-04-19,0
2020-06-08,12,1272,2022-04-19,0
2020-06-09,13,1285,2022-04-19,0
2020-06-10,10,1295,2022-04-19,0
2020-06-11,12,1307,2022-04-19,0
2020-06-12,11,1318,2022-04-19,0
2020-06-13,13,1331,2022-04-19,0
2020-06-14,11,1342,2022-04-19,0
2020-06-15,8,1350,2022-04-19,0
2020-06-16,9,1359,2022-04-19,0
2020-06-17,17,1376,2022-04-19,0
2020-06-18,9,1385,2022-04-19,0
2020-06-19,8,1393,2022-04-19,0
2020-06-20,12,1405,2022-04-19,0
2020-06-21,11,1416,2022-04-19,0
2020-06-22,6,1422,2022-04-19,0
2020-06-23,10,1432,2022-04-19,0
2020-06-24,1,1433,2022-04-19,0
2020-06-25,9,1442,2022-04-19,0
2020-06-26,6,1448,2022-04-19,0
2020-06-27,5,1453,2022-04-19,0
2020-06-28,11,1464,2022-04-19,0
2020-06-29,7,1471,2022-04-19,0
2020-06-30,9,1480,2022-04-19,0
2020-07-01,2,1482,2022-04-19,0
2020-07-02,3,1485,2022-04-19,0
2020-07-03,5,1490,2022-04-19,0
2020-07-04,4,1494,2022-04-19,0
2020-07-05,6,1500,2022-04-19,0
2020-07-06,4,1504,2022-04-19,0
2020-07-07,2,1506,2022-04-19,0
2020-07-08,9,1515,2022-04-19,0
2020-07-09,4,1519,2022-04-19,0
2020-07-10,3,1522,2022-04-19,0
2020-07-11,4,1526,2022-04-19,0
2020-07-12,6,1532,2022-04-19,0
2020-07-13,2,1534,2022-04-19,0
2020-07-14,6,1540,2022-04-19,0
2020-07-15,7,1547,2022-04-19,0
2020-07-16,3,1550,2022-04-19,0
2020-07-17,7,1557,2022-04-19,0
2020-07-18,6,1563,2022-04-19,0
2020-07-19,5,1568,2022-04-19,0
2020-07-20,3,1571,2022-04-19,0
2020-07-21,6,1577,2022-04-19,0
2020-07-22,5,1582,2022-04-19,0
2020-07-23,8,1590,2022-04-19,0
2020-07-24,6,1596,2022-04-19,0
2020-07-25,2,1598,2022-04-19,0
2020-07-26,5,1603,2022-04-19,0
2020-07-27,5,1608,2022-04-19,0
2020-07-28,7,1615,2022-04-19,0
2020-07-29,3,1618,2022-04-19,0
2020-07-30,6,1624,2022-04-19,0
2020-07-31,9,1633,2022-04-19,0
2020-08-01,4,1637,2022-04-19,0
2020-08-02,7,1644,2022-04-19,0
2020-08-03,4,1648,2022-04-19,0
2020-08-04,7,1655,2022-04-19,0
2020-08-05,8,1663,2022-04-19,0
2020-08-06,9,1672,2022-04-19,0
2020-08-07,7,1679,2022-04-19,0
2020-08-08,6,1685,2022-04-19,0
2020-08-09,10,1695,2022-04-19,0
2020-08-10,3,1698,2022-04-19,0
2020-08-11,9,1707,2022-04-19,0
2020-08-12,7,1714,2022-04-19,0
2020-08-13,5,1719,2022-04-19,0
2020-08-14,9,1728,2022-04-19,0
2020-08-15,13,1741,2022-04-19,0
2020-08-16,13,1754,2022-04-19,0
2020-08-17,6,1760,2022-04-19,0
2020-08-18,11,1771,2022-04-19,0
2020-08-19,3,1774,2022-04-19,0
2020-08-20,10,1784,2022-04-19,0
2020-08-21,12,1796,2022-04-19,0
2020-08-22,9,1805,2022-04-19,0
2020-08-23,7,1812,2022-04-19,0
2020-08-24,9,1821,2022-04-19,0
2020-08-25,4,1825,2022-04-19,0
2020-08-26,3,1828,2022-04-19,0
2020-08-27,7,1835,2022-04-19,0
2020-08-28,6,1841,2022-04-19,0
2020-08-29,3,1844,2022-04-19,0
2020-08-30,5,1849,2022-04-19,0
2020-08-31,9,1858,2022-04-19,0
2020-09-01,2,1860,2022-04-19,0
2020-09-02,7,1867,2022-04-19,0
2020-09-03,12,1879,2022-04-19,0
2020-09-04,4,1883,2022-04-19,0
2020-09-05,6,1889,2022-04-19,0
2020-09-06,12,1901,2022-04-19,0
2020-09-07,3,1904,2022-04-19,0
2020-09-08,6,1910,2022-04-19,0
2020-09-09,10,1920,2022-04-19,0
2020-09-10,9,1929,2022-04-19,0
2020-09-11,11,1940,2022-04-19,0
2020-09-12,8,1948,2022-04-19,0
2020-09-13,8,1956,2022-04-19,0
2020-09-14,2,1958,2022-04-19,0
2020-09-15,7,1965,2022-04-19,0
2020-09-16,9,1974,2022-04-19,0
2020-09-17,5,1979,2022-04-19,0
2020-09-18,6,1985,2022-04-19,0
2020-09-19,4,1989,2022-04-19,0
2020-09-20,9,1998,2022-04-19,0
2020-09-21,7,2005,2022-04-19,0
2020-09-22,8,2013,2022-04-19,0
2020-09-23,9,2022,2022-04-19,0
2020-09-24,8,2030,2022-04-19,0
2020-09-25,11,2041,2022-04-19,0
2020-09-26,9,2050,2022-04-19,0
2020-09-27,14,2064,2022-04-19,0
2020-09-28,11,2075,2022-04-19,0
2020-09-29,5,2080,2022-04-19,0
2020-09-30,16,2096,2022-04-19,0
2020-10-01,7,2103,2022-04-19,0
2020-10-02,13,2116,2022-04-19,0
2020-10-03,9,2125,2022-04-19,0
2020-10-04,7,2132,2022-04-19,0
2020-10-05,10,2142,2022-04-19,0
2020-10-06,13,2155,2022-04-19,0
2020-10-07,19,2174,2022-04-19,0
2020-10-08,9,2183,2022-04-19,0
2020-10-09,17,2200,2022-04-19,0
2020-10-10,16,2216,2022-04-19,0
2020-10-11,16,2232,2022-04-19,0
2020-10-12,20,2252,2022-04-19,0
2020-10-13,14,2266,2022-04-19,0
2020-10-14,10,2276,2022-04-19,0
2020-10-15,9,2285,2022-04-19,0
2020-10-16,12,2297,2022-04-19,0
2020-10-17,18,2315,2022-04-19,0
2020-10-18,25,2340,2022-04-19,0
2020-10-19,18,2358,2022-04-19,0
2020-10-20,15,2373,2022-04-19,0
2020-10-21,24,2397,2022-04-19,0
2020-10-22,18,2415,2022-04-19,0
2020-10-23,19,2434,2022-04-19,0
2020-10-24,8,2442,2022-04-19,0
2020-10-25,17,2459,2022-04-19,0
2020-10-26,25,2484,2022-04-19,0
2020-10-27,23,2507,2022-04-19,0
2020-10-28,29,2536,2022-04-19,0
2020-10-29,18,2554,2022-04-19,0
2020-10-30,27,2581,2022-04-19,0
2020-10-31,25,2606,2022-04-19,0
2020-11-01,21,2627,2022-04-19,0
2020-11-02,25,2652,2022-04-19,0
2020-11-03,25,2677,2022-04-19,0
2020-11-04,33,2710,2022-04-19,0
2020-11-05,38,2748,2022-04-19,0
2020-11-06,39,2787,2022-04-19,0
2020-11-07,42,2829,2022-04-19,0
2020-11-08,47,2876,2022-04-19,0
2020-11-09,37,2913,2022-04-19,0
2020-11-10,35,2948,2022-04-19,0
2020-11-11,43,2991,2022-04-19,0
2020-11-12,45,3036,2022-04-19,0
2020-11-13,39,3075,2022-04-19,0
2020-11-14,48,3123,2022-04-19,0
2020-11-15,46,3169,2022-04-19,0
2020-11-16,62,3231,2022-04-19,0
2020-11-17,56,3287,2022-04-19,0
2020-11-18,61,3348,2022-04-19,0
2020-11-19,60,3408,2022-04-19,0
2020-11-20,63,3471,2022-04-19,0
2020-11-21,58,3529,2022-04-19,0
2020-11-22,67,3596,2022-04-19,0
2020-11-23,59,3655,2022-04-19,0
2020-11-24,69,3724,2022-04-19,0
2020-11-25,72,3796,2022-04-19,0
2020-11-26,54,3850,2022-04-19,0
2020-11-27,69,3919,2022-04-19,0
2020-11-28,62,3981,2022-04-19,0
2020-11-29,68,4049,2022-04-19,0
2020-11-30,62,4111,2022-04-19,0
2020-12-01,64,4175,2022-04-19,0
2020-12-02,73,4248,2022-04-19,0
2020-12-03,86,4334,2022-04-19,0
2020-12-04,67,4401,2022-04-19,0
2020-12-05,74,4475,2022-04-19,0
2020-12-06,80,4555,2022-04-19,0
2020-12-07,75,4630,2022-04-19,0
2020-12-08,61,4691,2022-04-19,0
2020-12-09,71,4762,2022-04-19,0
2020-12-10,72,4834,2022-04-19,0
2020-12-11,71,4905,2022-04-19,0
2020-12-12,72,4977,2022-04-19,0
2020-12-13,56,5033,2022-04-19,0
2020-12-14,43,5076,2022-04-19,0
2020-12-15,65,5141,2022-04-19,0
2020-12-16,74,5215,2022-04-19,0
2020-12-17,60,5275,2022-04-19,0
2020-12-18,59,5334,2022-04-19,0
2020-12-19,56,5390,2022-04-19,0
2020-12-20,61,5451,2022-04-19,0
2020-12-21,58,5509,2022-04-19,0
2020-12-22,33,5542,2022-04-19,0
2020-12-23,46,5588,2022-04-19,0
2020-12-24,51,5639,2022-04-19,0
2020-12-25,36,5675,2022-04-19,0
2020-12-26,43,5718,2022-04-19,0
2020-12-27,41,5759,2022-04-19,0
2020-12-28,34,5793,2022-04-19,0
2020-12-29,37,5830,2022-04-19,0
2020-12-30,47,5877,2022-04-19,0
2020-12-31,36,5913,2022-04-19,0
2021-01-01,28,5941,2022-04-19,0
2021-01-02,49,5990,2022-04-19,0
2021-01-03,37,6027,2022-04-19,0
2021-01-04,32,6059,2022-04-19,0
2021-01-05,40,6099,2022-04-19,0
2021-01-06,32,6131,2022-04-19,0
2021-01-07,38,6169,2022-04-19,0
2021-01-08,32,6201,2022-04-19,0
2021-01-09,26,6227,2022-04-19,0
2021-01-10,30,6257,2022-04-19,0
2021-01-11,27,6284,2022-04-19,0
2021-01-12,32,6316,2022-04-19,0
2021-01-13,23,6339,2022-04-19,0
2021-01-14,42,6381,2022-04-19,0
2021-01-15,26,6407,2022-04-19,0
2021-01-16,30,6437,2022-04-19,0
2021-01-17,21,6458,2022-04-19,0
2021-01-18,19,6477,2022-04-19,0
2021-01-19,14,6491,2022-04-19,0
2021-01-20,26,6517,2022-04-19,0
2021-01-21,16,6533,2022-04-19,0
2021-01-22,14,6547,2022-04-19,0
2021-01-23,17,6564,2022-04-19,0
2021-01-24,24,6588,2022-04-19,0
2021-01-25,19,6607,2022-04-19,0
2021-01-26,21,6628,2022-04-19,0
2021-01-27,11,6639,2022-04-19,0
2021-01-28,12,6651,2022-04-19,0
2021-01-29,15,6666,2022-04-19,0
2021-01-30,13,6679,2022-04-19,0
2021-01-31,17,6696,2022-04-19,0
2021-02-01,17,6713,2022-04-19,0
2021-02-02,10,6723,2022-04-19,0
2021-02-03,11,6734,2022-04-19,0
2021-02-04,11,6745,2022-04-19,0
2021-02-05,13,6758,2022-04-19,0
2021-02-06,12,6770,2022-04-19,0
2021-02-07,19,6789,2022-04-19,0
2021-02-08,11,6800,2022-04-19,0
2021-02-09,15,6815,2022-04-19,0
2021-02-10,14,6829,2022-04-19,0
2021-02-11,7,6836,2022-04-19,0
2021-02-12,14,6850,2022-04-19,0
2021-02-13,8,6858,2022-04-19,0
2021-02-14,10,6868,2022-04-19,0
2021-02-15,9,6877,2022-04-19,0
2021-02-16,12,6889,2022-04-19,0
2021-02-17,10,6899,2022-04-19,0
2021-02-18,7,6906,2022-04-19,0
2021-02-19,6,6912,2022-04-19,0
2021-02-20,7,6919,2022-04-19,0
2021-02-21,4,6923,2022-04-19,0
2021-02-22,5,6928,2022-04-19,0
2021-02-23,9,6937,2022-04-19,0
2021-02-24,5,6942,2022-04-19,0
2021-02-25,5,6947,2022-04-19,0
2021-02-26,7,6954,2022-04-19,0
2021-02-27,6,6960,2022-04-19,0
2021-02-28,8,6968,2022-04-19,0
2021-03-01,7,6975,2022-04-19,0
2021-03-02,3,6978,2022-04-19,0
2021-03-03,10,6988,2022-04-19,0
2021-03-04,6,6994,2022-04-19,0
2021-03-05,10,7004,2022-04-19,0
2021-03-06,5,7009,2022-04-19,0
2021-03-07,9,7018,2022-04-19,0
2021-03-08,5,7023,2022-04-19,0
2021-03-09,7,7030,2022-04-19,0
2021-03-10,5,7035,2022-04-19,0
2021-03-11,4,7039,2022-04-19,0
2021-03-12,11,7050,2022-04-19,0
2021-03-13,5,7055,2022-04-19,0
2021-03-14,5,7060,2022-04-19,0
2021-03-15,2,7062,2022-04-19,0
2021-03-16,6,7068,2022-04-19,0
2021-03-17,4,7072,2022-04-19,0
2021-03-18,5,7077,2022-04-19,0
2021-03-19,5,7082,2022-04-19,0
2021-03-20,9,7091,2022-04-19,0
2021-03-21,5,7096,2022-04-19,0
2021-03-22,4,7100,2022-04-19,0
2021-03-23,5,7105,2022-04-19,0
2021-03-24,1,7106,2022-04-19,0
2021-03-25,5,7111,2022-04-19,0
2021-03-26,3,7114,2022-04-19,0
2021-03-27,7,7121,2022-04-19,0
2021-03-28,6,7127,2022-04-19,0
2021-03-29,5,7132,2022-04-19,0
2021-03-30,6,7138,2022-04-19,0
2021-03-31,8,7146,2022-04-19,0
2021-04-01,6,7152,2022-04-19,0
2021-04-02,9,7161,2022-04-19,0
2021-04-03,8,7169,2022-04-19,0
2021-04-04,6,7175,2022-04-19,0
2021-04-05,8,7183,2022-04-19,0
2021-04-06,7,7190,2022-04-19,0
2021-04-07,6,7196,2022-04-19,0
2021-04-08,10,7206,2022-04-19,0
2021-04-09,7,7213,2022-04-19,0
2021-04-10,7,7220,2022-04-19,0
2021-04-11,8,7228,2022-04-19,0
2021-04-12,10,7238,2022-04-19,0
2021-04-13,7,7245,2022-04-19,0
2021-04-14,8,7253,2022-04-19,0
2021-04-15,14,7267,2022-04-19,0
2021-04-16,8,7275,2022-04-19,0
2021-04-17,8,7283,2022-04-19,0
2021-04-18,8,7291,2022-04-19,0
2021-04-19,10,7301,2022-04-19,0
2021-04-20,5,7306,2022-04-19,0
2021-04-21,8,7314,2022-04-19,0
2021-04-22,3,7317,2022-04-19,0
2021-04-23,15,7332,2022-04-19,0
2021-04-24,11,7343,2022-04-19,0
2021-04-25,15,7358,2022-04-19,0
2021-04-26,15,7373,2022-04-19,0
2021-04-27,7,7380,2022-04-19,0
2021-04-28,14,7394,2022-04-19,0
2021-04-29,8,7402,2022-04-19,0
2021-04-30,11,7413,2022-04-19,0
2021-05-01,7,7420,2022-04-19,0
2021-05-02,8,7428,2022-04-19,0
2021-05-03,5,7433,2022-04-19,0
2021-05-04,13,7446,2022-04-19,0
2021-05-05,9,7455,2022-04-19,0
2021-05-06,5,7460,2022-04-19,0
2021-05-07,8,7468,2022-04-19,0
2021-05-08,7,7475,2022-04-19,0
2021-05-09,9,7484,2022-04-19,0
2021-05-10,8,7492,2022-04-19,0
2021-05-11,6,7498,2022-04-19,0
2021-05-12,9,7507,2022-04-19,0
2021-05-13,9,7516,2022-04-19,0
2021-05-14,11,7527,2022-04-19,0
2021-05-15,10,7537,2022-04-19,0
2021-05-16,6,7543,2022-04-19,0
2021-05-17,6,7549,2022-04-19,0
2021-05-18,7,7556,2022-04-19,0
2021-05-19,2,7558,2022-04-19,0
2021-05-20,5,7563,2022-04-19,0
2021-05-21,7,7570,2022-04-19,0
2021-05-22,12,7582,2022-04-19,0
2021-05-23,5,7587,2022-04-19,0
2021-05-24,5,7592,2022-04-19,0
2021-05-25,6,7598,2022-04-19,0
2021-05-26,3,7601,2022-04-19,0
2021-05-27,7,7608,2022-04-19,0
2021-05-28,2,7610,2022-04-19,0
2021-05-29,6,7616,2022-04-19,0
2021-05-30,4,7620,2022-04-19,0
2021-05-31,3,7623,2022-04-19,0
2021-06-01,5,7628,2022-04-19,0
2021-06-02,8,7636,2022-04-19,0
2021-06-03,4,7640,2022-04-19,0
2021-06-04,4,7644,2022-04-19,0
2021-06-05,2,7646,2022-04-19,0
2021-06-06,5,7651,2022-04-19,0
2021-06-07,3,7654,2022-04-19,0
2021-06-08,5,7659,2022-04-19,0
2021-06-09,4,7663,2022-04-19,0
2021-06-10,6,7669,2022-04-19,0
2021-06-11,6,7675,2022-04-19,0
2021-06-12,4,7679,2022-04-19,0
2021-06-13,4,7683,2022-04-19,0
2021-06-14,3,7686,2022-04-19,0
2021-06-15,2,7688,2022-04-19,0
2021-06-16,2,7690,2022-04-19,0
2021-06-17,4,7694,2022-04-19,0
2021-06-18,2,7696,2022-04-19,0
2021-06-19,6,7702,2022-04-19,0
2021-06-20,1,7703,2022-04-19,0
2021-06-21,5,7708,2022-04-19,0
2021-06-22,3,7711,2022-04-19,0
2021-06-23,4,7715,2022-04-19,0
2021-06-24,3,7718,2022-04-19,0
2021-06-25,3,7721,2022-04-19,0
2021-06-26,4,7725,2022-04-19,0
2021-06-27,2,7727,2022-04-19,0
2021-06-28,2,7729,2022-04-19,0
2021-06-29,2,7731,2022-04-19,0
2021-06-30,2,7733,2022-04-19,0
2021-07-01,0,7733,2022-04-19,0
2021-07-02,2,7735,2022-04-19,0
2021-07-03,2,7737,2022-04-19,0
2021-07-04,3,7740,2022-04-19,0
2021-07-05,1,7741,2022-04-19,0
2021-07-06,5,7746,2022-04-19,0
2021-07-07,1,7747,2022-04-19,0
2021-07-08,1,7748,2022-04-19,0
2021-07-09,0,7748,2022-04-19,0
2021-07-10,2,7750,2022-04-19,0
2021-07-11,3,7753,2022-04-19,0
2021-07-12,1,7754,2022-04-19,0
2021-07-13,2,7756,2022-04-19,0
2021-07-14,2,7758,2022-04-19,0
2021-07-15,2,7760,2022-04-19,0
2021-07-16,1,7761,2022-04-19,0
2021-07-17,1,7762,2022-04-19,0
2021-07-18,0,7762,2022-04-19,0
2021-07-19,0,7762,2022-04-19,0
2021-07-20,2,7764,2022-04-19,0
2021-07-21,3,7767,2022-04-19,0
2021-07-22,2,7769,2022-04-19,0
2021-07-23,3,7772,2022-04-19,0
2021-07-24,0,7772,2022-04-19,0
2021-07-25,2,7774,2022-04-19,0
2021-07-26,1,7775,2022-04-19,0
2021-07-27,2,7777,2022-04-19,0
2021-07-28,3,7780,2022-04-19,0
2021-07-29,2,7782,2022-04-19,0
2021-07-30,5,7787,2022-04-19,0
2021-07-31,4,7791,2022-04-19,0
2021-08-01,1,7792,2022-04-19,0
2021-08-02,3,7795,2022-04-19,0
2021-08-03,2,7797,2022-04-19,0
2021-08-04,3,7800,2022-04-19,0
2021-08-05,2,7802,2022-04-19,0
2021-08-06,8,7810,2022-04-19,0
2021-08-07,3,7813,2022-04-19,0
2021-08-08,3,7816,2022-04-19,0
2021-08-09,3,7819,2022-04-19,0
2021-08-10,2,7821,2022-04-19,0
2021-08-11,2,7823,2022-04-19,0
2021-08-12,7,7830,2022-04-19,0
2021-08-13,5,7835,2022-04-19,0
2021-08-14,6,7841,2022-04-19,0
2021-08-15,0,7841,2022-04-19,0
2021-08-16,7,7848,2022-04-19,0
2021-08-17,7,7855,2022-04-19,0
2021-08-18,9,7864,2022-04-19,0
2021-08-19,2,7866,2022-04-19,0
2021-08-20,3,7869,2022-04-19,0
2021-08-21,5,7874,2022-04-19,0
2021-08-22,7,7881,2022-04-19,0
2021-08-23,5,7886,2022-04-19,0
2021-08-24,12,7898,2022-04-19,0
2021-08-25,7,7905,2022-04-19,0
2021-08-26,2,7907,2022-04-19,0
2021-08-27,6,7913,2022-04-19,0
2021-08-28,11,7924,2022-04-19,0
2021-08-29,11,7935,2022-04-19,0
2021-08-30,8,7943,2022-04-19,0
2021-08-31,8,7951,2022-04-19,0
2021-09-01,6,7957,2022-04-19,0
2021-09-02,6,7963,2022-04-19,0
2021-09-03,9,7972,2022-04-19,0
2021-09-04,9,7981,2022-04-19,0
2021-09-05,10,7991,2022-04-19,0
2021-09-06,8,7999,2022-04-19,0
2021-09-07,7,8006,2022-04-19,0
2021-09-08,11,8017,2022-04-19,0
2021-09-09,5,8022,2022-04-19,0
2021-09-10,9,8031,2022-04-19,0
2021-09-11,17,8048,2022-04-19,0
2021-09-12,10,8058,2022-04-19,0
2021-09-13,8,8066,2022-04-19,0
2021-09-14,11,8077,2022-04-19,0
2021-09-15,14,8091,2022-04-19,0
2021-09-16,16,8107,2022-04-19,0
2021-09-17,8,8115,2022-04-19,0
2021-09-18,15,8130,2022-04-19,0
2021-09-19,11,8141,2022-04-19,0
2021-09-20,16,8157,2022-04-19,0
2021-09-21,16,8173,2022-04-19,0
2021-09-22,17,8190,2022-04-19,0
2021-09-23,13,8203,2022-04-19,0
2021-09-24,13,8216,2022-04-19,0
2021-09-25,16,8232,2022-04-19,0
2021-09-26,15,8247,2022-04-19,0
2021-09-27,15,8262,2022-04-19,0
2021-09-28,11,8273,2022-04-19,0
2021-09-29,21,8294,2022-04-19,0
2021-09-30,17,8311,2022-04-19,0
2021-10-01,13,8324,2022-04-19,0
2021-10-02,15,8339,2022-04-19,0
2021-10-03,23,8362,2022-04-19,0
2021-10-04,15,8377,2022-04-19,0
2021-10-05,23,8400,2022-04-19,0
2021-10-06,21,8421,2022-04-19,0
2021-10-07,14,8435,2022-04-19,0
2021-10-08,22,8457,2022-04-19,0
2021-10-09,20,8477,2022-04-19,0
2021-10-10,14,8491,2022-04-19,0
2021-10-11,11,8502,2022-04-19,0
2021-10-12,25,8527,2022-04-19,0
2021-10-13,21,8548,2022-04-19,0
2021-10-14,22,8570,2022-04-19,0
2021-10-15,14,8584,2022-04-19,0
2021-10-16,20,8604,2022-04-19,0
2021-10-17,18,8622,2022-04-19,0
2021-10-18,17,8639,2022-04-19,0
2021-10-19,26,8665,2022-04-19,0
2021-10-20,17,8682,2022-04-19,0
2021-10-21,8,8690,2022-04-19,0
2021-10-22,23,8713,2022-04-19,0
2021-10-23,24,8737,2022-04-19,0
2021-10-24,25,8762,2022-04-19,0
2021-10-25,20,8782,2022-04-19,0
2021-10-26,22,8804,2022-04-19,0
2021-10-27,16,8820,2022-04-19,0
2021-10-28,24,8844,2022-04-19,0
2021-10-29,20,8864,2022-04-19,0
2021-10-30,20,8884,2022-04-19,0
2021-10-31,27,8911,2022-04-19,0
2021-11-01,18,8929,2022-04-19,0
2021-11-02,18,8947,2022-04-19,0
2021-11-03,28,8975,2022-04-19,0
2021-11-04,30,9005,2022-04-19,0
2021-11-05,29,9034,2022-04-19,0
2021-11-06,16,9050,2022-04-19,0
2021-11-07,24,9074,2022-04-19,0
2021-11-08,28,9102,2022-04-19,0
2021-11-09,17,9119,2022-04-19,0
2021-11-10,18,9137,2022-04-19,0
2021-11-11,28,9165,2022-04-19,0
2021-11-12,29,9194,2022-04-19,0
2021-11-13,31,9225,2022-04-19,0
2021-11-14,24,9249,2022-04-19,0
2021-11-15,28,9277,2022-04-19,0
2021-11-16,25,9302,2022-04-19,0
2021-11-17,37,9339,2022-04-19,0
2021-11-18,38,9377,2022-04-19,0
2021-11-19,34,9411,2022-04-19,0
2021-11-20,30,9441,2022-04-19,0
2021-11-21,32,9473,2022-04-19,0
2021-11-22,30,9503,2022-04-19,0
2021-11-23,32,9535,2022-04-19,0
2021-11-24,25,9560,2022-04-19,0
2021-11-25,35,9595,2022-04-19,0
2021-11-26,51,9646,2022-04-19,0
2021-11-27,36,9682,2022-04-19,0
2021-11-28,39,9721,2022-04-19,0
2021-11-29,29,9750,2022-04-19,0
2021-11-30,30,9780,2022-04-19,0
2021-12-01,47,9827,2022-04-19,0
2021-12-02,40,9867,2022-04-19,0
2021-12-03,31,9898,2022-04-19,0
2021-12-04,42,9940,2022-04-19,0
2021-12-05,36,9976,2022-04-19,0
2021-12-06,36,10012,2022-04-19,0
2021-12-07,36,10048,2022-04-19,0
2021-12-08,39,10087,2022-04-19,0
2021-12-09,47,10134,2022-04-19,0
2021-12-10,34,10168,2022-04-19,0
2021-12-11,27,10195,2022-04-19,0
2021-12-12,37,10232,2022-04-19,0
2021-12-13,34,10266,2022-04-19,0
2021-12-14,35,10301,2022-04-19,0
2021-12-15,42,10343,2022-04-19,0
2021-12-16,33,10376,2022-04-19,0
2021-12-17,41,10417,2022-04-19,0
2021-12-18,33,10450,2022-04-19,0
2021-12-19,31,10481,2022-04-19,0
2021-12-20,33,10514,2022-04-19,0
2021-12-21,28,10542,2022-04-19,0
2021-12-22,29,10571,2022-04-19,0
2021-12-23,28,10599,2022-04-19,0
2021-12-24,31,10630,2022-04-19,0
2021-12-25,28,10658,2022-04-19,0
2021-12-26,42,10700,2022-04-19,0
2021-12-27,32,10732,2022-04-19,0
2021-12-28,35,10767,2022-04-19,0
2021-12-29,31,10798,2022-04-19,0
2021-12-30,21,10819,2022-04-19,0
2021-12-31,40,10859,2022-04-19,0
2022-01-01,27,10886,2022-04-19,0
2022-01-02,23,10909,2022-04-19,1
2022-01-03,23,10932,2022-04-19,0
2022-01-04,30,10962,2022-04-19,0
2022-01-05,32,10994,2022-04-19,0
2022-01-06,32,11026,2022-04-19,0
2022-01-07,28,11054,2022-04-19,0
2022-01-08,43,11097,2022-04-19,0
2022-01-09,20,11117,2022-04-19,0
2022-01-10,31,11148,2022-04-19,0
2022-01-11,20,11168,2022-04-19,0
2022-01-12,21,11189,2022-04-19,0
2022-01-13,28,11217,2022-04-19,0
2022-01-14,33,11250,2022-04-19,0
2022-01-15,27,11277,2022-04-19,0
2022-01-16,34,11311,2022-04-19,0
2022-01-17,36,11347,2022-04-19,0
2022-01-18,26,11373,2022-04-19,0
2022-01-19,29,11402,2022-04-19,0
2022-01-20,31,11433,2022-04-19,0
2022-01-21,27,11460,2022-04-19,0
2022-01-22,29,11489,2022-04-19,0
2022-01-23,24,11513,2022-04-19,0
2022-01-24,38,11551,2022-04-19,0
2022-01-25,33,11584,2022-04-19,0
2022-01-26,35,11619,2022-04-19,0
2022-01-27,37,11656,2022-04-19,0
2022-01-28,31,11687,2022-04-19,0
2022-01-29,31,11718,2022-04-19,0
2022-01-30,27,11745,2022-04-19,0
2022-01-31,18,11763,2022-04-19,0
2022-02-01,25,11788,2022-04-19,0
2022-02-02,23,11811,2022-04-19,0
2022-02-03,30,11841,2022-04-19,0
2022-02-04,22,11863,2022-04-19,0
2022-02-05,28,11891,2022-04-19,0
2022-02-06,29,11920,2022-04-19,0
2022-02-07,20,11940,2022-04-19,0
2022-02-08,27,11967,2022-04-19,0
2022-02-09,25,11992,2022-04-19,0
2022-02-10,22,12014,2022-04-19,0
2022-02-11,19,12033,2022-04-19,0
2022-02-12,16,12049,2022-04-19,0
2022-02-13,19,12068,2022-04-19,0
2022-02-14,18,12086,2022-04-19,0
2022-02-15,21,12107,2022-04-19,0
2022-02-16,14,12121,2022-04-19,0
2022-02-17,16,12137,2022-04-19,0
2022-02-18,16,12153,2022-04-19,0
2022-02-19,21,12174,2022-04-19,0
2022-02-20,15,12189,2022-04-19,0
2022-02-21,7,12196,2022-04-19,0
2022-02-22,14,12210,2022-04-19,0
2022-02-23,9,12219,2022-04-19,0
2022-02-24,28,12247,2022-04-19,0
2022-02-25,9,12256,2022-04-19,0
2022-02-26,10,12266,2022-04-19,0
2022-02-27,11,12277,2022-04-19,0
2022-02-28,7,12284,2022-04-19,0
2022-03-01,7,12291,2022-04-19,0
2022-03-02,9,12300,2022-04-19,0
2022-03-03,6,12306,2022-04-19,0
2022-03-04,11,12317,2022-04-19,0
2022-03-05,6,12323,2022-04-19,0
2022-03-06,10,12333,2022-04-19,0
2022-03-07,4,12337,2022-04-19,0
2022-03-08,5,12342,2022-04-19,0
2022-03-09,11,12353,2022-04-19,0
2022-03-10,9,12362,2022-04-19,0
2022-03-11,8,12370,2022-04-19,0
2022-03-12,0,12370,2022-04-19,0
2022-03-13,5,12375,2022-04-19,1
2022-03-14,4,12379,2022-04-19,0
2022-03-15,4,12383,2022-04-19,0
2022-03-16,0,12383,2022-04-19,0
2022-03-17,7,12390,2022-04-19,0
2022-03-18,2,12392,2022-04-19,0
2022-03-19,3,12395,2022-04-19,0
2022-03-20,9,12404,2022-04-19,0
2022-03-21,2,12406,2022-04-19,0
2022-03-22,3,12409,2022-04-19,0
2022-03-23,6,12415,2022-04-19,0
2022-03-24,4,12419,2022-04-19,0
2022-03-25,6,12425,2022-04-19,0
2022-03-26,2,12427,2022-04-19,0
2022-03-27,2,12429,2022-04-19,0
2022-03-28,4,12433,2022-04-19,0
2022-03-29,2,12435,2022-04-19,0
2022-03-30,2,12437,2022-04-19,0
2022-03-31,6,12443,2022-04-19,0
2022-04-01,2,12445,2022-04-19,0
2022-04-02,3,12448,2022-04-19,0
2022-04-03,3,12451,2022-04-19,0
2022-04-04,2,12453,2022-04-19,0
2022-04-05,3,12456,2022-04-19,0
2022-04-06,4,12460,2022-04-19,0
2022-04-07,3,12463,2022-04-19,0
2022-04-08,1,12464,2022-04-19,0
2022-04-09,4,12468,2022-04-19,1
2022-04-10,1,12469,2022-04-19,0
2022-04-11,1,12470,2022-04-19,0
2022-04-12,2,12472,2022-04-19,1
NA,0,12472,2022-04-19,0
2020-03-19,1,1,2022-04-20,0
2020-03-20,0,1,2022-04-20,0
2020-03-21,0,1,2022-04-20,0
2020-03-22,0,1,2022-04-20,0
2020-03-23,0,1,2022-04-20,0
2020-03-24,1,2,2022-04-20,0
2020-03-25,1,3,2022-04-20,0
2020-03-26,1,4,2022-04-20,0
2020-03-27,5,9,2022-04-20,0
2020-03-28,3,12,2022-04-20,0
2020-03-29,0,12,2022-04-20,0
2020-03-30,5,17,2022-04-20,0
2020-03-31,2,19,2022-04-20,0
2020-04-01,5,24,2022-04-20,0
2020-04-02,3,27,2022-04-20,0
2020-04-03,1,28,2022-04-20,0
2020-04-04,5,33,2022-04-20,0
2020-04-05,5,38,2022-04-20,0
2020-04-06,10,48,2022-04-20,0
2020-04-07,6,54,2022-04-20,0
2020-04-08,7,61,2022-04-20,0
2020-04-09,8,69,2022-04-20,0
2020-04-10,6,75,2022-04-20,0
2020-04-11,4,79,2022-04-20,0
2020-04-12,4,83,2022-04-20,0
2020-04-13,10,93,2022-04-20,0
2020-04-14,6,99,2022-04-20,0
2020-04-15,17,116,2022-04-20,0
2020-04-16,10,126,2022-04-20,0
2020-04-17,17,143,2022-04-20,0
2020-04-18,17,160,2022-04-20,0
2020-04-19,16,176,2022-04-20,0
2020-04-20,21,197,2022-04-20,0
2020-04-21,26,223,2022-04-20,0
2020-04-22,21,244,2022-04-20,0
2020-04-23,19,263,2022-04-20,0
2020-04-24,23,286,2022-04-20,0
2020-04-25,18,304,2022-04-20,0
2020-04-26,17,321,2022-04-20,0
2020-04-27,21,342,2022-04-20,0
2020-04-28,16,358,2022-04-20,0
2020-04-29,29,387,2022-04-20,0
2020-04-30,18,405,2022-04-20,0
2020-05-01,30,435,2022-04-20,0
2020-05-02,19,454,2022-04-20,0
2020-05-03,29,483,2022-04-20,0
2020-05-04,23,506,2022-04-20,0
2020-05-05,19,525,2022-04-20,0
2020-05-06,25,550,2022-04-20,0
2020-05-07,30,580,2022-04-20,0
2020-05-08,20,600,2022-04-20,0
2020-05-09,26,626,2022-04-20,0
2020-05-10,19,645,2022-04-20,0
2020-05-11,25,670,2022-04-20,0
2020-05-12,20,690,2022-04-20,0
2020-05-13,22,712,2022-04-20,0
2020-05-14,20,732,2022-04-20,0
2020-05-15,20,752,2022-04-20,0
2020-05-16,20,772,2022-04-20,0
2020-05-17,23,795,2022-04-20,0
2020-05-18,18,813,2022-04-20,0
2020-05-19,35,848,2022-04-20,0
2020-05-20,24,872,2022-04-20,0
2020-05-21,17,889,2022-04-20,0
2020-05-22,20,909,2022-04-20,0
2020-05-23,26,935,2022-04-20,0
2020-05-24,25,960,2022-04-20,0
2020-05-25,30,990,2022-04-20,0
2020-05-26,29,1019,2022-04-20,0
2020-05-27,25,1044,2022-04-20,0
2020-05-28,21,1065,2022-04-20,0
2020-05-29,17,1082,2022-04-20,0
2020-05-30,11,1093,2022-04-20,0
2020-05-31,20,1113,2022-04-20,0
2020-06-01,23,1136,2022-04-20,0
2020-06-02,21,1157,2022-04-20,0
2020-06-03,25,1182,2022-04-20,0
2020-06-04,26,1208,2022-04-20,0
2020-06-05,18,1226,2022-04-20,0
2020-06-06,12,1238,2022-04-20,0
2020-06-07,22,1260,2022-04-20,0
2020-06-08,12,1272,2022-04-20,0
2020-06-09,13,1285,2022-04-20,0
2020-06-10,10,1295,2022-04-20,0
2020-06-11,12,1307,2022-04-20,0
2020-06-12,11,1318,2022-04-20,0
2020-06-13,13,1331,2022-04-20,0
2020-06-14,11,1342,2022-04-20,0
2020-06-15,8,1350,2022-04-20,0
2020-06-16,9,1359,2022-04-20,0
2020-06-17,17,1376,2022-04-20,0
2020-06-18,9,1385,2022-04-20,0
2020-06-19,8,1393,2022-04-20,0
2020-06-20,12,1405,2022-04-20,0
2020-06-21,11,1416,2022-04-20,0
2020-06-22,6,1422,2022-04-20,0
2020-06-23,10,1432,2022-04-20,0
2020-06-24,1,1433,2022-04-20,0
2020-06-25,9,1442,2022-04-20,0
2020-06-26,6,1448,2022-04-20,0
2020-06-27,5,1453,2022-04-20,0
2020-06-28,11,1464,2022-04-20,0
2020-06-29,7,1471,2022-04-20,0
2020-06-30,9,1480,2022-04-20,0
2020-07-01,2,1482,2022-04-20,0
2020-07-02,3,1485,2022-04-20,0
2020-07-03,5,1490,2022-04-20,0
2020-07-04,4,1494,2022-04-20,0
2020-07-05,6,1500,2022-04-20,0
2020-07-06,4,1504,2022-04-20,0
2020-07-07,2,1506,2022-04-20,0
2020-07-08,9,1515,2022-04-20,0
2020-07-09,4,1519,2022-04-20,0
2020-07-10,3,1522,2022-04-20,0
2020-07-11,4,1526,2022-04-20,0
2020-07-12,6,1532,2022-04-20,0
2020-07-13,2,1534,2022-04-20,0
2020-07-14,6,1540,2022-04-20,0
2020-07-15,7,1547,2022-04-20,0
2020-07-16,3,1550,2022-04-20,0
2020-07-17,7,1557,2022-04-20,0
2020-07-18,6,1563,2022-04-20,0
2020-07-19,5,1568,2022-04-20,0
2020-07-20,3,1571,2022-04-20,0
2020-07-21,6,1577,2022-04-20,0
2020-07-22,5,1582,2022-04-20,0
2020-07-23,8,1590,2022-04-20,0
2020-07-24,6,1596,2022-04-20,0
2020-07-25,2,1598,2022-04-20,0
2020-07-26,5,1603,2022-04-20,0
2020-07-27,5,1608,2022-04-20,0
2020-07-28,7,1615,2022-04-20,0
2020-07-29,3,1618,2022-04-20,0
2020-07-30,6,1624,2022-04-20,0
2020-07-31,9,1633,2022-04-20,0
2020-08-01,4,1637,2022-04-20,0
2020-08-02,7,1644,2022-04-20,0
2020-08-03,4,1648,2022-04-20,0
2020-08-04,7,1655,2022-04-20,0
2020-08-05,8,1663,2022-04-20,0
2020-08-06,9,1672,2022-04-20,0
2020-08-07,7,1679,2022-04-20,0
2020-08-08,6,1685,2022-04-20,0
2020-08-09,10,1695,2022-04-20,0
2020-08-10,3,1698,2022-04-20,0
2020-08-11,9,1707,2022-04-20,0
2020-08-12,7,1714,2022-04-20,0
2020-08-13,5,1719,2022-04-20,0
2020-08-14,9,1728,2022-04-20,0
2020-08-15,13,1741,2022-04-20,0
2020-08-16,13,1754,2022-04-20,0
2020-08-17,6,1760,2022-04-20,0
2020-08-18,11,1771,2022-04-20,0
2020-08-19,3,1774,2022-04-20,0
2020-08-20,10,1784,2022-04-20,0
2020-08-21,12,1796,2022-04-20,0
2020-08-22,9,1805,2022-04-20,0
2020-08-23,7,1812,2022-04-20,0
2020-08-24,9,1821,2022-04-20,0
2020-08-25,4,1825,2022-04-20,0
2020-08-26,3,1828,2022-04-20,0
2020-08-27,7,1835,2022-04-20,0
2020-08-28,6,1841,2022-04-20,0
2020-08-29,3,1844,2022-04-20,0
2020-08-30,5,1849,2022-04-20,0
2020-08-31,9,1858,2022-04-20,0
2020-09-01,2,1860,2022-04-20,0
2020-09-02,7,1867,2022-04-20,0
2020-09-03,12,1879,2022-04-20,0
2020-09-04,4,1883,2022-04-20,0
2020-09-05,6,1889,2022-04-20,0
2020-09-06,12,1901,2022-04-20,0
2020-09-07,3,1904,2022-04-20,0
2020-09-08,6,1910,2022-04-20,0
2020-09-09,10,1920,2022-04-20,0
2020-09-10,9,1929,2022-04-20,0
2020-09-11,11,1940,2022-04-20,0
2020-09-12,8,1948,2022-04-20,0
2020-09-13,8,1956,2022-04-20,0
2020-09-14,2,1958,2022-04-20,0
2020-09-15,7,1965,2022-04-20,0
2020-09-16,9,1974,2022-04-20,0
2020-09-17,5,1979,2022-04-20,0
2020-09-18,6,1985,2022-04-20,0
2020-09-19,4,1989,2022-04-20,0
2020-09-20,9,1998,2022-04-20,0
2020-09-21,7,2005,2022-04-20,0
2020-09-22,8,2013,2022-04-20,0
2020-09-23,9,2022,2022-04-20,0
2020-09-24,8,2030,2022-04-20,0
2020-09-25,11,2041,2022-04-20,0
2020-09-26,9,2050,2022-04-20,0
2020-09-27,14,2064,2022-04-20,0
2020-09-28,11,2075,2022-04-20,0
2020-09-29,5,2080,2022-04-20,0
2020-09-30,16,2096,2022-04-20,0
2020-10-01,7,2103,2022-04-20,0
2020-10-02,13,2116,2022-04-20,0
2020-10-03,9,2125,2022-04-20,0
2020-10-04,7,2132,2022-04-20,0
2020-10-05,10,2142,2022-04-20,0
2020-10-06,13,2155,2022-04-20,0
2020-10-07,19,2174,2022-04-20,0
2020-10-08,9,2183,2022-04-20,0
2020-10-09,17,2200,2022-04-20,0
2020-10-10,16,2216,2022-04-20,0
2020-10-11,16,2232,2022-04-20,0
2020-10-12,20,2252,2022-04-20,0
2020-10-13,14,2266,2022-04-20,0
2020-10-14,10,2276,2022-04-20,0
2020-10-15,9,2285,2022-04-20,0
2020-10-16,12,2297,2022-04-20,0
2020-10-17,18,2315,2022-04-20,0
2020-10-18,25,2340,2022-04-20,0
2020-10-19,18,2358,2022-04-20,0
2020-10-20,15,2373,2022-04-20,0
2020-10-21,24,2397,2022-04-20,0
2020-10-22,18,2415,2022-04-20,0
2020-10-23,19,2434,2022-04-20,0
2020-10-24,8,2442,2022-04-20,0
2020-10-25,17,2459,2022-04-20,0
2020-10-26,25,2484,2022-04-20,0
2020-10-27,23,2507,2022-04-20,0
2020-10-28,29,2536,2022-04-20,0
2020-10-29,18,2554,2022-04-20,0
2020-10-30,27,2581,2022-04-20,0
2020-10-31,25,2606,2022-04-20,0
2020-11-01,21,2627,2022-04-20,0
2020-11-02,25,2652,2022-04-20,0
2020-11-03,25,2677,2022-04-20,0
2020-11-04,33,2710,2022-04-20,0
2020-11-05,38,2748,2022-04-20,0
2020-11-06,39,2787,2022-04-20,0
2020-11-07,42,2829,2022-04-20,0
2020-11-08,47,2876,2022-04-20,0
2020-11-09,37,2913,2022-04-20,0
2020-11-10,35,2948,2022-04-20,0
2020-11-11,43,2991,2022-04-20,0
2020-11-12,45,3036,2022-04-20,0
2020-11-13,39,3075,2022-04-20,0
2020-11-14,48,3123,2022-04-20,0
2020-11-15,46,3169,2022-04-20,0
2020-11-16,62,3231,2022-04-20,0
2020-11-17,56,3287,2022-04-20,0
2020-11-18,61,3348,2022-04-20,0
2020-11-19,60,3408,2022-04-20,0
2020-11-20,63,3471,2022-04-20,0
2020-11-21,58,3529,2022-04-20,0
2020-11-22,67,3596,2022-04-20,0
2020-11-23,59,3655,2022-04-20,0
2020-11-24,69,3724,2022-04-20,0
2020-11-25,72,3796,2022-04-20,0
2020-11-26,54,3850,2022-04-20,0
2020-11-27,69,3919,2022-04-20,0
2020-11-28,62,3981,2022-04-20,0
2020-11-29,68,4049,2022-04-20,0
2020-11-30,62,4111,2022-04-20,0
2020-12-01,64,4175,2022-04-20,0
2020-12-02,73,4248,2022-04-20,0
2020-12-03,86,4334,2022-04-20,0
2020-12-04,67,4401,2022-04-20,0
2020-12-05,74,4475,2022-04-20,0
2020-12-06,80,4555,2022-04-20,0
2020-12-07,75,4630,2022-04-20,0
2020-12-08,61,4691,2022-04-20,0
2020-12-09,71,4762,2022-04-20,0
2020-12-10,72,4834,2022-04-20,0
2020-12-11,71,4905,2022-04-20,0
2020-12-12,72,4977,2022-04-20,0
2020-12-13,56,5033,2022-04-20,0
2020-12-14,43,5076,2022-04-20,0
2020-12-15,65,5141,2022-04-20,0
2020-12-16,74,5215,2022-04-20,0
2020-12-17,60,5275,2022-04-20,0
2020-12-18,59,5334,2022-04-20,0
2020-12-19,56,5390,2022-04-20,0
2020-12-20,61,5451,2022-04-20,0
2020-12-21,58,5509,2022-04-20,0
2020-12-22,33,5542,2022-04-20,0
2020-12-23,46,5588,2022-04-20,0
2020-12-24,51,5639,2022-04-20,0
2020-12-25,36,5675,2022-04-20,0
2020-12-26,43,5718,2022-04-20,0
2020-12-27,41,5759,2022-04-20,0
2020-12-28,34,5793,2022-04-20,0
2020-12-29,37,5830,2022-04-20,0
2020-12-30,47,5877,2022-04-20,0
2020-12-31,36,5913,2022-04-20,0
2021-01-01,28,5941,2022-04-20,0
2021-01-02,49,5990,2022-04-20,0
2021-01-03,37,6027,2022-04-20,0
2021-01-04,32,6059,2022-04-20,0
2021-01-05,40,6099,2022-04-20,0
2021-01-06,32,6131,2022-04-20,0
2021-01-07,38,6169,2022-04-20,0
2021-01-08,32,6201,2022-04-20,0
2021-01-09,26,6227,2022-04-20,0
2021-01-10,30,6257,2022-04-20,0
2021-01-11,27,6284,2022-04-20,0
2021-01-12,32,6316,2022-04-20,0
2021-01-13,23,6339,2022-04-20,0
2021-01-14,42,6381,2022-04-20,0
2021-01-15,26,6407,2022-04-20,0
2021-01-16,30,6437,2022-04-20,0
2021-01-17,21,6458,2022-04-20,0
2021-01-18,19,6477,2022-04-20,0
2021-01-19,14,6491,2022-04-20,0
2021-01-20,26,6517,2022-04-20,0
2021-01-21,16,6533,2022-04-20,0
2021-01-22,14,6547,2022-04-20,0
2021-01-23,17,6564,2022-04-20,0
2021-01-24,24,6588,2022-04-20,0
2021-01-25,19,6607,2022-04-20,0
2021-01-26,21,6628,2022-04-20,0
2021-01-27,11,6639,2022-04-20,0
2021-01-28,12,6651,2022-04-20,0
2021-01-29,15,6666,2022-04-20,0
2021-01-30,13,6679,2022-04-20,0
2021-01-31,17,6696,2022-04-20,0
2021-02-01,17,6713,2022-04-20,0
2021-02-02,10,6723,2022-04-20,0
2021-02-03,11,6734,2022-04-20,0
2021-02-04,11,6745,2022-04-20,0
2021-02-05,13,6758,2022-04-20,0
2021-02-06,12,6770,2022-04-20,0
2021-02-07,19,6789,2022-04-20,0
2021-02-08,11,6800,2022-04-20,0
2021-02-09,15,6815,2022-04-20,0
2021-02-10,14,6829,2022-04-20,0
2021-02-11,7,6836,2022-04-20,0
2021-02-12,14,6850,2022-04-20,0
2021-02-13,8,6858,2022-04-20,0
2021-02-14,10,6868,2022-04-20,0
2021-02-15,9,6877,2022-04-20,0
2021-02-16,12,6889,2022-04-20,0
2021-02-17,10,6899,2022-04-20,0
2021-02-18,7,6906,2022-04-20,0
2021-02-19,6,6912,2022-04-20,0
2021-02-20,7,6919,2022-04-20,0
2021-02-21,4,6923,2022-04-20,0
2021-02-22,5,6928,2022-04-20,0
2021-02-23,9,6937,2022-04-20,0
2021-02-24,5,6942,2022-04-20,0
2021-02-25,5,6947,2022-04-20,0
2021-02-26,7,6954,2022-04-20,0
2021-02-27,6,6960,2022-04-20,0
2021-02-28,8,6968,2022-04-20,0
2021-03-01,7,6975,2022-04-20,0
2021-03-02,3,6978,2022-04-20,0
2021-03-03,10,6988,2022-04-20,0
2021-03-04,6,6994,2022-04-20,0
2021-03-05,10,7004,2022-04-20,0
2021-03-06,5,7009,2022-04-20,0
2021-03-07,9,7018,2022-04-20,0
2021-03-08,5,7023,2022-04-20,0
2021-03-09,7,7030,2022-04-20,0
2021-03-10,5,7035,2022-04-20,0
2021-03-11,4,7039,2022-04-20,0
2021-03-12,11,7050,2022-04-20,0
2021-03-13,5,7055,2022-04-20,0
2021-03-14,5,7060,2022-04-20,0
2021-03-15,2,7062,2022-04-20,0
2021-03-16,6,7068,2022-04-20,0
2021-03-17,4,7072,2022-04-20,0
2021-03-18,5,7077,2022-04-20,0
2021-03-19,5,7082,2022-04-20,0
2021-03-20,9,7091,2022-04-20,0
2021-03-21,5,7096,2022-04-20,0
2021-03-22,4,7100,2022-04-20,0
2021-03-23,5,7105,2022-04-20,0
2021-03-24,1,7106,2022-04-20,0
2021-03-25,5,7111,2022-04-20,0
2021-03-26,3,7114,2022-04-20,0
2021-03-27,7,7121,2022-04-20,0
2021-03-28,6,7127,2022-04-20,0
2021-03-29,5,7132,2022-04-20,0
2021-03-30,6,7138,2022-04-20,0
2021-03-31,8,7146,2022-04-20,0
2021-04-01,6,7152,2022-04-20,0
2021-04-02,9,7161,2022-04-20,0
2021-04-03,8,7169,2022-04-20,0
2021-04-04,6,7175,2022-04-20,0
2021-04-05,8,7183,2022-04-20,0
2021-04-06,7,7190,2022-04-20,0
2021-04-07,6,7196,2022-04-20,0
2021-04-08,10,7206,2022-04-20,0
2021-04-09,7,7213,2022-04-20,0
2021-04-10,7,7220,2022-04-20,0
2021-04-11,8,7228,2022-04-20,0
2021-04-12,10,7238,2022-04-20,0
2021-04-13,7,7245,2022-04-20,0
2021-04-14,8,7253,2022-04-20,0
2021-04-15,14,7267,2022-04-20,0
2021-04-16,8,7275,2022-04-20,0
2021-04-17,8,7283,2022-04-20,0
2021-04-18,8,7291,2022-04-20,0
2021-04-19,10,7301,2022-04-20,0
2021-04-20,5,7306,2022-04-20,0
2021-04-21,8,7314,2022-04-20,0
2021-04-22,3,7317,2022-04-20,0
2021-04-23,15,7332,2022-04-20,0
2021-04-24,11,7343,2022-04-20,0
2021-04-25,15,7358,2022-04-20,0
2021-04-26,15,7373,2022-04-20,0
2021-04-27,7,7380,2022-04-20,0
2021-04-28,14,7394,2022-04-20,0
2021-04-29,8,7402,2022-04-20,0
2021-04-30,11,7413,2022-04-20,0
2021-05-01,7,7420,2022-04-20,0
2021-05-02,8,7428,2022-04-20,0
2021-05-03,5,7433,2022-04-20,0
2021-05-04,13,7446,2022-04-20,0
2021-05-05,9,7455,2022-04-20,0
2021-05-06,5,7460,2022-04-20,0
2021-05-07,8,7468,2022-04-20,0
2021-05-08,7,7475,2022-04-20,0
2021-05-09,9,7484,2022-04-20,0
2021-05-10,8,7492,2022-04-20,0
2021-05-11,6,7498,2022-04-20,0
2021-05-12,9,7507,2022-04-20,0
2021-05-13,9,7516,2022-04-20,0
2021-05-14,11,7527,2022-04-20,0
2021-05-15,10,7537,2022-04-20,0
2021-05-16,6,7543,2022-04-20,0
2021-05-17,6,7549,2022-04-20,0
2021-05-18,7,7556,2022-04-20,0
2021-05-19,2,7558,2022-04-20,0
2021-05-20,5,7563,2022-04-20,0
2021-05-21,7,7570,2022-04-20,0
2021-05-22,12,7582,2022-04-20,0
2021-05-23,5,7587,2022-04-20,0
2021-05-24,5,7592,2022-04-20,0
2021-05-25,6,7598,2022-04-20,0
2021-05-26,3,7601,2022-04-20,0
2021-05-27,7,7608,2022-04-20,0
2021-05-28,2,7610,2022-04-20,0
2021-05-29,6,7616,2022-04-20,0
2021-05-30,4,7620,2022-04-20,0
2021-05-31,3,7623,2022-04-20,0
2021-06-01,5,7628,2022-04-20,0
2021-06-02,8,7636,2022-04-20,0
2021-06-03,4,7640,2022-04-20,0
2021-06-04,4,7644,2022-04-20,0
2021-06-05,2,7646,2022-04-20,0
2021-06-06,5,7651,2022-04-20,0
2021-06-07,3,7654,2022-04-20,0
2021-06-08,5,7659,2022-04-20,0
2021-06-09,4,7663,2022-04-20,0
2021-06-10,6,7669,2022-04-20,0
2021-06-11,6,7675,2022-04-20,0
2021-06-12,4,7679,2022-04-20,0
2021-06-13,4,7683,2022-04-20,0
2021-06-14,3,7686,2022-04-20,0
2021-06-15,2,7688,2022-04-20,0
2021-06-16,2,7690,2022-04-20,0
2021-06-17,4,7694,2022-04-20,0
2021-06-18,2,7696,2022-04-20,0
2021-06-19,6,7702,2022-04-20,0
2021-06-20,1,7703,2022-04-20,0
2021-06-21,5,7708,2022-04-20,0
2021-06-22,3,7711,2022-04-20,0
2021-06-23,4,7715,2022-04-20,0
2021-06-24,3,7718,2022-04-20,0
2021-06-25,3,7721,2022-04-20,0
2021-06-26,4,7725,2022-04-20,0
2021-06-27,2,7727,2022-04-20,0
2021-06-28,2,7729,2022-04-20,0
2021-06-29,2,7731,2022-04-20,0
2021-06-30,2,7733,2022-04-20,0
2021-07-01,0,7733,2022-04-20,0
2021-07-02,2,7735,2022-04-20,0
2021-07-03,2,7737,2022-04-20,0
2021-07-04,3,7740,2022-04-20,0
2021-07-05,1,7741,2022-04-20,0
2021-07-06,5,7746,2022-04-20,0
2021-07-07,1,7747,2022-04-20,0
2021-07-08,1,7748,2022-04-20,0
2021-07-09,0,7748,2022-04-20,0
2021-07-10,2,7750,2022-04-20,0
2021-07-11,3,7753,2022-04-20,0
2021-07-12,1,7754,2022-04-20,0
2021-07-13,2,7756,2022-04-20,0
2021-07-14,2,7758,2022-04-20,0
2021-07-15,2,7760,2022-04-20,0
2021-07-16,1,7761,2022-04-20,0
2021-07-17,1,7762,2022-04-20,0
2021-07-18,0,7762,2022-04-20,0
2021-07-19,0,7762,2022-04-20,0
2021-07-20,2,7764,2022-04-20,0
2021-07-21,3,7767,2022-04-20,0
2021-07-22,2,7769,2022-04-20,0
2021-07-23,3,7772,2022-04-20,0
2021-07-24,0,7772,2022-04-20,0
2021-07-25,2,7774,2022-04-20,0
2021-07-26,1,7775,2022-04-20,0
2021-07-27,2,7777,2022-04-20,0
2021-07-28,3,7780,2022-04-20,0
2021-07-29,2,7782,2022-04-20,0
2021-07-30,5,7787,2022-04-20,0
2021-07-31,4,7791,2022-04-20,0
2021-08-01,1,7792,2022-04-20,0
2021-08-02,3,7795,2022-04-20,0
2021-08-03,2,7797,2022-04-20,0
2021-08-04,3,7800,2022-04-20,0
2021-08-05,2,7802,2022-04-20,0
2021-08-06,8,7810,2022-04-20,0
2021-08-07,3,7813,2022-04-20,0
2021-08-08,3,7816,2022-04-20,0
2021-08-09,3,7819,2022-04-20,0
2021-08-10,2,7821,2022-04-20,0
2021-08-11,2,7823,2022-04-20,0
2021-08-12,7,7830,2022-04-20,0
2021-08-13,5,7835,2022-04-20,0
2021-08-14,6,7841,2022-04-20,0
2021-08-15,0,7841,2022-04-20,0
2021-08-16,7,7848,2022-04-20,0
2021-08-17,7,7855,2022-04-20,0
2021-08-18,9,7864,2022-04-20,0
2021-08-19,2,7866,2022-04-20,0
2021-08-20,3,7869,2022-04-20,0
2021-08-21,5,7874,2022-04-20,0
2021-08-22,7,7881,2022-04-20,0
2021-08-23,5,7886,2022-04-20,0
2021-08-24,12,7898,2022-04-20,0
2021-08-25,7,7905,2022-04-20,0
2021-08-26,2,7907,2022-04-20,0
2021-08-27,6,7913,2022-04-20,0
2021-08-28,11,7924,2022-04-20,0
2021-08-29,11,7935,2022-04-20,0
2021-08-30,8,7943,2022-04-20,0
2021-08-31,8,7951,2022-04-20,0
2021-09-01,6,7957,2022-04-20,0
2021-09-02,6,7963,2022-04-20,0
2021-09-03,9,7972,2022-04-20,0
2021-09-04,9,7981,2022-04-20,0
2021-09-05,10,7991,2022-04-20,0
2021-09-06,8,7999,2022-04-20,0
2021-09-07,7,8006,2022-04-20,0
2021-09-08,11,8017,2022-04-20,0
2021-09-09,5,8022,2022-04-20,0
2021-09-10,9,8031,2022-04-20,0
2021-09-11,17,8048,2022-04-20,0
2021-09-12,10,8058,2022-04-20,0
2021-09-13,8,8066,2022-04-20,0
2021-09-14,11,8077,2022-04-20,0
2021-09-15,14,8091,2022-04-20,0
2021-09-16,16,8107,2022-04-20,0
2021-09-17,8,8115,2022-04-20,0
2021-09-18,15,8130,2022-04-20,0
2021-09-19,11,8141,2022-04-20,0
2021-09-20,16,8157,2022-04-20,0
2021-09-21,16,8173,2022-04-20,0
2021-09-22,17,8190,2022-04-20,0
2021-09-23,13,8203,2022-04-20,0
2021-09-24,13,8216,2022-04-20,0
2021-09-25,16,8232,2022-04-20,0
2021-09-26,15,8247,2022-04-20,0
2021-09-27,15,8262,2022-04-20,0
2021-09-28,11,8273,2022-04-20,0
2021-09-29,21,8294,2022-04-20,0
2021-09-30,17,8311,2022-04-20,0
2021-10-01,13,8324,2022-04-20,0
2021-10-02,15,8339,2022-04-20,0
2021-10-03,23,8362,2022-04-20,0
2021-10-04,15,8377,2022-04-20,0
2021-10-05,23,8400,2022-04-20,0
2021-10-06,21,8421,2022-04-20,0
2021-10-07,14,8435,2022-04-20,0
2021-10-08,22,8457,2022-04-20,0
2021-10-09,20,8477,2022-04-20,0
2021-10-10,14,8491,2022-04-20,0
2021-10-11,11,8502,2022-04-20,0
2021-10-12,25,8527,2022-04-20,0
2021-10-13,21,8548,2022-04-20,0
2021-10-14,22,8570,2022-04-20,0
2021-10-15,14,8584,2022-04-20,0
2021-10-16,20,8604,2022-04-20,0
2021-10-17,18,8622,2022-04-20,0
2021-10-18,17,8639,2022-04-20,0
2021-10-19,26,8665,2022-04-20,0
2021-10-20,17,8682,2022-04-20,0
2021-10-21,8,8690,2022-04-20,0
2021-10-22,23,8713,2022-04-20,0
2021-10-23,24,8737,2022-04-20,0
2021-10-24,25,8762,2022-04-20,0
2021-10-25,20,8782,2022-04-20,0
2021-10-26,22,8804,2022-04-20,0
2021-10-27,16,8820,2022-04-20,0
2021-10-28,24,8844,2022-04-20,0
2021-10-29,20,8864,2022-04-20,0
2021-10-30,20,8884,2022-04-20,0
2021-10-31,27,8911,2022-04-20,0
2021-11-01,18,8929,2022-04-20,0
2021-11-02,18,8947,2022-04-20,0
2021-11-03,28,8975,2022-04-20,0
2021-11-04,30,9005,2022-04-20,0
2021-11-05,29,9034,2022-04-20,0
2021-11-06,16,9050,2022-04-20,0
2021-11-07,24,9074,2022-04-20,0
2021-11-08,28,9102,2022-04-20,0
2021-11-09,17,9119,2022-04-20,0
2021-11-10,18,9137,2022-04-20,0
2021-11-11,28,9165,2022-04-20,0
2021-11-12,29,9194,2022-04-20,0
2021-11-13,31,9225,2022-04-20,0
2021-11-14,24,9249,2022-04-20,0
2021-11-15,28,9277,2022-04-20,0
2021-11-16,25,9302,2022-04-20,0
2021-11-17,37,9339,2022-04-20,0
2021-11-18,38,9377,2022-04-20,0
2021-11-19,34,9411,2022-04-20,0
2021-11-20,30,9441,2022-04-20,0
2021-11-21,32,9473,2022-04-20,0
2021-11-22,30,9503,2022-04-20,0
2021-11-23,32,9535,2022-04-20,0
2021-11-24,25,9560,2022-04-20,0
2021-11-25,35,9595,2022-04-20,0
2021-11-26,51,9646,2022-04-20,0
2021-11-27,36,9682,2022-04-20,0
2021-11-28,39,9721,2022-04-20,0
2021-11-29,29,9750,2022-04-20,0
2021-11-30,30,9780,2022-04-20,0
2021-12-01,47,9827,2022-04-20,0
2021-12-02,40,9867,2022-04-20,0
2021-12-03,31,9898,2022-04-20,0
2021-12-04,42,9940,2022-04-20,0
2021-12-05,36,9976,2022-04-20,0
2021-12-06,36,10012,2022-04-20,0
2021-12-07,36,10048,2022-04-20,0
2021-12-08,39,10087,2022-04-20,0
2021-12-09,47,10134,2022-04-20,0
2021-12-10,34,10168,2022-04-20,0
2021-12-11,27,10195,2022-04-20,0
2021-12-12,37,10232,2022-04-20,0
2021-12-13,34,10266,2022-04-20,0
2021-12-14,35,10301,2022-04-20,0
2021-12-15,42,10343,2022-04-20,0
2021-12-16,33,10376,2022-04-20,0
2021-12-17,41,10417,2022-04-20,0
2021-12-18,33,10450,2022-04-20,0
2021-12-19,31,10481,2022-04-20,0
2021-12-20,33,10514,2022-04-20,0
2021-12-21,28,10542,2022-04-20,0
2021-12-22,29,10571,2022-04-20,0
2021-12-23,28,10599,2022-04-20,0
2021-12-24,31,10630,2022-04-20,0
2021-12-25,28,10658,2022-04-20,0
2021-12-26,42,10700,2022-04-20,0
2021-12-27,32,10732,2022-04-20,0
2021-12-28,35,10767,2022-04-20,0
2021-12-29,32,10799,2022-04-20,1
2021-12-30,21,10820,2022-04-20,0
2021-12-31,40,10860,2022-04-20,0
2022-01-01,27,10887,2022-04-20,0
2022-01-02,23,10910,2022-04-20,0
2022-01-03,23,10933,2022-04-20,0
2022-01-04,30,10963,2022-04-20,0
2022-01-05,32,10995,2022-04-20,0
2022-01-06,32,11027,2022-04-20,0
2022-01-07,28,11055,2022-04-20,0
2022-01-08,43,11098,2022-04-20,0
2022-01-09,20,11118,2022-04-20,0
2022-01-10,31,11149,2022-04-20,0
2022-01-11,20,11169,2022-04-20,0
2022-01-12,21,11190,2022-04-20,0
2022-01-13,28,11218,2022-04-20,0
2022-01-14,33,11251,2022-04-20,0
2022-01-15,27,11278,2022-04-20,0
2022-01-16,34,11312,2022-04-20,0
2022-01-17,36,11348,2022-04-20,0
2022-01-18,26,11374,2022-04-20,0
2022-01-19,29,11403,2022-04-20,0
2022-01-20,31,11434,2022-04-20,0
2022-01-21,27,11461,2022-04-20,0
2022-01-22,29,11490,2022-04-20,0
2022-01-23,24,11514,2022-04-20,0
2022-01-24,38,11552,2022-04-20,0
2022-01-25,33,11585,2022-04-20,0
2022-01-26,35,11620,2022-04-20,0
2022-01-27,37,11657,2022-04-20,0
2022-01-28,31,11688,2022-04-20,0
2022-01-29,31,11719,2022-04-20,0
2022-01-30,27,11746,2022-04-20,0
2022-01-31,18,11764,2022-04-20,0
2022-02-01,25,11789,2022-04-20,0
2022-02-02,23,11812,2022-04-20,0
2022-02-03,30,11842,2022-04-20,0
2022-02-04,22,11864,2022-04-20,0
2022-02-05,28,11892,2022-04-20,0
2022-02-06,29,11921,2022-04-20,0
2022-02-07,20,11941,2022-04-20,0
2022-02-08,27,11968,2022-04-20,0
2022-02-09,25,11993,2022-04-20,0
2022-02-10,22,12015,2022-04-20,0
2022-02-11,19,12034,2022-04-20,0
2022-02-12,16,12050,2022-04-20,0
2022-02-13,19,12069,2022-04-20,0
2022-02-14,18,12087,2022-04-20,0
2022-02-15,21,12108,2022-04-20,0
2022-02-16,14,12122,2022-04-20,0
2022-02-17,16,12138,2022-04-20,0
2022-02-18,16,12154,2022-04-20,0
2022-02-19,21,12175,2022-04-20,0
2022-02-20,15,12190,2022-04-20,0
2022-02-21,7,12197,2022-04-20,0
2022-02-22,14,12211,2022-04-20,0
2022-02-23,9,12220,2022-04-20,0
2022-02-24,28,12248,2022-04-20,0
2022-02-25,9,12257,2022-04-20,0
2022-02-26,10,12267,2022-04-20,0
2022-02-27,11,12278,2022-04-20,0
2022-02-28,7,12285,2022-04-20,0
2022-03-01,7,12292,2022-04-20,0
2022-03-02,9,12301,2022-04-20,0
2022-03-03,6,12307,2022-04-20,0
2022-03-04,11,12318,2022-04-20,0
2022-03-05,6,12324,2022-04-20,0
2022-03-06,10,12334,2022-04-20,0
2022-03-07,4,12338,2022-04-20,0
2022-03-08,5,12343,2022-04-20,0
2022-03-09,11,12354,2022-04-20,0
2022-03-10,9,12363,2022-04-20,0
2022-03-11,8,12371,2022-04-20,0
2022-03-12,0,12371,2022-04-20,0
2022-03-13,5,12376,2022-04-20,0
2022-03-14,4,12380,2022-04-20,0
2022-03-15,4,12384,2022-04-20,0
2022-03-16,0,12384,2022-04-20,0
2022-03-17,7,12391,2022-04-20,0
2022-03-18,2,12393,2022-04-20,0
2022-03-19,3,12396,2022-04-20,0
2022-03-20,9,12405,2022-04-20,0
2022-03-21,2,12407,2022-04-20,0
2022-03-22,3,12410,2022-04-20,0
2022-03-23,6,12416,2022-04-20,0
2022-03-24,4,12420,2022-04-20,0
2022-03-25,6,12426,2022-04-20,0
2022-03-26,2,12428,2022-04-20,0
2022-03-27,2,12430,2022-04-20,0
2022-03-28,4,12434,2022-04-20,0
2022-03-29,2,12436,2022-04-20,0
2022-03-30,2,12438,2022-04-20,0
2022-03-31,6,12444,2022-04-20,0
2022-04-01,2,12446,2022-04-20,0
2022-04-02,3,12449,2022-04-20,0
2022-04-03,3,12452,2022-04-20,0
2022-04-04,2,12454,2022-04-20,0
2022-04-05,3,12457,2022-04-20,0
2022-04-06,4,12461,2022-04-20,0
2022-04-07,3,12464,2022-04-20,0
2022-04-08,1,12465,2022-04-20,0
2022-04-09,4,12469,2022-04-20,0
2022-04-10,2,12471,2022-04-20,1
2022-04-11,1,12472,2022-04-20,0
2022-04-12,3,12475,2022-04-20,1
2022-04-13,1,12476,2022-04-20,1
2022-04-14,1,12477,2022-04-20,1
2022-04-15,1,12478,2022-04-20,1
2022-04-16,1,12479,2022-04-20,1
NA,0,12479,2022-04-20,0
2020-03-19,1,1,2022-04-21,0
2020-03-20,0,1,2022-04-21,0
2020-03-21,0,1,2022-04-21,0
2020-03-22,0,1,2022-04-21,0
2020-03-23,0,1,2022-04-21,0
2020-03-24,1,2,2022-04-21,0
2020-03-25,1,3,2022-04-21,0
2020-03-26,1,4,2022-04-21,0
2020-03-27,5,9,2022-04-21,0
2020-03-28,3,12,2022-04-21,0
2020-03-29,0,12,2022-04-21,0
2020-03-30,5,17,2022-04-21,0
2020-03-31,2,19,2022-04-21,0
2020-04-01,5,24,2022-04-21,0
2020-04-02,3,27,2022-04-21,0
2020-04-03,1,28,2022-04-21,0
2020-04-04,5,33,2022-04-21,0
2020-04-05,5,38,2022-04-21,0
2020-04-06,10,48,2022-04-21,0
2020-04-07,6,54,2022-04-21,0
2020-04-08,7,61,2022-04-21,0
2020-04-09,8,69,2022-04-21,0
2020-04-10,6,75,2022-04-21,0
2020-04-11,4,79,2022-04-21,0
2020-04-12,4,83,2022-04-21,0
2020-04-13,10,93,2022-04-21,0
2020-04-14,6,99,2022-04-21,0
2020-04-15,17,116,2022-04-21,0
2020-04-16,10,126,2022-04-21,0
2020-04-17,17,143,2022-04-21,0
2020-04-18,17,160,2022-04-21,0
2020-04-19,16,176,2022-04-21,0
2020-04-20,21,197,2022-04-21,0
2020-04-21,26,223,2022-04-21,0
2020-04-22,21,244,2022-04-21,0
2020-04-23,19,263,2022-04-21,0
2020-04-24,23,286,2022-04-21,0
2020-04-25,18,304,2022-04-21,0
2020-04-26,17,321,2022-04-21,0
2020-04-27,21,342,2022-04-21,0
2020-04-28,16,358,2022-04-21,0
2020-04-29,29,387,2022-04-21,0
2020-04-30,18,405,2022-04-21,0
2020-05-01,30,435,2022-04-21,0
2020-05-02,19,454,2022-04-21,0
2020-05-03,29,483,2022-04-21,0
2020-05-04,23,506,2022-04-21,0
2020-05-05,19,525,2022-04-21,0
2020-05-06,25,550,2022-04-21,0
2020-05-07,30,580,2022-04-21,0
2020-05-08,20,600,2022-04-21,0
2020-05-09,26,626,2022-04-21,0
2020-05-10,19,645,2022-04-21,0
2020-05-11,25,670,2022-04-21,0
2020-05-12,20,690,2022-04-21,0
2020-05-13,22,712,2022-04-21,0
2020-05-14,20,732,2022-04-21,0
2020-05-15,20,752,2022-04-21,0
2020-05-16,20,772,2022-04-21,0
2020-05-17,23,795,2022-04-21,0
2020-05-18,18,813,2022-04-21,0
2020-05-19,35,848,2022-04-21,0
2020-05-20,24,872,2022-04-21,0
2020-05-21,17,889,2022-04-21,0
2020-05-22,20,909,2022-04-21,0
2020-05-23,26,935,2022-04-21,0
2020-05-24,25,960,2022-04-21,0
2020-05-25,30,990,2022-04-21,0
2020-05-26,29,1019,2022-04-21,0
2020-05-27,25,1044,2022-04-21,0
2020-05-28,21,1065,2022-04-21,0
2020-05-29,17,1082,2022-04-21,0
2020-05-30,11,1093,2022-04-21,0
2020-05-31,20,1113,2022-04-21,0
2020-06-01,23,1136,2022-04-21,0
2020-06-02,21,1157,2022-04-21,0
2020-06-03,25,1182,2022-04-21,0
2020-06-04,26,1208,2022-04-21,0
2020-06-05,18,1226,2022-04-21,0
2020-06-06,12,1238,2022-04-21,0
2020-06-07,22,1260,2022-04-21,0
2020-06-08,12,1272,2022-04-21,0
2020-06-09,13,1285,2022-04-21,0
2020-06-10,10,1295,2022-04-21,0
2020-06-11,12,1307,2022-04-21,0
2020-06-12,11,1318,2022-04-21,0
2020-06-13,13,1331,2022-04-21,0
2020-06-14,11,1342,2022-04-21,0
2020-06-15,8,1350,2022-04-21,0
2020-06-16,9,1359,2022-04-21,0
2020-06-17,17,1376,2022-04-21,0
2020-06-18,9,1385,2022-04-21,0
2020-06-19,8,1393,2022-04-21,0
2020-06-20,12,1405,2022-04-21,0
2020-06-21,11,1416,2022-04-21,0
2020-06-22,6,1422,2022-04-21,0
2020-06-23,10,1432,2022-04-21,0
2020-06-24,1,1433,2022-04-21,0
2020-06-25,9,1442,2022-04-21,0
2020-06-26,6,1448,2022-04-21,0
2020-06-27,5,1453,2022-04-21,0
2020-06-28,11,1464,2022-04-21,0
2020-06-29,7,1471,2022-04-21,0
2020-06-30,9,1480,2022-04-21,0
2020-07-01,2,1482,2022-04-21,0
2020-07-02,3,1485,2022-04-21,0
2020-07-03,5,1490,2022-04-21,0
2020-07-04,4,1494,2022-04-21,0
2020-07-05,6,1500,2022-04-21,0
2020-07-06,4,1504,2022-04-21,0
2020-07-07,2,1506,2022-04-21,0
2020-07-08,9,1515,2022-04-21,0
2020-07-09,4,1519,2022-04-21,0
2020-07-10,3,1522,2022-04-21,0
2020-07-11,4,1526,2022-04-21,0
2020-07-12,6,1532,2022-04-21,0
2020-07-13,2,1534,2022-04-21,0
2020-07-14,6,1540,2022-04-21,0
2020-07-15,7,1547,2022-04-21,0
2020-07-16,3,1550,2022-04-21,0
2020-07-17,7,1557,2022-04-21,0
2020-07-18,6,1563,2022-04-21,0
2020-07-19,5,1568,2022-04-21,0
2020-07-20,3,1571,2022-04-21,0
2020-07-21,6,1577,2022-04-21,0
2020-07-22,5,1582,2022-04-21,0
2020-07-23,8,1590,2022-04-21,0
2020-07-24,6,1596,2022-04-21,0
2020-07-25,2,1598,2022-04-21,0
2020-07-26,5,1603,2022-04-21,0
2020-07-27,5,1608,2022-04-21,0
2020-07-28,7,1615,2022-04-21,0
2020-07-29,3,1618,2022-04-21,0
2020-07-30,6,1624,2022-04-21,0
2020-07-31,9,1633,2022-04-21,0
2020-08-01,4,1637,2022-04-21,0
2020-08-02,7,1644,2022-04-21,0
2020-08-03,4,1648,2022-04-21,0
2020-08-04,7,1655,2022-04-21,0
2020-08-05,8,1663,2022-04-21,0
2020-08-06,9,1672,2022-04-21,0
2020-08-07,7,1679,2022-04-21,0
2020-08-08,6,1685,2022-04-21,0
2020-08-09,10,1695,2022-04-21,0
2020-08-10,3,1698,2022-04-21,0
2020-08-11,9,1707,2022-04-21,0
2020-08-12,7,1714,2022-04-21,0
2020-08-13,5,1719,2022-04-21,0
2020-08-14,9,1728,2022-04-21,0
2020-08-15,13,1741,2022-04-21,0
2020-08-16,13,1754,2022-04-21,0
2020-08-17,6,1760,2022-04-21,0
2020-08-18,11,1771,2022-04-21,0
2020-08-19,3,1774,2022-04-21,0
2020-08-20,10,1784,2022-04-21,0
2020-08-21,12,1796,2022-04-21,0
2020-08-22,9,1805,2022-04-21,0
2020-08-23,7,1812,2022-04-21,0
2020-08-24,9,1821,2022-04-21,0
2020-08-25,4,1825,2022-04-21,0
2020-08-26,3,1828,2022-04-21,0
2020-08-27,7,1835,2022-04-21,0
2020-08-28,6,1841,2022-04-21,0
2020-08-29,3,1844,2022-04-21,0
2020-08-30,5,1849,2022-04-21,0
2020-08-31,9,1858,2022-04-21,0
2020-09-01,2,1860,2022-04-21,0
2020-09-02,7,1867,2022-04-21,0
2020-09-03,12,1879,2022-04-21,0
2020-09-04,4,1883,2022-04-21,0
2020-09-05,6,1889,2022-04-21,0
2020-09-06,12,1901,2022-04-21,0
2020-09-07,3,1904,2022-04-21,0
2020-09-08,6,1910,2022-04-21,0
2020-09-09,10,1920,2022-04-21,0
2020-09-10,9,1929,2022-04-21,0
2020-09-11,11,1940,2022-04-21,0
2020-09-12,8,1948,2022-04-21,0
2020-09-13,8,1956,2022-04-21,0
2020-09-14,2,1958,2022-04-21,0
2020-09-15,7,1965,2022-04-21,0
2020-09-16,9,1974,2022-04-21,0
2020-09-17,5,1979,2022-04-21,0
2020-09-18,6,1985,2022-04-21,0
2020-09-19,4,1989,2022-04-21,0
2020-09-20,9,1998,2022-04-21,0
2020-09-21,7,2005,2022-04-21,0
2020-09-22,8,2013,2022-04-21,0
2020-09-23,9,2022,2022-04-21,0
2020-09-24,8,2030,2022-04-21,0
2020-09-25,11,2041,2022-04-21,0
2020-09-26,9,2050,2022-04-21,0
2020-09-27,14,2064,2022-04-21,0
2020-09-28,11,2075,2022-04-21,0
2020-09-29,5,2080,2022-04-21,0
2020-09-30,16,2096,2022-04-21,0
2020-10-01,7,2103,2022-04-21,0
2020-10-02,13,2116,2022-04-21,0
2020-10-03,9,2125,2022-04-21,0
2020-10-04,7,2132,2022-04-21,0
2020-10-05,10,2142,2022-04-21,0
2020-10-06,13,2155,2022-04-21,0
2020-10-07,19,2174,2022-04-21,0
2020-10-08,9,2183,2022-04-21,0
2020-10-09,17,2200,2022-04-21,0
2020-10-10,16,2216,2022-04-21,0
2020-10-11,16,2232,2022-04-21,0
2020-10-12,20,2252,2022-04-21,0
2020-10-13,14,2266,2022-04-21,0
2020-10-14,10,2276,2022-04-21,0
2020-10-15,9,2285,2022-04-21,0
2020-10-16,12,2297,2022-04-21,0
2020-10-17,18,2315,2022-04-21,0
2020-10-18,25,2340,2022-04-21,0
2020-10-19,18,2358,2022-04-21,0
2020-10-20,15,2373,2022-04-21,0
2020-10-21,24,2397,2022-04-21,0
2020-10-22,18,2415,2022-04-21,0
2020-10-23,19,2434,2022-04-21,0
2020-10-24,8,2442,2022-04-21,0
2020-10-25,17,2459,2022-04-21,0
2020-10-26,25,2484,2022-04-21,0
2020-10-27,23,2507,2022-04-21,0
2020-10-28,29,2536,2022-04-21,0
2020-10-29,18,2554,2022-04-21,0
2020-10-30,27,2581,2022-04-21,0
2020-10-31,25,2606,2022-04-21,0
2020-11-01,21,2627,2022-04-21,0
2020-11-02,25,2652,2022-04-21,0
2020-11-03,25,2677,2022-04-21,0
2020-11-04,33,2710,2022-04-21,0
2020-11-05,38,2748,2022-04-21,0
2020-11-06,39,2787,2022-04-21,0
2020-11-07,42,2829,2022-04-21,0
2020-11-08,47,2876,2022-04-21,0
2020-11-09,37,2913,2022-04-21,0
2020-11-10,35,2948,2022-04-21,0
2020-11-11,43,2991,2022-04-21,0
2020-11-12,45,3036,2022-04-21,0
2020-11-13,39,3075,2022-04-21,0
2020-11-14,48,3123,2022-04-21,0
2020-11-15,46,3169,2022-04-21,0
2020-11-16,62,3231,2022-04-21,0
2020-11-17,56,3287,2022-04-21,0
2020-11-18,61,3348,2022-04-21,0
2020-11-19,60,3408,2022-04-21,0
2020-11-20,63,3471,2022-04-21,0
2020-11-21,58,3529,2022-04-21,0
2020-11-22,67,3596,2022-04-21,0
2020-11-23,59,3655,2022-04-21,0
2020-11-24,69,3724,2022-04-21,0
2020-11-25,72,3796,2022-04-21,0
2020-11-26,54,3850,2022-04-21,0
2020-11-27,69,3919,2022-04-21,0
2020-11-28,62,3981,2022-04-21,0
2020-11-29,68,4049,2022-04-21,0
2020-11-30,62,4111,2022-04-21,0
2020-12-01,64,4175,2022-04-21,0
2020-12-02,73,4248,2022-04-21,0
2020-12-03,86,4334,2022-04-21,0
2020-12-04,67,4401,2022-04-21,0
2020-12-05,74,4475,2022-04-21,0
2020-12-06,80,4555,2022-04-21,0
2020-12-07,75,4630,2022-04-21,0
2020-12-08,61,4691,2022-04-21,0
2020-12-09,71,4762,2022-04-21,0
2020-12-10,72,4834,2022-04-21,0
2020-12-11,71,4905,2022-04-21,0
2020-12-12,72,4977,2022-04-21,0
2020-12-13,56,5033,2022-04-21,0
2020-12-14,43,5076,2022-04-21,0
2020-12-15,65,5141,2022-04-21,0
2020-12-16,74,5215,2022-04-21,0
2020-12-17,60,5275,2022-04-21,0
2020-12-18,59,5334,2022-04-21,0
2020-12-19,56,5390,2022-04-21,0
2020-12-20,61,5451,2022-04-21,0
2020-12-21,58,5509,2022-04-21,0
2020-12-22,33,5542,2022-04-21,0
2020-12-23,46,5588,2022-04-21,0
2020-12-24,51,5639,2022-04-21,0
2020-12-25,36,5675,2022-04-21,0
2020-12-26,43,5718,2022-04-21,0
2020-12-27,41,5759,2022-04-21,0
2020-12-28,34,5793,2022-04-21,0
2020-12-29,37,5830,2022-04-21,0
2020-12-30,47,5877,2022-04-21,0
2020-12-31,36,5913,2022-04-21,0
2021-01-01,28,5941,2022-04-21,0
2021-01-02,49,5990,2022-04-21,0
2021-01-03,37,6027,2022-04-21,0
2021-01-04,32,6059,2022-04-21,0
2021-01-05,40,6099,2022-04-21,0
2021-01-06,32,6131,2022-04-21,0
2021-01-07,38,6169,2022-04-21,0
2021-01-08,32,6201,2022-04-21,0
2021-01-09,26,6227,2022-04-21,0
2021-01-10,30,6257,2022-04-21,0
2021-01-11,27,6284,2022-04-21,0
2021-01-12,32,6316,2022-04-21,0
2021-01-13,23,6339,2022-04-21,0
2021-01-14,42,6381,2022-04-21,0
2021-01-15,26,6407,2022-04-21,0
2021-01-16,30,6437,2022-04-21,0
2021-01-17,21,6458,2022-04-21,0
2021-01-18,19,6477,2022-04-21,0
2021-01-19,14,6491,2022-04-21,0
2021-01-20,26,6517,2022-04-21,0
2021-01-21,16,6533,2022-04-21,0
2021-01-22,14,6547,2022-04-21,0
2021-01-23,17,6564,2022-04-21,0
2021-01-24,24,6588,2022-04-21,0
2021-01-25,19,6607,2022-04-21,0
2021-01-26,21,6628,2022-04-21,0
2021-01-27,11,6639,2022-04-21,0
2021-01-28,12,6651,2022-04-21,0
2021-01-29,15,6666,2022-04-21,0
2021-01-30,13,6679,2022-04-21,0
2021-01-31,17,6696,2022-04-21,0
2021-02-01,17,6713,2022-04-21,0
2021-02-02,10,6723,2022-04-21,0
2021-02-03,11,6734,2022-04-21,0
2021-02-04,11,6745,2022-04-21,0
2021-02-05,13,6758,2022-04-21,0
2021-02-06,12,6770,2022-04-21,0
2021-02-07,19,6789,2022-04-21,0
2021-02-08,11,6800,2022-04-21,0
2021-02-09,15,6815,2022-04-21,0
2021-02-10,14,6829,2022-04-21,0
2021-02-11,7,6836,2022-04-21,0
2021-02-12,14,6850,2022-04-21,0
2021-02-13,8,6858,2022-04-21,0
2021-02-14,10,6868,2022-04-21,0
2021-02-15,9,6877,2022-04-21,0
2021-02-16,12,6889,2022-04-21,0
2021-02-17,10,6899,2022-04-21,0
2021-02-18,7,6906,2022-04-21,0
2021-02-19,6,6912,2022-04-21,0
2021-02-20,7,6919,2022-04-21,0
2021-02-21,4,6923,2022-04-21,0
2021-02-22,5,6928,2022-04-21,0
2021-02-23,9,6937,2022-04-21,0
2021-02-24,5,6942,2022-04-21,0
2021-02-25,5,6947,2022-04-21,0
2021-02-26,7,6954,2022-04-21,0
2021-02-27,6,6960,2022-04-21,0
2021-02-28,8,6968,2022-04-21,0
2021-03-01,7,6975,2022-04-21,0
2021-03-02,3,6978,2022-04-21,0
2021-03-03,10,6988,2022-04-21,0
2021-03-04,6,6994,2022-04-21,0
2021-03-05,10,7004,2022-04-21,0
2021-03-06,5,7009,2022-04-21,0
2021-03-07,9,7018,2022-04-21,0
2021-03-08,5,7023,2022-04-21,0
2021-03-09,7,7030,2022-04-21,0
2021-03-10,5,7035,2022-04-21,0
2021-03-11,4,7039,2022-04-21,0
2021-03-12,11,7050,2022-04-21,0
2021-03-13,5,7055,2022-04-21,0
2021-03-14,5,7060,2022-04-21,0
2021-03-15,2,7062,2022-04-21,0
2021-03-16,6,7068,2022-04-21,0
2021-03-17,4,7072,2022-04-21,0
2021-03-18,5,7077,2022-04-21,0
2021-03-19,5,7082,2022-04-21,0
2021-03-20,9,7091,2022-04-21,0
2021-03-21,5,7096,2022-04-21,0
2021-03-22,4,7100,2022-04-21,0
2021-03-23,5,7105,2022-04-21,0
2021-03-24,1,7106,2022-04-21,0
2021-03-25,5,7111,2022-04-21,0
2021-03-26,3,7114,2022-04-21,0
2021-03-27,7,7121,2022-04-21,0
2021-03-28,6,7127,2022-04-21,0
2021-03-29,5,7132,2022-04-21,0
2021-03-30,6,7138,2022-04-21,0
2021-03-31,8,7146,2022-04-21,0
2021-04-01,6,7152,2022-04-21,0
2021-04-02,9,7161,2022-04-21,0
2021-04-03,8,7169,2022-04-21,0
2021-04-04,6,7175,2022-04-21,0
2021-04-05,8,7183,2022-04-21,0
2021-04-06,7,7190,2022-04-21,0
2021-04-07,6,7196,2022-04-21,0
2021-04-08,10,7206,2022-04-21,0
2021-04-09,7,7213,2022-04-21,0
2021-04-10,7,7220,2022-04-21,0
2021-04-11,8,7228,2022-04-21,0
2021-04-12,10,7238,2022-04-21,0
2021-04-13,7,7245,2022-04-21,0
2021-04-14,8,7253,2022-04-21,0
2021-04-15,14,7267,2022-04-21,0
2021-04-16,8,7275,2022-04-21,0
2021-04-17,8,7283,2022-04-21,0
2021-04-18,8,7291,2022-04-21,0
2021-04-19,10,7301,2022-04-21,0
2021-04-20,5,7306,2022-04-21,0
2021-04-21,8,7314,2022-04-21,0
2021-04-22,3,7317,2022-04-21,0
2021-04-23,15,7332,2022-04-21,0
2021-04-24,11,7343,2022-04-21,0
2021-04-25,15,7358,2022-04-21,0
2021-04-26,15,7373,2022-04-21,0
2021-04-27,7,7380,2022-04-21,0
2021-04-28,14,7394,2022-04-21,0
2021-04-29,8,7402,2022-04-21,0
2021-04-30,11,7413,2022-04-21,0
2021-05-01,7,7420,2022-04-21,0
2021-05-02,8,7428,2022-04-21,0
2021-05-03,5,7433,2022-04-21,0
2021-05-04,13,7446,2022-04-21,0
2021-05-05,9,7455,2022-04-21,0
2021-05-06,5,7460,2022-04-21,0
2021-05-07,8,7468,2022-04-21,0
2021-05-08,7,7475,2022-04-21,0
2021-05-09,9,7484,2022-04-21,0
2021-05-10,8,7492,2022-04-21,0
2021-05-11,6,7498,2022-04-21,0
2021-05-12,9,7507,2022-04-21,0
2021-05-13,9,7516,2022-04-21,0
2021-05-14,11,7527,2022-04-21,0
2021-05-15,10,7537,2022-04-21,0
2021-05-16,6,7543,2022-04-21,0
2021-05-17,6,7549,2022-04-21,0
2021-05-18,7,7556,2022-04-21,0
2021-05-19,2,7558,2022-04-21,0
2021-05-20,5,7563,2022-04-21,0
2021-05-21,7,7570,2022-04-21,0
2021-05-22,12,7582,2022-04-21,0
2021-05-23,5,7587,2022-04-21,0
2021-05-24,5,7592,2022-04-21,0
2021-05-25,6,7598,2022-04-21,0
2021-05-26,3,7601,2022-04-21,0
2021-05-27,7,7608,2022-04-21,0
2021-05-28,2,7610,2022-04-21,0
2021-05-29,6,7616,2022-04-21,0
2021-05-30,4,7620,2022-04-21,0
2021-05-31,3,7623,2022-04-21,0
2021-06-01,5,7628,2022-04-21,0
2021-06-02,8,7636,2022-04-21,0
2021-06-03,4,7640,2022-04-21,0
2021-06-04,4,7644,2022-04-21,0
2021-06-05,2,7646,2022-04-21,0
2021-06-06,5,7651,2022-04-21,0
2021-06-07,3,7654,2022-04-21,0
2021-06-08,5,7659,2022-04-21,0
2021-06-09,4,7663,2022-04-21,0
2021-06-10,6,7669,2022-04-21,0
2021-06-11,6,7675,2022-04-21,0
2021-06-12,4,7679,2022-04-21,0
2021-06-13,4,7683,2022-04-21,0
2021-06-14,3,7686,2022-04-21,0
2021-06-15,2,7688,2022-04-21,0
2021-06-16,2,7690,2022-04-21,0
2021-06-17,4,7694,2022-04-21,0
2021-06-18,2,7696,2022-04-21,0
2021-06-19,6,7702,2022-04-21,0
2021-06-20,1,7703,2022-04-21,0
2021-06-21,5,7708,2022-04-21,0
2021-06-22,3,7711,2022-04-21,0
2021-06-23,4,7715,2022-04-21,0
2021-06-24,3,7718,2022-04-21,0
2021-06-25,3,7721,2022-04-21,0
2021-06-26,4,7725,2022-04-21,0
2021-06-27,2,7727,2022-04-21,0
2021-06-28,2,7729,2022-04-21,0
2021-06-29,2,7731,2022-04-21,0
2021-06-30,2,7733,2022-04-21,0
2021-07-01,0,7733,2022-04-21,0
2021-07-02,2,7735,2022-04-21,0
2021-07-03,2,7737,2022-04-21,0
2021-07-04,3,7740,2022-04-21,0
2021-07-05,1,7741,2022-04-21,0
2021-07-06,5,7746,2022-04-21,0
2021-07-07,1,7747,2022-04-21,0
2021-07-08,1,7748,2022-04-21,0
2021-07-09,0,7748,2022-04-21,0
2021-07-10,2,7750,2022-04-21,0
2021-07-11,3,7753,2022-04-21,0
2021-07-12,1,7754,2022-04-21,0
2021-07-13,2,7756,2022-04-21,0
2021-07-14,2,7758,2022-04-21,0
2021-07-15,2,7760,2022-04-21,0
2021-07-16,1,7761,2022-04-21,0
2021-07-17,1,7762,2022-04-21,0
2021-07-18,0,7762,2022-04-21,0
2021-07-19,0,7762,2022-04-21,0
2021-07-20,2,7764,2022-04-21,0
2021-07-21,3,7767,2022-04-21,0
2021-07-22,2,7769,2022-04-21,0
2021-07-23,3,7772,2022-04-21,0
2021-07-24,0,7772,2022-04-21,0
2021-07-25,2,7774,2022-04-21,0
2021-07-26,1,7775,2022-04-21,0
2021-07-27,2,7777,2022-04-21,0
2021-07-28,3,7780,2022-04-21,0
2021-07-29,2,7782,2022-04-21,0
2021-07-30,5,7787,2022-04-21,0
2021-07-31,4,7791,2022-04-21,0
2021-08-01,1,7792,2022-04-21,0
2021-08-02,3,7795,2022-04-21,0
2021-08-03,2,7797,2022-04-21,0
2021-08-04,3,7800,2022-04-21,0
2021-08-05,2,7802,2022-04-21,0
2021-08-06,8,7810,2022-04-21,0
2021-08-07,3,7813,2022-04-21,0
2021-08-08,3,7816,2022-04-21,0
2021-08-09,3,7819,2022-04-21,0
2021-08-10,2,7821,2022-04-21,0
2021-08-11,2,7823,2022-04-21,0
2021-08-12,7,7830,2022-04-21,0
2021-08-13,5,7835,2022-04-21,0
2021-08-14,6,7841,2022-04-21,0
2021-08-15,0,7841,2022-04-21,0
2021-08-16,7,7848,2022-04-21,0
2021-08-17,7,7855,2022-04-21,0
2021-08-18,9,7864,2022-04-21,0
2021-08-19,2,7866,2022-04-21,0
2021-08-20,3,7869,2022-04-21,0
2021-08-21,5,7874,2022-04-21,0
2021-08-22,7,7881,2022-04-21,0
2021-08-23,5,7886,2022-04-21,0
2021-08-24,12,7898,2022-04-21,0
2021-08-25,7,7905,2022-04-21,0
2021-08-26,2,7907,2022-04-21,0
2021-08-27,6,7913,2022-04-21,0
2021-08-28,11,7924,2022-04-21,0
2021-08-29,11,7935,2022-04-21,0
2021-08-30,8,7943,2022-04-21,0
2021-08-31,8,7951,2022-04-21,0
2021-09-01,6,7957,2022-04-21,0
2021-09-02,6,7963,2022-04-21,0
2021-09-03,9,7972,2022-04-21,0
2021-09-04,9,7981,2022-04-21,0
2021-09-05,10,7991,2022-04-21,0
2021-09-06,8,7999,2022-04-21,0
2021-09-07,7,8006,2022-04-21,0
2021-09-08,11,8017,2022-04-21,0
2021-09-09,5,8022,2022-04-21,0
2021-09-10,9,8031,2022-04-21,0
2021-09-11,17,8048,2022-04-21,0
2021-09-12,10,8058,2022-04-21,0
2021-09-13,8,8066,2022-04-21,0
2021-09-14,11,8077,2022-04-21,0
2021-09-15,14,8091,2022-04-21,0
2021-09-16,16,8107,2022-04-21,0
2021-09-17,8,8115,2022-04-21,0
2021-09-18,15,8130,2022-04-21,0
2021-09-19,11,8141,2022-04-21,0
2021-09-20,16,8157,2022-04-21,0
2021-09-21,16,8173,2022-04-21,0
2021-09-22,17,8190,2022-04-21,0
2021-09-23,13,8203,2022-04-21,0
2021-09-24,13,8216,2022-04-21,0
2021-09-25,16,8232,2022-04-21,0
2021-09-26,15,8247,2022-04-21,0
2021-09-27,15,8262,2022-04-21,0
2021-09-28,11,8273,2022-04-21,0
2021-09-29,21,8294,2022-04-21,0
2021-09-30,17,8311,2022-04-21,0
2021-10-01,13,8324,2022-04-21,0
2021-10-02,15,8339,2022-04-21,0
2021-10-03,23,8362,2022-04-21,0
2021-10-04,15,8377,2022-04-21,0
2021-10-05,23,8400,2022-04-21,0
2021-10-06,21,8421,2022-04-21,0
2021-10-07,14,8435,2022-04-21,0
2021-10-08,22,8457,2022-04-21,0
2021-10-09,20,8477,2022-04-21,0
2021-10-10,14,8491,2022-04-21,0
2021-10-11,11,8502,2022-04-21,0
2021-10-12,25,8527,2022-04-21,0
2021-10-13,21,8548,2022-04-21,0
2021-10-14,22,8570,2022-04-21,0
2021-10-15,14,8584,2022-04-21,0
2021-10-16,20,8604,2022-04-21,0
2021-10-17,18,8622,2022-04-21,0
2021-10-18,17,8639,2022-04-21,0
2021-10-19,26,8665,2022-04-21,0
2021-10-20,17,8682,2022-04-21,0
2021-10-21,8,8690,2022-04-21,0
2021-10-22,23,8713,2022-04-21,0
2021-10-23,24,8737,2022-04-21,0
2021-10-24,25,8762,2022-04-21,0
2021-10-25,20,8782,2022-04-21,0
2021-10-26,22,8804,2022-04-21,0
2021-10-27,16,8820,2022-04-21,0
2021-10-28,24,8844,2022-04-21,0
2021-10-29,20,8864,2022-04-21,0
2021-10-30,20,8884,2022-04-21,0
2021-10-31,27,8911,2022-04-21,0
2021-11-01,18,8929,2022-04-21,0
2021-11-02,18,8947,2022-04-21,0
2021-11-03,28,8975,2022-04-21,0
2021-11-04,30,9005,2022-04-21,0
2021-11-05,29,9034,2022-04-21,0
2021-11-06,16,9050,2022-04-21,0
2021-11-07,24,9074,2022-04-21,0
2021-11-08,28,9102,2022-04-21,0
2021-11-09,17,9119,2022-04-21,0
2021-11-10,18,9137,2022-04-21,0
2021-11-11,28,9165,2022-04-21,0
2021-11-12,29,9194,2022-04-21,0
2021-11-13,31,9225,2022-04-21,0
2021-11-14,24,9249,2022-04-21,0
2021-11-15,28,9277,2022-04-21,0
2021-11-16,25,9302,2022-04-21,0
2021-11-17,37,9339,2022-04-21,0
2021-11-18,38,9377,2022-04-21,0
2021-11-19,34,9411,2022-04-21,0
2021-11-20,30,9441,2022-04-21,0
2021-11-21,32,9473,2022-04-21,0
2021-11-22,30,9503,2022-04-21,0
2021-11-23,32,9535,2022-04-21,0
2021-11-24,25,9560,2022-04-21,0
2021-11-25,35,9595,2022-04-21,0
2021-11-26,51,9646,2022-04-21,0
2021-11-27,36,9682,2022-04-21,0
2021-11-28,39,9721,2022-04-21,0
2021-11-29,29,9750,2022-04-21,0
2021-11-30,30,9780,2022-04-21,0
2021-12-01,47,9827,2022-04-21,0
2021-12-02,40,9867,2022-04-21,0
2021-12-03,31,9898,2022-04-21,0
2021-12-04,42,9940,2022-04-21,0
2021-12-05,36,9976,2022-04-21,0
2021-12-06,36,10012,2022-04-21,0
2021-12-07,36,10048,2022-04-21,0
2021-12-08,39,10087,2022-04-21,0
2021-12-09,47,10134,2022-04-21,0
2021-12-10,34,10168,2022-04-21,0
2021-12-11,27,10195,2022-04-21,0
2021-12-12,37,10232,2022-04-21,0
2021-12-13,34,10266,2022-04-21,0
2021-12-14,35,10301,2022-04-21,0
2021-12-15,42,10343,2022-04-21,0
2021-12-16,33,10376,2022-04-21,0
2021-12-17,41,10417,2022-04-21,0
2021-12-18,33,10450,2022-04-21,0
2021-12-19,31,10481,2022-04-21,0
2021-12-20,33,10514,2022-04-21,0
2021-12-21,28,10542,2022-04-21,0
2021-12-22,29,10571,2022-04-21,0
2021-12-23,28,10599,2022-04-21,0
2021-12-24,31,10630,2022-04-21,0
2021-12-25,28,10658,2022-04-21,0
2021-12-26,42,10700,2022-04-21,0
2021-12-27,32,10732,2022-04-21,0
2021-12-28,35,10767,2022-04-21,0
2021-12-29,32,10799,2022-04-21,0
2021-12-30,21,10820,2022-04-21,0
2021-12-31,40,10860,2022-04-21,0
2022-01-01,27,10887,2022-04-21,0
2022-01-02,23,10910,2022-04-21,0
2022-01-03,23,10933,2022-04-21,0
2022-01-04,30,10963,2022-04-21,0
2022-01-05,32,10995,2022-04-21,0
2022-01-06,32,11027,2022-04-21,0
2022-01-07,28,11055,2022-04-21,0
2022-01-08,43,11098,2022-04-21,0
2022-01-09,20,11118,2022-04-21,0
2022-01-10,31,11149,2022-04-21,0
2022-01-11,20,11169,2022-04-21,0
2022-01-12,21,11190,2022-04-21,0
2022-01-13,28,11218,2022-04-21,0
2022-01-14,33,11251,2022-04-21,0
2022-01-15,27,11278,2022-04-21,0
2022-01-16,34,11312,2022-04-21,0
2022-01-17,36,11348,2022-04-21,0
2022-01-18,26,11374,2022-04-21,0
2022-01-19,29,11403,2022-04-21,0
2022-01-20,31,11434,2022-04-21,0
2022-01-21,27,11461,2022-04-21,0
2022-01-22,29,11490,2022-04-21,0
2022-01-23,24,11514,2022-04-21,0
2022-01-24,38,11552,2022-04-21,0
2022-01-25,33,11585,2022-04-21,0
2022-01-26,35,11620,2022-04-21,0
2022-01-27,37,11657,2022-04-21,0
2022-01-28,31,11688,2022-04-21,0
2022-01-29,31,11719,2022-04-21,0
2022-01-30,27,11746,2022-04-21,0
2022-01-31,18,11764,2022-04-21,0
2022-02-01,25,11789,2022-04-21,0
2022-02-02,23,11812,2022-04-21,0
2022-02-03,30,11842,2022-04-21,0
2022-02-04,22,11864,2022-04-21,0
2022-02-05,28,11892,2022-04-21,0
2022-02-06,29,11921,2022-04-21,0
2022-02-07,20,11941,2022-04-21,0
2022-02-08,27,11968,2022-04-21,0
2022-02-09,25,11993,2022-04-21,0
2022-02-10,22,12015,2022-04-21,0
2022-02-11,19,12034,2022-04-21,0
2022-02-12,16,12050,2022-04-21,0
2022-02-13,19,12069,2022-04-21,0
2022-02-14,18,12087,2022-04-21,0
2022-02-15,21,12108,2022-04-21,0
2022-02-16,14,12122,2022-04-21,0
2022-02-17,16,12138,2022-04-21,0
2022-02-18,16,12154,2022-04-21,0
2022-02-19,21,12175,2022-04-21,0
2022-02-20,15,12190,2022-04-21,0
2022-02-21,7,12197,2022-04-21,0
2022-02-22,14,12211,2022-04-21,0
2022-02-23,9,12220,2022-04-21,0
2022-02-24,28,12248,2022-04-21,0
2022-02-25,9,12257,2022-04-21,0
2022-02-26,10,12267,2022-04-21,0
2022-02-27,11,12278,2022-04-21,0
2022-02-28,7,12285,2022-04-21,0
2022-03-01,7,12292,2022-04-21,0
2022-03-02,9,12301,2022-04-21,0
2022-03-03,6,12307,2022-04-21,0
2022-03-04,11,12318,2022-04-21,0
2022-03-05,6,12324,2022-04-21,0
2022-03-06,10,12334,2022-04-21,0
2022-03-07,4,12338,2022-04-21,0
2022-03-08,5,12343,2022-04-21,0
2022-03-09,11,12354,2022-04-21,0
2022-03-10,9,12363,2022-04-21,0
2022-03-11,8,12371,2022-04-21,0
2022-03-12,0,12371,2022-04-21,0
2022-03-13,5,12376,2022-04-21,0
2022-03-14,4,12380,2022-04-21,0
2022-03-15,4,12384,2022-04-21,0
2022-03-16,0,12384,2022-04-21,0
2022-03-17,7,12391,2022-04-21,0
2022-03-18,2,12393,2022-04-21,0
2022-03-19,3,12396,2022-04-21,0
2022-03-20,9,12405,2022-04-21,0
2022-03-21,2,12407,2022-04-21,0
2022-03-22,3,12410,2022-04-21,0
2022-03-23,6,12416,2022-04-21,0
2022-03-24,4,12420,2022-04-21,0
2022-03-25,6,12426,2022-04-21,0
2022-03-26,2,12428,2022-04-21,0
2022-03-27,2,12430,2022-04-21,0
2022-03-28,4,12434,2022-04-21,0
2022-03-29,2,12436,2022-04-21,0
2022-03-30,2,12438,2022-04-21,0
2022-03-31,6,12444,2022-04-21,0
2022-04-01,2,12446,2022-04-21,0
2022-04-02,3,12449,2022-04-21,0
2022-04-03,3,12452,2022-04-21,0
2022-04-04,2,12454,2022-04-21,0
2022-04-05,3,12457,2022-04-21,0
2022-04-06,4,12461,2022-04-21,0
2022-04-07,3,12464,2022-04-21,0
2022-04-08,1,12465,2022-04-21,0
2022-04-09,4,12469,2022-04-21,0
2022-04-10,3,12472,2022-04-21,1
2022-04-11,1,12473,2022-04-21,0
2022-04-12,2,12475,2022-04-21,-1
2022-04-13,1,12476,2022-04-21,0
2022-04-14,2,12478,2022-04-21,1
2022-04-15,1,12479,2022-04-21,0
2022-04-16,1,12480,2022-04-21,0
2022-04-17,2,12482,2022-04-21,2
NA,0,12482,2022-04-21,0
2020-03-19,1,1,2022-04-22,0
2020-03-20,0,1,2022-04-22,0
2020-03-21,0,1,2022-04-22,0
2020-03-22,0,1,2022-04-22,0
2020-03-23,0,1,2022-04-22,0
2020-03-24,1,2,2022-04-22,0
2020-03-25,1,3,2022-04-22,0
2020-03-26,1,4,2022-04-22,0
2020-03-27,5,9,2022-04-22,0
2020-03-28,3,12,2022-04-22,0
2020-03-29,0,12,2022-04-22,0
2020-03-30,5,17,2022-04-22,0
2020-03-31,2,19,2022-04-22,0
2020-04-01,5,24,2022-04-22,0
2020-04-02,3,27,2022-04-22,0
2020-04-03,1,28,2022-04-22,0
2020-04-04,5,33,2022-04-22,0
2020-04-05,5,38,2022-04-22,0
2020-04-06,10,48,2022-04-22,0
2020-04-07,6,54,2022-04-22,0
2020-04-08,7,61,2022-04-22,0
2020-04-09,8,69,2022-04-22,0
2020-04-10,6,75,2022-04-22,0
2020-04-11,4,79,2022-04-22,0
2020-04-12,4,83,2022-04-22,0
2020-04-13,10,93,2022-04-22,0
2020-04-14,6,99,2022-04-22,0
2020-04-15,17,116,2022-04-22,0
2020-04-16,10,126,2022-04-22,0
2020-04-17,17,143,2022-04-22,0
2020-04-18,17,160,2022-04-22,0
2020-04-19,16,176,2022-04-22,0
2020-04-20,21,197,2022-04-22,0
2020-04-21,26,223,2022-04-22,0
2020-04-22,21,244,2022-04-22,0
2020-04-23,19,263,2022-04-22,0
2020-04-24,23,286,2022-04-22,0
2020-04-25,18,304,2022-04-22,0
2020-04-26,17,321,2022-04-22,0
2020-04-27,21,342,2022-04-22,0
2020-04-28,16,358,2022-04-22,0
2020-04-29,29,387,2022-04-22,0
2020-04-30,18,405,2022-04-22,0
2020-05-01,30,435,2022-04-22,0
2020-05-02,19,454,2022-04-22,0
2020-05-03,29,483,2022-04-22,0
2020-05-04,23,506,2022-04-22,0
2020-05-05,19,525,2022-04-22,0
2020-05-06,25,550,2022-04-22,0
2020-05-07,30,580,2022-04-22,0
2020-05-08,20,600,2022-04-22,0
2020-05-09,26,626,2022-04-22,0
2020-05-10,19,645,2022-04-22,0
2020-05-11,25,670,2022-04-22,0
2020-05-12,20,690,2022-04-22,0
2020-05-13,22,712,2022-04-22,0
2020-05-14,20,732,2022-04-22,0
2020-05-15,20,752,2022-04-22,0
2020-05-16,20,772,2022-04-22,0
2020-05-17,23,795,2022-04-22,0
2020-05-18,18,813,2022-04-22,0
2020-05-19,35,848,2022-04-22,0
2020-05-20,24,872,2022-04-22,0
2020-05-21,17,889,2022-04-22,0
2020-05-22,20,909,2022-04-22,0
2020-05-23,26,935,2022-04-22,0
2020-05-24,25,960,2022-04-22,0
2020-05-25,30,990,2022-04-22,0
2020-05-26,29,1019,2022-04-22,0
2020-05-27,25,1044,2022-04-22,0
2020-05-28,21,1065,2022-04-22,0
2020-05-29,17,1082,2022-04-22,0
2020-05-30,11,1093,2022-04-22,0
2020-05-31,20,1113,2022-04-22,0
2020-06-01,23,1136,2022-04-22,0
2020-06-02,21,1157,2022-04-22,0
2020-06-03,25,1182,2022-04-22,0
2020-06-04,26,1208,2022-04-22,0
2020-06-05,18,1226,2022-04-22,0
2020-06-06,12,1238,2022-04-22,0
2020-06-07,22,1260,2022-04-22,0
2020-06-08,12,1272,2022-04-22,0
2020-06-09,13,1285,2022-04-22,0
2020-06-10,10,1295,2022-04-22,0
2020-06-11,12,1307,2022-04-22,0
2020-06-12,11,1318,2022-04-22,0
2020-06-13,13,1331,2022-04-22,0
2020-06-14,11,1342,2022-04-22,0
2020-06-15,8,1350,2022-04-22,0
2020-06-16,9,1359,2022-04-22,0
2020-06-17,17,1376,2022-04-22,0
2020-06-18,9,1385,2022-04-22,0
2020-06-19,8,1393,2022-04-22,0
2020-06-20,12,1405,2022-04-22,0
2020-06-21,11,1416,2022-04-22,0
2020-06-22,6,1422,2022-04-22,0
2020-06-23,10,1432,2022-04-22,0
2020-06-24,1,1433,2022-04-22,0
2020-06-25,9,1442,2022-04-22,0
2020-06-26,6,1448,2022-04-22,0
2020-06-27,5,1453,2022-04-22,0
2020-06-28,11,1464,2022-04-22,0
2020-06-29,7,1471,2022-04-22,0
2020-06-30,9,1480,2022-04-22,0
2020-07-01,2,1482,2022-04-22,0
2020-07-02,3,1485,2022-04-22,0
2020-07-03,5,1490,2022-04-22,0
2020-07-04,4,1494,2022-04-22,0
2020-07-05,6,1500,2022-04-22,0
2020-07-06,4,1504,2022-04-22,0
2020-07-07,2,1506,2022-04-22,0
2020-07-08,9,1515,2022-04-22,0
2020-07-09,4,1519,2022-04-22,0
2020-07-10,3,1522,2022-04-22,0
2020-07-11,4,1526,2022-04-22,0
2020-07-12,6,1532,2022-04-22,0
2020-07-13,2,1534,2022-04-22,0
2020-07-14,6,1540,2022-04-22,0
2020-07-15,7,1547,2022-04-22,0
2020-07-16,3,1550,2022-04-22,0
2020-07-17,7,1557,2022-04-22,0
2020-07-18,6,1563,2022-04-22,0
2020-07-19,5,1568,2022-04-22,0
2020-07-20,3,1571,2022-04-22,0
2020-07-21,6,1577,2022-04-22,0
2020-07-22,5,1582,2022-04-22,0
2020-07-23,8,1590,2022-04-22,0
2020-07-24,6,1596,2022-04-22,0
2020-07-25,2,1598,2022-04-22,0
2020-07-26,5,1603,2022-04-22,0
2020-07-27,5,1608,2022-04-22,0
2020-07-28,7,1615,2022-04-22,0
2020-07-29,3,1618,2022-04-22,0
2020-07-30,6,1624,2022-04-22,0
2020-07-31,9,1633,2022-04-22,0
2020-08-01,4,1637,2022-04-22,0
2020-08-02,7,1644,2022-04-22,0
2020-08-03,4,1648,2022-04-22,0
2020-08-04,7,1655,2022-04-22,0
2020-08-05,8,1663,2022-04-22,0
2020-08-06,9,1672,2022-04-22,0
2020-08-07,7,1679,2022-04-22,0
2020-08-08,6,1685,2022-04-22,0
2020-08-09,10,1695,2022-04-22,0
2020-08-10,3,1698,2022-04-22,0
2020-08-11,9,1707,2022-04-22,0
2020-08-12,7,1714,2022-04-22,0
2020-08-13,5,1719,2022-04-22,0
2020-08-14,9,1728,2022-04-22,0
2020-08-15,13,1741,2022-04-22,0
2020-08-16,13,1754,2022-04-22,0
2020-08-17,6,1760,2022-04-22,0
2020-08-18,11,1771,2022-04-22,0
2020-08-19,3,1774,2022-04-22,0
2020-08-20,10,1784,2022-04-22,0
2020-08-21,12,1796,2022-04-22,0
2020-08-22,9,1805,2022-04-22,0
2020-08-23,7,1812,2022-04-22,0
2020-08-24,9,1821,2022-04-22,0
2020-08-25,4,1825,2022-04-22,0
2020-08-26,3,1828,2022-04-22,0
2020-08-27,7,1835,2022-04-22,0
2020-08-28,6,1841,2022-04-22,0
2020-08-29,3,1844,2022-04-22,0
2020-08-30,5,1849,2022-04-22,0
2020-08-31,9,1858,2022-04-22,0
2020-09-01,2,1860,2022-04-22,0
2020-09-02,7,1867,2022-04-22,0
2020-09-03,12,1879,2022-04-22,0
2020-09-04,4,1883,2022-04-22,0
2020-09-05,6,1889,2022-04-22,0
2020-09-06,12,1901,2022-04-22,0
2020-09-07,3,1904,2022-04-22,0
2020-09-08,6,1910,2022-04-22,0
2020-09-09,10,1920,2022-04-22,0
2020-09-10,9,1929,2022-04-22,0
2020-09-11,11,1940,2022-04-22,0
2020-09-12,8,1948,2022-04-22,0
2020-09-13,8,1956,2022-04-22,0
2020-09-14,2,1958,2022-04-22,0
2020-09-15,7,1965,2022-04-22,0
2020-09-16,9,1974,2022-04-22,0
2020-09-17,5,1979,2022-04-22,0
2020-09-18,6,1985,2022-04-22,0
2020-09-19,4,1989,2022-04-22,0
2020-09-20,9,1998,2022-04-22,0
2020-09-21,7,2005,2022-04-22,0
2020-09-22,8,2013,2022-04-22,0
2020-09-23,9,2022,2022-04-22,0
2020-09-24,8,2030,2022-04-22,0
2020-09-25,11,2041,2022-04-22,0
2020-09-26,9,2050,2022-04-22,0
2020-09-27,14,2064,2022-04-22,0
2020-09-28,11,2075,2022-04-22,0
2020-09-29,5,2080,2022-04-22,0
2020-09-30,16,2096,2022-04-22,0
2020-10-01,7,2103,2022-04-22,0
2020-10-02,13,2116,2022-04-22,0
2020-10-03,9,2125,2022-04-22,0
2020-10-04,7,2132,2022-04-22,0
2020-10-05,10,2142,2022-04-22,0
2020-10-06,13,2155,2022-04-22,0
2020-10-07,19,2174,2022-04-22,0
2020-10-08,9,2183,2022-04-22,0
2020-10-09,17,2200,2022-04-22,0
2020-10-10,16,2216,2022-04-22,0
2020-10-11,16,2232,2022-04-22,0
2020-10-12,20,2252,2022-04-22,0
2020-10-13,14,2266,2022-04-22,0
2020-10-14,10,2276,2022-04-22,0
2020-10-15,9,2285,2022-04-22,0
2020-10-16,12,2297,2022-04-22,0
2020-10-17,18,2315,2022-04-22,0
2020-10-18,25,2340,2022-04-22,0
2020-10-19,18,2358,2022-04-22,0
2020-10-20,15,2373,2022-04-22,0
2020-10-21,24,2397,2022-04-22,0
2020-10-22,18,2415,2022-04-22,0
2020-10-23,19,2434,2022-04-22,0
2020-10-24,8,2442,2022-04-22,0
2020-10-25,17,2459,2022-04-22,0
2020-10-26,25,2484,2022-04-22,0
2020-10-27,23,2507,2022-04-22,0
2020-10-28,29,2536,2022-04-22,0
2020-10-29,18,2554,2022-04-22,0
2020-10-30,27,2581,2022-04-22,0
2020-10-31,25,2606,2022-04-22,0
2020-11-01,21,2627,2022-04-22,0
2020-11-02,25,2652,2022-04-22,0
2020-11-03,25,2677,2022-04-22,0
2020-11-04,33,2710,2022-04-22,0
2020-11-05,38,2748,2022-04-22,0
2020-11-06,39,2787,2022-04-22,0
2020-11-07,42,2829,2022-04-22,0
2020-11-08,47,2876,2022-04-22,0
2020-11-09,37,2913,2022-04-22,0
2020-11-10,35,2948,2022-04-22,0
2020-11-11,43,2991,2022-04-22,0
2020-11-12,45,3036,2022-04-22,0
2020-11-13,39,3075,2022-04-22,0
2020-11-14,48,3123,2022-04-22,0
2020-11-15,46,3169,2022-04-22,0
2020-11-16,62,3231,2022-04-22,0
2020-11-17,56,3287,2022-04-22,0
2020-11-18,61,3348,2022-04-22,0
2020-11-19,60,3408,2022-04-22,0
2020-11-20,63,3471,2022-04-22,0
2020-11-21,58,3529,2022-04-22,0
2020-11-22,67,3596,2022-04-22,0
2020-11-23,59,3655,2022-04-22,0
2020-11-24,69,3724,2022-04-22,0
2020-11-25,72,3796,2022-04-22,0
2020-11-26,54,3850,2022-04-22,0
2020-11-27,69,3919,2022-04-22,0
2020-11-28,62,3981,2022-04-22,0
2020-11-29,68,4049,2022-04-22,0
2020-11-30,62,4111,2022-04-22,0
2020-12-01,64,4175,2022-04-22,0
2020-12-02,73,4248,2022-04-22,0
2020-12-03,86,4334,2022-04-22,0
2020-12-04,67,4401,2022-04-22,0
2020-12-05,74,4475,2022-04-22,0
2020-12-06,80,4555,2022-04-22,0
2020-12-07,75,4630,2022-04-22,0
2020-12-08,61,4691,2022-04-22,0
2020-12-09,71,4762,2022-04-22,0
2020-12-10,72,4834,2022-04-22,0
2020-12-11,71,4905,2022-04-22,0
2020-12-12,72,4977,2022-04-22,0
2020-12-13,56,5033,2022-04-22,0
2020-12-14,43,5076,2022-04-22,0
2020-12-15,65,5141,2022-04-22,0
2020-12-16,74,5215,2022-04-22,0
2020-12-17,60,5275,2022-04-22,0
2020-12-18,59,5334,2022-04-22,0
2020-12-19,56,5390,2022-04-22,0
2020-12-20,61,5451,2022-04-22,0
2020-12-21,58,5509,2022-04-22,0
2020-12-22,33,5542,2022-04-22,0
2020-12-23,46,5588,2022-04-22,0
2020-12-24,51,5639,2022-04-22,0
2020-12-25,36,5675,2022-04-22,0
2020-12-26,43,5718,2022-04-22,0
2020-12-27,41,5759,2022-04-22,0
2020-12-28,34,5793,2022-04-22,0
2020-12-29,37,5830,2022-04-22,0
2020-12-30,47,5877,2022-04-22,0
2020-12-31,36,5913,2022-04-22,0
2021-01-01,28,5941,2022-04-22,0
2021-01-02,49,5990,2022-04-22,0
2021-01-03,37,6027,2022-04-22,0
2021-01-04,32,6059,2022-04-22,0
2021-01-05,40,6099,2022-04-22,0
2021-01-06,32,6131,2022-04-22,0
2021-01-07,38,6169,2022-04-22,0
2021-01-08,32,6201,2022-04-22,0
2021-01-09,26,6227,2022-04-22,0
2021-01-10,30,6257,2022-04-22,0
2021-01-11,27,6284,2022-04-22,0
2021-01-12,32,6316,2022-04-22,0
2021-01-13,23,6339,2022-04-22,0
2021-01-14,42,6381,2022-04-22,0
2021-01-15,26,6407,2022-04-22,0
2021-01-16,30,6437,2022-04-22,0
2021-01-17,21,6458,2022-04-22,0
2021-01-18,19,6477,2022-04-22,0
2021-01-19,14,6491,2022-04-22,0
2021-01-20,26,6517,2022-04-22,0
2021-01-21,16,6533,2022-04-22,0
2021-01-22,14,6547,2022-04-22,0
2021-01-23,17,6564,2022-04-22,0
2021-01-24,24,6588,2022-04-22,0
2021-01-25,19,6607,2022-04-22,0
2021-01-26,21,6628,2022-04-22,0
2021-01-27,11,6639,2022-04-22,0
2021-01-28,12,6651,2022-04-22,0
2021-01-29,15,6666,2022-04-22,0
2021-01-30,13,6679,2022-04-22,0
2021-01-31,17,6696,2022-04-22,0
2021-02-01,17,6713,2022-04-22,0
2021-02-02,10,6723,2022-04-22,0
2021-02-03,11,6734,2022-04-22,0
2021-02-04,11,6745,2022-04-22,0
2021-02-05,13,6758,2022-04-22,0
2021-02-06,12,6770,2022-04-22,0
2021-02-07,19,6789,2022-04-22,0
2021-02-08,11,6800,2022-04-22,0
2021-02-09,15,6815,2022-04-22,0
2021-02-10,14,6829,2022-04-22,0
2021-02-11,7,6836,2022-04-22,0
2021-02-12,14,6850,2022-04-22,0
2021-02-13,8,6858,2022-04-22,0
2021-02-14,10,6868,2022-04-22,0
2021-02-15,9,6877,2022-04-22,0
2021-02-16,12,6889,2022-04-22,0
2021-02-17,10,6899,2022-04-22,0
2021-02-18,7,6906,2022-04-22,0
2021-02-19,6,6912,2022-04-22,0
2021-02-20,7,6919,2022-04-22,0
2021-02-21,4,6923,2022-04-22,0
2021-02-22,5,6928,2022-04-22,0
2021-02-23,9,6937,2022-04-22,0
2021-02-24,5,6942,2022-04-22,0
2021-02-25,5,6947,2022-04-22,0
2021-02-26,7,6954,2022-04-22,0
2021-02-27,6,6960,2022-04-22,0
2021-02-28,8,6968,2022-04-22,0
2021-03-01,7,6975,2022-04-22,0
2021-03-02,3,6978,2022-04-22,0
2021-03-03,10,6988,2022-04-22,0
2021-03-04,6,6994,2022-04-22,0
2021-03-05,10,7004,2022-04-22,0
2021-03-06,5,7009,2022-04-22,0
2021-03-07,9,7018,2022-04-22,0
2021-03-08,5,7023,2022-04-22,0
2021-03-09,7,7030,2022-04-22,0
2021-03-10,5,7035,2022-04-22,0
2021-03-11,4,7039,2022-04-22,0
2021-03-12,11,7050,2022-04-22,0
2021-03-13,5,7055,2022-04-22,0
2021-03-14,5,7060,2022-04-22,0
2021-03-15,2,7062,2022-04-22,0
2021-03-16,6,7068,2022-04-22,0
2021-03-17,4,7072,2022-04-22,0
2021-03-18,5,7077,2022-04-22,0
2021-03-19,5,7082,2022-04-22,0
2021-03-20,9,7091,2022-04-22,0
2021-03-21,5,7096,2022-04-22,0
2021-03-22,4,7100,2022-04-22,0
2021-03-23,5,7105,2022-04-22,0
2021-03-24,1,7106,2022-04-22,0
2021-03-25,5,7111,2022-04-22,0
2021-03-26,3,7114,2022-04-22,0
2021-03-27,7,7121,2022-04-22,0
2021-03-28,6,7127,2022-04-22,0
2021-03-29,5,7132,2022-04-22,0
2021-03-30,6,7138,2022-04-22,0
2021-03-31,8,7146,2022-04-22,0
2021-04-01,6,7152,2022-04-22,0
2021-04-02,9,7161,2022-04-22,0
2021-04-03,8,7169,2022-04-22,0
2021-04-04,6,7175,2022-04-22,0
2021-04-05,8,7183,2022-04-22,0
2021-04-06,7,7190,2022-04-22,0
2021-04-07,6,7196,2022-04-22,0
2021-04-08,10,7206,2022-04-22,0
2021-04-09,7,7213,2022-04-22,0
2021-04-10,7,7220,2022-04-22,0
2021-04-11,8,7228,2022-04-22,0
2021-04-12,10,7238,2022-04-22,0
2021-04-13,7,7245,2022-04-22,0
2021-04-14,8,7253,2022-04-22,0
2021-04-15,14,7267,2022-04-22,0
2021-04-16,8,7275,2022-04-22,0
2021-04-17,8,7283,2022-04-22,0
2021-04-18,8,7291,2022-04-22,0
2021-04-19,10,7301,2022-04-22,0
2021-04-20,5,7306,2022-04-22,0
2021-04-21,8,7314,2022-04-22,0
2021-04-22,3,7317,2022-04-22,0
2021-04-23,15,7332,2022-04-22,0
2021-04-24,11,7343,2022-04-22,0
2021-04-25,15,7358,2022-04-22,0
2021-04-26,15,7373,2022-04-22,0
2021-04-27,7,7380,2022-04-22,0
2021-04-28,14,7394,2022-04-22,0
2021-04-29,8,7402,2022-04-22,0
2021-04-30,11,7413,2022-04-22,0
2021-05-01,7,7420,2022-04-22,0
2021-05-02,8,7428,2022-04-22,0
2021-05-03,5,7433,2022-04-22,0
2021-05-04,13,7446,2022-04-22,0
2021-05-05,9,7455,2022-04-22,0
2021-05-06,5,7460,2022-04-22,0
2021-05-07,8,7468,2022-04-22,0
2021-05-08,7,7475,2022-04-22,0
2021-05-09,9,7484,2022-04-22,0
2021-05-10,8,7492,2022-04-22,0
2021-05-11,6,7498,2022-04-22,0
2021-05-12,9,7507,2022-04-22,0
2021-05-13,9,7516,2022-04-22,0
2021-05-14,11,7527,2022-04-22,0
2021-05-15,10,7537,2022-04-22,0
2021-05-16,6,7543,2022-04-22,0
2021-05-17,6,7549,2022-04-22,0
2021-05-18,7,7556,2022-04-22,0
2021-05-19,2,7558,2022-04-22,0
2021-05-20,5,7563,2022-04-22,0
2021-05-21,7,7570,2022-04-22,0
2021-05-22,12,7582,2022-04-22,0
2021-05-23,5,7587,2022-04-22,0
2021-05-24,5,7592,2022-04-22,0
2021-05-25,6,7598,2022-04-22,0
2021-05-26,3,7601,2022-04-22,0
2021-05-27,7,7608,2022-04-22,0
2021-05-28,2,7610,2022-04-22,0
2021-05-29,6,7616,2022-04-22,0
2021-05-30,4,7620,2022-04-22,0
2021-05-31,3,7623,2022-04-22,0
2021-06-01,5,7628,2022-04-22,0
2021-06-02,8,7636,2022-04-22,0
2021-06-03,4,7640,2022-04-22,0
2021-06-04,4,7644,2022-04-22,0
2021-06-05,2,7646,2022-04-22,0
2021-06-06,5,7651,2022-04-22,0
2021-06-07,3,7654,2022-04-22,0
2021-06-08,5,7659,2022-04-22,0
2021-06-09,4,7663,2022-04-22,0
2021-06-10,6,7669,2022-04-22,0
2021-06-11,6,7675,2022-04-22,0
2021-06-12,4,7679,2022-04-22,0
2021-06-13,4,7683,2022-04-22,0
2021-06-14,3,7686,2022-04-22,0
2021-06-15,2,7688,2022-04-22,0
2021-06-16,2,7690,2022-04-22,0
2021-06-17,4,7694,2022-04-22,0
2021-06-18,2,7696,2022-04-22,0
2021-06-19,6,7702,2022-04-22,0
2021-06-20,1,7703,2022-04-22,0
2021-06-21,5,7708,2022-04-22,0
2021-06-22,3,7711,2022-04-22,0
2021-06-23,4,7715,2022-04-22,0
2021-06-24,3,7718,2022-04-22,0
2021-06-25,3,7721,2022-04-22,0
2021-06-26,4,7725,2022-04-22,0
2021-06-27,2,7727,2022-04-22,0
2021-06-28,2,7729,2022-04-22,0
2021-06-29,2,7731,2022-04-22,0
2021-06-30,2,7733,2022-04-22,0
2021-07-01,0,7733,2022-04-22,0
2021-07-02,2,7735,2022-04-22,0
2021-07-03,2,7737,2022-04-22,0
2021-07-04,3,7740,2022-04-22,0
2021-07-05,1,7741,2022-04-22,0
2021-07-06,5,7746,2022-04-22,0
2021-07-07,1,7747,2022-04-22,0
2021-07-08,1,7748,2022-04-22,0
2021-07-09,0,7748,2022-04-22,0
2021-07-10,2,7750,2022-04-22,0
2021-07-11,3,7753,2022-04-22,0
2021-07-12,1,7754,2022-04-22,0
2021-07-13,2,7756,2022-04-22,0
2021-07-14,2,7758,2022-04-22,0
2021-07-15,2,7760,2022-04-22,0
2021-07-16,1,7761,2022-04-22,0
2021-07-17,1,7762,2022-04-22,0
2021-07-18,0,7762,2022-04-22,0
2021-07-19,0,7762,2022-04-22,0
2021-07-20,2,7764,2022-04-22,0
2021-07-21,3,7767,2022-04-22,0
2021-07-22,2,7769,2022-04-22,0
2021-07-23,3,7772,2022-04-22,0
2021-07-24,0,7772,2022-04-22,0
2021-07-25,2,7774,2022-04-22,0
2021-07-26,1,7775,2022-04-22,0
2021-07-27,2,7777,2022-04-22,0
2021-07-28,3,7780,2022-04-22,0
2021-07-29,2,7782,2022-04-22,0
2021-07-30,5,7787,2022-04-22,0
2021-07-31,4,7791,2022-04-22,0
2021-08-01,1,7792,2022-04-22,0
2021-08-02,3,7795,2022-04-22,0
2021-08-03,2,7797,2022-04-22,0
2021-08-04,3,7800,2022-04-22,0
2021-08-05,2,7802,2022-04-22,0
2021-08-06,8,7810,2022-04-22,0
2021-08-07,3,7813,2022-04-22,0
2021-08-08,3,7816,2022-04-22,0
2021-08-09,3,7819,2022-04-22,0
2021-08-10,2,7821,2022-04-22,0
2021-08-11,2,7823,2022-04-22,0
2021-08-12,7,7830,2022-04-22,0
2021-08-13,5,7835,2022-04-22,0
2021-08-14,6,7841,2022-04-22,0
2021-08-15,0,7841,2022-04-22,0
2021-08-16,7,7848,2022-04-22,0
2021-08-17,7,7855,2022-04-22,0
2021-08-18,9,7864,2022-04-22,0
2021-08-19,2,7866,2022-04-22,0
2021-08-20,3,7869,2022-04-22,0
2021-08-21,5,7874,2022-04-22,0
2021-08-22,7,7881,2022-04-22,0
2021-08-23,5,7886,2022-04-22,0
2021-08-24,12,7898,2022-04-22,0
2021-08-25,7,7905,2022-04-22,0
2021-08-26,2,7907,2022-04-22,0
2021-08-27,6,7913,2022-04-22,0
2021-08-28,11,7924,2022-04-22,0
2021-08-29,11,7935,2022-04-22,0
2021-08-30,8,7943,2022-04-22,0
2021-08-31,8,7951,2022-04-22,0
2021-09-01,6,7957,2022-04-22,0
2021-09-02,6,7963,2022-04-22,0
2021-09-03,9,7972,2022-04-22,0
2021-09-04,9,7981,2022-04-22,0
2021-09-05,10,7991,2022-04-22,0
2021-09-06,8,7999,2022-04-22,0
2021-09-07,7,8006,2022-04-22,0
2021-09-08,11,8017,2022-04-22,0
2021-09-09,5,8022,2022-04-22,0
2021-09-10,9,8031,2022-04-22,0
2021-09-11,17,8048,2022-04-22,0
2021-09-12,10,8058,2022-04-22,0
2021-09-13,8,8066,2022-04-22,0
2021-09-14,11,8077,2022-04-22,0
2021-09-15,14,8091,2022-04-22,0
2021-09-16,16,8107,2022-04-22,0
2021-09-17,8,8115,2022-04-22,0
2021-09-18,15,8130,2022-04-22,0
2021-09-19,11,8141,2022-04-22,0
2021-09-20,16,8157,2022-04-22,0
2021-09-21,16,8173,2022-04-22,0
2021-09-22,17,8190,2022-04-22,0
2021-09-23,13,8203,2022-04-22,0
2021-09-24,13,8216,2022-04-22,0
2021-09-25,16,8232,2022-04-22,0
2021-09-26,15,8247,2022-04-22,0
2021-09-27,15,8262,2022-04-22,0
2021-09-28,11,8273,2022-04-22,0
2021-09-29,21,8294,2022-04-22,0
2021-09-30,17,8311,2022-04-22,0
2021-10-01,13,8324,2022-04-22,0
2021-10-02,15,8339,2022-04-22,0
2021-10-03,23,8362,2022-04-22,0
2021-10-04,15,8377,2022-04-22,0
2021-10-05,23,8400,2022-04-22,0
2021-10-06,21,8421,2022-04-22,0
2021-10-07,14,8435,2022-04-22,0
2021-10-08,22,8457,2022-04-22,0
2021-10-09,20,8477,2022-04-22,0
2021-10-10,14,8491,2022-04-22,0
2021-10-11,11,8502,2022-04-22,0
2021-10-12,25,8527,2022-04-22,0
2021-10-13,21,8548,2022-04-22,0
2021-10-14,22,8570,2022-04-22,0
2021-10-15,14,8584,2022-04-22,0
2021-10-16,20,8604,2022-04-22,0
2021-10-17,19,8623,2022-04-22,1
2021-10-18,17,8640,2022-04-22,0
2021-10-19,26,8666,2022-04-22,0
2021-10-20,17,8683,2022-04-22,0
2021-10-21,8,8691,2022-04-22,0
2021-10-22,23,8714,2022-04-22,0
2021-10-23,24,8738,2022-04-22,0
2021-10-24,25,8763,2022-04-22,0
2021-10-25,20,8783,2022-04-22,0
2021-10-26,22,8805,2022-04-22,0
2021-10-27,16,8821,2022-04-22,0
2021-10-28,24,8845,2022-04-22,0
2021-10-29,20,8865,2022-04-22,0
2021-10-30,20,8885,2022-04-22,0
2021-10-31,27,8912,2022-04-22,0
2021-11-01,18,8930,2022-04-22,0
2021-11-02,18,8948,2022-04-22,0
2021-11-03,28,8976,2022-04-22,0
2021-11-04,30,9006,2022-04-22,0
2021-11-05,29,9035,2022-04-22,0
2021-11-06,16,9051,2022-04-22,0
2021-11-07,24,9075,2022-04-22,0
2021-11-08,28,9103,2022-04-22,0
2021-11-09,17,9120,2022-04-22,0
2021-11-10,18,9138,2022-04-22,0
2021-11-11,28,9166,2022-04-22,0
2021-11-12,29,9195,2022-04-22,0
2021-11-13,31,9226,2022-04-22,0
2021-11-14,24,9250,2022-04-22,0
2021-11-15,28,9278,2022-04-22,0
2021-11-16,25,9303,2022-04-22,0
2021-11-17,37,9340,2022-04-22,0
2021-11-18,38,9378,2022-04-22,0
2021-11-19,34,9412,2022-04-22,0
2021-11-20,30,9442,2022-04-22,0
2021-11-21,32,9474,2022-04-22,0
2021-11-22,30,9504,2022-04-22,0
2021-11-23,32,9536,2022-04-22,0
2021-11-24,25,9561,2022-04-22,0
2021-11-25,35,9596,2022-04-22,0
2021-11-26,51,9647,2022-04-22,0
2021-11-27,36,9683,2022-04-22,0
2021-11-28,39,9722,2022-04-22,0
2021-11-29,29,9751,2022-04-22,0
2021-11-30,30,9781,2022-04-22,0
2021-12-01,47,9828,2022-04-22,0
2021-12-02,40,9868,2022-04-22,0
2021-12-03,31,9899,2022-04-22,0
2021-12-04,42,9941,2022-04-22,0
2021-12-05,36,9977,2022-04-22,0
2021-12-06,36,10013,2022-04-22,0
2021-12-07,36,10049,2022-04-22,0
2021-12-08,39,10088,2022-04-22,0
2021-12-09,47,10135,2022-04-22,0
2021-12-10,34,10169,2022-04-22,0
2021-12-11,27,10196,2022-04-22,0
2021-12-12,37,10233,2022-04-22,0
2021-12-13,34,10267,2022-04-22,0
2021-12-14,35,10302,2022-04-22,0
2021-12-15,42,10344,2022-04-22,0
2021-12-16,33,10377,2022-04-22,0
2021-12-17,41,10418,2022-04-22,0
2021-12-18,33,10451,2022-04-22,0
2021-12-19,31,10482,2022-04-22,0
2021-12-20,33,10515,2022-04-22,0
2021-12-21,28,10543,2022-04-22,0
2021-12-22,29,10572,2022-04-22,0
2021-12-23,28,10600,2022-04-22,0
2021-12-24,31,10631,2022-04-22,0
2021-12-25,28,10659,2022-04-22,0
2021-12-26,42,10701,2022-04-22,0
2021-12-27,32,10733,2022-04-22,0
2021-12-28,35,10768,2022-04-22,0
2021-12-29,32,10800,2022-04-22,0
2021-12-30,21,10821,2022-04-22,0
2021-12-31,40,10861,2022-04-22,0
2022-01-01,27,10888,2022-04-22,0
2022-01-02,23,10911,2022-04-22,0
2022-01-03,23,10934,2022-04-22,0
2022-01-04,30,10964,2022-04-22,0
2022-01-05,32,10996,2022-04-22,0
2022-01-06,32,11028,2022-04-22,0
2022-01-07,28,11056,2022-04-22,0
2022-01-08,43,11099,2022-04-22,0
2022-01-09,20,11119,2022-04-22,0
2022-01-10,31,11150,2022-04-22,0
2022-01-11,20,11170,2022-04-22,0
2022-01-12,21,11191,2022-04-22,0
2022-01-13,28,11219,2022-04-22,0
2022-01-14,33,11252,2022-04-22,0
2022-01-15,27,11279,2022-04-22,0
2022-01-16,34,11313,2022-04-22,0
2022-01-17,36,11349,2022-04-22,0
2022-01-18,26,11375,2022-04-22,0
2022-01-19,29,11404,2022-04-22,0
2022-01-20,31,11435,2022-04-22,0
2022-01-21,27,11462,2022-04-22,0
2022-01-22,29,11491,2022-04-22,0
2022-01-23,24,11515,2022-04-22,0
2022-01-24,38,11553,2022-04-22,0
2022-01-25,33,11586,2022-04-22,0
2022-01-26,35,11621,2022-04-22,0
2022-01-27,37,11658,2022-04-22,0
2022-01-28,31,11689,2022-04-22,0
2022-01-29,31,11720,2022-04-22,0
2022-01-30,27,11747,2022-04-22,0
2022-01-31,18,11765,2022-04-22,0
2022-02-01,25,11790,2022-04-22,0
2022-02-02,23,11813,2022-04-22,0
2022-02-03,30,11843,2022-04-22,0
2022-02-04,22,11865,2022-04-22,0
2022-02-05,28,11893,2022-04-22,0
2022-02-06,29,11922,2022-04-22,0
2022-02-07,20,11942,2022-04-22,0
2022-02-08,27,11969,2022-04-22,0
2022-02-09,25,11994,2022-04-22,0
2022-02-10,22,12016,2022-04-22,0
2022-02-11,19,12035,2022-04-22,0
2022-02-12,16,12051,2022-04-22,0
2022-02-13,19,12070,2022-04-22,0
2022-02-14,18,12088,2022-04-22,0
2022-02-15,21,12109,2022-04-22,0
2022-02-16,14,12123,2022-04-22,0
2022-02-17,16,12139,2022-04-22,0
2022-02-18,16,12155,2022-04-22,0
2022-02-19,21,12176,2022-04-22,0
2022-02-20,15,12191,2022-04-22,0
2022-02-21,7,12198,2022-04-22,0
2022-02-22,15,12213,2022-04-22,1
2022-02-23,9,12222,2022-04-22,0
2022-02-24,28,12250,2022-04-22,0
2022-02-25,9,12259,2022-04-22,0
2022-02-26,10,12269,2022-04-22,0
2022-02-27,11,12280,2022-04-22,0
2022-02-28,7,12287,2022-04-22,0
2022-03-01,7,12294,2022-04-22,0
2022-03-02,9,12303,2022-04-22,0
2022-03-03,6,12309,2022-04-22,0
2022-03-04,11,12320,2022-04-22,0
2022-03-05,6,12326,2022-04-22,0
2022-03-06,10,12336,2022-04-22,0
2022-03-07,4,12340,2022-04-22,0
2022-03-08,5,12345,2022-04-22,0
2022-03-09,11,12356,2022-04-22,0
2022-03-10,9,12365,2022-04-22,0
2022-03-11,8,12373,2022-04-22,0
2022-03-12,0,12373,2022-04-22,0
2022-03-13,5,12378,2022-04-22,0
2022-03-14,4,12382,2022-04-22,0
2022-03-15,4,12386,2022-04-22,0
2022-03-16,0,12386,2022-04-22,0
2022-03-17,7,12393,2022-04-22,0
2022-03-18,2,12395,2022-04-22,0
2022-03-19,3,12398,2022-04-22,0
2022-03-20,9,12407,2022-04-22,0
2022-03-21,2,12409,2022-04-22,0
2022-03-22,3,12412,2022-04-22,0
2022-03-23,6,12418,2022-04-22,0
2022-03-24,4,12422,2022-04-22,0
2022-03-25,6,12428,2022-04-22,0
2022-03-26,2,12430,2022-04-22,0
2022-03-27,2,12432,2022-04-22,0
2022-03-28,4,12436,2022-04-22,0
2022-03-29,2,12438,2022-04-22,0
2022-03-30,2,12440,2022-04-22,0
2022-03-31,6,12446,2022-04-22,0
2022-04-01,2,12448,2022-04-22,0
2022-04-02,3,12451,2022-04-22,0
2022-04-03,3,12454,2022-04-22,0
2022-04-04,2,12456,2022-04-22,0
2022-04-05,4,12460,2022-04-22,1
2022-04-06,4,12464,2022-04-22,0
2022-04-07,3,12467,2022-04-22,0
2022-04-08,2,12469,2022-04-22,1
2022-04-09,4,12473,2022-04-22,0
2022-04-10,3,12476,2022-04-22,0
2022-04-11,1,12477,2022-04-22,0
2022-04-12,2,12479,2022-04-22,0
2022-04-13,1,12480,2022-04-22,0
2022-04-14,3,12483,2022-04-22,1
2022-04-15,3,12486,2022-04-22,2
2022-04-16,1,12487,2022-04-22,0
2022-04-17,2,12489,2022-04-22,0
2022-04-18,2,12491,2022-04-22,2
2022-04-19,1,12492,2022-04-22,1
NA,0,12492,2022-04-22,0
2020-03-19,1,1,2022-04-25,0
2020-03-20,0,1,2022-04-25,0
2020-03-21,0,1,2022-04-25,0
2020-03-22,0,1,2022-04-25,0
2020-03-23,0,1,2022-04-25,0
2020-03-24,1,2,2022-04-25,0
2020-03-25,1,3,2022-04-25,0
2020-03-26,1,4,2022-04-25,0
2020-03-27,5,9,2022-04-25,0
2020-03-28,3,12,2022-04-25,0
2020-03-29,0,12,2022-04-25,0
2020-03-30,5,17,2022-04-25,0
2020-03-31,2,19,2022-04-25,0
2020-04-01,5,24,2022-04-25,0
2020-04-02,3,27,2022-04-25,0
2020-04-03,1,28,2022-04-25,0
2020-04-04,5,33,2022-04-25,0
2020-04-05,5,38,2022-04-25,0
2020-04-06,10,48,2022-04-25,0
2020-04-07,6,54,2022-04-25,0
2020-04-08,7,61,2022-04-25,0
2020-04-09,8,69,2022-04-25,0
2020-04-10,6,75,2022-04-25,0
2020-04-11,4,79,2022-04-25,0
2020-04-12,4,83,2022-04-25,0
2020-04-13,10,93,2022-04-25,0
2020-04-14,6,99,2022-04-25,0
2020-04-15,17,116,2022-04-25,0
2020-04-16,10,126,2022-04-25,0
2020-04-17,17,143,2022-04-25,0
2020-04-18,17,160,2022-04-25,0
2020-04-19,16,176,2022-04-25,0
2020-04-20,21,197,2022-04-25,0
2020-04-21,26,223,2022-04-25,0
2020-04-22,21,244,2022-04-25,0
2020-04-23,19,263,2022-04-25,0
2020-04-24,23,286,2022-04-25,0
2020-04-25,18,304,2022-04-25,0
2020-04-26,17,321,2022-04-25,0
2020-04-27,21,342,2022-04-25,0
2020-04-28,16,358,2022-04-25,0
2020-04-29,29,387,2022-04-25,0
2020-04-30,18,405,2022-04-25,0
2020-05-01,30,435,2022-04-25,0
2020-05-02,19,454,2022-04-25,0
2020-05-03,29,483,2022-04-25,0
2020-05-04,23,506,2022-04-25,0
2020-05-05,19,525,2022-04-25,0
2020-05-06,25,550,2022-04-25,0
2020-05-07,30,580,2022-04-25,0
2020-05-08,20,600,2022-04-25,0
2020-05-09,26,626,2022-04-25,0
2020-05-10,19,645,2022-04-25,0
2020-05-11,25,670,2022-04-25,0
2020-05-12,20,690,2022-04-25,0
2020-05-13,22,712,2022-04-25,0
2020-05-14,20,732,2022-04-25,0
2020-05-15,20,752,2022-04-25,0
2020-05-16,20,772,2022-04-25,0
2020-05-17,23,795,2022-04-25,0
2020-05-18,18,813,2022-04-25,0
2020-05-19,35,848,2022-04-25,0
2020-05-20,24,872,2022-04-25,0
2020-05-21,17,889,2022-04-25,0
2020-05-22,20,909,2022-04-25,0
2020-05-23,26,935,2022-04-25,0
2020-05-24,25,960,2022-04-25,0
2020-05-25,30,990,2022-04-25,0
2020-05-26,29,1019,2022-04-25,0
2020-05-27,25,1044,2022-04-25,0
2020-05-28,21,1065,2022-04-25,0
2020-05-29,17,1082,2022-04-25,0
2020-05-30,11,1093,2022-04-25,0
2020-05-31,20,1113,2022-04-25,0
2020-06-01,23,1136,2022-04-25,0
2020-06-02,21,1157,2022-04-25,0
2020-06-03,25,1182,2022-04-25,0
2020-06-04,26,1208,2022-04-25,0
2020-06-05,18,1226,2022-04-25,0
2020-06-06,12,1238,2022-04-25,0
2020-06-07,22,1260,2022-04-25,0
2020-06-08,12,1272,2022-04-25,0
2020-06-09,13,1285,2022-04-25,0
2020-06-10,10,1295,2022-04-25,0
2020-06-11,12,1307,2022-04-25,0
2020-06-12,11,1318,2022-04-25,0
2020-06-13,13,1331,2022-04-25,0
2020-06-14,11,1342,2022-04-25,0
2020-06-15,8,1350,2022-04-25,0
2020-06-16,9,1359,2022-04-25,0
2020-06-17,17,1376,2022-04-25,0
2020-06-18,9,1385,2022-04-25,0
2020-06-19,8,1393,2022-04-25,0
2020-06-20,12,1405,2022-04-25,0
2020-06-21,11,1416,2022-04-25,0
2020-06-22,6,1422,2022-04-25,0
2020-06-23,10,1432,2022-04-25,0
2020-06-24,1,1433,2022-04-25,0
2020-06-25,9,1442,2022-04-25,0
2020-06-26,6,1448,2022-04-25,0
2020-06-27,5,1453,2022-04-25,0
2020-06-28,11,1464,2022-04-25,0
2020-06-29,7,1471,2022-04-25,0
2020-06-30,9,1480,2022-04-25,0
2020-07-01,2,1482,2022-04-25,0
2020-07-02,3,1485,2022-04-25,0
2020-07-03,5,1490,2022-04-25,0
2020-07-04,4,1494,2022-04-25,0
2020-07-05,6,1500,2022-04-25,0
2020-07-06,4,1504,2022-04-25,0
2020-07-07,2,1506,2022-04-25,0
2020-07-08,9,1515,2022-04-25,0
2020-07-09,4,1519,2022-04-25,0
2020-07-10,3,1522,2022-04-25,0
2020-07-11,4,1526,2022-04-25,0
2020-07-12,6,1532,2022-04-25,0
2020-07-13,2,1534,2022-04-25,0
2020-07-14,6,1540,2022-04-25,0
2020-07-15,7,1547,2022-04-25,0
2020-07-16,3,1550,2022-04-25,0
2020-07-17,7,1557,2022-04-25,0
2020-07-18,6,1563,2022-04-25,0
2020-07-19,5,1568,2022-04-25,0
2020-07-20,3,1571,2022-04-25,0
2020-07-21,6,1577,2022-04-25,0
2020-07-22,5,1582,2022-04-25,0
2020-07-23,8,1590,2022-04-25,0
2020-07-24,6,1596,2022-04-25,0
2020-07-25,2,1598,2022-04-25,0
2020-07-26,5,1603,2022-04-25,0
2020-07-27,5,1608,2022-04-25,0
2020-07-28,7,1615,2022-04-25,0
2020-07-29,3,1618,2022-04-25,0
2020-07-30,6,1624,2022-04-25,0
2020-07-31,9,1633,2022-04-25,0
2020-08-01,4,1637,2022-04-25,0
2020-08-02,7,1644,2022-04-25,0
2020-08-03,4,1648,2022-04-25,0
2020-08-04,7,1655,2022-04-25,0
2020-08-05,8,1663,2022-04-25,0
2020-08-06,9,1672,2022-04-25,0
2020-08-07,7,1679,2022-04-25,0
2020-08-08,6,1685,2022-04-25,0
2020-08-09,10,1695,2022-04-25,0
2020-08-10,3,1698,2022-04-25,0
2020-08-11,9,1707,2022-04-25,0
2020-08-12,7,1714,2022-04-25,0
2020-08-13,5,1719,2022-04-25,0
2020-08-14,9,1728,2022-04-25,0
2020-08-15,13,1741,2022-04-25,0
2020-08-16,13,1754,2022-04-25,0
2020-08-17,6,1760,2022-04-25,0
2020-08-18,11,1771,2022-04-25,0
2020-08-19,3,1774,2022-04-25,0
2020-08-20,10,1784,2022-04-25,0
2020-08-21,12,1796,2022-04-25,0
2020-08-22,9,1805,2022-04-25,0
2020-08-23,7,1812,2022-04-25,0
2020-08-24,9,1821,2022-04-25,0
2020-08-25,4,1825,2022-04-25,0
2020-08-26,3,1828,2022-04-25,0
2020-08-27,7,1835,2022-04-25,0
2020-08-28,6,1841,2022-04-25,0
2020-08-29,3,1844,2022-04-25,0
2020-08-30,5,1849,2022-04-25,0
2020-08-31,9,1858,2022-04-25,0
2020-09-01,2,1860,2022-04-25,0
2020-09-02,7,1867,2022-04-25,0
2020-09-03,12,1879,2022-04-25,0
2020-09-04,4,1883,2022-04-25,0
2020-09-05,6,1889,2022-04-25,0
2020-09-06,12,1901,2022-04-25,0
2020-09-07,3,1904,2022-04-25,0
2020-09-08,6,1910,2022-04-25,0
2020-09-09,10,1920,2022-04-25,0
2020-09-10,9,1929,2022-04-25,0
2020-09-11,11,1940,2022-04-25,0
2020-09-12,8,1948,2022-04-25,0
2020-09-13,8,1956,2022-04-25,0
2020-09-14,2,1958,2022-04-25,0
2020-09-15,7,1965,2022-04-25,0
2020-09-16,9,1974,2022-04-25,0
2020-09-17,5,1979,2022-04-25,0
2020-09-18,6,1985,2022-04-25,0
2020-09-19,4,1989,2022-04-25,0
2020-09-20,9,1998,2022-04-25,0
2020-09-21,7,2005,2022-04-25,0
2020-09-22,8,2013,2022-04-25,0
2020-09-23,9,2022,2022-04-25,0
2020-09-24,8,2030,2022-04-25,0
2020-09-25,11,2041,2022-04-25,0
2020-09-26,9,2050,2022-04-25,0
2020-09-27,14,2064,2022-04-25,0
2020-09-28,11,2075,2022-04-25,0
2020-09-29,5,2080,2022-04-25,0
2020-09-30,16,2096,2022-04-25,0
2020-10-01,7,2103,2022-04-25,0
2020-10-02,13,2116,2022-04-25,0
2020-10-03,9,2125,2022-04-25,0
2020-10-04,7,2132,2022-04-25,0
2020-10-05,10,2142,2022-04-25,0
2020-10-06,13,2155,2022-04-25,0
2020-10-07,19,2174,2022-04-25,0
2020-10-08,9,2183,2022-04-25,0
2020-10-09,17,2200,2022-04-25,0
2020-10-10,16,2216,2022-04-25,0
2020-10-11,16,2232,2022-04-25,0
2020-10-12,20,2252,2022-04-25,0
2020-10-13,14,2266,2022-04-25,0
2020-10-14,10,2276,2022-04-25,0
2020-10-15,9,2285,2022-04-25,0
2020-10-16,12,2297,2022-04-25,0
2020-10-17,18,2315,2022-04-25,0
2020-10-18,25,2340,2022-04-25,0
2020-10-19,18,2358,2022-04-25,0
2020-10-20,15,2373,2022-04-25,0
2020-10-21,24,2397,2022-04-25,0
2020-10-22,18,2415,2022-04-25,0
2020-10-23,19,2434,2022-04-25,0
2020-10-24,8,2442,2022-04-25,0
2020-10-25,17,2459,2022-04-25,0
2020-10-26,25,2484,2022-04-25,0
2020-10-27,23,2507,2022-04-25,0
2020-10-28,29,2536,2022-04-25,0
2020-10-29,18,2554,2022-04-25,0
2020-10-30,27,2581,2022-04-25,0
2020-10-31,25,2606,2022-04-25,0
2020-11-01,21,2627,2022-04-25,0
2020-11-02,25,2652,2022-04-25,0
2020-11-03,25,2677,2022-04-25,0
2020-11-04,33,2710,2022-04-25,0
2020-11-05,38,2748,2022-04-25,0
2020-11-06,39,2787,2022-04-25,0
2020-11-07,42,2829,2022-04-25,0
2020-11-08,47,2876,2022-04-25,0
2020-11-09,37,2913,2022-04-25,0
2020-11-10,35,2948,2022-04-25,0
2020-11-11,43,2991,2022-04-25,0
2020-11-12,45,3036,2022-04-25,0
2020-11-13,39,3075,2022-04-25,0
2020-11-14,48,3123,2022-04-25,0
2020-11-15,46,3169,2022-04-25,0
2020-11-16,62,3231,2022-04-25,0
2020-11-17,56,3287,2022-04-25,0
2020-11-18,61,3348,2022-04-25,0
2020-11-19,60,3408,2022-04-25,0
2020-11-20,63,3471,2022-04-25,0
2020-11-21,58,3529,2022-04-25,0
2020-11-22,67,3596,2022-04-25,0
2020-11-23,59,3655,2022-04-25,0
2020-11-24,69,3724,2022-04-25,0
2020-11-25,72,3796,2022-04-25,0
2020-11-26,54,3850,2022-04-25,0
2020-11-27,69,3919,2022-04-25,0
2020-11-28,62,3981,2022-04-25,0
2020-11-29,68,4049,2022-04-25,0
2020-11-30,62,4111,2022-04-25,0
2020-12-01,64,4175,2022-04-25,0
2020-12-02,73,4248,2022-04-25,0
2020-12-03,86,4334,2022-04-25,0
2020-12-04,67,4401,2022-04-25,0
2020-12-05,74,4475,2022-04-25,0
2020-12-06,80,4555,2022-04-25,0
2020-12-07,75,4630,2022-04-25,0
2020-12-08,61,4691,2022-04-25,0
2020-12-09,71,4762,2022-04-25,0
2020-12-10,72,4834,2022-04-25,0
2020-12-11,71,4905,2022-04-25,0
2020-12-12,72,4977,2022-04-25,0
2020-12-13,56,5033,2022-04-25,0
2020-12-14,43,5076,2022-04-25,0
2020-12-15,65,5141,2022-04-25,0
2020-12-16,74,5215,2022-04-25,0
2020-12-17,60,5275,2022-04-25,0
2020-12-18,59,5334,2022-04-25,0
2020-12-19,56,5390,2022-04-25,0
2020-12-20,61,5451,2022-04-25,0
2020-12-21,58,5509,2022-04-25,0
2020-12-22,33,5542,2022-04-25,0
2020-12-23,46,5588,2022-04-25,0
2020-12-24,51,5639,2022-04-25,0
2020-12-25,36,5675,2022-04-25,0
2020-12-26,43,5718,2022-04-25,0
2020-12-27,41,5759,2022-04-25,0
2020-12-28,34,5793,2022-04-25,0
2020-12-29,37,5830,2022-04-25,0
2020-12-30,47,5877,2022-04-25,0
2020-12-31,36,5913,2022-04-25,0
2021-01-01,28,5941,2022-04-25,0
2021-01-02,49,5990,2022-04-25,0
2021-01-03,37,6027,2022-04-25,0
2021-01-04,32,6059,2022-04-25,0
2021-01-05,40,6099,2022-04-25,0
2021-01-06,32,6131,2022-04-25,0
2021-01-07,38,6169,2022-04-25,0
2021-01-08,32,6201,2022-04-25,0
2021-01-09,26,6227,2022-04-25,0
2021-01-10,30,6257,2022-04-25,0
2021-01-11,27,6284,2022-04-25,0
2021-01-12,32,6316,2022-04-25,0
2021-01-13,23,6339,2022-04-25,0
2021-01-14,42,6381,2022-04-25,0
2021-01-15,26,6407,2022-04-25,0
2021-01-16,30,6437,2022-04-25,0
2021-01-17,21,6458,2022-04-25,0
2021-01-18,19,6477,2022-04-25,0
2021-01-19,14,6491,2022-04-25,0
2021-01-20,26,6517,2022-04-25,0
2021-01-21,16,6533,2022-04-25,0
2021-01-22,14,6547,2022-04-25,0
2021-01-23,17,6564,2022-04-25,0
2021-01-24,24,6588,2022-04-25,0
2021-01-25,19,6607,2022-04-25,0
2021-01-26,21,6628,2022-04-25,0
2021-01-27,11,6639,2022-04-25,0
2021-01-28,12,6651,2022-04-25,0
2021-01-29,15,6666,2022-04-25,0
2021-01-30,13,6679,2022-04-25,0
2021-01-31,17,6696,2022-04-25,0
2021-02-01,17,6713,2022-04-25,0
2021-02-02,10,6723,2022-04-25,0
2021-02-03,11,6734,2022-04-25,0
2021-02-04,11,6745,2022-04-25,0
2021-02-05,13,6758,2022-04-25,0
2021-02-06,12,6770,2022-04-25,0
2021-02-07,19,6789,2022-04-25,0
2021-02-08,11,6800,2022-04-25,0
2021-02-09,15,6815,2022-04-25,0
2021-02-10,14,6829,2022-04-25,0
2021-02-11,7,6836,2022-04-25,0
2021-02-12,14,6850,2022-04-25,0
2021-02-13,8,6858,2022-04-25,0
2021-02-14,10,6868,2022-04-25,0
2021-02-15,9,6877,2022-04-25,0
2021-02-16,12,6889,2022-04-25,0
2021-02-17,10,6899,2022-04-25,0
2021-02-18,7,6906,2022-04-25,0
2021-02-19,6,6912,2022-04-25,0
2021-02-20,7,6919,2022-04-25,0
2021-02-21,4,6923,2022-04-25,0
2021-02-22,5,6928,2022-04-25,0
2021-02-23,9,6937,2022-04-25,0
2021-02-24,5,6942,2022-04-25,0
2021-02-25,5,6947,2022-04-25,0
2021-02-26,7,6954,2022-04-25,0
2021-02-27,6,6960,2022-04-25,0
2021-02-28,8,6968,2022-04-25,0
2021-03-01,7,6975,2022-04-25,0
2021-03-02,3,6978,2022-04-25,0
2021-03-03,10,6988,2022-04-25,0
2021-03-04,6,6994,2022-04-25,0
2021-03-05,10,7004,2022-04-25,0
2021-03-06,5,7009,2022-04-25,0
2021-03-07,9,7018,2022-04-25,0
2021-03-08,5,7023,2022-04-25,0
2021-03-09,7,7030,2022-04-25,0
2021-03-10,5,7035,2022-04-25,0
2021-03-11,4,7039,2022-04-25,0
2021-03-12,11,7050,2022-04-25,0
2021-03-13,5,7055,2022-04-25,0
2021-03-14,5,7060,2022-04-25,0
2021-03-15,2,7062,2022-04-25,0
2021-03-16,6,7068,2022-04-25,0
2021-03-17,4,7072,2022-04-25,0
2021-03-18,5,7077,2022-04-25,0
2021-03-19,5,7082,2022-04-25,0
2021-03-20,9,7091,2022-04-25,0
2021-03-21,5,7096,2022-04-25,0
2021-03-22,4,7100,2022-04-25,0
2021-03-23,5,7105,2022-04-25,0
2021-03-24,1,7106,2022-04-25,0
2021-03-25,5,7111,2022-04-25,0
2021-03-26,3,7114,2022-04-25,0
2021-03-27,7,7121,2022-04-25,0
2021-03-28,6,7127,2022-04-25,0
2021-03-29,5,7132,2022-04-25,0
2021-03-30,6,7138,2022-04-25,0
2021-03-31,8,7146,2022-04-25,0
2021-04-01,6,7152,2022-04-25,0
2021-04-02,9,7161,2022-04-25,0
2021-04-03,8,7169,2022-04-25,0
2021-04-04,6,7175,2022-04-25,0
2021-04-05,8,7183,2022-04-25,0
2021-04-06,7,7190,2022-04-25,0
2021-04-07,6,7196,2022-04-25,0
2021-04-08,10,7206,2022-04-25,0
2021-04-09,7,7213,2022-04-25,0
2021-04-10,7,7220,2022-04-25,0
2021-04-11,8,7228,2022-04-25,0
2021-04-12,10,7238,2022-04-25,0
2021-04-13,7,7245,2022-04-25,0
2021-04-14,8,7253,2022-04-25,0
2021-04-15,14,7267,2022-04-25,0
2021-04-16,8,7275,2022-04-25,0
2021-04-17,8,7283,2022-04-25,0
2021-04-18,8,7291,2022-04-25,0
2021-04-19,10,7301,2022-04-25,0
2021-04-20,5,7306,2022-04-25,0
2021-04-21,8,7314,2022-04-25,0
2021-04-22,3,7317,2022-04-25,0
2021-04-23,15,7332,2022-04-25,0
2021-04-24,11,7343,2022-04-25,0
2021-04-25,15,7358,2022-04-25,0
2021-04-26,15,7373,2022-04-25,0
2021-04-27,7,7380,2022-04-25,0
2021-04-28,14,7394,2022-04-25,0
2021-04-29,8,7402,2022-04-25,0
2021-04-30,11,7413,2022-04-25,0
2021-05-01,7,7420,2022-04-25,0
2021-05-02,8,7428,2022-04-25,0
2021-05-03,5,7433,2022-04-25,0
2021-05-04,13,7446,2022-04-25,0
2021-05-05,9,7455,2022-04-25,0
2021-05-06,5,7460,2022-04-25,0
2021-05-07,8,7468,2022-04-25,0
2021-05-08,7,7475,2022-04-25,0
2021-05-09,9,7484,2022-04-25,0
2021-05-10,8,7492,2022-04-25,0
2021-05-11,6,7498,2022-04-25,0
2021-05-12,9,7507,2022-04-25,0
2021-05-13,9,7516,2022-04-25,0
2021-05-14,11,7527,2022-04-25,0
2021-05-15,10,7537,2022-04-25,0
2021-05-16,6,7543,2022-04-25,0
2021-05-17,6,7549,2022-04-25,0
2021-05-18,7,7556,2022-04-25,0
2021-05-19,2,7558,2022-04-25,0
2021-05-20,5,7563,2022-04-25,0
2021-05-21,7,7570,2022-04-25,0
2021-05-22,12,7582,2022-04-25,0
2021-05-23,5,7587,2022-04-25,0
2021-05-24,5,7592,2022-04-25,0
2021-05-25,6,7598,2022-04-25,0
2021-05-26,3,7601,2022-04-25,0
2021-05-27,7,7608,2022-04-25,0
2021-05-28,2,7610,2022-04-25,0
2021-05-29,6,7616,2022-04-25,0
2021-05-30,4,7620,2022-04-25,0
2021-05-31,3,7623,2022-04-25,0
2021-06-01,5,7628,2022-04-25,0
2021-06-02,8,7636,2022-04-25,0
2021-06-03,4,7640,2022-04-25,0
2021-06-04,4,7644,2022-04-25,0
2021-06-05,2,7646,2022-04-25,0
2021-06-06,5,7651,2022-04-25,0
2021-06-07,3,7654,2022-04-25,0
2021-06-08,5,7659,2022-04-25,0
2021-06-09,4,7663,2022-04-25,0
2021-06-10,6,7669,2022-04-25,0
2021-06-11,6,7675,2022-04-25,0
2021-06-12,4,7679,2022-04-25,0
2021-06-13,4,7683,2022-04-25,0
2021-06-14,3,7686,2022-04-25,0
2021-06-15,2,7688,2022-04-25,0
2021-06-16,2,7690,2022-04-25,0
2021-06-17,4,7694,2022-04-25,0
2021-06-18,2,7696,2022-04-25,0
2021-06-19,6,7702,2022-04-25,0
2021-06-20,1,7703,2022-04-25,0
2021-06-21,5,7708,2022-04-25,0
2021-06-22,3,7711,2022-04-25,0
2021-06-23,4,7715,2022-04-25,0
2021-06-24,3,7718,2022-04-25,0
2021-06-25,3,7721,2022-04-25,0
2021-06-26,4,7725,2022-04-25,0
2021-06-27,2,7727,2022-04-25,0
2021-06-28,2,7729,2022-04-25,0
2021-06-29,2,7731,2022-04-25,0
2021-06-30,2,7733,2022-04-25,0
2021-07-01,0,7733,2022-04-25,0
2021-07-02,2,7735,2022-04-25,0
2021-07-03,2,7737,2022-04-25,0
2021-07-04,3,7740,2022-04-25,0
2021-07-05,1,7741,2022-04-25,0
2021-07-06,5,7746,2022-04-25,0
2021-07-07,1,7747,2022-04-25,0
2021-07-08,1,7748,2022-04-25,0
2021-07-09,0,7748,2022-04-25,0
2021-07-10,2,7750,2022-04-25,0
2021-07-11,3,7753,2022-04-25,0
2021-07-12,1,7754,2022-04-25,0
2021-07-13,2,7756,2022-04-25,0
2021-07-14,2,7758,2022-04-25,0
2021-07-15,2,7760,2022-04-25,0
2021-07-16,1,7761,2022-04-25,0
2021-07-17,1,7762,2022-04-25,0
2021-07-18,0,7762,2022-04-25,0
2021-07-19,0,7762,2022-04-25,0
2021-07-20,2,7764,2022-04-25,0
2021-07-21,3,7767,2022-04-25,0
2021-07-22,2,7769,2022-04-25,0
2021-07-23,3,7772,2022-04-25,0
2021-07-24,0,7772,2022-04-25,0
2021-07-25,2,7774,2022-04-25,0
2021-07-26,1,7775,2022-04-25,0
2021-07-27,2,7777,2022-04-25,0
2021-07-28,3,7780,2022-04-25,0
2021-07-29,2,7782,2022-04-25,0
2021-07-30,5,7787,2022-04-25,0
2021-07-31,4,7791,2022-04-25,0
2021-08-01,1,7792,2022-04-25,0
2021-08-02,3,7795,2022-04-25,0
2021-08-03,2,7797,2022-04-25,0
2021-08-04,3,7800,2022-04-25,0
2021-08-05,2,7802,2022-04-25,0
2021-08-06,8,7810,2022-04-25,0
2021-08-07,3,7813,2022-04-25,0
2021-08-08,3,7816,2022-04-25,0
2021-08-09,3,7819,2022-04-25,0
2021-08-10,2,7821,2022-04-25,0
2021-08-11,2,7823,2022-04-25,0
2021-08-12,7,7830,2022-04-25,0
2021-08-13,5,7835,2022-04-25,0
2021-08-14,6,7841,2022-04-25,0
2021-08-15,0,7841,2022-04-25,0
2021-08-16,7,7848,2022-04-25,0
2021-08-17,7,7855,2022-04-25,0
2021-08-18,9,7864,2022-04-25,0
2021-08-19,2,7866,2022-04-25,0
2021-08-20,3,7869,2022-04-25,0
2021-08-21,5,7874,2022-04-25,0
2021-08-22,7,7881,2022-04-25,0
2021-08-23,5,7886,2022-04-25,0
2021-08-24,12,7898,2022-04-25,0
2021-08-25,7,7905,2022-04-25,0
2021-08-26,2,7907,2022-04-25,0
2021-08-27,6,7913,2022-04-25,0
2021-08-28,11,7924,2022-04-25,0
2021-08-29,11,7935,2022-04-25,0
2021-08-30,8,7943,2022-04-25,0
2021-08-31,8,7951,2022-04-25,0
2021-09-01,6,7957,2022-04-25,0
2021-09-02,6,7963,2022-04-25,0
2021-09-03,9,7972,2022-04-25,0
2021-09-04,9,7981,2022-04-25,0
2021-09-05,10,7991,2022-04-25,0
2021-09-06,8,7999,2022-04-25,0
2021-09-07,7,8006,2022-04-25,0
2021-09-08,11,8017,2022-04-25,0
2021-09-09,5,8022,2022-04-25,0
2021-09-10,9,8031,2022-04-25,0
2021-09-11,17,8048,2022-04-25,0
2021-09-12,10,8058,2022-04-25,0
2021-09-13,8,8066,2022-04-25,0
2021-09-14,11,8077,2022-04-25,0
2021-09-15,14,8091,2022-04-25,0
2021-09-16,16,8107,2022-04-25,0
2021-09-17,8,8115,2022-04-25,0
2021-09-18,15,8130,2022-04-25,0
2021-09-19,11,8141,2022-04-25,0
2021-09-20,16,8157,2022-04-25,0
2021-09-21,16,8173,2022-04-25,0
2021-09-22,17,8190,2022-04-25,0
2021-09-23,13,8203,2022-04-25,0
2021-09-24,13,8216,2022-04-25,0
2021-09-25,16,8232,2022-04-25,0
2021-09-26,15,8247,2022-04-25,0
2021-09-27,15,8262,2022-04-25,0
2021-09-28,11,8273,2022-04-25,0
2021-09-29,21,8294,2022-04-25,0
2021-09-30,17,8311,2022-04-25,0
2021-10-01,13,8324,2022-04-25,0
2021-10-02,15,8339,2022-04-25,0
2021-10-03,23,8362,2022-04-25,0
2021-10-04,15,8377,2022-04-25,0
2021-10-05,23,8400,2022-04-25,0
2021-10-06,21,8421,2022-04-25,0
2021-10-07,14,8435,2022-04-25,0
2021-10-08,22,8457,2022-04-25,0
2021-10-09,20,8477,2022-04-25,0
2021-10-10,14,8491,2022-04-25,0
2021-10-11,11,8502,2022-04-25,0
2021-10-12,25,8527,2022-04-25,0
2021-10-13,21,8548,2022-04-25,0
2021-10-14,22,8570,2022-04-25,0
2021-10-15,14,8584,2022-04-25,0
2021-10-16,20,8604,2022-04-25,0
2021-10-17,19,8623,2022-04-25,0
2021-10-18,17,8640,2022-04-25,0
2021-10-19,26,8666,2022-04-25,0
2021-10-20,17,8683,2022-04-25,0
2021-10-21,8,8691,2022-04-25,0
2021-10-22,23,8714,2022-04-25,0
2021-10-23,24,8738,2022-04-25,0
2021-10-24,25,8763,2022-04-25,0
2021-10-25,20,8783,2022-04-25,0
2021-10-26,22,8805,2022-04-25,0
2021-10-27,16,8821,2022-04-25,0
2021-10-28,24,8845,2022-04-25,0
2021-10-29,20,8865,2022-04-25,0
2021-10-30,20,8885,2022-04-25,0
2021-10-31,27,8912,2022-04-25,0
2021-11-01,18,8930,2022-04-25,0
2021-11-02,18,8948,2022-04-25,0
2021-11-03,28,8976,2022-04-25,0
2021-11-04,30,9006,2022-04-25,0
2021-11-05,29,9035,2022-04-25,0
2021-11-06,16,9051,2022-04-25,0
2021-11-07,24,9075,2022-04-25,0
2021-11-08,28,9103,2022-04-25,0
2021-11-09,17,9120,2022-04-25,0
2021-11-10,18,9138,2022-04-25,0
2021-11-11,28,9166,2022-04-25,0
2021-11-12,29,9195,2022-04-25,0
2021-11-13,31,9226,2022-04-25,0
2021-11-14,24,9250,2022-04-25,0
2021-11-15,28,9278,2022-04-25,0
2021-11-16,25,9303,2022-04-25,0
2021-11-17,37,9340,2022-04-25,0
2021-11-18,38,9378,2022-04-25,0
2021-11-19,34,9412,2022-04-25,0
2021-11-20,30,9442,2022-04-25,0
2021-11-21,32,9474,2022-04-25,0
2021-11-22,30,9504,2022-04-25,0
2021-11-23,32,9536,2022-04-25,0
2021-11-24,25,9561,2022-04-25,0
2021-11-25,35,9596,2022-04-25,0
2021-11-26,51,9647,2022-04-25,0
2021-11-27,36,9683,2022-04-25,0
2021-11-28,39,9722,2022-04-25,0
2021-11-29,29,9751,2022-04-25,0
2021-11-30,30,9781,2022-04-25,0
2021-12-01,47,9828,2022-04-25,0
2021-12-02,40,9868,2022-04-25,0
2021-12-03,31,9899,2022-04-25,0
2021-12-04,42,9941,2022-04-25,0
2021-12-05,36,9977,2022-04-25,0
2021-12-06,36,10013,2022-04-25,0
2021-12-07,36,10049,2022-04-25,0
2021-12-08,39,10088,2022-04-25,0
2021-12-09,47,10135,2022-04-25,0
2021-12-10,34,10169,2022-04-25,0
2021-12-11,27,10196,2022-04-25,0
2021-12-12,37,10233,2022-04-25,0
2021-12-13,34,10267,2022-04-25,0
2021-12-14,35,10302,2022-04-25,0
2021-12-15,42,10344,2022-04-25,0
2021-12-16,33,10377,2022-04-25,0
2021-12-17,41,10418,2022-04-25,0
2021-12-18,33,10451,2022-04-25,0
2021-12-19,31,10482,2022-04-25,0
2021-12-20,33,10515,2022-04-25,0
2021-12-21,28,10543,2022-04-25,0
2021-12-22,29,10572,2022-04-25,0
2021-12-23,28,10600,2022-04-25,0
2021-12-24,31,10631,2022-04-25,0
2021-12-25,28,10659,2022-04-25,0
2021-12-26,42,10701,2022-04-25,0
2021-12-27,32,10733,2022-04-25,0
2021-12-28,35,10768,2022-04-25,0
2021-12-29,32,10800,2022-04-25,0
2021-12-30,21,10821,2022-04-25,0
2021-12-31,40,10861,2022-04-25,0
2022-01-01,27,10888,2022-04-25,0
2022-01-02,23,10911,2022-04-25,0
2022-01-03,23,10934,2022-04-25,0
2022-01-04,30,10964,2022-04-25,0
2022-01-05,32,10996,2022-04-25,0
2022-01-06,32,11028,2022-04-25,0
2022-01-07,28,11056,2022-04-25,0
2022-01-08,43,11099,2022-04-25,0
2022-01-09,20,11119,2022-04-25,0
2022-01-10,31,11150,2022-04-25,0
2022-01-11,20,11170,2022-04-25,0
2022-01-12,21,11191,2022-04-25,0
2022-01-13,28,11219,2022-04-25,0
2022-01-14,33,11252,2022-04-25,0
2022-01-15,27,11279,2022-04-25,0
2022-01-16,34,11313,2022-04-25,0
2022-01-17,36,11349,2022-04-25,0
2022-01-18,26,11375,2022-04-25,0
2022-01-19,29,11404,2022-04-25,0
2022-01-20,31,11435,2022-04-25,0
2022-01-21,27,11462,2022-04-25,0
2022-01-22,29,11491,2022-04-25,0
2022-01-23,24,11515,2022-04-25,0
2022-01-24,38,11553,2022-04-25,0
2022-01-25,33,11586,2022-04-25,0
2022-01-26,35,11621,2022-04-25,0
2022-01-27,37,11658,2022-04-25,0
2022-01-28,31,11689,2022-04-25,0
2022-01-29,31,11720,2022-04-25,0
2022-01-30,27,11747,2022-04-25,0
2022-01-31,18,11765,2022-04-25,0
2022-02-01,25,11790,2022-04-25,0
2022-02-02,23,11813,2022-04-25,0
2022-02-03,30,11843,2022-04-25,0
2022-02-04,22,11865,2022-04-25,0
2022-02-05,28,11893,2022-04-25,0
2022-02-06,29,11922,2022-04-25,0
2022-02-07,20,11942,2022-04-25,0
2022-02-08,27,11969,2022-04-25,0
2022-02-09,25,11994,2022-04-25,0
2022-02-10,22,12016,2022-04-25,0
2022-02-11,19,12035,2022-04-25,0
2022-02-12,16,12051,2022-04-25,0
2022-02-13,19,12070,2022-04-25,0
2022-02-14,18,12088,2022-04-25,0
2022-02-15,21,12109,2022-04-25,0
2022-02-16,14,12123,2022-04-25,0
2022-02-17,16,12139,2022-04-25,0
2022-02-18,16,12155,2022-04-25,0
2022-02-19,21,12176,2022-04-25,0
2022-02-20,15,12191,2022-04-25,0
2022-02-21,7,12198,2022-04-25,0
2022-02-22,15,12213,2022-04-25,0
2022-02-23,9,12222,2022-04-25,0
2022-02-24,28,12250,2022-04-25,0
2022-02-25,9,12259,2022-04-25,0
2022-02-26,10,12269,2022-04-25,0
2022-02-27,11,12280,2022-04-25,0
2022-02-28,7,12287,2022-04-25,0
2022-03-01,7,12294,2022-04-25,0
2022-03-02,9,12303,2022-04-25,0
2022-03-03,6,12309,2022-04-25,0
2022-03-04,11,12320,2022-04-25,0
2022-03-05,6,12326,2022-04-25,0
2022-03-06,10,12336,2022-04-25,0
2022-03-07,4,12340,2022-04-25,0
2022-03-08,5,12345,2022-04-25,0
2022-03-09,11,12356,2022-04-25,0
2022-03-10,9,12365,2022-04-25,0
2022-03-11,8,12373,2022-04-25,0
2022-03-12,0,12373,2022-04-25,0
2022-03-13,5,12378,2022-04-25,0
2022-03-14,4,12382,2022-04-25,0
2022-03-15,4,12386,2022-04-25,0
2022-03-16,0,12386,2022-04-25,0
2022-03-17,7,12393,2022-04-25,0
2022-03-18,2,12395,2022-04-25,0
2022-03-19,3,12398,2022-04-25,0
2022-03-20,9,12407,2022-04-25,0
2022-03-21,2,12409,2022-04-25,0
2022-03-22,3,12412,2022-04-25,0
2022-03-23,6,12418,2022-04-25,0
2022-03-24,4,12422,2022-04-25,0
2022-03-25,6,12428,2022-04-25,0
2022-03-26,2,12430,2022-04-25,0
2022-03-27,2,12432,2022-04-25,0
2022-03-28,4,12436,2022-04-25,0
2022-03-29,2,12438,2022-04-25,0
2022-03-30,2,12440,2022-04-25,0
2022-03-31,6,12446,2022-04-25,0
2022-04-01,2,12449,2022-04-25,0
2022-04-02,3,12452,2022-04-25,0
2022-04-03,3,12455,2022-04-25,0
2022-04-04,2,12457,2022-04-25,0
2022-04-05,4,12461,2022-04-25,0
2022-04-06,4,12465,2022-04-25,0
2022-04-07,3,12468,2022-04-25,0
2022-04-08,2,12470,2022-04-25,0
2022-04-09,4,12474,2022-04-25,0
2022-04-10,3,12477,2022-04-25,0
2022-04-11,1,12478,2022-04-25,0
2022-04-12,2,12480,2022-04-25,0
2022-04-13,1,12481,2022-04-25,0
2022-04-14,3,12484,2022-04-25,0
2022-04-15,3,12487,2022-04-25,0
2022-04-16,1,12488,2022-04-25,0
2022-04-17,2,12490,2022-04-25,0
2022-04-18,2,12492,2022-04-25,0
2022-04-19,1,12493,2022-04-25,0
NA,0,12493,2022-04-25,0
2020-03-19,1,1,2022-04-26,0
2020-03-20,0,1,2022-04-26,0
2020-03-21,0,1,2022-04-26,0
2020-03-22,0,1,2022-04-26,0
2020-03-23,0,1,2022-04-26,0
2020-03-24,1,2,2022-04-26,0
2020-03-25,1,3,2022-04-26,0
2020-03-26,1,4,2022-04-26,0
2020-03-27,5,9,2022-04-26,0
2020-03-28,3,12,2022-04-26,0
2020-03-29,0,12,2022-04-26,0
2020-03-30,5,17,2022-04-26,0
2020-03-31,2,19,2022-04-26,0
2020-04-01,5,24,2022-04-26,0
2020-04-02,3,27,2022-04-26,0
2020-04-03,1,28,2022-04-26,0
2020-04-04,5,33,2022-04-26,0
2020-04-05,5,38,2022-04-26,0
2020-04-06,10,48,2022-04-26,0
2020-04-07,6,54,2022-04-26,0
2020-04-08,7,61,2022-04-26,0
2020-04-09,8,69,2022-04-26,0
2020-04-10,6,75,2022-04-26,0
2020-04-11,4,79,2022-04-26,0
2020-04-12,4,83,2022-04-26,0
2020-04-13,10,93,2022-04-26,0
2020-04-14,6,99,2022-04-26,0
2020-04-15,17,116,2022-04-26,0
2020-04-16,10,126,2022-04-26,0
2020-04-17,17,143,2022-04-26,0
2020-04-18,17,160,2022-04-26,0
2020-04-19,16,176,2022-04-26,0
2020-04-20,21,197,2022-04-26,0
2020-04-21,26,223,2022-04-26,0
2020-04-22,21,244,2022-04-26,0
2020-04-23,19,263,2022-04-26,0
2020-04-24,23,286,2022-04-26,0
2020-04-25,18,304,2022-04-26,0
2020-04-26,17,321,2022-04-26,0
2020-04-27,21,342,2022-04-26,0
2020-04-28,16,358,2022-04-26,0
2020-04-29,29,387,2022-04-26,0
2020-04-30,18,405,2022-04-26,0
2020-05-01,30,435,2022-04-26,0
2020-05-02,19,454,2022-04-26,0
2020-05-03,29,483,2022-04-26,0
2020-05-04,23,506,2022-04-26,0
2020-05-05,19,525,2022-04-26,0
2020-05-06,25,550,2022-04-26,0
2020-05-07,30,580,2022-04-26,0
2020-05-08,20,600,2022-04-26,0
2020-05-09,26,626,2022-04-26,0
2020-05-10,19,645,2022-04-26,0
2020-05-11,25,670,2022-04-26,0
2020-05-12,20,690,2022-04-26,0
2020-05-13,22,712,2022-04-26,0
2020-05-14,20,732,2022-04-26,0
2020-05-15,20,752,2022-04-26,0
2020-05-16,20,772,2022-04-26,0
2020-05-17,23,795,2022-04-26,0
2020-05-18,18,813,2022-04-26,0
2020-05-19,35,848,2022-04-26,0
2020-05-20,24,872,2022-04-26,0
2020-05-21,17,889,2022-04-26,0
2020-05-22,20,909,2022-04-26,0
2020-05-23,26,935,2022-04-26,0
2020-05-24,25,960,2022-04-26,0
2020-05-25,30,990,2022-04-26,0
2020-05-26,29,1019,2022-04-26,0
2020-05-27,25,1044,2022-04-26,0
2020-05-28,21,1065,2022-04-26,0
2020-05-29,17,1082,2022-04-26,0
2020-05-30,11,1093,2022-04-26,0
2020-05-31,20,1113,2022-04-26,0
2020-06-01,23,1136,2022-04-26,0
2020-06-02,21,1157,2022-04-26,0
2020-06-03,25,1182,2022-04-26,0
2020-06-04,26,1208,2022-04-26,0
2020-06-05,18,1226,2022-04-26,0
2020-06-06,12,1238,2022-04-26,0
2020-06-07,22,1260,2022-04-26,0
2020-06-08,12,1272,2022-04-26,0
2020-06-09,13,1285,2022-04-26,0
2020-06-10,10,1295,2022-04-26,0
2020-06-11,12,1307,2022-04-26,0
2020-06-12,11,1318,2022-04-26,0
2020-06-13,13,1331,2022-04-26,0
2020-06-14,11,1342,2022-04-26,0
2020-06-15,8,1350,2022-04-26,0
2020-06-16,9,1359,2022-04-26,0
2020-06-17,17,1376,2022-04-26,0
2020-06-18,9,1385,2022-04-26,0
2020-06-19,8,1393,2022-04-26,0
2020-06-20,12,1405,2022-04-26,0
2020-06-21,11,1416,2022-04-26,0
2020-06-22,6,1422,2022-04-26,0
2020-06-23,10,1432,2022-04-26,0
2020-06-24,1,1433,2022-04-26,0
2020-06-25,9,1442,2022-04-26,0
2020-06-26,6,1448,2022-04-26,0
2020-06-27,5,1453,2022-04-26,0
2020-06-28,11,1464,2022-04-26,0
2020-06-29,7,1471,2022-04-26,0
2020-06-30,9,1480,2022-04-26,0
2020-07-01,2,1482,2022-04-26,0
2020-07-02,3,1485,2022-04-26,0
2020-07-03,5,1490,2022-04-26,0
2020-07-04,4,1494,2022-04-26,0
2020-07-05,6,1500,2022-04-26,0
2020-07-06,4,1504,2022-04-26,0
2020-07-07,2,1506,2022-04-26,0
2020-07-08,9,1515,2022-04-26,0
2020-07-09,4,1519,2022-04-26,0
2020-07-10,3,1522,2022-04-26,0
2020-07-11,4,1526,2022-04-26,0
2020-07-12,6,1532,2022-04-26,0
2020-07-13,2,1534,2022-04-26,0
2020-07-14,6,1540,2022-04-26,0
2020-07-15,7,1547,2022-04-26,0
2020-07-16,3,1550,2022-04-26,0
2020-07-17,7,1557,2022-04-26,0
2020-07-18,6,1563,2022-04-26,0
2020-07-19,5,1568,2022-04-26,0
2020-07-20,3,1571,2022-04-26,0
2020-07-21,6,1577,2022-04-26,0
2020-07-22,5,1582,2022-04-26,0
2020-07-23,8,1590,2022-04-26,0
2020-07-24,6,1596,2022-04-26,0
2020-07-25,2,1598,2022-04-26,0
2020-07-26,5,1603,2022-04-26,0
2020-07-27,5,1608,2022-04-26,0
2020-07-28,7,1615,2022-04-26,0
2020-07-29,3,1618,2022-04-26,0
2020-07-30,6,1624,2022-04-26,0
2020-07-31,9,1633,2022-04-26,0
2020-08-01,4,1637,2022-04-26,0
2020-08-02,7,1644,2022-04-26,0
2020-08-03,4,1648,2022-04-26,0
2020-08-04,7,1655,2022-04-26,0
2020-08-05,8,1663,2022-04-26,0
2020-08-06,9,1672,2022-04-26,0
2020-08-07,7,1679,2022-04-26,0
2020-08-08,6,1685,2022-04-26,0
2020-08-09,10,1695,2022-04-26,0
2020-08-10,3,1698,2022-04-26,0
2020-08-11,9,1707,2022-04-26,0
2020-08-12,7,1714,2022-04-26,0
2020-08-13,5,1719,2022-04-26,0
2020-08-14,9,1728,2022-04-26,0
2020-08-15,13,1741,2022-04-26,0
2020-08-16,13,1754,2022-04-26,0
2020-08-17,6,1760,2022-04-26,0
2020-08-18,11,1771,2022-04-26,0
2020-08-19,3,1774,2022-04-26,0
2020-08-20,10,1784,2022-04-26,0
2020-08-21,12,1796,2022-04-26,0
2020-08-22,9,1805,2022-04-26,0
2020-08-23,7,1812,2022-04-26,0
2020-08-24,9,1821,2022-04-26,0
2020-08-25,4,1825,2022-04-26,0
2020-08-26,3,1828,2022-04-26,0
2020-08-27,7,1835,2022-04-26,0
2020-08-28,6,1841,2022-04-26,0
2020-08-29,3,1844,2022-04-26,0
2020-08-30,5,1849,2022-04-26,0
2020-08-31,9,1858,2022-04-26,0
2020-09-01,2,1860,2022-04-26,0
2020-09-02,7,1867,2022-04-26,0
2020-09-03,12,1879,2022-04-26,0
2020-09-04,4,1883,2022-04-26,0
2020-09-05,6,1889,2022-04-26,0
2020-09-06,12,1901,2022-04-26,0
2020-09-07,3,1904,2022-04-26,0
2020-09-08,6,1910,2022-04-26,0
2020-09-09,10,1920,2022-04-26,0
2020-09-10,9,1929,2022-04-26,0
2020-09-11,11,1940,2022-04-26,0
2020-09-12,8,1948,2022-04-26,0
2020-09-13,8,1956,2022-04-26,0
2020-09-14,2,1958,2022-04-26,0
2020-09-15,7,1965,2022-04-26,0
2020-09-16,9,1974,2022-04-26,0
2020-09-17,5,1979,2022-04-26,0
2020-09-18,6,1985,2022-04-26,0
2020-09-19,4,1989,2022-04-26,0
2020-09-20,9,1998,2022-04-26,0
2020-09-21,7,2005,2022-04-26,0
2020-09-22,8,2013,2022-04-26,0
2020-09-23,9,2022,2022-04-26,0
2020-09-24,8,2030,2022-04-26,0
2020-09-25,11,2041,2022-04-26,0
2020-09-26,9,2050,2022-04-26,0
2020-09-27,14,2064,2022-04-26,0
2020-09-28,11,2075,2022-04-26,0
2020-09-29,5,2080,2022-04-26,0
2020-09-30,16,2096,2022-04-26,0
2020-10-01,7,2103,2022-04-26,0
2020-10-02,13,2116,2022-04-26,0
2020-10-03,9,2125,2022-04-26,0
2020-10-04,7,2132,2022-04-26,0
2020-10-05,10,2142,2022-04-26,0
2020-10-06,13,2155,2022-04-26,0
2020-10-07,19,2174,2022-04-26,0
2020-10-08,9,2183,2022-04-26,0
2020-10-09,17,2200,2022-04-26,0
2020-10-10,16,2216,2022-04-26,0
2020-10-11,16,2232,2022-04-26,0
2020-10-12,20,2252,2022-04-26,0
2020-10-13,14,2266,2022-04-26,0
2020-10-14,10,2276,2022-04-26,0
2020-10-15,9,2285,2022-04-26,0
2020-10-16,12,2297,2022-04-26,0
2020-10-17,18,2315,2022-04-26,0
2020-10-18,25,2340,2022-04-26,0
2020-10-19,18,2358,2022-04-26,0
2020-10-20,15,2373,2022-04-26,0
2020-10-21,24,2397,2022-04-26,0
2020-10-22,18,2415,2022-04-26,0
2020-10-23,19,2434,2022-04-26,0
2020-10-24,8,2442,2022-04-26,0
2020-10-25,17,2459,2022-04-26,0
2020-10-26,25,2484,2022-04-26,0
2020-10-27,23,2507,2022-04-26,0
2020-10-28,29,2536,2022-04-26,0
2020-10-29,18,2554,2022-04-26,0
2020-10-30,27,2581,2022-04-26,0
2020-10-31,25,2606,2022-04-26,0
2020-11-01,21,2627,2022-04-26,0
2020-11-02,25,2652,2022-04-26,0
2020-11-03,25,2677,2022-04-26,0
2020-11-04,33,2710,2022-04-26,0
2020-11-05,38,2748,2022-04-26,0
2020-11-06,39,2787,2022-04-26,0
2020-11-07,42,2829,2022-04-26,0
2020-11-08,47,2876,2022-04-26,0
2020-11-09,37,2913,2022-04-26,0
2020-11-10,35,2948,2022-04-26,0
2020-11-11,43,2991,2022-04-26,0
2020-11-12,45,3036,2022-04-26,0
2020-11-13,39,3075,2022-04-26,0
2020-11-14,48,3123,2022-04-26,0
2020-11-15,46,3169,2022-04-26,0
2020-11-16,62,3231,2022-04-26,0
2020-11-17,56,3287,2022-04-26,0
2020-11-18,61,3348,2022-04-26,0
2020-11-19,60,3408,2022-04-26,0
2020-11-20,63,3471,2022-04-26,0
2020-11-21,58,3529,2022-04-26,0
2020-11-22,67,3596,2022-04-26,0
2020-11-23,59,3655,2022-04-26,0
2020-11-24,69,3724,2022-04-26,0
2020-11-25,72,3796,2022-04-26,0
2020-11-26,54,3850,2022-04-26,0
2020-11-27,69,3919,2022-04-26,0
2020-11-28,62,3981,2022-04-26,0
2020-11-29,68,4049,2022-04-26,0
2020-11-30,62,4111,2022-04-26,0
2020-12-01,64,4175,2022-04-26,0
2020-12-02,73,4248,2022-04-26,0
2020-12-03,86,4334,2022-04-26,0
2020-12-04,67,4401,2022-04-26,0
2020-12-05,74,4475,2022-04-26,0
2020-12-06,80,4555,2022-04-26,0
2020-12-07,75,4630,2022-04-26,0
2020-12-08,61,4691,2022-04-26,0
2020-12-09,71,4762,2022-04-26,0
2020-12-10,72,4834,2022-04-26,0
2020-12-11,71,4905,2022-04-26,0
2020-12-12,72,4977,2022-04-26,0
2020-12-13,56,5033,2022-04-26,0
2020-12-14,43,5076,2022-04-26,0
2020-12-15,65,5141,2022-04-26,0
2020-12-16,74,5215,2022-04-26,0
2020-12-17,60,5275,2022-04-26,0
2020-12-18,59,5334,2022-04-26,0
2020-12-19,56,5390,2022-04-26,0
2020-12-20,61,5451,2022-04-26,0
2020-12-21,58,5509,2022-04-26,0
2020-12-22,33,5542,2022-04-26,0
2020-12-23,46,5588,2022-04-26,0
2020-12-24,51,5639,2022-04-26,0
2020-12-25,36,5675,2022-04-26,0
2020-12-26,43,5718,2022-04-26,0
2020-12-27,41,5759,2022-04-26,0
2020-12-28,34,5793,2022-04-26,0
2020-12-29,37,5830,2022-04-26,0
2020-12-30,47,5877,2022-04-26,0
2020-12-31,36,5913,2022-04-26,0
2021-01-01,28,5941,2022-04-26,0
2021-01-02,49,5990,2022-04-26,0
2021-01-03,37,6027,2022-04-26,0
2021-01-04,32,6059,2022-04-26,0
2021-01-05,40,6099,2022-04-26,0
2021-01-06,32,6131,2022-04-26,0
2021-01-07,38,6169,2022-04-26,0
2021-01-08,32,6201,2022-04-26,0
2021-01-09,26,6227,2022-04-26,0
2021-01-10,30,6257,2022-04-26,0
2021-01-11,27,6284,2022-04-26,0
2021-01-12,32,6316,2022-04-26,0
2021-01-13,23,6339,2022-04-26,0
2021-01-14,42,6381,2022-04-26,0
2021-01-15,26,6407,2022-04-26,0
2021-01-16,30,6437,2022-04-26,0
2021-01-17,21,6458,2022-04-26,0
2021-01-18,19,6477,2022-04-26,0
2021-01-19,14,6491,2022-04-26,0
2021-01-20,26,6517,2022-04-26,0
2021-01-21,16,6533,2022-04-26,0
2021-01-22,14,6547,2022-04-26,0
2021-01-23,17,6564,2022-04-26,0
2021-01-24,24,6588,2022-04-26,0
2021-01-25,19,6607,2022-04-26,0
2021-01-26,21,6628,2022-04-26,0
2021-01-27,11,6639,2022-04-26,0
2021-01-28,12,6651,2022-04-26,0
2021-01-29,15,6666,2022-04-26,0
2021-01-30,13,6679,2022-04-26,0
2021-01-31,17,6696,2022-04-26,0
2021-02-01,17,6713,2022-04-26,0
2021-02-02,10,6723,2022-04-26,0
2021-02-03,11,6734,2022-04-26,0
2021-02-04,11,6745,2022-04-26,0
2021-02-05,13,6758,2022-04-26,0
2021-02-06,12,6770,2022-04-26,0
2021-02-07,19,6789,2022-04-26,0
2021-02-08,11,6800,2022-04-26,0
2021-02-09,15,6815,2022-04-26,0
2021-02-10,14,6829,2022-04-26,0
2021-02-11,7,6836,2022-04-26,0
2021-02-12,14,6850,2022-04-26,0
2021-02-13,8,6858,2022-04-26,0
2021-02-14,10,6868,2022-04-26,0
2021-02-15,9,6877,2022-04-26,0
2021-02-16,12,6889,2022-04-26,0
2021-02-17,10,6899,2022-04-26,0
2021-02-18,7,6906,2022-04-26,0
2021-02-19,6,6912,2022-04-26,0
2021-02-20,7,6919,2022-04-26,0
2021-02-21,4,6923,2022-04-26,0
2021-02-22,5,6928,2022-04-26,0
2021-02-23,9,6937,2022-04-26,0
2021-02-24,5,6942,2022-04-26,0
2021-02-25,5,6947,2022-04-26,0
2021-02-26,7,6954,2022-04-26,0
2021-02-27,6,6960,2022-04-26,0
2021-02-28,8,6968,2022-04-26,0
2021-03-01,7,6975,2022-04-26,0
2021-03-02,3,6978,2022-04-26,0
2021-03-03,10,6988,2022-04-26,0
2021-03-04,6,6994,2022-04-26,0
2021-03-05,10,7004,2022-04-26,0
2021-03-06,5,7009,2022-04-26,0
2021-03-07,9,7018,2022-04-26,0
2021-03-08,5,7023,2022-04-26,0
2021-03-09,7,7030,2022-04-26,0
2021-03-10,5,7035,2022-04-26,0
2021-03-11,4,7039,2022-04-26,0
2021-03-12,11,7050,2022-04-26,0
2021-03-13,5,7055,2022-04-26,0
2021-03-14,5,7060,2022-04-26,0
2021-03-15,2,7062,2022-04-26,0
2021-03-16,6,7068,2022-04-26,0
2021-03-17,4,7072,2022-04-26,0
2021-03-18,5,7077,2022-04-26,0
2021-03-19,5,7082,2022-04-26,0
2021-03-20,9,7091,2022-04-26,0
2021-03-21,5,7096,2022-04-26,0
2021-03-22,4,7100,2022-04-26,0
2021-03-23,5,7105,2022-04-26,0
2021-03-24,1,7106,2022-04-26,0
2021-03-25,5,7111,2022-04-26,0
2021-03-26,3,7114,2022-04-26,0
2021-03-27,7,7121,2022-04-26,0
2021-03-28,6,7127,2022-04-26,0
2021-03-29,5,7132,2022-04-26,0
2021-03-30,6,7138,2022-04-26,0
2021-03-31,8,7146,2022-04-26,0
2021-04-01,6,7152,2022-04-26,0
2021-04-02,9,7161,2022-04-26,0
2021-04-03,8,7169,2022-04-26,0
2021-04-04,6,7175,2022-04-26,0
2021-04-05,8,7183,2022-04-26,0
2021-04-06,7,7190,2022-04-26,0
2021-04-07,6,7196,2022-04-26,0
2021-04-08,10,7206,2022-04-26,0
2021-04-09,7,7213,2022-04-26,0
2021-04-10,7,7220,2022-04-26,0
2021-04-11,8,7228,2022-04-26,0
2021-04-12,10,7238,2022-04-26,0
2021-04-13,7,7245,2022-04-26,0
2021-04-14,8,7253,2022-04-26,0
2021-04-15,14,7267,2022-04-26,0
2021-04-16,8,7275,2022-04-26,0
2021-04-17,8,7283,2022-04-26,0
2021-04-18,8,7291,2022-04-26,0
2021-04-19,10,7301,2022-04-26,0
2021-04-20,5,7306,2022-04-26,0
2021-04-21,8,7314,2022-04-26,0
2021-04-22,3,7317,2022-04-26,0
2021-04-23,15,7332,2022-04-26,0
2021-04-24,11,7343,2022-04-26,0
2021-04-25,15,7358,2022-04-26,0
2021-04-26,15,7373,2022-04-26,0
2021-04-27,7,7380,2022-04-26,0
2021-04-28,14,7394,2022-04-26,0
2021-04-29,8,7402,2022-04-26,0
2021-04-30,11,7413,2022-04-26,0
2021-05-01,7,7420,2022-04-26,0
2021-05-02,8,7428,2022-04-26,0
2021-05-03,5,7433,2022-04-26,0
2021-05-04,13,7446,2022-04-26,0
2021-05-05,9,7455,2022-04-26,0
2021-05-06,5,7460,2022-04-26,0
2021-05-07,8,7468,2022-04-26,0
2021-05-08,7,7475,2022-04-26,0
2021-05-09,9,7484,2022-04-26,0
2021-05-10,8,7492,2022-04-26,0
2021-05-11,6,7498,2022-04-26,0
2021-05-12,9,7507,2022-04-26,0
2021-05-13,9,7516,2022-04-26,0
2021-05-14,11,7527,2022-04-26,0
2021-05-15,10,7537,2022-04-26,0
2021-05-16,6,7543,2022-04-26,0
2021-05-17,6,7549,2022-04-26,0
2021-05-18,7,7556,2022-04-26,0
2021-05-19,2,7558,2022-04-26,0
2021-05-20,5,7563,2022-04-26,0
2021-05-21,7,7570,2022-04-26,0
2021-05-22,12,7582,2022-04-26,0
2021-05-23,5,7587,2022-04-26,0
2021-05-24,5,7592,2022-04-26,0
2021-05-25,6,7598,2022-04-26,0
2021-05-26,3,7601,2022-04-26,0
2021-05-27,7,7608,2022-04-26,0
2021-05-28,2,7610,2022-04-26,0
2021-05-29,6,7616,2022-04-26,0
2021-05-30,4,7620,2022-04-26,0
2021-05-31,3,7623,2022-04-26,0
2021-06-01,5,7628,2022-04-26,0
2021-06-02,8,7636,2022-04-26,0
2021-06-03,4,7640,2022-04-26,0
2021-06-04,4,7644,2022-04-26,0
2021-06-05,2,7646,2022-04-26,0
2021-06-06,5,7651,2022-04-26,0
2021-06-07,3,7654,2022-04-26,0
2021-06-08,5,7659,2022-04-26,0
2021-06-09,4,7663,2022-04-26,0
2021-06-10,6,7669,2022-04-26,0
2021-06-11,6,7675,2022-04-26,0
2021-06-12,4,7679,2022-04-26,0
2021-06-13,4,7683,2022-04-26,0
2021-06-14,3,7686,2022-04-26,0
2021-06-15,2,7688,2022-04-26,0
2021-06-16,2,7690,2022-04-26,0
2021-06-17,4,7694,2022-04-26,0
2021-06-18,2,7696,2022-04-26,0
2021-06-19,6,7702,2022-04-26,0
2021-06-20,1,7703,2022-04-26,0
2021-06-21,5,7708,2022-04-26,0
2021-06-22,3,7711,2022-04-26,0
2021-06-23,4,7715,2022-04-26,0
2021-06-24,3,7718,2022-04-26,0
2021-06-25,3,7721,2022-04-26,0
2021-06-26,4,7725,2022-04-26,0
2021-06-27,2,7727,2022-04-26,0
2021-06-28,2,7729,2022-04-26,0
2021-06-29,2,7731,2022-04-26,0
2021-06-30,2,7733,2022-04-26,0
2021-07-01,0,7733,2022-04-26,0
2021-07-02,2,7735,2022-04-26,0
2021-07-03,2,7737,2022-04-26,0
2021-07-04,3,7740,2022-04-26,0
2021-07-05,1,7741,2022-04-26,0
2021-07-06,5,7746,2022-04-26,0
2021-07-07,1,7747,2022-04-26,0
2021-07-08,1,7748,2022-04-26,0
2021-07-09,0,7748,2022-04-26,0
2021-07-10,2,7750,2022-04-26,0
2021-07-11,3,7753,2022-04-26,0
2021-07-12,1,7754,2022-04-26,0
2021-07-13,2,7756,2022-04-26,0
2021-07-14,2,7758,2022-04-26,0
2021-07-15,2,7760,2022-04-26,0
2021-07-16,1,7761,2022-04-26,0
2021-07-17,1,7762,2022-04-26,0
2021-07-18,0,7762,2022-04-26,0
2021-07-19,0,7762,2022-04-26,0
2021-07-20,2,7764,2022-04-26,0
2021-07-21,3,7767,2022-04-26,0
2021-07-22,2,7769,2022-04-26,0
2021-07-23,3,7772,2022-04-26,0
2021-07-24,0,7772,2022-04-26,0
2021-07-25,2,7774,2022-04-26,0
2021-07-26,1,7775,2022-04-26,0
2021-07-27,2,7777,2022-04-26,0
2021-07-28,3,7780,2022-04-26,0
2021-07-29,2,7782,2022-04-26,0
2021-07-30,5,7787,2022-04-26,0
2021-07-31,4,7791,2022-04-26,0
2021-08-01,1,7792,2022-04-26,0
2021-08-02,3,7795,2022-04-26,0
2021-08-03,2,7797,2022-04-26,0
2021-08-04,3,7800,2022-04-26,0
2021-08-05,2,7802,2022-04-26,0
2021-08-06,8,7810,2022-04-26,0
2021-08-07,3,7813,2022-04-26,0
2021-08-08,3,7816,2022-04-26,0
2021-08-09,3,7819,2022-04-26,0
2021-08-10,2,7821,2022-04-26,0
2021-08-11,2,7823,2022-04-26,0
2021-08-12,7,7830,2022-04-26,0
2021-08-13,5,7835,2022-04-26,0
2021-08-14,6,7841,2022-04-26,0
2021-08-15,0,7841,2022-04-26,0
2021-08-16,7,7848,2022-04-26,0
2021-08-17,7,7855,2022-04-26,0
2021-08-18,9,7864,2022-04-26,0
2021-08-19,2,7866,2022-04-26,0
2021-08-20,3,7869,2022-04-26,0
2021-08-21,5,7874,2022-04-26,0
2021-08-22,7,7881,2022-04-26,0
2021-08-23,5,7886,2022-04-26,0
2021-08-24,12,7898,2022-04-26,0
2021-08-25,7,7905,2022-04-26,0
2021-08-26,2,7907,2022-04-26,0
2021-08-27,6,7913,2022-04-26,0
2021-08-28,11,7924,2022-04-26,0
2021-08-29,11,7935,2022-04-26,0
2021-08-30,8,7943,2022-04-26,0
2021-08-31,8,7951,2022-04-26,0
2021-09-01,6,7957,2022-04-26,0
2021-09-02,6,7963,2022-04-26,0
2021-09-03,9,7972,2022-04-26,0
2021-09-04,9,7981,2022-04-26,0
2021-09-05,10,7991,2022-04-26,0
2021-09-06,8,7999,2022-04-26,0
2021-09-07,7,8006,2022-04-26,0
2021-09-08,11,8017,2022-04-26,0
2021-09-09,5,8022,2022-04-26,0
2021-09-10,9,8031,2022-04-26,0
2021-09-11,17,8048,2022-04-26,0
2021-09-12,10,8058,2022-04-26,0
2021-09-13,8,8066,2022-04-26,0
2021-09-14,11,8077,2022-04-26,0
2021-09-15,14,8091,2022-04-26,0
2021-09-16,16,8107,2022-04-26,0
2021-09-17,8,8115,2022-04-26,0
2021-09-18,15,8130,2022-04-26,0
2021-09-19,11,8141,2022-04-26,0
2021-09-20,16,8157,2022-04-26,0
2021-09-21,16,8173,2022-04-26,0
2021-09-22,17,8190,2022-04-26,0
2021-09-23,13,8203,2022-04-26,0
2021-09-24,13,8216,2022-04-26,0
2021-09-25,16,8232,2022-04-26,0
2021-09-26,15,8247,2022-04-26,0
2021-09-27,15,8262,2022-04-26,0
2021-09-28,11,8273,2022-04-26,0
2021-09-29,21,8294,2022-04-26,0
2021-09-30,17,8311,2022-04-26,0
2021-10-01,13,8324,2022-04-26,0
2021-10-02,15,8339,2022-04-26,0
2021-10-03,23,8362,2022-04-26,0
2021-10-04,15,8377,2022-04-26,0
2021-10-05,23,8400,2022-04-26,0
2021-10-06,21,8421,2022-04-26,0
2021-10-07,14,8435,2022-04-26,0
2021-10-08,22,8457,2022-04-26,0
2021-10-09,20,8477,2022-04-26,0
2021-10-10,14,8491,2022-04-26,0
2021-10-11,11,8502,2022-04-26,0
2021-10-12,25,8527,2022-04-26,0
2021-10-13,21,8548,2022-04-26,0
2021-10-14,22,8570,2022-04-26,0
2021-10-15,14,8584,2022-04-26,0
2021-10-16,20,8604,2022-04-26,0
2021-10-17,19,8623,2022-04-26,0
2021-10-18,17,8640,2022-04-26,0
2021-10-19,26,8666,2022-04-26,0
2021-10-20,17,8683,2022-04-26,0
2021-10-21,8,8691,2022-04-26,0
2021-10-22,23,8714,2022-04-26,0
2021-10-23,24,8738,2022-04-26,0
2021-10-24,25,8763,2022-04-26,0
2021-10-25,20,8783,2022-04-26,0
2021-10-26,22,8805,2022-04-26,0
2021-10-27,16,8821,2022-04-26,0
2021-10-28,24,8845,2022-04-26,0
2021-10-29,20,8865,2022-04-26,0
2021-10-30,20,8885,2022-04-26,0
2021-10-31,27,8912,2022-04-26,0
2021-11-01,18,8930,2022-04-26,0
2021-11-02,18,8948,2022-04-26,0
2021-11-03,28,8976,2022-04-26,0
2021-11-04,30,9006,2022-04-26,0
2021-11-05,29,9035,2022-04-26,0
2021-11-06,16,9051,2022-04-26,0
2021-11-07,24,9075,2022-04-26,0
2021-11-08,28,9103,2022-04-26,0
2021-11-09,17,9120,2022-04-26,0
2021-11-10,18,9138,2022-04-26,0
2021-11-11,28,9166,2022-04-26,0
2021-11-12,29,9195,2022-04-26,0
2021-11-13,31,9226,2022-04-26,0
2021-11-14,24,9250,2022-04-26,0
2021-11-15,28,9278,2022-04-26,0
2021-11-16,25,9303,2022-04-26,0
2021-11-17,37,9340,2022-04-26,0
2021-11-18,38,9378,2022-04-26,0
2021-11-19,34,9412,2022-04-26,0
2021-11-20,30,9442,2022-04-26,0
2021-11-21,32,9474,2022-04-26,0
2021-11-22,30,9504,2022-04-26,0
2021-11-23,32,9536,2022-04-26,0
2021-11-24,25,9561,2022-04-26,0
2021-11-25,35,9596,2022-04-26,0
2021-11-26,51,9647,2022-04-26,0
2021-11-27,36,9683,2022-04-26,0
2021-11-28,39,9722,2022-04-26,0
2021-11-29,29,9751,2022-04-26,0
2021-11-30,30,9781,2022-04-26,0
2021-12-01,47,9828,2022-04-26,0
2021-12-02,40,9868,2022-04-26,0
2021-12-03,31,9899,2022-04-26,0
2021-12-04,42,9941,2022-04-26,0
2021-12-05,36,9977,2022-04-26,0
2021-12-06,36,10013,2022-04-26,0
2021-12-07,36,10049,2022-04-26,0
2021-12-08,39,10088,2022-04-26,0
2021-12-09,47,10135,2022-04-26,0
2021-12-10,34,10169,2022-04-26,0
2021-12-11,27,10196,2022-04-26,0
2021-12-12,37,10233,2022-04-26,0
2021-12-13,34,10267,2022-04-26,0
2021-12-14,35,10302,2022-04-26,0
2021-12-15,42,10344,2022-04-26,0
2021-12-16,33,10377,2022-04-26,0
2021-12-17,41,10418,2022-04-26,0
2021-12-18,33,10451,2022-04-26,0
2021-12-19,31,10482,2022-04-26,0
2021-12-20,33,10515,2022-04-26,0
2021-12-21,28,10543,2022-04-26,0
2021-12-22,29,10572,2022-04-26,0
2021-12-23,28,10600,2022-04-26,0
2021-12-24,31,10631,2022-04-26,0
2021-12-25,28,10659,2022-04-26,0
2021-12-26,42,10701,2022-04-26,0
2021-12-27,32,10733,2022-04-26,0
2021-12-28,35,10768,2022-04-26,0
2021-12-29,32,10800,2022-04-26,0
2021-12-30,21,10821,2022-04-26,0
2021-12-31,40,10861,2022-04-26,0
2022-01-01,27,10888,2022-04-26,0
2022-01-02,23,10911,2022-04-26,0
2022-01-03,23,10934,2022-04-26,0
2022-01-04,30,10964,2022-04-26,0
2022-01-05,32,10996,2022-04-26,0
2022-01-06,32,11028,2022-04-26,0
2022-01-07,28,11056,2022-04-26,0
2022-01-08,43,11099,2022-04-26,0
2022-01-09,20,11119,2022-04-26,0
2022-01-10,31,11150,2022-04-26,0
2022-01-11,20,11170,2022-04-26,0
2022-01-12,21,11191,2022-04-26,0
2022-01-13,28,11219,2022-04-26,0
2022-01-14,33,11252,2022-04-26,0
2022-01-15,27,11279,2022-04-26,0
2022-01-16,34,11313,2022-04-26,0
2022-01-17,36,11349,2022-04-26,0
2022-01-18,26,11375,2022-04-26,0
2022-01-19,29,11404,2022-04-26,0
2022-01-20,31,11435,2022-04-26,0
2022-01-21,27,11462,2022-04-26,0
2022-01-22,29,11491,2022-04-26,0
2022-01-23,24,11515,2022-04-26,0
2022-01-24,38,11553,2022-04-26,0
2022-01-25,33,11586,2022-04-26,0
2022-01-26,35,11621,2022-04-26,0
2022-01-27,37,11658,2022-04-26,0
2022-01-28,31,11689,2022-04-26,0
2022-01-29,31,11720,2022-04-26,0
2022-01-30,27,11747,2022-04-26,0
2022-01-31,18,11765,2022-04-26,0
2022-02-01,25,11790,2022-04-26,0
2022-02-02,23,11813,2022-04-26,0
2022-02-03,30,11843,2022-04-26,0
2022-02-04,22,11865,2022-04-26,0
2022-02-05,28,11893,2022-04-26,0
2022-02-06,29,11922,2022-04-26,0
2022-02-07,20,11942,2022-04-26,0
2022-02-08,27,11969,2022-04-26,0
2022-02-09,25,11994,2022-04-26,0
2022-02-10,22,12016,2022-04-26,0
2022-02-11,19,12035,2022-04-26,0
2022-02-12,16,12051,2022-04-26,0
2022-02-13,19,12070,2022-04-26,0
2022-02-14,18,12088,2022-04-26,0
2022-02-15,21,12109,2022-04-26,0
2022-02-16,14,12123,2022-04-26,0
2022-02-17,16,12139,2022-04-26,0
2022-02-18,16,12155,2022-04-26,0
2022-02-19,21,12176,2022-04-26,0
2022-02-20,15,12191,2022-04-26,0
2022-02-21,7,12198,2022-04-26,0
2022-02-22,15,12213,2022-04-26,0
2022-02-23,9,12222,2022-04-26,0
2022-02-24,28,12250,2022-04-26,0
2022-02-25,9,12259,2022-04-26,0
2022-02-26,10,12269,2022-04-26,0
2022-02-27,11,12280,2022-04-26,0
2022-02-28,7,12287,2022-04-26,0
2022-03-01,7,12294,2022-04-26,0
2022-03-02,9,12303,2022-04-26,0
2022-03-03,6,12309,2022-04-26,0
2022-03-04,11,12320,2022-04-26,0
2022-03-05,6,12326,2022-04-26,0
2022-03-06,10,12336,2022-04-26,0
2022-03-07,4,12340,2022-04-26,0
2022-03-08,5,12345,2022-04-26,0
2022-03-09,11,12356,2022-04-26,0
2022-03-10,9,12365,2022-04-26,0
2022-03-11,8,12373,2022-04-26,0
2022-03-12,0,12373,2022-04-26,0
2022-03-13,5,12378,2022-04-26,0
2022-03-14,4,12382,2022-04-26,0
2022-03-15,4,12386,2022-04-26,0
2022-03-16,0,12386,2022-04-26,0
2022-03-17,7,12393,2022-04-26,0
2022-03-18,2,12395,2022-04-26,0
2022-03-19,3,12398,2022-04-26,0
2022-03-20,9,12407,2022-04-26,0
2022-03-21,2,12409,2022-04-26,0
2022-03-22,3,12412,2022-04-26,0
2022-03-23,6,12418,2022-04-26,0
2022-03-24,4,12422,2022-04-26,0
2022-03-25,6,12428,2022-04-26,0
2022-03-26,3,12431,2022-04-26,1
2022-03-27,2,12433,2022-04-26,0
2022-03-28,4,12437,2022-04-26,0
2022-03-29,2,12439,2022-04-26,0
2022-03-30,2,12441,2022-04-26,0
2022-03-31,6,12447,2022-04-26,0
2022-04-01,2,12449,2022-04-26,0
2022-04-02,3,12452,2022-04-26,0
2022-04-03,3,12455,2022-04-26,0
2022-04-04,2,12457,2022-04-26,0
2022-04-05,4,12461,2022-04-26,0
2022-04-06,4,12465,2022-04-26,0
2022-04-07,3,12468,2022-04-26,0
2022-04-08,2,12470,2022-04-26,0
2022-04-09,4,12474,2022-04-26,0
2022-04-10,3,12477,2022-04-26,0
2022-04-11,1,12478,2022-04-26,0
2022-04-12,2,12480,2022-04-26,0
2022-04-13,1,12481,2022-04-26,0
2022-04-14,3,12484,2022-04-26,0
2022-04-15,3,12487,2022-04-26,0
2022-04-16,1,12488,2022-04-26,0
2022-04-17,2,12490,2022-04-26,0
2022-04-18,3,12493,2022-04-26,1
2022-04-19,1,12494,2022-04-26,0
NA,0,12494,2022-04-26,0
2020-03-19,1,1,2022-04-27,0
2020-03-20,0,1,2022-04-27,0
2020-03-21,0,1,2022-04-27,0
2020-03-22,0,1,2022-04-27,0
2020-03-23,0,1,2022-04-27,0
2020-03-24,1,2,2022-04-27,0
2020-03-25,1,3,2022-04-27,0
2020-03-26,1,4,2022-04-27,0
2020-03-27,5,9,2022-04-27,0
2020-03-28,3,12,2022-04-27,0
2020-03-29,0,12,2022-04-27,0
2020-03-30,5,17,2022-04-27,0
2020-03-31,2,19,2022-04-27,0
2020-04-01,5,24,2022-04-27,0
2020-04-02,3,27,2022-04-27,0
2020-04-03,1,28,2022-04-27,0
2020-04-04,5,33,2022-04-27,0
2020-04-05,5,38,2022-04-27,0
2020-04-06,10,48,2022-04-27,0
2020-04-07,6,54,2022-04-27,0
2020-04-08,7,61,2022-04-27,0
2020-04-09,8,69,2022-04-27,0
2020-04-10,6,75,2022-04-27,0
2020-04-11,4,79,2022-04-27,0
2020-04-12,4,83,2022-04-27,0
2020-04-13,10,93,2022-04-27,0
2020-04-14,6,99,2022-04-27,0
2020-04-15,17,116,2022-04-27,0
2020-04-16,10,126,2022-04-27,0
2020-04-17,17,143,2022-04-27,0
2020-04-18,17,160,2022-04-27,0
2020-04-19,16,176,2022-04-27,0
2020-04-20,21,197,2022-04-27,0
2020-04-21,26,223,2022-04-27,0
2020-04-22,21,244,2022-04-27,0
2020-04-23,19,263,2022-04-27,0
2020-04-24,23,286,2022-04-27,0
2020-04-25,18,304,2022-04-27,0
2020-04-26,17,321,2022-04-27,0
2020-04-27,21,342,2022-04-27,0
2020-04-28,16,358,2022-04-27,0
2020-04-29,29,387,2022-04-27,0
2020-04-30,18,405,2022-04-27,0
2020-05-01,30,435,2022-04-27,0
2020-05-02,19,454,2022-04-27,0
2020-05-03,29,483,2022-04-27,0
2020-05-04,23,506,2022-04-27,0
2020-05-05,19,525,2022-04-27,0
2020-05-06,25,550,2022-04-27,0
2020-05-07,30,580,2022-04-27,0
2020-05-08,20,600,2022-04-27,0
2020-05-09,26,626,2022-04-27,0
2020-05-10,19,645,2022-04-27,0
2020-05-11,25,670,2022-04-27,0
2020-05-12,20,690,2022-04-27,0
2020-05-13,22,712,2022-04-27,0
2020-05-14,20,732,2022-04-27,0
2020-05-15,20,752,2022-04-27,0
2020-05-16,20,772,2022-04-27,0
2020-05-17,23,795,2022-04-27,0
2020-05-18,18,813,2022-04-27,0
2020-05-19,35,848,2022-04-27,0
2020-05-20,24,872,2022-04-27,0
2020-05-21,17,889,2022-04-27,0
2020-05-22,20,909,2022-04-27,0
2020-05-23,26,935,2022-04-27,0
2020-05-24,25,960,2022-04-27,0
2020-05-25,30,990,2022-04-27,0
2020-05-26,29,1019,2022-04-27,0
2020-05-27,25,1044,2022-04-27,0
2020-05-28,21,1065,2022-04-27,0
2020-05-29,17,1082,2022-04-27,0
2020-05-30,11,1093,2022-04-27,0
2020-05-31,20,1113,2022-04-27,0
2020-06-01,23,1136,2022-04-27,0
2020-06-02,21,1157,2022-04-27,0
2020-06-03,25,1182,2022-04-27,0
2020-06-04,26,1208,2022-04-27,0
2020-06-05,18,1226,2022-04-27,0
2020-06-06,12,1238,2022-04-27,0
2020-06-07,22,1260,2022-04-27,0
2020-06-08,12,1272,2022-04-27,0
2020-06-09,13,1285,2022-04-27,0
2020-06-10,10,1295,2022-04-27,0
2020-06-11,12,1307,2022-04-27,0
2020-06-12,11,1318,2022-04-27,0
2020-06-13,13,1331,2022-04-27,0
2020-06-14,11,1342,2022-04-27,0
2020-06-15,8,1350,2022-04-27,0
2020-06-16,9,1359,2022-04-27,0
2020-06-17,17,1376,2022-04-27,0
2020-06-18,9,1385,2022-04-27,0
2020-06-19,8,1393,2022-04-27,0
2020-06-20,12,1405,2022-04-27,0
2020-06-21,11,1416,2022-04-27,0
2020-06-22,6,1422,2022-04-27,0
2020-06-23,10,1432,2022-04-27,0
2020-06-24,1,1433,2022-04-27,0
2020-06-25,9,1442,2022-04-27,0
2020-06-26,6,1448,2022-04-27,0
2020-06-27,5,1453,2022-04-27,0
2020-06-28,11,1464,2022-04-27,0
2020-06-29,7,1471,2022-04-27,0
2020-06-30,9,1480,2022-04-27,0
2020-07-01,2,1482,2022-04-27,0
2020-07-02,3,1485,2022-04-27,0
2020-07-03,5,1490,2022-04-27,0
2020-07-04,4,1494,2022-04-27,0
2020-07-05,6,1500,2022-04-27,0
2020-07-06,4,1504,2022-04-27,0
2020-07-07,2,1506,2022-04-27,0
2020-07-08,9,1515,2022-04-27,0
2020-07-09,4,1519,2022-04-27,0
2020-07-10,3,1522,2022-04-27,0
2020-07-11,4,1526,2022-04-27,0
2020-07-12,6,1532,2022-04-27,0
2020-07-13,2,1534,2022-04-27,0
2020-07-14,6,1540,2022-04-27,0
2020-07-15,7,1547,2022-04-27,0
2020-07-16,3,1550,2022-04-27,0
2020-07-17,7,1557,2022-04-27,0
2020-07-18,6,1563,2022-04-27,0
2020-07-19,5,1568,2022-04-27,0
2020-07-20,3,1571,2022-04-27,0
2020-07-21,6,1577,2022-04-27,0
2020-07-22,5,1582,2022-04-27,0
2020-07-23,8,1590,2022-04-27,0
2020-07-24,6,1596,2022-04-27,0
2020-07-25,2,1598,2022-04-27,0
2020-07-26,5,1603,2022-04-27,0
2020-07-27,5,1608,2022-04-27,0
2020-07-28,7,1615,2022-04-27,0
2020-07-29,3,1618,2022-04-27,0
2020-07-30,6,1624,2022-04-27,0
2020-07-31,9,1633,2022-04-27,0
2020-08-01,4,1637,2022-04-27,0
2020-08-02,7,1644,2022-04-27,0
2020-08-03,4,1648,2022-04-27,0
2020-08-04,7,1655,2022-04-27,0
2020-08-05,8,1663,2022-04-27,0
2020-08-06,9,1672,2022-04-27,0
2020-08-07,7,1679,2022-04-27,0
2020-08-08,6,1685,2022-04-27,0
2020-08-09,10,1695,2022-04-27,0
2020-08-10,3,1698,2022-04-27,0
2020-08-11,9,1707,2022-04-27,0
2020-08-12,7,1714,2022-04-27,0
2020-08-13,5,1719,2022-04-27,0
2020-08-14,9,1728,2022-04-27,0
2020-08-15,13,1741,2022-04-27,0
2020-08-16,13,1754,2022-04-27,0
2020-08-17,6,1760,2022-04-27,0
2020-08-18,11,1771,2022-04-27,0
2020-08-19,3,1774,2022-04-27,0
2020-08-20,10,1784,2022-04-27,0
2020-08-21,12,1796,2022-04-27,0
2020-08-22,9,1805,2022-04-27,0
2020-08-23,7,1812,2022-04-27,0
2020-08-24,9,1821,2022-04-27,0
2020-08-25,4,1825,2022-04-27,0
2020-08-26,3,1828,2022-04-27,0
2020-08-27,7,1835,2022-04-27,0
2020-08-28,6,1841,2022-04-27,0
2020-08-29,3,1844,2022-04-27,0
2020-08-30,5,1849,2022-04-27,0
2020-08-31,9,1858,2022-04-27,0
2020-09-01,2,1860,2022-04-27,0
2020-09-02,7,1867,2022-04-27,0
2020-09-03,12,1879,2022-04-27,0
2020-09-04,4,1883,2022-04-27,0
2020-09-05,6,1889,2022-04-27,0
2020-09-06,12,1901,2022-04-27,0
2020-09-07,3,1904,2022-04-27,0
2020-09-08,6,1910,2022-04-27,0
2020-09-09,10,1920,2022-04-27,0
2020-09-10,9,1929,2022-04-27,0
2020-09-11,11,1940,2022-04-27,0
2020-09-12,8,1948,2022-04-27,0
2020-09-13,8,1956,2022-04-27,0
2020-09-14,2,1958,2022-04-27,0
2020-09-15,7,1965,2022-04-27,0
2020-09-16,9,1974,2022-04-27,0
2020-09-17,5,1979,2022-04-27,0
2020-09-18,6,1985,2022-04-27,0
2020-09-19,4,1989,2022-04-27,0
2020-09-20,9,1998,2022-04-27,0
2020-09-21,7,2005,2022-04-27,0
2020-09-22,8,2013,2022-04-27,0
2020-09-23,9,2022,2022-04-27,0
2020-09-24,8,2030,2022-04-27,0
2020-09-25,11,2041,2022-04-27,0
2020-09-26,9,2050,2022-04-27,0
2020-09-27,14,2064,2022-04-27,0
2020-09-28,11,2075,2022-04-27,0
2020-09-29,5,2080,2022-04-27,0
2020-09-30,16,2096,2022-04-27,0
2020-10-01,7,2103,2022-04-27,0
2020-10-02,13,2116,2022-04-27,0
2020-10-03,9,2125,2022-04-27,0
2020-10-04,7,2132,2022-04-27,0
2020-10-05,10,2142,2022-04-27,0
2020-10-06,13,2155,2022-04-27,0
2020-10-07,19,2174,2022-04-27,0
2020-10-08,9,2183,2022-04-27,0
2020-10-09,17,2200,2022-04-27,0
2020-10-10,16,2216,2022-04-27,0
2020-10-11,16,2232,2022-04-27,0
2020-10-12,20,2252,2022-04-27,0
2020-10-13,14,2266,2022-04-27,0
2020-10-14,10,2276,2022-04-27,0
2020-10-15,9,2285,2022-04-27,0
2020-10-16,12,2297,2022-04-27,0
2020-10-17,18,2315,2022-04-27,0
2020-10-18,25,2340,2022-04-27,0
2020-10-19,18,2358,2022-04-27,0
2020-10-20,15,2373,2022-04-27,0
2020-10-21,24,2397,2022-04-27,0
2020-10-22,18,2415,2022-04-27,0
2020-10-23,19,2434,2022-04-27,0
2020-10-24,8,2442,2022-04-27,0
2020-10-25,17,2459,2022-04-27,0
2020-10-26,25,2484,2022-04-27,0
2020-10-27,23,2507,2022-04-27,0
2020-10-28,29,2536,2022-04-27,0
2020-10-29,18,2554,2022-04-27,0
2020-10-30,27,2581,2022-04-27,0
2020-10-31,25,2606,2022-04-27,0
2020-11-01,21,2627,2022-04-27,0
2020-11-02,25,2652,2022-04-27,0
2020-11-03,25,2677,2022-04-27,0
2020-11-04,33,2710,2022-04-27,0
2020-11-05,38,2748,2022-04-27,0
2020-11-06,39,2787,2022-04-27,0
2020-11-07,42,2829,2022-04-27,0
2020-11-08,47,2876,2022-04-27,0
2020-11-09,37,2913,2022-04-27,0
2020-11-10,35,2948,2022-04-27,0
2020-11-11,43,2991,2022-04-27,0
2020-11-12,45,3036,2022-04-27,0
2020-11-13,39,3075,2022-04-27,0
2020-11-14,48,3123,2022-04-27,0
2020-11-15,46,3169,2022-04-27,0
2020-11-16,62,3231,2022-04-27,0
2020-11-17,56,3287,2022-04-27,0
2020-11-18,61,3348,2022-04-27,0
2020-11-19,60,3408,2022-04-27,0
2020-11-20,63,3471,2022-04-27,0
2020-11-21,58,3529,2022-04-27,0
2020-11-22,67,3596,2022-04-27,0
2020-11-23,59,3655,2022-04-27,0
2020-11-24,69,3724,2022-04-27,0
2020-11-25,72,3796,2022-04-27,0
2020-11-26,54,3850,2022-04-27,0
2020-11-27,69,3919,2022-04-27,0
2020-11-28,62,3981,2022-04-27,0
2020-11-29,68,4049,2022-04-27,0
2020-11-30,62,4111,2022-04-27,0
2020-12-01,64,4175,2022-04-27,0
2020-12-02,73,4248,2022-04-27,0
2020-12-03,86,4334,2022-04-27,0
2020-12-04,67,4401,2022-04-27,0
2020-12-05,74,4475,2022-04-27,0
2020-12-06,80,4555,2022-04-27,0
2020-12-07,75,4630,2022-04-27,0
2020-12-08,61,4691,2022-04-27,0
2020-12-09,71,4762,2022-04-27,0
2020-12-10,72,4834,2022-04-27,0
2020-12-11,71,4905,2022-04-27,0
2020-12-12,72,4977,2022-04-27,0
2020-12-13,56,5033,2022-04-27,0
2020-12-14,43,5076,2022-04-27,0
2020-12-15,65,5141,2022-04-27,0
2020-12-16,74,5215,2022-04-27,0
2020-12-17,60,5275,2022-04-27,0
2020-12-18,59,5334,2022-04-27,0
2020-12-19,56,5390,2022-04-27,0
2020-12-20,61,5451,2022-04-27,0
2020-12-21,58,5509,2022-04-27,0
2020-12-22,33,5542,2022-04-27,0
2020-12-23,46,5588,2022-04-27,0
2020-12-24,51,5639,2022-04-27,0
2020-12-25,36,5675,2022-04-27,0
2020-12-26,43,5718,2022-04-27,0
2020-12-27,41,5759,2022-04-27,0
2020-12-28,34,5793,2022-04-27,0
2020-12-29,37,5830,2022-04-27,0
2020-12-30,47,5877,2022-04-27,0
2020-12-31,36,5913,2022-04-27,0
2021-01-01,28,5941,2022-04-27,0
2021-01-02,49,5990,2022-04-27,0
2021-01-03,37,6027,2022-04-27,0
2021-01-04,32,6059,2022-04-27,0
2021-01-05,40,6099,2022-04-27,0
2021-01-06,32,6131,2022-04-27,0
2021-01-07,38,6169,2022-04-27,0
2021-01-08,32,6201,2022-04-27,0
2021-01-09,26,6227,2022-04-27,0
2021-01-10,30,6257,2022-04-27,0
2021-01-11,27,6284,2022-04-27,0
2021-01-12,32,6316,2022-04-27,0
2021-01-13,23,6339,2022-04-27,0
2021-01-14,42,6381,2022-04-27,0
2021-01-15,26,6407,2022-04-27,0
2021-01-16,30,6437,2022-04-27,0
2021-01-17,21,6458,2022-04-27,0
2021-01-18,19,6477,2022-04-27,0
2021-01-19,14,6491,2022-04-27,0
2021-01-20,26,6517,2022-04-27,0
2021-01-21,16,6533,2022-04-27,0
2021-01-22,14,6547,2022-04-27,0
2021-01-23,17,6564,2022-04-27,0
2021-01-24,24,6588,2022-04-27,0
2021-01-25,19,6607,2022-04-27,0
2021-01-26,21,6628,2022-04-27,0
2021-01-27,11,6639,2022-04-27,0
2021-01-28,12,6651,2022-04-27,0
2021-01-29,15,6666,2022-04-27,0
2021-01-30,13,6679,2022-04-27,0
2021-01-31,17,6696,2022-04-27,0
2021-02-01,17,6713,2022-04-27,0
2021-02-02,10,6723,2022-04-27,0
2021-02-03,11,6734,2022-04-27,0
2021-02-04,11,6745,2022-04-27,0
2021-02-05,13,6758,2022-04-27,0
2021-02-06,12,6770,2022-04-27,0
2021-02-07,19,6789,2022-04-27,0
2021-02-08,11,6800,2022-04-27,0
2021-02-09,15,6815,2022-04-27,0
2021-02-10,14,6829,2022-04-27,0
2021-02-11,7,6836,2022-04-27,0
2021-02-12,14,6850,2022-04-27,0
2021-02-13,8,6858,2022-04-27,0
2021-02-14,10,6868,2022-04-27,0
2021-02-15,9,6877,2022-04-27,0
2021-02-16,12,6889,2022-04-27,0
2021-02-17,10,6899,2022-04-27,0
2021-02-18,7,6906,2022-04-27,0
2021-02-19,6,6912,2022-04-27,0
2021-02-20,7,6919,2022-04-27,0
2021-02-21,4,6923,2022-04-27,0
2021-02-22,5,6928,2022-04-27,0
2021-02-23,9,6937,2022-04-27,0
2021-02-24,5,6942,2022-04-27,0
2021-02-25,5,6947,2022-04-27,0
2021-02-26,7,6954,2022-04-27,0
2021-02-27,6,6960,2022-04-27,0
2021-02-28,8,6968,2022-04-27,0
2021-03-01,7,6975,2022-04-27,0
2021-03-02,3,6978,2022-04-27,0
2021-03-03,10,6988,2022-04-27,0
2021-03-04,6,6994,2022-04-27,0
2021-03-05,10,7004,2022-04-27,0
2021-03-06,5,7009,2022-04-27,0
2021-03-07,9,7018,2022-04-27,0
2021-03-08,5,7023,2022-04-27,0
2021-03-09,7,7030,2022-04-27,0
2021-03-10,5,7035,2022-04-27,0
2021-03-11,4,7039,2022-04-27,0
2021-03-12,11,7050,2022-04-27,0
2021-03-13,5,7055,2022-04-27,0
2021-03-14,5,7060,2022-04-27,0
2021-03-15,2,7062,2022-04-27,0
2021-03-16,6,7068,2022-04-27,0
2021-03-17,4,7072,2022-04-27,0
2021-03-18,5,7077,2022-04-27,0
2021-03-19,5,7082,2022-04-27,0
2021-03-20,9,7091,2022-04-27,0
2021-03-21,5,7096,2022-04-27,0
2021-03-22,4,7100,2022-04-27,0
2021-03-23,5,7105,2022-04-27,0
2021-03-24,1,7106,2022-04-27,0
2021-03-25,5,7111,2022-04-27,0
2021-03-26,3,7114,2022-04-27,0
2021-03-27,7,7121,2022-04-27,0
2021-03-28,6,7127,2022-04-27,0
2021-03-29,5,7132,2022-04-27,0
2021-03-30,6,7138,2022-04-27,0
2021-03-31,8,7146,2022-04-27,0
2021-04-01,6,7152,2022-04-27,0
2021-04-02,9,7161,2022-04-27,0
2021-04-03,8,7169,2022-04-27,0
2021-04-04,6,7175,2022-04-27,0
2021-04-05,8,7183,2022-04-27,0
2021-04-06,7,7190,2022-04-27,0
2021-04-07,6,7196,2022-04-27,0
2021-04-08,10,7206,2022-04-27,0
2021-04-09,7,7213,2022-04-27,0
2021-04-10,7,7220,2022-04-27,0
2021-04-11,8,7228,2022-04-27,0
2021-04-12,10,7238,2022-04-27,0
2021-04-13,7,7245,2022-04-27,0
2021-04-14,8,7253,2022-04-27,0
2021-04-15,14,7267,2022-04-27,0
2021-04-16,8,7275,2022-04-27,0
2021-04-17,8,7283,2022-04-27,0
2021-04-18,8,7291,2022-04-27,0
2021-04-19,10,7301,2022-04-27,0
2021-04-20,5,7306,2022-04-27,0
2021-04-21,8,7314,2022-04-27,0
2021-04-22,3,7317,2022-04-27,0
2021-04-23,15,7332,2022-04-27,0
2021-04-24,11,7343,2022-04-27,0
2021-04-25,15,7358,2022-04-27,0
2021-04-26,15,7373,2022-04-27,0
2021-04-27,7,7380,2022-04-27,0
2021-04-28,14,7394,2022-04-27,0
2021-04-29,8,7402,2022-04-27,0
2021-04-30,11,7413,2022-04-27,0
2021-05-01,7,7420,2022-04-27,0
2021-05-02,8,7428,2022-04-27,0
2021-05-03,5,7433,2022-04-27,0
2021-05-04,13,7446,2022-04-27,0
2021-05-05,9,7455,2022-04-27,0
2021-05-06,5,7460,2022-04-27,0
2021-05-07,8,7468,2022-04-27,0
2021-05-08,7,7475,2022-04-27,0
2021-05-09,9,7484,2022-04-27,0
2021-05-10,8,7492,2022-04-27,0
2021-05-11,6,7498,2022-04-27,0
2021-05-12,9,7507,2022-04-27,0
2021-05-13,9,7516,2022-04-27,0
2021-05-14,11,7527,2022-04-27,0
2021-05-15,10,7537,2022-04-27,0
2021-05-16,6,7543,2022-04-27,0
2021-05-17,6,7549,2022-04-27,0
2021-05-18,7,7556,2022-04-27,0
2021-05-19,2,7558,2022-04-27,0
2021-05-20,5,7563,2022-04-27,0
2021-05-21,7,7570,2022-04-27,0
2021-05-22,12,7582,2022-04-27,0
2021-05-23,5,7587,2022-04-27,0
2021-05-24,5,7592,2022-04-27,0
2021-05-25,6,7598,2022-04-27,0
2021-05-26,3,7601,2022-04-27,0
2021-05-27,7,7608,2022-04-27,0
2021-05-28,2,7610,2022-04-27,0
2021-05-29,6,7616,2022-04-27,0
2021-05-30,4,7620,2022-04-27,0
2021-05-31,3,7623,2022-04-27,0
2021-06-01,5,7628,2022-04-27,0
2021-06-02,8,7636,2022-04-27,0
2021-06-03,4,7640,2022-04-27,0
2021-06-04,4,7644,2022-04-27,0
2021-06-05,2,7646,2022-04-27,0
2021-06-06,5,7651,2022-04-27,0
2021-06-07,3,7654,2022-04-27,0
2021-06-08,5,7659,2022-04-27,0
2021-06-09,4,7663,2022-04-27,0
2021-06-10,6,7669,2022-04-27,0
2021-06-11,6,7675,2022-04-27,0
2021-06-12,4,7679,2022-04-27,0
2021-06-13,4,7683,2022-04-27,0
2021-06-14,3,7686,2022-04-27,0
2021-06-15,2,7688,2022-04-27,0
2021-06-16,2,7690,2022-04-27,0
2021-06-17,4,7694,2022-04-27,0
2021-06-18,2,7696,2022-04-27,0
2021-06-19,6,7702,2022-04-27,0
2021-06-20,1,7703,2022-04-27,0
2021-06-21,5,7708,2022-04-27,0
2021-06-22,3,7711,2022-04-27,0
2021-06-23,4,7715,2022-04-27,0
2021-06-24,3,7718,2022-04-27,0
2021-06-25,3,7721,2022-04-27,0
2021-06-26,4,7725,2022-04-27,0
2021-06-27,2,7727,2022-04-27,0
2021-06-28,2,7729,2022-04-27,0
2021-06-29,2,7731,2022-04-27,0
2021-06-30,2,7733,2022-04-27,0
2021-07-01,0,7733,2022-04-27,0
2021-07-02,2,7735,2022-04-27,0
2021-07-03,2,7737,2022-04-27,0
2021-07-04,3,7740,2022-04-27,0
2021-07-05,1,7741,2022-04-27,0
2021-07-06,5,7746,2022-04-27,0
2021-07-07,1,7747,2022-04-27,0
2021-07-08,1,7748,2022-04-27,0
2021-07-09,0,7748,2022-04-27,0
2021-07-10,2,7750,2022-04-27,0
2021-07-11,3,7753,2022-04-27,0
2021-07-12,1,7754,2022-04-27,0
2021-07-13,2,7756,2022-04-27,0
2021-07-14,2,7758,2022-04-27,0
2021-07-15,2,7760,2022-04-27,0
2021-07-16,1,7761,2022-04-27,0
2021-07-17,1,7762,2022-04-27,0
2021-07-18,0,7762,2022-04-27,0
2021-07-19,0,7762,2022-04-27,0
2021-07-20,2,7764,2022-04-27,0
2021-07-21,3,7767,2022-04-27,0
2021-07-22,2,7769,2022-04-27,0
2021-07-23,3,7772,2022-04-27,0
2021-07-24,0,7772,2022-04-27,0
2021-07-25,2,7774,2022-04-27,0
2021-07-26,1,7775,2022-04-27,0
2021-07-27,2,7777,2022-04-27,0
2021-07-28,3,7780,2022-04-27,0
2021-07-29,2,7782,2022-04-27,0
2021-07-30,5,7787,2022-04-27,0
2021-07-31,4,7791,2022-04-27,0
2021-08-01,1,7792,2022-04-27,0
2021-08-02,3,7795,2022-04-27,0
2021-08-03,2,7797,2022-04-27,0
2021-08-04,3,7800,2022-04-27,0
2021-08-05,2,7802,2022-04-27,0
2021-08-06,8,7810,2022-04-27,0
2021-08-07,3,7813,2022-04-27,0
2021-08-08,3,7816,2022-04-27,0
2021-08-09,3,7819,2022-04-27,0
2021-08-10,2,7821,2022-04-27,0
2021-08-11,2,7823,2022-04-27,0
2021-08-12,7,7830,2022-04-27,0
2021-08-13,5,7835,2022-04-27,0
2021-08-14,6,7841,2022-04-27,0
2021-08-15,0,7841,2022-04-27,0
2021-08-16,7,7848,2022-04-27,0
2021-08-17,7,7855,2022-04-27,0
2021-08-18,9,7864,2022-04-27,0
2021-08-19,2,7866,2022-04-27,0
2021-08-20,3,7869,2022-04-27,0
2021-08-21,5,7874,2022-04-27,0
2021-08-22,7,7881,2022-04-27,0
2021-08-23,5,7886,2022-04-27,0
2021-08-24,12,7898,2022-04-27,0
2021-08-25,7,7905,2022-04-27,0
2021-08-26,2,7907,2022-04-27,0
2021-08-27,6,7913,2022-04-27,0
2021-08-28,11,7924,2022-04-27,0
2021-08-29,11,7935,2022-04-27,0
2021-08-30,8,7943,2022-04-27,0
2021-08-31,8,7951,2022-04-27,0
2021-09-01,6,7957,2022-04-27,0
2021-09-02,6,7963,2022-04-27,0
2021-09-03,9,7972,2022-04-27,0
2021-09-04,9,7981,2022-04-27,0
2021-09-05,10,7991,2022-04-27,0
2021-09-06,8,7999,2022-04-27,0
2021-09-07,7,8006,2022-04-27,0
2021-09-08,11,8017,2022-04-27,0
2021-09-09,5,8022,2022-04-27,0
2021-09-10,9,8031,2022-04-27,0
2021-09-11,17,8048,2022-04-27,0
2021-09-12,10,8058,2022-04-27,0
2021-09-13,8,8066,2022-04-27,0
2021-09-14,11,8077,2022-04-27,0
2021-09-15,14,8091,2022-04-27,0
2021-09-16,16,8107,2022-04-27,0
2021-09-17,8,8115,2022-04-27,0
2021-09-18,15,8130,2022-04-27,0
2021-09-19,11,8141,2022-04-27,0
2021-09-20,16,8157,2022-04-27,0
2021-09-21,16,8173,2022-04-27,0
2021-09-22,17,8190,2022-04-27,0
2021-09-23,13,8203,2022-04-27,0
2021-09-24,13,8216,2022-04-27,0
2021-09-25,16,8232,2022-04-27,0
2021-09-26,15,8247,2022-04-27,0
2021-09-27,15,8262,2022-04-27,0
2021-09-28,11,8273,2022-04-27,0
2021-09-29,21,8294,2022-04-27,0
2021-09-30,17,8311,2022-04-27,0
2021-10-01,13,8324,2022-04-27,0
2021-10-02,15,8339,2022-04-27,0
2021-10-03,23,8362,2022-04-27,0
2021-10-04,15,8377,2022-04-27,0
2021-10-05,23,8400,2022-04-27,0
2021-10-06,21,8421,2022-04-27,0
2021-10-07,14,8435,2022-04-27,0
2021-10-08,22,8457,2022-04-27,0
2021-10-09,20,8477,2022-04-27,0
2021-10-10,14,8491,2022-04-27,0
2021-10-11,11,8502,2022-04-27,0
2021-10-12,25,8527,2022-04-27,0
2021-10-13,21,8548,2022-04-27,0
2021-10-14,22,8570,2022-04-27,0
2021-10-15,14,8584,2022-04-27,0
2021-10-16,20,8604,2022-04-27,0
2021-10-17,19,8623,2022-04-27,0
2021-10-18,17,8640,2022-04-27,0
2021-10-19,26,8666,2022-04-27,0
2021-10-20,17,8683,2022-04-27,0
2021-10-21,8,8691,2022-04-27,0
2021-10-22,23,8714,2022-04-27,0
2021-10-23,24,8738,2022-04-27,0
2021-10-24,25,8763,2022-04-27,0
2021-10-25,20,8783,2022-04-27,0
2021-10-26,22,8805,2022-04-27,0
2021-10-27,16,8821,2022-04-27,0
2021-10-28,24,8845,2022-04-27,0
2021-10-29,20,8865,2022-04-27,0
2021-10-30,20,8885,2022-04-27,0
2021-10-31,27,8912,2022-04-27,0
2021-11-01,18,8930,2022-04-27,0
2021-11-02,18,8948,2022-04-27,0
2021-11-03,28,8976,2022-04-27,0
2021-11-04,30,9006,2022-04-27,0
2021-11-05,29,9035,2022-04-27,0
2021-11-06,16,9051,2022-04-27,0
2021-11-07,24,9075,2022-04-27,0
2021-11-08,28,9103,2022-04-27,0
2021-11-09,17,9120,2022-04-27,0
2021-11-10,18,9138,2022-04-27,0
2021-11-11,28,9166,2022-04-27,0
2021-11-12,29,9195,2022-04-27,0
2021-11-13,31,9226,2022-04-27,0
2021-11-14,24,9250,2022-04-27,0
2021-11-15,28,9278,2022-04-27,0
2021-11-16,25,9303,2022-04-27,0
2021-11-17,37,9340,2022-04-27,0
2021-11-18,38,9378,2022-04-27,0
2021-11-19,34,9412,2022-04-27,0
2021-11-20,30,9442,2022-04-27,0
2021-11-21,32,9474,2022-04-27,0
2021-11-22,30,9504,2022-04-27,0
2021-11-23,32,9536,2022-04-27,0
2021-11-24,25,9561,2022-04-27,0
2021-11-25,35,9596,2022-04-27,0
2021-11-26,51,9647,2022-04-27,0
2021-11-27,36,9683,2022-04-27,0
2021-11-28,39,9722,2022-04-27,0
2021-11-29,29,9751,2022-04-27,0
2021-11-30,30,9781,2022-04-27,0
2021-12-01,47,9828,2022-04-27,0
2021-12-02,40,9868,2022-04-27,0
2021-12-03,31,9899,2022-04-27,0
2021-12-04,42,9941,2022-04-27,0
2021-12-05,36,9977,2022-04-27,0
2021-12-06,36,10013,2022-04-27,0
2021-12-07,36,10049,2022-04-27,0
2021-12-08,39,10088,2022-04-27,0
2021-12-09,47,10135,2022-04-27,0
2021-12-10,34,10169,2022-04-27,0
2021-12-11,27,10196,2022-04-27,0
2021-12-12,37,10233,2022-04-27,0
2021-12-13,34,10267,2022-04-27,0
2021-12-14,35,10302,2022-04-27,0
2021-12-15,42,10344,2022-04-27,0
2021-12-16,33,10377,2022-04-27,0
2021-12-17,41,10418,2022-04-27,0
2021-12-18,33,10451,2022-04-27,0
2021-12-19,31,10482,2022-04-27,0
2021-12-20,33,10515,2022-04-27,0
2021-12-21,28,10543,2022-04-27,0
2021-12-22,29,10572,2022-04-27,0
2021-12-23,28,10600,2022-04-27,0
2021-12-24,31,10631,2022-04-27,0
2021-12-25,28,10659,2022-04-27,0
2021-12-26,42,10701,2022-04-27,0
2021-12-27,32,10733,2022-04-27,0
2021-12-28,35,10768,2022-04-27,0
2021-12-29,32,10800,2022-04-27,0
2021-12-30,21,10821,2022-04-27,0
2021-12-31,40,10861,2022-04-27,0
2022-01-01,27,10888,2022-04-27,0
2022-01-02,23,10911,2022-04-27,0
2022-01-03,23,10934,2022-04-27,0
2022-01-04,30,10964,2022-04-27,0
2022-01-05,32,10996,2022-04-27,0
2022-01-06,32,11028,2022-04-27,0
2022-01-07,28,11056,2022-04-27,0
2022-01-08,43,11099,2022-04-27,0
2022-01-09,20,11119,2022-04-27,0
2022-01-10,31,11150,2022-04-27,0
2022-01-11,20,11170,2022-04-27,0
2022-01-12,21,11191,2022-04-27,0
2022-01-13,28,11219,2022-04-27,0
2022-01-14,33,11252,2022-04-27,0
2022-01-15,27,11279,2022-04-27,0
2022-01-16,34,11313,2022-04-27,0
2022-01-17,36,11349,2022-04-27,0
2022-01-18,26,11375,2022-04-27,0
2022-01-19,29,11404,2022-04-27,0
2022-01-20,31,11435,2022-04-27,0
2022-01-21,27,11462,2022-04-27,0
2022-01-22,29,11491,2022-04-27,0
2022-01-23,24,11515,2022-04-27,0
2022-01-24,38,11553,2022-04-27,0
2022-01-25,33,11586,2022-04-27,0
2022-01-26,35,11621,2022-04-27,0
2022-01-27,37,11658,2022-04-27,0
2022-01-28,31,11689,2022-04-27,0
2022-01-29,31,11720,2022-04-27,0
2022-01-30,27,11747,2022-04-27,0
2022-01-31,18,11765,2022-04-27,0
2022-02-01,25,11790,2022-04-27,0
2022-02-02,23,11813,2022-04-27,0
2022-02-03,30,11843,2022-04-27,0
2022-02-04,22,11865,2022-04-27,0
2022-02-05,28,11893,2022-04-27,0
2022-02-06,29,11922,2022-04-27,0
2022-02-07,20,11942,2022-04-27,0
2022-02-08,27,11969,2022-04-27,0
2022-02-09,25,11994,2022-04-27,0
2022-02-10,22,12016,2022-04-27,0
2022-02-11,19,12035,2022-04-27,0
2022-02-12,16,12051,2022-04-27,0
2022-02-13,19,12070,2022-04-27,0
2022-02-14,18,12088,2022-04-27,0
2022-02-15,21,12109,2022-04-27,0
2022-02-16,14,12123,2022-04-27,0
2022-02-17,16,12139,2022-04-27,0
2022-02-18,16,12155,2022-04-27,0
2022-02-19,21,12176,2022-04-27,0
2022-02-20,15,12191,2022-04-27,0
2022-02-21,7,12198,2022-04-27,0
2022-02-22,15,12213,2022-04-27,0
2022-02-23,9,12222,2022-04-27,0
2022-02-24,28,12250,2022-04-27,0
2022-02-25,9,12259,2022-04-27,0
2022-02-26,10,12269,2022-04-27,0
2022-02-27,11,12280,2022-04-27,0
2022-02-28,7,12287,2022-04-27,0
2022-03-01,8,12295,2022-04-27,1
2022-03-02,9,12304,2022-04-27,0
2022-03-03,6,12310,2022-04-27,0
2022-03-04,11,12321,2022-04-27,0
2022-03-05,6,12327,2022-04-27,0
2022-03-06,10,12337,2022-04-27,0
2022-03-07,4,12341,2022-04-27,0
2022-03-08,5,12346,2022-04-27,0
2022-03-09,11,12357,2022-04-27,0
2022-03-10,9,12366,2022-04-27,0
2022-03-11,8,12374,2022-04-27,0
2022-03-12,0,12374,2022-04-27,0
2022-03-13,5,12379,2022-04-27,0
2022-03-14,4,12383,2022-04-27,0
2022-03-15,4,12387,2022-04-27,0
2022-03-16,0,12387,2022-04-27,0
2022-03-17,7,12394,2022-04-27,0
2022-03-18,2,12396,2022-04-27,0
2022-03-19,3,12399,2022-04-27,0
2022-03-20,9,12408,2022-04-27,0
2022-03-21,2,12410,2022-04-27,0
2022-03-22,3,12413,2022-04-27,0
2022-03-23,6,12419,2022-04-27,0
2022-03-24,4,12423,2022-04-27,0
2022-03-25,6,12429,2022-04-27,0
2022-03-26,3,12432,2022-04-27,0
2022-03-27,2,12434,2022-04-27,0
2022-03-28,4,12438,2022-04-27,0
2022-03-29,2,12440,2022-04-27,0
2022-03-30,2,12442,2022-04-27,0
2022-03-31,6,12448,2022-04-27,0
2022-04-01,2,12450,2022-04-27,0
2022-04-02,3,12453,2022-04-27,0
2022-04-03,3,12456,2022-04-27,0
2022-04-04,2,12458,2022-04-27,0
2022-04-05,4,12462,2022-04-27,0
2022-04-06,4,12466,2022-04-27,0
2022-04-07,3,12469,2022-04-27,0
2022-04-08,2,12471,2022-04-27,0
2022-04-09,4,12475,2022-04-27,0
2022-04-10,3,12478,2022-04-27,0
2022-04-11,1,12479,2022-04-27,0
2022-04-12,2,12481,2022-04-27,0
2022-04-13,1,12482,2022-04-27,0
2022-04-14,3,12485,2022-04-27,0
2022-04-15,3,12488,2022-04-27,0
2022-04-16,1,12489,2022-04-27,0
2022-04-17,3,12492,2022-04-27,1
2022-04-18,3,12495,2022-04-27,0
2022-04-19,2,12497,2022-04-27,1
2022-04-20,1,12498,2022-04-27,1
2022-04-21,1,12499,2022-04-27,1
NA,0,12499,2022-04-27,0
2020-03-19,1,1,2022-04-28,0
2020-03-20,0,1,2022-04-28,0
2020-03-21,0,1,2022-04-28,0
2020-03-22,0,1,2022-04-28,0
2020-03-23,0,1,2022-04-28,0
2020-03-24,1,2,2022-04-28,0
2020-03-25,1,3,2022-04-28,0
2020-03-26,1,4,2022-04-28,0
2020-03-27,5,9,2022-04-28,0
2020-03-28,3,12,2022-04-28,0
2020-03-29,0,12,2022-04-28,0
2020-03-30,5,17,2022-04-28,0
2020-03-31,2,19,2022-04-28,0
2020-04-01,5,24,2022-04-28,0
2020-04-02,3,27,2022-04-28,0
2020-04-03,1,28,2022-04-28,0
2020-04-04,5,33,2022-04-28,0
2020-04-05,5,38,2022-04-28,0
2020-04-06,10,48,2022-04-28,0
2020-04-07,6,54,2022-04-28,0
2020-04-08,7,61,2022-04-28,0
2020-04-09,8,69,2022-04-28,0
2020-04-10,6,75,2022-04-28,0
2020-04-11,4,79,2022-04-28,0
2020-04-12,4,83,2022-04-28,0
2020-04-13,10,93,2022-04-28,0
2020-04-14,6,99,2022-04-28,0
2020-04-15,17,116,2022-04-28,0
2020-04-16,10,126,2022-04-28,0
2020-04-17,17,143,2022-04-28,0
2020-04-18,17,160,2022-04-28,0
2020-04-19,16,176,2022-04-28,0
2020-04-20,21,197,2022-04-28,0
2020-04-21,26,223,2022-04-28,0
2020-04-22,21,244,2022-04-28,0
2020-04-23,19,263,2022-04-28,0
2020-04-24,23,286,2022-04-28,0
2020-04-25,18,304,2022-04-28,0
2020-04-26,17,321,2022-04-28,0
2020-04-27,21,342,2022-04-28,0
2020-04-28,16,358,2022-04-28,0
2020-04-29,29,387,2022-04-28,0
2020-04-30,18,405,2022-04-28,0
2020-05-01,30,435,2022-04-28,0
2020-05-02,19,454,2022-04-28,0
2020-05-03,29,483,2022-04-28,0
2020-05-04,23,506,2022-04-28,0
2020-05-05,19,525,2022-04-28,0
2020-05-06,25,550,2022-04-28,0
2020-05-07,30,580,2022-04-28,0
2020-05-08,20,600,2022-04-28,0
2020-05-09,26,626,2022-04-28,0
2020-05-10,19,645,2022-04-28,0
2020-05-11,25,670,2022-04-28,0
2020-05-12,20,690,2022-04-28,0
2020-05-13,22,712,2022-04-28,0
2020-05-14,20,732,2022-04-28,0
2020-05-15,20,752,2022-04-28,0
2020-05-16,20,772,2022-04-28,0
2020-05-17,23,795,2022-04-28,0
2020-05-18,18,813,2022-04-28,0
2020-05-19,35,848,2022-04-28,0
2020-05-20,24,872,2022-04-28,0
2020-05-21,17,889,2022-04-28,0
2020-05-22,20,909,2022-04-28,0
2020-05-23,26,935,2022-04-28,0
2020-05-24,25,960,2022-04-28,0
2020-05-25,30,990,2022-04-28,0
2020-05-26,29,1019,2022-04-28,0
2020-05-27,25,1044,2022-04-28,0
2020-05-28,21,1065,2022-04-28,0
2020-05-29,17,1082,2022-04-28,0
2020-05-30,11,1093,2022-04-28,0
2020-05-31,20,1113,2022-04-28,0
2020-06-01,23,1136,2022-04-28,0
2020-06-02,21,1157,2022-04-28,0
2020-06-03,25,1182,2022-04-28,0
2020-06-04,26,1208,2022-04-28,0
2020-06-05,18,1226,2022-04-28,0
2020-06-06,12,1238,2022-04-28,0
2020-06-07,22,1260,2022-04-28,0
2020-06-08,12,1272,2022-04-28,0
2020-06-09,13,1285,2022-04-28,0
2020-06-10,10,1295,2022-04-28,0
2020-06-11,12,1307,2022-04-28,0
2020-06-12,11,1318,2022-04-28,0
2020-06-13,13,1331,2022-04-28,0
2020-06-14,11,1342,2022-04-28,0
2020-06-15,8,1350,2022-04-28,0
2020-06-16,9,1359,2022-04-28,0
2020-06-17,17,1376,2022-04-28,0
2020-06-18,9,1385,2022-04-28,0
2020-06-19,8,1393,2022-04-28,0
2020-06-20,12,1405,2022-04-28,0
2020-06-21,11,1416,2022-04-28,0
2020-06-22,6,1422,2022-04-28,0
2020-06-23,10,1432,2022-04-28,0
2020-06-24,1,1433,2022-04-28,0
2020-06-25,9,1442,2022-04-28,0
2020-06-26,6,1448,2022-04-28,0
2020-06-27,5,1453,2022-04-28,0
2020-06-28,11,1464,2022-04-28,0
2020-06-29,7,1471,2022-04-28,0
2020-06-30,9,1480,2022-04-28,0
2020-07-01,2,1482,2022-04-28,0
2020-07-02,3,1485,2022-04-28,0
2020-07-03,5,1490,2022-04-28,0
2020-07-04,4,1494,2022-04-28,0
2020-07-05,6,1500,2022-04-28,0
2020-07-06,4,1504,2022-04-28,0
2020-07-07,2,1506,2022-04-28,0
2020-07-08,9,1515,2022-04-28,0
2020-07-09,4,1519,2022-04-28,0
2020-07-10,3,1522,2022-04-28,0
2020-07-11,4,1526,2022-04-28,0
2020-07-12,6,1532,2022-04-28,0
2020-07-13,2,1534,2022-04-28,0
2020-07-14,6,1540,2022-04-28,0
2020-07-15,7,1547,2022-04-28,0
2020-07-16,3,1550,2022-04-28,0
2020-07-17,7,1557,2022-04-28,0
2020-07-18,6,1563,2022-04-28,0
2020-07-19,5,1568,2022-04-28,0
2020-07-20,3,1571,2022-04-28,0
2020-07-21,6,1577,2022-04-28,0
2020-07-22,5,1582,2022-04-28,0
2020-07-23,8,1590,2022-04-28,0
2020-07-24,6,1596,2022-04-28,0
2020-07-25,2,1598,2022-04-28,0
2020-07-26,5,1603,2022-04-28,0
2020-07-27,5,1608,2022-04-28,0
2020-07-28,7,1615,2022-04-28,0
2020-07-29,3,1618,2022-04-28,0
2020-07-30,6,1624,2022-04-28,0
2020-07-31,9,1633,2022-04-28,0
2020-08-01,4,1637,2022-04-28,0
2020-08-02,7,1644,2022-04-28,0
2020-08-03,4,1648,2022-04-28,0
2020-08-04,7,1655,2022-04-28,0
2020-08-05,8,1663,2022-04-28,0
2020-08-06,9,1672,2022-04-28,0
2020-08-07,7,1679,2022-04-28,0
2020-08-08,6,1685,2022-04-28,0
2020-08-09,10,1695,2022-04-28,0
2020-08-10,3,1698,2022-04-28,0
2020-08-11,9,1707,2022-04-28,0
2020-08-12,7,1714,2022-04-28,0
2020-08-13,5,1719,2022-04-28,0
2020-08-14,9,1728,2022-04-28,0
2020-08-15,13,1741,2022-04-28,0
2020-08-16,13,1754,2022-04-28,0
2020-08-17,6,1760,2022-04-28,0
2020-08-18,11,1771,2022-04-28,0
2020-08-19,3,1774,2022-04-28,0
2020-08-20,10,1784,2022-04-28,0
2020-08-21,12,1796,2022-04-28,0
2020-08-22,9,1805,2022-04-28,0
2020-08-23,7,1812,2022-04-28,0
2020-08-24,9,1821,2022-04-28,0
2020-08-25,4,1825,2022-04-28,0
2020-08-26,3,1828,2022-04-28,0
2020-08-27,7,1835,2022-04-28,0
2020-08-28,6,1841,2022-04-28,0
2020-08-29,3,1844,2022-04-28,0
2020-08-30,5,1849,2022-04-28,0
2020-08-31,9,1858,2022-04-28,0
2020-09-01,2,1860,2022-04-28,0
2020-09-02,7,1867,2022-04-28,0
2020-09-03,12,1879,2022-04-28,0
2020-09-04,4,1883,2022-04-28,0
2020-09-05,6,1889,2022-04-28,0
2020-09-06,12,1901,2022-04-28,0
2020-09-07,3,1904,2022-04-28,0
2020-09-08,6,1910,2022-04-28,0
2020-09-09,10,1920,2022-04-28,0
2020-09-10,9,1929,2022-04-28,0
2020-09-11,11,1940,2022-04-28,0
2020-09-12,8,1948,2022-04-28,0
2020-09-13,8,1956,2022-04-28,0
2020-09-14,2,1958,2022-04-28,0
2020-09-15,7,1965,2022-04-28,0
2020-09-16,9,1974,2022-04-28,0
2020-09-17,5,1979,2022-04-28,0
2020-09-18,6,1985,2022-04-28,0
2020-09-19,4,1989,2022-04-28,0
2020-09-20,9,1998,2022-04-28,0
2020-09-21,7,2005,2022-04-28,0
2020-09-22,8,2013,2022-04-28,0
2020-09-23,9,2022,2022-04-28,0
2020-09-24,8,2030,2022-04-28,0
2020-09-25,11,2041,2022-04-28,0
2020-09-26,9,2050,2022-04-28,0
2020-09-27,14,2064,2022-04-28,0
2020-09-28,11,2075,2022-04-28,0
2020-09-29,5,2080,2022-04-28,0
2020-09-30,16,2096,2022-04-28,0
2020-10-01,7,2103,2022-04-28,0
2020-10-02,13,2116,2022-04-28,0
2020-10-03,9,2125,2022-04-28,0
2020-10-04,7,2132,2022-04-28,0
2020-10-05,10,2142,2022-04-28,0
2020-10-06,13,2155,2022-04-28,0
2020-10-07,19,2174,2022-04-28,0
2020-10-08,9,2183,2022-04-28,0
2020-10-09,17,2200,2022-04-28,0
2020-10-10,16,2216,2022-04-28,0
2020-10-11,16,2232,2022-04-28,0
2020-10-12,20,2252,2022-04-28,0
2020-10-13,14,2266,2022-04-28,0
2020-10-14,10,2276,2022-04-28,0
2020-10-15,9,2285,2022-04-28,0
2020-10-16,12,2297,2022-04-28,0
2020-10-17,18,2315,2022-04-28,0
2020-10-18,25,2340,2022-04-28,0
2020-10-19,18,2358,2022-04-28,0
2020-10-20,15,2373,2022-04-28,0
2020-10-21,24,2397,2022-04-28,0
2020-10-22,18,2415,2022-04-28,0
2020-10-23,19,2434,2022-04-28,0
2020-10-24,8,2442,2022-04-28,0
2020-10-25,17,2459,2022-04-28,0
2020-10-26,25,2484,2022-04-28,0
2020-10-27,23,2507,2022-04-28,0
2020-10-28,29,2536,2022-04-28,0
2020-10-29,18,2554,2022-04-28,0
2020-10-30,27,2581,2022-04-28,0
2020-10-31,25,2606,2022-04-28,0
2020-11-01,21,2627,2022-04-28,0
2020-11-02,25,2652,2022-04-28,0
2020-11-03,25,2677,2022-04-28,0
2020-11-04,33,2710,2022-04-28,0
2020-11-05,38,2748,2022-04-28,0
2020-11-06,39,2787,2022-04-28,0
2020-11-07,42,2829,2022-04-28,0
2020-11-08,47,2876,2022-04-28,0
2020-11-09,37,2913,2022-04-28,0
2020-11-10,35,2948,2022-04-28,0
2020-11-11,43,2991,2022-04-28,0
2020-11-12,45,3036,2022-04-28,0
2020-11-13,39,3075,2022-04-28,0
2020-11-14,48,3123,2022-04-28,0
2020-11-15,46,3169,2022-04-28,0
2020-11-16,62,3231,2022-04-28,0
2020-11-17,56,3287,2022-04-28,0
2020-11-18,61,3348,2022-04-28,0
2020-11-19,60,3408,2022-04-28,0
2020-11-20,63,3471,2022-04-28,0
2020-11-21,58,3529,2022-04-28,0
2020-11-22,67,3596,2022-04-28,0
2020-11-23,59,3655,2022-04-28,0
2020-11-24,69,3724,2022-04-28,0
2020-11-25,72,3796,2022-04-28,0
2020-11-26,54,3850,2022-04-28,0
2020-11-27,69,3919,2022-04-28,0
2020-11-28,62,3981,2022-04-28,0
2020-11-29,68,4049,2022-04-28,0
2020-11-30,62,4111,2022-04-28,0
2020-12-01,64,4175,2022-04-28,0
2020-12-02,73,4248,2022-04-28,0
2020-12-03,86,4334,2022-04-28,0
2020-12-04,67,4401,2022-04-28,0
2020-12-05,74,4475,2022-04-28,0
2020-12-06,80,4555,2022-04-28,0
2020-12-07,75,4630,2022-04-28,0
2020-12-08,61,4691,2022-04-28,0
2020-12-09,71,4762,2022-04-28,0
2020-12-10,72,4834,2022-04-28,0
2020-12-11,71,4905,2022-04-28,0
2020-12-12,72,4977,2022-04-28,0
2020-12-13,56,5033,2022-04-28,0
2020-12-14,43,5076,2022-04-28,0
2020-12-15,65,5141,2022-04-28,0
2020-12-16,74,5215,2022-04-28,0
2020-12-17,60,5275,2022-04-28,0
2020-12-18,59,5334,2022-04-28,0
2020-12-19,56,5390,2022-04-28,0
2020-12-20,61,5451,2022-04-28,0
2020-12-21,58,5509,2022-04-28,0
2020-12-22,33,5542,2022-04-28,0
2020-12-23,46,5588,2022-04-28,0
2020-12-24,51,5639,2022-04-28,0
2020-12-25,36,5675,2022-04-28,0
2020-12-26,43,5718,2022-04-28,0
2020-12-27,41,5759,2022-04-28,0
2020-12-28,34,5793,2022-04-28,0
2020-12-29,37,5830,2022-04-28,0
2020-12-30,47,5877,2022-04-28,0
2020-12-31,36,5913,2022-04-28,0
2021-01-01,28,5941,2022-04-28,0
2021-01-02,49,5990,2022-04-28,0
2021-01-03,37,6027,2022-04-28,0
2021-01-04,32,6059,2022-04-28,0
2021-01-05,40,6099,2022-04-28,0
2021-01-06,32,6131,2022-04-28,0
2021-01-07,38,6169,2022-04-28,0
2021-01-08,32,6201,2022-04-28,0
2021-01-09,26,6227,2022-04-28,0
2021-01-10,30,6257,2022-04-28,0
2021-01-11,27,6284,2022-04-28,0
2021-01-12,32,6316,2022-04-28,0
2021-01-13,23,6339,2022-04-28,0
2021-01-14,42,6381,2022-04-28,0
2021-01-15,26,6407,2022-04-28,0
2021-01-16,30,6437,2022-04-28,0
2021-01-17,21,6458,2022-04-28,0
2021-01-18,19,6477,2022-04-28,0
2021-01-19,14,6491,2022-04-28,0
2021-01-20,26,6517,2022-04-28,0
2021-01-21,16,6533,2022-04-28,0
2021-01-22,14,6547,2022-04-28,0
2021-01-23,17,6564,2022-04-28,0
2021-01-24,24,6588,2022-04-28,0
2021-01-25,19,6607,2022-04-28,0
2021-01-26,21,6628,2022-04-28,0
2021-01-27,11,6639,2022-04-28,0
2021-01-28,12,6651,2022-04-28,0
2021-01-29,15,6666,2022-04-28,0
2021-01-30,13,6679,2022-04-28,0
2021-01-31,17,6696,2022-04-28,0
2021-02-01,17,6713,2022-04-28,0
2021-02-02,10,6723,2022-04-28,0
2021-02-03,11,6734,2022-04-28,0
2021-02-04,11,6745,2022-04-28,0
2021-02-05,13,6758,2022-04-28,0
2021-02-06,12,6770,2022-04-28,0
2021-02-07,19,6789,2022-04-28,0
2021-02-08,11,6800,2022-04-28,0
2021-02-09,15,6815,2022-04-28,0
2021-02-10,14,6829,2022-04-28,0
2021-02-11,7,6836,2022-04-28,0
2021-02-12,14,6850,2022-04-28,0
2021-02-13,8,6858,2022-04-28,0
2021-02-14,10,6868,2022-04-28,0
2021-02-15,9,6877,2022-04-28,0
2021-02-16,12,6889,2022-04-28,0
2021-02-17,10,6899,2022-04-28,0
2021-02-18,7,6906,2022-04-28,0
2021-02-19,6,6912,2022-04-28,0
2021-02-20,7,6919,2022-04-28,0
2021-02-21,4,6923,2022-04-28,0
2021-02-22,5,6928,2022-04-28,0
2021-02-23,9,6937,2022-04-28,0
2021-02-24,5,6942,2022-04-28,0
2021-02-25,5,6947,2022-04-28,0
2021-02-26,7,6954,2022-04-28,0
2021-02-27,6,6960,2022-04-28,0
2021-02-28,8,6968,2022-04-28,0
2021-03-01,7,6975,2022-04-28,0
2021-03-02,3,6978,2022-04-28,0
2021-03-03,10,6988,2022-04-28,0
2021-03-04,6,6994,2022-04-28,0
2021-03-05,10,7004,2022-04-28,0
2021-03-06,5,7009,2022-04-28,0
2021-03-07,9,7018,2022-04-28,0
2021-03-08,5,7023,2022-04-28,0
2021-03-09,7,7030,2022-04-28,0
2021-03-10,5,7035,2022-04-28,0
2021-03-11,4,7039,2022-04-28,0
2021-03-12,11,7050,2022-04-28,0
2021-03-13,5,7055,2022-04-28,0
2021-03-14,5,7060,2022-04-28,0
2021-03-15,2,7062,2022-04-28,0
2021-03-16,6,7068,2022-04-28,0
2021-03-17,4,7072,2022-04-28,0
2021-03-18,5,7077,2022-04-28,0
2021-03-19,5,7082,2022-04-28,0
2021-03-20,9,7091,2022-04-28,0
2021-03-21,5,7096,2022-04-28,0
2021-03-22,4,7100,2022-04-28,0
2021-03-23,5,7105,2022-04-28,0
2021-03-24,1,7106,2022-04-28,0
2021-03-25,5,7111,2022-04-28,0
2021-03-26,3,7114,2022-04-28,0
2021-03-27,7,7121,2022-04-28,0
2021-03-28,6,7127,2022-04-28,0
2021-03-29,5,7132,2022-04-28,0
2021-03-30,6,7138,2022-04-28,0
2021-03-31,8,7146,2022-04-28,0
2021-04-01,6,7152,2022-04-28,0
2021-04-02,9,7161,2022-04-28,0
2021-04-03,8,7169,2022-04-28,0
2021-04-04,6,7175,2022-04-28,0
2021-04-05,8,7183,2022-04-28,0
2021-04-06,7,7190,2022-04-28,0
2021-04-07,6,7196,2022-04-28,0
2021-04-08,10,7206,2022-04-28,0
2021-04-09,7,7213,2022-04-28,0
2021-04-10,7,7220,2022-04-28,0
2021-04-11,8,7228,2022-04-28,0
2021-04-12,10,7238,2022-04-28,0
2021-04-13,7,7245,2022-04-28,0
2021-04-14,8,7253,2022-04-28,0
2021-04-15,14,7267,2022-04-28,0
2021-04-16,8,7275,2022-04-28,0
2021-04-17,8,7283,2022-04-28,0
2021-04-18,8,7291,2022-04-28,0
2021-04-19,10,7301,2022-04-28,0
2021-04-20,5,7306,2022-04-28,0
2021-04-21,8,7314,2022-04-28,0
2021-04-22,3,7317,2022-04-28,0
2021-04-23,15,7332,2022-04-28,0
2021-04-24,11,7343,2022-04-28,0
2021-04-25,15,7358,2022-04-28,0
2021-04-26,15,7373,2022-04-28,0
2021-04-27,7,7380,2022-04-28,0
2021-04-28,14,7394,2022-04-28,0
2021-04-29,8,7402,2022-04-28,0
2021-04-30,11,7413,2022-04-28,0
2021-05-01,7,7420,2022-04-28,0
2021-05-02,8,7428,2022-04-28,0
2021-05-03,5,7433,2022-04-28,0
2021-05-04,13,7446,2022-04-28,0
2021-05-05,9,7455,2022-04-28,0
2021-05-06,5,7460,2022-04-28,0
2021-05-07,8,7468,2022-04-28,0
2021-05-08,7,7475,2022-04-28,0
2021-05-09,9,7484,2022-04-28,0
2021-05-10,8,7492,2022-04-28,0
2021-05-11,6,7498,2022-04-28,0
2021-05-12,9,7507,2022-04-28,0
2021-05-13,9,7516,2022-04-28,0
2021-05-14,11,7527,2022-04-28,0
2021-05-15,10,7537,2022-04-28,0
2021-05-16,6,7543,2022-04-28,0
2021-05-17,6,7549,2022-04-28,0
2021-05-18,7,7556,2022-04-28,0
2021-05-19,2,7558,2022-04-28,0
2021-05-20,5,7563,2022-04-28,0
2021-05-21,7,7570,2022-04-28,0
2021-05-22,12,7582,2022-04-28,0
2021-05-23,5,7587,2022-04-28,0
2021-05-24,5,7592,2022-04-28,0
2021-05-25,6,7598,2022-04-28,0
2021-05-26,3,7601,2022-04-28,0
2021-05-27,7,7608,2022-04-28,0
2021-05-28,2,7610,2022-04-28,0
2021-05-29,6,7616,2022-04-28,0
2021-05-30,4,7620,2022-04-28,0
2021-05-31,3,7623,2022-04-28,0
2021-06-01,5,7628,2022-04-28,0
2021-06-02,8,7636,2022-04-28,0
2021-06-03,4,7640,2022-04-28,0
2021-06-04,4,7644,2022-04-28,0
2021-06-05,2,7646,2022-04-28,0
2021-06-06,5,7651,2022-04-28,0
2021-06-07,3,7654,2022-04-28,0
2021-06-08,5,7659,2022-04-28,0
2021-06-09,4,7663,2022-04-28,0
2021-06-10,6,7669,2022-04-28,0
2021-06-11,6,7675,2022-04-28,0
2021-06-12,4,7679,2022-04-28,0
2021-06-13,4,7683,2022-04-28,0
2021-06-14,3,7686,2022-04-28,0
2021-06-15,2,7688,2022-04-28,0
2021-06-16,2,7690,2022-04-28,0
2021-06-17,4,7694,2022-04-28,0
2021-06-18,2,7696,2022-04-28,0
2021-06-19,6,7702,2022-04-28,0
2021-06-20,1,7703,2022-04-28,0
2021-06-21,5,7708,2022-04-28,0
2021-06-22,3,7711,2022-04-28,0
2021-06-23,4,7715,2022-04-28,0
2021-06-24,3,7718,2022-04-28,0
2021-06-25,3,7721,2022-04-28,0
2021-06-26,4,7725,2022-04-28,0
2021-06-27,2,7727,2022-04-28,0
2021-06-28,2,7729,2022-04-28,0
2021-06-29,2,7731,2022-04-28,0
2021-06-30,2,7733,2022-04-28,0
2021-07-01,0,7733,2022-04-28,0
2021-07-02,2,7735,2022-04-28,0
2021-07-03,2,7737,2022-04-28,0
2021-07-04,3,7740,2022-04-28,0
2021-07-05,1,7741,2022-04-28,0
2021-07-06,5,7746,2022-04-28,0
2021-07-07,1,7747,2022-04-28,0
2021-07-08,1,7748,2022-04-28,0
2021-07-09,0,7748,2022-04-28,0
2021-07-10,2,7750,2022-04-28,0
2021-07-11,3,7753,2022-04-28,0
2021-07-12,1,7754,2022-04-28,0
2021-07-13,2,7756,2022-04-28,0
2021-07-14,2,7758,2022-04-28,0
2021-07-15,2,7760,2022-04-28,0
2021-07-16,1,7761,2022-04-28,0
2021-07-17,1,7762,2022-04-28,0
2021-07-18,0,7762,2022-04-28,0
2021-07-19,0,7762,2022-04-28,0
2021-07-20,2,7764,2022-04-28,0
2021-07-21,3,7767,2022-04-28,0
2021-07-22,2,7769,2022-04-28,0
2021-07-23,3,7772,2022-04-28,0
2021-07-24,0,7772,2022-04-28,0
2021-07-25,2,7774,2022-04-28,0
2021-07-26,1,7775,2022-04-28,0
2021-07-27,2,7777,2022-04-28,0
2021-07-28,3,7780,2022-04-28,0
2021-07-29,2,7782,2022-04-28,0
2021-07-30,5,7787,2022-04-28,0
2021-07-31,4,7791,2022-04-28,0
2021-08-01,1,7792,2022-04-28,0
2021-08-02,3,7795,2022-04-28,0
2021-08-03,2,7797,2022-04-28,0
2021-08-04,3,7800,2022-04-28,0
2021-08-05,2,7802,2022-04-28,0
2021-08-06,8,7810,2022-04-28,0
2021-08-07,3,7813,2022-04-28,0
2021-08-08,3,7816,2022-04-28,0
2021-08-09,3,7819,2022-04-28,0
2021-08-10,2,7821,2022-04-28,0
2021-08-11,2,7823,2022-04-28,0
2021-08-12,7,7830,2022-04-28,0
2021-08-13,5,7835,2022-04-28,0
2021-08-14,6,7841,2022-04-28,0
2021-08-15,0,7841,2022-04-28,0
2021-08-16,7,7848,2022-04-28,0
2021-08-17,7,7855,2022-04-28,0
2021-08-18,9,7864,2022-04-28,0
2021-08-19,2,7866,2022-04-28,0
2021-08-20,3,7869,2022-04-28,0
2021-08-21,5,7874,2022-04-28,0
2021-08-22,7,7881,2022-04-28,0
2021-08-23,5,7886,2022-04-28,0
2021-08-24,12,7898,2022-04-28,0
2021-08-25,7,7905,2022-04-28,0
2021-08-26,2,7907,2022-04-28,0
2021-08-27,6,7913,2022-04-28,0
2021-08-28,11,7924,2022-04-28,0
2021-08-29,11,7935,2022-04-28,0
2021-08-30,8,7943,2022-04-28,0
2021-08-31,8,7951,2022-04-28,0
2021-09-01,6,7957,2022-04-28,0
2021-09-02,6,7963,2022-04-28,0
2021-09-03,9,7972,2022-04-28,0
2021-09-04,9,7981,2022-04-28,0
2021-09-05,10,7991,2022-04-28,0
2021-09-06,8,7999,2022-04-28,0
2021-09-07,7,8006,2022-04-28,0
2021-09-08,11,8017,2022-04-28,0
2021-09-09,5,8022,2022-04-28,0
2021-09-10,9,8031,2022-04-28,0
2021-09-11,17,8048,2022-04-28,0
2021-09-12,10,8058,2022-04-28,0
2021-09-13,8,8066,2022-04-28,0
2021-09-14,11,8077,2022-04-28,0
2021-09-15,14,8091,2022-04-28,0
2021-09-16,16,8107,2022-04-28,0
2021-09-17,8,8115,2022-04-28,0
2021-09-18,15,8130,2022-04-28,0
2021-09-19,11,8141,2022-04-28,0
2021-09-20,16,8157,2022-04-28,0
2021-09-21,16,8173,2022-04-28,0
2021-09-22,17,8190,2022-04-28,0
2021-09-23,13,8203,2022-04-28,0
2021-09-24,13,8216,2022-04-28,0
2021-09-25,16,8232,2022-04-28,0
2021-09-26,15,8247,2022-04-28,0
2021-09-27,15,8262,2022-04-28,0
2021-09-28,11,8273,2022-04-28,0
2021-09-29,21,8294,2022-04-28,0
2021-09-30,17,8311,2022-04-28,0
2021-10-01,13,8324,2022-04-28,0
2021-10-02,15,8339,2022-04-28,0
2021-10-03,23,8362,2022-04-28,0
2021-10-04,15,8377,2022-04-28,0
2021-10-05,23,8400,2022-04-28,0
2021-10-06,21,8421,2022-04-28,0
2021-10-07,14,8435,2022-04-28,0
2021-10-08,22,8457,2022-04-28,0
2021-10-09,20,8477,2022-04-28,0
2021-10-10,14,8491,2022-04-28,0
2021-10-11,11,8502,2022-04-28,0
2021-10-12,25,8527,2022-04-28,0
2021-10-13,21,8548,2022-04-28,0
2021-10-14,22,8570,2022-04-28,0
2021-10-15,14,8584,2022-04-28,0
2021-10-16,20,8604,2022-04-28,0
2021-10-17,19,8623,2022-04-28,0
2021-10-18,17,8640,2022-04-28,0
2021-10-19,26,8666,2022-04-28,0
2021-10-20,17,8683,2022-04-28,0
2021-10-21,8,8691,2022-04-28,0
2021-10-22,23,8714,2022-04-28,0
2021-10-23,24,8738,2022-04-28,0
2021-10-24,25,8763,2022-04-28,0
2021-10-25,20,8783,2022-04-28,0
2021-10-26,22,8805,2022-04-28,0
2021-10-27,16,8821,2022-04-28,0
2021-10-28,24,8845,2022-04-28,0
2021-10-29,20,8865,2022-04-28,0
2021-10-30,20,8885,2022-04-28,0
2021-10-31,27,8912,2022-04-28,0
2021-11-01,18,8930,2022-04-28,0
2021-11-02,18,8948,2022-04-28,0
2021-11-03,28,8976,2022-04-28,0
2021-11-04,30,9006,2022-04-28,0
2021-11-05,29,9035,2022-04-28,0
2021-11-06,16,9051,2022-04-28,0
2021-11-07,24,9075,2022-04-28,0
2021-11-08,28,9103,2022-04-28,0
2021-11-09,17,9120,2022-04-28,0
2021-11-10,18,9138,2022-04-28,0
2021-11-11,28,9166,2022-04-28,0
2021-11-12,29,9195,2022-04-28,0
2021-11-13,31,9226,2022-04-28,0
2021-11-14,24,9250,2022-04-28,0
2021-11-15,28,9278,2022-04-28,0
2021-11-16,25,9303,2022-04-28,0
2021-11-17,37,9340,2022-04-28,0
2021-11-18,38,9378,2022-04-28,0
2021-11-19,34,9412,2022-04-28,0
2021-11-20,30,9442,2022-04-28,0
2021-11-21,32,9474,2022-04-28,0
2021-11-22,30,9504,2022-04-28,0
2021-11-23,32,9536,2022-04-28,0
2021-11-24,25,9561,2022-04-28,0
2021-11-25,35,9596,2022-04-28,0
2021-11-26,51,9647,2022-04-28,0
2021-11-27,36,9683,2022-04-28,0
2021-11-28,39,9722,2022-04-28,0
2021-11-29,29,9751,2022-04-28,0
2021-11-30,30,9781,2022-04-28,0
2021-12-01,47,9828,2022-04-28,0
2021-12-02,40,9868,2022-04-28,0
2021-12-03,31,9899,2022-04-28,0
2021-12-04,42,9941,2022-04-28,0
2021-12-05,36,9977,2022-04-28,0
2021-12-06,36,10013,2022-04-28,0
2021-12-07,36,10049,2022-04-28,0
2021-12-08,39,10088,2022-04-28,0
2021-12-09,47,10135,2022-04-28,0
2021-12-10,34,10169,2022-04-28,0
2021-12-11,27,10196,2022-04-28,0
2021-12-12,37,10233,2022-04-28,0
2021-12-13,34,10267,2022-04-28,0
2021-12-14,35,10302,2022-04-28,0
2021-12-15,42,10344,2022-04-28,0
2021-12-16,33,10377,2022-04-28,0
2021-12-17,41,10418,2022-04-28,0
2021-12-18,33,10451,2022-04-28,0
2021-12-19,31,10482,2022-04-28,0
2021-12-20,33,10515,2022-04-28,0
2021-12-21,28,10543,2022-04-28,0
2021-12-22,29,10572,2022-04-28,0
2021-12-23,28,10600,2022-04-28,0
2021-12-24,31,10631,2022-04-28,0
2021-12-25,28,10659,2022-04-28,0
2021-12-26,42,10701,2022-04-28,0
2021-12-27,32,10733,2022-04-28,0
2021-12-28,35,10768,2022-04-28,0
2021-12-29,32,10800,2022-04-28,0
2021-12-30,21,10821,2022-04-28,0
2021-12-31,40,10861,2022-04-28,0
2022-01-01,27,10888,2022-04-28,0
2022-01-02,23,10911,2022-04-28,0
2022-01-03,23,10934,2022-04-28,0
2022-01-04,30,10964,2022-04-28,0
2022-01-05,32,10996,2022-04-28,0
2022-01-06,32,11028,2022-04-28,0
2022-01-07,28,11056,2022-04-28,0
2022-01-08,43,11099,2022-04-28,0
2022-01-09,20,11119,2022-04-28,0
2022-01-10,31,11150,2022-04-28,0
2022-01-11,20,11170,2022-04-28,0
2022-01-12,21,11191,2022-04-28,0
2022-01-13,28,11219,2022-04-28,0
2022-01-14,33,11252,2022-04-28,0
2022-01-15,27,11279,2022-04-28,0
2022-01-16,34,11313,2022-04-28,0
2022-01-17,36,11349,2022-04-28,0
2022-01-18,26,11375,2022-04-28,0
2022-01-19,29,11404,2022-04-28,0
2022-01-20,31,11435,2022-04-28,0
2022-01-21,27,11462,2022-04-28,0
2022-01-22,29,11491,2022-04-28,0
2022-01-23,24,11515,2022-04-28,0
2022-01-24,38,11553,2022-04-28,0
2022-01-25,33,11586,2022-04-28,0
2022-01-26,35,11621,2022-04-28,0
2022-01-27,37,11658,2022-04-28,0
2022-01-28,31,11689,2022-04-28,0
2022-01-29,31,11720,2022-04-28,0
2022-01-30,27,11747,2022-04-28,0
2022-01-31,18,11765,2022-04-28,0
2022-02-01,25,11790,2022-04-28,0
2022-02-02,23,11813,2022-04-28,0
2022-02-03,30,11843,2022-04-28,0
2022-02-04,22,11865,2022-04-28,0
2022-02-05,28,11893,2022-04-28,0
2022-02-06,29,11922,2022-04-28,0
2022-02-07,20,11942,2022-04-28,0
2022-02-08,27,11969,2022-04-28,0
2022-02-09,25,11994,2022-04-28,0
2022-02-10,22,12016,2022-04-28,0
2022-02-11,19,12035,2022-04-28,0
2022-02-12,16,12051,2022-04-28,0
2022-02-13,19,12070,2022-04-28,0
2022-02-14,18,12088,2022-04-28,0
2022-02-15,21,12109,2022-04-28,0
2022-02-16,14,12123,2022-04-28,0
2022-02-17,16,12139,2022-04-28,0
2022-02-18,17,12156,2022-04-28,1
2022-02-19,21,12177,2022-04-28,0
2022-02-20,15,12192,2022-04-28,0
2022-02-21,7,12199,2022-04-28,0
2022-02-22,15,12214,2022-04-28,0
2022-02-23,9,12223,2022-04-28,0
2022-02-24,28,12251,2022-04-28,0
2022-02-25,9,12260,2022-04-28,0
2022-02-26,10,12270,2022-04-28,0
2022-02-27,11,12281,2022-04-28,0
2022-02-28,7,12288,2022-04-28,0
2022-03-01,8,12296,2022-04-28,0
2022-03-02,9,12305,2022-04-28,0
2022-03-03,6,12311,2022-04-28,0
2022-03-04,11,12322,2022-04-28,0
2022-03-05,6,12328,2022-04-28,0
2022-03-06,10,12338,2022-04-28,0
2022-03-07,4,12342,2022-04-28,0
2022-03-08,5,12347,2022-04-28,0
2022-03-09,11,12358,2022-04-28,0
2022-03-10,9,12367,2022-04-28,0
2022-03-11,8,12375,2022-04-28,0
2022-03-12,0,12375,2022-04-28,0
2022-03-13,5,12380,2022-04-28,0
2022-03-14,4,12384,2022-04-28,0
2022-03-15,4,12388,2022-04-28,0
2022-03-16,0,12388,2022-04-28,0
2022-03-17,7,12395,2022-04-28,0
2022-03-18,2,12397,2022-04-28,0
2022-03-19,3,12400,2022-04-28,0
2022-03-20,9,12409,2022-04-28,0
2022-03-21,2,12411,2022-04-28,0
2022-03-22,3,12414,2022-04-28,0
2022-03-23,6,12420,2022-04-28,0
2022-03-24,4,12424,2022-04-28,0
2022-03-25,6,12430,2022-04-28,0
2022-03-26,3,12433,2022-04-28,0
2022-03-27,2,12435,2022-04-28,0
2022-03-28,4,12439,2022-04-28,0
2022-03-29,2,12441,2022-04-28,0
2022-03-30,2,12443,2022-04-28,0
2022-03-31,6,12449,2022-04-28,0
2022-04-01,2,12451,2022-04-28,0
2022-04-02,3,12454,2022-04-28,0
2022-04-03,3,12457,2022-04-28,0
2022-04-04,2,12459,2022-04-28,0
2022-04-05,4,12463,2022-04-28,0
2022-04-06,4,12467,2022-04-28,0
2022-04-07,3,12470,2022-04-28,0
2022-04-08,2,12472,2022-04-28,0
2022-04-09,4,12476,2022-04-28,0
2022-04-10,3,12479,2022-04-28,0
2022-04-11,1,12480,2022-04-28,0
2022-04-12,2,12482,2022-04-28,0
2022-04-13,1,12483,2022-04-28,0
2022-04-14,3,12486,2022-04-28,0
2022-04-15,3,12489,2022-04-28,0
2022-04-16,1,12490,2022-04-28,0
2022-04-17,3,12493,2022-04-28,0
2022-04-18,3,12496,2022-04-28,0
2022-04-19,2,12498,2022-04-28,0
2022-04-20,2,12500,2022-04-28,1
2022-04-21,1,12501,2022-04-28,0
2022-04-22,1,12502,2022-04-28,1
2022-04-23,1,12503,2022-04-28,1
NA,0,12503,2022-04-28,0
2020-03-19,1,1,2022-04-29,0
2020-03-20,0,1,2022-04-29,0
2020-03-21,0,1,2022-04-29,0
2020-03-22,0,1,2022-04-29,0
2020-03-23,0,1,2022-04-29,0
2020-03-24,1,2,2022-04-29,0
2020-03-25,1,3,2022-04-29,0
2020-03-26,1,4,2022-04-29,0
2020-03-27,5,9,2022-04-29,0
2020-03-28,3,12,2022-04-29,0
2020-03-29,0,12,2022-04-29,0
2020-03-30,5,17,2022-04-29,0
2020-03-31,2,19,2022-04-29,0
2020-04-01,5,24,2022-04-29,0
2020-04-02,3,27,2022-04-29,0
2020-04-03,1,28,2022-04-29,0
2020-04-04,5,33,2022-04-29,0
2020-04-05,5,38,2022-04-29,0
2020-04-06,10,48,2022-04-29,0
2020-04-07,6,54,2022-04-29,0
2020-04-08,7,61,2022-04-29,0
2020-04-09,8,69,2022-04-29,0
2020-04-10,6,75,2022-04-29,0
2020-04-11,4,79,2022-04-29,0
2020-04-12,4,83,2022-04-29,0
2020-04-13,10,93,2022-04-29,0
2020-04-14,6,99,2022-04-29,0
2020-04-15,17,116,2022-04-29,0
2020-04-16,10,126,2022-04-29,0
2020-04-17,17,143,2022-04-29,0
2020-04-18,17,160,2022-04-29,0
2020-04-19,16,176,2022-04-29,0
2020-04-20,21,197,2022-04-29,0
2020-04-21,26,223,2022-04-29,0
2020-04-22,21,244,2022-04-29,0
2020-04-23,19,263,2022-04-29,0
2020-04-24,23,286,2022-04-29,0
2020-04-25,18,304,2022-04-29,0
2020-04-26,17,321,2022-04-29,0
2020-04-27,21,342,2022-04-29,0
2020-04-28,16,358,2022-04-29,0
2020-04-29,29,387,2022-04-29,0
2020-04-30,18,405,2022-04-29,0
2020-05-01,30,435,2022-04-29,0
2020-05-02,19,454,2022-04-29,0
2020-05-03,29,483,2022-04-29,0
2020-05-04,23,506,2022-04-29,0
2020-05-05,19,525,2022-04-29,0
2020-05-06,25,550,2022-04-29,0
2020-05-07,30,580,2022-04-29,0
2020-05-08,20,600,2022-04-29,0
2020-05-09,26,626,2022-04-29,0
2020-05-10,19,645,2022-04-29,0
2020-05-11,25,670,2022-04-29,0
2020-05-12,20,690,2022-04-29,0
2020-05-13,22,712,2022-04-29,0
2020-05-14,20,732,2022-04-29,0
2020-05-15,20,752,2022-04-29,0
2020-05-16,20,772,2022-04-29,0
2020-05-17,23,795,2022-04-29,0
2020-05-18,18,813,2022-04-29,0
2020-05-19,35,848,2022-04-29,0
2020-05-20,24,872,2022-04-29,0
2020-05-21,17,889,2022-04-29,0
2020-05-22,20,909,2022-04-29,0
2020-05-23,26,935,2022-04-29,0
2020-05-24,25,960,2022-04-29,0
2020-05-25,30,990,2022-04-29,0
2020-05-26,29,1019,2022-04-29,0
2020-05-27,25,1044,2022-04-29,0
2020-05-28,21,1065,2022-04-29,0
2020-05-29,17,1082,2022-04-29,0
2020-05-30,11,1093,2022-04-29,0
2020-05-31,20,1113,2022-04-29,0
2020-06-01,23,1136,2022-04-29,0
2020-06-02,21,1157,2022-04-29,0
2020-06-03,25,1182,2022-04-29,0
2020-06-04,26,1208,2022-04-29,0
2020-06-05,18,1226,2022-04-29,0
2020-06-06,12,1238,2022-04-29,0
2020-06-07,22,1260,2022-04-29,0
2020-06-08,12,1272,2022-04-29,0
2020-06-09,13,1285,2022-04-29,0
2020-06-10,10,1295,2022-04-29,0
2020-06-11,12,1307,2022-04-29,0
2020-06-12,11,1318,2022-04-29,0
2020-06-13,13,1331,2022-04-29,0
2020-06-14,11,1342,2022-04-29,0
2020-06-15,8,1350,2022-04-29,0
2020-06-16,9,1359,2022-04-29,0
2020-06-17,17,1376,2022-04-29,0
2020-06-18,9,1385,2022-04-29,0
2020-06-19,8,1393,2022-04-29,0
2020-06-20,12,1405,2022-04-29,0
2020-06-21,11,1416,2022-04-29,0
2020-06-22,6,1422,2022-04-29,0
2020-06-23,10,1432,2022-04-29,0
2020-06-24,1,1433,2022-04-29,0
2020-06-25,9,1442,2022-04-29,0
2020-06-26,6,1448,2022-04-29,0
2020-06-27,5,1453,2022-04-29,0
2020-06-28,11,1464,2022-04-29,0
2020-06-29,7,1471,2022-04-29,0
2020-06-30,9,1480,2022-04-29,0
2020-07-01,2,1482,2022-04-29,0
2020-07-02,3,1485,2022-04-29,0
2020-07-03,5,1490,2022-04-29,0
2020-07-04,4,1494,2022-04-29,0
2020-07-05,6,1500,2022-04-29,0
2020-07-06,4,1504,2022-04-29,0
2020-07-07,2,1506,2022-04-29,0
2020-07-08,9,1515,2022-04-29,0
2020-07-09,4,1519,2022-04-29,0
2020-07-10,3,1522,2022-04-29,0
2020-07-11,4,1526,2022-04-29,0
2020-07-12,6,1532,2022-04-29,0
2020-07-13,2,1534,2022-04-29,0
2020-07-14,6,1540,2022-04-29,0
2020-07-15,7,1547,2022-04-29,0
2020-07-16,3,1550,2022-04-29,0
2020-07-17,7,1557,2022-04-29,0
2020-07-18,6,1563,2022-04-29,0
2020-07-19,5,1568,2022-04-29,0
2020-07-20,3,1571,2022-04-29,0
2020-07-21,6,1577,2022-04-29,0
2020-07-22,5,1582,2022-04-29,0
2020-07-23,8,1590,2022-04-29,0
2020-07-24,6,1596,2022-04-29,0
2020-07-25,2,1598,2022-04-29,0
2020-07-26,5,1603,2022-04-29,0
2020-07-27,5,1608,2022-04-29,0
2020-07-28,7,1615,2022-04-29,0
2020-07-29,3,1618,2022-04-29,0
2020-07-30,6,1624,2022-04-29,0
2020-07-31,9,1633,2022-04-29,0
2020-08-01,4,1637,2022-04-29,0
2020-08-02,7,1644,2022-04-29,0
2020-08-03,4,1648,2022-04-29,0
2020-08-04,7,1655,2022-04-29,0
2020-08-05,8,1663,2022-04-29,0
2020-08-06,9,1672,2022-04-29,0
2020-08-07,7,1679,2022-04-29,0
2020-08-08,6,1685,2022-04-29,0
2020-08-09,10,1695,2022-04-29,0
2020-08-10,3,1698,2022-04-29,0
2020-08-11,9,1707,2022-04-29,0
2020-08-12,7,1714,2022-04-29,0
2020-08-13,5,1719,2022-04-29,0
2020-08-14,9,1728,2022-04-29,0
2020-08-15,13,1741,2022-04-29,0
2020-08-16,13,1754,2022-04-29,0
2020-08-17,6,1760,2022-04-29,0
2020-08-18,11,1771,2022-04-29,0
2020-08-19,3,1774,2022-04-29,0
2020-08-20,10,1784,2022-04-29,0
2020-08-21,12,1796,2022-04-29,0
2020-08-22,9,1805,2022-04-29,0
2020-08-23,7,1812,2022-04-29,0
2020-08-24,9,1821,2022-04-29,0
2020-08-25,4,1825,2022-04-29,0
2020-08-26,3,1828,2022-04-29,0
2020-08-27,7,1835,2022-04-29,0
2020-08-28,6,1841,2022-04-29,0
2020-08-29,3,1844,2022-04-29,0
2020-08-30,5,1849,2022-04-29,0
2020-08-31,9,1858,2022-04-29,0
2020-09-01,2,1860,2022-04-29,0
2020-09-02,7,1867,2022-04-29,0
2020-09-03,12,1879,2022-04-29,0
2020-09-04,4,1883,2022-04-29,0
2020-09-05,6,1889,2022-04-29,0
2020-09-06,12,1901,2022-04-29,0
2020-09-07,3,1904,2022-04-29,0
2020-09-08,6,1910,2022-04-29,0
2020-09-09,10,1920,2022-04-29,0
2020-09-10,9,1929,2022-04-29,0
2020-09-11,11,1940,2022-04-29,0
2020-09-12,8,1948,2022-04-29,0
2020-09-13,8,1956,2022-04-29,0
2020-09-14,2,1958,2022-04-29,0
2020-09-15,7,1965,2022-04-29,0
2020-09-16,9,1974,2022-04-29,0
2020-09-17,5,1979,2022-04-29,0
2020-09-18,6,1985,2022-04-29,0
2020-09-19,4,1989,2022-04-29,0
2020-09-20,9,1998,2022-04-29,0
2020-09-21,7,2005,2022-04-29,0
2020-09-22,8,2013,2022-04-29,0
2020-09-23,9,2022,2022-04-29,0
2020-09-24,8,2030,2022-04-29,0
2020-09-25,11,2041,2022-04-29,0
2020-09-26,9,2050,2022-04-29,0
2020-09-27,14,2064,2022-04-29,0
2020-09-28,11,2075,2022-04-29,0
2020-09-29,5,2080,2022-04-29,0
2020-09-30,16,2096,2022-04-29,0
2020-10-01,7,2103,2022-04-29,0
2020-10-02,13,2116,2022-04-29,0
2020-10-03,9,2125,2022-04-29,0
2020-10-04,7,2132,2022-04-29,0
2020-10-05,10,2142,2022-04-29,0
2020-10-06,13,2155,2022-04-29,0
2020-10-07,19,2174,2022-04-29,0
2020-10-08,9,2183,2022-04-29,0
2020-10-09,17,2200,2022-04-29,0
2020-10-10,16,2216,2022-04-29,0
2020-10-11,16,2232,2022-04-29,0
2020-10-12,20,2252,2022-04-29,0
2020-10-13,14,2266,2022-04-29,0
2020-10-14,10,2276,2022-04-29,0
2020-10-15,9,2285,2022-04-29,0
2020-10-16,12,2297,2022-04-29,0
2020-10-17,18,2315,2022-04-29,0
2020-10-18,25,2340,2022-04-29,0
2020-10-19,18,2358,2022-04-29,0
2020-10-20,15,2373,2022-04-29,0
2020-10-21,24,2397,2022-04-29,0
2020-10-22,18,2415,2022-04-29,0
2020-10-23,19,2434,2022-04-29,0
2020-10-24,8,2442,2022-04-29,0
2020-10-25,17,2459,2022-04-29,0
2020-10-26,25,2484,2022-04-29,0
2020-10-27,23,2507,2022-04-29,0
2020-10-28,29,2536,2022-04-29,0
2020-10-29,18,2554,2022-04-29,0
2020-10-30,27,2581,2022-04-29,0
2020-10-31,25,2606,2022-04-29,0
2020-11-01,21,2627,2022-04-29,0
2020-11-02,25,2652,2022-04-29,0
2020-11-03,25,2677,2022-04-29,0
2020-11-04,33,2710,2022-04-29,0
2020-11-05,38,2748,2022-04-29,0
2020-11-06,39,2787,2022-04-29,0
2020-11-07,42,2829,2022-04-29,0
2020-11-08,47,2876,2022-04-29,0
2020-11-09,37,2913,2022-04-29,0
2020-11-10,35,2948,2022-04-29,0
2020-11-11,43,2991,2022-04-29,0
2020-11-12,45,3036,2022-04-29,0
2020-11-13,39,3075,2022-04-29,0
2020-11-14,48,3123,2022-04-29,0
2020-11-15,46,3169,2022-04-29,0
2020-11-16,62,3231,2022-04-29,0
2020-11-17,56,3287,2022-04-29,0
2020-11-18,61,3348,2022-04-29,0
2020-11-19,60,3408,2022-04-29,0
2020-11-20,63,3471,2022-04-29,0
2020-11-21,58,3529,2022-04-29,0
2020-11-22,67,3596,2022-04-29,0
2020-11-23,59,3655,2022-04-29,0
2020-11-24,69,3724,2022-04-29,0
2020-11-25,72,3796,2022-04-29,0
2020-11-26,54,3850,2022-04-29,0
2020-11-27,69,3919,2022-04-29,0
2020-11-28,62,3981,2022-04-29,0
2020-11-29,68,4049,2022-04-29,0
2020-11-30,62,4111,2022-04-29,0
2020-12-01,64,4175,2022-04-29,0
2020-12-02,73,4248,2022-04-29,0
2020-12-03,86,4334,2022-04-29,0
2020-12-04,67,4401,2022-04-29,0
2020-12-05,74,4475,2022-04-29,0
2020-12-06,80,4555,2022-04-29,0
2020-12-07,75,4630,2022-04-29,0
2020-12-08,61,4691,2022-04-29,0
2020-12-09,71,4762,2022-04-29,0
2020-12-10,72,4834,2022-04-29,0
2020-12-11,71,4905,2022-04-29,0
2020-12-12,72,4977,2022-04-29,0
2020-12-13,56,5033,2022-04-29,0
2020-12-14,43,5076,2022-04-29,0
2020-12-15,65,5141,2022-04-29,0
2020-12-16,74,5215,2022-04-29,0
2020-12-17,60,5275,2022-04-29,0
2020-12-18,59,5334,2022-04-29,0
2020-12-19,56,5390,2022-04-29,0
2020-12-20,61,5451,2022-04-29,0
2020-12-21,58,5509,2022-04-29,0
2020-12-22,33,5542,2022-04-29,0
2020-12-23,46,5588,2022-04-29,0
2020-12-24,51,5639,2022-04-29,0
2020-12-25,36,5675,2022-04-29,0
2020-12-26,43,5718,2022-04-29,0
2020-12-27,41,5759,2022-04-29,0
2020-12-28,34,5793,2022-04-29,0
2020-12-29,37,5830,2022-04-29,0
2020-12-30,47,5877,2022-04-29,0
2020-12-31,36,5913,2022-04-29,0
2021-01-01,28,5941,2022-04-29,0
2021-01-02,49,5990,2022-04-29,0
2021-01-03,37,6027,2022-04-29,0
2021-01-04,32,6059,2022-04-29,0
2021-01-05,40,6099,2022-04-29,0
2021-01-06,32,6131,2022-04-29,0
2021-01-07,38,6169,2022-04-29,0
2021-01-08,32,6201,2022-04-29,0
2021-01-09,26,6227,2022-04-29,0
2021-01-10,30,6257,2022-04-29,0
2021-01-11,27,6284,2022-04-29,0
2021-01-12,32,6316,2022-04-29,0
2021-01-13,23,6339,2022-04-29,0
2021-01-14,42,6381,2022-04-29,0
2021-01-15,26,6407,2022-04-29,0
2021-01-16,30,6437,2022-04-29,0
2021-01-17,21,6458,2022-04-29,0
2021-01-18,19,6477,2022-04-29,0
2021-01-19,14,6491,2022-04-29,0
2021-01-20,26,6517,2022-04-29,0
2021-01-21,16,6533,2022-04-29,0
2021-01-22,14,6547,2022-04-29,0
2021-01-23,17,6564,2022-04-29,0
2021-01-24,24,6588,2022-04-29,0
2021-01-25,19,6607,2022-04-29,0
2021-01-26,21,6628,2022-04-29,0
2021-01-27,11,6639,2022-04-29,0
2021-01-28,12,6651,2022-04-29,0
2021-01-29,15,6666,2022-04-29,0
2021-01-30,13,6679,2022-04-29,0
2021-01-31,17,6696,2022-04-29,0
2021-02-01,17,6713,2022-04-29,0
2021-02-02,10,6723,2022-04-29,0
2021-02-03,11,6734,2022-04-29,0
2021-02-04,11,6745,2022-04-29,0
2021-02-05,13,6758,2022-04-29,0
2021-02-06,12,6770,2022-04-29,0
2021-02-07,19,6789,2022-04-29,0
2021-02-08,11,6800,2022-04-29,0
2021-02-09,15,6815,2022-04-29,0
2021-02-10,14,6829,2022-04-29,0
2021-02-11,7,6836,2022-04-29,0
2021-02-12,14,6850,2022-04-29,0
2021-02-13,8,6858,2022-04-29,0
2021-02-14,10,6868,2022-04-29,0
2021-02-15,9,6877,2022-04-29,0
2021-02-16,12,6889,2022-04-29,0
2021-02-17,10,6899,2022-04-29,0
2021-02-18,7,6906,2022-04-29,0
2021-02-19,6,6912,2022-04-29,0
2021-02-20,7,6919,2022-04-29,0
2021-02-21,4,6923,2022-04-29,0
2021-02-22,5,6928,2022-04-29,0
2021-02-23,9,6937,2022-04-29,0
2021-02-24,5,6942,2022-04-29,0
2021-02-25,5,6947,2022-04-29,0
2021-02-26,7,6954,2022-04-29,0
2021-02-27,6,6960,2022-04-29,0
2021-02-28,8,6968,2022-04-29,0
2021-03-01,7,6975,2022-04-29,0
2021-03-02,3,6978,2022-04-29,0
2021-03-03,10,6988,2022-04-29,0
2021-03-04,6,6994,2022-04-29,0
2021-03-05,10,7004,2022-04-29,0
2021-03-06,5,7009,2022-04-29,0
2021-03-07,9,7018,2022-04-29,0
2021-03-08,5,7023,2022-04-29,0
2021-03-09,7,7030,2022-04-29,0
2021-03-10,5,7035,2022-04-29,0
2021-03-11,4,7039,2022-04-29,0
2021-03-12,11,7050,2022-04-29,0
2021-03-13,5,7055,2022-04-29,0
2021-03-14,5,7060,2022-04-29,0
2021-03-15,2,7062,2022-04-29,0
2021-03-16,6,7068,2022-04-29,0
2021-03-17,4,7072,2022-04-29,0
2021-03-18,5,7077,2022-04-29,0
2021-03-19,5,7082,2022-04-29,0
2021-03-20,9,7091,2022-04-29,0
2021-03-21,5,7096,2022-04-29,0
2021-03-22,4,7100,2022-04-29,0
2021-03-23,5,7105,2022-04-29,0
2021-03-24,1,7106,2022-04-29,0
2021-03-25,5,7111,2022-04-29,0
2021-03-26,3,7114,2022-04-29,0
2021-03-27,7,7121,2022-04-29,0
2021-03-28,6,7127,2022-04-29,0
2021-03-29,5,7132,2022-04-29,0
2021-03-30,6,7138,2022-04-29,0
2021-03-31,8,7146,2022-04-29,0
2021-04-01,6,7152,2022-04-29,0
2021-04-02,9,7161,2022-04-29,0
2021-04-03,8,7169,2022-04-29,0
2021-04-04,6,7175,2022-04-29,0
2021-04-05,8,7183,2022-04-29,0
2021-04-06,7,7190,2022-04-29,0
2021-04-07,6,7196,2022-04-29,0
2021-04-08,10,7206,2022-04-29,0
2021-04-09,7,7213,2022-04-29,0
2021-04-10,7,7220,2022-04-29,0
2021-04-11,8,7228,2022-04-29,0
2021-04-12,10,7238,2022-04-29,0
2021-04-13,7,7245,2022-04-29,0
2021-04-14,8,7253,2022-04-29,0
2021-04-15,14,7267,2022-04-29,0
2021-04-16,8,7275,2022-04-29,0
2021-04-17,8,7283,2022-04-29,0
2021-04-18,8,7291,2022-04-29,0
2021-04-19,10,7301,2022-04-29,0
2021-04-20,5,7306,2022-04-29,0
2021-04-21,8,7314,2022-04-29,0
2021-04-22,3,7317,2022-04-29,0
2021-04-23,15,7332,2022-04-29,0
2021-04-24,11,7343,2022-04-29,0
2021-04-25,15,7358,2022-04-29,0
2021-04-26,15,7373,2022-04-29,0
2021-04-27,7,7380,2022-04-29,0
2021-04-28,14,7394,2022-04-29,0
2021-04-29,8,7402,2022-04-29,0
2021-04-30,11,7413,2022-04-29,0
2021-05-01,7,7420,2022-04-29,0
2021-05-02,8,7428,2022-04-29,0
2021-05-03,5,7433,2022-04-29,0
2021-05-04,13,7446,2022-04-29,0
2021-05-05,9,7455,2022-04-29,0
2021-05-06,5,7460,2022-04-29,0
2021-05-07,8,7468,2022-04-29,0
2021-05-08,7,7475,2022-04-29,0
2021-05-09,9,7484,2022-04-29,0
2021-05-10,8,7492,2022-04-29,0
2021-05-11,6,7498,2022-04-29,0
2021-05-12,9,7507,2022-04-29,0
2021-05-13,9,7516,2022-04-29,0
2021-05-14,11,7527,2022-04-29,0
2021-05-15,10,7537,2022-04-29,0
2021-05-16,6,7543,2022-04-29,0
2021-05-17,6,7549,2022-04-29,0
2021-05-18,7,7556,2022-04-29,0
2021-05-19,2,7558,2022-04-29,0
2021-05-20,5,7563,2022-04-29,0
2021-05-21,7,7570,2022-04-29,0
2021-05-22,12,7582,2022-04-29,0
2021-05-23,5,7587,2022-04-29,0
2021-05-24,5,7592,2022-04-29,0
2021-05-25,6,7598,2022-04-29,0
2021-05-26,3,7601,2022-04-29,0
2021-05-27,7,7608,2022-04-29,0
2021-05-28,2,7610,2022-04-29,0
2021-05-29,6,7616,2022-04-29,0
2021-05-30,4,7620,2022-04-29,0
2021-05-31,3,7623,2022-04-29,0
2021-06-01,5,7628,2022-04-29,0
2021-06-02,8,7636,2022-04-29,0
2021-06-03,4,7640,2022-04-29,0
2021-06-04,4,7644,2022-04-29,0
2021-06-05,2,7646,2022-04-29,0
2021-06-06,5,7651,2022-04-29,0
2021-06-07,3,7654,2022-04-29,0
2021-06-08,5,7659,2022-04-29,0
2021-06-09,4,7663,2022-04-29,0
2021-06-10,6,7669,2022-04-29,0
2021-06-11,6,7675,2022-04-29,0
2021-06-12,4,7679,2022-04-29,0
2021-06-13,4,7683,2022-04-29,0
2021-06-14,3,7686,2022-04-29,0
2021-06-15,2,7688,2022-04-29,0
2021-06-16,2,7690,2022-04-29,0
2021-06-17,4,7694,2022-04-29,0
2021-06-18,2,7696,2022-04-29,0
2021-06-19,6,7702,2022-04-29,0
2021-06-20,1,7703,2022-04-29,0
2021-06-21,5,7708,2022-04-29,0
2021-06-22,3,7711,2022-04-29,0
2021-06-23,4,7715,2022-04-29,0
2021-06-24,3,7718,2022-04-29,0
2021-06-25,3,7721,2022-04-29,0
2021-06-26,4,7725,2022-04-29,0
2021-06-27,2,7727,2022-04-29,0
2021-06-28,2,7729,2022-04-29,0
2021-06-29,2,7731,2022-04-29,0
2021-06-30,2,7733,2022-04-29,0
2021-07-01,0,7733,2022-04-29,0
2021-07-02,2,7735,2022-04-29,0
2021-07-03,2,7737,2022-04-29,0
2021-07-04,3,7740,2022-04-29,0
2021-07-05,1,7741,2022-04-29,0
2021-07-06,5,7746,2022-04-29,0
2021-07-07,1,7747,2022-04-29,0
2021-07-08,1,7748,2022-04-29,0
2021-07-09,0,7748,2022-04-29,0
2021-07-10,2,7750,2022-04-29,0
2021-07-11,3,7753,2022-04-29,0
2021-07-12,1,7754,2022-04-29,0
2021-07-13,2,7756,2022-04-29,0
2021-07-14,2,7758,2022-04-29,0
2021-07-15,2,7760,2022-04-29,0
2021-07-16,1,7761,2022-04-29,0
2021-07-17,1,7762,2022-04-29,0
2021-07-18,0,7762,2022-04-29,0
2021-07-19,0,7762,2022-04-29,0
2021-07-20,2,7764,2022-04-29,0
2021-07-21,3,7767,2022-04-29,0
2021-07-22,2,7769,2022-04-29,0
2021-07-23,3,7772,2022-04-29,0
2021-07-24,0,7772,2022-04-29,0
2021-07-25,2,7774,2022-04-29,0
2021-07-26,1,7775,2022-04-29,0
2021-07-27,2,7777,2022-04-29,0
2021-07-28,3,7780,2022-04-29,0
2021-07-29,2,7782,2022-04-29,0
2021-07-30,5,7787,2022-04-29,0
2021-07-31,4,7791,2022-04-29,0
2021-08-01,1,7792,2022-04-29,0
2021-08-02,3,7795,2022-04-29,0
2021-08-03,2,7797,2022-04-29,0
2021-08-04,3,7800,2022-04-29,0
2021-08-05,2,7802,2022-04-29,0
2021-08-06,8,7810,2022-04-29,0
2021-08-07,3,7813,2022-04-29,0
2021-08-08,3,7816,2022-04-29,0
2021-08-09,3,7819,2022-04-29,0
2021-08-10,2,7821,2022-04-29,0
2021-08-11,2,7823,2022-04-29,0
2021-08-12,7,7830,2022-04-29,0
2021-08-13,5,7835,2022-04-29,0
2021-08-14,6,7841,2022-04-29,0
2021-08-15,0,7841,2022-04-29,0
2021-08-16,7,7848,2022-04-29,0
2021-08-17,7,7855,2022-04-29,0
2021-08-18,9,7864,2022-04-29,0
2021-08-19,2,7866,2022-04-29,0
2021-08-20,3,7869,2022-04-29,0
2021-08-21,5,7874,2022-04-29,0
2021-08-22,7,7881,2022-04-29,0
2021-08-23,5,7886,2022-04-29,0
2021-08-24,12,7898,2022-04-29,0
2021-08-25,7,7905,2022-04-29,0
2021-08-26,2,7907,2022-04-29,0
2021-08-27,6,7913,2022-04-29,0
2021-08-28,11,7924,2022-04-29,0
2021-08-29,11,7935,2022-04-29,0
2021-08-30,8,7943,2022-04-29,0
2021-08-31,8,7951,2022-04-29,0
2021-09-01,6,7957,2022-04-29,0
2021-09-02,6,7963,2022-04-29,0
2021-09-03,9,7972,2022-04-29,0
2021-09-04,9,7981,2022-04-29,0
2021-09-05,10,7991,2022-04-29,0
2021-09-06,8,7999,2022-04-29,0
2021-09-07,7,8006,2022-04-29,0
2021-09-08,11,8017,2022-04-29,0
2021-09-09,5,8022,2022-04-29,0
2021-09-10,9,8031,2022-04-29,0
2021-09-11,17,8048,2022-04-29,0
2021-09-12,10,8058,2022-04-29,0
2021-09-13,8,8066,2022-04-29,0
2021-09-14,11,8077,2022-04-29,0
2021-09-15,14,8091,2022-04-29,0
2021-09-16,16,8107,2022-04-29,0
2021-09-17,8,8115,2022-04-29,0
2021-09-18,15,8130,2022-04-29,0
2021-09-19,11,8141,2022-04-29,0
2021-09-20,16,8157,2022-04-29,0
2021-09-21,16,8173,2022-04-29,0
2021-09-22,17,8190,2022-04-29,0
2021-09-23,13,8203,2022-04-29,0
2021-09-24,13,8216,2022-04-29,0
2021-09-25,16,8232,2022-04-29,0
2021-09-26,15,8247,2022-04-29,0
2021-09-27,15,8262,2022-04-29,0
2021-09-28,11,8273,2022-04-29,0
2021-09-29,21,8294,2022-04-29,0
2021-09-30,17,8311,2022-04-29,0
2021-10-01,13,8324,2022-04-29,0
2021-10-02,15,8339,2022-04-29,0
2021-10-03,23,8362,2022-04-29,0
2021-10-04,15,8377,2022-04-29,0
2021-10-05,23,8400,2022-04-29,0
2021-10-06,21,8421,2022-04-29,0
2021-10-07,14,8435,2022-04-29,0
2021-10-08,22,8457,2022-04-29,0
2021-10-09,20,8477,2022-04-29,0
2021-10-10,14,8491,2022-04-29,0
2021-10-11,11,8502,2022-04-29,0
2021-10-12,25,8527,2022-04-29,0
2021-10-13,21,8548,2022-04-29,0
2021-10-14,22,8570,2022-04-29,0
2021-10-15,14,8584,2022-04-29,0
2021-10-16,20,8604,2022-04-29,0
2021-10-17,19,8623,2022-04-29,0
2021-10-18,17,8640,2022-04-29,0
2021-10-19,26,8666,2022-04-29,0
2021-10-20,17,8683,2022-04-29,0
2021-10-21,8,8691,2022-04-29,0
2021-10-22,23,8714,2022-04-29,0
2021-10-23,24,8738,2022-04-29,0
2021-10-24,25,8763,2022-04-29,0
2021-10-25,20,8783,2022-04-29,0
2021-10-26,22,8805,2022-04-29,0
2021-10-27,16,8821,2022-04-29,0
2021-10-28,24,8845,2022-04-29,0
2021-10-29,20,8865,2022-04-29,0
2021-10-30,20,8885,2022-04-29,0
2021-10-31,27,8912,2022-04-29,0
2021-11-01,18,8930,2022-04-29,0
2021-11-02,18,8948,2022-04-29,0
2021-11-03,28,8976,2022-04-29,0
2021-11-04,30,9006,2022-04-29,0
2021-11-05,29,9035,2022-04-29,0
2021-11-06,16,9051,2022-04-29,0
2021-11-07,24,9075,2022-04-29,0
2021-11-08,28,9103,2022-04-29,0
2021-11-09,17,9120,2022-04-29,0
2021-11-10,18,9138,2022-04-29,0
2021-11-11,28,9166,2022-04-29,0
2021-11-12,29,9195,2022-04-29,0
2021-11-13,31,9226,2022-04-29,0
2021-11-14,24,9250,2022-04-29,0
2021-11-15,28,9278,2022-04-29,0
2021-11-16,25,9303,2022-04-29,0
2021-11-17,37,9340,2022-04-29,0
2021-11-18,38,9378,2022-04-29,0
2021-11-19,34,9412,2022-04-29,0
2021-11-20,30,9442,2022-04-29,0
2021-11-21,32,9474,2022-04-29,0
2021-11-22,30,9504,2022-04-29,0
2021-11-23,32,9536,2022-04-29,0
2021-11-24,25,9561,2022-04-29,0
2021-11-25,35,9596,2022-04-29,0
2021-11-26,51,9647,2022-04-29,0
2021-11-27,36,9683,2022-04-29,0
2021-11-28,39,9722,2022-04-29,0
2021-11-29,29,9751,2022-04-29,0
2021-11-30,30,9781,2022-04-29,0
2021-12-01,47,9828,2022-04-29,0
2021-12-02,40,9868,2022-04-29,0
2021-12-03,31,9899,2022-04-29,0
2021-12-04,42,9941,2022-04-29,0
2021-12-05,36,9977,2022-04-29,0
2021-12-06,36,10013,2022-04-29,0
2021-12-07,36,10049,2022-04-29,0
2021-12-08,39,10088,2022-04-29,0
2021-12-09,47,10135,2022-04-29,0
2021-12-10,34,10169,2022-04-29,0
2021-12-11,27,10196,2022-04-29,0
2021-12-12,37,10233,2022-04-29,0
2021-12-13,34,10267,2022-04-29,0
2021-12-14,35,10302,2022-04-29,0
2021-12-15,42,10344,2022-04-29,0
2021-12-16,33,10377,2022-04-29,0
2021-12-17,41,10418,2022-04-29,0
2021-12-18,33,10451,2022-04-29,0
2021-12-19,31,10482,2022-04-29,0
2021-12-20,33,10515,2022-04-29,0
2021-12-21,28,10543,2022-04-29,0
2021-12-22,29,10572,2022-04-29,0
2021-12-23,28,10600,2022-04-29,0
2021-12-24,31,10631,2022-04-29,0
2021-12-25,28,10659,2022-04-29,0
2021-12-26,42,10701,2022-04-29,0
2021-12-27,32,10733,2022-04-29,0
2021-12-28,35,10768,2022-04-29,0
2021-12-29,32,10800,2022-04-29,0
2021-12-30,21,10821,2022-04-29,0
2021-12-31,40,10861,2022-04-29,0
2022-01-01,27,10888,2022-04-29,0
2022-01-02,23,10911,2022-04-29,0
2022-01-03,23,10934,2022-04-29,0
2022-01-04,30,10964,2022-04-29,0
2022-01-05,32,10996,2022-04-29,0
2022-01-06,32,11028,2022-04-29,0
2022-01-07,28,11056,2022-04-29,0
2022-01-08,43,11099,2022-04-29,0
2022-01-09,20,11119,2022-04-29,0
2022-01-10,31,11150,2022-04-29,0
2022-01-11,20,11170,2022-04-29,0
2022-01-12,21,11191,2022-04-29,0
2022-01-13,28,11219,2022-04-29,0
2022-01-14,33,11252,2022-04-29,0
2022-01-15,27,11279,2022-04-29,0
2022-01-16,34,11313,2022-04-29,0
2022-01-17,36,11349,2022-04-29,0
2022-01-18,26,11375,2022-04-29,0
2022-01-19,29,11404,2022-04-29,0
2022-01-20,31,11435,2022-04-29,0
2022-01-21,27,11462,2022-04-29,0
2022-01-22,29,11491,2022-04-29,0
2022-01-23,24,11515,2022-04-29,0
2022-01-24,38,11553,2022-04-29,0
2022-01-25,33,11586,2022-04-29,0
2022-01-26,35,11621,2022-04-29,0
2022-01-27,37,11658,2022-04-29,0
2022-01-28,31,11689,2022-04-29,0
2022-01-29,31,11720,2022-04-29,0
2022-01-30,27,11747,2022-04-29,0
2022-01-31,18,11765,2022-04-29,0
2022-02-01,25,11790,2022-04-29,0
2022-02-02,23,11813,2022-04-29,0
2022-02-03,30,11843,2022-04-29,0
2022-02-04,22,11865,2022-04-29,0
2022-02-05,28,11893,2022-04-29,0
2022-02-06,29,11922,2022-04-29,0
2022-02-07,20,11942,2022-04-29,0
2022-02-08,27,11969,2022-04-29,0
2022-02-09,25,11994,2022-04-29,0
2022-02-10,22,12016,2022-04-29,0
2022-02-11,19,12035,2022-04-29,0
2022-02-12,16,12051,2022-04-29,0
2022-02-13,19,12070,2022-04-29,0
2022-02-14,18,12088,2022-04-29,0
2022-02-15,21,12109,2022-04-29,0
2022-02-16,14,12123,2022-04-29,0
2022-02-17,16,12139,2022-04-29,0
2022-02-18,17,12156,2022-04-29,0
2022-02-19,21,12177,2022-04-29,0
2022-02-20,15,12192,2022-04-29,0
2022-02-21,7,12199,2022-04-29,0
2022-02-22,15,12214,2022-04-29,0
2022-02-23,9,12223,2022-04-29,0
2022-02-24,28,12251,2022-04-29,0
2022-02-25,9,12260,2022-04-29,0
2022-02-26,10,12270,2022-04-29,0
2022-02-27,11,12281,2022-04-29,0
2022-02-28,7,12288,2022-04-29,0
2022-03-01,8,12296,2022-04-29,0
2022-03-02,9,12305,2022-04-29,0
2022-03-03,6,12311,2022-04-29,0
2022-03-04,11,12322,2022-04-29,0
2022-03-05,6,12328,2022-04-29,0
2022-03-06,10,12338,2022-04-29,0
2022-03-07,4,12342,2022-04-29,0
2022-03-08,5,12347,2022-04-29,0
2022-03-09,11,12358,2022-04-29,0
2022-03-10,9,12367,2022-04-29,0
2022-03-11,8,12375,2022-04-29,0
2022-03-12,0,12375,2022-04-29,0
2022-03-13,5,12380,2022-04-29,0
2022-03-14,4,12384,2022-04-29,0
2022-03-15,4,12388,2022-04-29,0
2022-03-16,0,12388,2022-04-29,0
2022-03-17,7,12395,2022-04-29,0
2022-03-18,2,12397,2022-04-29,0
2022-03-19,3,12400,2022-04-29,0
2022-03-20,9,12409,2022-04-29,0
2022-03-21,2,12411,2022-04-29,0
2022-03-22,3,12414,2022-04-29,0
2022-03-23,6,12420,2022-04-29,0
2022-03-24,4,12424,2022-04-29,0
2022-03-25,6,12430,2022-04-29,0
2022-03-26,3,12433,2022-04-29,0
2022-03-27,2,12435,2022-04-29,0
2022-03-28,4,12439,2022-04-29,0
2022-03-29,2,12441,2022-04-29,0
2022-03-30,2,12443,2022-04-29,0
2022-03-31,6,12449,2022-04-29,0
2022-04-01,2,12451,2022-04-29,0
2022-04-02,3,12454,2022-04-29,0
2022-04-03,3,12457,2022-04-29,0
2022-04-04,2,12459,2022-04-29,0
2022-04-05,4,12463,2022-04-29,0
2022-04-06,4,12467,2022-04-29,0
2022-04-07,3,12470,2022-04-29,0
2022-04-08,2,12472,2022-04-29,0
2022-04-09,4,12476,2022-04-29,0
2022-04-10,3,12479,2022-04-29,0
2022-04-11,1,12480,2022-04-29,0
2022-04-12,2,12482,2022-04-29,0
2022-04-13,1,12483,2022-04-29,0
2022-04-14,3,12486,2022-04-29,0
2022-04-15,3,12489,2022-04-29,0
2022-04-16,1,12490,2022-04-29,0
2022-04-17,3,12493,2022-04-29,0
2022-04-18,3,12496,2022-04-29,0
2022-04-19,2,12498,2022-04-29,0
2022-04-20,0,12498,2022-04-29,-2
2022-04-21,2,12500,2022-04-29,1
2022-04-22,0,12500,2022-04-29,-1
2022-04-23,1,12501,2022-04-29,0
2022-04-24,2,12503,2022-04-29,2
2022-04-25,3,12506,2022-04-29,3
2022-04-26,2,12508,2022-04-29,2
NA,0,12508,2022-04-29,0
2020-03-19,1,1,2022-05-02,0
2020-03-20,0,1,2022-05-02,0
2020-03-21,0,1,2022-05-02,0
2020-03-22,0,1,2022-05-02,0
2020-03-23,0,1,2022-05-02,0
2020-03-24,1,2,2022-05-02,0
2020-03-25,1,3,2022-05-02,0
2020-03-26,1,4,2022-05-02,0
2020-03-27,5,9,2022-05-02,0
2020-03-28,3,12,2022-05-02,0
2020-03-29,0,12,2022-05-02,0
2020-03-30,5,17,2022-05-02,0
2020-03-31,2,19,2022-05-02,0
2020-04-01,5,24,2022-05-02,0
2020-04-02,3,27,2022-05-02,0
2020-04-03,1,28,2022-05-02,0
2020-04-04,5,33,2022-05-02,0
2020-04-05,5,38,2022-05-02,0
2020-04-06,10,48,2022-05-02,0
2020-04-07,6,54,2022-05-02,0
2020-04-08,7,61,2022-05-02,0
2020-04-09,8,69,2022-05-02,0
2020-04-10,6,75,2022-05-02,0
2020-04-11,4,79,2022-05-02,0
2020-04-12,4,83,2022-05-02,0
2020-04-13,10,93,2022-05-02,0
2020-04-14,6,99,2022-05-02,0
2020-04-15,17,116,2022-05-02,0
2020-04-16,10,126,2022-05-02,0
2020-04-17,17,143,2022-05-02,0
2020-04-18,17,160,2022-05-02,0
2020-04-19,16,176,2022-05-02,0
2020-04-20,21,197,2022-05-02,0
2020-04-21,26,223,2022-05-02,0
2020-04-22,21,244,2022-05-02,0
2020-04-23,19,263,2022-05-02,0
2020-04-24,23,286,2022-05-02,0
2020-04-25,18,304,2022-05-02,0
2020-04-26,17,321,2022-05-02,0
2020-04-27,21,342,2022-05-02,0
2020-04-28,16,358,2022-05-02,0
2020-04-29,29,387,2022-05-02,0
2020-04-30,18,405,2022-05-02,0
2020-05-01,30,435,2022-05-02,0
2020-05-02,19,454,2022-05-02,0
2020-05-03,29,483,2022-05-02,0
2020-05-04,23,506,2022-05-02,0
2020-05-05,19,525,2022-05-02,0
2020-05-06,25,550,2022-05-02,0
2020-05-07,30,580,2022-05-02,0
2020-05-08,20,600,2022-05-02,0
2020-05-09,26,626,2022-05-02,0
2020-05-10,19,645,2022-05-02,0
2020-05-11,25,670,2022-05-02,0
2020-05-12,20,690,2022-05-02,0
2020-05-13,22,712,2022-05-02,0
2020-05-14,20,732,2022-05-02,0
2020-05-15,20,752,2022-05-02,0
2020-05-16,20,772,2022-05-02,0
2020-05-17,23,795,2022-05-02,0
2020-05-18,18,813,2022-05-02,0
2020-05-19,35,848,2022-05-02,0
2020-05-20,24,872,2022-05-02,0
2020-05-21,17,889,2022-05-02,0
2020-05-22,20,909,2022-05-02,0
2020-05-23,26,935,2022-05-02,0
2020-05-24,25,960,2022-05-02,0
2020-05-25,30,990,2022-05-02,0
2020-05-26,29,1019,2022-05-02,0
2020-05-27,25,1044,2022-05-02,0
2020-05-28,21,1065,2022-05-02,0
2020-05-29,17,1082,2022-05-02,0
2020-05-30,11,1093,2022-05-02,0
2020-05-31,20,1113,2022-05-02,0
2020-06-01,23,1136,2022-05-02,0
2020-06-02,21,1157,2022-05-02,0
2020-06-03,25,1182,2022-05-02,0
2020-06-04,26,1208,2022-05-02,0
2020-06-05,18,1226,2022-05-02,0
2020-06-06,12,1238,2022-05-02,0
2020-06-07,22,1260,2022-05-02,0
2020-06-08,12,1272,2022-05-02,0
2020-06-09,13,1285,2022-05-02,0
2020-06-10,10,1295,2022-05-02,0
2020-06-11,12,1307,2022-05-02,0
2020-06-12,11,1318,2022-05-02,0
2020-06-13,13,1331,2022-05-02,0
2020-06-14,11,1342,2022-05-02,0
2020-06-15,8,1350,2022-05-02,0
2020-06-16,9,1359,2022-05-02,0
2020-06-17,17,1376,2022-05-02,0
2020-06-18,9,1385,2022-05-02,0
2020-06-19,8,1393,2022-05-02,0
2020-06-20,12,1405,2022-05-02,0
2020-06-21,11,1416,2022-05-02,0
2020-06-22,6,1422,2022-05-02,0
2020-06-23,10,1432,2022-05-02,0
2020-06-24,1,1433,2022-05-02,0
2020-06-25,9,1442,2022-05-02,0
2020-06-26,6,1448,2022-05-02,0
2020-06-27,5,1453,2022-05-02,0
2020-06-28,11,1464,2022-05-02,0
2020-06-29,7,1471,2022-05-02,0
2020-06-30,9,1480,2022-05-02,0
2020-07-01,2,1482,2022-05-02,0
2020-07-02,3,1485,2022-05-02,0
2020-07-03,5,1490,2022-05-02,0
2020-07-04,4,1494,2022-05-02,0
2020-07-05,6,1500,2022-05-02,0
2020-07-06,4,1504,2022-05-02,0
2020-07-07,2,1506,2022-05-02,0
2020-07-08,9,1515,2022-05-02,0
2020-07-09,4,1519,2022-05-02,0
2020-07-10,3,1522,2022-05-02,0
2020-07-11,4,1526,2022-05-02,0
2020-07-12,6,1532,2022-05-02,0
2020-07-13,2,1534,2022-05-02,0
2020-07-14,6,1540,2022-05-02,0
2020-07-15,7,1547,2022-05-02,0
2020-07-16,3,1550,2022-05-02,0
2020-07-17,7,1557,2022-05-02,0
2020-07-18,6,1563,2022-05-02,0
2020-07-19,5,1568,2022-05-02,0
2020-07-20,3,1571,2022-05-02,0
2020-07-21,6,1577,2022-05-02,0
2020-07-22,5,1582,2022-05-02,0
2020-07-23,8,1590,2022-05-02,0
2020-07-24,6,1596,2022-05-02,0
2020-07-25,2,1598,2022-05-02,0
2020-07-26,5,1603,2022-05-02,0
2020-07-27,5,1608,2022-05-02,0
2020-07-28,7,1615,2022-05-02,0
2020-07-29,3,1618,2022-05-02,0
2020-07-30,6,1624,2022-05-02,0
2020-07-31,9,1633,2022-05-02,0
2020-08-01,4,1637,2022-05-02,0
2020-08-02,7,1644,2022-05-02,0
2020-08-03,4,1648,2022-05-02,0
2020-08-04,7,1655,2022-05-02,0
2020-08-05,8,1663,2022-05-02,0
2020-08-06,9,1672,2022-05-02,0
2020-08-07,7,1679,2022-05-02,0
2020-08-08,6,1685,2022-05-02,0
2020-08-09,10,1695,2022-05-02,0
2020-08-10,3,1698,2022-05-02,0
2020-08-11,9,1707,2022-05-02,0
2020-08-12,7,1714,2022-05-02,0
2020-08-13,5,1719,2022-05-02,0
2020-08-14,9,1728,2022-05-02,0
2020-08-15,13,1741,2022-05-02,0
2020-08-16,13,1754,2022-05-02,0
2020-08-17,6,1760,2022-05-02,0
2020-08-18,11,1771,2022-05-02,0
2020-08-19,3,1774,2022-05-02,0
2020-08-20,10,1784,2022-05-02,0
2020-08-21,12,1796,2022-05-02,0
2020-08-22,9,1805,2022-05-02,0
2020-08-23,7,1812,2022-05-02,0
2020-08-24,9,1821,2022-05-02,0
2020-08-25,4,1825,2022-05-02,0
2020-08-26,3,1828,2022-05-02,0
2020-08-27,7,1835,2022-05-02,0
2020-08-28,6,1841,2022-05-02,0
2020-08-29,3,1844,2022-05-02,0
2020-08-30,5,1849,2022-05-02,0
2020-08-31,9,1858,2022-05-02,0
2020-09-01,2,1860,2022-05-02,0
2020-09-02,7,1867,2022-05-02,0
2020-09-03,12,1879,2022-05-02,0
2020-09-04,4,1883,2022-05-02,0
2020-09-05,6,1889,2022-05-02,0
2020-09-06,12,1901,2022-05-02,0
2020-09-07,3,1904,2022-05-02,0
2020-09-08,6,1910,2022-05-02,0
2020-09-09,10,1920,2022-05-02,0
2020-09-10,9,1929,2022-05-02,0
2020-09-11,11,1940,2022-05-02,0
2020-09-12,8,1948,2022-05-02,0
2020-09-13,8,1956,2022-05-02,0
2020-09-14,2,1958,2022-05-02,0
2020-09-15,7,1965,2022-05-02,0
2020-09-16,9,1974,2022-05-02,0
2020-09-17,5,1979,2022-05-02,0
2020-09-18,6,1985,2022-05-02,0
2020-09-19,4,1989,2022-05-02,0
2020-09-20,9,1998,2022-05-02,0
2020-09-21,7,2005,2022-05-02,0
2020-09-22,8,2013,2022-05-02,0
2020-09-23,9,2022,2022-05-02,0
2020-09-24,8,2030,2022-05-02,0
2020-09-25,11,2041,2022-05-02,0
2020-09-26,9,2050,2022-05-02,0
2020-09-27,14,2064,2022-05-02,0
2020-09-28,11,2075,2022-05-02,0
2020-09-29,5,2080,2022-05-02,0
2020-09-30,16,2096,2022-05-02,0
2020-10-01,7,2103,2022-05-02,0
2020-10-02,13,2116,2022-05-02,0
2020-10-03,9,2125,2022-05-02,0
2020-10-04,7,2132,2022-05-02,0
2020-10-05,10,2142,2022-05-02,0
2020-10-06,13,2155,2022-05-02,0
2020-10-07,19,2174,2022-05-02,0
2020-10-08,9,2183,2022-05-02,0
2020-10-09,17,2200,2022-05-02,0
2020-10-10,16,2216,2022-05-02,0
2020-10-11,16,2232,2022-05-02,0
2020-10-12,20,2252,2022-05-02,0
2020-10-13,14,2266,2022-05-02,0
2020-10-14,10,2276,2022-05-02,0
2020-10-15,9,2285,2022-05-02,0
2020-10-16,12,2297,2022-05-02,0
2020-10-17,18,2315,2022-05-02,0
2020-10-18,25,2340,2022-05-02,0
2020-10-19,18,2358,2022-05-02,0
2020-10-20,15,2373,2022-05-02,0
2020-10-21,24,2397,2022-05-02,0
2020-10-22,18,2415,2022-05-02,0
2020-10-23,19,2434,2022-05-02,0
2020-10-24,8,2442,2022-05-02,0
2020-10-25,17,2459,2022-05-02,0
2020-10-26,25,2484,2022-05-02,0
2020-10-27,23,2507,2022-05-02,0
2020-10-28,29,2536,2022-05-02,0
2020-10-29,18,2554,2022-05-02,0
2020-10-30,27,2581,2022-05-02,0
2020-10-31,25,2606,2022-05-02,0
2020-11-01,21,2627,2022-05-02,0
2020-11-02,25,2652,2022-05-02,0
2020-11-03,25,2677,2022-05-02,0
2020-11-04,33,2710,2022-05-02,0
2020-11-05,38,2748,2022-05-02,0
2020-11-06,39,2787,2022-05-02,0
2020-11-07,42,2829,2022-05-02,0
2020-11-08,47,2876,2022-05-02,0
2020-11-09,37,2913,2022-05-02,0
2020-11-10,35,2948,2022-05-02,0
2020-11-11,43,2991,2022-05-02,0
2020-11-12,45,3036,2022-05-02,0
2020-11-13,39,3075,2022-05-02,0
2020-11-14,48,3123,2022-05-02,0
2020-11-15,46,3169,2022-05-02,0
2020-11-16,62,3231,2022-05-02,0
2020-11-17,56,3287,2022-05-02,0
2020-11-18,61,3348,2022-05-02,0
2020-11-19,60,3408,2022-05-02,0
2020-11-20,63,3471,2022-05-02,0
2020-11-21,58,3529,2022-05-02,0
2020-11-22,67,3596,2022-05-02,0
2020-11-23,59,3655,2022-05-02,0
2020-11-24,69,3724,2022-05-02,0
2020-11-25,72,3796,2022-05-02,0
2020-11-26,54,3850,2022-05-02,0
2020-11-27,69,3919,2022-05-02,0
2020-11-28,62,3981,2022-05-02,0
2020-11-29,68,4049,2022-05-02,0
2020-11-30,62,4111,2022-05-02,0
2020-12-01,64,4175,2022-05-02,0
2020-12-02,73,4248,2022-05-02,0
2020-12-03,86,4334,2022-05-02,0
2020-12-04,67,4401,2022-05-02,0
2020-12-05,74,4475,2022-05-02,0
2020-12-06,80,4555,2022-05-02,0
2020-12-07,75,4630,2022-05-02,0
2020-12-08,61,4691,2022-05-02,0
2020-12-09,71,4762,2022-05-02,0
2020-12-10,72,4834,2022-05-02,0
2020-12-11,71,4905,2022-05-02,0
2020-12-12,72,4977,2022-05-02,0
2020-12-13,56,5033,2022-05-02,0
2020-12-14,43,5076,2022-05-02,0
2020-12-15,65,5141,2022-05-02,0
2020-12-16,74,5215,2022-05-02,0
2020-12-17,60,5275,2022-05-02,0
2020-12-18,59,5334,2022-05-02,0
2020-12-19,56,5390,2022-05-02,0
2020-12-20,61,5451,2022-05-02,0
2020-12-21,58,5509,2022-05-02,0
2020-12-22,33,5542,2022-05-02,0
2020-12-23,46,5588,2022-05-02,0
2020-12-24,51,5639,2022-05-02,0
2020-12-25,36,5675,2022-05-02,0
2020-12-26,43,5718,2022-05-02,0
2020-12-27,41,5759,2022-05-02,0
2020-12-28,34,5793,2022-05-02,0
2020-12-29,37,5830,2022-05-02,0
2020-12-30,47,5877,2022-05-02,0
2020-12-31,36,5913,2022-05-02,0
2021-01-01,28,5941,2022-05-02,0
2021-01-02,49,5990,2022-05-02,0
2021-01-03,37,6027,2022-05-02,0
2021-01-04,32,6059,2022-05-02,0
2021-01-05,40,6099,2022-05-02,0
2021-01-06,32,6131,2022-05-02,0
2021-01-07,38,6169,2022-05-02,0
2021-01-08,32,6201,2022-05-02,0
2021-01-09,26,6227,2022-05-02,0
2021-01-10,30,6257,2022-05-02,0
2021-01-11,27,6284,2022-05-02,0
2021-01-12,32,6316,2022-05-02,0
2021-01-13,23,6339,2022-05-02,0
2021-01-14,42,6381,2022-05-02,0
2021-01-15,26,6407,2022-05-02,0
2021-01-16,30,6437,2022-05-02,0
2021-01-17,21,6458,2022-05-02,0
2021-01-18,19,6477,2022-05-02,0
2021-01-19,14,6491,2022-05-02,0
2021-01-20,26,6517,2022-05-02,0
2021-01-21,16,6533,2022-05-02,0
2021-01-22,14,6547,2022-05-02,0
2021-01-23,17,6564,2022-05-02,0
2021-01-24,24,6588,2022-05-02,0
2021-01-25,19,6607,2022-05-02,0
2021-01-26,21,6628,2022-05-02,0
2021-01-27,11,6639,2022-05-02,0
2021-01-28,12,6651,2022-05-02,0
2021-01-29,15,6666,2022-05-02,0
2021-01-30,13,6679,2022-05-02,0
2021-01-31,17,6696,2022-05-02,0
2021-02-01,17,6713,2022-05-02,0
2021-02-02,10,6723,2022-05-02,0
2021-02-03,11,6734,2022-05-02,0
2021-02-04,11,6745,2022-05-02,0
2021-02-05,13,6758,2022-05-02,0
2021-02-06,12,6770,2022-05-02,0
2021-02-07,19,6789,2022-05-02,0
2021-02-08,11,6800,2022-05-02,0
2021-02-09,15,6815,2022-05-02,0
2021-02-10,14,6829,2022-05-02,0
2021-02-11,7,6836,2022-05-02,0
2021-02-12,14,6850,2022-05-02,0
2021-02-13,8,6858,2022-05-02,0
2021-02-14,10,6868,2022-05-02,0
2021-02-15,9,6877,2022-05-02,0
2021-02-16,12,6889,2022-05-02,0
2021-02-17,10,6899,2022-05-02,0
2021-02-18,7,6906,2022-05-02,0
2021-02-19,6,6912,2022-05-02,0
2021-02-20,7,6919,2022-05-02,0
2021-02-21,4,6923,2022-05-02,0
2021-02-22,5,6928,2022-05-02,0
2021-02-23,9,6937,2022-05-02,0
2021-02-24,5,6942,2022-05-02,0
2021-02-25,5,6947,2022-05-02,0
2021-02-26,7,6954,2022-05-02,0
2021-02-27,6,6960,2022-05-02,0
2021-02-28,8,6968,2022-05-02,0
2021-03-01,7,6975,2022-05-02,0
2021-03-02,3,6978,2022-05-02,0
2021-03-03,10,6988,2022-05-02,0
2021-03-04,6,6994,2022-05-02,0
2021-03-05,10,7004,2022-05-02,0
2021-03-06,5,7009,2022-05-02,0
2021-03-07,9,7018,2022-05-02,0
2021-03-08,5,7023,2022-05-02,0
2021-03-09,7,7030,2022-05-02,0
2021-03-10,5,7035,2022-05-02,0
2021-03-11,4,7039,2022-05-02,0
2021-03-12,11,7050,2022-05-02,0
2021-03-13,5,7055,2022-05-02,0
2021-03-14,5,7060,2022-05-02,0
2021-03-15,2,7062,2022-05-02,0
2021-03-16,6,7068,2022-05-02,0
2021-03-17,4,7072,2022-05-02,0
2021-03-18,5,7077,2022-05-02,0
2021-03-19,5,7082,2022-05-02,0
2021-03-20,9,7091,2022-05-02,0
2021-03-21,5,7096,2022-05-02,0
2021-03-22,4,7100,2022-05-02,0
2021-03-23,5,7105,2022-05-02,0
2021-03-24,1,7106,2022-05-02,0
2021-03-25,5,7111,2022-05-02,0
2021-03-26,3,7114,2022-05-02,0
2021-03-27,7,7121,2022-05-02,0
2021-03-28,6,7127,2022-05-02,0
2021-03-29,5,7132,2022-05-02,0
2021-03-30,6,7138,2022-05-02,0
2021-03-31,8,7146,2022-05-02,0
2021-04-01,6,7152,2022-05-02,0
2021-04-02,9,7161,2022-05-02,0
2021-04-03,8,7169,2022-05-02,0
2021-04-04,6,7175,2022-05-02,0
2021-04-05,8,7183,2022-05-02,0
2021-04-06,7,7190,2022-05-02,0
2021-04-07,6,7196,2022-05-02,0
2021-04-08,10,7206,2022-05-02,0
2021-04-09,7,7213,2022-05-02,0
2021-04-10,7,7220,2022-05-02,0
2021-04-11,8,7228,2022-05-02,0
2021-04-12,10,7238,2022-05-02,0
2021-04-13,7,7245,2022-05-02,0
2021-04-14,8,7253,2022-05-02,0
2021-04-15,14,7267,2022-05-02,0
2021-04-16,8,7275,2022-05-02,0
2021-04-17,8,7283,2022-05-02,0
2021-04-18,8,7291,2022-05-02,0
2021-04-19,10,7301,2022-05-02,0
2021-04-20,5,7306,2022-05-02,0
2021-04-21,8,7314,2022-05-02,0
2021-04-22,3,7317,2022-05-02,0
2021-04-23,15,7332,2022-05-02,0
2021-04-24,11,7343,2022-05-02,0
2021-04-25,15,7358,2022-05-02,0
2021-04-26,15,7373,2022-05-02,0
2021-04-27,7,7380,2022-05-02,0
2021-04-28,14,7394,2022-05-02,0
2021-04-29,8,7402,2022-05-02,0
2021-04-30,11,7413,2022-05-02,0
2021-05-01,7,7420,2022-05-02,0
2021-05-02,8,7428,2022-05-02,0
2021-05-03,5,7433,2022-05-02,0
2021-05-04,13,7446,2022-05-02,0
2021-05-05,9,7455,2022-05-02,0
2021-05-06,5,7460,2022-05-02,0
2021-05-07,8,7468,2022-05-02,0
2021-05-08,7,7475,2022-05-02,0
2021-05-09,9,7484,2022-05-02,0
2021-05-10,8,7492,2022-05-02,0
2021-05-11,6,7498,2022-05-02,0
2021-05-12,9,7507,2022-05-02,0
2021-05-13,9,7516,2022-05-02,0
2021-05-14,11,7527,2022-05-02,0
2021-05-15,10,7537,2022-05-02,0
2021-05-16,6,7543,2022-05-02,0
2021-05-17,6,7549,2022-05-02,0
2021-05-18,7,7556,2022-05-02,0
2021-05-19,2,7558,2022-05-02,0
2021-05-20,5,7563,2022-05-02,0
2021-05-21,7,7570,2022-05-02,0
2021-05-22,12,7582,2022-05-02,0
2021-05-23,5,7587,2022-05-02,0
2021-05-24,5,7592,2022-05-02,0
2021-05-25,6,7598,2022-05-02,0
2021-05-26,3,7601,2022-05-02,0
2021-05-27,7,7608,2022-05-02,0
2021-05-28,2,7610,2022-05-02,0
2021-05-29,6,7616,2022-05-02,0
2021-05-30,4,7620,2022-05-02,0
2021-05-31,3,7623,2022-05-02,0
2021-06-01,5,7628,2022-05-02,0
2021-06-02,8,7636,2022-05-02,0
2021-06-03,4,7640,2022-05-02,0
2021-06-04,4,7644,2022-05-02,0
2021-06-05,2,7646,2022-05-02,0
2021-06-06,5,7651,2022-05-02,0
2021-06-07,3,7654,2022-05-02,0
2021-06-08,5,7659,2022-05-02,0
2021-06-09,4,7663,2022-05-02,0
2021-06-10,6,7669,2022-05-02,0
2021-06-11,6,7675,2022-05-02,0
2021-06-12,4,7679,2022-05-02,0
2021-06-13,4,7683,2022-05-02,0
2021-06-14,3,7686,2022-05-02,0
2021-06-15,2,7688,2022-05-02,0
2021-06-16,2,7690,2022-05-02,0
2021-06-17,4,7694,2022-05-02,0
2021-06-18,2,7696,2022-05-02,0
2021-06-19,6,7702,2022-05-02,0
2021-06-20,1,7703,2022-05-02,0
2021-06-21,5,7708,2022-05-02,0
2021-06-22,3,7711,2022-05-02,0
2021-06-23,4,7715,2022-05-02,0
2021-06-24,3,7718,2022-05-02,0
2021-06-25,3,7721,2022-05-02,0
2021-06-26,4,7725,2022-05-02,0
2021-06-27,2,7727,2022-05-02,0
2021-06-28,2,7729,2022-05-02,0
2021-06-29,2,7731,2022-05-02,0
2021-06-30,2,7733,2022-05-02,0
2021-07-01,0,7733,2022-05-02,0
2021-07-02,2,7735,2022-05-02,0
2021-07-03,2,7737,2022-05-02,0
2021-07-04,3,7740,2022-05-02,0
2021-07-05,1,7741,2022-05-02,0
2021-07-06,5,7746,2022-05-02,0
2021-07-07,1,7747,2022-05-02,0
2021-07-08,1,7748,2022-05-02,0
2021-07-09,0,7748,2022-05-02,0
2021-07-10,2,7750,2022-05-02,0
2021-07-11,3,7753,2022-05-02,0
2021-07-12,1,7754,2022-05-02,0
2021-07-13,2,7756,2022-05-02,0
2021-07-14,2,7758,2022-05-02,0
2021-07-15,2,7760,2022-05-02,0
2021-07-16,1,7761,2022-05-02,0
2021-07-17,1,7762,2022-05-02,0
2021-07-18,0,7762,2022-05-02,0
2021-07-19,0,7762,2022-05-02,0
2021-07-20,2,7764,2022-05-02,0
2021-07-21,3,7767,2022-05-02,0
2021-07-22,2,7769,2022-05-02,0
2021-07-23,3,7772,2022-05-02,0
2021-07-24,0,7772,2022-05-02,0
2021-07-25,2,7774,2022-05-02,0
2021-07-26,1,7775,2022-05-02,0
2021-07-27,2,7777,2022-05-02,0
2021-07-28,3,7780,2022-05-02,0
2021-07-29,2,7782,2022-05-02,0
2021-07-30,5,7787,2022-05-02,0
2021-07-31,4,7791,2022-05-02,0
2021-08-01,1,7792,2022-05-02,0
2021-08-02,3,7795,2022-05-02,0
2021-08-03,2,7797,2022-05-02,0
2021-08-04,3,7800,2022-05-02,0
2021-08-05,2,7802,2022-05-02,0
2021-08-06,8,7810,2022-05-02,0
2021-08-07,3,7813,2022-05-02,0
2021-08-08,3,7816,2022-05-02,0
2021-08-09,3,7819,2022-05-02,0
2021-08-10,2,7821,2022-05-02,0
2021-08-11,2,7823,2022-05-02,0
2021-08-12,7,7830,2022-05-02,0
2021-08-13,5,7835,2022-05-02,0
2021-08-14,6,7841,2022-05-02,0
2021-08-15,0,7841,2022-05-02,0
2021-08-16,7,7848,2022-05-02,0
2021-08-17,7,7855,2022-05-02,0
2021-08-18,9,7864,2022-05-02,0
2021-08-19,2,7866,2022-05-02,0
2021-08-20,3,7869,2022-05-02,0
2021-08-21,5,7874,2022-05-02,0
2021-08-22,7,7881,2022-05-02,0
2021-08-23,5,7886,2022-05-02,0
2021-08-24,12,7898,2022-05-02,0
2021-08-25,7,7905,2022-05-02,0
2021-08-26,2,7907,2022-05-02,0
2021-08-27,6,7913,2022-05-02,0
2021-08-28,11,7924,2022-05-02,0
2021-08-29,11,7935,2022-05-02,0
2021-08-30,8,7943,2022-05-02,0
2021-08-31,8,7951,2022-05-02,0
2021-09-01,6,7957,2022-05-02,0
2021-09-02,6,7963,2022-05-02,0
2021-09-03,9,7972,2022-05-02,0
2021-09-04,9,7981,2022-05-02,0
2021-09-05,10,7991,2022-05-02,0
2021-09-06,8,7999,2022-05-02,0
2021-09-07,7,8006,2022-05-02,0
2021-09-08,11,8017,2022-05-02,0
2021-09-09,5,8022,2022-05-02,0
2021-09-10,9,8031,2022-05-02,0
2021-09-11,17,8048,2022-05-02,0
2021-09-12,10,8058,2022-05-02,0
2021-09-13,8,8066,2022-05-02,0
2021-09-14,11,8077,2022-05-02,0
2021-09-15,14,8091,2022-05-02,0
2021-09-16,16,8107,2022-05-02,0
2021-09-17,8,8115,2022-05-02,0
2021-09-18,15,8130,2022-05-02,0
2021-09-19,11,8141,2022-05-02,0
2021-09-20,16,8157,2022-05-02,0
2021-09-21,16,8173,2022-05-02,0
2021-09-22,17,8190,2022-05-02,0
2021-09-23,13,8203,2022-05-02,0
2021-09-24,13,8216,2022-05-02,0
2021-09-25,16,8232,2022-05-02,0
2021-09-26,15,8247,2022-05-02,0
2021-09-27,15,8262,2022-05-02,0
2021-09-28,11,8273,2022-05-02,0
2021-09-29,21,8294,2022-05-02,0
2021-09-30,17,8311,2022-05-02,0
2021-10-01,13,8324,2022-05-02,0
2021-10-02,15,8339,2022-05-02,0
2021-10-03,23,8362,2022-05-02,0
2021-10-04,15,8377,2022-05-02,0
2021-10-05,23,8400,2022-05-02,0
2021-10-06,21,8421,2022-05-02,0
2021-10-07,14,8435,2022-05-02,0
2021-10-08,22,8457,2022-05-02,0
2021-10-09,20,8477,2022-05-02,0
2021-10-10,14,8491,2022-05-02,0
2021-10-11,11,8502,2022-05-02,0
2021-10-12,25,8527,2022-05-02,0
2021-10-13,21,8548,2022-05-02,0
2021-10-14,22,8570,2022-05-02,0
2021-10-15,14,8584,2022-05-02,0
2021-10-16,20,8604,2022-05-02,0
2021-10-17,19,8623,2022-05-02,0
2021-10-18,17,8640,2022-05-02,0
2021-10-19,26,8666,2022-05-02,0
2021-10-20,17,8683,2022-05-02,0
2021-10-21,8,8691,2022-05-02,0
2021-10-22,23,8714,2022-05-02,0
2021-10-23,24,8738,2022-05-02,0
2021-10-24,25,8763,2022-05-02,0
2021-10-25,20,8783,2022-05-02,0
2021-10-26,22,8805,2022-05-02,0
2021-10-27,16,8821,2022-05-02,0
2021-10-28,24,8845,2022-05-02,0
2021-10-29,20,8865,2022-05-02,0
2021-10-30,20,8885,2022-05-02,0
2021-10-31,27,8912,2022-05-02,0
2021-11-01,18,8930,2022-05-02,0
2021-11-02,18,8948,2022-05-02,0
2021-11-03,28,8976,2022-05-02,0
2021-11-04,30,9006,2022-05-02,0
2021-11-05,29,9035,2022-05-02,0
2021-11-06,16,9051,2022-05-02,0
2021-11-07,24,9075,2022-05-02,0
2021-11-08,28,9103,2022-05-02,0
2021-11-09,17,9120,2022-05-02,0
2021-11-10,18,9138,2022-05-02,0
2021-11-11,28,9166,2022-05-02,0
2021-11-12,29,9195,2022-05-02,0
2021-11-13,31,9226,2022-05-02,0
2021-11-14,24,9250,2022-05-02,0
2021-11-15,28,9278,2022-05-02,0
2021-11-16,25,9303,2022-05-02,0
2021-11-17,37,9340,2022-05-02,0
2021-11-18,38,9378,2022-05-02,0
2021-11-19,34,9412,2022-05-02,0
2021-11-20,30,9442,2022-05-02,0
2021-11-21,32,9474,2022-05-02,0
2021-11-22,30,9504,2022-05-02,0
2021-11-23,32,9536,2022-05-02,0
2021-11-24,25,9561,2022-05-02,0
2021-11-25,35,9596,2022-05-02,0
2021-11-26,51,9647,2022-05-02,0
2021-11-27,36,9683,2022-05-02,0
2021-11-28,39,9722,2022-05-02,0
2021-11-29,29,9751,2022-05-02,0
2021-11-30,30,9781,2022-05-02,0
2021-12-01,47,9828,2022-05-02,0
2021-12-02,40,9868,2022-05-02,0
2021-12-03,31,9899,2022-05-02,0
2021-12-04,42,9941,2022-05-02,0
2021-12-05,36,9977,2022-05-02,0
2021-12-06,36,10013,2022-05-02,0
2021-12-07,36,10049,2022-05-02,0
2021-12-08,39,10088,2022-05-02,0
2021-12-09,47,10135,2022-05-02,0
2021-12-10,34,10169,2022-05-02,0
2021-12-11,27,10196,2022-05-02,0
2021-12-12,37,10233,2022-05-02,0
2021-12-13,34,10267,2022-05-02,0
2021-12-14,35,10302,2022-05-02,0
2021-12-15,42,10344,2022-05-02,0
2021-12-16,33,10377,2022-05-02,0
2021-12-17,41,10418,2022-05-02,0
2021-12-18,33,10451,2022-05-02,0
2021-12-19,31,10482,2022-05-02,0
2021-12-20,33,10515,2022-05-02,0
2021-12-21,28,10543,2022-05-02,0
2021-12-22,29,10572,2022-05-02,0
2021-12-23,28,10600,2022-05-02,0
2021-12-24,31,10631,2022-05-02,0
2021-12-25,28,10659,2022-05-02,0
2021-12-26,42,10701,2022-05-02,0
2021-12-27,32,10733,2022-05-02,0
2021-12-28,35,10768,2022-05-02,0
2021-12-29,32,10800,2022-05-02,0
2021-12-30,21,10821,2022-05-02,0
2021-12-31,40,10861,2022-05-02,0
2022-01-01,27,10888,2022-05-02,0
2022-01-02,23,10911,2022-05-02,0
2022-01-03,23,10934,2022-05-02,0
2022-01-04,30,10964,2022-05-02,0
2022-01-05,32,10996,2022-05-02,0
2022-01-06,32,11028,2022-05-02,0
2022-01-07,28,11056,2022-05-02,0
2022-01-08,43,11099,2022-05-02,0
2022-01-09,20,11119,2022-05-02,0
2022-01-10,31,11150,2022-05-02,0
2022-01-11,20,11170,2022-05-02,0
2022-01-12,21,11191,2022-05-02,0
2022-01-13,28,11219,2022-05-02,0
2022-01-14,33,11252,2022-05-02,0
2022-01-15,27,11279,2022-05-02,0
2022-01-16,34,11313,2022-05-02,0
2022-01-17,36,11349,2022-05-02,0
2022-01-18,26,11375,2022-05-02,0
2022-01-19,29,11404,2022-05-02,0
2022-01-20,31,11435,2022-05-02,0
2022-01-21,27,11462,2022-05-02,0
2022-01-22,29,11491,2022-05-02,0
2022-01-23,24,11515,2022-05-02,0
2022-01-24,38,11553,2022-05-02,0
2022-01-25,33,11586,2022-05-02,0
2022-01-26,35,11621,2022-05-02,0
2022-01-27,37,11658,2022-05-02,0
2022-01-28,31,11689,2022-05-02,0
2022-01-29,31,11720,2022-05-02,0
2022-01-30,27,11747,2022-05-02,0
2022-01-31,18,11765,2022-05-02,0
2022-02-01,25,11790,2022-05-02,0
2022-02-02,23,11813,2022-05-02,0
2022-02-03,30,11843,2022-05-02,0
2022-02-04,22,11865,2022-05-02,0
2022-02-05,28,11893,2022-05-02,0
2022-02-06,29,11922,2022-05-02,0
2022-02-07,20,11942,2022-05-02,0
2022-02-08,27,11969,2022-05-02,0
2022-02-09,25,11994,2022-05-02,0
2022-02-10,22,12016,2022-05-02,0
2022-02-11,19,12035,2022-05-02,0
2022-02-12,16,12051,2022-05-02,0
2022-02-13,19,12070,2022-05-02,0
2022-02-14,18,12088,2022-05-02,0
2022-02-15,21,12109,2022-05-02,0
2022-02-16,14,12123,2022-05-02,0
2022-02-17,16,12139,2022-05-02,0
2022-02-18,17,12156,2022-05-02,0
2022-02-19,21,12177,2022-05-02,0
2022-02-20,15,12192,2022-05-02,0
2022-02-21,7,12199,2022-05-02,0
2022-02-22,15,12214,2022-05-02,0
2022-02-23,9,12223,2022-05-02,0
2022-02-24,28,12251,2022-05-02,0
2022-02-25,9,12260,2022-05-02,0
2022-02-26,10,12270,2022-05-02,0
2022-02-27,11,12281,2022-05-02,0
2022-02-28,7,12288,2022-05-02,0
2022-03-01,8,12296,2022-05-02,0
2022-03-02,9,12305,2022-05-02,0
2022-03-03,6,12311,2022-05-02,0
2022-03-04,11,12322,2022-05-02,0
2022-03-05,6,12328,2022-05-02,0
2022-03-06,10,12338,2022-05-02,0
2022-03-07,4,12342,2022-05-02,0
2022-03-08,5,12347,2022-05-02,0
2022-03-09,11,12358,2022-05-02,0
2022-03-10,9,12367,2022-05-02,0
2022-03-11,8,12375,2022-05-02,0
2022-03-12,0,12375,2022-05-02,0
2022-03-13,5,12380,2022-05-02,0
2022-03-14,4,12384,2022-05-02,0
2022-03-15,4,12388,2022-05-02,0
2022-03-16,0,12388,2022-05-02,0
2022-03-17,7,12395,2022-05-02,0
2022-03-18,2,12397,2022-05-02,0
2022-03-19,3,12400,2022-05-02,0
2022-03-20,9,12409,2022-05-02,0
2022-03-21,2,12411,2022-05-02,0
2022-03-22,3,12414,2022-05-02,0
2022-03-23,6,12420,2022-05-02,0
2022-03-24,4,12424,2022-05-02,0
2022-03-25,6,12430,2022-05-02,0
2022-03-26,3,12433,2022-05-02,0
2022-03-27,2,12435,2022-05-02,0
2022-03-28,4,12439,2022-05-02,0
2022-03-29,2,12441,2022-05-02,0
2022-03-30,2,12443,2022-05-02,0
2022-03-31,6,12449,2022-05-02,0
2022-04-01,2,12451,2022-05-02,0
2022-04-02,3,12454,2022-05-02,0
2022-04-03,3,12457,2022-05-02,0
2022-04-04,2,12459,2022-05-02,0
2022-04-05,4,12463,2022-05-02,0
2022-04-06,4,12467,2022-05-02,0
2022-04-07,3,12470,2022-05-02,0
2022-04-08,2,12472,2022-05-02,0
2022-04-09,4,12476,2022-05-02,0
2022-04-10,3,12479,2022-05-02,0
2022-04-11,2,12481,2022-05-02,1
2022-04-12,2,12483,2022-05-02,0
2022-04-13,1,12484,2022-05-02,0
2022-04-14,3,12487,2022-05-02,0
2022-04-15,3,12490,2022-05-02,0
2022-04-16,1,12491,2022-05-02,0
2022-04-17,3,12494,2022-05-02,0
2022-04-18,3,12497,2022-05-02,0
2022-04-19,2,12499,2022-05-02,0
2022-04-20,0,12499,2022-05-02,0
2022-04-21,2,12501,2022-05-02,0
2022-04-22,0,12501,2022-05-02,0
2022-04-23,2,12503,2022-05-02,1
2022-04-24,2,12505,2022-05-02,0
2022-04-25,4,12509,2022-05-02,1
2022-04-26,2,12511,2022-05-02,0
NA,0,12511,2022-05-02,0
